07/06/2016	04:34:35	  	L	00000000	 10	 23	 19	 76	  0	  1	  0	  5	  5	  5	  5	  5	  5	  5	  5	  0	  0	  0	  0	  0	  0	  0	  0	  0	  0	  0	  0	  0	  0	  0	  0	  0	  0	  0	  0	  0	  0	  0	  0	 23	 19	 76	 22	  0	 82	  0	  0	  0	  0	  0	  0	  0	  0	  0	  0	  0	  5	5906	  1
07/06/2016	04:39:35	<-	L	00000000	 10	 24	 17	 65	  0	  6	  0	  4	  4	  4	  4	  4	  4	  4	  4	  0	  0	  0	  0	  0	  0	  0	  0	  0	  0	  0	  0	  0	  0	  0	  0	  0	  0	  0	  0	  0	  0	  0	  0	 24	 17	 60	 21	  0	 76	  0	  0	  0	  0	  0	  0	  0	  0	  0	  0	  0	  5	5906	  1
07/06/2016	04:44:35	<-	L	00000000	 10	 27	 19	 56	  0	 11	  0	  4	  4	  4	  4	  4	  4	  4	  4	  0	  0	  0	  0	  0	  0	  0	  0	  0	  0	  0	  0	  0	  0	  0	  0	  0	  0	  0	  0	  0	  0	  0	  0	 27	 19	 56	 23	  0	 76	  0	  0	  0	  0	  0	  0	  0	  0	  0	  0	  0	  5	6163	  1
07/06/2016	04:49:35	<-	L	00000000	 10	 23	 19	 76	  0	 16	  0	  4	  4	  4	  4	  4	  4	  4	  4	  0	  0	  0	  0	  0	  0	  0	  0	  0	  0	  0	  0	  0	  0	  0	  0	  0	  0	  0	  0	  0	  0	  0	  0	 23	 19	 76	 21	  0	 88	  0	  0	  0	  0	  0	  0	  0	  0	  0	  0	  0	  5	6420	  1
07/06/2016	04:54:35	<-	L	00000000	 10	 26	 20	 65	  0	 21	  0	  4	  4	  4	  4	  4	  4	  4	  4	  0	  0	  0	  0	  0	  0	  0	  0	  0	  0	  0	  0	  0	  0	  0	  0	  0	  0	  0	  0	  0	  0	  0	  0	 26	 20	 65	 24	  0	 76	  0	  0	  0	  0	  0	  0	  0	  0	  0	  0	  0	  5	6420	  1
07/06/2016	04:59:35	<-	L	00000000	 10	 29	 22	 56	  0	 26	  0	  4	  4	  4	  4	  4	  4	  4	  4	  0	  0	  0	  0	  0	  0	  0	  0	  0	  0	  0	  0	  0	  0	  0	  0	  0	  0	  0	  0	  0	  0	  0	  0	 29	 22	 61	 26	  0	 76	  0	  0	  0	  0	  0	  0	  0	  0	  0	  0	  0	  5	6677	  1
07/06/2016	05:04:35	<-	L	00000000	 10	 26	 21	 76	  0	 31	  0	  4	  4	  4	  4	  4	  4	  4	  4	  0	  0	  0	  0	  0	  0	  0	  0	  0	  0	  0	  0	  0	  0	  0	  0	  0	  0	  0	  0	  0	  0	  0	  0	 26	 21	 73	 23	  0	 88	  0	  0	  0	  0	  0	  0	  0	  0	  0	  0	  0	  5	6934	  1
07/06/2016	05:09:35	<-	L	00000000	 10	 28	 22	 66	  0	 36	  0	  4	  4	  4	  4	  4	  4	  4	  4	  0	  0	  0	  0	  0	  0	  0	  0	  0	  0	  0	  0	  0	  0	  0	  0	  0	  0	  0	  0	  0	  0	  0	  0	 28	 22	 66	 26	  0	 76	  0	  0	  0	  0	  0	  0	  0	  0	  0	  0	  0	  5	6934	  1
07/06/2016	05:14:35	<-	L	00000000	 10	 31	 23	 57	  0	 41	  0	  4	  4	  4	  4	  4	  4	  4	  4	  0	  0	  0	  0	  0	  0	  0	  0	  0	  0	  0	  0	  0	  0	  0	  0	  0	  0	  0	  0	  0	  0	  0	  0	 31	 23	 57	 28	  0	 74	  0	  0	  0	  0	  0	  0	  0	  0	  0	  0	  0	  5	7191	  1
07/06/2016	05:19:35	<-	L	00000000	 10	 28	 23	 74	  0	 46	  0	  4	  4	  4	  4	  4	  4	  4	  4	  0	  0	  0	  0	  0	  0	  0	  0	  0	  0	  0	  0	  0	  0	  0	  0	  0	  0	  0	  0	  0	  0	  0	  0	 28	 23	 74	 26	  0	 82	  0	  0	  0	  0	  0	  0	  0	  0	  0	  0	  0	  5	7448	  1
07/06/2016	05:24:35	<-	L	00000000	 10	 30	 24	 66	  0	 51	  0	  4	  4	  4	  4	  4	  4	  4	  4	  0	  0	  0	  0	  0	  0	  0	  0	  0	  0	  0	  0	  0	  0	  0	  0	  0	  0	  0	  0	  0	  0	  0	  0	 30	 24	 66	 28	  0	 77	  0	  0	  0	  0	  0	  0	  0	  0	  0	  0	  0	  5	7448	  1
07/06/2016	05:29:35	<-	L	00000000	 10	 34	 25	 54	  0	 56	  0	  4	  4	  4	  4	  4	  4	  4	  4	  0	  0	  0	  0	  0	  0	  0	  0	  0	  0	  0	  0	  0	  0	  0	  0	  0	  0	  0	  0	  0	  0	  0	  0	 34	 25	 54	 30	  0	 74	  0	  0	  0	  0	  0	  0	  0	  0	  0	  0	  0	  5	7705	  1
07/06/2016	05:34:35	<-	L	00000000	 10	 30	 25	 74	  0	 61	  0	  4	  4	  4	  4	  4	  4	  4	  4	  0	  0	  0	  0	  0	  0	  0	  0	  0	  0	  0	  0	  0	  0	  0	  0	  0	  0	  0	  0	  0	  0	  0	  0	 30	 25	 74	 28	  0	 83	  0	  0	  0	  0	  0	  0	  0	  0	  0	  0	  0	  5	7962	  1
07/06/2016	05:39:35	<-	L	00000000	 10	 32	 26	 62	  0	 66	  0	  4	  4	  4	  4	  4	  4	  4	  4	  0	  0	  0	  0	  0	  0	  0	  0	  0	  0	  0	  0	  0	  0	  0	  0	  0	  0	  0	  0	  0	  0	  0	  0	 32	 26	 67	 30	  0	 77	  0	  0	  0	  0	  0	  0	  0	  0	  0	  0	  0	  5	7962	  1
07/06/2016	05:44:35	<-	L	00000000	 10	 36	 27	 51	  0	 71	  0	  4	  4	  4	  4	  4	  4	  4	  4	  0	  0	  0	  0	  0	  0	  0	  0	  0	  0	  0	  0	  0	  0	  0	  0	  0	  0	  0	  0	  0	  0	  0	  0	 36	 27	 55	 33	  0	 67	  0	  0	  0	  0	  0	  0	  0	  0	  0	  0	  0	  5	8219	  1
07/06/2016	05:49:35	<-	L	00000000	 10	 32	 26	 67	  0	 76	  0	  4	  4	  4	  4	  4	  4	  4	  4	  0	  0	  0	  0	  0	  0	  0	  0	  0	  0	  0	  0	  0	  0	  0	  0	  0	  0	  0	  0	  0	  0	  0	  0	 32	 26	 67	 30	  0	 77	  0	  0	  0	  0	  0	  0	  0	  0	  0	  0	  0	  5	8476	  1
07/06/2016	05:54:35	<-	L	00000000	 10	 35	 28	 62	  0	 81	  0	  4	  4	  4	  4	  4	  4	  4	  4	  0	  0	  0	  0	  0	  0	  0	  0	  0	  0	  0	  0	  0	  0	  0	  0	  0	  0	  0	  0	  0	  0	  0	  0	 35	 28	 62	 32	  0	 77	  0	  0	  0	  0	  0	  0	  0	  0	  0	  0	  0	  5	8476	  1
07/06/2016	05:59:35	<-	L	00000000	 10	 41	 29	 45	  0	 86	  0	  4	  4	  4	  4	  4	  4	  4	  4	  0	  0	  0	  0	  0	  0	  0	  0	  0	  0	  0	  0	  0	  0	  0	  0	  0	  0	  0	  0	  0	  0	  0	  0	 41	 29	 45	 36	  0	 63	  0	  0	  0	  0	  0	  0	  0	  0	  0	  0	  0	  5	8733	  1
07/06/2016	06:04:35	<-	L	00000000	 10	 35	 28	 62	  0	 91	  0	  4	  4	  4	  4	  4	  4	  4	  4	  0	  0	  0	  0	  0	  0	  0	  0	  0	  0	  0	  0	  0	  0	  0	  0	  0	  0	  0	  0	  0	  0	  0	  0	 35	 28	 62	 32	  0	 77	  0	  0	  0	  0	  0	  0	  0	  0	  0	  0	  0	  5	8990	  1
07/06/2016	06:09:35	<-	L	00000000	 10	 38	 30	 59	  0	 96	  0	  4	  4	  4	  4	  4	  4	  4	  4	  0	  0	  0	  0	  0	  0	  0	  0	  0	  0	  0	  0	  0	  0	  0	  0	  0	  0	  0	  0	  0	  0	  0	  0	 38	 30	 59	 35	  0	 75	  0	  0	  0	  0	  0	  0	  0	  0	  0	  0	  0	  5	8990	  1
07/06/2016	06:14:35	<-	L	00000000	 10	 40	 30	 55	  0	101	  0	  4	  4	  4	  4	  4	  4	  4	  4	  0	  0	  0	  0	  0	  0	  0	  0	  0	  0	  0	  0	  0	  0	  0	  0	  0	  0	  0	  0	  0	  0	  0	  0	 40	 30	 52	 35	  0	 75	  0	  0	  0	  0	  0	  0	  0	  0	  0	  0	  0	  5	9247	  1
07/06/2016	06:19:35	<-	L	00000000	 10	 37	 30	 63	  0	106	  0	  4	  4	  4	  4	  4	  4	  4	  4	  0	  0	  0	  0	  0	  0	  0	  0	  0	  0	  0	  0	  0	  0	  0	  0	  0	  0	  0	  0	  0	  0	  0	  0	 37	 30	 63	 34	  0	 77	  0	  0	  0	  0	  0	  0	  0	  0	  0	  0	  0	  5	9247	  1
07/06/2016	06:24:35	<-	L	00000000	 10	 41	 31	 56	  0	111	  0	  4	  4	  4	  4	  4	  4	  4	  4	  0	  0	  0	  0	  0	  0	  0	  0	  0	  0	  0	  0	  0	  0	  0	  0	  0	  0	  0	  0	  0	  0	  0	  0	 41	 31	 52	 37	  0	 68	  0	  0	  0	  0	  0	  0	  0	  0	  0	  0	  0	  5	9504	  1
07/06/2016	06:29:35	<-	L	00000000	 10	 43	 32	 52	  0	116	  0	  4	  4	  4	  4	  4	  4	  4	  4	  0	  0	  0	  0	  0	  0	  0	  0	  0	  0	  0	  0	  0	  0	  0	  0	  0	  0	  0	  0	  0	  0	  0	  0	 43	 32	 49	 38	  0	 68	  0	  0	  0	  0	  0	  0	  0	  0	  0	  0	  0	  5	9761	  1
07/06/2016	06:34:35	<-	L	00000000	 10	 39	 32	 63	  0	121	  0	  4	  4	  4	  4	  4	  4	  4	  4	  0	  0	  0	  0	  0	  0	  0	  0	  0	  0	  0	  0	  0	  0	  0	  0	  0	  0	  0	  0	  0	  0	  0	  0	 39	 32	 63	 36	  0	 78	  0	  0	  0	  0	  0	  0	  0	  0	  0	  0	  0	  5	9761	  1
07/06/2016	06:39:35	->	L	00000000	 10	 46	 31	 33	  0	126	  0	  4	  4	  4	  4	  4	  4	  4	  4	  0	  0	  0	  0	  0	  0	  0	  0	  0	  0	  0	  0	  0	  0	  0	  0	  0	  0	  0	  0	  0	  0	  0	  0	 39	 31	 59	 46	  0	 37	  0	  0	  0	  0	  0	  0	  0	  0	  0	  0	  0	  5	10018	  1
07/06/2016	06:44:35	->	L	00000000	 10	 38	 31	 63	  0	131	  0	  4	  4	  4	  4	  4	  4	  4	  4	  0	  0	  0	  0	  0	  0	  0	  0	  0	  0	  0	  0	  0	  0	  0	  0	  0	  0	  0	  0	  0	  0	  0	  0	 36	 31	 75	 38	  0	 63	  0	  0	  0	  0	  0	  0	  0	  0	  0	  0	  0	  5	10275	  1
07/06/2016	06:49:35	->	L	00000000	 10	 46	 34	 47	  0	136	  0	  4	  4	  4	  4	  4	  4	  4	  4	  0	  0	  0	  0	  0	  0	  0	  0	  0	  0	  0	  0	  0	  0	  0	  0	  0	  0	  0	  0	  0	  0	  0	  0	 40	 34	 68	 46	  0	 47	  0	  0	  0	  0	  0	  0	  0	  0	  0	  0	  0	  5	10275	  1
07/06/2016	06:54:36	->	L	00000000	 10	 39	 32	 68	  0	141	  0	  4	  4	  4	  4	  4	  4	  4	  4	  0	  0	  0	  0	  0	  0	  0	  0	  0	  0	  0	  0	  0	  0	  0	  0	  0	  0	  0	  0	  0	  0	  0	  0	 37	 32	 75	 39	  0	 63	  0	  0	  0	  0	  0	  0	  0	  0	  0	  0	  0	  5	10532	  1
07/06/2016	06:59:36	->	L	00000000	 10	 43	 34	 53	  0	146	  0	  4	  4	  4	  4	  4	  4	  4	  4	  0	  0	  0	  0	  0	  0	  0	  0	  0	  0	  0	  0	  0	  0	  0	  0	  0	  0	  0	  0	  0	  0	  0	  0	 38	 34	 78	 43	  0	 56	  0	  0	  0	  0	  0	  0	  0	  0	  0	  0	  0	  5	10789	  1
07/06/2016	07:04:36	->	L	00000000	 10	 49	 34	 38	  0	151	  0	  4	  4	  4	  4	  4	  4	  4	  4	  0	  0	  0	  0	  0	  0	  0	  0	  0	  0	  0	  0	  0	  0	  0	  0	  0	  0	  0	  0	  0	  0	  0	  0	 40	 34	 68	 49	  0	 38	  0	  0	  0	  0	  0	  0	  0	  0	  0	  0	  0	  5	10789	  1
07/06/2016	07:09:36	->	L	00000000	 10	 44	 34	 56	  0	156	  0	  4	  4	  4	  4	  4	  4	  4	  4	  0	  0	  0	  0	  0	  0	  0	  0	  0	  0	  0	  0	  0	  0	  0	  0	  0	  0	  0	  0	  0	  0	  0	  0	 38	 34	 78	 44	  0	 53	  0	  0	  0	  0	  0	  0	  0	  0	  0	  0	  0	  5	11046	  1
07/06/2016	07:14:36	->	L	00000000	 10	 43	 34	 53	  0	161	  0	  4	  4	  4	  4	  4	  4	  4	  4	  0	  0	  0	  0	  0	  0	  0	  0	  0	  0	  0	  0	  0	  0	  0	  0	  0	  0	  0	  0	  0	  0	  0	  0	 38	 34	 78	 43	  0	 56	  0	  0	  0	  0	  0	  0	  0	  0	  0	  0	  0	  5	11303	  1
07/06/2016	07:19:36	->	L	00000000	 10	 45	 35	 53	  0	166	  0	  4	  4	  4	  4	  4	  4	  4	  4	  0	  0	  0	  0	  0	  0	  0	  0	  0	  0	  0	  0	  0	  0	  0	  0	  0	  0	  0	  0	  0	  0	  0	  0	 40	 35	 75	 45	  0	 53	  0	  0	  0	  0	  0	  0	  0	  0	  0	  0	  0	  5	11303	  1
07/06/2016	07:24:36	->	L	00000000	 10	 47	 35	 47	  0	171	  0	  4	  4	  4	  4	  4	  4	  4	  4	  0	  0	  0	  0	  0	  0	  0	  0	  0	  0	  0	  0	  0	  0	  0	  0	  0	  0	  0	  0	  0	  0	  0	  0	 41	 35	 68	 47	  0	 47	  0	  0	  0	  0	  0	  0	  0	  0	  0	  0	  0	  5	11560	  1
07/06/2016	07:29:36	->	L	00000000	 10	 49	 36	 41	  0	176	  0	  4	  4	  4	  4	  4	  4	  4	  4	  0	  0	  0	  0	  0	  0	  0	  0	  0	  0	  0	  0	  0	  0	  0	  0	  0	  0	  0	  0	  0	  0	  0	  0	 42	 36	 69	 49	  0	 43	  0	  0	  0	  0	  0	  0	  0	  0	  0	  0	  0	  5	11817	  1
07/06/2016	07:34:36	->	L	00000000	 10	 52	 36	 33	  0	181	  0	  4	  4	  4	  4	  4	  4	  4	  4	  0	  0	  0	  0	  0	  0	  0	  0	  0	  0	  0	  0	  0	  0	  0	  0	  0	  0	  0	  0	  0	  0	  0	  0	 43	 36	 64	 52	  0	 36	  0	  0	  0	  0	  0	  0	  0	  0	  0	  0	  0	  5	11817	  1
07/06/2016	07:39:36	->	L	00000000	 10	 54	 37	 31	  0	186	  0	  4	  4	  4	  4	  4	  4	  4	  4	  0	  0	  0	  0	  0	  0	  0	  0	  0	  0	  0	  0	  0	  0	  0	  0	  0	  0	  0	  0	  0	  0	  0	  0	 43	 37	 69	 54	  0	 33	  0	  0	  0	  0	  0	  0	  0	  0	  0	  0	  0	  5	12074	  1
07/06/2016	07:44:36	->	L	00000000	 10	 53	 37	 39	  0	191	  0	  4	  4	  4	  4	  4	  4	  4	  4	  0	  0	  0	  0	  0	  0	  0	  0	  0	  0	  0	  0	  0	  0	  0	  0	  0	  0	  0	  0	  0	  0	  0	  0	 43	 37	 69	 53	  0	 36	  0	  0	  0	  0	  0	  0	  0	  0	  0	  0	  0	  5	12331	  1
07/06/2016	07:49:36	->	L	00000000	 10	 47	 37	 54	  0	196	  0	  4	  4	  4	  4	  4	  4	  4	  4	  0	  0	  0	  0	  0	  0	  0	  0	  0	  0	  0	  0	  0	  0	  0	  0	  0	  0	  0	  0	  0	  0	  0	  0	 42	 37	 76	 47	  0	 54	  0	  0	  0	  0	  0	  0	  0	  0	  0	  0	  0	  5	12331	  1
07/06/2016	07:54:36	->	L	00000000	 10	 49	 37	 50	  0	201	  0	  4	  4	  4	  4	  4	  4	  4	  4	  0	  0	  0	  0	  0	  0	  0	  0	  0	  0	  0	  0	  0	  0	  0	  0	  0	  0	  0	  0	  0	  0	  0	  0	 43	 37	 69	 49	  0	 47	  0	  0	  0	  0	  0	  0	  0	  0	  0	  0	  0	  5	12588	  1
07/06/2016	07:59:36	->	L	00000000	 10	 51	 38	 48	  0	206	  0	  4	  4	  4	  4	  4	  4	  4	  4	  0	  0	  0	  0	  0	  0	  0	  0	  0	  0	  0	  0	  0	  0	  0	  0	  0	  0	  0	  0	  0	  0	  0	  0	 44	 38	 69	 51	  0	 44	  0	  0	  0	  0	  0	  0	  0	  0	  0	  0	  0	  5	12845	  1
07/06/2016	08:04:35	->	L	00000000	 10	 51	 38	 48	  0	211	  0	  4	  4	  4	  4	  4	  4	  4	  4	  0	  0	  0	  0	  0	  0	  0	  0	  0	  0	  0	  0	  0	  0	  0	  0	  0	  0	  0	  0	  0	  0	  0	  0	 44	 38	 69	 51	  0	 44	  0	  0	  0	  0	  0	  0	  0	  0	  0	  0	  0	  5	12845	  1
07/06/2016	08:09:35	->	L	00000000	 10	 52	 38	 44	  0	216	  0	  4	  4	  4	  4	  4	  4	  4	  4	  0	  0	  0	  0	  0	  0	  0	  0	  0	  0	  0	  0	  0	  0	  0	  0	  0	  0	  0	  0	  0	  0	  0	  0	 45	 38	 65	 52	  0	 42	  0	  0	  0	  0	  0	  0	  0	  0	  0	  0	  0	  5	13102	  1
07/06/2016	08:14:35	->	L	00000000	 10	 57	 39	 37	  0	221	  0	  4	  4	  4	  4	  4	  4	  4	  4	  0	  0	  0	  0	  0	  0	  0	  0	  0	  0	  0	  0	  0	  0	  0	  0	  0	  0	  0	  0	  0	  0	  0	  0	 46	 39	 65	 57	  0	 33	  0	  0	  0	  0	  0	  0	  0	  0	  0	  0	  0	  5	13359	  1
07/06/2016	08:19:35	->	L	00000000	 10	 58	 39	 34	  0	226	  0	  4	  4	  4	  4	  4	  4	  4	  4	  0	  0	  0	  0	  0	  0	  0	  0	  0	  0	  0	  0	  0	  0	  0	  0	  0	  0	  0	  0	  0	  0	  0	  0	 47	 39	 61	 58	  0	 30	  0	  0	  0	  0	  0	  0	  0	  0	  0	  0	  0	  5	13359	  1
07/06/2016	08:24:35	->	L	00000000	 10	 59	 40	 31	  0	231	  0	  4	  4	  4	  4	  4	  4	  4	  4	  0	  0	  0	  0	  0	  0	  0	  0	  0	  0	  0	  0	  0	  0	  0	  0	  0	  0	  0	  0	  0	  0	  0	  0	 48	 40	 62	 59	  0	 31	  0	  0	  0	  0	  0	  0	  0	  0	  0	  0	  0	  5	13616	  1
07/06/2016	08:29:35	->	L	00000000	 10	 61	 40	 25	  0	236	  0	  4	  4	  4	  4	  4	  4	  4	  4	  0	  0	  0	  0	  0	  0	  0	  0	  0	  0	  0	  0	  0	  0	  0	  0	  0	  0	  0	  0	  0	  0	  0	  0	 49	 40	 58	 61	  0	 25	  0	  0	  0	  0	  0	  0	  0	  0	  0	  0	  0	  5	13873	  1
07/06/2016	08:34:35	->	L	00000000	 10	 60	 40	 29	  0	241	  0	  4	  4	  4	  4	  4	  4	  4	  4	  0	  0	  0	  0	  0	  0	  0	  0	  0	  0	  0	  0	  0	  0	  0	  0	  0	  0	  0	  0	  0	  0	  0	  0	 49	 40	 58	 60	  0	 29	  0	  0	  0	  0	  0	  0	  0	  0	  0	  0	  0	  5	13873	  1
07/06/2016	08:39:35	<-	L	00000000	 10	 56	 42	 45	  0	246	  0	  4	  4	  4	  4	  4	  4	  4	  4	  0	  0	  0	  0	  0	  0	  0	  0	  0	  0	  0	  0	  0	  0	  0	  0	  0	  0	  0	  0	  0	  0	  0	  0	 56	 42	 43	 51	  0	 59	  0	  0	  0	  0	  0	  0	  0	  0	  0	  0	  0	  5	14130	  1
07/06/2016	08:44:35	<-	L	00000000	 10	 55	 42	 49	  0	251	  0	  4	  4	  4	  4	  4	  4	  4	  4	  0	  0	  0	  0	  0	  0	  0	  0	  0	  0	  0	  0	  0	  0	  0	  0	  0	  0	  0	  0	  0	  0	  0	  0	 55	 42	 45	 49	  0	 66	  0	  0	  0	  0	  0	  0	  0	  0	  0	  0	  0	  5	14387	  1
07/06/2016	08:49:35	<-	L	00000000	 10	 60	 43	 38	  0	256	  0	  4	  4	  4	  4	  4	  4	  4	  4	  0	  0	  0	  0	  0	  0	  0	  0	  0	  0	  0	  0	  0	  0	  0	  0	  0	  0	  0	  0	  0	  0	  0	  0	 60	 43	 36	 51	  0	 62	  0	  0	  0	  0	  0	  0	  0	  0	  0	  0	  0	  5	14387	  1
07/06/2016	08:54:35	<-	L	00000000	 10	 64	 44	 31	  0	261	  0	  4	  4	  4	  4	  4	  4	  4	  4	  0	  0	  0	  0	  0	  0	  0	  0	  0	  0	  0	  0	  0	  0	  0	  0	  0	  0	  0	  0	  0	  0	  0	  0	 64	 44	 31	 53	  0	 59	  0	  0	  0	  0	  0	  0	  0	  0	  0	  0	  0	  5	14644	  1
07/06/2016	08:59:35	<-	L	00000000	 10	 64	 44	 31	  0	266	  0	  4	  4	  4	  4	  4	  4	  4	  4	  0	  0	  0	  0	  0	  0	  0	  0	  0	  0	  0	  0	  0	  0	  0	  0	  0	  0	  0	  0	  0	  0	  0	  0	 64	 44	 31	 53	  0	 59	  0	  0	  0	  0	  0	  0	  0	  0	  0	  0	  0	  5	14901	  1
07/06/2016	09:04:35	<-	L	00000000	 10	 61	 44	 35	  0	271	  0	  4	  4	  4	  4	  4	  4	  4	  4	  0	  0	  0	  0	  0	  0	  0	  0	  0	  0	  0	  0	  0	  0	  0	  0	  0	  0	  0	  0	  0	  0	  0	  0	 61	 44	 36	 53	  0	 59	  0	  0	  0	  0	  0	  0	  0	  0	  0	  0	  0	  5	14901	  1
07/06/2016	09:09:35	<-	L	00000000	 10	 60	 44	 36	  0	276	  0	  4	  4	  4	  4	  4	  4	  4	  4	  0	  0	  0	  0	  0	  0	  0	  0	  0	  0	  0	  0	  0	  0	  0	  0	  0	  0	  0	  0	  0	  0	  0	  0	 60	 44	 39	 52	  0	 63	  0	  0	  0	  0	  0	  0	  0	  0	  0	  0	  0	  5	15158	  1
07/06/2016	09:14:35	<-	L	00000000	 10	 59	 44	 42	  0	281	  0	  4	  4	  4	  4	  4	  4	  4	  4	  0	  0	  0	  0	  0	  0	  0	  0	  0	  0	  0	  0	  0	  0	  0	  0	  0	  0	  0	  0	  0	  0	  0	  0	 59	 44	 42	 52	  0	 63	  0	  0	  0	  0	  0	  0	  0	  0	  0	  0	  0	  5	15415	  1
07/06/2016	09:19:35	<-	L	00000000	 10	 63	 44	 36	  0	286	  0	  4	  4	  4	  4	  4	  4	  4	  4	  0	  0	  0	  0	  0	  0	  0	  0	  0	  0	  0	  0	  0	  0	  0	  0	  0	  0	  0	  0	  0	  0	  0	  0	 63	 44	 32	 53	  0	 59	  0	  0	  0	  0	  0	  0	  0	  0	  0	  0	  0	  5	15415	  1
07/06/2016	09:24:36	<-	L	00000000	 10	 66	 45	 27	  0	291	  0	  4	  4	  4	  4	  4	  4	  4	  4	  0	  0	  0	  0	  0	  0	  0	  0	  0	  0	  0	  0	  0	  0	  0	  0	  0	  0	  0	  0	  0	  0	  0	  0	 66	 45	 28	 55	  0	 56	  0	  0	  0	  0	  0	  0	  0	  0	  0	  0	  0	  5	15672	  1
07/06/2016	09:29:36	<-	L	00000000	 10	 63	 45	 35	  0	296	  0	  4	  4	  4	  4	  4	  4	  4	  4	  0	  0	  0	  0	  0	  0	  0	  0	  0	  0	  0	  0	  0	  0	  0	  0	  0	  0	  0	  0	  0	  0	  0	  0	 63	 45	 35	 54	  0	 60	  0	  0	  0	  0	  0	  0	  0	  0	  0	  0	  0	  5	15929	  1
07/06/2016	09:34:36	<-	L	00000000	 10	 60	 44	 39	  0	301	  0	  4	  4	  4	  4	  4	  4	  4	  4	  0	  0	  0	  0	  0	  0	  0	  0	  0	  0	  0	  0	  0	  0	  0	  0	  0	  0	  0	  0	  0	  0	  0	  0	 60	 44	 39	 53	  0	 59	  0	  0	  0	  0	  0	  0	  0	  0	  0	  0	  0	  5	15929	  1
07/06/2016	09:39:36	<-	L	00000000	 10	 68	 46	 28	  0	306	  0	  4	  4	  4	  4	  4	  4	  4	  4	  0	  0	  0	  0	  0	  0	  0	  0	  0	  0	  0	  0	  0	  0	  0	  0	  0	  0	  0	  0	  0	  0	  0	  0	 68	 46	 27	 55	  0	 60	  0	  0	  0	  0	  0	  0	  0	  0	  0	  0	  0	  5	16186	  1
07/06/2016	09:44:36	<-	L	00000000	 10	 66	 46	 31	  0	311	  0	  4	  4	  4	  4	  4	  4	  4	  4	  0	  0	  0	  0	  0	  0	  0	  0	  0	  0	  0	  0	  0	  0	  0	  0	  0	  0	  0	  0	  0	  0	  0	  0	 66	 46	 31	 56	  0	 56	  0	  0	  0	  0	  0	  0	  0	  0	  0	  0	  0	  5	16443	  1
07/06/2016	09:49:36	<-	L	00000000	 10	 62	 45	 36	  0	316	  0	  4	  4	  4	  4	  4	  4	  4	  4	  0	  0	  0	  0	  0	  0	  0	  0	  0	  0	  0	  0	  0	  0	  0	  0	  0	  0	  0	  0	  0	  0	  0	  0	 62	 45	 36	 54	  0	 60	  0	  0	  0	  0	  0	  0	  0	  0	  0	  0	  0	  5	16443	  1
07/06/2016	09:54:36	<-	L	00000000	 10	 68	 46	 27	  0	321	  0	  4	  4	  4	  4	  4	  4	  4	  4	  0	  0	  0	  0	  0	  0	  0	  0	  0	  0	  0	  0	  0	  0	  0	  0	  0	  0	  0	  0	  0	  0	  0	  0	 68	 46	 27	 57	  0	 53	  0	  0	  0	  0	  0	  0	  0	  0	  0	  0	  0	  5	16700	  1
07/06/2016	09:59:36	<-	L	00000000	 10	 69	 47	 28	  0	326	  0	  4	  4	  4	  4	  4	  4	  4	  4	  0	  0	  0	  0	  0	  0	  0	  0	  0	  0	  0	  0	  0	  0	  0	  0	  0	  0	  0	  0	  0	  0	  0	  0	 69	 47	 28	 58	  0	 53	  0	  0	  0	  0	  0	  0	  0	  0	  0	  0	  0	  5	16957	  1
07/06/2016	10:04:36	<-	L	00000000	 10	 66	 46	 31	  0	331	  0	  4	  4	  4	  4	  4	  4	  4	  4	  0	  0	  0	  0	  0	  0	  0	  0	  0	  0	  0	  0	  0	  0	  0	  0	  0	  0	  0	  0	  0	  0	  0	  0	 66	 46	 31	 57	  0	 53	  0	  0	  0	  0	  0	  0	  0	  0	  0	  0	  0	  5	16957	  1
07/06/2016	10:09:36	<-	L	00000000	 10	 67	 46	 31	  0	336	  0	  4	  4	  4	  4	  4	  4	  4	  4	  0	  0	  0	  0	  0	  0	  0	  0	  0	  0	  0	  0	  0	  0	  0	  0	  0	  0	  0	  0	  0	  0	  0	  0	 67	 46	 28	 57	  0	 53	  0	  0	  0	  0	  0	  0	  0	  0	  0	  0	  0	  5	17214	  1
07/06/2016	10:14:36	<-	L	00000000	 10	 72	 47	 25	  0	341	  0	  4	  4	  4	  4	  4	  4	  4	  4	  0	  0	  0	  0	  0	  0	  0	  0	  0	  0	  0	  0	  0	  0	  0	  0	  0	  0	  0	  0	  0	  0	  0	  0	 72	 47	 24	 59	  0	 51	  0	  0	  0	  0	  0	  0	  0	  0	  0	  0	  0	  5	17214	  1
07/06/2016	10:19:36	<-	L	00000000	 10	 66	 47	 32	  0	346	  0	  4	  4	  4	  4	  4	  4	  4	  4	  0	  0	  0	  0	  0	  0	  0	  0	  0	  0	  0	  0	  0	  0	  0	  0	  0	  0	  0	  0	  0	  0	  0	  0	 66	 47	 34	 58	  0	 53	  0	  0	  0	  0	  0	  0	  0	  0	  0	  0	  0	  5	17471	  1
07/06/2016	10:24:36	<-	L	00000000	 10	 74	 48	 24	  0	351	  0	  4	  4	  4	  4	  4	  4	  4	  4	  0	  0	  0	  0	  0	  0	  0	  0	  0	  0	  0	  0	  0	  0	  0	  0	  0	  0	  0	  0	  0	  0	  0	  0	 74	 48	 25	 60	  0	 51	  0	  0	  0	  0	  0	  0	  0	  0	  0	  0	  0	  5	17728	  1
07/06/2016	10:29:36	<-	L	00000000	 10	 70	 48	 26	  0	356	  0	  4	  4	  4	  4	  4	  4	  4	  4	  0	  0	  0	  0	  0	  0	  0	  0	  0	  0	  0	  0	  0	  0	  0	  0	  0	  0	  0	  0	  0	  0	  0	  0	 70	 48	 28	 60	  0	 51	  0	  0	  0	  0	  0	  0	  0	  0	  0	  0	  0	  5	17728	  1
07/06/2016	10:34:36	<-	L	00000000	 21	 70	 48	 29	  0	  0	  0	  4	  4	  4	  4	  4	  4	  4	  4	  0	  0	  0	  0	  0	  0	  0	  0	  0	  0	  0	  0	  0	  0	  0	  0	  0	  0	  0	  0	  0	  0	  0	  0	 70	 48	 28	 59	  0	 54	  0	  0	  0	  0	  0	  0	  0	  0	  0	  0	  0	  5	21820	  0
07/06/2016	10:39:36	<-	L	00000000	 21	 84	 51	 20	  0	  5	  0	  4	  4	  4	  4	  4	  4	  4	  4	  0	  0	  0	  0	  0	  0	  0	  0	  0	  0	  0	  0	  0	  0	  0	  0	  0	  0	  0	  0	  0	  0	  0	  0	 84	 51	 20	 66	  0	 44	  0	  0	  0	  0	  0	  0	  0	  0	  0	  0	  0	  5	21820	  0
07/06/2016	10:44:36	<-	L	00000000	 21	 84	 51	 21	  0	 10	  0	  4	  4	  4	  4	  4	  4	  4	  4	  0	  0	  0	  0	  0	  0	  0	  0	  0	  0	  0	  0	  0	  0	  0	  0	  0	  0	  0	  0	  0	  0	  0	  0	 84	 51	 20	 66	  0	 44	  0	  0	  0	  0	  0	  0	  0	  0	  0	  0	  0	  5	21820	  0
07/06/2016	10:49:36	<-	L	00000000	 21	 84	 52	 21	  0	 15	  0	  4	  4	  4	  4	  4	  4	  4	  4	  0	  0	  0	  0	  0	  0	  0	  0	  0	  0	  0	  0	  0	  0	  0	  0	  0	  0	  0	  0	  0	  0	  0	  0	 84	 52	 21	 68	  0	 42	  0	  0	  0	  0	  0	  0	  0	  0	  0	  0	  0	  5	21820	  0
07/06/2016	10:54:36	<-	L	00000000	 21	 85	 52	 21	  0	 20	  0	  4	  4	  4	  4	  4	  4	  4	  4	  0	  0	  0	  0	  0	  0	  0	  0	  0	  0	  0	  0	  0	  0	  0	  0	  0	  0	  0	  0	  0	  0	  0	  0	 85	 52	 21	 68	  0	 42	  0	  0	  0	  0	  0	  0	  0	  0	  0	  0	  0	  5	21820	  0
07/06/2016	10:59:36	<-	L	00000000	 21	 83	 52	 21	  0	 25	  0	  4	  4	  4	  4	  4	  4	  4	  4	  0	  0	  0	  0	  0	  0	  0	  0	  0	  0	  0	  0	  0	  0	  0	  0	  0	  0	  0	  0	  0	  0	  0	  0	 83	 52	 22	 68	  0	 42	  0	  0	  0	  0	  0	  0	  0	  0	  0	  0	  0	  5	20540	  0
07/06/2016	11:04:36	<-	L	00000000	 21	 80	 52	 25	  0	 30	  0	  4	  4	  4	  4	  4	  4	  4	  4	  0	  0	  0	  0	  0	  0	  0	  0	  0	  0	  0	  0	  0	  0	  0	  0	  0	  0	  0	  0	  0	  0	  0	  0	 80	 52	 24	 66	  0	 46	  0	  0	  0	  0	  0	  0	  0	  0	  0	  0	  0	  5	20540	  0
07/06/2016	11:09:36	<-	L	00000000	 21	 83	 52	 21	  0	 35	  0	  4	  4	  4	  4	  4	  4	  4	  4	  0	  0	  0	  0	  0	  0	  0	  0	  0	  0	  0	  0	  0	  0	  0	  0	  0	  0	  0	  0	  0	  0	  0	  0	 83	 52	 22	 68	  0	 42	  0	  0	  0	  0	  0	  0	  0	  0	  0	  0	  0	  5	20540	  0
07/06/2016	11:14:36	<-	L	00000000	 21	 79	 52	 27	  0	 40	  0	  4	  4	  4	  4	  4	  4	  4	  4	  0	  0	  0	  0	  0	  0	  0	  0	  0	  0	  0	  0	  0	  0	  0	  0	  0	  0	  0	  0	  0	  0	  0	  0	 79	 52	 25	 66	  0	 46	  0	  0	  0	  0	  0	  0	  0	  0	  0	  0	  0	  5	20540	  0
07/06/2016	11:19:36	<-	L	00000000	 21	 83	 53	 23	  0	 45	  0	  4	  4	  4	  4	  4	  4	  4	  4	  0	  0	  0	  0	  0	  0	  0	  0	  0	  0	  0	  0	  0	  0	  0	  0	  0	  0	  0	  0	  0	  0	  0	  0	 83	 53	 23	 69	  0	 43	  0	  0	  0	  0	  0	  0	  0	  0	  0	  0	  0	  5	20540	  0
07/06/2016	11:24:36	<-	L	00000000	 21	 77	 52	 27	  0	 50	  0	  4	  4	  4	  4	  4	  4	  4	  4	  0	  0	  0	  0	  0	  0	  0	  0	  0	  0	  0	  0	  0	  0	  0	  0	  0	  0	  0	  0	  0	  0	  0	  0	 77	 52	 26	 67	  0	 45	  0	  0	  0	  0	  0	  0	  0	  0	  0	  0	  0	  5	20540	  0
07/06/2016	11:29:36	<-	L	00000000	 21	 86	 53	 21	  0	 55	  0	  4	  4	  4	  4	  4	  4	  4	  4	  0	  0	  0	  0	  0	  0	  0	  0	  0	  0	  0	  0	  0	  0	  0	  0	  0	  0	  0	  0	  0	  0	  0	  0	 86	 53	 21	 69	  0	 43	  0	  0	  0	  0	  0	  0	  0	  0	  0	  0	  0	  5	20540	  0
07/06/2016	11:34:36	<-	L	00000000	 21	 78	 53	 28	  0	 60	  0	  4	  4	  4	  4	  4	  4	  4	  4	  0	  0	  0	  0	  0	  0	  0	  0	  0	  0	  0	  0	  0	  0	  0	  0	  0	  0	  0	  0	  0	  0	  0	  0	 78	 53	 27	 68	  0	 45	  0	  0	  0	  0	  0	  0	  0	  0	  0	  0	  0	  5	20540	  0
07/06/2016	11:39:36	<-	L	00000000	 21	 84	 53	 23	  0	 65	  0	  4	  4	  4	  4	  4	  4	  4	  4	  0	  0	  0	  0	  0	  0	  0	  0	  0	  0	  0	  0	  0	  0	  0	  0	  0	  0	  0	  0	  0	  0	  0	  0	 84	 53	 22	 69	  0	 43	  0	  0	  0	  0	  0	  0	  0	  0	  0	  0	  0	  5	20540	  0
07/06/2016	11:44:36	<-	L	00000000	 21	 83	 54	 23	  0	 70	  0	  4	  4	  4	  4	  4	  4	  4	  4	  0	  0	  0	  0	  0	  0	  0	  0	  0	  0	  0	  0	  0	  0	  0	  0	  0	  0	  0	  0	  0	  0	  0	  0	 83	 54	 24	 69	  0	 46	  0	  0	  0	  0	  0	  0	  0	  0	  0	  0	  0	  5	20540	  0
07/06/2016	11:49:36	<-	L	00000000	 21	 78	 53	 27	  0	 75	  0	  4	  4	  4	  4	  4	  4	  4	  4	  0	  0	  0	  0	  0	  0	  0	  0	  0	  0	  0	  0	  0	  0	  0	  0	  0	  0	  0	  0	  0	  0	  0	  0	 78	 53	 27	 68	  0	 45	  0	  0	  0	  0	  0	  0	  0	  0	  0	  0	  0	  5	20540	  0
07/06/2016	11:54:36	<-	L	00000000	 21	 86	 54	 22	  0	 80	  0	  4	  4	  4	  4	  4	  4	  4	  4	  0	  0	  0	  0	  0	  0	  0	  0	  0	  0	  0	  0	  0	  0	  0	  0	  0	  0	  0	  0	  0	  0	  0	  0	 86	 54	 22	 70	  0	 43	  0	  0	  0	  0	  0	  0	  0	  0	  0	  0	  0	  5	20540	  0
07/06/2016	11:59:36	<-	L	00000000	 21	 79	 53	 26	  0	 85	  0	  4	  4	  4	  4	  4	  4	  4	  4	  0	  0	  0	  0	  0	  0	  0	  0	  0	  0	  0	  0	  0	  0	  0	  0	  0	  0	  0	  0	  0	  0	  0	  0	 79	 53	 28	 69	  0	 43	  0	  0	  0	  0	  0	  0	  0	  0	  0	  0	  0	  5	20540	  0
07/06/2016	12:04:36	<-	L	00000000	 21	 86	 54	 23	  0	 90	  0	  4	  4	  4	  4	  4	  4	  4	  4	  0	  0	  0	  0	  0	  0	  0	  0	  0	  0	  0	  0	  0	  0	  0	  0	  0	  0	  0	  0	  0	  0	  0	  0	 86	 54	 22	 70	  0	 43	  0	  0	  0	  0	  0	  0	  0	  0	  0	  0	  0	  5	20540	  0
07/06/2016	12:09:36	<-	L	00000000	 21	 82	 54	 24	  0	 95	  0	  4	  4	  4	  4	  4	  4	  4	  4	  0	  0	  0	  0	  0	  0	  0	  0	  0	  0	  0	  0	  0	  0	  0	  0	  0	  0	  0	  0	  0	  0	  0	  0	 82	 54	 25	 70	  0	 43	  0	  0	  0	  0	  0	  0	  0	  0	  0	  0	  0	  5	20540	  0
07/06/2016	12:14:36	<-	L	00000000	 21	 81	 54	 28	  0	100	  0	  4	  4	  4	  4	  4	  4	  4	  4	  0	  0	  0	  0	  0	  0	  0	  0	  0	  0	  0	  0	  0	  0	  0	  0	  0	  0	  0	  0	  0	  0	  0	  0	 81	 54	 26	 69	  0	 46	  0	  0	  0	  0	  0	  0	  0	  0	  0	  0	  0	  5	20540	  0
07/06/2016	12:19:36	<-	L	00000000	 21	 85	 54	 22	  0	105	  0	  4	  4	  4	  4	  4	  4	  4	  4	  0	  0	  0	  0	  0	  0	  0	  0	  0	  0	  0	  0	  0	  0	  0	  0	  0	  0	  0	  0	  0	  0	  0	  0	 85	 54	 23	 71	  0	 40	  0	  0	  0	  0	  0	  0	  0	  0	  0	  0	  0	  5	20540	  0
07/06/2016	12:24:36	<-	L	00000000	 21	 80	 54	 26	  0	110	  0	  4	  4	  4	  4	  4	  4	  4	  4	  0	  0	  0	  0	  0	  0	  0	  0	  0	  0	  0	  0	  0	  0	  0	  0	  0	  0	  0	  0	  0	  0	  0	  0	 80	 54	 28	 69	  0	 46	  0	  0	  0	  0	  0	  0	  0	  0	  0	  0	  0	  5	20540	  0
07/06/2016	12:29:36	<-	L	00000000	 21	 83	 54	 25	  0	115	  0	  4	  4	  4	  4	  4	  4	  4	  4	  0	  0	  0	  0	  0	  0	  0	  0	  0	  0	  0	  0	  0	  0	  0	  0	  0	  0	  0	  0	  0	  0	  0	  0	 83	 54	 24	 70	  0	 43	  0	  0	  0	  0	  0	  0	  0	  0	  0	  0	  0	  5	20540	  0
07/06/2016	12:34:36	<-	L	00000000	 21	 86	 54	 22	  0	120	  0	  4	  4	  4	  4	  4	  4	  4	  4	  0	  0	  0	  0	  0	  0	  0	  0	  0	  0	  0	  0	  0	  0	  0	  0	  0	  0	  0	  0	  0	  0	  0	  0	 86	 54	 22	 71	  0	 40	  0	  0	  0	  0	  0	  0	  0	  0	  0	  0	  0	  5	20540	  0
07/06/2016	12:39:36	->	L	00000000	 21	 81	 54	 25	  0	125	  0	  4	  4	  4	  4	  4	  4	  4	  4	  0	  0	  0	  0	  0	  0	  0	  0	  0	  0	  0	  0	  0	  0	  0	  0	  0	  0	  0	  0	  0	  0	  0	  0	 81	 54	 26	 80	  0	 28	  0	  0	  0	  0	  0	  0	  0	  0	  0	  0	  0	  5	21820	  0
07/06/2016	12:44:36	->	L	00000000	 21	 89	 53	 20	  0	130	  0	  4	  4	  4	  4	  4	  4	  4	  4	  0	  0	  0	  0	  0	  0	  0	  0	  0	  0	  0	  0	  0	  0	  0	  0	  0	  0	  0	  0	  0	  0	  0	  0	 75	 53	 31	 89	  0	 19	  0	  0	  0	  0	  0	  0	  0	  0	  0	  0	  0	  5	21820	  0
07/06/2016	12:49:36	->	L	00000000	 21	 83	 53	 22	  0	135	  0	  4	  4	  4	  4	  4	  4	  4	  4	  0	  0	  0	  0	  0	  0	  0	  0	  0	  0	  0	  0	  0	  0	  0	  0	  0	  0	  0	  0	  0	  0	  0	  0	 74	 53	 31	 83	  0	 23	  0	  0	  0	  0	  0	  0	  0	  0	  0	  0	  0	  5	21820	  0
07/06/2016	12:54:36	->	L	00000000	 21	 88	 53	 20	  0	140	  0	  4	  4	  4	  4	  4	  4	  4	  4	  0	  0	  0	  0	  0	  0	  0	  0	  0	  0	  0	  0	  0	  0	  0	  0	  0	  0	  0	  0	  0	  0	  0	  0	 74	 53	 31	 88	  0	 20	  0	  0	  0	  0	  0	  0	  0	  0	  0	  0	  0	  5	21820	  0
07/06/2016	12:59:36	->	L	00000000	 21	 82	 52	 23	  0	145	  0	  4	  4	  4	  4	  4	  4	  4	  4	  0	  0	  0	  0	  0	  0	  0	  0	  0	  0	  0	  0	  0	  0	  0	  0	  0	  0	  0	  0	  0	  0	  0	  0	 73	 52	 31	 82	  0	 23	  0	  0	  0	  0	  0	  0	  0	  0	  0	  0	  0	  5	21820	  0
07/06/2016	13:04:36	->	L	00000000	 21	 88	 53	 20	  0	150	  0	  4	  4	  4	  4	  4	  4	  4	  4	  0	  0	  0	  0	  0	  0	  0	  0	  0	  0	  0	  0	  0	  0	  0	  0	  0	  0	  0	  0	  0	  0	  0	  0	 74	 53	 31	 88	  0	 20	  0	  0	  0	  0	  0	  0	  0	  0	  0	  0	  0	  5	21820	  0
07/06/2016	13:09:36	->	L	00000000	 21	 84	 52	 21	  0	155	  0	  4	  4	  4	  4	  4	  4	  4	  4	  0	  0	  0	  0	  0	  0	  0	  0	  0	  0	  0	  0	  0	  0	  0	  0	  0	  0	  0	  0	  0	  0	  0	  0	 73	 52	 31	 84	  0	 21	  0	  0	  0	  0	  0	  0	  0	  0	  0	  0	  0	  5	20540	  0
07/06/2016	13:14:36	->	L	00000000	 21	 79	 52	 24	  0	160	  0	  4	  4	  4	  4	  4	  4	  4	  4	  0	  0	  0	  0	  0	  0	  0	  0	  0	  0	  0	  0	  0	  0	  0	  0	  0	  0	  0	  0	  0	  0	  0	  0	 72	 52	 34	 79	  0	 25	  0	  0	  0	  0	  0	  0	  0	  0	  0	  0	  0	  5	20540	  0
07/06/2016	13:19:36	->	L	00000000	 21	 81	 51	 24	  0	165	  0	  4	  4	  4	  4	  4	  4	  4	  4	  0	  0	  0	  0	  0	  0	  0	  0	  0	  0	  0	  0	  0	  0	  0	  0	  0	  0	  0	  0	  0	  0	  0	  0	 71	 51	 34	 81	  0	 22	  0	  0	  0	  0	  0	  0	  0	  0	  0	  0	  0	  5	20540	  0
07/06/2016	13:24:36	->	L	00000000	 21	 83	 52	 21	  0	170	  0	  4	  4	  4	  4	  4	  4	  4	  4	  0	  0	  0	  0	  0	  0	  0	  0	  0	  0	  0	  0	  0	  0	  0	  0	  0	  0	  0	  0	  0	  0	  0	  0	 72	 52	 34	 83	  0	 22	  0	  0	  0	  0	  0	  0	  0	  0	  0	  0	  0	  5	20540	  0
07/06/2016	13:29:36	->	L	00000000	 21	 79	 51	 23	  0	175	  0	  4	  4	  4	  4	  4	  4	  4	  4	  0	  0	  0	  0	  0	  0	  0	  0	  0	  0	  0	  0	  0	  0	  0	  0	  0	  0	  0	  0	  0	  0	  0	  0	 71	 51	 34	 79	  0	 24	  0	  0	  0	  0	  0	  0	  0	  0	  0	  0	  0	  5	20540	  0
07/06/2016	13:34:36	->	L	00000000	 21	 83	 51	 22	  0	180	  0	  4	  4	  4	  4	  4	  4	  4	  4	  0	  0	  0	  0	  0	  0	  0	  0	  0	  0	  0	  0	  0	  0	  0	  0	  0	  0	  0	  0	  0	  0	  0	  0	 71	 51	 34	 83	  0	 21	  0	  0	  0	  0	  0	  0	  0	  0	  0	  0	  0	  5	20540	  0
07/06/2016	13:39:36	->	L	00000000	 21	 82	 51	 21	  0	185	  0	  4	  4	  4	  4	  4	  4	  4	  4	  0	  0	  0	  0	  0	  0	  0	  0	  0	  0	  0	  0	  0	  0	  0	  0	  0	  0	  0	  0	  0	  0	  0	  0	 72	 51	 31	 82	  0	 22	  0	  0	  0	  0	  0	  0	  0	  0	  0	  0	  0	  5	20540	  0
07/06/2016	13:44:36	->	L	00000000	 21	 78	 51	 25	  0	190	  0	  4	  4	  4	  4	  4	  4	  4	  4	  0	  0	  0	  0	  0	  0	  0	  0	  0	  0	  0	  0	  0	  0	  0	  0	  0	  0	  0	  0	  0	  0	  0	  0	 70	 51	 35	 78	  0	 25	  0	  0	  0	  0	  0	  0	  0	  0	  0	  0	  0	  5	20540	  0
07/06/2016	13:49:36	->	L	00000000	 21	 83	 51	 21	  0	195	  0	  4	  4	  4	  4	  4	  4	  4	  4	  0	  0	  0	  0	  0	  0	  0	  0	  0	  0	  0	  0	  0	  0	  0	  0	  0	  0	  0	  0	  0	  0	  0	  0	 71	 51	 34	 83	  0	 21	  0	  0	  0	  0	  0	  0	  0	  0	  0	  0	  0	  5	20540	  0
07/06/2016	13:54:36	->	L	00000000	 21	 79	 51	 23	  0	200	  0	  4	  4	  4	  4	  4	  4	  4	  4	  0	  0	  0	  0	  0	  0	  0	  0	  0	  0	  0	  0	  0	  0	  0	  0	  0	  0	  0	  0	  0	  0	  0	  0	 71	 51	 34	 79	  0	 24	  0	  0	  0	  0	  0	  0	  0	  0	  0	  0	  0	  5	20540	  0
07/06/2016	13:59:36	->	L	00000000	 21	 81	 51	 24	  0	205	  0	  4	  4	  4	  4	  4	  4	  4	  4	  0	  0	  0	  0	  0	  0	  0	  0	  0	  0	  0	  0	  0	  0	  0	  0	  0	  0	  0	  0	  0	  0	  0	  0	 71	 51	 34	 81	  0	 22	  0	  0	  0	  0	  0	  0	  0	  0	  0	  0	  0	  5	20540	  0
07/06/2016	14:04:36	->	L	00000000	 21	 83	 51	 21	  0	210	  0	  4	  4	  4	  4	  4	  4	  4	  4	  0	  0	  0	  0	  0	  0	  0	  0	  0	  0	  0	  0	  0	  0	  0	  0	  0	  0	  0	  0	  0	  0	  0	  0	 72	 51	 31	 83	  0	 21	  0	  0	  0	  0	  0	  0	  0	  0	  0	  0	  0	  5	20540	  0
07/06/2016	14:09:36	->	L	00000000	 21	 78	 50	 23	  0	215	  0	  4	  4	  4	  4	  4	  4	  4	  4	  0	  0	  0	  0	  0	  0	  0	  0	  0	  0	  0	  0	  0	  0	  0	  0	  0	  0	  0	  0	  0	  0	  0	  0	 71	 50	 30	 78	  0	 23	  0	  0	  0	  0	  0	  0	  0	  0	  0	  0	  0	  5	20540	  0
07/06/2016	14:14:36	->	L	00000000	 21	 82	 50	 21	  0	220	  0	  4	  4	  4	  4	  4	  4	  4	  4	  0	  0	  0	  0	  0	  0	  0	  0	  0	  0	  0	  0	  0	  0	  0	  0	  0	  0	  0	  0	  0	  0	  0	  0	 71	 50	 30	 82	  0	 21	  0	  0	  0	  0	  0	  0	  0	  0	  0	  0	  0	  5	20540	  0
07/06/2016	14:19:36	->	L	00000000	 21	 83	 50	 20	  0	225	  0	  4	  4	  4	  4	  4	  4	  4	  4	  0	  0	  0	  0	  0	  0	  0	  0	  0	  0	  0	  0	  0	  0	  0	  0	  0	  0	  0	  0	  0	  0	  0	  0	 72	 50	 29	 83	  0	 20	  0	  0	  0	  0	  0	  0	  0	  0	  0	  0	  0	  5	20540	  0
07/06/2016	14:24:36	->	L	00000000	 21	 79	 50	 23	  0	230	  0	  4	  4	  4	  4	  4	  4	  4	  4	  0	  0	  0	  0	  0	  0	  0	  0	  0	  0	  0	  0	  0	  0	  0	  0	  0	  0	  0	  0	  0	  0	  0	  0	 71	 50	 30	 79	  0	 23	  0	  0	  0	  0	  0	  0	  0	  0	  0	  0	  0	  5	20540	  0
07/06/2016	14:29:36	->	L	00000000	 21	 81	 50	 21	  0	235	  0	  4	  4	  4	  4	  4	  4	  4	  4	  0	  0	  0	  0	  0	  0	  0	  0	  0	  0	  0	  0	  0	  0	  0	  0	  0	  0	  0	  0	  0	  0	  0	  0	 71	 50	 30	 81	  0	 21	  0	  0	  0	  0	  0	  0	  0	  0	  0	  0	  0	  5	20540	  0
07/06/2016	14:34:36	->	L	00000000	 21	 72	 49	 27	  0	240	  0	  4	  4	  4	  4	  4	  4	  4	  4	  0	  0	  0	  0	  0	  0	  0	  0	  0	  0	  0	  0	  0	  0	  0	  0	  0	  0	  0	  0	  0	  0	  0	  0	 68	 49	 34	 72	  0	 27	  0	  0	  0	  0	  0	  0	  0	  0	  0	  0	  0	  5	20540	  0
07/06/2016	14:39:36	->	L	00000000	 21	 70	 48	 28	  0	245	  0	  4	  4	  4	  4	  4	  4	  4	  4	  0	  0	  0	  0	  0	  0	  0	  0	  0	  0	  0	  0	  0	  0	  0	  0	  0	  0	  0	  0	  0	  0	  0	  0	 65	 48	 38	 70	  0	 28	  0	  0	  0	  0	  0	  0	  0	  0	  0	  0	  0	  5	20540	  0
07/06/2016	14:44:36	->	L	00000000	 21	 68	 47	 29	  0	250	  0	  4	  4	  4	  4	  4	  4	  4	  4	  0	  0	  0	  0	  0	  0	  0	  0	  0	  0	  0	  0	  0	  0	  0	  0	  0	  0	  0	  0	  0	  0	  0	  0	 64	 47	 37	 68	  0	 29	  0	  0	  0	  0	  0	  0	  0	  0	  0	  0	  0	  5	20540	  0
07/06/2016	14:49:36	->	L	00000000	 21	 67	 46	 28	  0	255	  0	  4	  4	  4	  4	  4	  4	  4	  4	  0	  0	  0	  0	  0	  0	  0	  0	  0	  0	  0	  0	  0	  0	  0	  0	  0	  0	  0	  0	  0	  0	  0	  0	 63	 46	 37	 67	  0	 28	  0	  0	  0	  0	  0	  0	  0	  0	  0	  0	  0	  5	20540	  0
07/06/2016	14:54:36	->	L	00000000	 21	 66	 45	 31	  0	260	  0	  4	  4	  4	  4	  4	  4	  4	  4	  0	  0	  0	  0	  0	  0	  0	  0	  0	  0	  0	  0	  0	  0	  0	  0	  0	  0	  0	  0	  0	  0	  0	  0	 62	 45	 36	 66	  0	 28	  0	  0	  0	  0	  0	  0	  0	  0	  0	  0	  0	  5	20540	  0
07/06/2016	14:59:36	->	L	00000000	 21	 65	 45	 31	  0	265	  0	  4	  4	  4	  4	  4	  4	  4	  4	  0	  0	  0	  0	  0	  0	  0	  0	  0	  0	  0	  0	  0	  0	  0	  0	  0	  0	  0	  0	  0	  0	  0	  0	 61	 45	 39	 65	  0	 31	  0	  0	  0	  0	  0	  0	  0	  0	  0	  0	  0	  5	20540	  0
07/06/2016	15:04:36	->	L	00000000	 21	 64	 44	 31	  0	270	  0	  4	  4	  4	  4	  4	  4	  4	  4	  0	  0	  0	  0	  0	  0	  0	  0	  0	  0	  0	  0	  0	  0	  0	  0	  0	  0	  0	  0	  0	  0	  0	  0	 61	 44	 36	 64	  0	 31	  0	  0	  0	  0	  0	  0	  0	  0	  0	  0	  0	  5	20540	  0
07/06/2016	15:09:36	->	L	00000000	 21	 82	 45	 16	  0	275	  0	  4	  4	  4	  4	  4	  4	  4	  4	  0	  0	  0	  0	  0	  0	  0	  0	  0	  0	  0	  0	  0	  0	  0	  0	  0	  0	  0	  0	  0	  0	  0	  0	 66	 45	 28	 82	  0	 16	  0	  0	  0	  0	  0	  0	  0	  0	  0	  0	  0	  5	20540	  0
07/06/2016	15:14:36	->	L	00000000	 21	 81	 47	 18	  0	280	  0	  4	  4	  4	  4	  4	  4	  4	  4	  0	  0	  0	  0	  0	  0	  0	  0	  0	  0	  0	  0	  0	  0	  0	  0	  0	  0	  0	  0	  0	  0	  0	  0	 69	 47	 28	 81	  0	 18	  0	  0	  0	  0	  0	  0	  0	  0	  0	  0	  0	  5	20540	  0
07/06/2016	15:19:36	->	L	00000000	 21	 79	 47	 20	  0	285	  0	  4	  4	  4	  4	  4	  4	  4	  4	  0	  0	  0	  0	  0	  0	  0	  0	  0	  0	  0	  0	  0	  0	  0	  0	  0	  0	  0	  0	  0	  0	  0	  0	 69	 47	 28	 79	  0	 19	  0	  0	  0	  0	  0	  0	  0	  0	  0	  0	  0	  5	20540	  0
07/06/2016	15:24:36	->	L	00000000	 21	 85	 47	 16	  0	290	  0	  4	  4	  4	  4	  4	  4	  4	  4	  0	  0	  0	  0	  0	  0	  0	  0	  0	  0	  0	  0	  0	  0	  0	  0	  0	  0	  0	  0	  0	  0	  0	  0	 70	 47	 26	 85	  0	 16	  0	  0	  0	  0	  0	  0	  0	  0	  0	  0	  0	  5	20540	  0
07/06/2016	15:29:36	->	L	00000000	 21	 80	 48	 19	  0	295	  0	  4	  4	  4	  4	  4	  4	  4	  4	  0	  0	  0	  0	  0	  0	  0	  0	  0	  0	  0	  0	  0	  0	  0	  0	  0	  0	  0	  0	  0	  0	  0	  0	 70	 48	 28	 80	  0	 20	  0	  0	  0	  0	  0	  0	  0	  0	  0	  0	  0	  5	20540	  0
07/06/2016	15:34:36	->	L	00000000	 21	 82	 48	 19	  0	300	  0	  4	  4	  4	  4	  4	  4	  4	  4	  0	  0	  0	  0	  0	  0	  0	  0	  0	  0	  0	  0	  0	  0	  0	  0	  0	  0	  0	  0	  0	  0	  0	  0	 70	 48	 28	 82	  0	 19	  0	  0	  0	  0	  0	  0	  0	  0	  0	  0	  0	  5	20540	  0
07/06/2016	15:39:36	->	L	00000000	 21	 84	 48	 17	  0	305	  0	  4	  4	  4	  4	  4	  4	  4	  4	  0	  0	  0	  0	  0	  0	  0	  0	  0	  0	  0	  0	  0	  0	  0	  0	  0	  0	  0	  0	  0	  0	  0	  0	 71	 48	 26	 84	  0	 17	  0	  0	  0	  0	  0	  0	  0	  0	  0	  0	  0	  5	20540	  0
07/06/2016	15:44:36	->	L	00000000	 21	 79	 48	 20	  0	310	  0	  4	  4	  4	  4	  4	  4	  4	  4	  0	  0	  0	  0	  0	  0	  0	  0	  0	  0	  0	  0	  0	  0	  0	  0	  0	  0	  0	  0	  0	  0	  0	  0	 71	 48	 26	 79	  0	 20	  0	  0	  0	  0	  0	  0	  0	  0	  0	  0	  0	  5	20540	  0
07/06/2016	15:49:36	->	L	00000000	 21	 83	 48	 19	  0	315	  0	  4	  4	  4	  4	  4	  4	  4	  4	  0	  0	  0	  0	  0	  0	  0	  0	  0	  0	  0	  0	  0	  0	  0	  0	  0	  0	  0	  0	  0	  0	  0	  0	 71	 48	 26	 83	  0	 18	  0	  0	  0	  0	  0	  0	  0	  0	  0	  0	  0	  5	20540	  0
07/06/2016	15:54:36	->	L	00000000	 21	 83	 48	 17	  0	320	  0	  4	  4	  4	  4	  4	  4	  4	  4	  0	  0	  0	  0	  0	  0	  0	  0	  0	  0	  0	  0	  0	  0	  0	  0	  0	  0	  0	  0	  0	  0	  0	  0	 71	 48	 26	 83	  0	 18	  0	  0	  0	  0	  0	  0	  0	  0	  0	  0	  0	  5	20540	  0
07/06/2016	15:59:36	->	L	00000000	 21	 78	 48	 21	  0	325	  0	  4	  4	  4	  4	  4	  4	  4	  4	  0	  0	  0	  0	  0	  0	  0	  0	  0	  0	  0	  0	  0	  0	  0	  0	  0	  0	  0	  0	  0	  0	  0	  0	 70	 48	 28	 78	  0	 21	  0	  0	  0	  0	  0	  0	  0	  0	  0	  0	  0	  5	20540	  0
07/06/2016	16:04:36	->	L	00000000	 21	 84	 49	 17	  0	330	  0	  4	  4	  4	  4	  4	  4	  4	  4	  0	  0	  0	  0	  0	  0	  0	  0	  0	  0	  0	  0	  0	  0	  0	  0	  0	  0	  0	  0	  0	  0	  0	  0	 72	 49	 27	 84	  0	 18	  0	  0	  0	  0	  0	  0	  0	  0	  0	  0	  0	  5	20540	  0
07/06/2016	16:09:36	->	L	00000000	 21	 83	 49	 18	  0	335	  0	  4	  4	  4	  4	  4	  4	  4	  4	  0	  0	  0	  0	  0	  0	  0	  0	  0	  0	  0	  0	  0	  0	  0	  0	  0	  0	  0	  0	  0	  0	  0	  0	 72	 49	 27	 83	  0	 19	  0	  0	  0	  0	  0	  0	  0	  0	  0	  0	  0	  5	20540	  0
07/06/2016	16:14:36	->	L	00000000	 21	 79	 48	 20	  0	340	  0	  4	  4	  4	  4	  4	  4	  4	  4	  0	  0	  0	  0	  0	  0	  0	  0	  0	  0	  0	  0	  0	  0	  0	  0	  0	  0	  0	  0	  0	  0	  0	  0	 71	 48	 26	 79	  0	 20	  0	  0	  0	  0	  0	  0	  0	  0	  0	  0	  0	  5	20540	  0
07/06/2016	16:19:36	->	L	00000000	 21	 82	 48	 19	  0	345	  0	  4	  4	  4	  4	  4	  4	  4	  4	  0	  0	  0	  0	  0	  0	  0	  0	  0	  0	  0	  0	  0	  0	  0	  0	  0	  0	  0	  0	  0	  0	  0	  0	 71	 48	 26	 82	  0	 19	  0	  0	  0	  0	  0	  0	  0	  0	  0	  0	  0	  5	20540	  0
07/06/2016	16:24:36	->	L	00000000	 21	 82	 48	 18	  0	350	  0	  4	  4	  4	  4	  4	  4	  4	  4	  0	  0	  0	  0	  0	  0	  0	  0	  0	  0	  0	  0	  0	  0	  0	  0	  0	  0	  0	  0	  0	  0	  0	  0	 72	 48	 26	 82	  0	 19	  0	  0	  0	  0	  0	  0	  0	  0	  0	  0	  0	  5	20540	  0
07/06/2016	16:29:36	->	L	00000000	 21	 78	 48	 20	  0	355	  0	  4	  4	  4	  4	  4	  4	  4	  4	  0	  0	  0	  0	  0	  0	  0	  0	  0	  0	  0	  0	  0	  0	  0	  0	  0	  0	  0	  0	  0	  0	  0	  0	 71	 48	 26	 78	  0	 21	  0	  0	  0	  0	  0	  0	  0	  0	  0	  0	  0	  5	20540	  0
07/06/2016	16:34:36	->	L	00000000	 21	 82	 48	 19	  0	360	  0	  4	  4	  4	  4	  4	  4	  4	  4	  0	  0	  0	  0	  0	  0	  0	  0	  0	  0	  0	  0	  0	  0	  0	  0	  0	  0	  0	  0	  0	  0	  0	  0	 71	 48	 26	 82	  0	 19	  0	  0	  0	  0	  0	  0	  0	  0	  0	  0	  0	  5	20540	  0
07/06/2016	16:39:36	<-	L	00000000	 22	 83	 50	 18	  0	  4	  0	  4	  4	  4	  4	  4	  4	  4	  4	  0	  0	  0	  0	  0	  0	  0	  0	  0	  0	  0	  0	  0	  0	  0	  0	  0	  0	  0	  0	  0	  0	  0	  0	 73	 50	 27	 83	  0	 20	  0	  0	  0	  0	  0	  0	  0	  0	  0	  0	  0	  5	21826	  0
07/06/2016	16:44:36	<-	L	00000000	 22	 83	 51	 21	  0	  9	  0	  4	  4	  4	  4	  4	  4	  4	  4	  0	  0	  0	  0	  0	  0	  0	  0	  0	  0	  0	  0	  0	  0	  0	  0	  0	  0	  0	  0	  0	  0	  0	  0	 83	 51	 21	 75	  0	 28	  0	  0	  0	  0	  0	  0	  0	  0	  0	  0	  0	  5	21826	  0
07/06/2016	16:49:36	<-	L	00000000	 22	 87	 51	 19	  0	 14	  0	  4	  4	  4	  4	  4	  4	  4	  4	  0	  0	  0	  0	  0	  0	  0	  0	  0	  0	  0	  0	  0	  0	  0	  0	  0	  0	  0	  0	  0	  0	  0	  0	 87	 51	 18	 76	  0	 26	  0	  0	  0	  0	  0	  0	  0	  0	  0	  0	  0	  5	21826	  0
07/06/2016	16:54:36	<-	L	00000000	 22	 86	 51	 19	  0	 19	  0	  4	  4	  4	  4	  4	  4	  4	  4	  0	  0	  0	  0	  0	  0	  0	  0	  0	  0	  0	  0	  0	  0	  0	  0	  0	  0	  0	  0	  0	  0	  0	  0	 86	 51	 19	 75	  0	 28	  0	  0	  0	  0	  0	  0	  0	  0	  0	  0	  0	  5	21826	  0
07/06/2016	16:59:36	<-	L	00000000	 22	 84	 50	 20	  0	 24	  0	  4	  4	  4	  4	  4	  4	  4	  4	  0	  0	  0	  0	  0	  0	  0	  0	  0	  0	  0	  0	  0	  0	  0	  0	  0	  0	  0	  0	  0	  0	  0	  0	 84	 50	 19	 74	  0	 27	  0	  0	  0	  0	  0	  0	  0	  0	  0	  0	  0	  5	21826	  0
07/06/2016	17:04:36	<-	L	00000000	 22	 87	 51	 18	  0	 29	  0	  4	  4	  4	  4	  4	  4	  4	  4	  0	  0	  0	  0	  0	  0	  0	  0	  0	  0	  0	  0	  0	  0	  0	  0	  0	  0	  0	  0	  0	  0	  0	  0	 87	 51	 18	 75	  0	 28	  0	  0	  0	  0	  0	  0	  0	  0	  0	  0	  0	  5	21826	  0
07/06/2016	17:09:36	<-	L	00000000	 22	 83	 51	 20	  0	 34	  0	  4	  4	  4	  4	  4	  4	  4	  4	  0	  0	  0	  0	  0	  0	  0	  0	  0	  0	  0	  0	  0	  0	  0	  0	  0	  0	  0	  0	  0	  0	  0	  0	 83	 51	 21	 74	  0	 27	  0	  0	  0	  0	  0	  0	  0	  0	  0	  0	  0	  5	21826	  0
07/06/2016	17:14:36	<-	L	00000000	 22	 84	 50	 19	  0	 39	  0	  4	  4	  4	  4	  4	  4	  4	  4	  0	  0	  0	  0	  0	  0	  0	  0	  0	  0	  0	  0	  0	  0	  0	  0	  0	  0	  0	  0	  0	  0	  0	  0	 84	 50	 19	 74	  0	 27	  0	  0	  0	  0	  0	  0	  0	  0	  0	  0	  0	  5	21820	  0
07/06/2016	17:19:36	<-	L	00000000	 22	 87	 51	 18	  0	 44	  0	  4	  4	  4	  4	  4	  4	  4	  4	  0	  0	  0	  0	  0	  0	  0	  0	  0	  0	  0	  0	  0	  0	  0	  0	  0	  0	  0	  0	  0	  0	  0	  0	 87	 51	 18	 75	  0	 28	  0	  0	  0	  0	  0	  0	  0	  0	  0	  0	  0	  5	21820	  0
07/06/2016	17:24:36	<-	L	00000000	 22	 83	 51	 20	  0	 49	  0	  4	  4	  4	  4	  4	  4	  4	  4	  0	  0	  0	  0	  0	  0	  0	  0	  0	  0	  0	  0	  0	  0	  0	  0	  0	  0	  0	  0	  0	  0	  0	  0	 83	 51	 21	 74	  0	 27	  0	  0	  0	  0	  0	  0	  0	  0	  0	  0	  0	  5	21820	  0
07/06/2016	17:29:36	<-	L	00000000	 22	 84	 51	 19	  0	 54	  0	  4	  4	  4	  4	  4	  4	  4	  4	  0	  0	  0	  0	  0	  0	  0	  0	  0	  0	  0	  0	  0	  0	  0	  0	  0	  0	  0	  0	  0	  0	  0	  0	 84	 51	 20	 74	  0	 27	  0	  0	  0	  0	  0	  0	  0	  0	  0	  0	  0	  5	21820	  0
07/06/2016	17:34:36	<-	L	00000000	 22	 86	 51	 18	  0	 59	  0	  4	  4	  4	  4	  4	  4	  4	  4	  0	  0	  0	  0	  0	  0	  0	  0	  0	  0	  0	  0	  0	  0	  0	  0	  0	  0	  0	  0	  0	  0	  0	  0	 86	 51	 19	 75	  0	 28	  0	  0	  0	  0	  0	  0	  0	  0	  0	  0	  0	  5	21820	  0
07/06/2016	17:39:36	<-	L	00000000	 22	 83	 50	 20	  0	 64	  0	  4	  4	  4	  4	  4	  4	  4	  4	  0	  0	  0	  0	  0	  0	  0	  0	  0	  0	  0	  0	  0	  0	  0	  0	  0	  0	  0	  0	  0	  0	  0	  0	 83	 50	 20	 74	  0	 27	  0	  0	  0	  0	  0	  0	  0	  0	  0	  0	  0	  5	21820	  0
07/06/2016	17:44:36	<-	L	00000000	 22	 85	 50	 20	  0	 69	  0	  4	  4	  4	  4	  4	  4	  4	  4	  0	  0	  0	  0	  0	  0	  0	  0	  0	  0	  0	  0	  0	  0	  0	  0	  0	  0	  0	  0	  0	  0	  0	  0	 85	 50	 19	 74	  0	 27	  0	  0	  0	  0	  0	  0	  0	  0	  0	  0	  0	  5	21820	  0
07/06/2016	18:44:36	  	L	00000000	 22	 66	 40	 21	  0	 73	  0	  4	  4	  4	  4	  4	  4	  4	  4	  0	  0	  0	  0	  0	  0	  0	  0	  0	  0	  0	  0	  0	  0	  0	  0	  0	  0	  0	  0	  0	  0	  0	  0	 66	 40	 21	 62	  0	 24	  0	  0	  0	  0	  0	  0	  0	  0	  0	  0	  0	  5	21820	  0
07/06/2016	18:49:36	<-	L	00000000	 22	 89	 50	 16	  0	 78	  0	  4	  4	  4	  4	  4	  4	  4	  4	  0	  0	  0	  0	  0	  0	  0	  0	  0	  0	  0	  0	  0	  0	  0	  0	  0	  0	  0	  0	  0	  0	  0	  0	 89	 50	 16	 76	  0	 26	  0	  0	  0	  0	  0	  0	  0	  0	  0	  0	  0	  5	21820	  0
07/06/2016	18:54:36	<-	L	00000000	 22	 85	 50	 18	  0	 83	  0	  4	  4	  4	  4	  4	  4	  4	  4	  0	  0	  0	  0	  0	  0	  0	  0	  0	  0	  0	  0	  0	  0	  0	  0	  0	  0	  0	  0	  0	  0	  0	  0	 85	 50	 19	 76	  0	 26	  0	  0	  0	  0	  0	  0	  0	  0	  0	  0	  0	  5	21820	  0
07/06/2016	18:59:36	<-	L	00000000	 22	 86	 50	 19	  0	 88	  0	  4	  4	  4	  4	  4	  4	  4	  4	  0	  0	  0	  0	  0	  0	  0	  0	  0	  0	  0	  0	  0	  0	  0	  0	  0	  0	  0	  0	  0	  0	  0	  0	 86	 50	 18	 76	  0	 26	  0	  0	  0	  0	  0	  0	  0	  0	  0	  0	  0	  5	21820	  0
07/06/2016	19:04:36	<-	L	00000000	 22	 91	 51	 16	  0	 93	  0	  4	  4	  4	  4	  4	  4	  4	  4	  0	  0	  0	  0	  0	  0	  0	  0	  0	  0	  0	  0	  0	  0	  0	  0	  0	  0	  0	  0	  0	  0	  0	  0	 91	 51	 16	 78	  0	 25	  0	  0	  0	  0	  0	  0	  0	  0	  0	  0	  0	  5	21820	  0
07/06/2016	19:09:36	<-	L	00000000	 22	 88	 51	 17	  0	 98	  0	  4	  4	  4	  4	  4	  4	  4	  4	  0	  0	  0	  0	  0	  0	  0	  0	  0	  0	  0	  0	  0	  0	  0	  0	  0	  0	  0	  0	  0	  0	  0	  0	 88	 51	 18	 78	  0	 25	  0	  0	  0	  0	  0	  0	  0	  0	  0	  0	  0	  5	21820	  0
07/06/2016	19:14:36	<-	L	00000000	 22	 85	 51	 19	  0	103	  0	  4	  4	  4	  4	  4	  4	  4	  4	  0	  0	  0	  0	  0	  0	  0	  0	  0	  0	  0	  0	  0	  0	  0	  0	  0	  0	  0	  0	  0	  0	  0	  0	 85	 51	 20	 77	  0	 27	  0	  0	  0	  0	  0	  0	  0	  0	  0	  0	  0	  5	21820	  0
07/06/2016	19:19:36	<-	L	00000000	 22	 83	 51	 21	  0	108	  0	  4	  4	  4	  4	  4	  4	  4	  4	  0	  0	  0	  0	  0	  0	  0	  0	  0	  0	  0	  0	  0	  0	  0	  0	  0	  0	  0	  0	  0	  0	  0	  0	 83	 51	 21	 76	  0	 26	  0	  0	  0	  0	  0	  0	  0	  0	  0	  0	  0	  5	21820	  0
07/06/2016	19:24:36	<-	L	00000000	 22	 85	 51	 20	  0	113	  0	  4	  4	  4	  4	  4	  4	  4	  4	  0	  0	  0	  0	  0	  0	  0	  0	  0	  0	  0	  0	  0	  0	  0	  0	  0	  0	  0	  0	  0	  0	  0	  0	 85	 51	 20	 77	  0	 27	  0	  0	  0	  0	  0	  0	  0	  0	  0	  0	  0	  5	21820	  0
07/06/2016	19:29:36	<-	L	00000000	 22	 80	 50	 22	  0	118	  0	  4	  4	  4	  4	  4	  4	  4	  4	  0	  0	  0	  0	  0	  0	  0	  0	  0	  0	  0	  0	  0	  0	  0	  0	  0	  0	  0	  0	  0	  0	  0	  0	 80	 50	 22	 75	  0	 25	  0	  0	  0	  0	  0	  0	  0	  0	  0	  0	  0	  5	21820	  0
07/06/2016	19:34:36	<-	L	00000000	 22	 87	 52	 19	  0	123	  0	  4	  4	  4	  4	  4	  4	  4	  4	  0	  0	  0	  0	  0	  0	  0	  0	  0	  0	  0	  0	  0	  0	  0	  0	  0	  0	  0	  0	  0	  0	  0	  0	 87	 52	 19	 78	  0	 27	  0	  0	  0	  0	  0	  0	  0	  0	  0	  0	  0	  5	21820	  0
07/06/2016	19:39:36	<-	L	00000000	 22	 86	 52	 19	  0	128	  0	  4	  4	  4	  4	  4	  4	  4	  4	  0	  0	  0	  0	  0	  0	  0	  0	  0	  0	  0	  0	  0	  0	  0	  0	  0	  0	  0	  0	  0	  0	  0	  0	 86	 52	 20	 78	  0	 27	  0	  0	  0	  0	  0	  0	  0	  0	  0	  0	  0	  5	21820	  0
07/06/2016	19:44:36	<-	L	00000000	 22	 84	 51	 21	  0	133	  0	  4	  4	  4	  4	  4	  4	  4	  4	  0	  0	  0	  0	  0	  0	  0	  0	  0	  0	  0	  0	  0	  0	  0	  0	  0	  0	  0	  0	  0	  0	  0	  0	 84	 51	 20	 77	  0	 27	  0	  0	  0	  0	  0	  0	  0	  0	  0	  0	  0	  5	21820	  0
07/06/2016	19:49:36	<-	L	00000000	 22	 89	 51	 18	  0	138	  0	  4	  4	  4	  4	  4	  4	  4	  4	  0	  0	  0	  0	  0	  0	  0	  0	  0	  0	  0	  0	  0	  0	  0	  0	  0	  0	  0	  0	  0	  0	  0	  0	 89	 52	 18	 79	  0	 25	  0	  0	  0	  0	  0	  0	  0	  0	  0	  0	  0	  5	21820	  0
07/06/2016	19:54:36	<-	L	00000000	 22	 90	 52	 19	  0	143	  0	  4	  4	  4	  4	  4	  4	  4	  4	  0	  0	  0	  0	  0	  0	  0	  0	  0	  0	  0	  0	  0	  0	  0	  0	  0	  0	  0	  0	  0	  0	  0	  0	 90	 52	 18	 78	  0	 27	  0	  0	  0	  0	  0	  0	  0	  0	  0	  0	  0	  5	21820	  0
07/06/2016	19:59:36	<-	L	00000000	 22	 92	 52	 17	  0	148	  0	  4	  4	  4	  4	  4	  4	  4	  4	  0	  0	  0	  0	  0	  0	  0	  0	  0	  0	  0	  0	  0	  0	  0	  0	  0	  0	  0	  0	  0	  0	  0	  0	 92	 52	 16	 79	  0	 25	  0	  0	  0	  0	  0	  0	  0	  0	  0	  0	  0	  5	21820	  0
07/06/2016	20:04:36	<-	L	00000000	 22	 91	 53	 18	  0	153	  0	  4	  4	  4	  4	  4	  4	  4	  4	  0	  0	  0	  0	  0	  0	  0	  0	  0	  0	  0	  0	  0	  0	  0	  0	  0	  0	  0	  0	  0	  0	  0	  0	 91	 53	 18	 80	  0	 26	  0	  0	  0	  0	  0	  0	  0	  0	  0	  0	  0	  5	21820	  0
07/06/2016	20:09:36	<-	L	00000000	 22	 88	 52	 18	  0	158	  0	  4	  4	  4	  4	  4	  4	  4	  4	  0	  0	  0	  0	  0	  0	  0	  0	  0	  0	  0	  0	  0	  0	  0	  0	  0	  0	  0	  0	  0	  0	  0	  0	 88	 52	 19	 79	  0	 25	  0	  0	  0	  0	  0	  0	  0	  0	  0	  0	  0	  5	21820	  0
07/06/2016	20:14:36	<-	L	00000000	 22	 86	 52	 19	  0	163	  0	  4	  4	  4	  4	  4	  4	  4	  4	  0	  0	  0	  0	  0	  0	  0	  0	  0	  0	  0	  0	  0	  0	  0	  0	  0	  0	  0	  0	  0	  0	  0	  0	 86	 52	 20	 79	  0	 25	  0	  0	  0	  0	  0	  0	  0	  0	  0	  0	  0	  5	21820	  0
07/06/2016	20:39:36	  	L	00000000	 22	 75	 44	 18	  0	167	  0	  4	  4	  4	  4	  4	  4	  4	  4	  0	  0	  0	  0	  0	  0	  0	  0	  0	  0	  0	  0	  0	  0	  0	  0	  0	  0	  0	  0	  0	  0	  0	  0	 75	 44	 18	 69	  0	 23	  0	  0	  0	  0	  0	  0	  0	  0	  0	  0	  0	  5	21820	  0
07/06/2016	23:39:36	  	L	00000000	 22	 56	 34	 21	  0	172	  0	  4	  4	  4	  4	  4	  4	  4	  4	  0	  0	  0	  0	  0	  0	  0	  0	  0	  0	  0	  0	  0	  0	  0	  0	  0	  0	  0	  0	  0	  0	  0	  0	 56	 34	 21	 53	  0	 28	  0	  0	  0	  0	  0	  0	  0	  0	  0	  0	  0	  5	21820	  0
07/06/2016	23:44:36	<-	L	00000000	 22	 83	 44	 14	  0	177	  0	  4	  4	  4	  4	  4	  4	  4	  4	  0	  0	  0	  0	  0	  0	  0	  0	  0	  0	  0	  0	  0	  0	  0	  0	  0	  0	  0	  0	  0	  0	  0	  0	 83	 44	 14	 67	  0	 24	  0	  0	  0	  0	  0	  0	  0	  0	  0	  0	  0	  5	21820	  0
07/06/2016	23:49:36	<-	L	00000000	 22	 86	 46	 13	  0	182	  0	  4	  4	  4	  4	  4	  4	  4	  4	  0	  0	  0	  0	  0	  0	  0	  0	  0	  0	  0	  0	  0	  0	  0	  0	  0	  0	  0	  0	  0	  0	  0	  0	 86	 46	 14	 71	  0	 23	  0	  0	  0	  0	  0	  0	  0	  0	  0	  0	  0	  5	21820	  0
07/06/2016	23:54:36	<-	L	00000000	 22	 85	 46	 15	  0	187	  0	  4	  4	  4	  4	  4	  4	  4	  4	  0	  0	  0	  0	  0	  0	  0	  0	  0	  0	  0	  0	  0	  0	  0	  0	  0	  0	  0	  0	  0	  0	  0	  0	 85	 46	 15	 71	  0	 23	  0	  0	  0	  0	  0	  0	  0	  0	  0	  0	  0	  5	21820	  0
07/06/2016	23:59:36	<-	L	00000000	 22	 86	 47	 15	  0	192	  0	  4	  4	  4	  4	  4	  4	  4	  4	  0	  0	  0	  0	  0	  0	  0	  0	  0	  0	  0	  0	  0	  0	  0	  0	  0	  0	  0	  0	  0	  0	  0	  0	 86	 47	 15	 73	  0	 25	  0	  0	  0	  0	  0	  0	  0	  0	  0	  0	  0	  5	21820	  0
08/06/2016	00:04:36	<-	L	00000000	 22	 84	 47	 17	  0	197	  0	  4	  4	  4	  4	  4	  4	  4	  4	  0	  0	  0	  0	  0	  0	  0	  0	  0	  0	  0	  0	  0	  0	  0	  0	  0	  0	  0	  0	  0	  0	  0	  0	 84	 47	 16	 72	  0	 24	  0	  0	  0	  0	  0	  0	  0	  0	  0	  0	  0	  5	21820	  0
08/06/2016	00:09:36	<-	L	00000000	 22	 88	 48	 14	  0	202	  0	  4	  4	  4	  4	  4	  4	  4	  4	  0	  0	  0	  0	  0	  0	  0	  0	  0	  0	  0	  0	  0	  0	  0	  0	  0	  0	  0	  0	  0	  0	  0	  0	 88	 48	 15	 74	  0	 25	  0	  0	  0	  0	  0	  0	  0	  0	  0	  0	  0	  5	21820	  0
08/06/2016	00:14:36	<-	L	00000000	 22	 84	 48	 18	  0	207	  0	  4	  4	  4	  4	  4	  4	  4	  4	  0	  0	  0	  0	  0	  0	  0	  0	  0	  0	  0	  0	  0	  0	  0	  0	  0	  0	  0	  0	  0	  0	  0	  0	 84	 48	 17	 72	  0	 26	  0	  0	  0	  0	  0	  0	  0	  0	  0	  0	  0	  5	21820	  0
08/06/2016	00:19:36	<-	L	00000000	 22	 89	 49	 15	  0	212	  0	  4	  4	  4	  4	  4	  4	  4	  4	  0	  0	  0	  0	  0	  0	  0	  0	  0	  0	  0	  0	  0	  0	  0	  0	  0	  0	  0	  0	  0	  0	  0	  0	 88	 49	 15	 75	  0	 26	  0	  0	  0	  0	  0	  0	  0	  0	  0	  0	  0	  5	21820	  0
08/06/2016	00:24:36	<-	L	00000000	 22	 84	 49	 18	  0	217	  0	  4	  4	  4	  4	  4	  4	  4	  4	  0	  0	  0	  0	  0	  0	  0	  0	  0	  0	  0	  0	  0	  0	  0	  0	  0	  0	  0	  0	  0	  0	  0	  0	 84	 49	 18	 73	  0	 27	  0	  0	  0	  0	  0	  0	  0	  0	  0	  0	  0	  5	21820	  0
08/06/2016	00:29:36	<-	L	00000000	 22	 87	 49	 17	  0	222	  0	  4	  4	  4	  4	  4	  4	  4	  4	  0	  0	  0	  0	  0	  0	  0	  0	  0	  0	  0	  0	  0	  0	  0	  0	  0	  0	  0	  0	  0	  0	  0	  0	 87	 49	 16	 74	  0	 25	  0	  0	  0	  0	  0	  0	  0	  0	  0	  0	  0	  5	21820	  0
08/06/2016	00:34:36	<-	L	00000000	 22	 88	 49	 16	  0	227	  0	  4	  4	  4	  4	  4	  4	  4	  4	  0	  0	  0	  0	  0	  0	  0	  0	  0	  0	  0	  0	  0	  0	  0	  0	  0	  0	  0	  0	  0	  0	  0	  0	 88	 49	 16	 75	  0	 26	  0	  0	  0	  0	  0	  0	  0	  0	  0	  0	  0	  5	21820	  0
08/06/2016	00:39:36	<-	L	00000000	 22	 84	 49	 19	  0	232	  0	  4	  4	  4	  4	  4	  4	  4	  4	  0	  0	  0	  0	  0	  0	  0	  0	  0	  0	  0	  0	  0	  0	  0	  0	  0	  0	  0	  0	  0	  0	  0	  0	 84	 49	 18	 74	  0	 25	  0	  0	  0	  0	  0	  0	  0	  0	  0	  0	  0	  5	21820	  0
08/06/2016	00:44:36	<-	L	00000000	 22	 89	 50	 16	  0	237	  0	  4	  4	  4	  4	  4	  4	  4	  4	  0	  0	  0	  0	  0	  0	  0	  0	  0	  0	  0	  0	  0	  0	  0	  0	  0	  0	  0	  0	  0	  0	  0	  0	 89	 50	 16	 76	  0	 26	  0	  0	  0	  0	  0	  0	  0	  0	  0	  0	  0	  5	21820	  0
08/06/2016	00:49:36	<-	L	00000000	 22	 85	 50	 19	  0	242	  0	  4	  4	  4	  4	  4	  4	  4	  4	  0	  0	  0	  0	  0	  0	  0	  0	  0	  0	  0	  0	  0	  0	  0	  0	  0	  0	  0	  0	  0	  0	  0	  0	 85	 50	 19	 75	  0	 25	  0	  0	  0	  0	  0	  0	  0	  0	  0	  0	  0	  5	21820	  0
08/06/2016	00:54:36	->	L	00000000	 22	 85	 49	 18	  0	247	  0	  4	  4	  4	  4	  4	  4	  4	  4	  0	  0	  0	  0	  0	  0	  0	  0	  0	  0	  0	  0	  0	  0	  0	  0	  0	  0	  0	  0	  0	  0	  0	  0	 81	 49	 20	 85	  0	 18	  0	  0	  0	  0	  0	  0	  0	  0	  0	  0	  0	  5	21820	  0
08/06/2016	00:59:36	->	L	00000000	 22	 89	 48	 14	  0	252	  0	  4	  4	  4	  4	  4	  4	  4	  4	  0	  0	  0	  0	  0	  0	  0	  0	  0	  0	  0	  0	  0	  0	  0	  0	  0	  0	  0	  0	  0	  0	  0	  0	 79	 48	 20	 89	  0	 14	  0	  0	  0	  0	  0	  0	  0	  0	  0	  0	  0	  5	21820	  0
08/06/2016	01:04:36	->	L	00000000	 22	 86	 48	 15	  0	257	  0	  4	  4	  4	  4	  4	  4	  4	  4	  0	  0	  0	  0	  0	  0	  0	  0	  0	  0	  0	  0	  0	  0	  0	  0	  0	  0	  0	  0	  0	  0	  0	  0	 78	 48	 21	 85	  0	 16	  0	  0	  0	  0	  0	  0	  0	  0	  0	  0	  0	  5	21820	  0
08/06/2016	01:09:36	->	L	00000000	 22	 84	 47	 17	  0	262	  0	  4	  4	  4	  4	  4	  4	  4	  4	  0	  0	  0	  0	  0	  0	  0	  0	  0	  0	  0	  0	  0	  0	  0	  0	  0	  0	  0	  0	  0	  0	  0	  0	 76	 47	 21	 84	  0	 16	  0	  0	  0	  0	  0	  0	  0	  0	  0	  0	  0	  5	21820	  0
08/06/2016	01:14:36	->	L	00000000	 22	 90	 48	 14	  0	267	  0	  4	  4	  4	  4	  4	  4	  4	  4	  0	  0	  0	  0	  0	  0	  0	  0	  0	  0	  0	  0	  0	  0	  0	  0	  0	  0	  0	  0	  0	  0	  0	  0	 78	 48	 21	 90	  0	 14	  0	  0	  0	  0	  0	  0	  0	  0	  0	  0	  0	  5	21820	  0
08/06/2016	01:19:37	->	L	00000000	 22	 86	 48	 16	  0	272	  0	  4	  4	  4	  4	  4	  4	  4	  4	  0	  0	  0	  0	  0	  0	  0	  0	  0	  0	  0	  0	  0	  0	  0	  0	  0	  0	  0	  0	  0	  0	  0	  0	 77	 48	 21	 86	  0	 16	  0	  0	  0	  0	  0	  0	  0	  0	  0	  0	  0	  5	21820	  0
08/06/2016	01:24:36	->	L	00000000	 22	 83	 47	 17	  0	277	  0	  4	  4	  4	  4	  4	  4	  4	  4	  0	  0	  0	  0	  0	  0	  0	  0	  0	  0	  0	  0	  0	  0	  0	  0	  0	  0	  0	  0	  0	  0	  0	  0	 76	 47	 21	 83	  0	 17	  0	  0	  0	  0	  0	  0	  0	  0	  0	  0	  0	  5	21820	  0
08/06/2016	01:29:36	->	L	00000000	 22	 90	 48	 14	  0	282	  0	  4	  4	  4	  4	  4	  4	  4	  4	  0	  0	  0	  0	  0	  0	  0	  0	  0	  0	  0	  0	  0	  0	  0	  0	  0	  0	  0	  0	  0	  0	  0	  0	 78	 48	 21	 90	  0	 14	  0	  0	  0	  0	  0	  0	  0	  0	  0	  0	  0	  5	21820	  0
08/06/2016	01:34:37	->	L	00000000	 22	 88	 48	 14	  0	287	  0	  4	  4	  4	  4	  4	  4	  4	  4	  0	  0	  0	  0	  0	  0	  0	  0	  0	  0	  0	  0	  0	  0	  0	  0	  0	  0	  0	  0	  0	  0	  0	  0	 77	 48	 21	 87	  0	 15	  0	  0	  0	  0	  0	  0	  0	  0	  0	  0	  0	  5	21820	  0
08/06/2016	01:39:37	->	L	00000000	 22	 84	 47	 16	  0	292	  0	  4	  4	  4	  4	  4	  4	  4	  4	  0	  0	  0	  0	  0	  0	  0	  0	  0	  0	  0	  0	  0	  0	  0	  0	  0	  0	  0	  0	  0	  0	  0	  0	 76	 47	 21	 84	  0	 16	  0	  0	  0	  0	  0	  0	  0	  0	  0	  0	  0	  5	21820	  0
08/06/2016	01:44:37	->	L	00000000	 22	 87	 47	 15	  0	297	  0	  4	  4	  4	  4	  4	  4	  4	  4	  0	  0	  0	  0	  0	  0	  0	  0	  0	  0	  0	  0	  0	  0	  0	  0	  0	  0	  0	  0	  0	  0	  0	  0	 77	 47	 20	 87	  0	 14	  0	  0	  0	  0	  0	  0	  0	  0	  0	  0	  0	  5	21820	  0
08/06/2016	01:49:36	->	L	00000000	 22	 90	 48	 14	  0	302	  0	  4	  4	  4	  4	  4	  4	  4	  4	  0	  0	  0	  0	  0	  0	  0	  0	  0	  0	  0	  0	  0	  0	  0	  0	  0	  0	  0	  0	  0	  0	  0	  0	 78	 48	 21	 89	  0	 14	  0	  0	  0	  0	  0	  0	  0	  0	  0	  0	  0	  5	21820	  0
08/06/2016	01:54:37	->	L	00000000	 22	 86	 47	 15	  0	307	  0	  4	  4	  4	  4	  4	  4	  4	  4	  0	  0	  0	  0	  0	  0	  0	  0	  0	  0	  0	  0	  0	  0	  0	  0	  0	  0	  0	  0	  0	  0	  0	  0	 77	 47	 20	 86	  0	 15	  0	  0	  0	  0	  0	  0	  0	  0	  0	  0	  0	  5	21820	  0
08/06/2016	01:59:36	->	L	00000000	 22	 84	 47	 16	  0	312	  0	  4	  4	  4	  4	  4	  4	  4	  4	  0	  0	  0	  0	  0	  0	  0	  0	  0	  0	  0	  0	  0	  0	  0	  0	  0	  0	  0	  0	  0	  0	  0	  0	 76	 47	 21	 84	  0	 16	  0	  0	  0	  0	  0	  0	  0	  0	  0	  0	  0	  5	21820	  0
08/06/2016	02:04:36	->	L	00000000	 22	 88	 47	 14	  0	317	  0	  4	  4	  4	  4	  4	  4	  4	  4	  0	  0	  0	  0	  0	  0	  0	  0	  0	  0	  0	  0	  0	  0	  0	  0	  0	  0	  0	  0	  0	  0	  0	  0	 77	 47	 20	 88	  0	 14	  0	  0	  0	  0	  0	  0	  0	  0	  0	  0	  0	  5	21820	  0
08/06/2016	02:09:36	->	L	00000000	 22	 87	 47	 15	  0	322	  0	  4	  4	  4	  4	  4	  4	  4	  4	  0	  0	  0	  0	  0	  0	  0	  0	  0	  0	  0	  0	  0	  0	  0	  0	  0	  0	  0	  0	  0	  0	  0	  0	 78	 47	 20	 87	  0	 14	  0	  0	  0	  0	  0	  0	  0	  0	  0	  0	  0	  5	21820	  0
08/06/2016	02:14:36	->	L	00000000	 22	 84	 47	 16	  0	327	  0	  4	  4	  4	  4	  4	  4	  4	  4	  0	  0	  0	  0	  0	  0	  0	  0	  0	  0	  0	  0	  0	  0	  0	  0	  0	  0	  0	  0	  0	  0	  0	  0	 77	 47	 20	 84	  0	 16	  0	  0	  0	  0	  0	  0	  0	  0	  0	  0	  0	  5	21820	  0
08/06/2016	02:19:36	->	L	00000000	 22	 87	 47	 15	  0	332	  0	  4	  4	  4	  4	  4	  4	  4	  4	  0	  0	  0	  0	  0	  0	  0	  0	  0	  0	  0	  0	  0	  0	  0	  0	  0	  0	  0	  0	  0	  0	  0	  0	 77	 47	 20	 87	  0	 14	  0	  0	  0	  0	  0	  0	  0	  0	  0	  0	  0	  5	21820	  0
08/06/2016	02:24:36	->	L	00000000	 22	 88	 47	 13	  0	337	  0	  4	  4	  4	  4	  4	  4	  4	  4	  0	  0	  0	  0	  0	  0	  0	  0	  0	  0	  0	  0	  0	  0	  0	  0	  0	  0	  0	  0	  0	  0	  0	  0	 78	 47	 20	 88	  0	 14	  0	  0	  0	  0	  0	  0	  0	  0	  0	  0	  0	  5	21820	  0
08/06/2016	02:29:36	->	L	00000000	 22	 85	 47	 16	  0	342	  0	  4	  4	  4	  4	  4	  4	  4	  4	  0	  0	  0	  0	  0	  0	  0	  0	  0	  0	  0	  0	  0	  0	  0	  0	  0	  0	  0	  0	  0	  0	  0	  0	 77	 47	 20	 85	  0	 16	  0	  0	  0	  0	  0	  0	  0	  0	  0	  0	  0	  5	21820	  0
08/06/2016	02:34:36	->	L	00000000	 22	 84	 47	 17	  0	347	  0	  4	  4	  4	  4	  4	  4	  4	  4	  0	  0	  0	  0	  0	  0	  0	  0	  0	  0	  0	  0	  0	  0	  0	  0	  0	  0	  0	  0	  0	  0	  0	  0	 76	 47	 21	 84	  0	 16	  0	  0	  0	  0	  0	  0	  0	  0	  0	  0	  0	  5	21820	  0
08/06/2016	02:39:36	->	L	00000000	 22	 89	 47	 13	  0	352	  0	  4	  4	  4	  4	  4	  4	  4	  4	  0	  0	  0	  0	  0	  0	  0	  0	  0	  0	  0	  0	  0	  0	  0	  0	  0	  0	  0	  0	  0	  0	  0	  0	 78	 47	 20	 89	  0	 13	  0	  0	  0	  0	  0	  0	  0	  0	  0	  0	  0	  5	21820	  0
08/06/2016	02:44:36	->	L	00000000	 22	 88	 47	 14	  0	357	  0	  4	  4	  4	  4	  4	  4	  4	  4	  0	  0	  0	  0	  0	  0	  0	  0	  0	  0	  0	  0	  0	  0	  0	  0	  0	  0	  0	  0	  0	  0	  0	  0	 78	 47	 20	 88	  0	 14	  0	  0	  0	  0	  0	  0	  0	  0	  0	  0	  0	  5	21820	  0
08/06/2016	02:49:36	->	L	00000000	 23	 85	 47	 15	  0	  1	  0	  4	  4	  4	  4	  4	  4	  4	  4	  0	  0	  0	  0	  0	  0	  0	  0	  0	  0	  0	  0	  0	  0	  0	  0	  0	  0	  0	  0	  0	  0	  0	  0	 77	 47	 20	 85	  0	 16	  0	  0	  0	  0	  0	  0	  0	  0	  0	  0	  0	  5	21824	  0
08/06/2016	02:54:36	->	L	00000000	 23	 84	 47	 16	  0	  6	  0	  4	  4	  4	  4	  4	  4	  4	  4	  0	  0	  0	  0	  0	  0	  0	  0	  0	  0	  0	  0	  0	  0	  0	  0	  0	  0	  0	  0	  0	  0	  0	  0	 76	 47	 21	 84	  0	 16	  0	  0	  0	  0	  0	  0	  0	  0	  0	  0	  0	  5	21824	  0
08/06/2016	02:59:36	->	L	00000000	 23	 89	 47	 13	  0	 11	  0	  4	  4	  4	  4	  4	  4	  4	  4	  0	  0	  0	  0	  0	  0	  0	  0	  0	  0	  0	  0	  0	  0	  0	  0	  0	  0	  0	  0	  0	  0	  0	  0	 78	 47	 20	 89	  0	 13	  0	  0	  0	  0	  0	  0	  0	  0	  0	  0	  0	  5	21824	  0
08/06/2016	03:04:36	->	L	00000000	 23	 88	 47	 14	  0	 16	  0	  4	  4	  4	  4	  4	  4	  4	  4	  0	  0	  0	  0	  0	  0	  0	  0	  0	  0	  0	  0	  0	  0	  0	  0	  0	  0	  0	  0	  0	  0	  0	  0	 78	 47	 20	 88	  0	 14	  0	  0	  0	  0	  0	  0	  0	  0	  0	  0	  0	  5	21824	  0
08/06/2016	03:09:36	->	L	00000000	 23	 84	 47	 16	  0	 21	  0	  4	  4	  4	  4	  4	  4	  4	  4	  0	  0	  0	  0	  0	  0	  0	  0	  0	  0	  0	  0	  0	  0	  0	  0	  0	  0	  0	  0	  0	  0	  0	  0	 77	 47	 20	 84	  0	 16	  0	  0	  0	  0	  0	  0	  0	  0	  0	  0	  0	  5	21824	  0
08/06/2016	03:14:36	->	L	00000000	 23	 87	 47	 15	  0	 26	  0	  4	  4	  4	  4	  4	  4	  4	  4	  0	  0	  0	  0	  0	  0	  0	  0	  0	  0	  0	  0	  0	  0	  0	  0	  0	  0	  0	  0	  0	  0	  0	  0	 78	 47	 20	 87	  0	 14	  0	  0	  0	  0	  0	  0	  0	  0	  0	  0	  0	  5	21824	  0
08/06/2016	03:19:36	->	L	00000000	 23	 91	 47	 13	  0	 31	  0	  4	  4	  4	  4	  4	  4	  4	  4	  0	  0	  0	  0	  0	  0	  0	  0	  0	  0	  0	  0	  0	  0	  0	  0	  0	  0	  0	  0	  0	  0	  0	  0	 79	 47	 19	 91	  0	 12	  0	  0	  0	  0	  0	  0	  0	  0	  0	  0	  0	  5	21824	  0
08/06/2016	03:24:36	->	L	00000000	 23	 89	 47	 13	  0	 36	  0	  4	  4	  4	  4	  4	  4	  4	  4	  0	  0	  0	  0	  0	  0	  0	  0	  0	  0	  0	  0	  0	  0	  0	  0	  0	  0	  0	  0	  0	  0	  0	  0	 79	 47	 19	 89	  0	 13	  0	  0	  0	  0	  0	  0	  0	  0	  0	  0	  0	  5	21824	  0
08/06/2016	03:29:36	->	L	00000000	 23	 87	 47	 14	  0	 41	  0	  4	  4	  4	  4	  4	  4	  4	  4	  0	  0	  0	  0	  0	  0	  0	  0	  0	  0	  0	  0	  0	  0	  0	  0	  0	  0	  0	  0	  0	  0	  0	  0	 78	 47	 20	 87	  0	 14	  0	  0	  0	  0	  0	  0	  0	  0	  0	  0	  0	  5	21824	  0
08/06/2016	03:34:36	->	L	00000000	 23	 85	 47	 15	  0	 46	  0	  4	  4	  4	  4	  4	  4	  4	  4	  0	  0	  0	  0	  0	  0	  0	  0	  0	  0	  0	  0	  0	  0	  0	  0	  0	  0	  0	  0	  0	  0	  0	  0	 78	 47	 20	 85	  0	 16	  0	  0	  0	  0	  0	  0	  0	  0	  0	  0	  0	  5	21824	  0
08/06/2016	03:39:36	->	L	00000000	 23	 84	 47	 16	  0	 51	  0	  4	  4	  4	  4	  4	  4	  4	  4	  0	  0	  0	  0	  0	  0	  0	  0	  0	  0	  0	  0	  0	  0	  0	  0	  0	  0	  0	  0	  0	  0	  0	  0	 77	 47	 20	 84	  0	 16	  0	  0	  0	  0	  0	  0	  0	  0	  0	  0	  0	  5	21810	  0
08/06/2016	03:44:36	->	L	00000000	 23	 86	 47	 16	  0	 56	  0	  4	  4	  4	  4	  4	  4	  4	  4	  0	  0	  0	  0	  0	  0	  0	  0	  0	  0	  0	  0	  0	  0	  0	  0	  0	  0	  0	  0	  0	  0	  0	  0	 77	 47	 20	 86	  0	 15	  0	  0	  0	  0	  0	  0	  0	  0	  0	  0	  0	  5	21810	  0
08/06/2016	03:49:36	->	L	00000000	 23	 89	 47	 14	  0	 61	  0	  4	  4	  4	  4	  4	  4	  4	  4	  0	  0	  0	  0	  0	  0	  0	  0	  0	  0	  0	  0	  0	  0	  0	  0	  0	  0	  0	  0	  0	  0	  0	  0	 78	 47	 20	 89	  0	 13	  0	  0	  0	  0	  0	  0	  0	  0	  0	  0	  0	  5	21810	  0
08/06/2016	03:54:36	->	L	00000000	 23	 90	 47	 13	  0	 66	  0	  4	  4	  4	  4	  4	  4	  4	  4	  0	  0	  0	  0	  0	  0	  0	  0	  0	  0	  0	  0	  0	  0	  0	  0	  0	  0	  0	  0	  0	  0	  0	  0	 79	 47	 19	 90	  0	 13	  0	  0	  0	  0	  0	  0	  0	  0	  0	  0	  0	  5	21810	  0
08/06/2016	03:59:36	->	L	00000000	 23	 89	 47	 13	  0	 71	  0	  4	  4	  4	  4	  4	  4	  4	  4	  0	  0	  0	  0	  0	  0	  0	  0	  0	  0	  0	  0	  0	  0	  0	  0	  0	  0	  0	  0	  0	  0	  0	  0	 79	 47	 19	 89	  0	 13	  0	  0	  0	  0	  0	  0	  0	  0	  0	  0	  0	  5	21810	  0
08/06/2016	04:04:36	->	L	00000000	 23	 88	 47	 14	  0	 76	  0	  4	  4	  4	  4	  4	  4	  4	  4	  0	  0	  0	  0	  0	  0	  0	  0	  0	  0	  0	  0	  0	  0	  0	  0	  0	  0	  0	  0	  0	  0	  0	  0	 79	 47	 19	 88	  0	 14	  0	  0	  0	  0	  0	  0	  0	  0	  0	  0	  0	  5	21810	  0
08/06/2016	04:09:36	->	L	00000000	 23	 86	 47	 15	  0	 81	  0	  4	  4	  4	  4	  4	  4	  4	  4	  0	  0	  0	  0	  0	  0	  0	  0	  0	  0	  0	  0	  0	  0	  0	  0	  0	  0	  0	  0	  0	  0	  0	  0	 78	 47	 20	 86	  0	 15	  0	  0	  0	  0	  0	  0	  0	  0	  0	  0	  0	  5	21810	  0
08/06/2016	04:14:36	->	L	00000000	 23	 84	 46	 15	  0	 86	  0	  4	  4	  4	  4	  4	  4	  4	  4	  0	  0	  0	  0	  0	  0	  0	  0	  0	  0	  0	  0	  0	  0	  0	  0	  0	  0	  0	  0	  0	  0	  0	  0	 78	 46	 19	 84	  0	 15	  0	  0	  0	  0	  0	  0	  0	  0	  0	  0	  0	  5	21810	  0
08/06/2016	04:19:36	->	L	00000000	 23	 84	 46	 15	  0	 91	  0	  4	  4	  4	  4	  4	  4	  4	  4	  0	  0	  0	  0	  0	  0	  0	  0	  0	  0	  0	  0	  0	  0	  0	  0	  0	  0	  0	  0	  0	  0	  0	  0	 77	 46	 19	 84	  0	 15	  0	  0	  0	  0	  0	  0	  0	  0	  0	  0	  0	  5	21810	  0
08/06/2016	04:24:36	->	L	00000000	 23	 86	 46	 15	  0	 96	  0	  4	  4	  4	  4	  4	  4	  4	  4	  0	  0	  0	  0	  0	  0	  0	  0	  0	  0	  0	  0	  0	  0	  0	  0	  0	  0	  0	  0	  0	  0	  0	  0	 78	 46	 19	 86	  0	 14	  0	  0	  0	  0	  0	  0	  0	  0	  0	  0	  0	  5	21810	  0
08/06/2016	04:29:36	->	L	00000000	 23	 89	 46	 13	  0	101	  0	  4	  4	  4	  4	  4	  4	  4	  4	  0	  0	  0	  0	  0	  0	  0	  0	  0	  0	  0	  0	  0	  0	  0	  0	  0	  0	  0	  0	  0	  0	  0	  0	 78	 46	 19	 89	  0	 12	  0	  0	  0	  0	  0	  0	  0	  0	  0	  0	  0	  5	21810	  0
08/06/2016	04:34:36	->	L	00000000	 23	 90	 46	 12	  0	106	  0	  4	  4	  4	  4	  4	  4	  4	  4	  0	  0	  0	  0	  0	  0	  0	  0	  0	  0	  0	  0	  0	  0	  0	  0	  0	  0	  0	  0	  0	  0	  0	  0	 79	 46	 18	 90	  0	 12	  0	  0	  0	  0	  0	  0	  0	  0	  0	  0	  0	  5	21810	  0
08/06/2016	04:39:36	->	L	00000000	 23	 89	 46	 12	  0	111	  0	  4	  4	  4	  4	  4	  4	  4	  4	  0	  0	  0	  0	  0	  0	  0	  0	  0	  0	  0	  0	  0	  0	  0	  0	  0	  0	  0	  0	  0	  0	  0	  0	 79	 46	 18	 89	  0	 12	  0	  0	  0	  0	  0	  0	  0	  0	  0	  0	  0	  5	21810	  0
08/06/2016	04:44:36	->	L	00000000	 23	 86	 46	 13	  0	116	  0	  4	  4	  4	  4	  4	  4	  4	  4	  0	  0	  0	  0	  0	  0	  0	  0	  0	  0	  0	  0	  0	  0	  0	  0	  0	  0	  0	  0	  0	  0	  0	  0	 78	 46	 19	 86	  0	 14	  0	  0	  0	  0	  0	  0	  0	  0	  0	  0	  0	  5	21810	  0
08/06/2016	04:49:36	->	L	00000000	 23	 86	 46	 14	  0	121	  0	  4	  4	  4	  4	  4	  4	  4	  4	  0	  0	  0	  0	  0	  0	  0	  0	  0	  0	  0	  0	  0	  0	  0	  0	  0	  0	  0	  0	  0	  0	  0	  0	 78	 46	 19	 86	  0	 14	  0	  0	  0	  0	  0	  0	  0	  0	  0	  0	  0	  5	21810	  0
08/06/2016	04:54:36	<-	L	00000000	 23	 84	 47	 16	  0	126	  0	  4	  4	  4	  4	  4	  4	  4	  4	  0	  0	  0	  0	  0	  0	  0	  0	  0	  0	  0	  0	  0	  0	  0	  0	  0	  0	  0	  0	  0	  0	  0	  0	 83	 47	 17	 84	  0	 16	  0	  0	  0	  0	  0	  0	  0	  0	  0	  0	  0	  5	21810	  0
08/06/2016	04:59:36	<-	L	00000000	 23	 84	 48	 17	  0	131	  0	  4	  4	  4	  4	  4	  4	  4	  4	  0	  0	  0	  0	  0	  0	  0	  0	  0	  0	  0	  0	  0	  0	  0	  0	  0	  0	  0	  0	  0	  0	  0	  0	 84	 48	 17	 76	  0	 22	  0	  0	  0	  0	  0	  0	  0	  0	  0	  0	  0	  5	21810	  0
08/06/2016	05:04:36	<-	L	00000000	 23	 84	 48	 17	  0	136	  0	  4	  4	  4	  4	  4	  4	  4	  4	  0	  0	  0	  0	  0	  0	  0	  0	  0	  0	  0	  0	  0	  0	  0	  0	  0	  0	  0	  0	  0	  0	  0	  0	 84	 48	 17	 76	  0	 22	  0	  0	  0	  0	  0	  0	  0	  0	  0	  0	  0	  5	21810	  0
08/06/2016	05:09:36	<-	L	00000000	 23	 85	 48	 17	  0	141	  0	  4	  4	  4	  4	  4	  4	  4	  4	  0	  0	  0	  0	  0	  0	  0	  0	  0	  0	  0	  0	  0	  0	  0	  0	  0	  0	  0	  0	  0	  0	  0	  0	 85	 48	 17	 76	  0	 22	  0	  0	  0	  0	  0	  0	  0	  0	  0	  0	  0	  5	21810	  0
08/06/2016	05:14:36	<-	L	00000000	 23	 87	 48	 16	  0	146	  0	  4	  4	  4	  4	  4	  4	  4	  4	  0	  0	  0	  0	  0	  0	  0	  0	  0	  0	  0	  0	  0	  0	  0	  0	  0	  0	  0	  0	  0	  0	  0	  0	 87	 48	 15	 76	  0	 22	  0	  0	  0	  0	  0	  0	  0	  0	  0	  0	  0	  5	21810	  0
08/06/2016	05:19:36	<-	L	00000000	 23	 90	 48	 15	  0	151	  0	  4	  4	  4	  4	  4	  4	  4	  4	  0	  0	  0	  0	  0	  0	  0	  0	  0	  0	  0	  0	  0	  0	  0	  0	  0	  0	  0	  0	  0	  0	  0	  0	 90	 48	 14	 77	  0	 22	  0	  0	  0	  0	  0	  0	  0	  0	  0	  0	  0	  5	21810	  0
08/06/2016	05:24:36	<-	L	00000000	 23	 90	 48	 14	  0	156	  0	  4	  4	  4	  4	  4	  4	  4	  4	  0	  0	  0	  0	  0	  0	  0	  0	  0	  0	  0	  0	  0	  0	  0	  0	  0	  0	  0	  0	  0	  0	  0	  0	 90	 48	 14	 77	  0	 22	  0	  0	  0	  0	  0	  0	  0	  0	  0	  0	  0	  5	21810	  0
08/06/2016	05:29:36	<-	L	00000000	 23	 92	 49	 14	  0	161	  0	  4	  4	  4	  4	  4	  4	  4	  4	  0	  0	  0	  0	  0	  0	  0	  0	  0	  0	  0	  0	  0	  0	  0	  0	  0	  0	  0	  0	  0	  0	  0	  0	 92	 49	 13	 78	  0	 22	  0	  0	  0	  0	  0	  0	  0	  0	  0	  0	  0	  5	21810	  0
08/06/2016	05:34:36	<-	L	00000000	 23	 92	 49	 14	  0	166	  0	  4	  4	  4	  4	  4	  4	  4	  4	  0	  0	  0	  0	  0	  0	  0	  0	  0	  0	  0	  0	  0	  0	  0	  0	  0	  0	  0	  0	  0	  0	  0	  0	 92	 49	 13	 77	  0	 23	  0	  0	  0	  0	  0	  0	  0	  0	  0	  0	  0	  5	21810	  0
08/06/2016	05:39:36	<-	L	00000000	 23	 92	 49	 14	  0	171	  0	  4	  4	  4	  4	  4	  4	  4	  4	  0	  0	  0	  0	  0	  0	  0	  0	  0	  0	  0	  0	  0	  0	  0	  0	  0	  0	  0	  0	  0	  0	  0	  0	 92	 49	 13	 78	  0	 22	  0	  0	  0	  0	  0	  0	  0	  0	  0	  0	  0	  5	21810	  0
08/06/2016	05:44:36	<-	L	00000000	 23	 93	 49	 13	  0	176	  0	  4	  4	  4	  4	  4	  4	  4	  4	  0	  0	  0	  0	  0	  0	  0	  0	  0	  0	  0	  0	  0	  0	  0	  0	  0	  0	  0	  0	  0	  0	  0	  0	 93	 49	 13	 78	  0	 22	  0	  0	  0	  0	  0	  0	  0	  0	  0	  0	  0	  5	21810	  0
08/06/2016	05:49:36	<-	L	00000000	 23	 90	 49	 14	  0	181	  0	  4	  4	  4	  4	  4	  4	  4	  4	  0	  0	  0	  0	  0	  0	  0	  0	  0	  0	  0	  0	  0	  0	  0	  0	  0	  0	  0	  0	  0	  0	  0	  0	 90	 49	 15	 77	  0	 23	  0	  0	  0	  0	  0	  0	  0	  0	  0	  0	  0	  5	21810	  0
08/06/2016	05:54:36	<-	L	00000000	 23	 92	 49	 13	  0	186	  0	  4	  4	  4	  4	  4	  4	  4	  4	  0	  0	  0	  0	  0	  0	  0	  0	  0	  0	  0	  0	  0	  0	  0	  0	  0	  0	  0	  0	  0	  0	  0	  0	 92	 49	 13	 78	  0	 22	  0	  0	  0	  0	  0	  0	  0	  0	  0	  0	  0	  5	21810	  0
08/06/2016	05:59:36	<-	L	00000000	 23	 92	 49	 13	  0	191	  0	  4	  4	  4	  4	  4	  4	  4	  4	  0	  0	  0	  0	  0	  0	  0	  0	  0	  0	  0	  0	  0	  0	  0	  0	  0	  0	  0	  0	  0	  0	  0	  0	 92	 49	 13	 78	  0	 22	  0	  0	  0	  0	  0	  0	  0	  0	  0	  0	  0	  5	21810	  0
08/06/2016	06:04:36	<-	L	00000000	 23	 91	 49	 14	  0	196	  0	  4	  4	  4	  4	  4	  4	  4	  4	  0	  0	  0	  0	  0	  0	  0	  0	  0	  0	  0	  0	  0	  0	  0	  0	  0	  0	  0	  0	  0	  0	  0	  0	 91	 49	 14	 78	  0	 22	  0	  0	  0	  0	  0	  0	  0	  0	  0	  0	  0	  5	21810	  0
08/06/2016	06:09:36	<-	L	00000000	 23	 91	 49	 14	  0	201	  0	  4	  4	  4	  4	  4	  4	  4	  4	  0	  0	  0	  0	  0	  0	  0	  0	  0	  0	  0	  0	  0	  0	  0	  0	  0	  0	  0	  0	  0	  0	  0	  0	 91	 49	 14	 78	  0	 22	  0	  0	  0	  0	  0	  0	  0	  0	  0	  0	  0	  5	21810	  0
08/06/2016	06:14:36	<-	L	00000000	 23	 90	 49	 15	  0	206	  0	  4	  4	  4	  4	  4	  4	  4	  4	  0	  0	  0	  0	  0	  0	  0	  0	  0	  0	  0	  0	  0	  0	  0	  0	  0	  0	  0	  0	  0	  0	  0	  0	 90	 49	 15	 78	  0	 22	  0	  0	  0	  0	  0	  0	  0	  0	  0	  0	  0	  5	21810	  0
08/06/2016	06:19:36	<-	L	00000000	 23	 89	 49	 15	  0	211	  0	  4	  4	  4	  4	  4	  4	  4	  4	  0	  0	  0	  0	  0	  0	  0	  0	  0	  0	  0	  0	  0	  0	  0	  0	  0	  0	  0	  0	  0	  0	  0	  0	 89	 49	 15	 77	  0	 23	  0	  0	  0	  0	  0	  0	  0	  0	  0	  0	  0	  5	21810	  0
08/06/2016	06:24:36	<-	L	00000000	 23	 88	 49	 15	  0	216	  0	  4	  4	  4	  4	  4	  4	  4	  4	  0	  0	  0	  0	  0	  0	  0	  0	  0	  0	  0	  0	  0	  0	  0	  0	  0	  0	  0	  0	  0	  0	  0	  0	 88	 49	 16	 77	  0	 23	  0	  0	  0	  0	  0	  0	  0	  0	  0	  0	  0	  5	21810	  0
08/06/2016	06:29:36	<-	L	00000000	 23	 87	 48	 16	  0	221	  0	  4	  4	  4	  4	  4	  4	  4	  4	  0	  0	  0	  0	  0	  0	  0	  0	  0	  0	  0	  0	  0	  0	  0	  0	  0	  0	  0	  0	  0	  0	  0	  0	 87	 48	 15	 76	  0	 22	  0	  0	  0	  0	  0	  0	  0	  0	  0	  0	  0	  5	21810	  0
08/06/2016	06:34:36	<-	L	00000000	 23	 87	 49	 16	  0	226	  0	  4	  4	  4	  4	  4	  4	  4	  4	  0	  0	  0	  0	  0	  0	  0	  0	  0	  0	  0	  0	  0	  0	  0	  0	  0	  0	  0	  0	  0	  0	  0	  0	 87	 49	 16	 77	  0	 23	  0	  0	  0	  0	  0	  0	  0	  0	  0	  0	  0	  5	21810	  0
08/06/2016	06:39:36	<-	L	00000000	 23	 86	 48	 15	  0	231	  0	  4	  4	  4	  4	  4	  4	  4	  4	  0	  0	  0	  0	  0	  0	  0	  0	  0	  0	  0	  0	  0	  0	  0	  0	  0	  0	  0	  0	  0	  0	  0	  0	 86	 48	 16	 76	  0	 22	  0	  0	  0	  0	  0	  0	  0	  0	  0	  0	  0	  5	21810	  0
08/06/2016	06:44:36	<-	L	00000000	 23	 91	 49	 14	  0	236	  0	  4	  4	  4	  4	  4	  4	  4	  4	  0	  0	  0	  0	  0	  0	  0	  0	  0	  0	  0	  0	  0	  0	  0	  0	  0	  0	  0	  0	  0	  0	  0	  0	 91	 49	 14	 77	  0	 23	  0	  0	  0	  0	  0	  0	  0	  0	  0	  0	  0	  5	21810	  0
08/06/2016	06:49:36	<-	L	00000000	 23	 91	 49	 14	  0	241	  0	  4	  4	  4	  4	  4	  4	  4	  4	  0	  0	  0	  0	  0	  0	  0	  0	  0	  0	  0	  0	  0	  0	  0	  0	  0	  0	  0	  0	  0	  0	  0	  0	 91	 49	 14	 78	  0	 22	  0	  0	  0	  0	  0	  0	  0	  0	  0	  0	  0	  5	21810	  0
08/06/2016	06:54:36	<-	L	00000000	 23	 91	 49	 14	  0	246	  0	  4	  4	  4	  4	  4	  4	  4	  4	  0	  0	  0	  0	  0	  0	  0	  0	  0	  0	  0	  0	  0	  0	  0	  0	  0	  0	  0	  0	  0	  0	  0	  0	 91	 49	 14	 78	  0	 22	  0	  0	  0	  0	  0	  0	  0	  0	  0	  0	  0	  5	21810	  0
08/06/2016	06:59:36	<-	L	00000000	 23	 90	 49	 14	  0	251	  0	  4	  4	  4	  4	  4	  4	  4	  4	  0	  0	  0	  0	  0	  0	  0	  0	  0	  0	  0	  0	  0	  0	  0	  0	  0	  0	  0	  0	  0	  0	  0	  0	 90	 49	 15	 78	  0	 22	  0	  0	  0	  0	  0	  0	  0	  0	  0	  0	  0	  5	21810	  0
08/06/2016	07:04:36	<-	L	00000000	 23	 91	 49	 13	  0	256	  0	  4	  4	  4	  4	  4	  4	  4	  4	  0	  0	  0	  0	  0	  0	  0	  0	  0	  0	  0	  0	  0	  0	  0	  0	  0	  0	  0	  0	  0	  0	  0	  0	 91	 49	 14	 78	  0	 22	  0	  0	  0	  0	  0	  0	  0	  0	  0	  0	  0	  5	21810	  0
08/06/2016	07:09:36	<-	L	00000000	 23	 90	 49	 14	  0	261	  0	  4	  4	  4	  4	  4	  4	  4	  4	  0	  0	  0	  0	  0	  0	  0	  0	  0	  0	  0	  0	  0	  0	  0	  0	  0	  0	  0	  0	  0	  0	  0	  0	 90	 49	 15	 78	  0	 22	  0	  0	  0	  0	  0	  0	  0	  0	  0	  0	  0	  5	21810	  0
08/06/2016	07:14:36	<-	L	00000000	 23	 91	 49	 13	  0	266	  0	  4	  4	  4	  4	  4	  4	  4	  4	  0	  0	  0	  0	  0	  0	  0	  0	  0	  0	  0	  0	  0	  0	  0	  0	  0	  0	  0	  0	  0	  0	  0	  0	 91	 49	 14	 78	  0	 22	  0	  0	  0	  0	  0	  0	  0	  0	  0	  0	  0	  5	21810	  0
08/06/2016	07:19:36	<-	L	00000000	 23	 91	 49	 14	  0	271	  0	  4	  4	  4	  4	  4	  4	  4	  4	  0	  0	  0	  0	  0	  0	  0	  0	  0	  0	  0	  0	  0	  0	  0	  0	  0	  0	  0	  0	  0	  0	  0	  0	 91	 49	 14	 78	  0	 22	  0	  0	  0	  0	  0	  0	  0	  0	  0	  0	  0	  5	21810	  0
08/06/2016	07:24:36	<-	L	00000000	 23	 91	 49	 13	  0	276	  0	  4	  4	  4	  4	  4	  4	  4	  4	  0	  0	  0	  0	  0	  0	  0	  0	  0	  0	  0	  0	  0	  0	  0	  0	  0	  0	  0	  0	  0	  0	  0	  0	 91	 49	 14	 79	  0	 21	  0	  0	  0	  0	  0	  0	  0	  0	  0	  0	  0	  5	21810	  0
08/06/2016	07:29:36	<-	L	00000000	 23	 91	 49	 14	  0	281	  0	  4	  4	  4	  4	  4	  4	  4	  4	  0	  0	  0	  0	  0	  0	  0	  0	  0	  0	  0	  0	  0	  0	  0	  0	  0	  0	  0	  0	  0	  0	  0	  0	 91	 49	 14	 78	  0	 22	  0	  0	  0	  0	  0	  0	  0	  0	  0	  0	  0	  5	21810	  0
08/06/2016	07:34:36	<-	L	00000000	 23	 92	 50	 14	  0	286	  0	  4	  4	  4	  4	  4	  4	  4	  4	  0	  0	  0	  0	  0	  0	  0	  0	  0	  0	  0	  0	  0	  0	  0	  0	  0	  0	  0	  0	  0	  0	  0	  0	 92	 50	 14	 79	  0	 23	  0	  0	  0	  0	  0	  0	  0	  0	  0	  0	  0	  5	21810	  0
08/06/2016	07:39:36	<-	L	00000000	 23	 92	 50	 13	  0	291	  0	  4	  4	  4	  4	  4	  4	  4	  4	  0	  0	  0	  0	  0	  0	  0	  0	  0	  0	  0	  0	  0	  0	  0	  0	  0	  0	  0	  0	  0	  0	  0	  0	 92	 50	 14	 79	  0	 23	  0	  0	  0	  0	  0	  0	  0	  0	  0	  0	  0	  5	21810	  0
08/06/2016	07:44:36	<-	L	00000000	 23	 92	 50	 13	  0	296	  0	  4	  4	  4	  4	  4	  4	  4	  4	  0	  0	  0	  0	  0	  0	  0	  0	  0	  0	  0	  0	  0	  0	  0	  0	  0	  0	  0	  0	  0	  0	  0	  0	 92	 50	 14	 78	  0	 23	  0	  0	  0	  0	  0	  0	  0	  0	  0	  0	  0	  5	21810	  0
08/06/2016	07:49:36	<-	L	00000000	 23	 92	 49	 15	  0	301	  0	  4	  4	  4	  4	  4	  4	  4	  4	  0	  0	  0	  0	  0	  0	  0	  0	  0	  0	  0	  0	  0	  0	  0	  0	  0	  0	  0	  0	  0	  0	  0	  0	 92	 49	 13	 78	  0	 22	  0	  0	  0	  0	  0	  0	  0	  0	  0	  0	  0	  5	21810	  0
08/06/2016	07:54:36	<-	L	00000000	 23	 90	 49	 16	  0	306	  0	  4	  4	  4	  4	  4	  4	  4	  4	  0	  0	  0	  0	  0	  0	  0	  0	  0	  0	  0	  0	  0	  0	  0	  0	  0	  0	  0	  0	  0	  0	  0	  0	 90	 49	 15	 77	  0	 23	  0	  0	  0	  0	  0	  0	  0	  0	  0	  0	  0	  5	21810	  0
08/06/2016	07:59:36	<-	L	00000000	 23	 85	 48	 17	  0	311	  0	  4	  4	  4	  4	  4	  4	  4	  4	  0	  0	  0	  0	  0	  0	  0	  0	  0	  0	  0	  0	  0	  0	  0	  0	  0	  0	  0	  0	  0	  0	  0	  0	 85	 48	 17	 76	  0	 22	  0	  0	  0	  0	  0	  0	  0	  0	  0	  0	  0	  5	21810	  0
08/06/2016	08:04:36	<-	L	00000000	 23	 84	 48	 17	  0	316	  0	  4	  4	  4	  4	  4	  4	  4	  4	  0	  0	  0	  0	  0	  0	  0	  0	  0	  0	  0	  0	  0	  0	  0	  0	  0	  0	  0	  0	  0	  0	  0	  0	 84	 48	 17	 76	  0	 22	  0	  0	  0	  0	  0	  0	  0	  0	  0	  0	  0	  5	21810	  0
08/06/2016	08:09:36	<-	L	00000000	 23	 85	 48	 18	  0	321	  0	  4	  4	  4	  4	  4	  4	  4	  4	  0	  0	  0	  0	  0	  0	  0	  0	  0	  0	  0	  0	  0	  0	  0	  0	  0	  0	  0	  0	  0	  0	  0	  0	 85	 48	 17	 76	  0	 22	  0	  0	  0	  0	  0	  0	  0	  0	  0	  0	  0	  5	21810	  0
08/06/2016	09:34:36	<-	L	00000000	 23	 60	 33	 18	  0	326	  0	  4	  4	  4	  4	  4	  4	  4	  4	  0	  0	  0	  0	  0	  0	  0	  0	  0	  0	  0	  0	  0	  0	  0	  0	  0	  0	  0	  0	  0	  0	  0	  0	 60	 33	 16	 59	  0	 17	  0	  0	  0	  0	  0	  0	  0	  0	  0	  0	  0	  5	21810	  0
08/06/2016	09:39:36	<-	L	00000000	 23	 85	 42	 11	  0	331	  0	  4	  4	  4	  4	  4	  4	  4	  4	  0	  0	  0	  0	  0	  0	  0	  0	  0	  0	  0	  0	  0	  0	  0	  0	  0	  0	  0	  0	  0	  0	  0	  0	 85	 42	 11	 77	  0	 15	  0	  0	  0	  0	  0	  0	  0	  0	  0	  0	  0	  5	21810	  0
08/06/2016	09:44:37	->	L	00000000	 40	 80	 41	 13	  0	  4	  0	  4	  4	  4	  4	  4	  4	  4	  4	  0	  0	  0	  0	  0	  0	  0	  0	  0	  0	  0	  0	  0	  0	  0	  0	  0	  0	  0	  0	  0	  0	  0	  0	 77	 41	 14	 80	  0	 13	  0	  0	  0	  0	  0	  0	  0	  0	  0	  0	  0	  5	15405	  0
08/06/2016	09:49:36	->	L	00000000	 40	 74	 39	 14	  0	  9	  0	  4	  4	  4	  4	  4	  4	  4	  4	  0	  0	  0	  0	  0	  0	  0	  0	  0	  0	  0	  0	  0	  0	  0	  0	  0	  0	  0	  0	  0	  0	  0	  0	 71	 39	 15	 74	  0	 14	  0	  0	  0	  0	  0	  0	  0	  0	  0	  0	  0	  5	15405	  0
08/06/2016	09:54:36	->	L	00000000	 40	 71	 38	 14	  0	 14	  0	  4	  4	  4	  4	  4	  4	  4	  4	  0	  0	  0	  0	  0	  0	  0	  0	  0	  0	  0	  0	  0	  0	  0	  0	  0	  0	  0	  0	  0	  0	  0	  0	 69	 38	 15	 71	  0	 14	  0	  0	  0	  0	  0	  0	  0	  0	  0	  0	  0	  5	15405	  0
08/06/2016	09:59:36	->	L	00000000	 40	 70	 38	 15	  0	 19	  0	  4	  4	  4	  4	  4	  4	  4	  4	  0	  0	  0	  0	  0	  0	  0	  0	  0	  0	  0	  0	  0	  0	  0	  0	  0	  0	  0	  0	  0	  0	  0	  0	 69	 38	 15	 70	  0	 15	  0	  0	  0	  0	  0	  0	  0	  0	  0	  0	  0	  5	15405	  0
08/06/2016	10:04:36	->	L	00000000	 40	 70	 38	 15	  0	 24	  0	  4	  4	  4	  4	  4	  4	  4	  4	  0	  0	  0	  0	  0	  0	  0	  0	  0	  0	  0	  0	  0	  0	  0	  0	  0	  0	  0	  0	  0	  0	  0	  0	 68	 38	 16	 70	  0	 15	  0	  0	  0	  0	  0	  0	  0	  0	  0	  0	  0	  5	15405	  0
08/06/2016	10:09:36	->	L	00000000	 40	 69	 38	 14	  0	 29	  0	  4	  4	  4	  4	  4	  4	  4	  4	  0	  0	  0	  0	  0	  0	  0	  0	  0	  0	  0	  0	  0	  0	  0	  0	  0	  0	  0	  0	  0	  0	  0	  0	 67	 38	 16	 69	  0	 15	  0	  0	  0	  0	  0	  0	  0	  0	  0	  0	  0	  5	15405	  0
08/06/2016	10:14:36	->	L	00000000	 40	 69	 37	 14	  0	 34	  0	  4	  4	  4	  4	  4	  4	  4	  4	  0	  0	  0	  0	  0	  0	  0	  0	  0	  0	  0	  0	  0	  0	  0	  0	  0	  0	  0	  0	  0	  0	  0	  0	 66	 37	 16	 69	  0	 14	  0	  0	  0	  0	  0	  0	  0	  0	  0	  0	  0	  5	15405	  0
08/06/2016	10:19:36	->	L	00000000	 40	 68	 37	 15	  0	 39	  0	  4	  4	  4	  4	  4	  4	  4	  4	  0	  0	  0	  0	  0	  0	  0	  0	  0	  0	  0	  0	  0	  0	  0	  0	  0	  0	  0	  0	  0	  0	  0	  0	 66	 37	 16	 68	  0	 15	  0	  0	  0	  0	  0	  0	  0	  0	  0	  0	  0	  5	15405	  0
08/06/2016	10:24:37	->	L	00000000	 40	 68	 37	 15	  0	 44	  0	  4	  4	  4	  4	  4	  4	  4	  4	  0	  0	  0	  0	  0	  0	  0	  0	  0	  0	  0	  0	  0	  0	  0	  0	  0	  0	  0	  0	  0	  0	  0	  0	 65	 37	 17	 68	  0	 15	  0	  0	  0	  0	  0	  0	  0	  0	  0	  0	  0	  5	15405	  0
08/06/2016	10:29:36	->	L	00000000	 40	 68	 37	 15	  0	 49	  0	  4	  4	  4	  4	  4	  4	  4	  4	  0	  0	  0	  0	  0	  0	  0	  0	  0	  0	  0	  0	  0	  0	  0	  0	  0	  0	  0	  0	  0	  0	  0	  0	 65	 37	 17	 68	  0	 15	  0	  0	  0	  0	  0	  0	  0	  0	  0	  0	  0	  5	15405	  0
08/06/2016	10:34:36	->	L	00000000	 40	 67	 37	 15	  0	 54	  0	  4	  4	  4	  4	  4	  4	  4	  4	  0	  0	  0	  0	  0	  0	  0	  0	  0	  0	  0	  0	  0	  0	  0	  0	  0	  0	  0	  0	  0	  0	  0	  0	 65	 37	 17	 67	  0	 15	  0	  0	  0	  0	  0	  0	  0	  0	  0	  0	  0	  5	15405	  0
08/06/2016	10:39:36	->	L	00000000	 40	 67	 36	 15	  0	 59	  0	  4	  4	  4	  4	  4	  4	  4	  4	  0	  0	  0	  0	  0	  0	  0	  0	  0	  0	  0	  0	  0	  0	  0	  0	  0	  0	  0	  0	  0	  0	  0	  0	 64	 36	 16	 67	  0	 14	  0	  0	  0	  0	  0	  0	  0	  0	  0	  0	  0	  5	15405	  0
08/06/2016	10:44:36	->	L	00000000	 40	 67	 36	 14	  0	 64	  0	  4	  4	  4	  4	  4	  4	  4	  4	  0	  0	  0	  0	  0	  0	  0	  0	  0	  0	  0	  0	  0	  0	  0	  0	  0	  0	  0	  0	  0	  0	  0	  0	 64	 36	 16	 67	  0	 14	  0	  0	  0	  0	  0	  0	  0	  0	  0	  0	  0	  5	15405	  0
08/06/2016	10:49:36	->	L	00000000	 40	 66	 36	 14	  0	 69	  0	  4	  4	  4	  4	  4	  4	  4	  4	  0	  0	  0	  0	  0	  0	  0	  0	  0	  0	  0	  0	  0	  0	  0	  0	  0	  0	  0	  0	  0	  0	  0	  0	 64	 36	 16	 66	  0	 14	  0	  0	  0	  0	  0	  0	  0	  0	  0	  0	  0	  5	15405	  0
08/06/2016	10:54:36	->	L	00000000	 40	 66	 36	 14	  0	 74	  0	  4	  4	  4	  4	  4	  4	  4	  4	  0	  0	  0	  0	  0	  0	  0	  0	  0	  0	  0	  0	  0	  0	  0	  0	  0	  0	  0	  0	  0	  0	  0	  0	 63	 36	 17	 66	  0	 14	  0	  0	  0	  0	  0	  0	  0	  0	  0	  0	  0	  5	15405	  0
08/06/2016	10:59:36	->	L	00000000	 40	 66	 36	 14	  0	 79	  0	  4	  4	  4	  4	  4	  4	  4	  4	  0	  0	  0	  0	  0	  0	  0	  0	  0	  0	  0	  0	  0	  0	  0	  0	  0	  0	  0	  0	  0	  0	  0	  0	 63	 36	 17	 66	  0	 14	  0	  0	  0	  0	  0	  0	  0	  0	  0	  0	  0	  5	15405	  0
08/06/2016	11:04:36	->	L	00000000	 40	 65	 36	 15	  0	 84	  0	  4	  4	  4	  4	  4	  4	  4	  4	  0	  0	  0	  0	  0	  0	  0	  0	  0	  0	  0	  0	  0	  0	  0	  0	  0	  0	  0	  0	  0	  0	  0	  0	 63	 36	 17	 65	  0	 15	  0	  0	  0	  0	  0	  0	  0	  0	  0	  0	  0	  5	15405	  0
08/06/2016	11:09:36	->	L	00000000	 40	 65	 36	 15	  0	 89	  0	  4	  4	  4	  4	  4	  4	  4	  4	  0	  0	  0	  0	  0	  0	  0	  0	  0	  0	  0	  0	  0	  0	  0	  0	  0	  0	  0	  0	  0	  0	  0	  0	 62	 36	 19	 65	  0	 15	  0	  0	  0	  0	  0	  0	  0	  0	  0	  0	  0	  5	15405	  0
08/06/2016	11:14:36	->	L	00000000	 40	 65	 36	 15	  0	 94	  0	  4	  4	  4	  4	  4	  4	  4	  4	  0	  0	  0	  0	  0	  0	  0	  0	  0	  0	  0	  0	  0	  0	  0	  0	  0	  0	  0	  0	  0	  0	  0	  0	 62	 36	 19	 65	  0	 15	  0	  0	  0	  0	  0	  0	  0	  0	  0	  0	  0	  5	15405	  0
08/06/2016	11:19:36	->	L	00000000	 40	 65	 36	 15	  0	 99	  0	  4	  4	  4	  4	  4	  4	  4	  4	  0	  0	  0	  0	  0	  0	  0	  0	  0	  0	  0	  0	  0	  0	  0	  0	  0	  0	  0	  0	  0	  0	  0	  0	 62	 36	 19	 65	  0	 15	  0	  0	  0	  0	  0	  0	  0	  0	  0	  0	  0	  5	15405	  0
08/06/2016	11:24:36	->	L	00000000	 40	 65	 36	 15	  0	104	  0	  4	  4	  4	  4	  4	  4	  4	  4	  0	  0	  0	  0	  0	  0	  0	  0	  0	  0	  0	  0	  0	  0	  0	  0	  0	  0	  0	  0	  0	  0	  0	  0	 62	 36	 19	 65	  0	 15	  0	  0	  0	  0	  0	  0	  0	  0	  0	  0	  0	  5	15405	  0
08/06/2016	11:29:36	->	L	00000000	 40	 64	 36	 16	  0	109	  0	  4	  4	  4	  4	  4	  4	  4	  4	  0	  0	  0	  0	  0	  0	  0	  0	  0	  0	  0	  0	  0	  0	  0	  0	  0	  0	  0	  0	  0	  0	  0	  0	 61	 36	 19	 64	  0	 16	  0	  0	  0	  0	  0	  0	  0	  0	  0	  0	  0	  5	15405	  0
08/06/2016	11:34:36	->	L	00000000	 40	 64	 36	 16	  0	114	  0	  4	  4	  4	  4	  4	  4	  4	  4	  0	  0	  0	  0	  0	  0	  0	  0	  0	  0	  0	  0	  0	  0	  0	  0	  0	  0	  0	  0	  0	  0	  0	  0	 61	 36	 19	 64	  0	 16	  0	  0	  0	  0	  0	  0	  0	  0	  0	  0	  0	  5	15405	  0
08/06/2016	11:39:36	->	L	00000000	 40	 64	 35	 15	  0	119	  0	  4	  4	  4	  4	  4	  4	  4	  4	  0	  0	  0	  0	  0	  0	  0	  0	  0	  0	  0	  0	  0	  0	  0	  0	  0	  0	  0	  0	  0	  0	  0	  0	 61	 35	 19	 64	  0	 15	  0	  0	  0	  0	  0	  0	  0	  0	  0	  0	  0	  5	15405	  0
08/06/2016	11:44:36	<-	L	00000000	 50	 70	 38	 15	  0	  4	  0	  4	  4	  4	  4	  4	  4	  4	  4	  0	  0	  0	  0	  0	  0	  0	  0	  0	  0	  0	  0	  0	  0	  0	  0	  0	  0	  0	  0	  0	  0	  0	  0	 70	 38	 15	 64	  0	 20	  0	  0	  0	  0	  0	  0	  0	  0	  0	  0	  0	  5	16423	  0
08/06/2016	11:49:36	<-	L	00000000	 50	 67	 38	 16	  0	  9	  0	  4	  4	  4	  4	  4	  4	  4	  4	  0	  0	  0	  0	  0	  0	  0	  0	  0	  0	  0	  0	  0	  0	  0	  0	  0	  0	  0	  0	  0	  0	  0	  0	 67	 38	 16	 64	  0	 20	  0	  0	  0	  0	  0	  0	  0	  0	  0	  0	  0	  5	15909	  0
08/06/2016	11:54:36	<-	L	00000000	 50	 64	 37	 17	  0	 14	  0	  4	  4	  4	  4	  4	  4	  4	  4	  0	  0	  0	  0	  0	  0	  0	  0	  0	  0	  0	  0	  0	  0	  0	  0	  0	  0	  0	  0	  0	  0	  0	  0	 64	 37	 18	 61	  0	 21	  0	  0	  0	  0	  0	  0	  0	  0	  0	  0	  0	  5	15652	  0
08/06/2016	11:59:36	<-	L	00000000	 50	 63	 36	 19	  0	 19	  0	  4	  4	  4	  4	  4	  4	  4	  4	  0	  0	  0	  0	  0	  0	  0	  0	  0	  0	  0	  0	  0	  0	  0	  0	  0	  0	  0	  0	  0	  0	  0	  0	 63	 36	 17	 60	  0	 21	  0	  0	  0	  0	  0	  0	  0	  0	  0	  0	  0	  5	15395	  0
08/06/2016	12:04:36	<-	L	00000000	 50	 62	 36	 19	  0	 24	  0	  4	  4	  4	  4	  4	  4	  4	  4	  0	  0	  0	  0	  0	  0	  0	  0	  0	  0	  0	  0	  0	  0	  0	  0	  0	  0	  0	  0	  0	  0	  0	  0	 62	 36	 19	 59	  0	 21	  0	  0	  0	  0	  0	  0	  0	  0	  0	  0	  0	  5	15138	  0
08/06/2016	12:09:36	<-	L	00000000	 50	 61	 35	 19	  0	 29	  0	  4	  4	  4	  4	  4	  4	  4	  4	  0	  0	  0	  0	  0	  0	  0	  0	  0	  0	  0	  0	  0	  0	  0	  0	  0	  0	  0	  0	  0	  0	  0	  0	 61	 35	 19	 58	  0	 20	  0	  0	  0	  0	  0	  0	  0	  0	  0	  0	  0	  5	14881	  0
08/06/2016	12:14:36	<-	L	00000000	 50	 60	 35	 18	  0	 34	  0	  4	  4	  4	  4	  4	  4	  4	  4	  0	  0	  0	  0	  0	  0	  0	  0	  0	  0	  0	  0	  0	  0	  0	  0	  0	  0	  0	  0	  0	  0	  0	  0	 60	 35	 18	 57	  0	 22	  0	  0	  0	  0	  0	  0	  0	  0	  0	  0	  0	  5	14624	  0
08/06/2016	12:19:36	<-	L	00000000	 50	 60	 35	 18	  0	 39	  0	  4	  4	  4	  4	  4	  4	  4	  4	  0	  0	  0	  0	  0	  0	  0	  0	  0	  0	  0	  0	  0	  0	  0	  0	  0	  0	  0	  0	  0	  0	  0	  0	 60	 35	 18	 57	  0	 22	  0	  0	  0	  0	  0	  0	  0	  0	  0	  0	  0	  5	14110	  0
08/06/2016	12:24:36	<-	L	00000000	 50	 59	 35	 20	  0	 44	  0	  4	  4	  4	  4	  4	  4	  4	  4	  0	  0	  0	  0	  0	  0	  0	  0	  0	  0	  0	  0	  0	  0	  0	  0	  0	  0	  0	  0	  0	  0	  0	  0	 59	 35	 20	 57	  0	 22	  0	  0	  0	  0	  0	  0	  0	  0	  0	  0	  0	  5	13853	  0
08/06/2016	12:29:36	<-	L	00000000	 50	 59	 34	 18	  0	 49	  0	  4	  4	  4	  4	  4	  4	  4	  4	  0	  0	  0	  0	  0	  0	  0	  0	  0	  0	  0	  0	  0	  0	  0	  0	  0	  0	  0	  0	  0	  0	  0	  0	 59	 34	 18	 56	  0	 21	  0	  0	  0	  0	  0	  0	  0	  0	  0	  0	  0	  5	13596	  0
08/06/2016	12:34:36	<-	L	00000000	 50	 59	 34	 18	  0	 54	  0	  4	  4	  4	  4	  4	  4	  4	  4	  0	  0	  0	  0	  0	  0	  0	  0	  0	  0	  0	  0	  0	  0	  0	  0	  0	  0	  0	  0	  0	  0	  0	  0	 59	 34	 18	 56	  0	 21	  0	  0	  0	  0	  0	  0	  0	  0	  0	  0	  0	  5	13339	  0
08/06/2016	12:39:36	<-	L	00000000	 50	 58	 34	 20	  0	 59	  0	  4	  4	  4	  4	  4	  4	  4	  4	  0	  0	  0	  0	  0	  0	  0	  0	  0	  0	  0	  0	  0	  0	  0	  0	  0	  0	  0	  0	  0	  0	  0	  0	 58	 34	 20	 55	  0	 23	  0	  0	  0	  0	  0	  0	  0	  0	  0	  0	  0	  5	13082	  0
