06-03-2016	00:23:20	<-	L	00000000	 10	 27	 21	 61	  0	  5	  0	  4	  4	  4	  4	  4	  4	  4	  4	  0	  0	  0	  0	  0	  0	  0	  0	  0	  0	  0	  0	  0	  0	  0	  0	  0	  0	  0	  0	  0	  0	  0	  0	 27	 21	 66	 26	  0	 73	  0	  0	  0	  0	  0	  0	  0	  0	  0	  0	  0	  5	7186	  1
06-03-2016	00:28:06	<-	L	00000000	 10	 28	 22	 66	  0	  9	  0	  4	  4	  4	  4	  4	  4	  4	  4	  0	  0	  0	  0	  0	  0	  0	  0	  0	  0	  0	  0	  0	  0	  0	  0	  0	  0	  0	  0	  0	  0	  0	  0	 28	 22	 66	 27	  0	 74	  0	  0	  0	  0	  0	  0	  0	  0	  0	  0	  0	  5	7443	  1
06-03-2016	00:33:06	<-	L	00000000	 10	 39	 25	 39	  0	 14	  0	  4	  4	  4	  4	  4	  4	  4	  4	  0	  0	  0	  0	  0	  0	  0	  0	  0	  0	  0	  0	  0	  0	  0	  0	  0	  0	  0	  0	  0	  0	  0	  0	 39	 25	 37	 32	  0	 62	  0	  0	  0	  0	  0	  0	  0	  0	  0	  0	  0	  5	7700	  1
06-03-2016	00:38:06	<-	L	00000000	 10	 36	 26	 47	  0	 19	  0	  4	  4	  4	  4	  4	  4	  4	  4	  0	  0	  0	  0	  0	  0	  0	  0	  0	  0	  0	  0	  0	  0	  0	  0	  0	  0	  0	  0	  0	  0	  0	  0	 36	 26	 51	 33	  0	 62	  0	  0	  0	  0	  0	  0	  0	  0	  0	  0	  0	  5	7957	  1
06-03-2016	00:43:06	<-	L	00000000	 10	 34	 25	 54	  0	 24	  0	  4	  4	  4	  4	  4	  4	  4	  4	  0	  0	  0	  0	  0	  0	  0	  0	  0	  0	  0	  0	  0	  0	  0	  0	  0	  0	  0	  0	  0	  0	  0	  0	 34	 25	 54	 32	  0	 62	  0	  0	  0	  0	  0	  0	  0	  0	  0	  0	  0	  5	8214	  1
06-03-2016	00:48:07	<-	L	00000000	 10	 32	 25	 66	  0	 29	  0	  4	  4	  4	  4	  4	  4	  4	  4	  0	  0	  0	  0	  0	  0	  0	  0	  0	  0	  0	  0	  0	  0	  0	  0	  0	  0	  0	  0	  0	  0	  0	  0	 32	 25	 62	 31	  0	 66	  0	  0	  0	  0	  0	  0	  0	  0	  0	  0	  0	  5	8471	  1
06-03-2016	00:53:07	<-	L	00000000	 10	 42	 28	 38	  0	 34	  0	  4	  4	  4	  4	  4	  4	  4	  4	  0	  0	  0	  0	  0	  0	  0	  0	  0	  0	  0	  0	  0	  0	  0	  0	  0	  0	  0	  0	  0	  0	  0	  0	 42	 28	 38	 34	  0	 67	  0	  0	  0	  0	  0	  0	  0	  0	  0	  0	  0	  5	8728	  1
06-03-2016	00:58:07	<-	L	00000000	 10	 40	 28	 38	  0	 39	  0	  4	  4	  4	  4	  4	  4	  4	  4	  0	  0	  0	  0	  0	  0	  0	  0	  0	  0	  0	  0	  0	  0	  0	  0	  0	  0	  0	  0	  0	  0	  0	  0	 40	 28	 45	 36	  0	 58	  0	  0	  0	  0	  0	  0	  0	  0	  0	  0	  0	  5	8985	  1
06-03-2016	01:03:07	<-	L	00000000	 10	 36	 28	 55	  0	 44	  0	  4	  4	  4	  4	  4	  4	  4	  4	  0	  0	  0	  0	  0	  0	  0	  0	  0	  0	  0	  0	  0	  0	  0	  0	  0	  0	  0	  0	  0	  0	  0	  0	 36	 28	 58	 35	  0	 62	  0	  0	  0	  0	  0	  0	  0	  0	  0	  0	  0	  5	9242	  1
06-03-2016	01:08:07	<-	L	00000000	 10	 35	 28	 62	  0	 49	  0	  4	  4	  4	  4	  4	  4	  4	  4	  0	  0	  0	  0	  0	  0	  0	  0	  0	  0	  0	  0	  0	  0	  0	  0	  0	  0	  0	  0	  0	  0	  0	  0	 35	 28	 62	 34	  0	 67	  0	  0	  0	  0	  0	  0	  0	  0	  0	  0	  0	  5	9499	  1
06-03-2016	01:13:07	<-	L	00000000	 10	 47	 31	 33	  0	 54	  0	  4	  4	  4	  4	  4	  4	  4	  4	  0	  0	  0	  0	  0	  0	  0	  0	  0	  0	  0	  0	  0	  0	  0	  0	  0	  0	  0	  0	  0	  0	  0	  0	 47	 31	 33	 39	  0	 59	  0	  0	  0	  0	  0	  0	  0	  0	  0	  0	  0	  5	9756	  1
06-03-2016	01:18:07	<-	L	00000000	 10	 44	 31	 39	  0	 59	  0	  4	  4	  4	  4	  4	  4	  4	  4	  0	  0	  0	  0	  0	  0	  0	  0	  0	  0	  0	  0	  0	  0	  0	  0	  0	  0	  0	  0	  0	  0	  0	  0	 44	 31	 41	 38	  0	 63	  0	  0	  0	  0	  0	  0	  0	  0	  0	  0	  0	  5	10013	  1
06-03-2016	01:23:07	<-	L	00000000	 10	 38	 30	 55	  0	 64	  0	  4	  4	  4	  4	  4	  4	  4	  4	  0	  0	  0	  0	  0	  0	  0	  0	  0	  0	  0	  0	  0	  0	  0	  0	  0	  0	  0	  0	  0	  0	  0	  0	 38	 30	 59	 37	  0	 63	  0	  0	  0	  0	  0	  0	  0	  0	  0	  0	  0	  5	10270	  1
06-03-2016	01:28:07	<-	L	00000000	 10	 47	 32	 46	  0	 69	  0	  4	  4	  4	  4	  4	  4	  4	  4	  0	  0	  0	  0	  0	  0	  0	  0	  0	  0	  0	  0	  0	  0	  0	  0	  0	  0	  0	  0	  0	  0	  0	  0	 47	 32	 37	 39	  0	 63	  0	  0	  0	  0	  0	  0	  0	  0	  0	  0	  0	  5	10527	  1
06-03-2016	01:33:07	<-	L	00000000	 10	 46	 33	 40	  0	 74	  0	  4	  4	  4	  4	  4	  4	  4	  4	  0	  0	  0	  0	  0	  0	  0	  0	  0	  0	  0	  0	  0	  0	  0	  0	  0	  0	  0	  0	  0	  0	  0	  0	 46	 33	 42	 41	  0	 60	  0	  0	  0	  0	  0	  0	  0	  0	  0	  0	  0	  5	10784	  1
06-03-2016	01:38:08	<-	L	00000000	 10	 41	 32	 56	  0	 79	  0	  4	  4	  4	  4	  4	  4	  4	  4	  0	  0	  0	  0	  0	  0	  0	  0	  0	  0	  0	  0	  0	  0	  0	  0	  0	  0	  0	  0	  0	  0	  0	  0	 41	 32	 56	 39	  0	 63	  0	  0	  0	  0	  0	  0	  0	  0	  0	  0	  0	  5	11041	  1
06-03-2016	01:43:07	<-	L	00000000	 10	 51	 35	 35	  0	 84	  0	  4	  4	  4	  4	  4	  4	  4	  4	  0	  0	  0	  0	  0	  0	  0	  0	  0	  0	  0	  0	  0	  0	  0	  0	  0	  0	  0	  0	  0	  0	  0	  0	 51	 35	 35	 42	  0	 64	  0	  0	  0	  0	  0	  0	  0	  0	  0	  0	  0	  5	11041	  1
06-03-2016	01:48:07	<-	L	00000000	 10	 46	 34	 42	  0	 89	  0	  4	  4	  4	  4	  4	  4	  4	  4	  0	  0	  0	  0	  0	  0	  0	  0	  0	  0	  0	  0	  0	  0	  0	  0	  0	  0	  0	  0	  0	  0	  0	  0	 46	 34	 47	 42	  0	 60	  0	  0	  0	  0	  0	  0	  0	  0	  0	  0	  0	  5	11298	  1
06-03-2016	01:53:07	<-	L	00000000	 10	 46	 35	 53	  0	 94	  0	  4	  4	  4	  4	  4	  4	  4	  4	  0	  0	  0	  0	  0	  0	  0	  0	  0	  0	  0	  0	  0	  0	  0	  0	  0	  0	  0	  0	  0	  0	  0	  0	 46	 35	 49	 42	  0	 64	  0	  0	  0	  0	  0	  0	  0	  0	  0	  0	  0	  5	11555	  1
06-03-2016	01:58:08	<-	L	00000000	 10	 54	 37	 32	  0	 99	  0	  4	  4	  4	  4	  4	  4	  4	  4	  0	  0	  0	  0	  0	  0	  0	  0	  0	  0	  0	  0	  0	  0	  0	  0	  0	  0	  0	  0	  0	  0	  0	  0	 54	 37	 33	 45	  0	 61	  0	  0	  0	  0	  0	  0	  0	  0	  0	  0	  0	  5	11812	  1
06-03-2016	02:03:08	<-	L	00000000	 10	 48	 36	 43	  0	104	  0	  4	  4	  4	  4	  4	  4	  4	  4	  0	  0	  0	  0	  0	  0	  0	  0	  0	  0	  0	  0	  0	  0	  0	  0	  0	  0	  0	  0	  0	  0	  0	  0	 48	 36	 47	 45	  0	 57	  0	  0	  0	  0	  0	  0	  0	  0	  0	  0	  0	  5	12069	  1
06-03-2016	02:08:08	<-	L	00000000	 10	 47	 36	 50	  0	109	  0	  4	  4	  4	  4	  4	  4	  4	  4	  0	  0	  0	  0	  0	  0	  0	  0	  0	  0	  0	  0	  0	  0	  0	  0	  0	  0	  0	  0	  0	  0	  0	  0	 47	 36	 50	 44	  0	 60	  0	  0	  0	  0	  0	  0	  0	  0	  0	  0	  0	  5	12326	  1
06-03-2016	02:13:08	<-	L	00000000	 10	 55	 39	 36	  0	114	  0	  4	  4	  4	  4	  4	  4	  4	  4	  0	  0	  0	  0	  0	  0	  0	  0	  0	  0	  0	  0	  0	  0	  0	  0	  0	  0	  0	  0	  0	  0	  0	  0	 55	 39	 36	 47	  0	 61	  0	  0	  0	  0	  0	  0	  0	  0	  0	  0	  0	  5	12583	  1
06-03-2016	02:18:08	<-	L	00000000	 10	 56	 40	 34	  0	119	  0	  4	  4	  4	  4	  4	  4	  4	  4	  0	  0	  0	  0	  0	  0	  0	  0	  0	  0	  0	  0	  0	  0	  0	  0	  0	  0	  0	  0	  0	  0	  0	  0	 56	 40	 37	 49	  0	 58	  0	  0	  0	  0	  0	  0	  0	  0	  0	  0	  0	  5	12840	  1
06-03-2016	02:23:08	<-	L	00000000	 10	 53	 40	 42	  0	124	  0	  4	  4	  4	  4	  4	  4	  4	  4	  0	  0	  0	  0	  0	  0	  0	  0	  0	  0	  0	  0	  0	  0	  0	  0	  0	  0	  0	  0	  0	  0	  0	  0	 53	 40	 45	 49	  0	 58	  0	  0	  0	  0	  0	  0	  0	  0	  0	  0	  0	  5	13097	  1
06-03-2016	02:28:08	<-	L	00000000	 10	 51	 40	 51	  0	129	  0	  4	  4	  4	  4	  4	  4	  4	  4	  0	  0	  0	  0	  0	  0	  0	  0	  0	  0	  0	  0	  0	  0	  0	  0	  0	  0	  0	  0	  0	  0	  0	  0	 51	 40	 51	 48	  0	 62	  0	  0	  0	  0	  0	  0	  0	  0	  0	  0	  0	  5	13354	  1
06-03-2016	02:33:08	<-	L	00000000	 10	 58	 43	 43	  0	134	  0	  4	  4	  4	  4	  4	  4	  4	  4	  0	  0	  0	  0	  0	  0	  0	  0	  0	  0	  0	  0	  0	  0	  0	  0	  0	  0	  0	  0	  0	  0	  0	  0	 58	 43	 41	 50	  0	 66	  0	  0	  0	  0	  0	  0	  0	  0	  0	  0	  0	  5	13611	  1
06-03-2016	02:38:08	<-	L	00000000	 10	 57	 43	 41	  0	139	  0	  4	  4	  4	  4	  4	  4	  4	  4	  0	  0	  0	  0	  0	  0	  0	  0	  0	  0	  0	  0	  0	  0	  0	  0	  0	  0	  0	  0	  0	  0	  0	  0	 57	 43	 43	 51	  0	 62	  0	  0	  0	  0	  0	  0	  0	  0	  0	  0	  0	  5	13868	  1
06-03-2016	02:43:08	<-	L	00000000	 10	 54	 44	 56	  0	144	  0	  4	  4	  4	  4	  4	  4	  4	  4	  0	  0	  0	  0	  0	  0	  0	  0	  0	  0	  0	  0	  0	  0	  0	  0	  0	  0	  0	  0	  0	  0	  0	  0	 54	 44	 56	 50	  0	 70	  0	  0	  0	  0	  0	  0	  0	  0	  0	  0	  0	  5	14125	  1
06-03-2016	02:48:08	<-	L	00000000	 10	 65	 47	 37	  0	149	  0	  4	  4	  4	  4	  4	  4	  4	  4	  0	  0	  0	  0	  0	  0	  0	  0	  0	  0	  0	  0	  0	  0	  0	  0	  0	  0	  0	  0	  0	  0	  0	  0	 65	 47	 36	 54	  0	 67	  0	  0	  0	  0	  0	  0	  0	  0	  0	  0	  0	  5	14382	  1
06-03-2016	02:53:08	<-	L	00000000	 10	 60	 46	 43	  0	154	  0	  4	  4	  4	  4	  4	  4	  4	  4	  0	  0	  0	  0	  0	  0	  0	  0	  0	  0	  0	  0	  0	  0	  0	  0	  0	  0	  0	  0	  0	  0	  0	  0	 60	 46	 44	 54	  0	 63	  0	  0	  0	  0	  0	  0	  0	  0	  0	  0	  0	  5	14639	  1
06-03-2016	02:58:08	<-	L	00000000	 10	 57	 47	 56	  0	159	  0	  4	  4	  4	  4	  4	  4	  4	  4	  0	  0	  0	  0	  0	  0	  0	  0	  0	  0	  0	  0	  0	  0	  0	  0	  0	  0	  0	  0	  0	  0	  0	  0	 57	 47	 57	 53	  0	 71	  0	  0	  0	  0	  0	  0	  0	  0	  0	  0	  0	  5	14896	  1
06-03-2016	03:03:09	<-	L	00000000	 10	 65	 49	 41	  0	164	  0	  4	  4	  4	  4	  4	  4	  4	  4	  0	  0	  0	  0	  0	  0	  0	  0	  0	  0	  0	  0	  0	  0	  0	  0	  0	  0	  0	  0	  0	  0	  0	  0	 65	 49	 41	 56	  0	 68	  0	  0	  0	  0	  0	  0	  0	  0	  0	  0	  0	  5	15153	  1
06-03-2016	03:08:09	<-	L	00000000	 10	 60	 48	 45	  0	169	  0	  4	  4	  4	  4	  4	  4	  4	  4	  0	  0	  0	  0	  0	  0	  0	  0	  0	  0	  0	  0	  0	  0	  0	  0	  0	  0	  0	  0	  0	  0	  0	  0	 60	 48	 51	 55	  0	 67	  0	  0	  0	  0	  0	  0	  0	  0	  0	  0	  0	  5	15410	  1
06-03-2016	03:13:09	<-	L	00000000	 10	 62	 50	 54	  0	174	  0	  4	  4	  4	  4	  4	  4	  4	  4	  0	  0	  0	  0	  0	  0	  0	  0	  0	  0	  0	  0	  0	  0	  0	  0	  0	  0	  0	  0	  0	  0	  0	  0	 62	 50	 52	 56	  0	 71	  0	  0	  0	  0	  0	  0	  0	  0	  0	  0	  0	  5	15667	  1
06-03-2016	03:18:09	<-	L	00000000	 10	 67	 50	 42	  0	179	  0	  4	  4	  4	  4	  4	  4	  4	  4	  0	  0	  0	  0	  0	  0	  0	  0	  0	  0	  0	  0	  0	  0	  0	  0	  0	  0	  0	  0	  0	  0	  0	  0	 67	 50	 39	 58	  0	 64	  0	  0	  0	  0	  0	  0	  0	  0	  0	  0	  0	  5	15924	  1
06-03-2016	03:23:09	->	L	00000000	 10	 64	 49	 46	  0	184	  0	  4	  4	  4	  4	  4	  4	  4	  4	  0	  0	  0	  0	  0	  0	  0	  0	  0	  0	  0	  0	  0	  0	  0	  0	  0	  0	  0	  0	  0	  0	  0	  0	 61	 49	 51	 64	  0	 44	  0	  0	  0	  0	  0	  0	  0	  0	  0	  0	  0	  5	15924	  1
06-03-2016	03:28:09	->	L	00000000	 10	 61	 49	 47	  0	189	  0	  4	  4	  4	  4	  4	  4	  4	  4	  0	  0	  0	  0	  0	  0	  0	  0	  0	  0	  0	  0	  0	  0	  0	  0	  0	  0	  0	  0	  0	  0	  0	  0	 57	 49	 64	 61	  0	 51	  0	  0	  0	  0	  0	  0	  0	  0	  0	  0	  0	  5	16181	  1
06-03-2016	03:33:09	->	L	00000000	 10	 65	 49	 44	  0	194	  0	  4	  4	  4	  4	  4	  4	  4	  4	  0	  0	  0	  0	  0	  0	  0	  0	  0	  0	  0	  0	  0	  0	  0	  0	  0	  0	  0	  0	  0	  0	  0	  0	 58	 49	 61	 65	  0	 41	  0	  0	  0	  0	  0	  0	  0	  0	  0	  0	  0	  5	16438	  1
06-03-2016	03:38:09	->	L	00000000	 10	 69	 50	 35	  0	199	  0	  4	  4	  4	  4	  4	  4	  4	  4	  0	  0	  0	  0	  0	  0	  0	  0	  0	  0	  0	  0	  0	  0	  0	  0	  0	  0	  0	  0	  0	  0	  0	  0	 59	 50	 61	 69	  0	 35	  0	  0	  0	  0	  0	  0	  0	  0	  0	  0	  0	  5	16695	  1
06-03-2016	03:43:09	->	L	00000000	 10	 65	 51	 44	  0	204	  0	  4	  4	  4	  4	  4	  4	  4	  4	  0	  0	  0	  0	  0	  0	  0	  0	  0	  0	  0	  0	  0	  0	  0	  0	  0	  0	  0	  0	  0	  0	  0	  0	 58	 51	 68	 65	  0	 46	  0	  0	  0	  0	  0	  0	  0	  0	  0	  0	  0	  5	16952	  1
06-03-2016	03:48:09	->	L	00000000	 10	 67	 51	 44	  0	209	  0	  4	  4	  4	  4	  4	  4	  4	  4	  0	  0	  0	  0	  0	  0	  0	  0	  0	  0	  0	  0	  0	  0	  0	  0	  0	  0	  0	  0	  0	  0	  0	  0	 59	 51	 64	 67	  0	 42	  0	  0	  0	  0	  0	  0	  0	  0	  0	  0	  0	  5	17209	  1
06-03-2016	03:53:09	->	L	00000000	 10	 70	 52	 36	  0	214	  0	  4	  4	  4	  4	  4	  4	  4	  4	  0	  0	  0	  0	  0	  0	  0	  0	  0	  0	  0	  0	  0	  0	  0	  0	  0	  0	  0	  0	  0	  0	  0	  0	 61	 52	 62	 70	  0	 38	  0	  0	  0	  0	  0	  0	  0	  0	  0	  0	  0	  5	17466	  1
06-03-2016	03:58:09	->	L	00000000	 10	 67	 53	 47	  0	219	  0	  4	  4	  4	  4	  4	  4	  4	  4	  0	  0	  0	  0	  0	  0	  0	  0	  0	  0	  0	  0	  0	  0	  0	  0	  0	  0	  0	  0	  0	  0	  0	  0	 60	 53	 69	 67	  0	 47	  0	  0	  0	  0	  0	  0	  0	  0	  0	  0	  0	  5	17723	  1
06-03-2016	04:03:09	->	L	00000000	 10	 72	 54	 39	  0	224	  0	  4	  4	  4	  4	  4	  4	  4	  4	  0	  0	  0	  0	  0	  0	  0	  0	  0	  0	  0	  0	  0	  0	  0	  0	  0	  0	  0	  0	  0	  0	  0	  0	 62	 54	 65	 72	  0	 39	  0	  0	  0	  0	  0	  0	  0	  0	  0	  0	  0	  5	17980	  1
06-03-2016	04:08:09	->	L	00000000	 10	 71	 54	 40	  0	229	  0	  4	  4	  4	  4	  4	  4	  4	  4	  0	  0	  0	  0	  0	  0	  0	  0	  0	  0	  0	  0	  0	  0	  0	  0	  0	  0	  0	  0	  0	  0	  0	  0	 62	 54	 65	 71	  0	 40	  0	  0	  0	  0	  0	  0	  0	  0	  0	  0	  0	  5	18237	  1
06-03-2016	04:13:10	->	L	00000000	 10	 73	 55	 41	  0	234	  0	  4	  4	  4	  4	  4	  4	  4	  4	  0	  0	  0	  0	  0	  0	  0	  0	  0	  0	  0	  0	  0	  0	  0	  0	  0	  0	  0	  0	  0	  0	  0	  0	 63	 55	 66	 73	  0	 39	  0	  0	  0	  0	  0	  0	  0	  0	  0	  0	  0	  5	18494	  1
06-03-2016	04:18:10	->	L	00000000	 10	 73	 56	 40	  0	239	  0	  4	  4	  4	  4	  4	  4	  4	  4	  0	  0	  0	  0	  0	  0	  0	  0	  0	  0	  0	  0	  0	  0	  0	  0	  0	  0	  0	  0	  0	  0	  0	  0	 64	 56	 66	 73	  0	 40	  0	  0	  0	  0	  0	  0	  0	  0	  0	  0	  0	  5	18751	  1
06-03-2016	04:23:10	->	L	00000000	 10	 73	 56	 44	  0	244	  0	  4	  4	  4	  4	  4	  4	  4	  4	  0	  0	  0	  0	  0	  0	  0	  0	  0	  0	  0	  0	  0	  0	  0	  0	  0	  0	  0	  0	  0	  0	  0	  0	 64	 56	 66	 73	  0	 41	  0	  0	  0	  0	  0	  0	  0	  0	  0	  0	  0	  5	19008	  1
06-03-2016	04:28:10	->	L	00000000	 10	 76	 57	 38	  0	249	  0	  4	  4	  4	  4	  4	  4	  4	  4	  0	  0	  0	  0	  0	  0	  0	  0	  0	  0	  0	  0	  0	  0	  0	  0	  0	  0	  0	  0	  0	  0	  0	  0	 65	 57	 66	 76	  0	 38	  0	  0	  0	  0	  0	  0	  0	  0	  0	  0	  0	  5	19265	  1
06-03-2016	04:33:10	->	L	00000000	 10	 77	 57	 36	  0	254	  0	  4	  4	  4	  4	  4	  4	  4	  4	  0	  0	  0	  0	  0	  0	  0	  0	  0	  0	  0	  0	  0	  0	  0	  0	  0	  0	  0	  0	  0	  0	  0	  0	 66	 57	 63	 77	  0	 36	  0	  0	  0	  0	  0	  0	  0	  0	  0	  0	  0	  5	19522	  1
06-03-2016	04:38:10	->	L	00000000	 10	 76	 57	 41	  0	259	  0	  4	  4	  4	  4	  4	  4	  4	  4	  0	  0	  0	  0	  0	  0	  0	  0	  0	  0	  0	  0	  0	  0	  0	  0	  0	  0	  0	  0	  0	  0	  0	  0	 65	 57	 66	 76	  0	 38	  0	  0	  0	  0	  0	  0	  0	  0	  0	  0	  0	  5	19779	  1
06-03-2016	04:43:10	->	L	00000000	 10	 79	 58	 37	  0	264	  0	  4	  4	  4	  4	  4	  4	  4	  4	  0	  0	  0	  0	  0	  0	  0	  0	  0	  0	  0	  0	  0	  0	  0	  0	  0	  0	  0	  0	  0	  0	  0	  0	 67	 58	 63	 79	  0	 34	  0	  0	  0	  0	  0	  0	  0	  0	  0	  0	  0	  5	20036	  1
06-03-2016	04:48:10	->	L	00000000	 10	 77	 59	 41	  0	269	  0	  4	  4	  4	  4	  4	  4	  4	  4	  0	  0	  0	  0	  0	  0	  0	  0	  0	  0	  0	  0	  0	  0	  0	  0	  0	  0	  0	  0	  0	  0	  0	  0	 67	 59	 67	 77	  0	 41	  0	  0	  0	  0	  0	  0	  0	  0	  0	  0	  0	  5	20293	  1
06-03-2016	04:53:10	->	L	00000000	 10	 80	 60	 39	  0	274	  0	  4	  4	  4	  4	  4	  4	  4	  4	  0	  0	  0	  0	  0	  0	  0	  0	  0	  0	  0	  0	  0	  0	  0	  0	  0	  0	  0	  0	  0	  0	  0	  0	 68	 60	 67	 80	  0	 39	  0	  0	  0	  0	  0	  0	  0	  0	  0	  0	  0	  5	20550	  1
06-03-2016	04:58:10	->	L	00000000	 10	 82	 60	 34	  0	279	  0	  4	  4	  4	  4	  4	  4	  4	  4	  0	  0	  0	  0	  0	  0	  0	  0	  0	  0	  0	  0	  0	  0	  0	  0	  0	  0	  0	  0	  0	  0	  0	  0	 70	 60	 60	 82	  0	 34	  0	  0	  0	  0	  0	  0	  0	  0	  0	  0	  0	  5	20807	  1
06-03-2016	05:03:10	->	L	00000000	 10	 79	 61	 39	  0	284	  0	  4	  4	  4	  4	  4	  4	  4	  4	  0	  0	  0	  0	  0	  0	  0	  0	  0	  0	  0	  0	  0	  0	  0	  0	  0	  0	  0	  0	  0	  0	  0	  0	 69	 61	 67	 79	  0	 42	  0	  0	  0	  0	  0	  0	  0	  0	  0	  0	  0	  5	20807	  1
06-03-2016	05:08:10	->	L	00000000	 10	 79	 61	 42	  0	289	  0	  4	  4	  4	  4	  4	  4	  4	  4	  0	  0	  0	  0	  0	  0	  0	  0	  0	  0	  0	  0	  0	  0	  0	  0	  0	  0	  0	  0	  0	  0	  0	  0	 69	 61	 67	 79	  0	 42	  0	  0	  0	  0	  0	  0	  0	  0	  0	  0	  0	  5	21064	  1
06-03-2016	05:13:10	->	L	00000000	 10	 83	 61	 36	  0	294	  0	  4	  4	  4	  4	  4	  4	  4	  4	  0	  0	  0	  0	  0	  0	  0	  0	  0	  0	  0	  0	  0	  0	  0	  0	  0	  0	  0	  0	  0	  0	  0	  0	 71	 61	 61	 83	  0	 35	  0	  0	  0	  0	  0	  0	  0	  0	  0	  0	  0	  5	21321	  1
06-03-2016	05:18:10	->	L	00000000	 10	 84	 62	 36	  0	299	  0	  4	  4	  4	  4	  4	  4	  4	  4	  0	  0	  0	  0	  0	  0	  0	  0	  0	  0	  0	  0	  0	  0	  0	  0	  0	  0	  0	  0	  0	  0	  0	  0	 72	 62	 61	 84	  0	 35	  0	  0	  0	  0	  0	  0	  0	  0	  0	  0	  0	  5	21578	  1
06-03-2016	05:23:11	->	L	00000000	 21	 83	 62	 36	  0	  3	  0	  4	  4	  4	  4	  4	  4	  4	  4	  0	  0	  0	  0	  0	  0	  0	  0	  0	  0	  0	  0	  0	  0	  0	  0	  0	  0	  0	  0	  0	  0	  0	  0	 72	 62	 61	 83	  0	 36	  0	  0	  0	  0	  0	  0	  0	  0	  0	  0	  0	  5	21827	  0
06-03-2016	05:28:11	->	L	00000000	 21	 83	 62	 36	  0	  8	  0	  4	  4	  4	  4	  4	  4	  4	  4	  0	  0	  0	  0	  0	  0	  0	  0	  0	  0	  0	  0	  0	  0	  0	  0	  0	  0	  0	  0	  0	  0	  0	  0	 72	 62	 61	 83	  0	 36	  0	  0	  0	  0	  0	  0	  0	  0	  0	  0	  0	  5	21827	  0
06-03-2016	05:33:11	->	L	00000000	 21	 83	 62	 36	  0	 13	  0	  4	  4	  4	  4	  4	  4	  4	  4	  0	  0	  0	  0	  0	  0	  0	  0	  0	  0	  0	  0	  0	  0	  0	  0	  0	  0	  0	  0	  0	  0	  0	  0	 72	 62	 61	 83	  0	 36	  0	  0	  0	  0	  0	  0	  0	  0	  0	  0	  0	  5	21827	  0
06-03-2016	05:38:11	->	L	00000000	 21	 83	 62	 36	  0	 18	  0	  4	  4	  4	  4	  4	  4	  4	  4	  0	  0	  0	  0	  0	  0	  0	  0	  0	  0	  0	  0	  0	  0	  0	  0	  0	  0	  0	  0	  0	  0	  0	  0	 72	 62	 61	 83	  0	 36	  0	  0	  0	  0	  0	  0	  0	  0	  0	  0	  0	  5	21827	  0
06-03-2016	05:43:11	->	L	00000000	 21	 84	 62	 36	  0	 23	  0	  4	  4	  4	  4	  4	  4	  4	  4	  0	  0	  0	  0	  0	  0	  0	  0	  0	  0	  0	  0	  0	  0	  0	  0	  0	  0	  0	  0	  0	  0	  0	  0	 72	 62	 61	 84	  0	 36	  0	  0	  0	  0	  0	  0	  0	  0	  0	  0	  0	  5	21827	  0
06-03-2016	05:48:11	->	L	00000000	 21	 83	 62	 36	  0	 28	  0	  4	  4	  4	  4	  4	  4	  4	  4	  0	  0	  0	  0	  0	  0	  0	  0	  0	  0	  0	  0	  0	  0	  0	  0	  0	  0	  0	  0	  0	  0	  0	  0	 72	 62	 61	 83	  0	 36	  0	  0	  0	  0	  0	  0	  0	  0	  0	  0	  0	  5	21827	  0
06-03-2016	05:53:12	->	L	00000000	 21	 83	 62	 36	  0	 33	  0	  4	  4	  4	  4	  4	  4	  4	  4	  0	  0	  0	  0	  0	  0	  0	  0	  0	  0	  0	  0	  0	  0	  0	  0	  0	  0	  0	  0	  0	  0	  0	  0	 72	 62	 61	 83	  0	 36	  0	  0	  0	  0	  0	  0	  0	  0	  0	  0	  0	  5	21827	  0
06-03-2016	05:58:11	->	L	00000000	 21	 83	 62	 36	  0	 38	  0	  4	  4	  4	  4	  4	  4	  4	  4	  0	  0	  0	  0	  0	  0	  0	  0	  0	  0	  0	  0	  0	  0	  0	  0	  0	  0	  0	  0	  0	  0	  0	  0	 72	 62	 61	 83	  0	 36	  0	  0	  0	  0	  0	  0	  0	  0	  0	  0	  0	  5	21827	  0
06-03-2016	06:03:11	->	L	00000000	 21	 82	 62	 38	  0	 43	  0	  4	  4	  4	  4	  4	  4	  4	  4	  0	  0	  0	  0	  0	  0	  0	  0	  0	  0	  0	  0	  0	  0	  0	  0	  0	  0	  0	  0	  0	  0	  0	  0	 72	 62	 61	 82	  0	 38	  0	  0	  0	  0	  0	  0	  0	  0	  0	  0	  0	  5	21827	  0
06-03-2016	06:08:11	->	L	00000000	 21	 83	 62	 36	  0	 48	  0	  4	  4	  4	  4	  4	  4	  4	  4	  0	  0	  0	  0	  0	  0	  0	  0	  0	  0	  0	  0	  0	  0	  0	  0	  0	  0	  0	  0	  0	  0	  0	  0	 71	 62	 64	 83	  0	 36	  0	  0	  0	  0	  0	  0	  0	  0	  0	  0	  0	  5	21827	  0
06-03-2016	06:13:11	->	L	00000000	 21	 83	 62	 36	  0	 53	  0	  4	  4	  4	  4	  4	  4	  4	  4	  0	  0	  0	  0	  0	  0	  0	  0	  0	  0	  0	  0	  0	  0	  0	  0	  0	  0	  0	  0	  0	  0	  0	  0	 71	 62	 64	 83	  0	 36	  0	  0	  0	  0	  0	  0	  0	  0	  0	  0	  0	  5	21827	  0
06-03-2016	06:18:11	->	L	00000000	 21	 83	 62	 35	  0	 58	  0	  4	  4	  4	  4	  4	  4	  4	  4	  0	  0	  0	  0	  0	  0	  0	  0	  0	  0	  0	  0	  0	  0	  0	  0	  0	  0	  0	  0	  0	  0	  0	  0	 71	 62	 64	 83	  0	 36	  0	  0	  0	  0	  0	  0	  0	  0	  0	  0	  0	  5	21827	  0
06-03-2016	06:23:11	->	L	00000000	 21	 83	 61	 35	  0	 63	  0	  4	  4	  4	  4	  4	  4	  4	  4	  0	  0	  0	  0	  0	  0	  0	  0	  0	  0	  0	  0	  0	  0	  0	  0	  0	  0	  0	  0	  0	  0	  0	  0	 72	 61	 58	 83	  0	 35	  0	  0	  0	  0	  0	  0	  0	  0	  0	  0	  0	  5	21827	  0
06-03-2016	06:28:11	->	L	00000000	 21	 83	 62	 36	  0	 68	  0	  4	  4	  4	  4	  4	  4	  4	  4	  0	  0	  0	  0	  0	  0	  0	  0	  0	  0	  0	  0	  0	  0	  0	  0	  0	  0	  0	  0	  0	  0	  0	  0	 72	 62	 61	 83	  0	 36	  0	  0	  0	  0	  0	  0	  0	  0	  0	  0	  0	  5	21827	  0
06-03-2016	06:33:12	->	L	00000000	 21	 83	 62	 36	  0	 73	  0	  4	  4	  4	  4	  4	  4	  4	  4	  0	  0	  0	  0	  0	  0	  0	  0	  0	  0	  0	  0	  0	  0	  0	  0	  0	  0	  0	  0	  0	  0	  0	  0	 72	 62	 61	 83	  0	 36	  0	  0	  0	  0	  0	  0	  0	  0	  0	  0	  0	  5	21827	  0
06-03-2016	06:38:12	->	L	00000000	 21	 84	 62	 32	  0	 78	  0	  4	  4	  4	  4	  4	  4	  4	  4	  0	  0	  0	  0	  0	  0	  0	  0	  0	  0	  0	  0	  0	  0	  0	  0	  0	  0	  0	  0	  0	  0	  0	  0	 72	 62	 61	 84	  0	 35	  0	  0	  0	  0	  0	  0	  0	  0	  0	  0	  0	  5	21827	  0
06-03-2016	06:43:12	->	L	00000000	 21	 84	 62	 35	  0	 83	  0	  4	  4	  4	  4	  4	  4	  4	  4	  0	  0	  0	  0	  0	  0	  0	  0	  0	  0	  0	  0	  0	  0	  0	  0	  0	  0	  0	  0	  0	  0	  0	  0	 73	 62	 58	 84	  0	 35	  0	  0	  0	  0	  0	  0	  0	  0	  0	  0	  0	  5	21827	  0
06-03-2016	06:48:12	->	L	00000000	 21	 84	 62	 35	  0	 88	  0	  4	  4	  4	  4	  4	  4	  4	  4	  0	  0	  0	  0	  0	  0	  0	  0	  0	  0	  0	  0	  0	  0	  0	  0	  0	  0	  0	  0	  0	  0	  0	  0	 73	 62	 58	 84	  0	 35	  0	  0	  0	  0	  0	  0	  0	  0	  0	  0	  0	  5	21827	  0
06-03-2016	06:53:12	->	L	00000000	 21	 85	 62	 35	  0	 93	  0	  4	  4	  4	  4	  4	  4	  4	  4	  0	  0	  0	  0	  0	  0	  0	  0	  0	  0	  0	  0	  0	  0	  0	  0	  0	  0	  0	  0	  0	  0	  0	  0	 73	 62	 58	 85	  0	 33	  0	  0	  0	  0	  0	  0	  0	  0	  0	  0	  0	  5	21827	  0
06-03-2016	06:58:13	->	L	00000000	 21	 85	 62	 33	  0	 98	  0	  4	  4	  4	  4	  4	  4	  4	  4	  0	  0	  0	  0	  0	  0	  0	  0	  0	  0	  0	  0	  0	  0	  0	  0	  0	  0	  0	  0	  0	  0	  0	  0	 73	 62	 58	 85	  0	 33	  0	  0	  0	  0	  0	  0	  0	  0	  0	  0	  0	  5	21827	  0
06-03-2016	07:03:12	->	L	00000000	 21	 85	 62	 33	  0	103	  0	  4	  4	  4	  4	  4	  4	  4	  4	  0	  0	  0	  0	  0	  0	  0	  0	  0	  0	  0	  0	  0	  0	  0	  0	  0	  0	  0	  0	  0	  0	  0	  0	 73	 62	 58	 85	  0	 33	  0	  0	  0	  0	  0	  0	  0	  0	  0	  0	  0	  5	21827	  0
06-03-2016	07:08:12	->	L	00000000	 21	 86	 62	 33	  0	108	  0	  4	  4	  4	  4	  4	  4	  4	  4	  0	  0	  0	  0	  0	  0	  0	  0	  0	  0	  0	  0	  0	  0	  0	  0	  0	  0	  0	  0	  0	  0	  0	  0	 74	 62	 56	 86	  0	 33	  0	  0	  0	  0	  0	  0	  0	  0	  0	  0	  0	  5	21827	  0
06-03-2016	07:13:12	->	L	00000000	 21	 86	 62	 33	  0	113	  0	  4	  4	  4	  4	  4	  4	  4	  4	  0	  0	  0	  0	  0	  0	  0	  0	  0	  0	  0	  0	  0	  0	  0	  0	  0	  0	  0	  0	  0	  0	  0	  0	 74	 62	 56	 86	  0	 33	  0	  0	  0	  0	  0	  0	  0	  0	  0	  0	  0	  5	21827	  0
06-03-2016	07:18:12	->	L	00000000	 21	 85	 62	 33	  0	118	  0	  4	  4	  4	  4	  4	  4	  4	  4	  0	  0	  0	  0	  0	  0	  0	  0	  0	  0	  0	  0	  0	  0	  0	  0	  0	  0	  0	  0	  0	  0	  0	  0	 73	 62	 58	 85	  0	 33	  0	  0	  0	  0	  0	  0	  0	  0	  0	  0	  0	  5	21827	  0
06-03-2016	07:23:12	<-	L	00000000	 21	 82	 63	 40	  0	123	  0	  4	  4	  4	  4	  4	  4	  4	  4	  0	  0	  0	  0	  0	  0	  0	  0	  0	  0	  0	  0	  0	  0	  0	  0	  0	  0	  0	  0	  0	  0	  0	  0	 75	 63	 56	 82	  0	 40	  0	  0	  0	  0	  0	  0	  0	  0	  0	  0	  0	  5	21827	  0
06-03-2016	07:28:12	<-	L	00000000	 21	 84	 64	 41	  0	128	  0	  4	  4	  4	  4	  4	  4	  4	  4	  0	  0	  0	  0	  0	  0	  0	  0	  0	  0	  0	  0	  0	  0	  0	  0	  0	  0	  0	  0	  0	  0	  0	  0	 84	 64	 39	 76	  0	 56	  0	  0	  0	  0	  0	  0	  0	  0	  0	  0	  0	  5	21827	  0
06-03-2016	07:33:12	<-	L	00000000	 21	 84	 65	 40	  0	133	  0	  4	  4	  4	  4	  4	  4	  4	  4	  0	  0	  0	  0	  0	  0	  0	  0	  0	  0	  0	  0	  0	  0	  0	  0	  0	  0	  0	  0	  0	  0	  0	  0	 84	 65	 41	 75	  0	 62	  0	  0	  0	  0	  0	  0	  0	  0	  0	  0	  0	  5	21827	  0
06-03-2016	07:38:12	<-	L	00000000	 21	 87	 65	 37	  0	138	  0	  4	  4	  4	  4	  4	  4	  4	  4	  0	  0	  0	  0	  0	  0	  0	  0	  0	  0	  0	  0	  0	  0	  0	  0	  0	  0	  0	  0	  0	  0	  0	  0	 87	 65	 37	 75	  0	 62	  0	  0	  0	  0	  0	  0	  0	  0	  0	  0	  0	  5	21827	  0
06-03-2016	07:43:13	<-	L	00000000	 21	 83	 65	 45	  0	143	  0	  4	  4	  4	  4	  4	  4	  4	  4	  0	  0	  0	  0	  0	  0	  0	  0	  0	  0	  0	  0	  0	  0	  0	  0	  0	  0	  0	  0	  0	  0	  0	  0	 83	 65	 44	 74	  0	 65	  0	  0	  0	  0	  0	  0	  0	  0	  0	  0	  0	  5	21827	  0
06-03-2016	07:48:13	<-	L	00000000	 21	 87	 65	 37	  0	148	  0	  4	  4	  4	  4	  4	  4	  4	  4	  0	  0	  0	  0	  0	  0	  0	  0	  0	  0	  0	  0	  0	  0	  0	  0	  0	  0	  0	  0	  0	  0	  0	  0	 87	 65	 37	 75	  0	 62	  0	  0	  0	  0	  0	  0	  0	  0	  0	  0	  0	  5	21827	  0
06-03-2016	07:53:13	<-	L	00000000	 21	 86	 65	 40	  0	153	  0	  4	  4	  4	  4	  4	  4	  4	  4	  0	  0	  0	  0	  0	  0	  0	  0	  0	  0	  0	  0	  0	  0	  0	  0	  0	  0	  0	  0	  0	  0	  0	  0	 86	 65	 37	 75	  0	 62	  0	  0	  0	  0	  0	  0	  0	  0	  0	  0	  0	  5	21827	  0
06-03-2016	07:58:13	<-	L	00000000	 21	 84	 65	 40	  0	158	  0	  4	  4	  4	  4	  4	  4	  4	  4	  0	  0	  0	  0	  0	  0	  0	  0	  0	  0	  0	  0	  0	  0	  0	  0	  0	  0	  0	  0	  0	  0	  0	  0	 84	 65	 41	 75	  0	 62	  0	  0	  0	  0	  0	  0	  0	  0	  0	  0	  0	  5	21827	  0
06-03-2016	08:03:13	<-	L	00000000	 21	 88	 65	 37	  0	163	  0	  4	  4	  4	  4	  4	  4	  4	  4	  0	  0	  0	  0	  0	  0	  0	  0	  0	  0	  0	  0	  0	  0	  0	  0	  0	  0	  0	  0	  0	  0	  0	  0	 88	 65	 34	 75	  0	 62	  0	  0	  0	  0	  0	  0	  0	  0	  0	  0	  0	  5	21827	  0
06-03-2016	08:08:13	<-	L	00000000	 21	 83	 65	 45	  0	168	  0	  4	  4	  4	  4	  4	  4	  4	  4	  0	  0	  0	  0	  0	  0	  0	  0	  0	  0	  0	  0	  0	  0	  0	  0	  0	  0	  0	  0	  0	  0	  0	  0	 83	 65	 44	 74	  0	 65	  0	  0	  0	  0	  0	  0	  0	  0	  0	  0	  0	  5	21827	  0
06-03-2016	08:13:13	<-	L	00000000	 21	 85	 65	 37	  0	173	  0	  4	  4	  4	  4	  4	  4	  4	  4	  0	  0	  0	  0	  0	  0	  0	  0	  0	  0	  0	  0	  0	  0	  0	  0	  0	  0	  0	  0	  0	  0	  0	  0	 85	 65	 40	 75	  0	 62	  0	  0	  0	  0	  0	  0	  0	  0	  0	  0	  0	  5	21827	  0
06-03-2016	08:18:13	<-	L	00000000	 21	 87	 66	 40	  0	178	  0	  4	  4	  4	  4	  4	  4	  4	  4	  0	  0	  0	  0	  0	  0	  0	  0	  0	  0	  0	  0	  0	  0	  0	  0	  0	  0	  0	  0	  0	  0	  0	  0	 87	 66	 37	 75	  0	 65	  0	  0	  0	  0	  0	  0	  0	  0	  0	  0	  0	  5	21827	  0
06-03-2016	08:23:13	<-	L	00000000	 21	 83	 65	 41	  0	183	  0	  4	  4	  4	  4	  4	  4	  4	  4	  0	  0	  0	  0	  0	  0	  0	  0	  0	  0	  0	  0	  0	  0	  0	  0	  0	  0	  0	  0	  0	  0	  0	  0	 83	 65	 44	 75	  0	 62	  0	  0	  0	  0	  0	  0	  0	  0	  0	  0	  0	  5	21827	  0
06-03-2016	08:28:14	<-	L	00000000	 21	 89	 66	 34	  0	188	  0	  4	  4	  4	  4	  4	  4	  4	  4	  0	  0	  0	  0	  0	  0	  0	  0	  0	  0	  0	  0	  0	  0	  0	  0	  0	  0	  0	  0	  0	  0	  0	  0	 89	 66	 34	 76	  0	 62	  0	  0	  0	  0	  0	  0	  0	  0	  0	  0	  0	  5	21827	  0
06-03-2016	08:33:14	<-	L	00000000	 21	 82	 65	 44	  0	193	  0	  4	  4	  4	  4	  4	  4	  4	  4	  0	  0	  0	  0	  0	  0	  0	  0	  0	  0	  0	  0	  0	  0	  0	  0	  0	  0	  0	  0	  0	  0	  0	  0	 82	 65	 45	 75	  0	 62	  0	  0	  0	  0	  0	  0	  0	  0	  0	  0	  0	  5	21827	  0
06-03-2016	08:38:14	<-	L	00000000	 21	 87	 66	 37	  0	198	  0	  4	  4	  4	  4	  4	  4	  4	  4	  0	  0	  0	  0	  0	  0	  0	  0	  0	  0	  0	  0	  0	  0	  0	  0	  0	  0	  0	  0	  0	  0	  0	  0	 87	 66	 37	 76	  0	 62	  0	  0	  0	  0	  0	  0	  0	  0	  0	  0	  0	  5	21827	  0
06-03-2016	08:43:14	<-	L	00000000	 21	 86	 66	 42	  0	203	  0	  4	  4	  4	  4	  4	  4	  4	  4	  0	  0	  0	  0	  0	  0	  0	  0	  0	  0	  0	  0	  0	  0	  0	  0	  0	  0	  0	  0	  0	  0	  0	  0	 86	 66	 40	 75	  0	 65	  0	  0	  0	  0	  0	  0	  0	  0	  0	  0	  0	  5	21827	  0
06-03-2016	08:48:14	<-	L	00000000	 21	 85	 66	 40	  0	208	  0	  4	  4	  4	  4	  4	  4	  4	  4	  0	  0	  0	  0	  0	  0	  0	  0	  0	  0	  0	  0	  0	  0	  0	  0	  0	  0	  0	  0	  0	  0	  0	  0	 85	 66	 42	 75	  0	 65	  0	  0	  0	  0	  0	  0	  0	  0	  0	  0	  0	  5	21827	  0
06-03-2016	08:53:14	<-	L	00000000	 21	 88	 66	 37	  0	213	  0	  4	  4	  4	  4	  4	  4	  4	  4	  0	  0	  0	  0	  0	  0	  0	  0	  0	  0	  0	  0	  0	  0	  0	  0	  0	  0	  0	  0	  0	  0	  0	  0	 88	 66	 37	 76	  0	 62	  0	  0	  0	  0	  0	  0	  0	  0	  0	  0	  0	  5	21827	  0
06-03-2016	08:58:14	<-	L	00000000	 21	 82	 66	 48	  0	218	  0	  4	  4	  4	  4	  4	  4	  4	  4	  0	  0	  0	  0	  0	  0	  0	  0	  0	  0	  0	  0	  0	  0	  0	  0	  0	  0	  0	  0	  0	  0	  0	  0	 82	 66	 48	 75	  0	 65	  0	  0	  0	  0	  0	  0	  0	  0	  0	  0	  0	  5	21827	  0
06-03-2016	09:03:14	<-	L	00000000	 21	 88	 66	 34	  0	223	  0	  4	  4	  4	  4	  4	  4	  4	  4	  0	  0	  0	  0	  0	  0	  0	  0	  0	  0	  0	  0	  0	  0	  0	  0	  0	  0	  0	  0	  0	  0	  0	  0	 88	 66	 37	 76	  0	 62	  0	  0	  0	  0	  0	  0	  0	  0	  0	  0	  0	  5	21827	  0
06-03-2016	09:08:14	<-	L	00000000	 21	 83	 66	 45	  0	228	  0	  4	  4	  4	  4	  4	  4	  4	  4	  0	  0	  0	  0	  0	  0	  0	  0	  0	  0	  0	  0	  0	  0	  0	  0	  0	  0	  0	  0	  0	  0	  0	  0	 83	 66	 45	 75	  0	 65	  0	  0	  0	  0	  0	  0	  0	  0	  0	  0	  0	  5	21827	  0
06-03-2016	09:13:14	<-	L	00000000	 21	 85	 66	 40	  0	233	  0	  4	  4	  4	  4	  4	  4	  4	  4	  0	  0	  0	  0	  0	  0	  0	  0	  0	  0	  0	  0	  0	  0	  0	  0	  0	  0	  0	  0	  0	  0	  0	  0	 85	 66	 42	 75	  0	 65	  0	  0	  0	  0	  0	  0	  0	  0	  0	  0	  0	  5	21827	  0
06-03-2016	09:18:15	<-	L	00000000	 21	 87	 66	 40	  0	238	  0	  4	  4	  4	  4	  4	  4	  4	  4	  0	  0	  0	  0	  0	  0	  0	  0	  0	  0	  0	  0	  0	  0	  0	  0	  0	  0	  0	  0	  0	  0	  0	  0	 87	 66	 37	 75	  0	 65	  0	  0	  0	  0	  0	  0	  0	  0	  0	  0	  0	  5	21827	  0
06-03-2016	09:23:14	<-	L	00000000	 21	 83	 66	 44	  0	243	  0	  4	  4	  4	  4	  4	  4	  4	  4	  0	  0	  0	  0	  0	  0	  0	  0	  0	  0	  0	  0	  0	  0	  0	  0	  0	  0	  0	  0	  0	  0	  0	  0	 83	 66	 45	 75	  0	 65	  0	  0	  0	  0	  0	  0	  0	  0	  0	  0	  0	  5	21827	  0
06-03-2016	09:28:15	<-	L	00000000	 21	 86	 66	 37	  0	248	  0	  4	  4	  4	  4	  4	  4	  4	  4	  0	  0	  0	  0	  0	  0	  0	  0	  0	  0	  0	  0	  0	  0	  0	  0	  0	  0	  0	  0	  0	  0	  0	  0	 86	 66	 40	 76	  0	 62	  0	  0	  0	  0	  0	  0	  0	  0	  0	  0	  0	  5	21827	  0
06-03-2016	09:33:15	<-	L	00000000	 21	 86	 66	 42	  0	253	  0	  4	  4	  4	  4	  4	  4	  4	  4	  0	  0	  0	  0	  0	  0	  0	  0	  0	  0	  0	  0	  0	  0	  0	  0	  0	  0	  0	  0	  0	  0	  0	  0	 86	 66	 40	 75	  0	 65	  0	  0	  0	  0	  0	  0	  0	  0	  0	  0	  0	  5	21827	  0
06-03-2016	09:38:14	<-	L	00000000	 21	 83	 66	 45	  0	258	  0	  4	  4	  4	  4	  4	  4	  4	  4	  0	  0	  0	  0	  0	  0	  0	  0	  0	  0	  0	  0	  0	  0	  0	  0	  0	  0	  0	  0	  0	  0	  0	  0	 83	 66	 45	 75	  0	 65	  0	  0	  0	  0	  0	  0	  0	  0	  0	  0	  0	  5	21827	  0
06-03-2016	09:43:15	<-	L	00000000	 21	 87	 66	 37	  0	263	  0	  4	  4	  4	  4	  4	  4	  4	  4	  0	  0	  0	  0	  0	  0	  0	  0	  0	  0	  0	  0	  0	  0	  0	  0	  0	  0	  0	  0	  0	  0	  0	  0	 87	 66	 37	 76	  0	 62	  0	  0	  0	  0	  0	  0	  0	  0	  0	  0	  0	  5	21827	  0
06-03-2016	09:48:15	<-	L	00000000	 21	 83	 66	 48	  0	268	  0	  4	  4	  4	  4	  4	  4	  4	  4	  0	  0	  0	  0	  0	  0	  0	  0	  0	  0	  0	  0	  0	  0	  0	  0	  0	  0	  0	  0	  0	  0	  0	  0	 83	 66	 48	 75	  0	 65	  0	  0	  0	  0	  0	  0	  0	  0	  0	  0	  0	  5	21827	  0
06-03-2016	09:53:15	<-	L	00000000	 21	 87	 66	 37	  0	273	  0	  4	  4	  4	  4	  4	  4	  4	  4	  0	  0	  0	  0	  0	  0	  0	  0	  0	  0	  0	  0	  0	  0	  0	  0	  0	  0	  0	  0	  0	  0	  0	  0	 87	 66	 37	 76	  0	 62	  0	  0	  0	  0	  0	  0	  0	  0	  0	  0	  0	  5	21827	  0
06-03-2016	09:58:15	<-	L	00000000	 21	 86	 66	 42	  0	278	  0	  4	  4	  4	  4	  4	  4	  4	  4	  0	  0	  0	  0	  0	  0	  0	  0	  0	  0	  0	  0	  0	  0	  0	  0	  0	  0	  0	  0	  0	  0	  0	  0	 86	 66	 40	 75	  0	 65	  0	  0	  0	  0	  0	  0	  0	  0	  0	  0	  0	  5	21827	  0
06-03-2016	10:03:15	<-	L	00000000	 21	 83	 66	 44	  0	283	  0	  4	  4	  4	  4	  4	  4	  4	  4	  0	  0	  0	  0	  0	  0	  0	  0	  0	  0	  0	  0	  0	  0	  0	  0	  0	  0	  0	  0	  0	  0	  0	  0	 83	 66	 45	 75	  0	 65	  0	  0	  0	  0	  0	  0	  0	  0	  0	  0	  0	  5	21827	  0
06-03-2016	10:08:15	<-	L	00000000	 21	 88	 66	 37	  0	288	  0	  4	  4	  4	  4	  4	  4	  4	  4	  0	  0	  0	  0	  0	  0	  0	  0	  0	  0	  0	  0	  0	  0	  0	  0	  0	  0	  0	  0	  0	  0	  0	  0	 88	 66	 37	 76	  0	 62	  0	  0	  0	  0	  0	  0	  0	  0	  0	  0	  0	  5	21827	  0
06-03-2016	10:13:15	<-	L	00000000	 21	 83	 66	 45	  0	293	  0	  4	  4	  4	  4	  4	  4	  4	  4	  0	  0	  0	  0	  0	  0	  0	  0	  0	  0	  0	  0	  0	  0	  0	  0	  0	  0	  0	  0	  0	  0	  0	  0	 83	 66	 45	 75	  0	 65	  0	  0	  0	  0	  0	  0	  0	  0	  0	  0	  0	  5	21827	  0
06-03-2016	10:18:15	<-	L	00000000	 21	 85	 66	 42	  0	298	  0	  4	  4	  4	  4	  4	  4	  4	  4	  0	  0	  0	  0	  0	  0	  0	  0	  0	  0	  0	  0	  0	  0	  0	  0	  0	  0	  0	  0	  0	  0	  0	  0	 85	 66	 42	 76	  0	 62	  0	  0	  0	  0	  0	  0	  0	  0	  0	  0	  0	  5	21827	  0
06-03-2016	10:23:15	<-	L	00000000	 22	 87	 66	 40	  0	  3	  0	  4	  4	  4	  4	  4	  4	  4	  4	  0	  0	  0	  0	  0	  0	  0	  0	  0	  0	  0	  0	  0	  0	  0	  0	  0	  0	  0	  0	  0	  0	  0	  0	 87	 66	 37	 75	  0	 65	  0	  0	  0	  0	  0	  0	  0	  0	  0	  0	  0	  5	21825	  0
06-03-2016	10:28:15	<-	L	00000000	 22	 83	 65	 44	  0	  8	  0	  4	  4	  4	  4	  4	  4	  4	  4	  0	  0	  0	  0	  0	  0	  0	  0	  0	  0	  0	  0	  0	  0	  0	  0	  0	  0	  0	  0	  0	  0	  0	  0	 83	 65	 44	 75	  0	 62	  0	  0	  0	  0	  0	  0	  0	  0	  0	  0	  0	  5	21825	  0
06-03-2016	10:33:16	<-	L	00000000	 22	 86	 65	 37	  0	 13	  0	  4	  4	  4	  4	  4	  4	  4	  4	  0	  0	  0	  0	  0	  0	  0	  0	  0	  0	  0	  0	  0	  0	  0	  0	  0	  0	  0	  0	  0	  0	  0	  0	 86	 65	 37	 75	  0	 62	  0	  0	  0	  0	  0	  0	  0	  0	  0	  0	  0	  5	21825	  0
06-03-2016	10:38:15	<-	L	00000000	 22	 84	 65	 44	  0	 18	  0	  4	  4	  4	  4	  4	  4	  4	  4	  0	  0	  0	  0	  0	  0	  0	  0	  0	  0	  0	  0	  0	  0	  0	  0	  0	  0	  0	  0	  0	  0	  0	  0	 84	 65	 41	 75	  0	 62	  0	  0	  0	  0	  0	  0	  0	  0	  0	  0	  0	  5	21825	  0
06-03-2016	10:43:15	<-	L	00000000	 22	 85	 65	 37	  0	 23	  0	  4	  4	  4	  4	  4	  4	  4	  4	  0	  0	  0	  0	  0	  0	  0	  0	  0	  0	  0	  0	  0	  0	  0	  0	  0	  0	  0	  0	  0	  0	  0	  0	 85	 65	 40	 75	  0	 62	  0	  0	  0	  0	  0	  0	  0	  0	  0	  0	  0	  5	21825	  0
06-03-2016	10:48:16	<-	L	00000000	 22	 85	 65	 41	  0	 28	  0	  4	  4	  4	  4	  4	  4	  4	  4	  0	  0	  0	  0	  0	  0	  0	  0	  0	  0	  0	  0	  0	  0	  0	  0	  0	  0	  0	  0	  0	  0	  0	  0	 85	 65	 40	 75	  0	 62	  0	  0	  0	  0	  0	  0	  0	  0	  0	  0	  0	  5	21825	  0
06-03-2016	10:53:16	<-	L	00000000	 22	 83	 65	 41	  0	 33	  0	  4	  4	  4	  4	  4	  4	  4	  4	  0	  0	  0	  0	  0	  0	  0	  0	  0	  0	  0	  0	  0	  0	  0	  0	  0	  0	  0	  0	  0	  0	  0	  0	 83	 65	 44	 75	  0	 62	  0	  0	  0	  0	  0	  0	  0	  0	  0	  0	  0	  5	21825	  0
06-03-2016	10:58:16	<-	L	00000000	 22	 84	 65	 44	  0	 38	  0	  4	  4	  4	  4	  4	  4	  4	  4	  0	  0	  0	  0	  0	  0	  0	  0	  0	  0	  0	  0	  0	  0	  0	  0	  0	  0	  0	  0	  0	  0	  0	  0	 84	 65	 41	 74	  0	 65	  0	  0	  0	  0	  0	  0	  0	  0	  0	  0	  0	  5	21825	  0
06-03-2016	11:03:16	<-	L	00000000	 22	 86	 65	 40	  0	 43	  0	  4	  4	  4	  4	  4	  4	  4	  4	  0	  0	  0	  0	  0	  0	  0	  0	  0	  0	  0	  0	  0	  0	  0	  0	  0	  0	  0	  0	  0	  0	  0	  0	 86	 65	 37	 75	  0	 62	  0	  0	  0	  0	  0	  0	  0	  0	  0	  0	  0	  5	21825	  0
06-03-2016	11:08:16	<-	L	00000000	 22	 85	 65	 37	  0	 48	  0	  4	  4	  4	  4	  4	  4	  4	  4	  0	  0	  0	  0	  0	  0	  0	  0	  0	  0	  0	  0	  0	  0	  0	  0	  0	  0	  0	  0	  0	  0	  0	  0	 85	 65	 40	 75	  0	 62	  0	  0	  0	  0	  0	  0	  0	  0	  0	  0	  0	  5	21825	  0
06-03-2016	11:13:16	<-	L	00000000	 22	 83	 65	 44	  0	 53	  0	  4	  4	  4	  4	  4	  4	  4	  4	  0	  0	  0	  0	  0	  0	  0	  0	  0	  0	  0	  0	  0	  0	  0	  0	  0	  0	  0	  0	  0	  0	  0	  0	 83	 65	 44	 75	  0	 62	  0	  0	  0	  0	  0	  0	  0	  0	  0	  0	  0	  5	21825	  0
06-03-2016	11:18:16	<-	L	00000000	 22	 82	 65	 45	  0	 58	  0	  4	  4	  4	  4	  4	  4	  4	  4	  0	  0	  0	  0	  0	  0	  0	  0	  0	  0	  0	  0	  0	  0	  0	  0	  0	  0	  0	  0	  0	  0	  0	  0	 82	 65	 45	 75	  0	 62	  0	  0	  0	  0	  0	  0	  0	  0	  0	  0	  0	  5	21825	  0
06-03-2016	11:23:16	  	L	00000000	 22	 84	 65	 41	  0	 63	  0	  4	  4	  4	  4	  4	  4	  4	  4	  0	  0	  0	  0	  0	  0	  0	  0	  0	  0	  0	  0	  0	  0	  0	  0	  0	  0	  0	  0	  0	  0	  0	  0	 84	 65	 41	 74	  0	 65	  0	  0	  0	  0	  0	  0	  0	  0	  0	  0	  0	  5	21825	  0
06-03-2016	11:28:16	->	L	00000000	 22	 85	 64	 37	  0	 68	  0	  4	  4	  4	  4	  4	  4	  4	  4	  0	  0	  0	  0	  0	  0	  0	  0	  0	  0	  0	  0	  0	  0	  0	  0	  0	  0	  0	  0	  0	  0	  0	  0	 78	 64	 51	 85	  0	 37	  0	  0	  0	  0	  0	  0	  0	  0	  0	  0	  0	  5	21825	  0
06-03-2016	11:33:16	->	L	00000000	 22	 84	 63	 36	  0	 73	  0	  4	  4	  4	  4	  4	  4	  4	  4	  0	  0	  0	  0	  0	  0	  0	  0	  0	  0	  0	  0	  0	  0	  0	  0	  0	  0	  0	  0	  0	  0	  0	  0	 76	 63	 53	 84	  0	 36	  0	  0	  0	  0	  0	  0	  0	  0	  0	  0	  0	  5	21825	  0
06-03-2016	11:38:17	->	L	00000000	 22	 85	 63	 36	  0	 78	  0	  4	  4	  4	  4	  4	  4	  4	  4	  0	  0	  0	  0	  0	  0	  0	  0	  0	  0	  0	  0	  0	  0	  0	  0	  0	  0	  0	  0	  0	  0	  0	  0	 77	 63	 50	 85	  0	 36	  0	  0	  0	  0	  0	  0	  0	  0	  0	  0	  0	  5	21825	  0
06-03-2016	11:43:17	->	L	00000000	 22	 85	 63	 36	  0	 83	  0	  4	  4	  4	  4	  4	  4	  4	  4	  0	  0	  0	  0	  0	  0	  0	  0	  0	  0	  0	  0	  0	  0	  0	  0	  0	  0	  0	  0	  0	  0	  0	  0	 77	 63	 50	 85	  0	 36	  0	  0	  0	  0	  0	  0	  0	  0	  0	  0	  0	  5	21825	  0
06-03-2016	11:48:17	->	L	00000000	 22	 85	 63	 36	  0	 88	  0	  4	  4	  4	  4	  4	  4	  4	  4	  0	  0	  0	  0	  0	  0	  0	  0	  0	  0	  0	  0	  0	  0	  0	  0	  0	  0	  0	  0	  0	  0	  0	  0	 76	 63	 53	 85	  0	 36	  0	  0	  0	  0	  0	  0	  0	  0	  0	  0	  0	  5	21825	  0
06-03-2016	11:53:17	->	L	00000000	 22	 84	 63	 36	  0	 93	  0	  4	  4	  4	  4	  4	  4	  4	  4	  0	  0	  0	  0	  0	  0	  0	  0	  0	  0	  0	  0	  0	  0	  0	  0	  0	  0	  0	  0	  0	  0	  0	  0	 76	 63	 53	 84	  0	 36	  0	  0	  0	  0	  0	  0	  0	  0	  0	  0	  0	  5	21825	  0
06-03-2016	11:58:17	->	L	00000000	 22	 85	 63	 36	  0	 98	  0	  4	  4	  4	  4	  4	  4	  4	  4	  0	  0	  0	  0	  0	  0	  0	  0	  0	  0	  0	  0	  0	  0	  0	  0	  0	  0	  0	  0	  0	  0	  0	  0	 76	 63	 53	 85	  0	 36	  0	  0	  0	  0	  0	  0	  0	  0	  0	  0	  0	  5	21825	  0
06-03-2016	12:03:17	->	L	00000000	 22	 85	 63	 36	  0	103	  0	  4	  4	  4	  4	  4	  4	  4	  4	  0	  0	  0	  0	  0	  0	  0	  0	  0	  0	  0	  0	  0	  0	  0	  0	  0	  0	  0	  0	  0	  0	  0	  0	 76	 63	 53	 85	  0	 36	  0	  0	  0	  0	  0	  0	  0	  0	  0	  0	  0	  5	21825	  0
06-03-2016	12:08:17	->	L	00000000	 22	 85	 62	 33	  0	108	  0	  4	  4	  4	  4	  4	  4	  4	  4	  0	  0	  0	  0	  0	  0	  0	  0	  0	  0	  0	  0	  0	  0	  0	  0	  0	  0	  0	  0	  0	  0	  0	  0	 76	 62	 50	 85	  0	 33	  0	  0	  0	  0	  0	  0	  0	  0	  0	  0	  0	  5	21825	  0
06-03-2016	12:13:17	->	L	00000000	 22	 85	 63	 36	  0	113	  0	  4	  4	  4	  4	  4	  4	  4	  4	  0	  0	  0	  0	  0	  0	  0	  0	  0	  0	  0	  0	  0	  0	  0	  0	  0	  0	  0	  0	  0	  0	  0	  0	 76	 63	 53	 85	  0	 36	  0	  0	  0	  0	  0	  0	  0	  0	  0	  0	  0	  5	21825	  0
06-03-2016	12:18:17	->	L	00000000	 22	 85	 62	 33	  0	118	  0	  4	  4	  4	  4	  4	  4	  4	  4	  0	  0	  0	  0	  0	  0	  0	  0	  0	  0	  0	  0	  0	  0	  0	  0	  0	  0	  0	  0	  0	  0	  0	  0	 76	 62	 50	 85	  0	 33	  0	  0	  0	  0	  0	  0	  0	  0	  0	  0	  0	  5	21825	  0
06-03-2016	12:23:17	->	L	00000000	 22	 85	 63	 33	  0	123	  0	  4	  4	  4	  4	  4	  4	  4	  4	  0	  0	  0	  0	  0	  0	  0	  0	  0	  0	  0	  0	  0	  0	  0	  0	  0	  0	  0	  0	  0	  0	  0	  0	 76	 63	 53	 85	  0	 36	  0	  0	  0	  0	  0	  0	  0	  0	  0	  0	  0	  5	21825	  0
06-03-2016	12:28:17	->	L	00000000	 22	 85	 62	 33	  0	128	  0	  4	  4	  4	  4	  4	  4	  4	  4	  0	  0	  0	  0	  0	  0	  0	  0	  0	  0	  0	  0	  0	  0	  0	  0	  0	  0	  0	  0	  0	  0	  0	  0	 76	 62	 50	 85	  0	 33	  0	  0	  0	  0	  0	  0	  0	  0	  0	  0	  0	  5	21825	  0
06-03-2016	12:33:17	->	L	00000000	 22	 86	 62	 33	  0	133	  0	  4	  4	  4	  4	  4	  4	  4	  4	  0	  0	  0	  0	  0	  0	  0	  0	  0	  0	  0	  0	  0	  0	  0	  0	  0	  0	  0	  0	  0	  0	  0	  0	 76	 62	 50	 86	  0	 33	  0	  0	  0	  0	  0	  0	  0	  0	  0	  0	  0	  5	21825	  0
06-03-2016	12:38:17	->	L	00000000	 22	 83	 62	 35	  0	138	  0	  4	  4	  4	  4	  4	  4	  4	  4	  0	  0	  0	  0	  0	  0	  0	  0	  0	  0	  0	  0	  0	  0	  0	  0	  0	  0	  0	  0	  0	  0	  0	  0	 75	 62	 53	 83	  0	 36	  0	  0	  0	  0	  0	  0	  0	  0	  0	  0	  0	  5	21825	  0
06-03-2016	12:43:17	->	L	00000000	 22	 84	 62	 35	  0	143	  0	  4	  4	  4	  4	  4	  4	  4	  4	  0	  0	  0	  0	  0	  0	  0	  0	  0	  0	  0	  0	  0	  0	  0	  0	  0	  0	  0	  0	  0	  0	  0	  0	 75	 62	 53	 84	  0	 35	  0	  0	  0	  0	  0	  0	  0	  0	  0	  0	  0	  5	21825	  0
06-03-2016	12:48:17	->	L	00000000	 22	 86	 63	 33	  0	148	  0	  4	  4	  4	  4	  4	  4	  4	  4	  0	  0	  0	  0	  0	  0	  0	  0	  0	  0	  0	  0	  0	  0	  0	  0	  0	  0	  0	  0	  0	  0	  0	  0	 77	 63	 50	 86	  0	 33	  0	  0	  0	  0	  0	  0	  0	  0	  0	  0	  0	  5	21825	  0
06-03-2016	12:53:18	->	L	00000000	 22	 84	 61	 33	  0	153	  0	  4	  4	  4	  4	  4	  4	  4	  4	  0	  0	  0	  0	  0	  0	  0	  0	  0	  0	  0	  0	  0	  0	  0	  0	  0	  0	  0	  0	  0	  0	  0	  0	 75	 61	 50	 84	  0	 32	  0	  0	  0	  0	  0	  0	  0	  0	  0	  0	  0	  5	21825	  0
06-03-2016	12:58:18	->	L	00000000	 22	 85	 62	 35	  0	158	  0	  4	  4	  4	  4	  4	  4	  4	  4	  0	  0	  0	  0	  0	  0	  0	  0	  0	  0	  0	  0	  0	  0	  0	  0	  0	  0	  0	  0	  0	  0	  0	  0	 76	 62	 50	 85	  0	 33	  0	  0	  0	  0	  0	  0	  0	  0	  0	  0	  0	  5	21825	  0
06-03-2016	13:03:18	->	L	00000000	 22	 85	 62	 33	  0	163	  0	  4	  4	  4	  4	  4	  4	  4	  4	  0	  0	  0	  0	  0	  0	  0	  0	  0	  0	  0	  0	  0	  0	  0	  0	  0	  0	  0	  0	  0	  0	  0	  0	 76	 62	 50	 85	  0	 33	  0	  0	  0	  0	  0	  0	  0	  0	  0	  0	  0	  5	21825	  0
06-03-2016	13:08:18	->	L	00000000	 22	 83	 62	 36	  0	168	  0	  4	  4	  4	  4	  4	  4	  4	  4	  0	  0	  0	  0	  0	  0	  0	  0	  0	  0	  0	  0	  0	  0	  0	  0	  0	  0	  0	  0	  0	  0	  0	  0	 75	 62	 53	 83	  0	 36	  0	  0	  0	  0	  0	  0	  0	  0	  0	  0	  0	  5	21825	  0
06-03-2016	13:13:18	->	L	00000000	 22	 87	 62	 33	  0	173	  0	  4	  4	  4	  4	  4	  4	  4	  4	  0	  0	  0	  0	  0	  0	  0	  0	  0	  0	  0	  0	  0	  0	  0	  0	  0	  0	  0	  0	  0	  0	  0	  0	 76	 62	 50	 87	  0	 31	  0	  0	  0	  0	  0	  0	  0	  0	  0	  0	  0	  5	21825	  0
06-03-2016	13:18:18	->	L	00000000	 22	 83	 62	 35	  0	178	  0	  4	  4	  4	  4	  4	  4	  4	  4	  0	  0	  0	  0	  0	  0	  0	  0	  0	  0	  0	  0	  0	  0	  0	  0	  0	  0	  0	  0	  0	  0	  0	  0	 75	 62	 53	 83	  0	 36	  0	  0	  0	  0	  0	  0	  0	  0	  0	  0	  0	  5	21825	  0
06-03-2016	13:23:18	->	L	00000000	 22	 84	 62	 35	  0	183	  0	  4	  4	  4	  4	  4	  4	  4	  4	  0	  0	  0	  0	  0	  0	  0	  0	  0	  0	  0	  0	  0	  0	  0	  0	  0	  0	  0	  0	  0	  0	  0	  0	 76	 62	 50	 84	  0	 35	  0	  0	  0	  0	  0	  0	  0	  0	  0	  0	  0	  5	21825	  0
06-03-2016	13:28:18	->	L	00000000	 22	 86	 62	 33	  0	188	  0	  4	  4	  4	  4	  4	  4	  4	  4	  0	  0	  0	  0	  0	  0	  0	  0	  0	  0	  0	  0	  0	  0	  0	  0	  0	  0	  0	  0	  0	  0	  0	  0	 77	 62	 48	 86	  0	 33	  0	  0	  0	  0	  0	  0	  0	  0	  0	  0	  0	  5	21825	  0
06-03-2016	13:33:18	->	L	00000000	 22	 82	 61	 35	  0	193	  0	  4	  4	  4	  4	  4	  4	  4	  4	  0	  0	  0	  0	  0	  0	  0	  0	  0	  0	  0	  0	  0	  0	  0	  0	  0	  0	  0	  0	  0	  0	  0	  0	 75	 61	 50	 82	  0	 35	  0	  0	  0	  0	  0	  0	  0	  0	  0	  0	  0	  5	21825	  0
06-03-2016	13:38:18	->	L	00000000	 22	 84	 62	 32	  0	198	  0	  4	  4	  4	  4	  4	  4	  4	  4	  0	  0	  0	  0	  0	  0	  0	  0	  0	  0	  0	  0	  0	  0	  0	  0	  0	  0	  0	  0	  0	  0	  0	  0	 75	 62	 53	 84	  0	 35	  0	  0	  0	  0	  0	  0	  0	  0	  0	  0	  0	  5	21825	  0
06-03-2016	13:43:18	->	L	00000000	 22	 85	 61	 32	  0	203	  0	  4	  4	  4	  4	  4	  4	  4	  4	  0	  0	  0	  0	  0	  0	  0	  0	  0	  0	  0	  0	  0	  0	  0	  0	  0	  0	  0	  0	  0	  0	  0	  0	 75	 61	 50	 85	  0	 32	  0	  0	  0	  0	  0	  0	  0	  0	  0	  0	  0	  5	21825	  0
06-03-2016	13:48:19	->	L	00000000	 22	 85	 62	 33	  0	208	  0	  4	  4	  4	  4	  4	  4	  4	  4	  0	  0	  0	  0	  0	  0	  0	  0	  0	  0	  0	  0	  0	  0	  0	  0	  0	  0	  0	  0	  0	  0	  0	  0	 76	 62	 50	 85	  0	 33	  0	  0	  0	  0	  0	  0	  0	  0	  0	  0	  0	  5	21825	  0
06-03-2016	13:53:19	->	L	00000000	 22	 85	 62	 33	  0	213	  0	  4	  4	  4	  4	  4	  4	  4	  4	  0	  0	  0	  0	  0	  0	  0	  0	  0	  0	  0	  0	  0	  0	  0	  0	  0	  0	  0	  0	  0	  0	  0	  0	 76	 62	 50	 85	  0	 33	  0	  0	  0	  0	  0	  0	  0	  0	  0	  0	  0	  5	21825	  0
06-03-2016	13:58:19	->	L	00000000	 22	 84	 61	 33	  0	218	  0	  4	  4	  4	  4	  4	  4	  4	  4	  0	  0	  0	  0	  0	  0	  0	  0	  0	  0	  0	  0	  0	  0	  0	  0	  0	  0	  0	  0	  0	  0	  0	  0	 76	 61	 48	 84	  0	 32	  0	  0	  0	  0	  0	  0	  0	  0	  0	  0	  0	  5	21825	  0
06-03-2016	14:03:19	->	L	00000000	 22	 84	 61	 32	  0	223	  0	  4	  4	  4	  4	  4	  4	  4	  4	  0	  0	  0	  0	  0	  0	  0	  0	  0	  0	  0	  0	  0	  0	  0	  0	  0	  0	  0	  0	  0	  0	  0	  0	 76	 61	 48	 84	  0	 32	  0	  0	  0	  0	  0	  0	  0	  0	  0	  0	  0	  5	21825	  0
06-03-2016	14:08:19	->	L	00000000	 22	 84	 61	 32	  0	228	  0	  4	  4	  4	  4	  4	  4	  4	  4	  0	  0	  0	  0	  0	  0	  0	  0	  0	  0	  0	  0	  0	  0	  0	  0	  0	  0	  0	  0	  0	  0	  0	  0	 75	 61	 50	 84	  0	 32	  0	  0	  0	  0	  0	  0	  0	  0	  0	  0	  0	  5	21825	  0
06-03-2016	14:13:19	->	L	00000000	 22	 83	 61	 35	  0	233	  0	  4	  4	  4	  4	  4	  4	  4	  4	  0	  0	  0	  0	  0	  0	  0	  0	  0	  0	  0	  0	  0	  0	  0	  0	  0	  0	  0	  0	  0	  0	  0	  0	 75	 61	 50	 83	  0	 35	  0	  0	  0	  0	  0	  0	  0	  0	  0	  0	  0	  5	21825	  0
06-03-2016	14:18:19	->	L	00000000	 22	 83	 61	 35	  0	238	  0	  4	  4	  4	  4	  4	  4	  4	  4	  0	  0	  0	  0	  0	  0	  0	  0	  0	  0	  0	  0	  0	  0	  0	  0	  0	  0	  0	  0	  0	  0	  0	  0	 75	 61	 50	 83	  0	 35	  0	  0	  0	  0	  0	  0	  0	  0	  0	  0	  0	  5	21825	  0
06-03-2016	14:23:20	->	L	00000000	 22	 83	 61	 35	  0	243	  0	  4	  4	  4	  4	  4	  4	  4	  4	  0	  0	  0	  0	  0	  0	  0	  0	  0	  0	  0	  0	  0	  0	  0	  0	  0	  0	  0	  0	  0	  0	  0	  0	 74	 61	 52	 83	  0	 35	  0	  0	  0	  0	  0	  0	  0	  0	  0	  0	  0	  5	21825	  0
06-03-2016	14:28:19	->	L	00000000	 22	 83	 61	 35	  0	248	  0	  4	  4	  4	  4	  4	  4	  4	  4	  0	  0	  0	  0	  0	  0	  0	  0	  0	  0	  0	  0	  0	  0	  0	  0	  0	  0	  0	  0	  0	  0	  0	  0	 74	 61	 52	 83	  0	 35	  0	  0	  0	  0	  0	  0	  0	  0	  0	  0	  0	  5	21825	  0
06-03-2016	14:33:19	->	L	00000000	 22	 83	 61	 32	  0	253	  0	  4	  4	  4	  4	  4	  4	  4	  4	  0	  0	  0	  0	  0	  0	  0	  0	  0	  0	  0	  0	  0	  0	  0	  0	  0	  0	  0	  0	  0	  0	  0	  0	 74	 61	 52	 83	  0	 35	  0	  0	  0	  0	  0	  0	  0	  0	  0	  0	  0	  5	21825	  0
06-03-2016	14:38:19	->	L	00000000	 22	 74	 60	 48	  0	258	  0	  4	  4	  4	  4	  4	  4	  4	  4	  0	  0	  0	  0	  0	  0	  0	  0	  0	  0	  0	  0	  0	  0	  0	  0	  0	  0	  0	  0	  0	  0	  0	  0	 71	 60	 57	 74	  0	 49	  0	  0	  0	  0	  0	  0	  0	  0	  0	  0	  0	  5	21825	  0
06-03-2016	14:43:20	->	L	00000000	 22	 82	 60	 35	  0	263	  0	  4	  4	  4	  4	  4	  4	  4	  4	  0	  0	  0	  0	  0	  0	  0	  0	  0	  0	  0	  0	  0	  0	  0	  0	  0	  0	  0	  0	  0	  0	  0	  0	 73	 60	 52	 82	  0	 34	  0	  0	  0	  0	  0	  0	  0	  0	  0	  0	  0	  5	21825	  0
06-03-2016	14:48:20	->	L	00000000	 22	 82	 60	 34	  0	268	  0	  4	  4	  4	  4	  4	  4	  4	  4	  0	  0	  0	  0	  0	  0	  0	  0	  0	  0	  0	  0	  0	  0	  0	  0	  0	  0	  0	  0	  0	  0	  0	  0	 74	 60	 49	 82	  0	 34	  0	  0	  0	  0	  0	  0	  0	  0	  0	  0	  0	  5	21825	  0
06-03-2016	14:53:20	->	L	00000000	 22	 82	 60	 34	  0	274	  0	  4	  4	  4	  4	  4	  4	  4	  4	  0	  0	  0	  0	  0	  0	  0	  0	  0	  0	  0	  0	  0	  0	  0	  0	  0	  0	  0	  0	  0	  0	  0	  0	 74	 60	 49	 82	  0	 34	  0	  0	  0	  0	  0	  0	  0	  0	  0	  0	  0	  5	21825	  0
06-03-2016	14:58:20	->	L	00000000	 22	 83	 60	 32	  0	278	  0	  4	  4	  4	  4	  4	  4	  4	  4	  0	  0	  0	  0	  0	  0	  0	  0	  0	  0	  0	  0	  0	  0	  0	  0	  0	  0	  0	  0	  0	  0	  0	  0	 74	 60	 49	 83	  0	 32	  0	  0	  0	  0	  0	  0	  0	  0	  0	  0	  0	  5	21825	  0
06-03-2016	15:03:20	->	L	00000000	 22	 82	 60	 34	  0	283	  0	  4	  4	  4	  4	  4	  4	  4	  4	  0	  0	  0	  0	  0	  0	  0	  0	  0	  0	  0	  0	  0	  0	  0	  0	  0	  0	  0	  0	  0	  0	  0	  0	 74	 60	 49	 82	  0	 34	  0	  0	  0	  0	  0	  0	  0	  0	  0	  0	  0	  5	21825	  0
06-03-2016	15:08:20	->	L	00000000	 22	 83	 60	 32	  0	288	  0	  4	  4	  4	  4	  4	  4	  4	  4	  0	  0	  0	  0	  0	  0	  0	  0	  0	  0	  0	  0	  0	  0	  0	  0	  0	  0	  0	  0	  0	  0	  0	  0	 74	 60	 49	 83	  0	 32	  0	  0	  0	  0	  0	  0	  0	  0	  0	  0	  0	  5	21825	  0
06-03-2016	15:13:20	->	L	00000000	 22	 82	 60	 34	  0	293	  0	  4	  4	  4	  4	  4	  4	  4	  4	  0	  0	  0	  0	  0	  0	  0	  0	  0	  0	  0	  0	  0	  0	  0	  0	  0	  0	  0	  0	  0	  0	  0	  0	 74	 60	 49	 82	  0	 34	  0	  0	  0	  0	  0	  0	  0	  0	  0	  0	  0	  5	21825	  0
06-03-2016	15:18:20	->	L	00000000	 22	 82	 60	 34	  0	299	  0	  4	  4	  4	  4	  4	  4	  4	  4	  0	  0	  0	  0	  0	  0	  0	  0	  0	  0	  0	  0	  0	  0	  0	  0	  0	  0	  0	  0	  0	  0	  0	  0	 74	 60	 49	 82	  0	 34	  0	  0	  0	  0	  0	  0	  0	  0	  0	  0	  0	  5	21825	  0
06-03-2016	15:23:20	  	L	00000000	 23	 83	 60	 32	  0	  3	  0	  4	  4	  4	  4	  4	  4	  4	  4	  0	  0	  0	  0	  0	  0	  0	  0	  0	  0	  0	  0	  0	  0	  0	  0	  0	  0	  0	  0	  0	  0	  0	  0	 74	 60	 49	 83	  0	 32	  0	  0	  0	  0	  0	  0	  0	  0	  0	  0	  0	  5	21823	  0
06-03-2016	15:28:20	<-	L	00000000	 23	 83	 62	 36	  0	  8	  0	  4	  4	  4	  4	  4	  4	  4	  4	  0	  0	  0	  0	  0	  0	  0	  0	  0	  0	  0	  0	  0	  0	  0	  0	  0	  0	  0	  0	  0	  0	  0	  0	 83	 62	 36	 77	  0	 48	  0	  0	  0	  0	  0	  0	  0	  0	  0	  0	  0	  5	21823	  0
06-03-2016	15:33:20	<-	L	00000000	 23	 85	 63	 36	  0	 13	  0	  4	  4	  4	  4	  4	  4	  4	  4	  0	  0	  0	  0	  0	  0	  0	  0	  0	  0	  0	  0	  0	  0	  0	  0	  0	  0	  0	  0	  0	  0	  0	  0	 85	 63	 36	 77	  0	 50	  0	  0	  0	  0	  0	  0	  0	  0	  0	  0	  0	  5	21823	  0
06-03-2016	15:38:21	<-	L	00000000	 23	 86	 63	 33	  0	 18	  0	  4	  4	  4	  4	  4	  4	  4	  4	  0	  0	  0	  0	  0	  0	  0	  0	  0	  0	  0	  0	  0	  0	  0	  0	  0	  0	  0	  0	  0	  0	  0	  0	 86	 63	 33	 77	  0	 50	  0	  0	  0	  0	  0	  0	  0	  0	  0	  0	  0	  5	21823	  0
06-03-2016	15:43:21	<-	L	00000000	 23	 83	 63	 39	  0	 23	  0	  4	  4	  4	  4	  4	  4	  4	  4	  0	  0	  0	  0	  0	  0	  0	  0	  0	  0	  0	  0	  0	  0	  0	  0	  0	  0	  0	  0	  0	  0	  0	  0	 83	 63	 39	 76	  0	 53	  0	  0	  0	  0	  0	  0	  0	  0	  0	  0	  0	  5	21823	  0
06-03-2016	15:48:21	<-	L	00000000	 23	 86	 63	 33	  0	 28	  0	  4	  4	  4	  4	  4	  4	  4	  4	  0	  0	  0	  0	  0	  0	  0	  0	  0	  0	  0	  0	  0	  0	  0	  0	  0	  0	  0	  0	  0	  0	  0	  0	 86	 63	 33	 77	  0	 50	  0	  0	  0	  0	  0	  0	  0	  0	  0	  0	  0	  5	21823	  0
06-03-2016	15:53:21	<-	L	00000000	 23	 83	 63	 39	  0	 33	  0	  4	  4	  4	  4	  4	  4	  4	  4	  0	  0	  0	  0	  0	  0	  0	  0	  0	  0	  0	  0	  0	  0	  0	  0	  0	  0	  0	  0	  0	  0	  0	  0	 83	 63	 39	 76	  0	 53	  0	  0	  0	  0	  0	  0	  0	  0	  0	  0	  0	  5	21823	  0
06-03-2016	15:58:22	<-	L	00000000	 23	 86	 64	 36	  0	 38	  0	  4	  4	  4	  4	  4	  4	  4	  4	  0	  0	  0	  0	  0	  0	  0	  0	  0	  0	  0	  0	  0	  0	  0	  0	  0	  0	  0	  0	  0	  0	  0	  0	 86	 64	 36	 77	  0	 53	  0	  0	  0	  0	  0	  0	  0	  0	  0	  0	  0	  5	21823	  0
06-03-2016	16:03:21	<-	L	00000000	 23	 82	 63	 40	  0	 43	  0	  4	  4	  4	  4	  4	  4	  4	  4	  0	  0	  0	  0	  0	  0	  0	  0	  0	  0	  0	  0	  0	  0	  0	  0	  0	  0	  0	  0	  0	  0	  0	  0	 82	 63	 40	 76	  0	 53	  0	  0	  0	  0	  0	  0	  0	  0	  0	  0	  0	  5	21823	  0
