03/11/2016	16:29:07	  	L	00000000	 10	 26	 18	 56	  0	  0	  0	  4	  4	  4	  4	  4	  4	  4	  4	  0	  0	  0	  0	  0	  0	  0	  0	  0	  0	  0	  0	  0	  0	  0	  0	  0	  0	  0	  0	  0	  0	  0	  0	 26	 18	 56	 25	  0	 60	  0	  0	  0	  0	  0	  0	  0	  0	  0	  0	  0	  5	6682	  1
03/11/2016	16:34:07	->	L	00000000	 10	 25	 18	 56	  0	  5	  0	  4	  4	  4	  4	  4	  4	  4	  4	  0	  0	  0	  0	  0	  0	  0	  0	  0	  0	  0	  0	  0	  0	  0	  0	  0	  0	  0	  0	  0	  0	  0	  0	 25	 18	 60	 22	  0	 76	  0	  0	  0	  0	  0	  0	  0	  0	  0	  0	  0	  5	6682	  1
03/11/2016	16:39:07	->	L	00000000	 10	 29	 19	 49	  0	 10	  0	  4	  4	  4	  4	  4	  4	  4	  4	  0	  0	  0	  0	  0	  0	  0	  0	  0	  0	  0	  0	  0	  0	  0	  0	  0	  0	  0	  0	  0	  0	  0	  0	 29	 19	 49	 26	  0	 60	  0	  0	  0	  0	  0	  0	  0	  0	  0	  0	  0	  5	6939	  1
03/11/2016	16:44:07	->	L	00000000	 10	 29	 20	 53	  0	 15	  0	  4	  4	  4	  4	  4	  4	  4	  4	  0	  0	  0	  0	  0	  0	  0	  0	  0	  0	  0	  0	  0	  0	  0	  0	  0	  0	  0	  0	  0	  0	  0	  0	 29	 20	 53	 27	  0	 60	  0	  0	  0	  0	  0	  0	  0	  0	  0	  0	  0	  5	6939	  1
03/11/2016	16:49:07	->	L	00000000	 10	 28	 21	 56	  0	 20	  0	  4	  4	  4	  4	  4	  4	  4	  4	  0	  0	  0	  0	  0	  0	  0	  0	  0	  0	  0	  0	  0	  0	  0	  0	  0	  0	  0	  0	  0	  0	  0	  0	 28	 21	 61	 27	  0	 66	  0	  0	  0	  0	  0	  0	  0	  0	  0	  0	  0	  5	7196	  1
03/11/2016	16:54:07	->	L	00000000	 10	 29	 22	 57	  0	 25	  0	  4	  4	  4	  4	  4	  4	  4	  4	  0	  0	  0	  0	  0	  0	  0	  0	  0	  0	  0	  0	  0	  0	  0	  0	  0	  0	  0	  0	  0	  0	  0	  0	 28	 22	 66	 29	  0	 61	  0	  0	  0	  0	  0	  0	  0	  0	  0	  0	  0	  5	7453	  1
03/11/2016	16:59:07	->	L	00000000	 10	 32	 23	 53	  0	 30	  0	  4	  4	  4	  4	  4	  4	  4	  4	  0	  0	  0	  0	  0	  0	  0	  0	  0	  0	  0	  0	  0	  0	  0	  0	  0	  0	  0	  0	  0	  0	  0	  0	 30	 23	 61	 32	  0	 53	  0	  0	  0	  0	  0	  0	  0	  0	  0	  0	  0	  5	7453	  1
03/11/2016	17:04:07	->	L	00000000	 10	 32	 24	 54	  0	 35	  0	  4	  4	  4	  4	  4	  4	  4	  4	  0	  0	  0	  0	  0	  0	  0	  0	  0	  0	  0	  0	  0	  0	  0	  0	  0	  0	  0	  0	  0	  0	  0	  0	 31	 24	 61	 32	  0	 57	  0	  0	  0	  0	  0	  0	  0	  0	  0	  0	  0	  5	7710	  1
03/11/2016	17:09:07	->	L	00000000	 10	 35	 25	 50	  0	 40	  0	  4	  4	  4	  4	  4	  4	  4	  4	  0	  0	  0	  0	  0	  0	  0	  0	  0	  0	  0	  0	  0	  0	  0	  0	  0	  0	  0	  0	  0	  0	  0	  0	 31	 25	 66	 35	  0	 50	  0	  0	  0	  0	  0	  0	  0	  0	  0	  0	  0	  5	7710	  1
03/11/2016	17:14:07	->	L	00000000	 10	 35	 26	 54	  0	 45	  0	  4	  4	  4	  4	  4	  4	  4	  4	  0	  0	  0	  0	  0	  0	  0	  0	  0	  0	  0	  0	  0	  0	  0	  0	  0	  0	  0	  0	  0	  0	  0	  0	 31	 26	 74	 35	  0	 54	  0	  0	  0	  0	  0	  0	  0	  0	  0	  0	  0	  5	7967	  1
03/11/2016	17:19:07	->	L	00000000	 10	 36	 27	 55	  0	 50	  0	  4	  4	  4	  4	  4	  4	  4	  4	  0	  0	  0	  0	  0	  0	  0	  0	  0	  0	  0	  0	  0	  0	  0	  0	  0	  0	  0	  0	  0	  0	  0	  0	 32	 27	 74	 36	  0	 55	  0	  0	  0	  0	  0	  0	  0	  0	  0	  0	  0	  5	8224	  1
03/11/2016	17:24:07	->	L	00000000	 10	 37	 28	 58	  0	 55	  0	  4	  4	  4	  4	  4	  4	  4	  4	  0	  0	  0	  0	  0	  0	  0	  0	  0	  0	  0	  0	  0	  0	  0	  0	  0	  0	  0	  0	  0	  0	  0	  0	 31	 28	 83	 37	  0	 55	  0	  0	  0	  0	  0	  0	  0	  0	  0	  0	  0	  5	8224	  1
03/11/2016	17:29:07	->	L	00000000	 10	 37	 29	 59	  0	 60	  0	  4	  4	  4	  4	  4	  4	  4	  4	  0	  0	  0	  0	  0	  0	  0	  0	  0	  0	  0	  0	  0	  0	  0	  0	  0	  0	  0	  0	  0	  0	  0	  0	 32	 29	 83	 37	  0	 59	  0	  0	  0	  0	  0	  0	  0	  0	  0	  0	  0	  5	8481	  1
03/11/2016	17:34:07	->	L	00000000	 10	 38	 29	 59	  0	 65	  0	  4	  4	  4	  4	  4	  4	  4	  4	  0	  0	  0	  0	  0	  0	  0	  0	  0	  0	  0	  0	  0	  0	  0	  0	  0	  0	  0	  0	  0	  0	  0	  0	 32	 29	 83	 38	  0	 55	  0	  0	  0	  0	  0	  0	  0	  0	  0	  0	  0	  5	8481	  1
03/11/2016	17:39:07	->	L	00000000	 10	 40	 31	 56	  0	 70	  0	  4	  4	  4	  4	  4	  4	  4	  4	  0	  0	  0	  0	  0	  0	  0	  0	  0	  0	  0	  0	  0	  0	  0	  0	  0	  0	  0	  0	  0	  0	  0	  0	 33	 31	 88	 40	  0	 56	  0	  0	  0	  0	  0	  0	  0	  0	  0	  0	  0	  5	9252	  1
03/11/2016	17:44:07	->	L	00000000	 10	 37	 31	 68	  0	 75	  0	  4	  4	  4	  4	  4	  4	  4	  4	  0	  0	  0	  0	  0	  0	  0	  0	  0	  0	  0	  0	  0	  0	  0	  0	  0	  0	  0	  0	  0	  0	  0	  0	 33	 31	 88	 37	  0	 68	  0	  0	  0	  0	  0	  0	  0	  0	  0	  0	  0	  5	9509	  1
03/11/2016	17:49:07	->	L	00000000	 10	 39	 31	 59	  0	 80	  0	  4	  4	  4	  4	  4	  4	  4	  4	  0	  0	  0	  0	  0	  0	  0	  0	  0	  0	  0	  0	  0	  0	  0	  0	  0	  0	  0	  0	  0	  0	  0	  0	 34	 31	 83	 39	  0	 59	  0	  0	  0	  0	  0	  0	  0	  0	  0	  0	  0	  5	9509	  1
03/11/2016	17:54:08	->	L	00000000	 10	 41	 32	 56	  0	 85	  0	  4	  4	  4	  4	  4	  4	  4	  4	  0	  0	  0	  0	  0	  0	  0	  0	  0	  0	  0	  0	  0	  0	  0	  0	  0	  0	  0	  0	  0	  0	  0	  0	 35	 32	 83	 41	  0	 56	  0	  0	  0	  0	  0	  0	  0	  0	  0	  0	  0	  5	9766	  1
03/11/2016	17:59:07	->	L	00000000	 10	 47	 34	 42	  0	 90	  0	  4	  4	  4	  4	  4	  4	  4	  4	  0	  0	  0	  0	  0	  0	  0	  0	  0	  0	  0	  0	  0	  0	  0	  0	  0	  0	  0	  0	  0	  0	  0	  0	 37	 34	 84	 47	  0	 42	  0	  0	  0	  0	  0	  0	  0	  0	  0	  0	  0	  5	10023	  1
03/11/2016	18:04:07	->	L	00000000	 10	 48	 38	 61	  0	 95	  0	  4	  4	  4	  4	  4	  4	  4	  4	  0	  0	  0	  0	  0	  0	  0	  0	  0	  0	  0	  0	  0	  0	  0	  0	  0	  0	  0	  0	  0	  0	  0	  0	 40	 38	 89	 48	  0	 54	  0	  0	  0	  0	  0	  0	  0	  0	  0	  0	  0	  5	10023	  1
03/11/2016	18:09:07	->	L	00000000	 10	 42	 39	 84	  0	100	  0	  4	  4	  4	  4	  4	  4	  4	  4	  0	  0	  0	  0	  0	  0	  0	  0	  0	  0	  0	  0	  0	  0	  0	  0	  0	  0	  0	  0	  0	  0	  0	  0	 39	 39	100	 42	  0	 84	  0	  0	  0	  0	  0	  0	  0	  0	  0	  0	  0	  5	10280	  1
03/11/2016	18:14:06	->	L	00000000	 10	 51	 40	 55	 40	105	  0	  4	  4	  4	  4	  4	  4	  4	  4	  0	  0	  0	  0	  0	  0	  0	  0	  0	  0	  0	  0	  0	  0	  0	  0	  0	  0	  0	  0	  0	  0	  0	  0	 42	 40	 89	 51	  0	 51	  0	  0	  0	  0	  0	  0	  0	  0	  0	  0	  0	  5	10537	  1
03/11/2016	18:19:07	->	L	00000000	 10	 45	 40	 76	  0	110	  0	  4	  4	  4	  4	  4	  4	  4	  4	  0	  0	  0	  0	  0	  0	  0	  0	  0	  0	  0	  0	  0	  0	  0	  0	  0	  0	  0	  0	  0	  0	  0	  0	 40	 40	100	 45	  0	 76	  0	  0	  0	  0	  0	  0	  0	  0	  0	  0	  0	  5	10794	  1
03/11/2016	18:24:07	->	L	00000000	 10	 46	 42	 76	  0	115	  0	  4	  4	  4	  4	  4	  4	  4	  4	  0	  0	  0	  0	  0	  0	  0	  0	  0	  0	  0	  0	  0	  0	  0	  0	  0	  0	  0	  0	  0	  0	  0	  0	 44	 42	 89	 46	  0	 79	  0	  0	  0	  0	  0	  0	  0	  0	  0	  0	  0	  5	10794	  1
03/11/2016	18:29:07	->	L	00000000	 10	 51	 42	 59	  0	120	  0	  4	  4	  4	  4	  4	  4	  4	  4	  0	  0	  0	  0	  0	  0	  0	  0	  0	  0	  0	  0	  0	  0	  0	  0	  0	  0	  0	  0	  0	  0	  0	  0	 44	 42	 89	 51	  0	 59	  0	  0	  0	  0	  0	  0	  0	  0	  0	  0	  0	  5	11051	  1
03/11/2016	18:34:07	  	L	00000000	 10	 49	 42	 70	  0	  0	  0	  4	  4	  4	  4	  4	  4	  4	  4	  0	  0	  0	  0	  0	  0	  0	  0	  0	  0	  0	  0	  0	  0	  0	  0	  0	  0	  0	  0	  0	  0	  0	  0	  0	  0	  0	  0	  0	  0	  0	  0	  0	  0	  0	  0	  0	  0	  0	  0	  0	  5	11308	  1
03/11/2016	18:39:07	->	L	00000000	 10	 46	 44	 89	  0	130	  0	  4	  4	  4	  4	  4	  4	  4	  4	  0	  0	  0	  0	  0	  0	  0	  0	  0	  0	  0	  0	  0	  0	  0	  0	  0	  0	  0	  0	  0	  0	  0	  0	 44	 44	100	 46	  0	 89	  0	  0	  0	  0	  0	  0	  0	  0	  0	  0	  0	  5	11565	  1
03/11/2016	18:44:07	->	L	00000000	 10	 49	 45	 79	  0	135	  0	  4	  4	  4	  4	  4	  4	  4	  4	  0	  0	  0	  0	  0	  0	  0	  0	  0	  0	  0	  0	  0	  0	  0	  0	  0	  0	  0	  0	  0	  0	  0	  0	 47	 45	 89	 49	  0	 79	  0	  0	  0	  0	  0	  0	  0	  0	  0	  0	  0	  5	11565	  1
03/11/2016	18:49:07	->	L	00000000	 10	 54	 45	 63	  0	140	  0	  4	  4	  4	  4	  4	  4	  4	  4	  0	  0	  0	  0	  0	  0	  0	  0	  0	  0	  0	  0	  0	  0	  0	  0	  0	  0	  0	  0	  0	  0	  0	  0	 47	 45	 89	 54	  0	 60	  0	  0	  0	  0	  0	  0	  0	  0	  0	  0	  0	  5	11822	  1
03/11/2016	18:54:07	->	L	00000000	 10	 52	 45	 70	  0	145	  0	  4	  4	  4	  4	  4	  4	  4	  4	  0	  0	  0	  0	  0	  0	  0	  0	  0	  0	  0	  0	  0	  0	  0	  0	  0	  0	  0	  0	  0	  0	  0	  0	 46	 45	 94	 52	  0	 67	  0	  0	  0	  0	  0	  0	  0	  0	  0	  0	  0	  5	12079	  1
03/11/2016	18:59:07	->	L	00000000	 10	 48	 47	 94	  0	150	  0	  4	  4	  4	  4	  4	  4	  4	  4	  0	  0	  0	  0	  0	  0	  0	  0	  0	  0	  0	  0	  0	  0	  0	  0	  0	  0	  0	  0	  0	  0	  0	  0	 46	 47	100	 48	  0	 94	  0	  0	  0	  0	  0	  0	  0	  0	  0	  0	  0	  5	12336	  1
03/11/2016	19:04:07	->	L	00000000	 10	 52	 48	 77	  0	155	  0	  4	  4	  4	  4	  4	  4	  4	  4	  0	  0	  0	  0	  0	  0	  0	  0	  0	  0	  0	  0	  0	  0	  0	  0	  0	  0	  0	  0	  0	  0	  0	  0	 50	 48	 89	 52	  0	 80	  0	  0	  0	  0	  0	  0	  0	  0	  0	  0	  0	  5	12336	  1
03/11/2016	19:09:07	->	L	00000000	 10	 57	 48	 60	  0	160	  0	  4	  4	  4	  4	  4	  4	  4	  4	  0	  0	  0	  0	  0	  0	  0	  0	  0	  0	  0	  0	  0	  0	  0	  0	  0	  0	  0	  0	  0	  0	  0	  0	 49	 48	 94	 57	  0	 60	  0	  0	  0	  0	  0	  0	  0	  0	  0	  0	  0	  5	12593	  1
03/11/2016	19:14:07	->	L	00000000	 10	 53	 48	 80	  0	165	  0	  4	  4	  4	  4	  4	  4	  4	  4	  0	  0	  0	  0	  0	  0	  0	  0	  0	  0	  0	  0	  0	  0	  0	  0	  0	  0	  0	  0	  0	  0	  0	  0	 48	 48	100	 53	  0	 77	  0	  0	  0	  0	  0	  0	  0	  0	  0	  0	  0	  5	12850	  1
03/11/2016	19:19:07	->	L	00000000	 10	 51	 50	 90	  0	170	  0	  4	  4	  4	  4	  4	  4	  4	  4	  0	  0	  0	  0	  0	  0	  0	  0	  0	  0	  0	  0	  0	  0	  0	  0	  0	  0	  0	  0	  0	  0	  0	  0	 50	 50	100	 51	  0	 94	  0	  0	  0	  0	  0	  0	  0	  0	  0	  0	  0	  5	12850	  1
03/11/2016	19:24:07	->	L	00000000	 10	 57	 50	 68	  0	175	  0	  4	  4	  4	  4	  4	  4	  4	  4	  0	  0	  0	  0	  0	  0	  0	  0	  0	  0	  0	  0	  0	  0	  0	  0	  0	  0	  0	  0	  0	  0	  0	  0	 52	 50	 90	 57	  0	 68	  0	  0	  0	  0	  0	  0	  0	  0	  0	  0	  0	  5	13107	  1
03/11/2016	19:29:07	->	L	00000000	 10	 54	 50	 80	  0	180	  0	  4	  4	  4	  4	  4	  4	  4	  4	  0	  0	  0	  0	  0	  0	  0	  0	  0	  0	  0	  0	  0	  0	  0	  0	  0	  0	  0	  0	  0	  0	  0	  0	 51	 50	 94	 54	  0	 80	  0	  0	  0	  0	  0	  0	  0	  0	  0	  0	  0	  5	13364	  1
03/11/2016	19:34:07	->	L	00000000	 10	 57	 52	 72	  0	185	  0	  4	  4	  4	  4	  4	  4	  4	  4	  0	  0	  0	  0	  0	  0	  0	  0	  0	  0	  0	  0	  0	  0	  0	  0	  0	  0	  0	  0	  0	  0	  0	  0	 53	 52	 94	 57	  0	 78	  0	  0	  0	  0	  0	  0	  0	  0	  0	  0	  0	  5	13621	  1
03/11/2016	19:39:07	->	L	00000000	 10	 54	 52	 86	  0	190	  0	  4	  4	  4	  4	  4	  4	  4	  4	  0	  0	  0	  0	  0	  0	  0	  0	  0	  0	  0	  0	  0	  0	  0	  0	  0	  0	  0	  0	  0	  0	  0	  0	 52	 52	100	 54	  0	 90	  0	  0	  0	  0	  0	  0	  0	  0	  0	  0	  0	  5	13621	  1
03/11/2016	19:44:07	->	L	00000000	 10	 54	 52	 86	  0	195	  0	  4	  4	  4	  4	  4	  4	  4	  4	  0	  0	  0	  0	  0	  0	  0	  0	  0	  0	  0	  0	  0	  0	  0	  0	  0	  0	  0	  0	  0	  0	  0	  0	 52	 52	100	 54	  0	 90	  0	  0	  0	  0	  0	  0	  0	  0	  0	  0	  0	  5	13878	  1
03/11/2016	19:49:07	->	L	00000000	 10	 56	 52	 80	  0	200	  0	  4	  4	  4	  4	  4	  4	  4	  4	  0	  0	  0	  0	  0	  0	  0	  0	  0	  0	  0	  0	  0	  0	  0	  0	  0	  0	  0	  0	  0	  0	  0	  0	 52	 52	100	 56	  0	 80	  0	  0	  0	  0	  0	  0	  0	  0	  0	  0	  0	  5	14135	  1
03/11/2016	19:54:07	->	L	00000000	 10	 56	 52	 80	  0	205	  0	  4	  4	  4	  4	  4	  4	  4	  4	  0	  0	  0	  0	  0	  0	  0	  0	  0	  0	  0	  0	  0	  0	  0	  0	  0	  0	  0	  0	  0	  0	  0	  0	 53	 52	 94	 56	  0	 80	  0	  0	  0	  0	  0	  0	  0	  0	  0	  0	  0	  5	14392	  1
03/11/2016	19:59:07	->	L	00000000	 10	 56	 53	 90	  0	210	  0	  4	  4	  4	  4	  4	  4	  4	  4	  0	  0	  0	  0	  0	  0	  0	  0	  0	  0	  0	  0	  0	  0	  0	  0	  0	  0	  0	  0	  0	  0	  0	  0	 53	 53	100	 56	  0	 86	  0	  0	  0	  0	  0	  0	  0	  0	  0	  0	  0	  5	14392	  1
03/11/2016	20:04:07	->	L	00000000	 10	 58	 53	 78	  0	215	  0	  4	  4	  4	  4	  4	  4	  4	  4	  0	  0	  0	  0	  0	  0	  0	  0	  0	  0	  0	  0	  0	  0	  0	  0	  0	  0	  0	  0	  0	  0	  0	  0	 54	 53	 94	 58	  0	 78	  0	  0	  0	  0	  0	  0	  0	  0	  0	  0	  0	  5	14649	  1
03/11/2016	20:09:07	->	L	00000000	 10	 58	 54	 78	  0	220	  0	  4	  4	  4	  4	  4	  4	  4	  4	  0	  0	  0	  0	  0	  0	  0	  0	  0	  0	  0	  0	  0	  0	  0	  0	  0	  0	  0	  0	  0	  0	  0	  0	 55	 54	 94	 58	  0	 81	  0	  0	  0	  0	  0	  0	  0	  0	  0	  0	  0	  5	14906	  1
03/11/2016	20:14:07	->	L	00000000	 10	 58	 54	 81	  0	225	  0	  4	  4	  4	  4	  4	  4	  4	  4	  0	  0	  0	  0	  0	  0	  0	  0	  0	  0	  0	  0	  0	  0	  0	  0	  0	  0	  0	  0	  0	  0	  0	  0	 58	 54	 81	 58	  0	 81	  0	  0	  0	  0	  0	  0	  0	  0	  0	  0	  0	  5	15163	  1
03/11/2016	20:19:07	->	L	00000000	 10	 60	 55	 78	  0	230	  0	  4	  4	  4	  4	  4	  4	  4	  4	  0	  0	  0	  0	  0	  0	  0	  0	  0	  0	  0	  0	  0	  0	  0	  0	  0	  0	  0	  0	  0	  0	  0	  0	 60	 55	 78	 58	  0	 86	  0	  0	  0	  0	  0	  0	  0	  0	  0	  0	  0	  5	15163	  1
03/11/2016	20:24:07	->	L	00000000	 10	 60	 55	 78	  0	235	  0	  4	  4	  4	  4	  4	  4	  4	  4	  0	  0	  0	  0	  0	  0	  0	  0	  0	  0	  0	  0	  0	  0	  0	  0	  0	  0	  0	  0	  0	  0	  0	  0	 60	 55	 78	 59	  0	 81	  0	  0	  0	  0	  0	  0	  0	  0	  0	  0	  0	  5	15420	  1
03/11/2016	20:29:07	->	L	00000000	 10	 62	 55	 69	  0	240	  0	  4	  4	  4	  4	  4	  4	  4	  4	  0	  0	  0	  0	  0	  0	  0	  0	  0	  0	  0	  0	  0	  0	  0	  0	  0	  0	  0	  0	  0	  0	  0	  0	 62	 55	 69	 58	  0	 86	  0	  0	  0	  0	  0	  0	  0	  0	  0	  0	  0	  5	15677	  1
03/11/2016	20:34:07	<-	L	00000000	 10	 60	 56	 81	  0	245	  0	  4	  4	  4	  4	  4	  4	  4	  4	  0	  0	  0	  0	  0	  0	  0	  0	  0	  0	  0	  0	  0	  0	  0	  0	  0	  0	  0	  0	  0	  0	  0	  0	 60	 56	 81	 59	  0	 86	  0	  0	  0	  0	  0	  0	  0	  0	  0	  0	  0	  5	15677	  1
03/11/2016	20:39:07	<-	L	00000000	 10	 66	 57	 63	  0	250	  0	  4	  4	  4	  4	  4	  4	  4	  4	  0	  0	  0	  0	  0	  0	  0	  0	  0	  0	  0	  0	  0	  0	  0	  0	  0	  0	  0	  0	  0	  0	  0	  0	 66	 57	 63	 57	  0	100	  0	  0	  0	  0	  0	  0	  0	  0	  0	  0	  0	  5	15934	  1
03/11/2016	20:44:07	<-	L	00000000	 10	 63	 57	 73	  0	255	  0	  4	  4	  4	  4	  4	  4	  4	  4	  0	  0	  0	  0	  0	  0	  0	  0	  0	  0	  0	  0	  0	  0	  0	  0	  0	  0	  0	  0	  0	  0	  0	  0	 63	 57	 73	 58	  0	 94	  0	  0	  0	  0	  0	  0	  0	  0	  0	  0	  0	  5	16191	  1
03/11/2016	20:49:07	<-	L	00000000	 10	 70	 59	 57	  0	260	  0	  4	  4	  4	  4	  4	  4	  4	  4	  0	  0	  0	  0	  0	  0	  0	  0	  0	  0	  0	  0	  0	  0	  0	  0	  0	  0	  0	  0	  0	  0	  0	  0	 70	 59	 57	 59	  0	100	  0	  0	  0	  0	  0	  0	  0	  0	  0	  0	  0	  5	16448	  1
03/11/2016	20:54:07	<-	L	00000000	 10	 65	 58	 73	  0	265	  0	  4	  4	  4	  4	  4	  4	  4	  4	  0	  0	  0	  0	  0	  0	  0	  0	  0	  0	  0	  0	  0	  0	  0	  0	  0	  0	  0	  0	  0	  0	  0	  0	 65	 58	 70	 59	  0	 95	  0	  0	  0	  0	  0	  0	  0	  0	  0	  0	  0	  5	16448	  1
03/11/2016	20:59:07	<-	L	00000000	 10	 71	 59	 55	  0	270	  0	  4	  4	  4	  4	  4	  4	  4	  4	  0	  0	  0	  0	  0	  0	  0	  0	  0	  0	  0	  0	  0	  0	  0	  0	  0	  0	  0	  0	  0	  0	  0	  0	 71	 59	 55	 59	  0	100	  0	  0	  0	  0	  0	  0	  0	  0	  0	  0	  0	  5	16705	  1
03/11/2016	21:04:07	<-	L	00000000	 10	 66	 60	 70	  0	275	  0	  4	  4	  4	  4	  4	  4	  4	  4	  0	  0	  0	  0	  0	  0	  0	  0	  0	  0	  0	  0	  0	  0	  0	  0	  0	  0	  0	  0	  0	  0	  0	  0	 66	 60	 73	 60	  0	100	  0	  0	  0	  0	  0	  0	  0	  0	  0	  0	  0	  5	16962	  1
03/11/2016	21:09:08	<-	L	00000000	 10	 73	 60	 52	  0	280	  0	  4	  4	  4	  4	  4	  4	  4	  4	  0	  0	  0	  0	  0	  0	  0	  0	  0	  0	  0	  0	  0	  0	  0	  0	  0	  0	  0	  0	  0	  0	  0	  0	 73	 60	 52	 61	  0	 95	  0	  0	  0	  0	  0	  0	  0	  0	  0	  0	  0	  5	17219	  1
03/11/2016	21:14:08	<-	L	00000000	 10	 68	 60	 71	  0	285	  0	  4	  4	  4	  4	  4	  4	  4	  4	  0	  0	  0	  0	  0	  0	  0	  0	  0	  0	  0	  0	  0	  0	  0	  0	  0	  0	  0	  0	  0	  0	  0	  0	 68	 60	 67	 61	  0	 95	  0	  0	  0	  0	  0	  0	  0	  0	  0	  0	  0	  5	17219	  1
03/11/2016	21:19:08	<-	L	00000000	 10	 77	 60	 45	  0	290	  0	  4	  4	  4	  4	  4	  4	  4	  4	  0	  0	  0	  0	  0	  0	  0	  0	  0	  0	  0	  0	  0	  0	  0	  0	  0	  0	  0	  0	  0	  0	  0	  0	 77	 60	 43	 61	  0	 95	  0	  0	  0	  0	  0	  0	  0	  0	  0	  0	  0	  5	17476	  1
03/11/2016	21:24:08	<-	L	00000000	 10	 70	 61	 61	  0	295	  0	  4	  4	  4	  4	  4	  4	  4	  4	  0	  0	  0	  0	  0	  0	  0	  0	  0	  0	  0	  0	  0	  0	  0	  0	  0	  0	  0	  0	  0	  0	  0	  0	 70	 61	 64	 61	  0	100	  0	  0	  0	  0	  0	  0	  0	  0	  0	  0	  0	  5	17733	  1
03/11/2016	21:29:08	<-	L	00000000	 10	 76	 62	 50	  0	300	  0	  4	  4	  4	  4	  4	  4	  4	  4	  0	  0	  0	  0	  0	  0	  0	  0	  0	  0	  0	  0	  0	  0	  0	  0	  0	  0	  0	  0	  0	  0	  0	  0	 76	 62	 50	 62	  0	100	  0	  0	  0	  0	  0	  0	  0	  0	  0	  0	  0	  5	17990	  1
03/11/2016	21:34:07	<-	L	00000000	 21	 82	 61	 35	  0	  4	  0	  4	  4	  4	  4	  4	  4	  4	  4	  0	  0	  0	  0	  0	  0	  0	  0	  0	  0	  0	  0	  0	  0	  0	  0	  0	  0	  0	  0	  0	  0	  0	  0	 82	 61	 35	 71	  0	 61	  0	  0	  0	  0	  0	  0	  0	  0	  0	  0	  0	  5	21053	  0
03/11/2016	21:39:07	<-	L	00000000	 21	 80	 60	 38	  0	  9	  0	  4	  4	  4	  4	  4	  4	  4	  4	  0	  0	  0	  0	  0	  0	  0	  0	  0	  0	  0	  0	  0	  0	  0	  0	  0	  0	  0	  0	  0	  0	  0	  0	 80	 60	 38	 74	  0	 49	  0	  0	  0	  0	  0	  0	  0	  0	  0	  0	  0	  5	21053	  0
03/11/2016	21:44:07	<-	L	00000000	 21	 82	 60	 35	  0	 14	  0	  4	  4	  4	  4	  4	  4	  4	  4	  0	  0	  0	  0	  0	  0	  0	  0	  0	  0	  0	  0	  0	  0	  0	  0	  0	  0	  0	  0	  0	  0	  0	  0	 82	 60	 34	 75	  0	 48	  0	  0	  0	  0	  0	  0	  0	  0	  0	  0	  0	  5	21053	  0
03/11/2016	21:49:07	<-	L	00000000	 21	 84	 60	 32	  0	 19	  0	  4	  4	  4	  4	  4	  4	  4	  4	  0	  0	  0	  0	  0	  0	  0	  0	  0	  0	  0	  0	  0	  0	  0	  0	  0	  0	  0	  0	  0	  0	  0	  0	 84	 60	 32	 76	  0	 45	  0	  0	  0	  0	  0	  0	  0	  0	  0	  0	  0	  5	21053	  0
03/11/2016	21:54:07	<-	L	00000000	 21	 86	 60	 30	  0	 24	  0	  4	  4	  4	  4	  4	  4	  4	  4	  0	  0	  0	  0	  0	  0	  0	  0	  0	  0	  0	  0	  0	  0	  0	  0	  0	  0	  0	  0	  0	  0	  0	  0	 86	 60	 30	 77	  0	 43	  0	  0	  0	  0	  0	  0	  0	  0	  0	  0	  0	  5	21053	  0
03/11/2016	21:59:08	<-	L	00000000	 21	 87	 60	 28	  0	 29	  0	  4	  4	  4	  4	  4	  4	  4	  4	  0	  0	  0	  0	  0	  0	  0	  0	  0	  0	  0	  0	  0	  0	  0	  0	  0	  0	  0	  0	  0	  0	  0	  0	 87	 60	 28	 77	  0	 43	  0	  0	  0	  0	  0	  0	  0	  0	  0	  0	  0	  5	21053	  0
03/11/2016	22:04:08	<-	L	00000000	 21	 87	 60	 28	  0	 34	  0	  4	  4	  4	  4	  4	  4	  4	  4	  0	  0	  0	  0	  0	  0	  0	  0	  0	  0	  0	  0	  0	  0	  0	  0	  0	  0	  0	  0	  0	  0	  0	  0	 87	 60	 28	 78	  0	 41	  0	  0	  0	  0	  0	  0	  0	  0	  0	  0	  0	  5	21053	  0
03/11/2016	22:09:08	<-	L	00000000	 21	 85	 60	 30	  0	 39	  0	  4	  4	  4	  4	  4	  4	  4	  4	  0	  0	  0	  0	  0	  0	  0	  0	  0	  0	  0	  0	  0	  0	  0	  0	  0	  0	  0	  0	  0	  0	  0	  0	 85	 60	 30	 78	  0	 41	  0	  0	  0	  0	  0	  0	  0	  0	  0	  0	  0	  5	21053	  0
03/11/2016	22:14:08	<-	L	00000000	 21	 85	 60	 30	  0	 44	  0	  4	  4	  4	  4	  4	  4	  4	  4	  0	  0	  0	  0	  0	  0	  0	  0	  0	  0	  0	  0	  0	  0	  0	  0	  0	  0	  0	  0	  0	  0	  0	  0	 85	 60	 30	 78	  0	 41	  0	  0	  0	  0	  0	  0	  0	  0	  0	  0	  0	  5	21053	  0
03/11/2016	22:19:08	<-	L	00000000	 21	 85	 60	 30	  0	 49	  0	  4	  4	  4	  4	  4	  4	  4	  4	  0	  0	  0	  0	  0	  0	  0	  0	  0	  0	  0	  0	  0	  0	  0	  0	  0	  0	  0	  0	  0	  0	  0	  0	 85	 60	 30	 78	  0	 41	  0	  0	  0	  0	  0	  0	  0	  0	  0	  0	  0	  5	21053	  0
03/11/2016	22:24:08	<-	L	00000000	 21	 84	 60	 30	  0	 54	  0	  4	  4	  4	  4	  4	  4	  4	  4	  0	  0	  0	  0	  0	  0	  0	  0	  0	  0	  0	  0	  0	  0	  0	  0	  0	  0	  0	  0	  0	  0	  0	  0	 84	 60	 32	 78	  0	 41	  0	  0	  0	  0	  0	  0	  0	  0	  0	  0	  0	  5	21053	  0
03/11/2016	22:29:08	<-	L	00000000	 21	 84	 60	 30	  0	 59	  0	  4	  4	  4	  4	  4	  4	  4	  4	  0	  0	  0	  0	  0	  0	  0	  0	  0	  0	  0	  0	  0	  0	  0	  0	  0	  0	  0	  0	  0	  0	  0	  0	 84	 60	 32	 78	  0	 41	  0	  0	  0	  0	  0	  0	  0	  0	  0	  0	  0	  5	21053	  0
03/11/2016	22:34:08	<-	L	00000000	 21	 83	 60	 32	  0	 64	  0	  4	  4	  4	  4	  4	  4	  4	  4	  0	  0	  0	  0	  0	  0	  0	  0	  0	  0	  0	  0	  0	  0	  0	  0	  0	  0	  0	  0	  0	  0	  0	  0	 83	 60	 32	 78	  0	 41	  0	  0	  0	  0	  0	  0	  0	  0	  0	  0	  0	  5	21053	  0
03/11/2016	22:39:08	<-	L	00000000	 21	 83	 59	 31	  0	 69	  0	  4	  4	  4	  4	  4	  4	  4	  4	  0	  0	  0	  0	  0	  0	  0	  0	  0	  0	  0	  0	  0	  0	  0	  0	  0	  0	  0	  0	  0	  0	  0	  0	 83	 59	 31	 78	  0	 39	  0	  0	  0	  0	  0	  0	  0	  0	  0	  0	  0	  5	21053	  0
03/11/2016	22:44:08	<-	L	00000000	 21	 82	 59	 31	  0	 74	  0	  4	  4	  4	  4	  4	  4	  4	  4	  0	  0	  0	  0	  0	  0	  0	  0	  0	  0	  0	  0	  0	  0	  0	  0	  0	  0	  0	  0	  0	  0	  0	  0	 82	 59	 31	 77	  0	 41	  0	  0	  0	  0	  0	  0	  0	  0	  0	  0	  0	  5	21053	  0
03/11/2016	22:49:08	<-	L	00000000	 21	 82	 59	 31	  0	 79	  0	  4	  4	  4	  4	  4	  4	  4	  4	  0	  0	  0	  0	  0	  0	  0	  0	  0	  0	  0	  0	  0	  0	  0	  0	  0	  0	  0	  0	  0	  0	  0	  0	 82	 59	 31	 77	  0	 41	  0	  0	  0	  0	  0	  0	  0	  0	  0	  0	  0	  5	21053	  0
03/11/2016	22:54:08	<-	L	00000000	 21	 83	 59	 31	  0	 84	  0	  4	  4	  4	  4	  4	  4	  4	  4	  0	  0	  0	  0	  0	  0	  0	  0	  0	  0	  0	  0	  0	  0	  0	  0	  0	  0	  0	  0	  0	  0	  0	  0	 83	 59	 31	 74	  0	 47	  0	  0	  0	  0	  0	  0	  0	  0	  0	  0	  0	  5	21053	  0
03/11/2016	22:59:08	<-	L	00000000	 21	 85	 59	 30	  0	 89	  0	  4	  4	  4	  4	  4	  4	  4	  4	  0	  0	  0	  0	  0	  0	  0	  0	  0	  0	  0	  0	  0	  0	  0	  0	  0	  0	  0	  0	  0	  0	  0	  0	 85	 59	 30	 75	  0	 45	  0	  0	  0	  0	  0	  0	  0	  0	  0	  0	  0	  5	21053	  0
03/11/2016	23:04:08	<-	L	00000000	 21	 86	 59	 30	  0	 94	  0	  4	  4	  4	  4	  4	  4	  4	  4	  0	  0	  0	  0	  0	  0	  0	  0	  0	  0	  0	  0	  0	  0	  0	  0	  0	  0	  0	  0	  0	  0	  0	  0	 86	 59	 28	 76	  0	 42	  0	  0	  0	  0	  0	  0	  0	  0	  0	  0	  0	  5	21053	  0
03/11/2016	23:09:08	<-	L	00000000	 21	 84	 59	 30	  0	 99	  0	  4	  4	  4	  4	  4	  4	  4	  4	  0	  0	  0	  0	  0	  0	  0	  0	  0	  0	  0	  0	  0	  0	  0	  0	  0	  0	  0	  0	  0	  0	  0	  0	 84	 59	 29	 76	  0	 42	  0	  0	  0	  0	  0	  0	  0	  0	  0	  0	  0	  5	21053	  0
03/11/2016	23:14:08	<-	L	00000000	 21	 83	 59	 29	  0	104	  0	  4	  4	  4	  4	  4	  4	  4	  4	  0	  0	  0	  0	  0	  0	  0	  0	  0	  0	  0	  0	  0	  0	  0	  0	  0	  0	  0	  0	  0	  0	  0	  0	 83	 59	 31	 76	  0	 42	  0	  0	  0	  0	  0	  0	  0	  0	  0	  0	  0	  5	21053	  0
03/11/2016	23:19:08	<-	L	00000000	 21	 82	 59	 31	  0	109	  0	  4	  4	  4	  4	  4	  4	  4	  4	  0	  0	  0	  0	  0	  0	  0	  0	  0	  0	  0	  0	  0	  0	  0	  0	  0	  0	  0	  0	  0	  0	  0	  0	 82	 59	 31	 76	  0	 42	  0	  0	  0	  0	  0	  0	  0	  0	  0	  0	  0	  5	21053	  0
03/11/2016	23:24:08	<-	L	00000000	 21	 81	 58	 31	  0	114	  0	  4	  4	  4	  4	  4	  4	  4	  4	  0	  0	  0	  0	  0	  0	  0	  0	  0	  0	  0	  0	  0	  0	  0	  0	  0	  0	  0	  0	  0	  0	  0	  0	 81	 58	 31	 76	  0	 41	  0	  0	  0	  0	  0	  0	  0	  0	  0	  0	  0	  5	21053	  0
03/11/2016	23:29:08	<-	L	00000000	 21	 80	 58	 33	  0	119	  0	  4	  4	  4	  4	  4	  4	  4	  4	  0	  0	  0	  0	  0	  0	  0	  0	  0	  0	  0	  0	  0	  0	  0	  0	  0	  0	  0	  0	  0	  0	  0	  0	 80	 58	 33	 75	  0	 42	  0	  0	  0	  0	  0	  0	  0	  0	  0	  0	  0	  5	21053	  0
03/11/2016	23:34:08	<-	L	00000000	 21	 82	 58	 31	  0	124	  0	  4	  4	  4	  4	  4	  4	  4	  4	  0	  0	  0	  0	  0	  0	  0	  0	  0	  0	  0	  0	  0	  0	  0	  0	  0	  0	  0	  0	  0	  0	  0	  0	 82	 58	 31	 75	  0	 42	  0	  0	  0	  0	  0	  0	  0	  0	  0	  0	  0	  5	21053	  0
03/11/2016	23:39:08	<-	L	00000000	 21	 84	 58	 29	  0	129	  0	  4	  4	  4	  4	  4	  4	  4	  4	  0	  0	  0	  0	  0	  0	  0	  0	  0	  0	  0	  0	  0	  0	  0	  0	  0	  0	  0	  0	  0	  0	  0	  0	 84	 58	 29	 74	  0	 45	  0	  0	  0	  0	  0	  0	  0	  0	  0	  0	  0	  5	21053	  0
03/11/2016	23:44:08	<-	L	00000000	 21	 84	 58	 28	  0	134	  0	  4	  4	  4	  4	  4	  4	  4	  4	  0	  0	  0	  0	  0	  0	  0	  0	  0	  0	  0	  0	  0	  0	  0	  0	  0	  0	  0	  0	  0	  0	  0	  0	 84	 58	 29	 75	  0	 42	  0	  0	  0	  0	  0	  0	  0	  0	  0	  0	  0	  5	21053	  0
03/11/2016	23:49:08	<-	L	00000000	 21	 83	 58	 29	  0	139	  0	  4	  4	  4	  4	  4	  4	  4	  4	  0	  0	  0	  0	  0	  0	  0	  0	  0	  0	  0	  0	  0	  0	  0	  0	  0	  0	  0	  0	  0	  0	  0	  0	 83	 58	 29	 76	  0	 41	  0	  0	  0	  0	  0	  0	  0	  0	  0	  0	  0	  5	21053	  0
03/11/2016	23:54:08	<-	L	00000000	 21	 81	 58	 31	  0	144	  0	  4	  4	  4	  4	  4	  4	  4	  4	  0	  0	  0	  0	  0	  0	  0	  0	  0	  0	  0	  0	  0	  0	  0	  0	  0	  0	  0	  0	  0	  0	  0	  0	 81	 58	 31	 74	  0	 45	  0	  0	  0	  0	  0	  0	  0	  0	  0	  0	  0	  5	21053	  0
03/11/2016	23:59:08	<-	L	00000000	 21	 80	 58	 33	  0	149	  0	  4	  4	  4	  4	  4	  4	  4	  4	  0	  0	  0	  0	  0	  0	  0	  0	  0	  0	  0	  0	  0	  0	  0	  0	  0	  0	  0	  0	  0	  0	  0	  0	 80	 58	 33	 74	  0	 45	  0	  0	  0	  0	  0	  0	  0	  0	  0	  0	  0	  5	21053	  0
04/11/2016	00:04:08	<-	L	00000000	 21	 84	 58	 29	  0	154	  0	  4	  4	  4	  4	  4	  4	  4	  4	  0	  0	  0	  0	  0	  0	  0	  0	  0	  0	  0	  0	  0	  0	  0	  0	  0	  0	  0	  0	  0	  0	  0	  0	 84	 58	 29	 74	  0	 45	  0	  0	  0	  0	  0	  0	  0	  0	  0	  0	  0	  5	21053	  0
04/11/2016	00:09:08	<-	L	00000000	 21	 85	 58	 28	  0	159	  0	  4	  4	  4	  4	  4	  4	  4	  4	  0	  0	  0	  0	  0	  0	  0	  0	  0	  0	  0	  0	  0	  0	  0	  0	  0	  0	  0	  0	  0	  0	  0	  0	 85	 58	 28	 73	  0	 47	  0	  0	  0	  0	  0	  0	  0	  0	  0	  0	  0	  5	21053	  0
04/11/2016	00:14:08	<-	L	00000000	 21	 75	 57	 38	  0	164	  0	  4	  4	  4	  4	  4	  4	  4	  4	  0	  0	  0	  0	  0	  0	  0	  0	  0	  0	  0	  0	  0	  0	  0	  0	  0	  0	  0	  0	  0	  0	  0	  0	 75	 57	 40	 72	  0	 47	  0	  0	  0	  0	  0	  0	  0	  0	  0	  0	  0	  5	19261	  0
04/11/2016	00:19:08	<-	L	00000000	 21	 79	 57	 33	  0	169	  0	  4	  4	  4	  4	  4	  4	  4	  4	  0	  0	  0	  0	  0	  0	  0	  0	  0	  0	  0	  0	  0	  0	  0	  0	  0	  0	  0	  0	  0	  0	  0	  0	 79	 57	 33	 73	  0	 44	  0	  0	  0	  0	  0	  0	  0	  0	  0	  0	  0	  5	19261	  0
04/11/2016	00:24:08	<-	L	00000000	 21	 80	 57	 30	  0	174	  0	  4	  4	  4	  4	  4	  4	  4	  4	  0	  0	  0	  0	  0	  0	  0	  0	  0	  0	  0	  0	  0	  0	  0	  0	  0	  0	  0	  0	  0	  0	  0	  0	 80	 57	 30	 72	  0	 47	  0	  0	  0	  0	  0	  0	  0	  0	  0	  0	  0	  5	19261	  0
04/11/2016	00:29:08	<-	L	00000000	 21	 74	 57	 40	  0	179	  0	  4	  4	  4	  4	  4	  4	  4	  4	  0	  0	  0	  0	  0	  0	  0	  0	  0	  0	  0	  0	  0	  0	  0	  0	  0	  0	  0	  0	  0	  0	  0	  0	 74	 57	 41	 71	  0	 48	  0	  0	  0	  0	  0	  0	  0	  0	  0	  0	  0	  5	19261	  0
04/11/2016	00:34:08	  	L	00000000	 21	 76	 57	 38	  0	184	  0	  4	  4	  4	  4	  4	  4	  4	  4	  0	  0	  0	  0	  0	  0	  0	  0	  0	  0	  0	  0	  0	  0	  0	  0	  0	  0	  0	  0	  0	  0	  0	  0	 76	 57	 38	 72	  0	 47	  0	  0	  0	  0	  0	  0	  0	  0	  0	  0	  0	  5	19261	  0
04/11/2016	00:39:09	->	L	00000000	 21	 81	 55	 28	  0	189	  0	  4	  4	  4	  4	  4	  4	  4	  4	  0	  0	  0	  0	  0	  0	  0	  0	  0	  0	  0	  0	  0	  0	  0	  0	  0	  0	  0	  0	  0	  0	  0	  0	 73	 55	 39	 81	  0	 28	  0	  0	  0	  0	  0	  0	  0	  0	  0	  0	  0	  5	19261	  0
04/11/2016	00:44:09	->	L	00000000	 21	 75	 55	 35	  0	194	  0	  4	  4	  4	  4	  4	  4	  4	  4	  0	  0	  0	  0	  0	  0	  0	  0	  0	  0	  0	  0	  0	  0	  0	  0	  0	  0	  0	  0	  0	  0	  0	  0	 71	 55	 43	 75	  0	 35	  0	  0	  0	  0	  0	  0	  0	  0	  0	  0	  0	  5	19261	  0
04/11/2016	00:49:08	->	L	00000000	 21	 78	 55	 29	  0	199	  0	  4	  4	  4	  4	  4	  4	  4	  4	  0	  0	  0	  0	  0	  0	  0	  0	  0	  0	  0	  0	  0	  0	  0	  0	  0	  0	  0	  0	  0	  0	  0	  0	 72	 55	 41	 78	  0	 29	  0	  0	  0	  0	  0	  0	  0	  0	  0	  0	  0	  5	19261	  0
04/11/2016	00:54:08	->	L	00000000	 21	 85	 55	 24	  0	204	  0	  4	  4	  4	  4	  4	  4	  4	  4	  0	  0	  0	  0	  0	  0	  0	  0	  0	  0	  0	  0	  0	  0	  0	  0	  0	  0	  0	  0	  0	  0	  0	  0	 74	 55	 37	 85	  0	 24	  0	  0	  0	  0	  0	  0	  0	  0	  0	  0	  0	  5	21821	  0
04/11/2016	00:59:08	->	L	00000000	 21	 83	 55	 26	  0	209	  0	  4	  4	  4	  4	  4	  4	  4	  4	  0	  0	  0	  0	  0	  0	  0	  0	  0	  0	  0	  0	  0	  0	  0	  0	  0	  0	  0	  0	  0	  0	  0	  0	 74	 55	 37	 83	  0	 26	  0	  0	  0	  0	  0	  0	  0	  0	  0	  0	  0	  5	21821	  0
04/11/2016	01:04:08	->	L	00000000	 21	 87	 55	 24	  0	214	  0	  4	  4	  4	  4	  4	  4	  4	  4	  0	  0	  0	  0	  0	  0	  0	  0	  0	  0	  0	  0	  0	  0	  0	  0	  0	  0	  0	  0	  0	  0	  0	  0	 75	 55	 35	 87	  0	 22	  0	  0	  0	  0	  0	  0	  0	  0	  0	  0	  0	  5	21821	  0
04/11/2016	01:09:09	->	L	00000000	 21	 89	 55	 21	  0	219	  0	  4	  4	  4	  4	  4	  4	  4	  4	  0	  0	  0	  0	  0	  0	  0	  0	  0	  0	  0	  0	  0	  0	  0	  0	  0	  0	  0	  0	  0	  0	  0	  0	 75	 55	 35	 89	  0	 21	  0	  0	  0	  0	  0	  0	  0	  0	  0	  0	  0	  5	21821	  0
04/11/2016	01:14:09	->	L	00000000	 21	 89	 55	 21	  0	224	  0	  4	  4	  4	  4	  4	  4	  4	  4	  0	  0	  0	  0	  0	  0	  0	  0	  0	  0	  0	  0	  0	  0	  0	  0	  0	  0	  0	  0	  0	  0	  0	  0	 76	 55	 32	 89	  0	 21	  0	  0	  0	  0	  0	  0	  0	  0	  0	  0	  0	  5	21821	  0
04/11/2016	01:19:09	->	L	00000000	 21	 87	 55	 22	  0	229	  0	  4	  4	  4	  4	  4	  4	  4	  4	  0	  0	  0	  0	  0	  0	  0	  0	  0	  0	  0	  0	  0	  0	  0	  0	  0	  0	  0	  0	  0	  0	  0	  0	 76	 55	 32	 87	  0	 22	  0	  0	  0	  0	  0	  0	  0	  0	  0	  0	  0	  5	21821	  0
04/11/2016	01:24:08	->	L	00000000	 21	 86	 55	 23	  0	234	  0	  4	  4	  4	  4	  4	  4	  4	  4	  0	  0	  0	  0	  0	  0	  0	  0	  0	  0	  0	  0	  0	  0	  0	  0	  0	  0	  0	  0	  0	  0	  0	  0	 76	 55	 32	 86	  0	 23	  0	  0	  0	  0	  0	  0	  0	  0	  0	  0	  0	  5	21821	  0
04/11/2016	01:29:08	->	L	00000000	 21	 84	 55	 24	  0	239	  0	  4	  4	  4	  4	  4	  4	  4	  4	  0	  0	  0	  0	  0	  0	  0	  0	  0	  0	  0	  0	  0	  0	  0	  0	  0	  0	  0	  0	  0	  0	  0	  0	 75	 55	 35	 84	  0	 24	  0	  0	  0	  0	  0	  0	  0	  0	  0	  0	  0	  5	21821	  0
04/11/2016	01:34:08	->	L	00000000	 21	 85	 55	 24	  0	244	  0	  4	  4	  4	  4	  4	  4	  4	  4	  0	  0	  0	  0	  0	  0	  0	  0	  0	  0	  0	  0	  0	  0	  0	  0	  0	  0	  0	  0	  0	  0	  0	  0	 75	 55	 35	 85	  0	 24	  0	  0	  0	  0	  0	  0	  0	  0	  0	  0	  0	  5	21821	  0
04/11/2016	01:39:08	->	L	00000000	 21	 89	 55	 22	  0	249	  0	  4	  4	  4	  4	  4	  4	  4	  4	  0	  0	  0	  0	  0	  0	  0	  0	  0	  0	  0	  0	  0	  0	  0	  0	  0	  0	  0	  0	  0	  0	  0	  0	 75	 55	 35	 89	  0	 21	  0	  0	  0	  0	  0	  0	  0	  0	  0	  0	  0	  5	21821	  0
04/11/2016	01:44:08	->	L	00000000	 21	 88	 55	 21	  0	254	  0	  4	  4	  4	  4	  4	  4	  4	  4	  0	  0	  0	  0	  0	  0	  0	  0	  0	  0	  0	  0	  0	  0	  0	  0	  0	  0	  0	  0	  0	  0	  0	  0	 76	 55	 32	 88	  0	 22	  0	  0	  0	  0	  0	  0	  0	  0	  0	  0	  0	  5	21821	  0
04/11/2016	01:49:08	->	L	00000000	 21	 87	 55	 22	  0	259	  0	  4	  4	  4	  4	  4	  4	  4	  4	  0	  0	  0	  0	  0	  0	  0	  0	  0	  0	  0	  0	  0	  0	  0	  0	  0	  0	  0	  0	  0	  0	  0	  0	 76	 55	 32	 87	  0	 22	  0	  0	  0	  0	  0	  0	  0	  0	  0	  0	  0	  5	21821	  0
04/11/2016	01:54:08	->	L	00000000	 21	 83	 55	 24	  0	264	  0	  4	  4	  4	  4	  4	  4	  4	  4	  0	  0	  0	  0	  0	  0	  0	  0	  0	  0	  0	  0	  0	  0	  0	  0	  0	  0	  0	  0	  0	  0	  0	  0	 75	 55	 35	 83	  0	 26	  0	  0	  0	  0	  0	  0	  0	  0	  0	  0	  0	  5	21821	  0
04/11/2016	01:59:08	->	L	00000000	 21	 86	 55	 24	  0	269	  0	  4	  4	  4	  4	  4	  4	  4	  4	  0	  0	  0	  0	  0	  0	  0	  0	  0	  0	  0	  0	  0	  0	  0	  0	  0	  0	  0	  0	  0	  0	  0	  0	 75	 55	 35	 86	  0	 23	  0	  0	  0	  0	  0	  0	  0	  0	  0	  0	  0	  5	21821	  0
04/11/2016	02:04:08	->	L	00000000	 21	 89	 55	 22	  0	274	  0	  4	  4	  4	  4	  4	  4	  4	  4	  0	  0	  0	  0	  0	  0	  0	  0	  0	  0	  0	  0	  0	  0	  0	  0	  0	  0	  0	  0	  0	  0	  0	  0	 76	 55	 32	 89	  0	 21	  0	  0	  0	  0	  0	  0	  0	  0	  0	  0	  0	  5	21821	  0
04/11/2016	02:09:08	->	L	00000000	 21	 87	 55	 22	  0	279	  0	  4	  4	  4	  4	  4	  4	  4	  4	  0	  0	  0	  0	  0	  0	  0	  0	  0	  0	  0	  0	  0	  0	  0	  0	  0	  0	  0	  0	  0	  0	  0	  0	 76	 55	 32	 87	  0	 22	  0	  0	  0	  0	  0	  0	  0	  0	  0	  0	  0	  5	21821	  0
04/11/2016	02:14:09	->	L	00000000	 21	 86	 55	 23	  0	284	  0	  4	  4	  4	  4	  4	  4	  4	  4	  0	  0	  0	  0	  0	  0	  0	  0	  0	  0	  0	  0	  0	  0	  0	  0	  0	  0	  0	  0	  0	  0	  0	  0	 76	 55	 32	 86	  0	 23	  0	  0	  0	  0	  0	  0	  0	  0	  0	  0	  0	  5	21821	  0
04/11/2016	02:19:09	->	L	00000000	 21	 84	 55	 24	  0	289	  0	  4	  4	  4	  4	  4	  4	  4	  4	  0	  0	  0	  0	  0	  0	  0	  0	  0	  0	  0	  0	  0	  0	  0	  0	  0	  0	  0	  0	  0	  0	  0	  0	 76	 55	 32	 84	  0	 24	  0	  0	  0	  0	  0	  0	  0	  0	  0	  0	  0	  5	21821	  0
04/11/2016	02:24:09	->	L	00000000	 21	 84	 55	 24	  0	294	  0	  4	  4	  4	  4	  4	  4	  4	  4	  0	  0	  0	  0	  0	  0	  0	  0	  0	  0	  0	  0	  0	  0	  0	  0	  0	  0	  0	  0	  0	  0	  0	  0	 75	 55	 35	 84	  0	 24	  0	  0	  0	  0	  0	  0	  0	  0	  0	  0	  0	  5	21821	  0
04/11/2016	02:29:08	->	L	00000000	 21	 88	 55	 22	  0	299	  0	  4	  4	  4	  4	  4	  4	  4	  4	  0	  0	  0	  0	  0	  0	  0	  0	  0	  0	  0	  0	  0	  0	  0	  0	  0	  0	  0	  0	  0	  0	  0	  0	 75	 55	 35	 88	  0	 22	  0	  0	  0	  0	  0	  0	  0	  0	  0	  0	  0	  5	21821	  0
04/11/2016	02:34:08	->	L	00000000	 21	 88	 55	 22	  0	304	  0	  4	  4	  4	  4	  4	  4	  4	  4	  0	  0	  0	  0	  0	  0	  0	  0	  0	  0	  0	  0	  0	  0	  0	  0	  0	  0	  0	  0	  0	  0	  0	  0	 76	 55	 32	 88	  0	 22	  0	  0	  0	  0	  0	  0	  0	  0	  0	  0	  0	  5	21821	  0
04/11/2016	02:39:08	->	L	00000000	 21	 86	 55	 22	  0	309	  0	  4	  4	  4	  4	  4	  4	  4	  4	  0	  0	  0	  0	  0	  0	  0	  0	  0	  0	  0	  0	  0	  0	  0	  0	  0	  0	  0	  0	  0	  0	  0	  0	 76	 55	 32	 86	  0	 23	  0	  0	  0	  0	  0	  0	  0	  0	  0	  0	  0	  5	21821	  0
04/11/2016	02:44:08	->	L	00000000	 21	 84	 55	 24	  0	314	  0	  4	  4	  4	  4	  4	  4	  4	  4	  0	  0	  0	  0	  0	  0	  0	  0	  0	  0	  0	  0	  0	  0	  0	  0	  0	  0	  0	  0	  0	  0	  0	  0	 75	 55	 35	 84	  0	 24	  0	  0	  0	  0	  0	  0	  0	  0	  0	  0	  0	  5	21821	  0
04/11/2016	02:49:08	->	L	00000000	 21	 85	 55	 24	  0	319	  0	  4	  4	  4	  4	  4	  4	  4	  4	  0	  0	  0	  0	  0	  0	  0	  0	  0	  0	  0	  0	  0	  0	  0	  0	  0	  0	  0	  0	  0	  0	  0	  0	 75	 55	 35	 85	  0	 24	  0	  0	  0	  0	  0	  0	  0	  0	  0	  0	  0	  5	21821	  0
04/11/2016	02:54:08	->	L	00000000	 21	 89	 55	 22	  0	324	  0	  4	  4	  4	  4	  4	  4	  4	  4	  0	  0	  0	  0	  0	  0	  0	  0	  0	  0	  0	  0	  0	  0	  0	  0	  0	  0	  0	  0	  0	  0	  0	  0	 76	 55	 32	 89	  0	 21	  0	  0	  0	  0	  0	  0	  0	  0	  0	  0	  0	  5	21821	  0
04/11/2016	02:59:08	->	L	00000000	 21	 89	 55	 21	  0	329	  0	  4	  4	  4	  4	  4	  4	  4	  4	  0	  0	  0	  0	  0	  0	  0	  0	  0	  0	  0	  0	  0	  0	  0	  0	  0	  0	  0	  0	  0	  0	  0	  0	 76	 55	 32	 89	  0	 21	  0	  0	  0	  0	  0	  0	  0	  0	  0	  0	  0	  5	21821	  0
04/11/2016	03:04:08	->	L	00000000	 21	 86	 55	 23	  0	334	  0	  4	  4	  4	  4	  4	  4	  4	  4	  0	  0	  0	  0	  0	  0	  0	  0	  0	  0	  0	  0	  0	  0	  0	  0	  0	  0	  0	  0	  0	  0	  0	  0	 76	 55	 32	 86	  0	 23	  0	  0	  0	  0	  0	  0	  0	  0	  0	  0	  0	  5	21821	  0
04/11/2016	03:09:08	->	L	00000000	 21	 84	 55	 24	  0	339	  0	  4	  4	  4	  4	  4	  4	  4	  4	  0	  0	  0	  0	  0	  0	  0	  0	  0	  0	  0	  0	  0	  0	  0	  0	  0	  0	  0	  0	  0	  0	  0	  0	 75	 55	 35	 84	  0	 24	  0	  0	  0	  0	  0	  0	  0	  0	  0	  0	  0	  5	21821	  0
04/11/2016	03:14:08	->	L	00000000	 21	 83	 55	 26	  0	344	  0	  4	  4	  4	  4	  4	  4	  4	  4	  0	  0	  0	  0	  0	  0	  0	  0	  0	  0	  0	  0	  0	  0	  0	  0	  0	  0	  0	  0	  0	  0	  0	  0	 75	 55	 35	 83	  0	 26	  0	  0	  0	  0	  0	  0	  0	  0	  0	  0	  0	  5	21821	  0
04/11/2016	03:19:08	->	L	00000000	 21	 85	 55	 24	  0	349	  0	  4	  4	  4	  4	  4	  4	  4	  4	  0	  0	  0	  0	  0	  0	  0	  0	  0	  0	  0	  0	  0	  0	  0	  0	  0	  0	  0	  0	  0	  0	  0	  0	 75	 55	 35	 85	  0	 24	  0	  0	  0	  0	  0	  0	  0	  0	  0	  0	  0	  5	21821	  0
04/11/2016	03:24:09	->	L	00000000	 21	 88	 55	 22	  0	354	  0	  4	  4	  4	  4	  4	  4	  4	  4	  0	  0	  0	  0	  0	  0	  0	  0	  0	  0	  0	  0	  0	  0	  0	  0	  0	  0	  0	  0	  0	  0	  0	  0	 76	 55	 32	 88	  0	 22	  0	  0	  0	  0	  0	  0	  0	  0	  0	  0	  0	  5	21821	  0
04/11/2016	03:29:09	->	L	00000000	 21	 89	 55	 21	  0	359	  0	  4	  4	  4	  4	  4	  4	  4	  4	  0	  0	  0	  0	  0	  0	  0	  0	  0	  0	  0	  0	  0	  0	  0	  0	  0	  0	  0	  0	  0	  0	  0	  0	 76	 55	 32	 89	  0	 21	  0	  0	  0	  0	  0	  0	  0	  0	  0	  0	  0	  5	21821	  0
04/11/2016	03:34:08	->	L	00000000	 22	 89	 55	 21	  0	  3	  0	  4	  4	  4	  4	  4	  4	  4	  4	  0	  0	  0	  0	  0	  0	  0	  0	  0	  0	  0	  0	  0	  0	  0	  0	  0	  0	  0	  0	  0	  0	  0	  0	 76	 55	 32	 89	  0	 21	  0	  0	  0	  0	  0	  0	  0	  0	  0	  0	  0	  5	21819	  0
04/11/2016	03:39:08	->	L	00000000	 22	 88	 55	 22	  0	  8	  0	  4	  4	  4	  4	  4	  4	  4	  4	  0	  0	  0	  0	  0	  0	  0	  0	  0	  0	  0	  0	  0	  0	  0	  0	  0	  0	  0	  0	  0	  0	  0	  0	 77	 55	 32	 88	  0	 22	  0	  0	  0	  0	  0	  0	  0	  0	  0	  0	  0	  5	21819	  0
04/11/2016	03:44:09	->	L	00000000	 22	 86	 55	 23	  0	 13	  0	  4	  4	  4	  4	  4	  4	  4	  4	  0	  0	  0	  0	  0	  0	  0	  0	  0	  0	  0	  0	  0	  0	  0	  0	  0	  0	  0	  0	  0	  0	  0	  0	 77	 55	 32	 86	  0	 23	  0	  0	  0	  0	  0	  0	  0	  0	  0	  0	  0	  5	21819	  0
04/11/2016	03:49:09	->	L	00000000	 22	 84	 55	 24	  0	 18	  0	  4	  4	  4	  4	  4	  4	  4	  4	  0	  0	  0	  0	  0	  0	  0	  0	  0	  0	  0	  0	  0	  0	  0	  0	  0	  0	  0	  0	  0	  0	  0	  0	 77	 55	 32	 84	  0	 24	  0	  0	  0	  0	  0	  0	  0	  0	  0	  0	  0	  5	21819	  0
04/11/2016	03:54:09	->	L	00000000	 22	 85	 55	 24	  0	 23	  0	  4	  4	  4	  4	  4	  4	  4	  4	  0	  0	  0	  0	  0	  0	  0	  0	  0	  0	  0	  0	  0	  0	  0	  0	  0	  0	  0	  0	  0	  0	  0	  0	 76	 55	 32	 85	  0	 24	  0	  0	  0	  0	  0	  0	  0	  0	  0	  0	  0	  5	21819	  0
04/11/2016	03:59:09	->	L	00000000	 22	 88	 55	 22	  0	 28	  0	  4	  4	  4	  4	  4	  4	  4	  4	  0	  0	  0	  0	  0	  0	  0	  0	  0	  0	  0	  0	  0	  0	  0	  0	  0	  0	  0	  0	  0	  0	  0	  0	 76	 55	 32	 88	  0	 22	  0	  0	  0	  0	  0	  0	  0	  0	  0	  0	  0	  5	21819	  0
04/11/2016	04:04:09	->	L	00000000	 22	 89	 55	 22	  0	 33	  0	  4	  4	  4	  4	  4	  4	  4	  4	  0	  0	  0	  0	  0	  0	  0	  0	  0	  0	  0	  0	  0	  0	  0	  0	  0	  0	  0	  0	  0	  0	  0	  0	 76	 55	 32	 89	  0	 21	  0	  0	  0	  0	  0	  0	  0	  0	  0	  0	  0	  5	21819	  0
04/11/2016	04:09:09	->	L	00000000	 22	 89	 55	 21	  0	 38	  0	  4	  4	  4	  4	  4	  4	  4	  4	  0	  0	  0	  0	  0	  0	  0	  0	  0	  0	  0	  0	  0	  0	  0	  0	  0	  0	  0	  0	  0	  0	  0	  0	 77	 55	 32	 89	  0	 21	  0	  0	  0	  0	  0	  0	  0	  0	  0	  0	  0	  5	21819	  0
04/11/2016	04:14:09	->	L	00000000	 22	 87	 55	 21	  0	 43	  0	  4	  4	  4	  4	  4	  4	  4	  4	  0	  0	  0	  0	  0	  0	  0	  0	  0	  0	  0	  0	  0	  0	  0	  0	  0	  0	  0	  0	  0	  0	  0	  0	 77	 55	 32	 87	  0	 22	  0	  0	  0	  0	  0	  0	  0	  0	  0	  0	  0	  5	21819	  0
04/11/2016	04:19:09	->	L	00000000	 22	 85	 55	 22	  0	 48	  0	  4	  4	  4	  4	  4	  4	  4	  4	  0	  0	  0	  0	  0	  0	  0	  0	  0	  0	  0	  0	  0	  0	  0	  0	  0	  0	  0	  0	  0	  0	  0	  0	 77	 55	 32	 85	  0	 24	  0	  0	  0	  0	  0	  0	  0	  0	  0	  0	  0	  5	21819	  0
04/11/2016	04:24:09	->	L	00000000	 22	 84	 54	 23	  0	 53	  0	  4	  4	  4	  4	  4	  4	  4	  4	  0	  0	  0	  0	  0	  0	  0	  0	  0	  0	  0	  0	  0	  0	  0	  0	  0	  0	  0	  0	  0	  0	  0	  0	 76	 54	 31	 84	  0	 23	  0	  0	  0	  0	  0	  0	  0	  0	  0	  0	  0	  5	21819	  0
04/11/2016	04:29:09	->	L	00000000	 22	 86	 54	 23	  0	 58	  0	  4	  4	  4	  4	  4	  4	  4	  4	  0	  0	  0	  0	  0	  0	  0	  0	  0	  0	  0	  0	  0	  0	  0	  0	  0	  0	  0	  0	  0	  0	  0	  0	 76	 54	 31	 86	  0	 22	  0	  0	  0	  0	  0	  0	  0	  0	  0	  0	  0	  5	21819	  0
04/11/2016	04:34:09	->	L	00000000	 22	 89	 54	 21	  0	 63	  0	  4	  4	  4	  4	  4	  4	  4	  4	  0	  0	  0	  0	  0	  0	  0	  0	  0	  0	  0	  0	  0	  0	  0	  0	  0	  0	  0	  0	  0	  0	  0	  0	 76	 54	 31	 89	  0	 20	  0	  0	  0	  0	  0	  0	  0	  0	  0	  0	  0	  5	21819	  0
04/11/2016	04:39:09	<-	L	00000000	 22	 79	 55	 28	  0	 68	  0	  4	  4	  4	  4	  4	  4	  4	  4	  0	  0	  0	  0	  0	  0	  0	  0	  0	  0	  0	  0	  0	  0	  0	  0	  0	  0	  0	  0	  0	  0	  0	  0	 78	 55	 29	 79	  0	 30	  0	  0	  0	  0	  0	  0	  0	  0	  0	  0	  0	  5	21819	  0
04/11/2016	04:44:09	<-	L	00000000	 22	 85	 56	 25	  0	 73	  0	  4	  4	  4	  4	  4	  4	  4	  4	  0	  0	  0	  0	  0	  0	  0	  0	  0	  0	  0	  0	  0	  0	  0	  0	  0	  0	  0	  0	  0	  0	  0	  0	 85	 56	 25	 80	  0	 30	  0	  0	  0	  0	  0	  0	  0	  0	  0	  0	  0	  5	21819	  0
04/11/2016	04:49:09	<-	L	00000000	 22	 85	 56	 25	  0	 78	  0	  4	  4	  4	  4	  4	  4	  4	  4	  0	  0	  0	  0	  0	  0	  0	  0	  0	  0	  0	  0	  0	  0	  0	  0	  0	  0	  0	  0	  0	  0	  0	  0	 85	 56	 25	 80	  0	 30	  0	  0	  0	  0	  0	  0	  0	  0	  0	  0	  0	  5	21819	  0
04/11/2016	04:54:09	<-	L	00000000	 22	 85	 56	 25	  0	 83	  0	  4	  4	  4	  4	  4	  4	  4	  4	  0	  0	  0	  0	  0	  0	  0	  0	  0	  0	  0	  0	  0	  0	  0	  0	  0	  0	  0	  0	  0	  0	  0	  0	 85	 56	 25	 80	  0	 30	  0	  0	  0	  0	  0	  0	  0	  0	  0	  0	  0	  5	21819	  0
04/11/2016	04:59:09	<-	L	00000000	 22	 85	 56	 24	  0	 88	  0	  4	  4	  4	  4	  4	  4	  4	  4	  0	  0	  0	  0	  0	  0	  0	  0	  0	  0	  0	  0	  0	  0	  0	  0	  0	  0	  0	  0	  0	  0	  0	  0	 85	 56	 25	 80	  0	 30	  0	  0	  0	  0	  0	  0	  0	  0	  0	  0	  0	  5	21819	  0
04/11/2016	05:04:09	<-	L	00000000	 22	 85	 56	 25	  0	 93	  0	  4	  4	  4	  4	  4	  4	  4	  4	  0	  0	  0	  0	  0	  0	  0	  0	  0	  0	  0	  0	  0	  0	  0	  0	  0	  0	  0	  0	  0	  0	  0	  0	 85	 56	 25	 79	  0	 30	  0	  0	  0	  0	  0	  0	  0	  0	  0	  0	  0	  5	21819	  0
04/11/2016	05:09:09	<-	L	00000000	 22	 84	 56	 25	  0	 98	  0	  4	  4	  4	  4	  4	  4	  4	  4	  0	  0	  0	  0	  0	  0	  0	  0	  0	  0	  0	  0	  0	  0	  0	  0	  0	  0	  0	  0	  0	  0	  0	  0	 84	 56	 26	 79	  0	 30	  0	  0	  0	  0	  0	  0	  0	  0	  0	  0	  0	  5	21819	  0
04/11/2016	05:14:09	<-	L	00000000	 22	 84	 56	 25	  0	103	  0	  4	  4	  4	  4	  4	  4	  4	  4	  0	  0	  0	  0	  0	  0	  0	  0	  0	  0	  0	  0	  0	  0	  0	  0	  0	  0	  0	  0	  0	  0	  0	  0	 84	 56	 26	 78	  0	 32	  0	  0	  0	  0	  0	  0	  0	  0	  0	  0	  0	  5	21819	  0
04/11/2016	05:19:09	<-	L	00000000	 22	 85	 55	 24	  0	108	  0	  4	  4	  4	  4	  4	  4	  4	  4	  0	  0	  0	  0	  0	  0	  0	  0	  0	  0	  0	  0	  0	  0	  0	  0	  0	  0	  0	  0	  0	  0	  0	  0	 85	 55	 24	 79	  0	 30	  0	  0	  0	  0	  0	  0	  0	  0	  0	  0	  0	  5	21819	  0
04/11/2016	05:24:09	<-	L	00000000	 22	 84	 55	 24	  0	113	  0	  4	  4	  4	  4	  4	  4	  4	  4	  0	  0	  0	  0	  0	  0	  0	  0	  0	  0	  0	  0	  0	  0	  0	  0	  0	  0	  0	  0	  0	  0	  0	  0	 84	 55	 24	 78	  0	 29	  0	  0	  0	  0	  0	  0	  0	  0	  0	  0	  0	  5	21819	  0
04/11/2016	05:29:09	<-	L	00000000	 22	 84	 55	 24	  0	118	  0	  4	  4	  4	  4	  4	  4	  4	  4	  0	  0	  0	  0	  0	  0	  0	  0	  0	  0	  0	  0	  0	  0	  0	  0	  0	  0	  0	  0	  0	  0	  0	  0	 84	 55	 24	 79	  0	 30	  0	  0	  0	  0	  0	  0	  0	  0	  0	  0	  0	  5	21819	  0
04/11/2016	05:34:09	<-	L	00000000	 22	 85	 55	 24	  0	123	  0	  4	  4	  4	  4	  4	  4	  4	  4	  0	  0	  0	  0	  0	  0	  0	  0	  0	  0	  0	  0	  0	  0	  0	  0	  0	  0	  0	  0	  0	  0	  0	  0	 85	 55	 24	 78	  0	 29	  0	  0	  0	  0	  0	  0	  0	  0	  0	  0	  0	  5	21819	  0
04/11/2016	05:39:09	<-	L	00000000	 22	 85	 55	 23	  0	128	  0	  4	  4	  4	  4	  4	  4	  4	  4	  0	  0	  0	  0	  0	  0	  0	  0	  0	  0	  0	  0	  0	  0	  0	  0	  0	  0	  0	  0	  0	  0	  0	  0	 85	 55	 24	 79	  0	 30	  0	  0	  0	  0	  0	  0	  0	  0	  0	  0	  0	  5	21819	  0
04/11/2016	05:44:09	<-	L	00000000	 22	 85	 55	 24	  0	133	  0	  4	  4	  4	  4	  4	  4	  4	  4	  0	  0	  0	  0	  0	  0	  0	  0	  0	  0	  0	  0	  0	  0	  0	  0	  0	  0	  0	  0	  0	  0	  0	  0	 85	 55	 24	 78	  0	 29	  0	  0	  0	  0	  0	  0	  0	  0	  0	  0	  0	  5	21819	  0
04/11/2016	05:49:09	<-	L	00000000	 22	 85	 55	 23	  0	138	  0	  4	  4	  4	  4	  4	  4	  4	  4	  0	  0	  0	  0	  0	  0	  0	  0	  0	  0	  0	  0	  0	  0	  0	  0	  0	  0	  0	  0	  0	  0	  0	  0	 85	 55	 24	 79	  0	 30	  0	  0	  0	  0	  0	  0	  0	  0	  0	  0	  0	  5	21819	  0
04/11/2016	05:54:09	<-	L	00000000	 22	 86	 55	 22	  0	143	  0	  4	  4	  4	  4	  4	  4	  4	  4	  0	  0	  0	  0	  0	  0	  0	  0	  0	  0	  0	  0	  0	  0	  0	  0	  0	  0	  0	  0	  0	  0	  0	  0	 86	 55	 23	 79	  0	 30	  0	  0	  0	  0	  0	  0	  0	  0	  0	  0	  0	  5	21819	  0
04/11/2016	05:59:09	<-	L	00000000	 22	 86	 55	 22	  0	148	  0	  4	  4	  4	  4	  4	  4	  4	  4	  0	  0	  0	  0	  0	  0	  0	  0	  0	  0	  0	  0	  0	  0	  0	  0	  0	  0	  0	  0	  0	  0	  0	  0	 86	 55	 23	 79	  0	 30	  0	  0	  0	  0	  0	  0	  0	  0	  0	  0	  0	  5	21819	  0
04/11/2016	06:04:09	<-	L	00000000	 22	 87	 55	 22	  0	153	  0	  4	  4	  4	  4	  4	  4	  4	  4	  0	  0	  0	  0	  0	  0	  0	  0	  0	  0	  0	  0	  0	  0	  0	  0	  0	  0	  0	  0	  0	  0	  0	  0	 87	 55	 22	 79	  0	 30	  0	  0	  0	  0	  0	  0	  0	  0	  0	  0	  0	  5	21819	  0
04/11/2016	06:09:09	<-	L	00000000	 22	 86	 55	 22	  0	158	  0	  4	  4	  4	  4	  4	  4	  4	  4	  0	  0	  0	  0	  0	  0	  0	  0	  0	  0	  0	  0	  0	  0	  0	  0	  0	  0	  0	  0	  0	  0	  0	  0	 86	 55	 23	 78	  0	 29	  0	  0	  0	  0	  0	  0	  0	  0	  0	  0	  0	  5	21819	  0
04/11/2016	06:14:09	<-	L	00000000	 22	 86	 55	 22	  0	163	  0	  4	  4	  4	  4	  4	  4	  4	  4	  0	  0	  0	  0	  0	  0	  0	  0	  0	  0	  0	  0	  0	  0	  0	  0	  0	  0	  0	  0	  0	  0	  0	  0	 86	 55	 23	 79	  0	 30	  0	  0	  0	  0	  0	  0	  0	  0	  0	  0	  0	  5	21819	  0
04/11/2016	06:19:09	<-	L	00000000	 22	 87	 55	 22	  0	168	  0	  4	  4	  4	  4	  4	  4	  4	  4	  0	  0	  0	  0	  0	  0	  0	  0	  0	  0	  0	  0	  0	  0	  0	  0	  0	  0	  0	  0	  0	  0	  0	  0	 87	 55	 22	 79	  0	 30	  0	  0	  0	  0	  0	  0	  0	  0	  0	  0	  0	  5	21819	  0
04/11/2016	06:24:09	<-	L	00000000	 22	 87	 55	 22	  0	173	  0	  4	  4	  4	  4	  4	  4	  4	  4	  0	  0	  0	  0	  0	  0	  0	  0	  0	  0	  0	  0	  0	  0	  0	  0	  0	  0	  0	  0	  0	  0	  0	  0	 87	 55	 22	 79	  0	 30	  0	  0	  0	  0	  0	  0	  0	  0	  0	  0	  0	  5	21819	  0
04/11/2016	06:29:10	<-	L	00000000	 22	 88	 55	 22	  0	178	  0	  4	  4	  4	  4	  4	  4	  4	  4	  0	  0	  0	  0	  0	  0	  0	  0	  0	  0	  0	  0	  0	  0	  0	  0	  0	  0	  0	  0	  0	  0	  0	  0	 88	 55	 22	 78	  0	 29	  0	  0	  0	  0	  0	  0	  0	  0	  0	  0	  0	  5	21819	  0
04/11/2016	06:34:09	<-	L	00000000	 22	 88	 55	 22	  0	183	  0	  4	  4	  4	  4	  4	  4	  4	  4	  0	  0	  0	  0	  0	  0	  0	  0	  0	  0	  0	  0	  0	  0	  0	  0	  0	  0	  0	  0	  0	  0	  0	  0	 88	 55	 22	 79	  0	 30	  0	  0	  0	  0	  0	  0	  0	  0	  0	  0	  0	  5	21819	  0
04/11/2016	06:39:09	<-	L	00000000	 22	 87	 55	 22	  0	188	  0	  4	  4	  4	  4	  4	  4	  4	  4	  0	  0	  0	  0	  0	  0	  0	  0	  0	  0	  0	  0	  0	  0	  0	  0	  0	  0	  0	  0	  0	  0	  0	  0	 87	 55	 22	 78	  0	 29	  0	  0	  0	  0	  0	  0	  0	  0	  0	  0	  0	  5	21819	  0
04/11/2016	06:44:09	<-	L	00000000	 22	 87	 55	 22	  0	193	  0	  4	  4	  4	  4	  4	  4	  4	  4	  0	  0	  0	  0	  0	  0	  0	  0	  0	  0	  0	  0	  0	  0	  0	  0	  0	  0	  0	  0	  0	  0	  0	  0	 87	 55	 22	 79	  0	 30	  0	  0	  0	  0	  0	  0	  0	  0	  0	  0	  0	  5	21819	  0
04/11/2016	06:49:09	<-	L	00000000	 22	 88	 55	 22	  0	198	  0	  4	  4	  4	  4	  4	  4	  4	  4	  0	  0	  0	  0	  0	  0	  0	  0	  0	  0	  0	  0	  0	  0	  0	  0	  0	  0	  0	  0	  0	  0	  0	  0	 88	 55	 22	 78	  0	 29	  0	  0	  0	  0	  0	  0	  0	  0	  0	  0	  0	  5	21819	  0
04/11/2016	06:54:09	<-	L	00000000	 22	 88	 55	 22	  0	203	  0	  4	  4	  4	  4	  4	  4	  4	  4	  0	  0	  0	  0	  0	  0	  0	  0	  0	  0	  0	  0	  0	  0	  0	  0	  0	  0	  0	  0	  0	  0	  0	  0	 88	 55	 22	 78	  0	 29	  0	  0	  0	  0	  0	  0	  0	  0	  0	  0	  0	  5	21819	  0
04/11/2016	06:59:09	<-	L	00000000	 22	 88	 55	 22	  0	208	  0	  4	  4	  4	  4	  4	  4	  4	  4	  0	  0	  0	  0	  0	  0	  0	  0	  0	  0	  0	  0	  0	  0	  0	  0	  0	  0	  0	  0	  0	  0	  0	  0	 88	 55	 22	 78	  0	 29	  0	  0	  0	  0	  0	  0	  0	  0	  0	  0	  0	  5	21819	  0
04/11/2016	07:04:09	<-	L	00000000	 22	 89	 55	 21	  0	213	  0	  4	  4	  4	  4	  4	  4	  4	  4	  0	  0	  0	  0	  0	  0	  0	  0	  0	  0	  0	  0	  0	  0	  0	  0	  0	  0	  0	  0	  0	  0	  0	  0	 89	 55	 21	 78	  0	 29	  0	  0	  0	  0	  0	  0	  0	  0	  0	  0	  0	  5	21819	  0
04/11/2016	07:09:09	<-	L	00000000	 22	 89	 55	 21	  0	218	  0	  4	  4	  4	  4	  4	  4	  4	  4	  0	  0	  0	  0	  0	  0	  0	  0	  0	  0	  0	  0	  0	  0	  0	  0	  0	  0	  0	  0	  0	  0	  0	  0	 89	 55	 21	 79	  0	 30	  0	  0	  0	  0	  0	  0	  0	  0	  0	  0	  0	  5	21819	  0
04/11/2016	07:14:09	<-	L	00000000	 22	 90	 55	 20	  0	223	  0	  4	  4	  4	  4	  4	  4	  4	  4	  0	  0	  0	  0	  0	  0	  0	  0	  0	  0	  0	  0	  0	  0	  0	  0	  0	  0	  0	  0	  0	  0	  0	  0	 90	 55	 21	 79	  0	 30	  0	  0	  0	  0	  0	  0	  0	  0	  0	  0	  0	  5	21819	  0
04/11/2016	07:19:09	<-	L	00000000	 22	 91	 55	 20	  0	228	  0	  4	  4	  4	  4	  4	  4	  4	  4	  0	  0	  0	  0	  0	  0	  0	  0	  0	  0	  0	  0	  0	  0	  0	  0	  0	  0	  0	  0	  0	  0	  0	  0	 91	 55	 20	 77	  0	 32	  0	  0	  0	  0	  0	  0	  0	  0	  0	  0	  0	  5	21814	  0
04/11/2016	07:24:09	<-	L	00000000	 22	 91	 55	 20	  0	233	  0	  4	  4	  4	  4	  4	  4	  4	  4	  0	  0	  0	  0	  0	  0	  0	  0	  0	  0	  0	  0	  0	  0	  0	  0	  0	  0	  0	  0	  0	  0	  0	  0	 91	 55	 20	 78	  0	 29	  0	  0	  0	  0	  0	  0	  0	  0	  0	  0	  0	  5	21814	  0
04/11/2016	07:29:09	<-	L	00000000	 22	 91	 55	 20	  0	238	  0	  4	  4	  4	  4	  4	  4	  4	  4	  0	  0	  0	  0	  0	  0	  0	  0	  0	  0	  0	  0	  0	  0	  0	  0	  0	  0	  0	  0	  0	  0	  0	  0	 91	 55	 20	 78	  0	 29	  0	  0	  0	  0	  0	  0	  0	  0	  0	  0	  0	  5	21814	  0
04/11/2016	07:34:09	<-	L	00000000	 22	 89	 54	 21	  0	243	  0	  4	  4	  4	  4	  4	  4	  4	  4	  0	  0	  0	  0	  0	  0	  0	  0	  0	  0	  0	  0	  0	  0	  0	  0	  0	  0	  0	  0	  0	  0	  0	  0	 89	 54	 20	 78	  0	 29	  0	  0	  0	  0	  0	  0	  0	  0	  0	  0	  0	  5	21814	  0
04/11/2016	07:39:09	<-	L	00000000	 22	 88	 54	 21	  0	248	  0	  4	  4	  4	  4	  4	  4	  4	  4	  0	  0	  0	  0	  0	  0	  0	  0	  0	  0	  0	  0	  0	  0	  0	  0	  0	  0	  0	  0	  0	  0	  0	  0	 88	 54	 21	 78	  0	 29	  0	  0	  0	  0	  0	  0	  0	  0	  0	  0	  0	  5	21814	  0
04/11/2016	07:44:09	<-	L	00000000	 22	 86	 54	 23	  0	253	  0	  4	  4	  4	  4	  4	  4	  4	  4	  0	  0	  0	  0	  0	  0	  0	  0	  0	  0	  0	  0	  0	  0	  0	  0	  0	  0	  0	  0	  0	  0	  0	  0	 86	 54	 22	 77	  0	 29	  0	  0	  0	  0	  0	  0	  0	  0	  0	  0	  0	  5	21814	  0
04/11/2016	07:49:09	<-	L	00000000	 22	 85	 54	 22	  0	258	  0	  4	  4	  4	  4	  4	  4	  4	  4	  0	  0	  0	  0	  0	  0	  0	  0	  0	  0	  0	  0	  0	  0	  0	  0	  0	  0	  0	  0	  0	  0	  0	  0	 85	 54	 23	 77	  0	 29	  0	  0	  0	  0	  0	  0	  0	  0	  0	  0	  0	  5	21814	  0
04/11/2016	07:54:09	<-	L	00000000	 22	 84	 54	 23	  0	263	  0	  4	  4	  4	  4	  4	  4	  4	  4	  0	  0	  0	  0	  0	  0	  0	  0	  0	  0	  0	  0	  0	  0	  0	  0	  0	  0	  0	  0	  0	  0	  0	  0	 84	 54	 23	 77	  0	 29	  0	  0	  0	  0	  0	  0	  0	  0	  0	  0	  0	  5	21814	  0
04/11/2016	07:59:09	<-	L	00000000	 22	 84	 54	 23	  0	268	  0	  4	  4	  4	  4	  4	  4	  4	  4	  0	  0	  0	  0	  0	  0	  0	  0	  0	  0	  0	  0	  0	  0	  0	  0	  0	  0	  0	  0	  0	  0	  0	  0	 84	 54	 23	 77	  0	 29	  0	  0	  0	  0	  0	  0	  0	  0	  0	  0	  0	  5	21814	  0
04/11/2016	08:04:09	<-	L	00000000	 22	 84	 53	 22	  0	273	  0	  4	  4	  4	  4	  4	  4	  4	  4	  0	  0	  0	  0	  0	  0	  0	  0	  0	  0	  0	  0	  0	  0	  0	  0	  0	  0	  0	  0	  0	  0	  0	  0	 84	 53	 22	 77	  0	 29	  0	  0	  0	  0	  0	  0	  0	  0	  0	  0	  0	  5	21814	  0
04/11/2016	08:09:09	<-	L	00000000	 22	 83	 53	 22	  0	278	  0	  4	  4	  4	  4	  4	  4	  4	  4	  0	  0	  0	  0	  0	  0	  0	  0	  0	  0	  0	  0	  0	  0	  0	  0	  0	  0	  0	  0	  0	  0	  0	  0	 83	 53	 23	 76	  0	 28	  0	  0	  0	  0	  0	  0	  0	  0	  0	  0	  0	  5	21813	  0
04/11/2016	08:14:09	<-	L	00000000	 22	 84	 53	 22	  0	283	  0	  4	  4	  4	  4	  4	  4	  4	  4	  0	  0	  0	  0	  0	  0	  0	  0	  0	  0	  0	  0	  0	  0	  0	  0	  0	  0	  0	  0	  0	  0	  0	  0	 84	 53	 22	 78	  0	 27	  0	  0	  0	  0	  0	  0	  0	  0	  0	  0	  0	  5	21813	  0
04/11/2016	08:19:09	<-	L	00000000	 22	 84	 53	 22	  0	288	  0	  4	  4	  4	  4	  4	  4	  4	  4	  0	  0	  0	  0	  0	  0	  0	  0	  0	  0	  0	  0	  0	  0	  0	  0	  0	  0	  0	  0	  0	  0	  0	  0	 84	 53	 22	 77	  0	 29	  0	  0	  0	  0	  0	  0	  0	  0	  0	  0	  0	  5	21813	  0
04/11/2016	08:24:09	<-	L	00000000	 22	 86	 52	 21	  0	293	  0	  4	  4	  4	  4	  4	  4	  4	  4	  0	  0	  0	  0	  0	  0	  0	  0	  0	  0	  0	  0	  0	  0	  0	  0	  0	  0	  0	  0	  0	  0	  0	  0	 86	 52	 20	 74	  0	 30	  0	  0	  0	  0	  0	  0	  0	  0	  0	  0	  0	  5	21813	  0
04/11/2016	08:29:09	<-	L	00000000	 22	 86	 53	 20	  0	298	  0	  4	  4	  4	  4	  4	  4	  4	  4	  0	  0	  0	  0	  0	  0	  0	  0	  0	  0	  0	  0	  0	  0	  0	  0	  0	  0	  0	  0	  0	  0	  0	  0	 86	 53	 21	 74	  0	 31	  0	  0	  0	  0	  0	  0	  0	  0	  0	  0	  0	  5	21813	  0
04/11/2016	08:34:09	<-	L	00000000	 22	 86	 52	 21	  0	303	  0	  4	  4	  4	  4	  4	  4	  4	  4	  0	  0	  0	  0	  0	  0	  0	  0	  0	  0	  0	  0	  0	  0	  0	  0	  0	  0	  0	  0	  0	  0	  0	  0	 86	 52	 20	 73	  0	 31	  0	  0	  0	  0	  0	  0	  0	  0	  0	  0	  0	  5	21813	  0
04/11/2016	08:39:10	  	L	00000000	 22	 86	 53	 21	  0	308	  0	  4	  4	  4	  4	  4	  4	  4	  4	  0	  0	  0	  0	  0	  0	  0	  0	  0	  0	  0	  0	  0	  0	  0	  0	  0	  0	  0	  0	  0	  0	  0	  0	 86	 53	 21	 75	  0	 31	  0	  0	  0	  0	  0	  0	  0	  0	  0	  0	  0	  5	21813	  0
04/11/2016	08:44:09	->	L	00000000	 22	 84	 53	 22	  0	313	  0	  4	  4	  4	  4	  4	  4	  4	  4	  0	  0	  0	  0	  0	  0	  0	  0	  0	  0	  0	  0	  0	  0	  0	  0	  0	  0	  0	  0	  0	  0	  0	  0	 82	 53	 24	 84	  0	 22	  0	  0	  0	  0	  0	  0	  0	  0	  0	  0	  0	  5	21813	  0
04/11/2016	08:49:09	->	L	00000000	 22	 84	 52	 21	  0	318	  0	  4	  4	  4	  4	  4	  4	  4	  4	  0	  0	  0	  0	  0	  0	  0	  0	  0	  0	  0	  0	  0	  0	  0	  0	  0	  0	  0	  0	  0	  0	  0	  0	 81	 52	 23	 84	  0	 21	  0	  0	  0	  0	  0	  0	  0	  0	  0	  0	  0	  5	21813	  0
04/11/2016	08:54:09	->	L	00000000	 22	 83	 52	 21	  0	323	  0	  4	  4	  4	  4	  4	  4	  4	  4	  0	  0	  0	  0	  0	  0	  0	  0	  0	  0	  0	  0	  0	  0	  0	  0	  0	  0	  0	  0	  0	  0	  0	  0	 81	 52	 23	 83	  0	 22	  0	  0	  0	  0	  0	  0	  0	  0	  0	  0	  0	  5	21813	  0
04/11/2016	08:59:09	->	L	00000000	 22	 84	 52	 20	  0	328	  0	  4	  4	  4	  4	  4	  4	  4	  4	  0	  0	  0	  0	  0	  0	  0	  0	  0	  0	  0	  0	  0	  0	  0	  0	  0	  0	  0	  0	  0	  0	  0	  0	 81	 52	 23	 84	  0	 21	  0	  0	  0	  0	  0	  0	  0	  0	  0	  0	  0	  5	21813	  0
04/11/2016	09:04:10	->	L	00000000	 22	 86	 52	 21	  0	333	  0	  4	  4	  4	  4	  4	  4	  4	  4	  0	  0	  0	  0	  0	  0	  0	  0	  0	  0	  0	  0	  0	  0	  0	  0	  0	  0	  0	  0	  0	  0	  0	  0	 81	 52	 23	 86	  0	 20	  0	  0	  0	  0	  0	  0	  0	  0	  0	  0	  0	  5	21813	  0
04/11/2016	09:09:09	->	L	00000000	 22	 83	 52	 22	  0	338	  0	  4	  4	  4	  4	  4	  4	  4	  4	  0	  0	  0	  0	  0	  0	  0	  0	  0	  0	  0	  0	  0	  0	  0	  0	  0	  0	  0	  0	  0	  0	  0	  0	 79	 52	 25	 83	  0	 22	  0	  0	  0	  0	  0	  0	  0	  0	  0	  0	  0	  5	21813	  0
04/11/2016	09:14:09	->	L	00000000	 22	 87	 52	 19	  0	343	  0	  4	  4	  4	  4	  4	  4	  4	  4	  0	  0	  0	  0	  0	  0	  0	  0	  0	  0	  0	  0	  0	  0	  0	  0	  0	  0	  0	  0	  0	  0	  0	  0	 81	 52	 23	 87	  0	 19	  0	  0	  0	  0	  0	  0	  0	  0	  0	  0	  0	  5	21813	  0
04/11/2016	09:19:09	->	L	00000000	 22	 84	 52	 22	  0	348	  0	  4	  4	  4	  4	  4	  4	  4	  4	  0	  0	  0	  0	  0	  0	  0	  0	  0	  0	  0	  0	  0	  0	  0	  0	  0	  0	  0	  0	  0	  0	  0	  0	 80	 52	 24	 84	  0	 21	  0	  0	  0	  0	  0	  0	  0	  0	  0	  0	  0	  5	21813	  0
04/11/2016	09:24:09	->	L	00000000	 22	 84	 52	 21	  0	353	  0	  4	  4	  4	  4	  4	  4	  4	  4	  0	  0	  0	  0	  0	  0	  0	  0	  0	  0	  0	  0	  0	  0	  0	  0	  0	  0	  0	  0	  0	  0	  0	  0	 81	 52	 23	 84	  0	 21	  0	  0	  0	  0	  0	  0	  0	  0	  0	  0	  0	  5	21813	  0
04/11/2016	09:29:09	->	L	00000000	 22	 87	 52	 19	  0	358	  0	  4	  4	  4	  4	  4	  4	  4	  4	  0	  0	  0	  0	  0	  0	  0	  0	  0	  0	  0	  0	  0	  0	  0	  0	  0	  0	  0	  0	  0	  0	  0	  0	 82	 52	 23	 87	  0	 19	  0	  0	  0	  0	  0	  0	  0	  0	  0	  0	  0	  5	21813	  0
04/11/2016	09:34:09	->	L	00000000	 23	 85	 51	 20	  0	  2	  0	  4	  4	  4	  4	  4	  4	  4	  4	  0	  0	  0	  0	  0	  0	  0	  0	  0	  0	  0	  0	  0	  0	  0	  0	  0	  0	  0	  0	  0	  0	  0	  0	 80	 51	 23	 85	  0	 20	  0	  0	  0	  0	  0	  0	  0	  0	  0	  0	  0	  5	21811	  0
04/11/2016	09:39:09	->	L	00000000	 23	 85	 51	 21	  0	  7	  0	  4	  4	  4	  4	  4	  4	  4	  4	  0	  0	  0	  0	  0	  0	  0	  0	  0	  0	  0	  0	  0	  0	  0	  0	  0	  0	  0	  0	  0	  0	  0	  0	 81	 51	 22	 85	  0	 20	  0	  0	  0	  0	  0	  0	  0	  0	  0	  0	  0	  5	21811	  0
04/11/2016	09:44:09	->	L	00000000	 23	 87	 51	 18	  0	 12	  0	  4	  4	  4	  4	  4	  4	  4	  4	  0	  0	  0	  0	  0	  0	  0	  0	  0	  0	  0	  0	  0	  0	  0	  0	  0	  0	  0	  0	  0	  0	  0	  0	 82	 51	 22	 87	  0	 18	  0	  0	  0	  0	  0	  0	  0	  0	  0	  0	  0	  5	21811	  0
04/11/2016	09:49:09	->	L	00000000	 23	 84	 51	 20	  0	 17	  0	  4	  4	  4	  4	  4	  4	  4	  4	  0	  0	  0	  0	  0	  0	  0	  0	  0	  0	  0	  0	  0	  0	  0	  0	  0	  0	  0	  0	  0	  0	  0	  0	 82	 51	 22	 84	  0	 20	  0	  0	  0	  0	  0	  0	  0	  0	  0	  0	  0	  5	21811	  0
04/11/2016	09:54:10	->	L	00000000	 23	 88	 51	 18	  0	 22	  0	  4	  4	  4	  4	  4	  4	  4	  4	  0	  0	  0	  0	  0	  0	  0	  0	  0	  0	  0	  0	  0	  0	  0	  0	  0	  0	  0	  0	  0	  0	  0	  0	 82	 51	 22	 88	  0	 18	  0	  0	  0	  0	  0	  0	  0	  0	  0	  0	  0	  5	21811	  0
04/11/2016	09:59:10	->	L	00000000	 23	 84	 51	 19	  0	 27	  0	  4	  4	  4	  4	  4	  4	  4	  4	  0	  0	  0	  0	  0	  0	  0	  0	  0	  0	  0	  0	  0	  0	  0	  0	  0	  0	  0	  0	  0	  0	  0	  0	 82	 51	 22	 84	  0	 20	  0	  0	  0	  0	  0	  0	  0	  0	  0	  0	  0	  5	21811	  0
04/11/2016	10:04:10	->	L	00000000	 23	 86	 51	 19	  0	 32	  0	  4	  4	  4	  4	  4	  4	  4	  4	  0	  0	  0	  0	  0	  0	  0	  0	  0	  0	  0	  0	  0	  0	  0	  0	  0	  0	  0	  0	  0	  0	  0	  0	 82	 51	 22	 86	  0	 19	  0	  0	  0	  0	  0	  0	  0	  0	  0	  0	  0	  5	21811	  0
04/11/2016	10:09:10	->	L	00000000	 23	 83	 51	 21	  0	 37	  0	  4	  4	  4	  4	  4	  4	  4	  4	  0	  0	  0	  0	  0	  0	  0	  0	  0	  0	  0	  0	  0	  0	  0	  0	  0	  0	  0	  0	  0	  0	  0	  0	 81	 51	 22	 83	  0	 21	  0	  0	  0	  0	  0	  0	  0	  0	  0	  0	  0	  5	21811	  0
04/11/2016	10:14:10	->	L	00000000	 23	 89	 51	 17	  0	 42	  0	  4	  4	  4	  4	  4	  4	  4	  4	  0	  0	  0	  0	  0	  0	  0	  0	  0	  0	  0	  0	  0	  0	  0	  0	  0	  0	  0	  0	  0	  0	  0	  0	 84	 51	 20	 89	  0	 17	  0	  0	  0	  0	  0	  0	  0	  0	  0	  0	  0	  5	21811	  0
04/11/2016	10:19:10	->	L	00000000	 23	 83	 51	 21	  0	 47	  0	  4	  4	  4	  4	  4	  4	  4	  4	  0	  0	  0	  0	  0	  0	  0	  0	  0	  0	  0	  0	  0	  0	  0	  0	  0	  0	  0	  0	  0	  0	  0	  0	 82	 51	 22	 83	  0	 21	  0	  0	  0	  0	  0	  0	  0	  0	  0	  0	  0	  5	21811	  0
04/11/2016	10:24:10	->	L	00000000	 23	 88	 51	 17	  0	 52	  0	  4	  4	  4	  4	  4	  4	  4	  4	  0	  0	  0	  0	  0	  0	  0	  0	  0	  0	  0	  0	  0	  0	  0	  0	  0	  0	  0	  0	  0	  0	  0	  0	 84	 51	 20	 88	  0	 18	  0	  0	  0	  0	  0	  0	  0	  0	  0	  0	  0	  5	21811	  0
04/11/2016	10:29:10	->	L	00000000	 23	 83	 51	 20	  0	 57	  0	  4	  4	  4	  4	  4	  4	  4	  4	  0	  0	  0	  0	  0	  0	  0	  0	  0	  0	  0	  0	  0	  0	  0	  0	  0	  0	  0	  0	  0	  0	  0	  0	 82	 51	 22	 83	  0	 21	  0	  0	  0	  0	  0	  0	  0	  0	  0	  0	  0	  5	21811	  0
04/11/2016	10:34:09	->	L	00000000	 23	 89	 51	 17	  0	 62	  0	  4	  4	  4	  4	  4	  4	  4	  4	  0	  0	  0	  0	  0	  0	  0	  0	  0	  0	  0	  0	  0	  0	  0	  0	  0	  0	  0	  0	  0	  0	  0	  0	 84	 51	 20	 89	  0	 17	  0	  0	  0	  0	  0	  0	  0	  0	  0	  0	  0	  5	21811	  0
04/11/2016	10:39:09	->	L	00000000	 23	 86	 51	 19	  0	 67	  0	  4	  4	  4	  4	  4	  4	  4	  4	  0	  0	  0	  0	  0	  0	  0	  0	  0	  0	  0	  0	  0	  0	  0	  0	  0	  0	  0	  0	  0	  0	  0	  0	 83	 51	 21	 86	  0	 19	  0	  0	  0	  0	  0	  0	  0	  0	  0	  0	  0	  5	21811	  0
04/11/2016	10:44:09	->	L	00000000	 23	 88	 51	 18	  0	 72	  0	  4	  4	  4	  4	  4	  4	  4	  4	  0	  0	  0	  0	  0	  0	  0	  0	  0	  0	  0	  0	  0	  0	  0	  0	  0	  0	  0	  0	  0	  0	  0	  0	 84	 51	 20	 88	  0	 18	  0	  0	  0	  0	  0	  0	  0	  0	  0	  0	  0	  5	21811	  0
04/11/2016	10:49:09	->	L	00000000	 23	 86	 51	 19	  0	 77	  0	  4	  4	  4	  4	  4	  4	  4	  4	  0	  0	  0	  0	  0	  0	  0	  0	  0	  0	  0	  0	  0	  0	  0	  0	  0	  0	  0	  0	  0	  0	  0	  0	 83	 51	 21	 86	  0	 19	  0	  0	  0	  0	  0	  0	  0	  0	  0	  0	  0	  5	21811	  0
04/11/2016	10:54:09	->	L	00000000	 23	 84	 51	 21	  0	 82	  0	  4	  4	  4	  4	  4	  4	  4	  4	  0	  0	  0	  0	  0	  0	  0	  0	  0	  0	  0	  0	  0	  0	  0	  0	  0	  0	  0	  0	  0	  0	  0	  0	 82	 51	 22	 84	  0	 20	  0	  0	  0	  0	  0	  0	  0	  0	  0	  0	  0	  5	21811	  0
04/11/2016	10:59:09	->	L	00000000	 23	 90	 51	 16	  0	 87	  0	  4	  4	  4	  4	  4	  4	  4	  4	  0	  0	  0	  0	  0	  0	  0	  0	  0	  0	  0	  0	  0	  0	  0	  0	  0	  0	  0	  0	  0	  0	  0	  0	 85	 51	 20	 90	  0	 17	  0	  0	  0	  0	  0	  0	  0	  0	  0	  0	  0	  5	21811	  0
04/11/2016	11:04:09	->	L	00000000	 23	 85	 51	 19	  0	 92	  0	  4	  4	  4	  4	  4	  4	  4	  4	  0	  0	  0	  0	  0	  0	  0	  0	  0	  0	  0	  0	  0	  0	  0	  0	  0	  0	  0	  0	  0	  0	  0	  0	 84	 51	 20	 85	  0	 20	  0	  0	  0	  0	  0	  0	  0	  0	  0	  0	  0	  5	21811	  0
04/11/2016	11:09:09	->	L	00000000	 23	 87	 51	 19	  0	 97	  0	  4	  4	  4	  4	  4	  4	  4	  4	  0	  0	  0	  0	  0	  0	  0	  0	  0	  0	  0	  0	  0	  0	  0	  0	  0	  0	  0	  0	  0	  0	  0	  0	 83	 51	 21	 87	  0	 18	  0	  0	  0	  0	  0	  0	  0	  0	  0	  0	  0	  5	21811	  0
04/11/2016	11:14:09	->	L	00000000	 23	 88	 51	 17	  0	102	  0	  4	  4	  4	  4	  4	  4	  4	  4	  0	  0	  0	  0	  0	  0	  0	  0	  0	  0	  0	  0	  0	  0	  0	  0	  0	  0	  0	  0	  0	  0	  0	  0	 85	 51	 20	 88	  0	 18	  0	  0	  0	  0	  0	  0	  0	  0	  0	  0	  0	  5	21811	  0
04/11/2016	11:19:09	->	L	00000000	 23	 83	 51	 21	  0	107	  0	  4	  4	  4	  4	  4	  4	  4	  4	  0	  0	  0	  0	  0	  0	  0	  0	  0	  0	  0	  0	  0	  0	  0	  0	  0	  0	  0	  0	  0	  0	  0	  0	 83	 51	 21	 83	  0	 21	  0	  0	  0	  0	  0	  0	  0	  0	  0	  0	  0	  5	21811	  0
04/11/2016	11:24:09	->	L	00000000	 23	 89	 51	 17	  0	112	  0	  4	  4	  4	  4	  4	  4	  4	  4	  0	  0	  0	  0	  0	  0	  0	  0	  0	  0	  0	  0	  0	  0	  0	  0	  0	  0	  0	  0	  0	  0	  0	  0	 85	 51	 20	 89	  0	 17	  0	  0	  0	  0	  0	  0	  0	  0	  0	  0	  0	  5	21811	  0
04/11/2016	11:29:09	->	L	00000000	 23	 87	 51	 17	  0	117	  0	  4	  4	  4	  4	  4	  4	  4	  4	  0	  0	  0	  0	  0	  0	  0	  0	  0	  0	  0	  0	  0	  0	  0	  0	  0	  0	  0	  0	  0	  0	  0	  0	 85	 51	 20	 87	  0	 18	  0	  0	  0	  0	  0	  0	  0	  0	  0	  0	  0	  5	21811	  0
04/11/2016	11:34:09	->	L	00000000	 23	 83	 50	 21	  0	122	  0	  4	  4	  4	  4	  4	  4	  4	  4	  0	  0	  0	  0	  0	  0	  0	  0	  0	  0	  0	  0	  0	  0	  0	  0	  0	  0	  0	  0	  0	  0	  0	  0	 83	 50	 20	 82	  0	 21	  0	  0	  0	  0	  0	  0	  0	  0	  0	  0	  0	  5	21811	  0
04/11/2016	11:39:09	->	L	00000000	 23	 89	 51	 18	  0	127	  0	  4	  4	  4	  4	  4	  4	  4	  4	  0	  0	  0	  0	  0	  0	  0	  0	  0	  0	  0	  0	  0	  0	  0	  0	  0	  0	  0	  0	  0	  0	  0	  0	 85	 51	 20	 89	  0	 17	  0	  0	  0	  0	  0	  0	  0	  0	  0	  0	  0	  5	21811	  0
04/11/2016	11:44:09	->	L	00000000	 23	 86	 51	 18	  0	132	  0	  4	  4	  4	  4	  4	  4	  4	  4	  0	  0	  0	  0	  0	  0	  0	  0	  0	  0	  0	  0	  0	  0	  0	  0	  0	  0	  0	  0	  0	  0	  0	  0	 85	 51	 20	 86	  0	 19	  0	  0	  0	  0	  0	  0	  0	  0	  0	  0	  0	  5	21811	  0
04/11/2016	11:49:09	->	L	00000000	 23	 84	 51	 20	  0	137	  0	  4	  4	  4	  4	  4	  4	  4	  4	  0	  0	  0	  0	  0	  0	  0	  0	  0	  0	  0	  0	  0	  0	  0	  0	  0	  0	  0	  0	  0	  0	  0	  0	 83	 51	 21	 84	  0	 20	  0	  0	  0	  0	  0	  0	  0	  0	  0	  0	  0	  5	21811	  0
04/11/2016	11:54:09	->	L	00000000	 23	 89	 51	 18	  0	142	  0	  4	  4	  4	  4	  4	  4	  4	  4	  0	  0	  0	  0	  0	  0	  0	  0	  0	  0	  0	  0	  0	  0	  0	  0	  0	  0	  0	  0	  0	  0	  0	  0	 85	 51	 20	 89	  0	 17	  0	  0	  0	  0	  0	  0	  0	  0	  0	  0	  0	  5	21811	  0
04/11/2016	11:59:09	->	L	00000000	 23	 87	 51	 18	  0	147	  0	  4	  4	  4	  4	  4	  4	  4	  4	  0	  0	  0	  0	  0	  0	  0	  0	  0	  0	  0	  0	  0	  0	  0	  0	  0	  0	  0	  0	  0	  0	  0	  0	 85	 51	 20	 87	  0	 18	  0	  0	  0	  0	  0	  0	  0	  0	  0	  0	  0	  5	21811	  0
04/11/2016	12:04:09	->	L	00000000	 23	 84	 51	 19	  0	152	  0	  4	  4	  4	  4	  4	  4	  4	  4	  0	  0	  0	  0	  0	  0	  0	  0	  0	  0	  0	  0	  0	  0	  0	  0	  0	  0	  0	  0	  0	  0	  0	  0	 84	 51	 20	 84	  0	 20	  0	  0	  0	  0	  0	  0	  0	  0	  0	  0	  0	  5	21811	  0
04/11/2016	12:09:09	->	L	00000000	 23	 89	 51	 18	  0	157	  0	  4	  4	  4	  4	  4	  4	  4	  4	  0	  0	  0	  0	  0	  0	  0	  0	  0	  0	  0	  0	  0	  0	  0	  0	  0	  0	  0	  0	  0	  0	  0	  0	 85	 51	 20	 89	  0	 17	  0	  0	  0	  0	  0	  0	  0	  0	  0	  0	  0	  5	21811	  0
04/11/2016	12:14:09	->	L	00000000	 23	 89	 51	 17	  0	162	  0	  4	  4	  4	  4	  4	  4	  4	  4	  0	  0	  0	  0	  0	  0	  0	  0	  0	  0	  0	  0	  0	  0	  0	  0	  0	  0	  0	  0	  0	  0	  0	  0	 86	 51	 19	 89	  0	 17	  0	  0	  0	  0	  0	  0	  0	  0	  0	  0	  0	  5	21811	  0
04/11/2016	12:19:09	->	L	00000000	 23	 84	 50	 19	  0	167	  0	  4	  4	  4	  4	  4	  4	  4	  4	  0	  0	  0	  0	  0	  0	  0	  0	  0	  0	  0	  0	  0	  0	  0	  0	  0	  0	  0	  0	  0	  0	  0	  0	 84	 50	 19	 83	  0	 20	  0	  0	  0	  0	  0	  0	  0	  0	  0	  0	  0	  5	21811	  0
04/11/2016	12:24:09	->	L	00000000	 23	 89	 50	 17	  0	172	  0	  4	  4	  4	  4	  4	  4	  4	  4	  0	  0	  0	  0	  0	  0	  0	  0	  0	  0	  0	  0	  0	  0	  0	  0	  0	  0	  0	  0	  0	  0	  0	  0	 85	 50	 19	 89	  0	 16	  0	  0	  0	  0	  0	  0	  0	  0	  0	  0	  0	  5	21811	  0
04/11/2016	12:29:09	->	L	00000000	 23	 87	 51	 17	  0	177	  0	  4	  4	  4	  4	  4	  4	  4	  4	  0	  0	  0	  0	  0	  0	  0	  0	  0	  0	  0	  0	  0	  0	  0	  0	  0	  0	  0	  0	  0	  0	  0	  0	 85	 51	 20	 87	  0	 18	  0	  0	  0	  0	  0	  0	  0	  0	  0	  0	  0	  5	21811	  0
04/11/2016	12:34:09	->	L	00000000	 23	 85	 50	 19	  0	182	  0	  4	  4	  4	  4	  4	  4	  4	  4	  0	  0	  0	  0	  0	  0	  0	  0	  0	  0	  0	  0	  0	  0	  0	  0	  0	  0	  0	  0	  0	  0	  0	  0	 84	 50	 19	 85	  0	 19	  0	  0	  0	  0	  0	  0	  0	  0	  0	  0	  0	  5	21811	  0
04/11/2016	12:39:09	->	L	00000000	 23	 88	 51	 16	  0	187	  0	  4	  4	  4	  4	  4	  4	  4	  4	  0	  0	  0	  0	  0	  0	  0	  0	  0	  0	  0	  0	  0	  0	  0	  0	  0	  0	  0	  0	  0	  0	  0	  0	 86	 51	 19	 88	  0	 18	  0	  0	  0	  0	  0	  0	  0	  0	  0	  0	  0	  5	21811	  0
04/11/2016	12:44:09	<-	L	00000000	 23	 91	 51	 17	  0	192	  0	  4	  4	  4	  4	  4	  4	  4	  4	  0	  0	  0	  0	  0	  0	  0	  0	  0	  0	  0	  0	  0	  0	  0	  0	  0	  0	  0	  0	  0	  0	  0	  0	 91	 51	 16	 83	  0	 21	  0	  0	  0	  0	  0	  0	  0	  0	  0	  0	  0	  5	21811	  0
04/11/2016	12:49:09	<-	L	00000000	 23	 91	 51	 17	  0	197	  0	  4	  4	  4	  4	  4	  4	  4	  4	  0	  0	  0	  0	  0	  0	  0	  0	  0	  0	  0	  0	  0	  0	  0	  0	  0	  0	  0	  0	  0	  0	  0	  0	 91	 51	 16	 82	  0	 22	  0	  0	  0	  0	  0	  0	  0	  0	  0	  0	  0	  5	21811	  0
04/11/2016	12:54:10	<-	L	00000000	 23	 91	 51	 16	  0	202	  0	  4	  4	  4	  4	  4	  4	  4	  4	  0	  0	  0	  0	  0	  0	  0	  0	  0	  0	  0	  0	  0	  0	  0	  0	  0	  0	  0	  0	  0	  0	  0	  0	 91	 51	 16	 81	  0	 22	  0	  0	  0	  0	  0	  0	  0	  0	  0	  0	  0	  5	21811	  0
04/11/2016	12:59:09	<-	L	00000000	 23	 91	 50	 15	  0	207	  0	  4	  4	  4	  4	  4	  4	  4	  4	  0	  0	  0	  0	  0	  0	  0	  0	  0	  0	  0	  0	  0	  0	  0	  0	  0	  0	  0	  0	  0	  0	  0	  0	 91	 50	 15	 81	  0	 21	  0	  0	  0	  0	  0	  0	  0	  0	  0	  0	  0	  5	21811	  0
04/11/2016	13:04:09	<-	L	00000000	 23	 90	 50	 16	  0	212	  0	  4	  4	  4	  4	  4	  4	  4	  4	  0	  0	  0	  0	  0	  0	  0	  0	  0	  0	  0	  0	  0	  0	  0	  0	  0	  0	  0	  0	  0	  0	  0	  0	 90	 50	 16	 81	  0	 21	  0	  0	  0	  0	  0	  0	  0	  0	  0	  0	  0	  5	21811	  0
04/11/2016	13:09:09	<-	L	00000000	 23	 88	 50	 16	  0	217	  0	  4	  4	  4	  4	  4	  4	  4	  4	  0	  0	  0	  0	  0	  0	  0	  0	  0	  0	  0	  0	  0	  0	  0	  0	  0	  0	  0	  0	  0	  0	  0	  0	 88	 50	 17	 79	  0	 23	  0	  0	  0	  0	  0	  0	  0	  0	  0	  0	  0	  5	21811	  0
04/11/2016	13:14:09	<-	L	00000000	 23	 87	 49	 17	  0	222	  0	  4	  4	  4	  4	  4	  4	  4	  4	  0	  0	  0	  0	  0	  0	  0	  0	  0	  0	  0	  0	  0	  0	  0	  0	  0	  0	  0	  0	  0	  0	  0	  0	 87	 49	 16	 78	  0	 22	  0	  0	  0	  0	  0	  0	  0	  0	  0	  0	  0	  5	21811	  0
04/11/2016	13:19:09	<-	L	00000000	 23	 86	 49	 17	  0	227	  0	  4	  4	  4	  4	  4	  4	  4	  4	  0	  0	  0	  0	  0	  0	  0	  0	  0	  0	  0	  0	  0	  0	  0	  0	  0	  0	  0	  0	  0	  0	  0	  0	 86	 49	 17	 77	  0	 23	  0	  0	  0	  0	  0	  0	  0	  0	  0	  0	  0	  5	21811	  0
04/11/2016	13:24:09	<-	L	00000000	 23	 84	 49	 18	  0	232	  0	  4	  4	  4	  4	  4	  4	  4	  4	  0	  0	  0	  0	  0	  0	  0	  0	  0	  0	  0	  0	  0	  0	  0	  0	  0	  0	  0	  0	  0	  0	  0	  0	 84	 49	 18	 76	  0	 24	  0	  0	  0	  0	  0	  0	  0	  0	  0	  0	  0	  5	21811	  0
04/11/2016	13:29:09	<-	L	00000000	 23	 84	 49	 18	  0	237	  0	  4	  4	  4	  4	  4	  4	  4	  4	  0	  0	  0	  0	  0	  0	  0	  0	  0	  0	  0	  0	  0	  0	  0	  0	  0	  0	  0	  0	  0	  0	  0	  0	 84	 49	 18	 75	  0	 26	  0	  0	  0	  0	  0	  0	  0	  0	  0	  0	  0	  5	21811	  0
04/11/2016	13:34:10	<-	L	00000000	 23	 86	 49	 18	  0	242	  0	  4	  4	  4	  4	  4	  4	  4	  4	  0	  0	  0	  0	  0	  0	  0	  0	  0	  0	  0	  0	  0	  0	  0	  0	  0	  0	  0	  0	  0	  0	  0	  0	 86	 49	 17	 76	  0	 24	  0	  0	  0	  0	  0	  0	  0	  0	  0	  0	  0	  5	21811	  0
04/11/2016	13:39:09	<-	L	00000000	 23	 89	 49	 16	  0	247	  0	  4	  4	  4	  4	  4	  4	  4	  4	  0	  0	  0	  0	  0	  0	  0	  0	  0	  0	  0	  0	  0	  0	  0	  0	  0	  0	  0	  0	  0	  0	  0	  0	 89	 49	 15	 77	  0	 23	  0	  0	  0	  0	  0	  0	  0	  0	  0	  0	  0	  5	21811	  0
04/11/2016	13:44:09	<-	L	00000000	 23	 90	 49	 15	  0	252	  0	  4	  4	  4	  4	  4	  4	  4	  4	  0	  0	  0	  0	  0	  0	  0	  0	  0	  0	  0	  0	  0	  0	  0	  0	  0	  0	  0	  0	  0	  0	  0	  0	 90	 49	 15	 79	  0	 21	  0	  0	  0	  0	  0	  0	  0	  0	  0	  0	  0	  5	21811	  0
04/11/2016	13:49:09	<-	L	00000000	 23	 91	 49	 14	  0	257	  0	  4	  4	  4	  4	  4	  4	  4	  4	  0	  0	  0	  0	  0	  0	  0	  0	  0	  0	  0	  0	  0	  0	  0	  0	  0	  0	  0	  0	  0	  0	  0	  0	 91	 49	 14	 79	  0	 21	  0	  0	  0	  0	  0	  0	  0	  0	  0	  0	  0	  5	21811	  0
04/11/2016	13:54:09	<-	L	00000000	 23	 89	 49	 15	  0	262	  0	  4	  4	  4	  4	  4	  4	  4	  4	  0	  0	  0	  0	  0	  0	  0	  0	  0	  0	  0	  0	  0	  0	  0	  0	  0	  0	  0	  0	  0	  0	  0	  0	 89	 49	 15	 78	  0	 22	  0	  0	  0	  0	  0	  0	  0	  0	  0	  0	  0	  5	21811	  0
04/11/2016	13:59:10	<-	L	00000000	 23	 87	 49	 16	  0	267	  0	  4	  4	  4	  4	  4	  4	  4	  4	  0	  0	  0	  0	  0	  0	  0	  0	  0	  0	  0	  0	  0	  0	  0	  0	  0	  0	  0	  0	  0	  0	  0	  0	 87	 49	 16	 77	  0	 23	  0	  0	  0	  0	  0	  0	  0	  0	  0	  0	  0	  5	21811	  0
04/11/2016	14:04:09	  	L	00000000	 23	 86	 49	 16	  0	272	  0	  4	  4	  4	  4	  4	  4	  4	  4	  0	  0	  0	  0	  0	  0	  0	  0	  0	  0	  0	  0	  0	  0	  0	  0	  0	  0	  0	  0	  0	  0	  0	  0	  0	  0	  0	  0	  0	  0	  0	  0	  0	  0	  0	  0	  0	  0	  0	  0	  0	  5	21811	  0
04/11/2016	14:09:09	<-	L	00000000	 23	 85	 48	 17	  0	277	  0	  4	  4	  4	  4	  4	  4	  4	  4	  0	  0	  0	  0	  0	  0	  0	  0	  0	  0	  0	  0	  0	  0	  0	  0	  0	  0	  0	  0	  0	  0	  0	  0	 85	 48	 17	 77	  0	 22	  0	  0	  0	  0	  0	  0	  0	  0	  0	  0	  0	  5	21811	  0
04/11/2016	14:14:09	<-	L	00000000	 23	 85	 48	 17	  0	282	  0	  4	  4	  4	  4	  4	  4	  4	  4	  0	  0	  0	  0	  0	  0	  0	  0	  0	  0	  0	  0	  0	  0	  0	  0	  0	  0	  0	  0	  0	  0	  0	  0	 85	 48	 17	 76	  0	 22	  0	  0	  0	  0	  0	  0	  0	  0	  0	  0	  0	  5	21811	  0
04/11/2016	14:19:09	<-	L	00000000	 23	 85	 48	 17	  0	287	  0	  4	  4	  4	  4	  4	  4	  4	  4	  0	  0	  0	  0	  0	  0	  0	  0	  0	  0	  0	  0	  0	  0	  0	  0	  0	  0	  0	  0	  0	  0	  0	  0	 85	 48	 17	 76	  0	 22	  0	  0	  0	  0	  0	  0	  0	  0	  0	  0	  0	  5	21811	  0
04/11/2016	14:24:10	<-	L	00000000	 23	 85	 48	 17	  0	292	  0	  4	  4	  4	  4	  4	  4	  4	  4	  0	  0	  0	  0	  0	  0	  0	  0	  0	  0	  0	  0	  0	  0	  0	  0	  0	  0	  0	  0	  0	  0	  0	  0	 85	 48	 17	 77	  0	 22	  0	  0	  0	  0	  0	  0	  0	  0	  0	  0	  0	  5	21811	  0
04/11/2016	14:29:09	<-	L	00000000	 23	 84	 48	 17	  0	297	  0	  4	  4	  4	  4	  4	  4	  4	  4	  0	  0	  0	  0	  0	  0	  0	  0	  0	  0	  0	  0	  0	  0	  0	  0	  0	  0	  0	  0	  0	  0	  0	  0	 84	 48	 17	 76	  0	 22	  0	  0	  0	  0	  0	  0	  0	  0	  0	  0	  0	  5	21811	  0
04/11/2016	14:34:11	<-	L	00000000	 23	 84	 48	 17	  0	302	  0	  4	  4	  4	  4	  4	  4	  4	  4	  0	  0	  0	  0	  0	  0	  0	  0	  0	  0	  0	  0	  0	  0	  0	  0	  0	  0	  0	  0	  0	  0	  0	  0	 84	 48	 17	 77	  0	 22	  0	  0	  0	  0	  0	  0	  0	  0	  0	  0	  0	  5	21811	  0
04/11/2016	14:39:09	<-	L	00000000	 23	 85	 48	 17	  0	307	  0	  4	  4	  4	  4	  4	  4	  4	  4	  0	  0	  0	  0	  0	  0	  0	  0	  0	  0	  0	  0	  0	  0	  0	  0	  0	  0	  0	  0	  0	  0	  0	  0	 85	 48	 17	 76	  0	 22	  0	  0	  0	  0	  0	  0	  0	  0	  0	  0	  0	  5	21811	  0
04/11/2016	14:44:09	<-	L	00000000	 23	 89	 48	 15	  0	312	  0	  4	  4	  4	  4	  4	  4	  4	  4	  0	  0	  0	  0	  0	  0	  0	  0	  0	  0	  0	  0	  0	  0	  0	  0	  0	  0	  0	  0	  0	  0	  0	  0	 89	 48	 14	 79	  0	 20	  0	  0	  0	  0	  0	  0	  0	  0	  0	  0	  0	  5	21811	  0
04/11/2016	14:49:09	<-	L	00000000	 23	 88	 48	 16	  0	317	  0	  4	  4	  4	  4	  4	  4	  4	  4	  0	  0	  0	  0	  0	  0	  0	  0	  0	  0	  0	  0	  0	  0	  0	  0	  0	  0	  0	  0	  0	  0	  0	  0	 88	 48	 15	 78	  0	 21	  0	  0	  0	  0	  0	  0	  0	  0	  0	  0	  0	  5	21811	  0
04/11/2016	14:54:09	<-	L	00000000	 23	 90	 48	 14	  0	322	  0	  4	  4	  4	  4	  4	  4	  4	  4	  0	  0	  0	  0	  0	  0	  0	  0	  0	  0	  0	  0	  0	  0	  0	  0	  0	  0	  0	  0	  0	  0	  0	  0	 90	 48	 14	 79	  0	 20	  0	  0	  0	  0	  0	  0	  0	  0	  0	  0	  0	  5	21811	  0
04/11/2016	14:59:09	<-	L	00000000	 23	 89	 48	 15	  0	327	  0	  4	  4	  4	  4	  4	  4	  4	  4	  0	  0	  0	  0	  0	  0	  0	  0	  0	  0	  0	  0	  0	  0	  0	  0	  0	  0	  0	  0	  0	  0	  0	  0	 89	 48	 14	 79	  0	 20	  0	  0	  0	  0	  0	  0	  0	  0	  0	  0	  0	  5	21811	  0
04/11/2016	15:04:09	<-	L	00000000	 23	 86	 48	 17	  0	332	  0	  4	  4	  4	  4	  4	  4	  4	  4	  0	  0	  0	  0	  0	  0	  0	  0	  0	  0	  0	  0	  0	  0	  0	  0	  0	  0	  0	  0	  0	  0	  0	  0	 86	 48	 16	 78	  0	 21	  0	  0	  0	  0	  0	  0	  0	  0	  0	  0	  0	  5	21811	  0
04/11/2016	15:09:09	<-	L	00000000	 23	 89	 48	 15	  0	337	  0	  4	  4	  4	  4	  4	  4	  4	  4	  0	  0	  0	  0	  0	  0	  0	  0	  0	  0	  0	  0	  0	  0	  0	  0	  0	  0	  0	  0	  0	  0	  0	  0	 89	 48	 14	 78	  0	 21	  0	  0	  0	  0	  0	  0	  0	  0	  0	  0	  0	  5	21811	  0
04/11/2016	15:14:09	<-	L	00000000	 23	 89	 48	 15	  0	342	  0	  4	  4	  4	  4	  4	  4	  4	  4	  0	  0	  0	  0	  0	  0	  0	  0	  0	  0	  0	  0	  0	  0	  0	  0	  0	  0	  0	  0	  0	  0	  0	  0	 89	 48	 14	 79	  0	 20	  0	  0	  0	  0	  0	  0	  0	  0	  0	  0	  0	  5	21811	  0
04/11/2016	15:19:09	<-	L	00000000	 23	 87	 47	 16	  0	347	  0	  4	  4	  4	  4	  4	  4	  4	  4	  0	  0	  0	  0	  0	  0	  0	  0	  0	  0	  0	  0	  0	  0	  0	  0	  0	  0	  0	  0	  0	  0	  0	  0	 87	 47	 14	 78	  0	 20	  0	  0	  0	  0	  0	  0	  0	  0	  0	  0	  0	  5	21811	  0
04/11/2016	15:24:09	<-	L	00000000	 23	 85	 47	 16	  0	352	  0	  4	  4	  4	  4	  4	  4	  4	  4	  0	  0	  0	  0	  0	  0	  0	  0	  0	  0	  0	  0	  0	  0	  0	  0	  0	  0	  0	  0	  0	  0	  0	  0	 85	 47	 16	 78	  0	 20	  0	  0	  0	  0	  0	  0	  0	  0	  0	  0	  0	  5	21811	  0
04/11/2016	15:29:09	<-	L	00000000	 23	 87	 47	 15	  0	357	  0	  4	  4	  4	  4	  4	  4	  4	  4	  0	  0	  0	  0	  0	  0	  0	  0	  0	  0	  0	  0	  0	  0	  0	  0	  0	  0	  0	  0	  0	  0	  0	  0	 87	 47	 14	 79	  0	 19	  0	  0	  0	  0	  0	  0	  0	  0	  0	  0	  0	  5	21811	  0
04/11/2016	15:34:09	<-	L	00000000	 24	 88	 48	 14	  0	  1	  0	  4	  4	  4	  4	  4	  4	  4	  4	  0	  0	  0	  0	  0	  0	  0	  0	  0	  0	  0	  0	  0	  0	  0	  0	  0	  0	  0	  0	  0	  0	  0	  0	 88	 48	 15	 79	  0	 20	  0	  0	  0	  0	  0	  0	  0	  0	  0	  0	  0	  5	21810	  0
04/11/2016	15:39:09	<-	L	00000000	 24	 88	 47	 14	 47	  6	  0	  4	  4	  4	  4	  4	  4	  4	  4	  0	  0	  0	  0	  0	  0	  0	  0	  0	  0	  0	  0	  0	  0	  0	  0	  0	  0	  0	  0	  0	  0	  0	  0	 88	 47	 14	 79	  0	 19	  0	  0	  0	  0	  0	  0	  0	  0	  0	  0	  0	  5	21810	  0
04/11/2016	15:44:09	<-	L	00000000	 24	 90	 48	 14	  0	 11	  0	  4	  4	  4	  4	  4	  4	  4	  4	  0	  0	  0	  0	  0	  0	  0	  0	  0	  0	  0	  0	  0	  0	  0	  0	  0	  0	  0	  0	  0	  0	  0	  0	 90	 48	 14	 79	  0	 20	  0	  0	  0	  0	  0	  0	  0	  0	  0	  0	  0	  5	21810	  0
04/11/2016	15:49:10	<-	L	00000000	 24	 90	 48	 14	  0	 16	  0	  4	  4	  4	  4	  4	  4	  4	  4	  0	  0	  0	  0	  0	  0	  0	  0	  0	  0	  0	  0	  0	  0	  0	  0	  0	  0	  0	  0	  0	  0	  0	  0	 90	 48	 14	 80	  0	 20	  0	  0	  0	  0	  0	  0	  0	  0	  0	  0	  0	  5	21810	  0
04/11/2016	15:54:09	<-	L	00000000	 24	 91	 48	 13	  0	 21	  0	  4	  4	  4	  4	  4	  4	  4	  4	  0	  0	  0	  0	  0	  0	  0	  0	  0	  0	  0	  0	  0	  0	  0	  0	  0	  0	  0	  0	  0	  0	  0	  0	 91	 48	 13	 80	  0	 20	  0	  0	  0	  0	  0	  0	  0	  0	  0	  0	  0	  5	21810	  0
04/11/2016	15:59:11	<-	L	00000000	 24	 92	 48	 12	  0	 26	  0	  4	  4	  4	  4	  4	  4	  4	  4	  0	  0	  0	  0	  0	  0	  0	  0	  0	  0	  0	  0	  0	  0	  0	  0	  0	  0	  0	  0	  0	  0	  0	  0	 92	 48	 12	 80	  0	 20	  0	  0	  0	  0	  0	  0	  0	  0	  0	  0	  0	  5	21810	  0
04/11/2016	16:04:09	<-	L	00000000	 24	 92	 48	 13	  0	 31	  0	  4	  4	  4	  4	  4	  4	  4	  4	  0	  0	  0	  0	  0	  0	  0	  0	  0	  0	  0	  0	  0	  0	  0	  0	  0	  0	  0	  0	  0	  0	  0	  0	 92	 48	 12	 81	  0	 19	  0	  0	  0	  0	  0	  0	  0	  0	  0	  0	  0	  5	21810	  0
04/11/2016	16:09:09	<-	L	00000000	 24	 92	 48	 12	  0	 36	  0	  4	  4	  4	  4	  4	  4	  4	  4	  0	  0	  0	  0	  0	  0	  0	  0	  0	  0	  0	  0	  0	  0	  0	  0	  0	  0	  0	  0	  0	  0	  0	  0	 92	 48	 12	 80	  0	 20	  0	  0	  0	  0	  0	  0	  0	  0	  0	  0	  0	  5	21810	  0
04/11/2016	16:14:09	<-	L	00000000	 24	 90	 48	 13	  0	 41	  0	  4	  4	  4	  4	  4	  4	  4	  4	  0	  0	  0	  0	  0	  0	  0	  0	  0	  0	  0	  0	  0	  0	  0	  0	  0	  0	  0	  0	  0	  0	  0	  0	 90	 48	 14	 80	  0	 20	  0	  0	  0	  0	  0	  0	  0	  0	  0	  0	  0	  5	21810	  0
04/11/2016	16:19:09	<-	L	00000000	 24	 89	 47	 14	  0	 46	  0	  4	  4	  4	  4	  4	  4	  4	  4	  0	  0	  0	  0	  0	  0	  0	  0	  0	  0	  0	  0	  0	  0	  0	  0	  0	  0	  0	  0	  0	  0	  0	  0	 89	 47	 13	 80	  0	 19	  0	  0	  0	  0	  0	  0	  0	  0	  0	  0	  0	  5	21810	  0
04/11/2016	16:24:09	<-	L	00000000	 24	 90	 47	 13	 47	 51	  0	  4	  4	  4	  4	  4	  4	  4	  4	  0	  0	  0	  0	  0	  0	  0	  0	  0	  0	  0	  0	  0	  0	  0	  0	  0	  0	  0	  0	  0	  0	  0	  0	 90	 47	 13	 80	  0	 19	  0	  0	  0	  0	  0	  0	  0	  0	  0	  0	  0	  5	21810	  0
04/11/2016	16:29:09	<-	L	00000000	 24	 90	 48	 13	  0	 56	  0	  4	  4	  4	  4	  4	  4	  4	  4	  0	  0	  0	  0	  0	  0	  0	  0	  0	  0	  0	  0	  0	  0	  0	  0	  0	  0	  0	  0	  0	  0	  0	  0	 90	 48	 14	 80	  0	 20	  0	  0	  0	  0	  0	  0	  0	  0	  0	  0	  0	  5	21810	  0
04/11/2016	16:34:09	<-	L	00000000	 24	 87	 47	 15	  0	 61	  0	  4	  4	  4	  4	  4	  4	  4	  4	  0	  0	  0	  0	  0	  0	  0	  0	  0	  0	  0	  0	  0	  0	  0	  0	  0	  0	  0	  0	  0	  0	  0	  0	 87	 47	 14	 79	  0	 19	  0	  0	  0	  0	  0	  0	  0	  0	  0	  0	  0	  5	21810	  0
04/11/2016	16:39:10	<-	L	00000000	 24	 86	 47	 16	  0	 66	  0	  4	  4	  4	  4	  4	  4	  4	  4	  0	  0	  0	  0	  0	  0	  0	  0	  0	  0	  0	  0	  0	  0	  0	  0	  0	  0	  0	  0	  0	  0	  0	  0	 86	 47	 15	 78	  0	 20	  0	  0	  0	  0	  0	  0	  0	  0	  0	  0	  0	  5	21810	  0
04/11/2016	16:44:10	->	L	00000000	 24	 85	 48	 17	  0	 71	  0	  4	  4	  4	  4	  4	  4	  4	  4	  0	  0	  0	  0	  0	  0	  0	  0	  0	  0	  0	  0	  0	  0	  0	  0	  0	  0	  0	  0	  0	  0	  0	  0	 85	 48	 17	 79	  0	 20	  0	  0	  0	  0	  0	  0	  0	  0	  0	  0	  0	  5	21810	  0
04/11/2016	16:49:10	->	L	00000000	 24	 86	 48	 16	  0	 76	  0	  4	  4	  4	  4	  4	  4	  4	  4	  0	  0	  0	  0	  0	  0	  0	  0	  0	  0	  0	  0	  0	  0	  0	  0	  0	  0	  0	  0	  0	  0	  0	  0	 86	 48	 16	 86	  0	 16	  0	  0	  0	  0	  0	  0	  0	  0	  0	  0	  0	  5	21810	  0
04/11/2016	16:54:10	->	L	00000000	 24	 86	 47	 16	  0	 81	  0	  4	  4	  4	  4	  4	  4	  4	  4	  0	  0	  0	  0	  0	  0	  0	  0	  0	  0	  0	  0	  0	  0	  0	  0	  0	  0	  0	  0	  0	  0	  0	  0	 85	 47	 16	 86	  0	 15	  0	  0	  0	  0	  0	  0	  0	  0	  0	  0	  0	  5	21810	  0
04/11/2016	16:59:10	->	L	00000000	 24	 85	 48	 15	  0	 86	  0	  4	  4	  4	  4	  4	  4	  4	  4	  0	  0	  0	  0	  0	  0	  0	  0	  0	  0	  0	  0	  0	  0	  0	  0	  0	  0	  0	  0	  0	  0	  0	  0	 85	 48	 17	 85	  0	 17	  0	  0	  0	  0	  0	  0	  0	  0	  0	  0	  0	  5	21810	  0
04/11/2016	17:04:10	->	L	00000000	 24	 86	 48	 15	  0	 91	  0	  4	  4	  4	  4	  4	  4	  4	  4	  0	  0	  0	  0	  0	  0	  0	  0	  0	  0	  0	  0	  0	  0	  0	  0	  0	  0	  0	  0	  0	  0	  0	  0	 86	 48	 16	 85	  0	 17	  0	  0	  0	  0	  0	  0	  0	  0	  0	  0	  0	  5	21810	  0
04/11/2016	17:09:10	->	L	00000000	 24	 85	 47	 15	  0	 96	  0	  4	  4	  4	  4	  4	  4	  4	  4	  0	  0	  0	  0	  0	  0	  0	  0	  0	  0	  0	  0	  0	  0	  0	  0	  0	  0	  0	  0	  0	  0	  0	  0	 85	 47	 16	 84	  0	 16	  0	  0	  0	  0	  0	  0	  0	  0	  0	  0	  0	  5	21810	  0
04/11/2016	17:14:10	->	L	00000000	 24	 85	 47	 16	  0	101	  0	  4	  4	  4	  4	  4	  4	  4	  4	  0	  0	  0	  0	  0	  0	  0	  0	  0	  0	  0	  0	  0	  0	  0	  0	  0	  0	  0	  0	  0	  0	  0	  0	 85	 47	 16	 85	  0	 16	  0	  0	  0	  0	  0	  0	  0	  0	  0	  0	  0	  5	21810	  0
04/11/2016	17:19:10	->	L	00000000	 24	 85	 47	 16	  0	106	  0	  4	  4	  4	  4	  4	  4	  4	  4	  0	  0	  0	  0	  0	  0	  0	  0	  0	  0	  0	  0	  0	  0	  0	  0	  0	  0	  0	  0	  0	  0	  0	  0	 85	 47	 16	 85	  0	 16	  0	  0	  0	  0	  0	  0	  0	  0	  0	  0	  0	  5	21810	  0
04/11/2016	17:24:10	->	L	00000000	 24	 84	 47	 16	  0	111	  0	  4	  4	  4	  4	  4	  4	  4	  4	  0	  0	  0	  0	  0	  0	  0	  0	  0	  0	  0	  0	  0	  0	  0	  0	  0	  0	  0	  0	  0	  0	  0	  0	 84	 47	 16	 84	  0	 16	  0	  0	  0	  0	  0	  0	  0	  0	  0	  0	  0	  5	21807	  0
04/11/2016	17:29:10	->	L	00000000	 24	 88	 47	 14	  0	116	  0	  4	  4	  4	  4	  4	  4	  4	  4	  0	  0	  0	  0	  0	  0	  0	  0	  0	  0	  0	  0	  0	  0	  0	  0	  0	  0	  0	  0	  0	  0	  0	  0	 86	 47	 15	 88	  0	 14	  0	  0	  0	  0	  0	  0	  0	  0	  0	  0	  0	  5	21807	  0
04/11/2016	17:34:10	->	L	00000000	 24	 90	 47	 13	  0	121	  0	  4	  4	  4	  4	  4	  4	  4	  4	  0	  0	  0	  0	  0	  0	  0	  0	  0	  0	  0	  0	  0	  0	  0	  0	  0	  0	  0	  0	  0	  0	  0	  0	 87	 47	 14	 90	  0	 13	  0	  0	  0	  0	  0	  0	  0	  0	  0	  0	  0	  5	21807	  0
04/11/2016	17:39:10	->	L	00000000	 24	 89	 47	 13	  0	126	  0	  4	  4	  4	  4	  4	  4	  4	  4	  0	  0	  0	  0	  0	  0	  0	  0	  0	  0	  0	  0	  0	  0	  0	  0	  0	  0	  0	  0	  0	  0	  0	  0	 87	 47	 14	 89	  0	 13	  0	  0	  0	  0	  0	  0	  0	  0	  0	  0	  0	  5	21807	  0
04/11/2016	17:44:10	->	L	00000000	 24	 87	 47	 13	  0	131	  0	  4	  4	  4	  4	  4	  4	  4	  4	  0	  0	  0	  0	  0	  0	  0	  0	  0	  0	  0	  0	  0	  0	  0	  0	  0	  0	  0	  0	  0	  0	  0	  0	 86	 47	 15	 87	  0	 14	  0	  0	  0	  0	  0	  0	  0	  0	  0	  0	  0	  5	21807	  0
04/11/2016	17:49:10	->	L	00000000	 24	 85	 47	 16	  0	136	  0	  4	  4	  4	  4	  4	  4	  4	  4	  0	  0	  0	  0	  0	  0	  0	  0	  0	  0	  0	  0	  0	  0	  0	  0	  0	  0	  0	  0	  0	  0	  0	  0	 85	 47	 16	 85	  0	 16	  0	  0	  0	  0	  0	  0	  0	  0	  0	  0	  0	  5	21807	  0
04/11/2016	18:19:10	  	L	00000000	 50	 64	 35	 15	  0	  3	  0	  4	  4	  4	  4	  4	  4	  4	  4	  0	  0	  0	  0	  0	  0	  0	  0	  0	  0	  0	  0	  0	  0	  0	  0	  0	  0	  0	  0	  0	  0	  0	  0	 62	 35	 17	 64	  0	 15	  0	  0	  0	  0	  0	  0	  0	  0	  0	  0	  0	  5	16166	  0
04/11/2016	18:24:10	->	L	00000000	 50	 71	 38	 14	  0	  8	  0	  4	  4	  4	  4	  4	  4	  4	  4	  0	  0	  0	  0	  0	  0	  0	  0	  0	  0	  0	  0	  0	  0	  0	  0	  0	  0	  0	  0	  0	  0	  0	  0	 71	 38	 14	 70	  0	 15	  0	  0	  0	  0	  0	  0	  0	  0	  0	  0	  0	  5	15909	  0
04/11/2016	18:29:10	->	L	00000000	 50	 70	 37	 14	  0	 13	  0	  4	  4	  4	  4	  4	  4	  4	  4	  0	  0	  0	  0	  0	  0	  0	  0	  0	  0	  0	  0	  0	  0	  0	  0	  0	  0	  0	  0	  0	  0	  0	  0	 70	 37	 14	 69	  0	 14	  0	  0	  0	  0	  0	  0	  0	  0	  0	  0	  0	  5	15652	  0
04/11/2016	18:34:10	->	L	00000000	 50	 69	 37	 14	  0	 18	  0	  4	  4	  4	  4	  4	  4	  4	  4	  0	  0	  0	  0	  0	  0	  0	  0	  0	  0	  0	  0	  0	  0	  0	  0	  0	  0	  0	  0	  0	  0	  0	  0	 69	 37	 14	 68	  0	 15	  0	  0	  0	  0	  0	  0	  0	  0	  0	  0	  0	  5	15395	  0
04/11/2016	18:39:10	->	L	00000000	 50	 68	 36	 14	  0	 23	  0	  4	  4	  4	  4	  4	  4	  4	  4	  0	  0	  0	  0	  0	  0	  0	  0	  0	  0	  0	  0	  0	  0	  0	  0	  0	  0	  0	  0	  0	  0	  0	  0	 68	 36	 14	 67	  0	 14	  0	  0	  0	  0	  0	  0	  0	  0	  0	  0	  0	  5	15138	  0
04/11/2016	18:44:10	->	L	00000000	 50	 67	 36	 14	  0	 28	  0	  4	  4	  4	  4	  4	  4	  4	  4	  0	  0	  0	  0	  0	  0	  0	  0	  0	  0	  0	  0	  0	  0	  0	  0	  0	  0	  0	  0	  0	  0	  0	  0	 67	 36	 14	 66	  0	 14	  0	  0	  0	  0	  0	  0	  0	  0	  0	  0	  0	  5	14624	  0
04/11/2016	18:49:10	->	L	00000000	 50	 66	 35	 13	  0	 33	  0	  4	  4	  4	  4	  4	  4	  4	  4	  0	  0	  0	  0	  0	  0	  0	  0	  0	  0	  0	  0	  0	  0	  0	  0	  0	  0	  0	  0	  0	  0	  0	  0	 66	 35	 13	 65	  0	 14	  0	  0	  0	  0	  0	  0	  0	  0	  0	  0	  0	  5	14367	  0
04/11/2016	18:54:10	->	L	00000000	 50	 65	 35	 14	  0	 38	  0	  4	  4	  4	  4	  4	  4	  4	  4	  0	  0	  0	  0	  0	  0	  0	  0	  0	  0	  0	  0	  0	  0	  0	  0	  0	  0	  0	  0	  0	  0	  0	  0	 65	 35	 14	 64	  0	 15	  0	  0	  0	  0	  0	  0	  0	  0	  0	  0	  0	  5	14110	  0
04/11/2016	18:59:10	->	L	00000000	 50	 64	 34	 13	  0	 43	  0	  4	  4	  4	  4	  4	  4	  4	  4	  0	  0	  0	  0	  0	  0	  0	  0	  0	  0	  0	  0	  0	  0	  0	  0	  0	  0	  0	  0	  0	  0	  0	  0	 64	 34	 13	 64	  0	 13	  0	  0	  0	  0	  0	  0	  0	  0	  0	  0	  0	  5	13853	  0
04/11/2016	19:04:10	->	L	00000000	 50	 64	 34	 14	  0	 48	  0	  4	  4	  4	  4	  4	  4	  4	  4	  0	  0	  0	  0	  0	  0	  0	  0	  0	  0	  0	  0	  0	  0	  0	  0	  0	  0	  0	  0	  0	  0	  0	  0	 64	 34	 13	 63	  0	 14	  0	  0	  0	  0	  0	  0	  0	  0	  0	  0	  0	  5	13596	  0
04/11/2016	19:09:10	->	L	00000000	 50	 63	 34	 14	  0	 53	  0	  4	  4	  4	  4	  4	  4	  4	  4	  0	  0	  0	  0	  0	  0	  0	  0	  0	  0	  0	  0	  0	  0	  0	  0	  0	  0	  0	  0	  0	  0	  0	  0	 63	 34	 14	 62	  0	 15	  0	  0	  0	  0	  0	  0	  0	  0	  0	  0	  0	  5	13339	  0
04/11/2016	19:14:10	->	L	00000000	 50	 62	 33	 14	  0	 58	  0	  4	  4	  4	  4	  4	  4	  4	  4	  0	  0	  0	  0	  0	  0	  0	  0	  0	  0	  0	  0	  0	  0	  0	  0	  0	  0	  0	  0	  0	  0	  0	  0	 62	 33	 14	 62	  0	 14	  0	  0	  0	  0	  0	  0	  0	  0	  0	  0	  0	  5	13082	  0
04/11/2016	19:19:10	  	L	00000000	 60	 62	 34	 15	  0	  0	  0	  4	  4	  4	  4	  4	  4	  4	  4	  0	  0	  0	  0	  0	  0	  0	  0	  0	  0	  0	  0	  0	  0	  0	  0	  0	  0	  0	  0	  0	  0	  0	  0	 62	 34	 15	 61	  0	 16	  0	  0	  0	  0	  0	  0	  0	  0	  0	  0	  0	  5	12825	  0
