25/11/2016	17:09:02	  	L	00000000	 10	 17	 13	 75	  0	  1	  0	  5	  5	  5	  5	  5	  5	  5	  5	  0	  0	  0	  0	  0	  0	  0	  0	  0	  0	  0	  0	  0	  0	  0	  0	  0	  0	  0	  0	  0	  0	  0	  0	 17	 13	 75	 16	  0	 81	  0	  0	  0	  0	  0	  0	  0	  0	  0	  0	  0	  5	4359	  1
25/11/2016	17:14:02	<-	L	00000000	 10	 18	 14	 81	  0	  6	  0	  5	  5	  5	  5	  5	  5	  5	  5	  0	  0	  0	  0	  0	  0	  0	  0	  0	  0	  0	  0	  0	  0	  0	  0	  0	  0	  0	  0	  0	  0	  0	  0	 18	 14	 75	 17	  0	 81	  0	  0	  0	  0	  0	  0	  0	  0	  0	  0	  0	  5	4616	  1
25/11/2016	17:19:02	<-	L	00000000	 10	 19	 15	 75	  0	 11	  0	  4	  4	  4	  4	  4	  5	  4	  4	  0	  0	  0	  0	  0	  0	  0	  0	  0	  0	  0	  0	  0	  0	  0	  0	  0	  0	  0	  0	  0	  0	  0	  0	 19	 15	 75	 18	  0	 81	  0	  0	  0	  0	  0	  0	  0	  0	  0	  0	  0	  5	4616	  1
25/11/2016	17:24:02	<-	L	00000000	 10	 21	 16	 73	  0	 16	  0	  4	  4	  4	  4	  4	  4	  4	  4	  0	  0	  0	  0	  0	  0	  0	  0	  0	  0	  0	  0	  0	  0	  0	  0	  0	  0	  0	  0	  0	  0	  0	  0	 21	 16	 73	 20	  0	 76	  0	  0	  0	  0	  0	  0	  0	  0	  0	  0	  0	  5	4873	  1
25/11/2016	17:29:02	<-	L	00000000	 10	 20	 16	 76	  0	 21	  0	  5	  4	  4	  4	  4	  4	  4	  4	  0	  0	  0	  0	  0	  0	  0	  0	  0	  0	  0	  0	  0	  0	  0	  0	  0	  0	  0	  0	  0	  0	  0	  0	 20	 16	 76	 18	  0	 88	  0	  0	  0	  0	  0	  0	  0	  0	  0	  0	  0	  5	5130	  1
25/11/2016	17:34:03	<-	L	00000000	 10	 24	 18	 65	  0	 26	  0	  4	  4	  4	  4	  4	  4	  4	  4	  0	  0	  0	  0	  0	  0	  0	  0	  0	  0	  0	  0	  0	  0	  0	  0	  0	  0	  0	  0	  0	  0	  0	  0	 24	 18	 65	 21	  0	 82	  0	  0	  0	  0	  0	  0	  0	  0	  0	  0	  0	  5	5387	  1
25/11/2016	17:39:03	<-	L	00000000	 10	 26	 18	 56	  0	 31	  0	  4	  4	  4	  4	  4	  4	  4	  4	  0	  0	  0	  0	  0	  0	  0	  0	  0	  0	  0	  0	  0	  0	  0	  0	  0	  0	  0	  0	  0	  0	  0	  0	 26	 18	 56	 22	  0	 76	  0	  0	  0	  0	  0	  0	  0	  0	  0	  0	  0	  5	5644	  1
25/11/2016	17:44:02	<-	L	00000000	 10	 28	 19	 56	  0	 36	  0	  4	  4	  4	  4	  4	  4	  4	  4	  0	  0	  0	  0	  0	  0	  0	  0	  0	  0	  0	  0	  0	  0	  0	  0	  0	  0	  0	  0	  0	  0	  0	  0	 28	 19	 52	 22	  0	 82	  0	  0	  0	  0	  0	  0	  0	  0	  0	  0	  0	  5	5901	  1
25/11/2016	17:49:02	<-	L	00000000	 10	 28	 20	 56	  0	 41	  0	  4	  4	  4	  4	  4	  4	  4	  4	  0	  0	  0	  0	  0	  0	  0	  0	  0	  0	  0	  0	  0	  0	  0	  0	  0	  0	  0	  0	  0	  0	  0	  0	 28	 20	 56	 23	  0	 82	  0	  0	  0	  0	  0	  0	  0	  0	  0	  0	  0	  5	6158	  1
25/11/2016	17:54:02	<-	L	00000000	 10	 24	 19	 73	  0	 46	  0	  4	  4	  4	  4	  4	  4	  4	  4	  0	  0	  0	  0	  0	  0	  0	  0	  0	  0	  0	  0	  0	  0	  0	  0	  0	  0	  0	  0	  0	  0	  0	  0	 24	 19	 73	 22	  0	 82	  0	  0	  0	  0	  0	  0	  0	  0	  0	  0	  0	  5	6415	  1
25/11/2016	17:59:02	<-	L	00000000	 10	 25	 20	 73	  0	 51	  0	  4	  4	  4	  4	  4	  4	  4	  4	  0	  0	  0	  0	  0	  0	  0	  0	  0	  0	  0	  0	  0	  0	  0	  0	  0	  0	  0	  0	  0	  0	  0	  0	 25	 20	 73	 23	  0	 82	  0	  0	  0	  0	  0	  0	  0	  0	  0	  0	  0	  5	6415	  1
25/11/2016	18:04:02	<-	L	00000000	 10	 27	 21	 66	  0	 56	  0	  4	  4	  4	  4	  4	  4	  4	  4	  0	  0	  0	  0	  0	  0	  0	  0	  0	  0	  0	  0	  0	  0	  0	  0	  0	  0	  0	  0	  0	  0	  0	  0	 27	 21	 66	 24	  0	 82	  0	  0	  0	  0	  0	  0	  0	  0	  0	  0	  0	  5	6672	  1
25/11/2016	18:09:03	<-	L	00000000	 10	 31	 22	 53	  0	 61	  0	  4	  4	  4	  4	  4	  4	  4	  4	  0	  0	  0	  0	  0	  0	  0	  0	  0	  0	  0	  0	  0	  0	  0	  0	  0	  0	  0	  0	  0	  0	  0	  0	 31	 22	 53	 26	  0	 76	  0	  0	  0	  0	  0	  0	  0	  0	  0	  0	  0	  5	7186	  1
25/11/2016	18:14:03	<-	L	00000000	 10	 30	 22	 57	  0	 66	  0	  4	  4	  4	  4	  4	  4	  4	  4	  0	  0	  0	  0	  0	  0	  0	  0	  0	  0	  0	  0	  0	  0	  0	  0	  0	  0	  0	  0	  0	  0	  0	  0	 30	 22	 57	 26	  0	 76	  0	  0	  0	  0	  0	  0	  0	  0	  0	  0	  0	  5	7443	  1
25/11/2016	18:19:02	<-	L	00000000	 10	 33	 24	 53	  0	 71	  0	  4	  4	  4	  4	  4	  4	  4	  4	  0	  0	  0	  0	  0	  0	  0	  0	  0	  0	  0	  0	  0	  0	  0	  0	  0	  0	  0	  0	  0	  0	  0	  0	 33	 24	 54	 28	  0	 77	  0	  0	  0	  0	  0	  0	  0	  0	  0	  0	  0	  5	8471	  1
25/11/2016	18:24:02	<-	L	00000000	 10	 37	 25	 39	  0	 76	  0	  4	  4	  4	  4	  4	  4	  4	  4	  0	  0	  0	  0	  0	  0	  0	  0	  0	  0	  0	  0	  0	  0	  0	  0	  0	  0	  0	  0	  0	  0	  0	  0	 37	 25	 44	 30	  0	 74	  0	  0	  0	  0	  0	  0	  0	  0	  0	  0	  0	  5	8728	  1
25/11/2016	18:29:02	<-	L	00000000	 10	 35	 25	 46	  0	 81	  0	  4	  4	  4	  4	  4	  4	  4	  4	  0	  0	  0	  0	  0	  0	  0	  0	  0	  0	  0	  0	  0	  0	  0	  0	  0	  0	  0	  0	  0	  0	  0	  0	 35	 25	 50	 30	  0	 74	  0	  0	  0	  0	  0	  0	  0	  0	  0	  0	  0	  5	8985	  1
25/11/2016	18:34:02	<-	L	00000000	 10	 34	 25	 54	  0	 86	  0	  4	  4	  4	  4	  4	  4	  4	  4	  0	  0	  0	  0	  0	  0	  0	  0	  0	  0	  0	  0	  0	  0	  0	  0	  0	  0	  0	  0	  0	  0	  0	  0	 34	 25	 54	 30	  0	 74	  0	  0	  0	  0	  0	  0	  0	  0	  0	  0	  0	  5	9499	  1
25/11/2016	18:39:02	<-	L	00000000	 10	 38	 27	 51	  0	 91	  0	  4	  4	  4	  4	  4	  4	  4	  4	  0	  0	  0	  0	  0	  0	  0	  0	  0	  0	  0	  0	  0	  0	  0	  0	  0	  0	  0	  0	  0	  0	  0	  0	 38	 27	 47	 26	  0	100	  0	  0	  0	  0	  0	  0	  0	  0	  0	  0	  0	  5	9756	  1
25/11/2016	18:44:02	<-	L	00000000	 10	 41	 28	 40	  0	 96	  0	  4	  4	  4	  4	  4	  4	  4	  4	  0	  0	  0	  0	  0	  0	  0	  0	  0	  0	  0	  0	  0	  0	  0	  0	  0	  0	  0	  0	  0	  0	  0	  0	 41	 28	 40	 26	  0	100	  0	  0	  0	  0	  0	  0	  0	  0	  0	  0	  0	  5	8471	  1
25/11/2016	18:49:02	<-	L	00000000	 10	 36	 27	 51	  0	101	  0	  4	  4	  4	  4	  4	  4	  4	  4	  0	  0	  0	  0	  0	  0	  0	  0	  0	  0	  0	  0	  0	  0	  0	  0	  0	  0	  0	  0	  0	  0	  0	  0	 36	 27	 55	 25	  0	100	  0	  0	  0	  0	  0	  0	  0	  0	  0	  0	  0	  5	8728	  1
25/11/2016	18:54:02	<-	L	00000000	 10	 35	 27	 55	  0	106	  0	  4	  4	  4	  4	  4	  4	  4	  4	  0	  0	  0	  0	  0	  0	  0	  0	  0	  0	  0	  0	  0	  0	  0	  0	  0	  0	  0	  0	  0	  0	  0	  0	 35	 27	 58	 25	  0	100	  0	  0	  0	  0	  0	  0	  0	  0	  0	  0	  0	  5	8985	  1
25/11/2016	18:59:02	<-	L	00000000	 10	 34	 27	 62	  0	111	  0	  4	  4	  4	  4	  4	  4	  4	  4	  0	  0	  0	  0	  0	  0	  0	  0	  0	  0	  0	  0	  0	  0	  0	  0	  0	  0	  0	  0	  0	  0	  0	  0	 34	 27	 62	 27	  0	100	  0	  0	  0	  0	  0	  0	  0	  0	  0	  0	  0	  5	9242	  1
25/11/2016	19:04:02	<-	L	00000000	 10	 37	 28	 58	  0	116	  0	  4	  4	  4	  4	  4	  4	  4	  4	  0	  0	  0	  0	  0	  0	  0	  0	  0	  0	  0	  0	  0	  0	  0	  0	  0	  0	  0	  0	  0	  0	  0	  0	 37	 28	 55	 31	  0	 83	  0	  0	  0	  0	  0	  0	  0	  0	  0	  0	  0	  5	9499	  1
25/11/2016	19:09:02	<-	L	00000000	 10	 40	 29	 51	  0	121	  0	  4	  4	  4	  4	  4	  4	  4	  4	  0	  0	  0	  0	  0	  0	  0	  0	  0	  0	  0	  0	  0	  0	  0	  0	  0	  0	  0	  0	  0	  0	  0	  0	 40	 29	 48	 33	  0	 77	  0	  0	  0	  0	  0	  0	  0	  0	  0	  0	  0	  5	9756	  1
25/11/2016	19:14:02	<-	L	00000000	 10	 41	 29	 45	  0	126	  0	  4	  4	  4	  4	  4	  4	  4	  4	  0	  0	  0	  0	  0	  0	  0	  0	  0	  0	  0	  0	  0	  0	  0	  0	  0	  0	  0	  0	  0	  0	  0	  0	 41	 29	 45	 34	  0	 75	  0	  0	  0	  0	  0	  0	  0	  0	  0	  0	  0	  5	10013	  1
25/11/2016	19:19:02	<-	L	00000000	 10	 38	 29	 55	  0	131	  0	  4	  4	  4	  4	  4	  4	  4	  4	  0	  0	  0	  0	  0	  0	  0	  0	  0	  0	  0	  0	  0	  0	  0	  0	  0	  0	  0	  0	  0	  0	  0	  0	 38	 29	 55	 33	  0	 77	  0	  0	  0	  0	  0	  0	  0	  0	  0	  0	  0	  5	10013	  1
25/11/2016	19:24:03	<-	L	00000000	 10	 37	 30	 59	  0	136	  0	  4	  4	  4	  4	  4	  4	  4	  4	  0	  0	  0	  0	  0	  0	  0	  0	  0	  0	  0	  0	  0	  0	  0	  0	  0	  0	  0	  0	  0	  0	  0	  0	 37	 30	 63	 33	  0	 83	  0	  0	  0	  0	  0	  0	  0	  0	  0	  0	  0	  5	10270	  1
25/11/2016	19:29:03	<-	L	00000000	 10	 38	 30	 59	  0	141	  0	  4	  4	  4	  4	  4	  4	  4	  4	  0	  0	  0	  0	  0	  0	  0	  0	  0	  0	  0	  0	  0	  0	  0	  0	  0	  0	  0	  0	  0	  0	  0	  0	 38	 30	 59	 34	  0	 77	  0	  0	  0	  0	  0	  0	  0	  0	  0	  0	  0	  5	10527	  1
25/11/2016	19:34:03	<-	L	00000000	 10	 39	 31	 59	  0	146	  0	  4	  4	  4	  4	  4	  4	  4	  4	  0	  0	  0	  0	  0	  0	  0	  0	  0	  0	  0	  0	  0	  0	  0	  0	  0	  0	  0	  0	  0	  0	  0	  0	 39	 31	 59	 35	  0	 78	  0	  0	  0	  0	  0	  0	  0	  0	  0	  0	  0	  5	10784	  1
25/11/2016	19:39:03	<-	L	00000000	 10	 42	 32	 52	  0	151	  0	  4	  4	  4	  4	  4	  4	  4	  4	  0	  0	  0	  0	  0	  0	  0	  0	  0	  0	  0	  0	  0	  0	  0	  0	  0	  0	  0	  0	  0	  0	  0	  0	 42	 32	 52	 36	  0	 78	  0	  0	  0	  0	  0	  0	  0	  0	  0	  0	  0	  5	11041	  1
25/11/2016	19:44:03	<-	L	00000000	 10	 43	 32	 52	  0	156	  0	  4	  4	  4	  4	  4	  4	  4	  4	  0	  0	  0	  0	  0	  0	  0	  0	  0	  0	  0	  0	  0	  0	  0	  0	  0	  0	  0	  0	  0	  0	  0	  0	 43	 32	 49	 36	  0	 78	  0	  0	  0	  0	  0	  0	  0	  0	  0	  0	  0	  5	11298	  1
25/11/2016	19:49:03	<-	L	00000000	 10	 45	 33	 49	  0	161	  0	  4	  4	  4	  4	  4	  4	  4	  4	  0	  0	  0	  0	  0	  0	  0	  0	  0	  0	  0	  0	  0	  0	  0	  0	  0	  0	  0	  0	  0	  0	  0	  0	 45	 33	 46	 37	  0	 78	  0	  0	  0	  0	  0	  0	  0	  0	  0	  0	  0	  5	11555	  1
25/11/2016	19:54:03	<-	L	00000000	 10	 45	 34	 49	  0	166	  0	  4	  4	  4	  4	  4	  4	  4	  4	  0	  0	  0	  0	  0	  0	  0	  0	  0	  0	  0	  0	  0	  0	  0	  0	  0	  0	  0	  0	  0	  0	  0	  0	 45	 34	 49	 38	  0	 78	  0	  0	  0	  0	  0	  0	  0	  0	  0	  0	  0	  5	11812	  1
25/11/2016	19:59:03	<-	L	00000000	 10	 45	 34	 49	  0	171	  0	  4	  4	  4	  4	  4	  4	  4	  4	  0	  0	  0	  0	  0	  0	  0	  0	  0	  0	  0	  0	  0	  0	  0	  0	  0	  0	  0	  0	  0	  0	  0	  0	 45	 34	 49	 39	  0	 75	  0	  0	  0	  0	  0	  0	  0	  0	  0	  0	  0	  5	11812	  1
25/11/2016	20:04:03	<-	L	00000000	 10	 48	 35	 47	  0	176	  0	  4	  4	  4	  4	  4	  4	  4	  4	  0	  0	  0	  0	  0	  0	  0	  0	  0	  0	  0	  0	  0	  0	  0	  0	  0	  0	  0	  0	  0	  0	  0	  0	 48	 35	 43	 39	  0	 78	  0	  0	  0	  0	  0	  0	  0	  0	  0	  0	  0	  5	12069	  1
25/11/2016	20:09:03	<-	L	00000000	 10	 48	 35	 43	  0	181	  0	  4	  4	  4	  4	  4	  4	  4	  4	  0	  0	  0	  0	  0	  0	  0	  0	  0	  0	  0	  0	  0	  0	  0	  0	  0	  0	  0	  0	  0	  0	  0	  0	 48	 35	 43	 40	  0	 75	  0	  0	  0	  0	  0	  0	  0	  0	  0	  0	  0	  5	12326	  1
25/11/2016	20:14:03	<-	L	00000000	 10	 46	 35	 49	  0	186	  0	  4	  4	  4	  4	  4	  4	  4	  4	  0	  0	  0	  0	  0	  0	  0	  0	  0	  0	  0	  0	  0	  0	  0	  0	  0	  0	  0	  0	  0	  0	  0	  0	 46	 35	 49	 40	  0	 75	  0	  0	  0	  0	  0	  0	  0	  0	  0	  0	  0	  5	12583	  1
25/11/2016	20:19:03	<-	L	00000000	 10	 51	 37	 41	  0	191	  0	  4	  4	  4	  4	  4	  4	  4	  4	  0	  0	  0	  0	  0	  0	  0	  0	  0	  0	  0	  0	  0	  0	  0	  0	  0	  0	  0	  0	  0	  0	  0	  0	 51	 37	 41	 42	  0	 76	  0	  0	  0	  0	  0	  0	  0	  0	  0	  0	  0	  5	12840	  1
25/11/2016	20:24:03	<-	L	00000000	 10	 50	 37	 47	  0	196	  0	  4	  4	  4	  4	  4	  4	  4	  4	  0	  0	  0	  0	  0	  0	  0	  0	  0	  0	  0	  0	  0	  0	  0	  0	  0	  0	  0	  0	  0	  0	  0	  0	 50	 37	 44	 42	  0	 76	  0	  0	  0	  0	  0	  0	  0	  0	  0	  0	  0	  5	13097	  1
25/11/2016	20:29:03	<-	L	00000000	 10	 53	 38	 40	  0	201	  0	  4	  4	  4	  4	  4	  4	  4	  4	  0	  0	  0	  0	  0	  0	  0	  0	  0	  0	  0	  0	  0	  0	  0	  0	  0	  0	  0	  0	  0	  0	  0	  0	 53	 38	 40	 43	  0	 76	  0	  0	  0	  0	  0	  0	  0	  0	  0	  0	  0	  5	13354	  1
25/11/2016	20:34:03	<-	L	00000000	 10	 51	 38	 48	  0	206	  0	  4	  4	  4	  4	  4	  4	  4	  4	  0	  0	  0	  0	  0	  0	  0	  0	  0	  0	  0	  0	  0	  0	  0	  0	  0	  0	  0	  0	  0	  0	  0	  0	 51	 38	 44	 43	  0	 76	  0	  0	  0	  0	  0	  0	  0	  0	  0	  0	  0	  5	13611	  1
25/11/2016	20:39:03	<-	L	00000000	 10	 55	 39	 37	  0	211	  0	  4	  4	  4	  4	  4	  4	  4	  4	  0	  0	  0	  0	  0	  0	  0	  0	  0	  0	  0	  0	  0	  0	  0	  0	  0	  0	  0	  0	  0	  0	  0	  0	 55	 39	 37	 45	  0	 69	  0	  0	  0	  0	  0	  0	  0	  0	  0	  0	  0	  5	13611	  1
25/11/2016	20:44:03	<-	L	00000000	 10	 52	 39	 44	  0	216	  0	  4	  4	  4	  4	  4	  4	  4	  4	  0	  0	  0	  0	  0	  0	  0	  0	  0	  0	  0	  0	  0	  0	  0	  0	  0	  0	  0	  0	  0	  0	  0	  0	 52	 39	 44	 44	  0	 76	  0	  0	  0	  0	  0	  0	  0	  0	  0	  0	  0	  5	13868	  1
25/11/2016	20:49:03	<-	L	00000000	 10	 56	 40	 34	  0	221	  0	  4	  4	  4	  4	  4	  4	  4	  4	  0	  0	  0	  0	  0	  0	  0	  0	  0	  0	  0	  0	  0	  0	  0	  0	  0	  0	  0	  0	  0	  0	  0	  0	 56	 40	 37	 46	  0	 69	  0	  0	  0	  0	  0	  0	  0	  0	  0	  0	  0	  5	14125	  1
25/11/2016	20:54:03	<-	L	00000000	 10	 54	 40	 42	  0	226	  0	  4	  4	  4	  4	  4	  4	  4	  4	  0	  0	  0	  0	  0	  0	  0	  0	  0	  0	  0	  0	  0	  0	  0	  0	  0	  0	  0	  0	  0	  0	  0	  0	 54	 40	 42	 46	  0	 69	  0	  0	  0	  0	  0	  0	  0	  0	  0	  0	  0	  5	14382	  1
25/11/2016	20:59:03	<-	L	00000000	 10	 59	 41	 33	  0	231	  0	  4	  4	  4	  4	  4	  4	  4	  4	  0	  0	  0	  0	  0	  0	  0	  0	  0	  0	  0	  0	  0	  0	  0	  0	  0	  0	  0	  0	  0	  0	  0	  0	 59	 41	 33	 48	  0	 66	  0	  0	  0	  0	  0	  0	  0	  0	  0	  0	  0	  5	14639	  1
25/11/2016	21:04:03	<-	L	00000000	 10	 55	 41	 43	  0	236	  0	  4	  4	  4	  4	  4	  4	  4	  4	  0	  0	  0	  0	  0	  0	  0	  0	  0	  0	  0	  0	  0	  0	  0	  0	  0	  0	  0	  0	  0	  0	  0	  0	 55	 41	 43	 47	  0	 70	  0	  0	  0	  0	  0	  0	  0	  0	  0	  0	  0	  5	14896	  1
25/11/2016	21:09:03	<-	L	00000000	 10	 61	 42	 34	  0	241	  0	  4	  4	  4	  4	  4	  4	  4	  4	  0	  0	  0	  0	  0	  0	  0	  0	  0	  0	  0	  0	  0	  0	  0	  0	  0	  0	  0	  0	  0	  0	  0	  0	 61	 42	 31	 49	  0	 66	  0	  0	  0	  0	  0	  0	  0	  0	  0	  0	  0	  5	15153	  1
25/11/2016	21:14:03	->	L	00000000	 10	 51	 40	 51	  0	246	  0	  4	  4	  4	  4	  4	  4	  4	  4	  0	  0	  0	  0	  0	  0	  0	  0	  0	  0	  0	  0	  0	  0	  0	  0	  0	  0	  0	  0	  0	  0	  0	  0	 50	 40	 55	 51	  0	 51	  0	  0	  0	  0	  0	  0	  0	  0	  0	  0	  0	  5	15410	  1
25/11/2016	21:19:03	->	L	00000000	 10	 58	 40	 33	  0	251	  0	  4	  4	  4	  4	  4	  4	  4	  4	  0	  0	  0	  0	  0	  0	  0	  0	  0	  0	  0	  0	  0	  0	  0	  0	  0	  0	  0	  0	  0	  0	  0	  0	 48	 40	 62	 58	  0	 33	  0	  0	  0	  0	  0	  0	  0	  0	  0	  0	  0	  5	15410	  1
25/11/2016	21:24:03	->	L	00000000	 10	 61	 40	 29	  0	256	  0	  4	  4	  4	  4	  4	  4	  4	  4	  0	  0	  0	  0	  0	  0	  0	  0	  0	  0	  0	  0	  0	  0	  0	  0	  0	  0	  0	  0	  0	  0	  0	  0	 49	 40	 58	 61	  0	 25	  0	  0	  0	  0	  0	  0	  0	  0	  0	  0	  0	  5	15667	  1
25/11/2016	21:29:03	->	L	00000000	 10	 62	 40	 29	  0	261	  0	  4	  4	  4	  4	  4	  4	  4	  4	  0	  0	  0	  0	  0	  0	  0	  0	  0	  0	  0	  0	  0	  0	  0	  0	  0	  0	  0	  0	  0	  0	  0	  0	 49	 40	 58	 62	  0	 24	  0	  0	  0	  0	  0	  0	  0	  0	  0	  0	  0	  5	15924	  1
25/11/2016	21:34:03	->	L	00000000	 10	 62	 41	 26	  0	266	  0	  4	  4	  4	  4	  4	  4	  4	  4	  0	  0	  0	  0	  0	  0	  0	  0	  0	  0	  0	  0	  0	  0	  0	  0	  0	  0	  0	  0	  0	  0	  0	  0	 50	 41	 58	 62	  0	 26	  0	  0	  0	  0	  0	  0	  0	  0	  0	  0	  0	  5	16181	  1
25/11/2016	21:39:03	->	L	00000000	 10	 62	 42	 26	  0	271	  0	  4	  4	  4	  4	  4	  4	  4	  4	  0	  0	  0	  0	  0	  0	  0	  0	  0	  0	  0	  0	  0	  0	  0	  0	  0	  0	  0	  0	  0	  0	  0	  0	 50	 42	 62	 62	  0	 30	  0	  0	  0	  0	  0	  0	  0	  0	  0	  0	  0	  5	16438	  1
25/11/2016	21:44:03	->	L	00000000	 10	 62	 42	 30	  0	276	  0	  4	  4	  4	  4	  4	  4	  4	  4	  0	  0	  0	  0	  0	  0	  0	  0	  0	  0	  0	  0	  0	  0	  0	  0	  0	  0	  0	  0	  0	  0	  0	  0	 50	 42	 62	 62	  0	 30	  0	  0	  0	  0	  0	  0	  0	  0	  0	  0	  0	  5	16695	  1
25/11/2016	21:49:04	->	L	00000000	 10	 63	 43	 30	  0	281	  0	  4	  4	  4	  4	  4	  4	  4	  4	  0	  0	  0	  0	  0	  0	  0	  0	  0	  0	  0	  0	  0	  0	  0	  0	  0	  0	  0	  0	  0	  0	  0	  0	 51	 43	 62	 63	  0	 30	  0	  0	  0	  0	  0	  0	  0	  0	  0	  0	  0	  5	16952	  1
25/11/2016	21:54:04	->	L	00000000	 10	 63	 43	 30	  0	286	  0	  4	  4	  4	  4	  4	  4	  4	  4	  0	  0	  0	  0	  0	  0	  0	  0	  0	  0	  0	  0	  0	  0	  0	  0	  0	  0	  0	  0	  0	  0	  0	  0	 51	 43	 62	 63	  0	 30	  0	  0	  0	  0	  0	  0	  0	  0	  0	  0	  0	  5	17209	  1
25/11/2016	21:59:04	->	L	00000000	 10	 63	 44	 32	  0	291	  0	  4	  4	  4	  4	  4	  4	  4	  4	  0	  0	  0	  0	  0	  0	  0	  0	  0	  0	  0	  0	  0	  0	  0	  0	  0	  0	  0	  0	  0	  0	  0	  0	 52	 44	 63	 63	  0	 32	  0	  0	  0	  0	  0	  0	  0	  0	  0	  0	  0	  5	17209	  1
25/11/2016	22:04:03	->	L	00000000	 10	 64	 44	 31	  0	296	  0	  4	  4	  4	  4	  4	  4	  4	  4	  0	  0	  0	  0	  0	  0	  0	  0	  0	  0	  0	  0	  0	  0	  0	  0	  0	  0	  0	  0	  0	  0	  0	  0	 51	 44	 66	 64	  0	 31	  0	  0	  0	  0	  0	  0	  0	  0	  0	  0	  0	  5	17466	  1
25/11/2016	22:09:03	->	L	00000000	 10	 64	 44	 31	  0	301	  0	  4	  4	  4	  4	  4	  4	  4	  4	  0	  0	  0	  0	  0	  0	  0	  0	  0	  0	  0	  0	  0	  0	  0	  0	  0	  0	  0	  0	  0	  0	  0	  0	 52	 44	 63	 64	  0	 31	  0	  0	  0	  0	  0	  0	  0	  0	  0	  0	  0	  5	17723	  1
25/11/2016	22:14:03	->	L	00000000	 10	 64	 44	 31	  0	306	  0	  4	  4	  4	  4	  4	  4	  4	  4	  0	  0	  0	  0	  0	  0	  0	  0	  0	  0	  0	  0	  0	  0	  0	  0	  0	  0	  0	  0	  0	  0	  0	  0	 51	 44	 66	 64	  0	 31	  0	  0	  0	  0	  0	  0	  0	  0	  0	  0	  0	  5	17980	  1
25/11/2016	22:19:03	->	L	00000000	 10	 63	 45	 35	  0	311	  0	  4	  4	  4	  4	  4	  4	  4	  4	  0	  0	  0	  0	  0	  0	  0	  0	  0	  0	  0	  0	  0	  0	  0	  0	  0	  0	  0	  0	  0	  0	  0	  0	 52	 45	 67	 63	  0	 35	  0	  0	  0	  0	  0	  0	  0	  0	  0	  0	  0	  5	18237	  1
25/11/2016	22:24:03	->	L	00000000	 10	 63	 45	 35	  0	316	  0	  4	  4	  4	  4	  4	  4	  4	  4	  0	  0	  0	  0	  0	  0	  0	  0	  0	  0	  0	  0	  0	  0	  0	  0	  0	  0	  0	  0	  0	  0	  0	  0	 53	 45	 63	 63	  0	 35	  0	  0	  0	  0	  0	  0	  0	  0	  0	  0	  0	  5	18494	  1
25/11/2016	22:29:03	->	L	00000000	 10	 63	 45	 35	  0	321	  0	  4	  4	  4	  4	  4	  4	  4	  4	  0	  0	  0	  0	  0	  0	  0	  0	  0	  0	  0	  0	  0	  0	  0	  0	  0	  0	  0	  0	  0	  0	  0	  0	 51	 45	 70	 63	  0	 35	  0	  0	  0	  0	  0	  0	  0	  0	  0	  0	  0	  5	18751	  1
25/11/2016	22:34:03	->	L	00000000	 10	 64	 46	 36	  0	326	  0	  4	  4	  4	  4	  4	  4	  4	  4	  0	  0	  0	  0	  0	  0	  0	  0	  0	  0	  0	  0	  0	  0	  0	  0	  0	  0	  0	  0	  0	  0	  0	  0	 53	 46	 67	 64	  0	 36	  0	  0	  0	  0	  0	  0	  0	  0	  0	  0	  0	  5	19008	  1
25/11/2016	22:39:03	->	L	00000000	 10	 63	 46	 37	  0	331	  0	  4	  4	  4	  4	  4	  4	  4	  4	  0	  0	  0	  0	  0	  0	  0	  0	  0	  0	  0	  0	  0	  0	  0	  0	  0	  0	  0	  0	  0	  0	  0	  0	 52	 46	 71	 63	  0	 37	  0	  0	  0	  0	  0	  0	  0	  0	  0	  0	  0	  5	19008	  1
25/11/2016	22:44:03	->	L	00000000	 10	 63	 46	 37	  0	336	  0	  4	  4	  4	  4	  4	  4	  4	  4	  0	  0	  0	  0	  0	  0	  0	  0	  0	  0	  0	  0	  0	  0	  0	  0	  0	  0	  0	  0	  0	  0	  0	  0	 52	 46	 71	 63	  0	 37	  0	  0	  0	  0	  0	  0	  0	  0	  0	  0	  0	  5	19265	  1
25/11/2016	22:49:03	->	L	00000000	 10	 64	 46	 36	  0	341	  0	  4	  4	  4	  4	  4	  4	  4	  4	  0	  0	  0	  0	  0	  0	  0	  0	  0	  0	  0	  0	  0	  0	  0	  0	  0	  0	  0	  0	  0	  0	  0	  0	 52	 46	 71	 64	  0	 36	  0	  0	  0	  0	  0	  0	  0	  0	  0	  0	  0	  5	19522	  1
25/11/2016	22:54:03	->	L	00000000	 10	 65	 46	 33	  0	346	  0	  4	  4	  4	  4	  4	  4	  4	  4	  0	  0	  0	  0	  0	  0	  0	  0	  0	  0	  0	  0	  0	  0	  0	  0	  0	  0	  0	  0	  0	  0	  0	  0	 53	 46	 67	 65	  0	 33	  0	  0	  0	  0	  0	  0	  0	  0	  0	  0	  0	  5	19779	  1
25/11/2016	22:59:03	->	L	00000000	 10	 66	 46	 31	  0	351	  0	  4	  4	  4	  4	  4	  4	  4	  4	  0	  0	  0	  0	  0	  0	  0	  0	  0	  0	  0	  0	  0	  0	  0	  0	  0	  0	  0	  0	  0	  0	  0	  0	 53	 46	 67	 66	  0	 31	  0	  0	  0	  0	  0	  0	  0	  0	  0	  0	  0	  5	20036	  1
25/11/2016	23:04:03	->	L	00000000	 10	 66	 47	 34	  0	356	  0	  4	  4	  4	  4	  4	  4	  4	  4	  0	  0	  0	  0	  0	  0	  0	  0	  0	  0	  0	  0	  0	  0	  0	  0	  0	  0	  0	  0	  0	  0	  0	  0	 53	 47	 71	 66	  0	 34	  0	  0	  0	  0	  0	  0	  0	  0	  0	  0	  0	  5	20293	  1
25/11/2016	23:09:03	->	L	00000000	 21	 65	 47	 36	  0	  0	  0	  4	  4	  4	  4	  4	  4	  4	  4	  0	  0	  0	  0	  0	  0	  0	  0	  0	  0	  0	  0	  0	  0	  0	  0	  0	  0	  0	  0	  0	  0	  0	  0	 54	 47	 67	 65	  0	 36	  0	  0	  0	  0	  0	  0	  0	  0	  0	  0	  0	  5	15425	  0
25/11/2016	23:14:03	->	L	00000000	 21	 61	 47	 45	  0	  5	  0	  4	  4	  4	  4	  4	  4	  4	  4	  0	  0	  0	  0	  0	  0	  0	  0	  0	  0	  0	  0	  0	  0	  0	  0	  0	  0	  0	  0	  0	  0	  0	  0	 52	 47	 77	 61	  0	 45	  0	  0	  0	  0	  0	  0	  0	  0	  0	  0	  0	  5	15425	  0
25/11/2016	23:19:03	->	L	00000000	 21	 59	 47	 53	  0	 10	  0	  4	  4	  4	  4	  4	  4	  4	  4	  0	  0	  0	  0	  0	  0	  0	  0	  0	  0	  0	  0	  0	  0	  0	  0	  0	  0	  0	  0	  0	  0	  0	  0	 51	 47	 80	 59	  0	 51	  0	  0	  0	  0	  0	  0	  0	  0	  0	  0	  0	  5	15425	  0
25/11/2016	23:24:03	->	L	00000000	 21	 60	 47	 47	  0	 15	  0	  4	  4	  4	  4	  4	  4	  4	  4	  0	  0	  0	  0	  0	  0	  0	  0	  0	  0	  0	  0	  0	  0	  0	  0	  0	  0	  0	  0	  0	  0	  0	  0	 51	 47	 80	 60	  0	 47	  0	  0	  0	  0	  0	  0	  0	  0	  0	  0	  0	  5	15425	  0
25/11/2016	23:29:03	->	L	00000000	 21	 58	 47	 50	  0	 20	  0	  4	  4	  4	  4	  4	  4	  4	  4	  0	  0	  0	  0	  0	  0	  0	  0	  0	  0	  0	  0	  0	  0	  0	  0	  0	  0	  0	  0	  0	  0	  0	  0	 51	 47	 80	 58	  0	 53	  0	  0	  0	  0	  0	  0	  0	  0	  0	  0	  0	  5	15425	  0
25/11/2016	23:34:03	->	L	00000000	 21	 60	 46	 44	  0	 25	  0	  4	  4	  4	  4	  4	  4	  4	  4	  0	  0	  0	  0	  0	  0	  0	  0	  0	  0	  0	  0	  0	  0	  0	  0	  0	  0	  0	  0	  0	  0	  0	  0	 50	 46	 80	 60	  0	 44	  0	  0	  0	  0	  0	  0	  0	  0	  0	  0	  0	  5	15425	  0
25/11/2016	23:39:03	->	L	00000000	 21	 59	 47	 47	  0	 30	  0	  4	  4	  4	  4	  4	  4	  4	  4	  0	  0	  0	  0	  0	  0	  0	  0	  0	  0	  0	  0	  0	  0	  0	  0	  0	  0	  0	  0	  0	  0	  0	  0	 51	 47	 80	 59	  0	 51	  0	  0	  0	  0	  0	  0	  0	  0	  0	  0	  0	  5	15425	  0
25/11/2016	23:44:03	->	L	00000000	 21	 59	 46	 47	  0	 35	  0	  4	  4	  4	  4	  4	  4	  4	  4	  0	  0	  0	  0	  0	  0	  0	  0	  0	  0	  0	  0	  0	  0	  0	  0	  0	  0	  0	  0	  0	  0	  0	  0	 50	 46	 80	 59	  0	 47	  0	  0	  0	  0	  0	  0	  0	  0	  0	  0	  0	  5	15425	  0
25/11/2016	23:49:03	->	L	00000000	 21	 60	 46	 44	  0	 40	  0	  4	  4	  4	  4	  4	  4	  4	  4	  0	  0	  0	  0	  0	  0	  0	  0	  0	  0	  0	  0	  0	  0	  0	  0	  0	  0	  0	  0	  0	  0	  0	  0	 50	 46	 80	 60	  0	 44	  0	  0	  0	  0	  0	  0	  0	  0	  0	  0	  0	  5	15425	  0
25/11/2016	23:54:03	->	L	00000000	 21	 58	 46	 50	  0	 45	  0	  4	  4	  4	  4	  4	  4	  4	  4	  0	  0	  0	  0	  0	  0	  0	  0	  0	  0	  0	  0	  0	  0	  0	  0	  0	  0	  0	  0	  0	  0	  0	  0	 50	 46	 80	 58	  0	 50	  0	  0	  0	  0	  0	  0	  0	  0	  0	  0	  0	  5	15425	  0
25/11/2016	23:59:03	->	L	00000000	 21	 59	 46	 47	  0	 50	  0	  4	  4	  4	  4	  4	  4	  4	  4	  0	  0	  0	  0	  0	  0	  0	  0	  0	  0	  0	  0	  0	  0	  0	  0	  0	  0	  0	  0	  0	  0	  0	  0	 50	 46	 80	 59	  0	 47	  0	  0	  0	  0	  0	  0	  0	  0	  0	  0	  0	  5	15425	  0
26/11/2016	00:04:03	->	L	00000000	 21	 60	 46	 44	  0	 55	  0	  4	  4	  4	  4	  4	  4	  4	  4	  0	  0	  0	  0	  0	  0	  0	  0	  0	  0	  0	  0	  0	  0	  0	  0	  0	  0	  0	  0	  0	  0	  0	  0	 50	 46	 80	 60	  0	 44	  0	  0	  0	  0	  0	  0	  0	  0	  0	  0	  0	  5	15425	  0
26/11/2016	00:09:04	->	L	00000000	 21	 60	 47	 47	  0	 60	  0	  4	  4	  4	  4	  4	  4	  4	  4	  0	  0	  0	  0	  0	  0	  0	  0	  0	  0	  0	  0	  0	  0	  0	  0	  0	  0	  0	  0	  0	  0	  0	  0	 51	 47	 80	 60	  0	 47	  0	  0	  0	  0	  0	  0	  0	  0	  0	  0	  0	  5	15425	  0
26/11/2016	00:14:04	  	L	00000000	  4	  4	  4	  1	  0	  0	  0	  4	  4	  4	  4	  4	  4	  4	  4	  0	  0	  0	  0	  0	  0	  0	  0	  0	  0	  0	  0	  0	  0	  0	  0	  0	  0	  0	  0	  0	  0	  0	  0	  0	  0	  0	  0	  0	  0	  0	  0	  0	  0	  0	  0	  0	  0	  0	  0	  0	  5	2056	2048
26/11/2016	00:19:03	->	L	00000000	 21	 57	 46	 57	  0	 70	  0	  4	  4	  4	  4	  4	  4	  4	  4	  0	  0	  0	  0	  0	  0	  0	  0	  0	  0	  0	  0	  0	  0	  0	  0	  0	  0	  0	  0	  0	  0	  0	  0	 50	 46	 80	 57	  0	 53	  0	  0	  0	  0	  0	  0	  0	  0	  0	  0	  0	  5	15425	  0
26/11/2016	00:24:03	->	L	00000000	 21	 52	 46	 71	  0	 75	  0	  4	  4	  4	  4	  4	  4	  4	  4	  0	  0	  0	  0	  0	  0	  0	  0	  0	  0	  0	  0	  0	  0	  0	  0	  0	  0	  0	  0	  0	  0	  0	  0	 48	 46	 89	 52	  0	 71	  0	  0	  0	  0	  0	  0	  0	  0	  0	  0	  0	  5	12855	  0
26/11/2016	00:29:03	->	L	00000000	 21	 50	 45	 77	  0	 80	  0	  4	  4	  4	  4	  4	  4	  4	  4	  0	  0	  0	  0	  0	  0	  0	  0	  0	  0	  0	  0	  0	  0	  0	  0	  0	  0	  0	  0	  0	  0	  0	  0	 46	 45	 94	 50	  0	 77	  0	  0	  0	  0	  0	  0	  0	  0	  0	  0	  0	  5	12855	  0
26/11/2016	00:34:03	->	L	00000000	 21	 50	 45	 77	  0	 85	  0	  4	  4	  4	  4	  4	  4	  4	  4	  0	  0	  0	  0	  0	  0	  0	  0	  0	  0	  0	  0	  0	  0	  0	  0	  0	  0	  0	  0	  0	  0	  0	  0	 47	 45	 89	 50	  0	 77	  0	  0	  0	  0	  0	  0	  0	  0	  0	  0	  0	  5	12855	  0
26/11/2016	00:39:03	->	L	00000000	 21	 50	 44	 66	  0	 90	  0	  4	  4	  4	  4	  4	  4	  4	  4	  0	  0	  0	  0	  0	  0	  0	  0	  0	  0	  0	  0	  0	  0	  0	  0	  0	  0	  0	  0	  0	  0	  0	  0	 46	 44	 89	 50	  0	 70	  0	  0	  0	  0	  0	  0	  0	  0	  0	  0	  0	  5	12855	  0
26/11/2016	00:44:03	->	L	00000000	 21	 51	 44	 66	  0	 95	  0	  4	  4	  4	  4	  4	  4	  4	  4	  0	  0	  0	  0	  0	  0	  0	  0	  0	  0	  0	  0	  0	  0	  0	  0	  0	  0	  0	  0	  0	  0	  0	  0	 46	 44	 89	 51	  0	 66	  0	  0	  0	  0	  0	  0	  0	  0	  0	  0	  0	  5	12855	  0
26/11/2016	00:49:03	->	L	00000000	 21	 52	 44	 63	  0	100	  0	  4	  4	  4	  4	  4	  4	  4	  4	  0	  0	  0	  0	  0	  0	  0	  0	  0	  0	  0	  0	  0	  0	  0	  0	  0	  0	  0	  0	  0	  0	  0	  0	 46	 44	 89	 52	  0	 63	  0	  0	  0	  0	  0	  0	  0	  0	  0	  0	  0	  5	12855	  0
26/11/2016	00:54:03	->	L	00000000	 21	 51	 44	 62	  0	105	  0	  4	  4	  4	  4	  4	  4	  4	  4	  0	  0	  0	  0	  0	  0	  0	  0	  0	  0	  0	  0	  0	  0	  0	  0	  0	  0	  0	  0	  0	  0	  0	  0	 46	 44	 89	 51	  0	 66	  0	  0	  0	  0	  0	  0	  0	  0	  0	  0	  0	  5	12855	  0
26/11/2016	00:59:03	->	L	00000000	 21	 51	 43	 62	  0	110	  0	  4	  4	  4	  4	  4	  4	  4	  4	  0	  0	  0	  0	  0	  0	  0	  0	  0	  0	  0	  0	  0	  0	  0	  0	  0	  0	  0	  0	  0	  0	  0	  0	 46	 43	 85	 51	  0	 62	  0	  0	  0	  0	  0	  0	  0	  0	  0	  0	  0	  5	12855	  0
26/11/2016	01:04:03	->	L	00000000	 21	 52	 43	 59	  0	115	  0	  4	  4	  4	  4	  4	  4	  4	  4	  0	  0	  0	  0	  0	  0	  0	  0	  0	  0	  0	  0	  0	  0	  0	  0	  0	  0	  0	  0	  0	  0	  0	  0	 45	 43	 89	 52	  0	 59	  0	  0	  0	  0	  0	  0	  0	  0	  0	  0	  0	  5	12855	  0
26/11/2016	01:09:03	->	L	00000000	 21	 47	 43	 79	  0	120	  0	  4	  4	  4	  4	  4	  4	  4	  4	  0	  0	  0	  0	  0	  0	  0	  0	  0	  0	  0	  0	  0	  0	  0	  0	  0	  0	  0	  0	  0	  0	  0	  0	 45	 43	 89	 47	  0	 79	  0	  0	  0	  0	  0	  0	  0	  0	  0	  0	  0	  5	12855	  0
26/11/2016	01:14:03	  	L	00000000	 21	 49	 45	 79	  0	125	  0	  4	  4	  4	  4	  4	  4	  4	  4	  0	  0	  0	  0	  0	  0	  0	  0	  0	  0	  0	  0	  0	  0	  0	  0	  0	  0	  0	  0	  0	  0	  0	  0	 49	 45	 79	 48	  0	 85	  0	  0	  0	  0	  0	  0	  0	  0	  0	  0	  0	  5	12855	  0
26/11/2016	01:19:03	<-	L	00000000	 21	 51	 46	 77	  0	130	  0	  4	  4	  4	  4	  4	  4	  4	  4	  0	  0	  0	  0	  0	  0	  0	  0	  0	  0	  0	  0	  0	  0	  0	  0	  0	  0	  0	  0	  0	  0	  0	  0	 51	 46	 77	 46	  0	100	  0	  0	  0	  0	  0	  0	  0	  0	  0	  0	  0	  5	12855	  0
26/11/2016	01:24:03	<-	L	00000000	 21	 53	 46	 67	  0	135	  0	  4	  4	  4	  4	  4	  4	  4	  4	  0	  0	  0	  0	  0	  0	  0	  0	  0	  0	  0	  0	  0	  0	  0	  0	  0	  0	  0	  0	  0	  0	  0	  0	 53	 46	 67	 48	  0	 89	  0	  0	  0	  0	  0	  0	  0	  0	  0	  0	  0	  5	12855	  0
26/11/2016	01:29:03	<-	L	00000000	 21	 52	 46	 71	  0	140	  0	  4	  4	  4	  4	  4	  4	  4	  4	  0	  0	  0	  0	  0	  0	  0	  0	  0	  0	  0	  0	  0	  0	  0	  0	  0	  0	  0	  0	  0	  0	  0	  0	 52	 46	 71	 48	  0	 89	  0	  0	  0	  0	  0	  0	  0	  0	  0	  0	  0	  5	12855	  0
26/11/2016	01:34:03	<-	L	00000000	 21	 53	 46	 67	  0	145	  0	  4	  4	  4	  4	  4	  4	  4	  4	  0	  0	  0	  0	  0	  0	  0	  0	  0	  0	  0	  0	  0	  0	  0	  0	  0	  0	  0	  0	  0	  0	  0	  0	 53	 46	 67	 49	  0	 85	  0	  0	  0	  0	  0	  0	  0	  0	  0	  0	  0	  5	12855	  0
26/11/2016	01:39:03	<-	L	00000000	 21	 49	 45	 79	  0	150	  0	  4	  4	  4	  4	  4	  4	  4	  4	  0	  0	  0	  0	  0	  0	  0	  0	  0	  0	  0	  0	  0	  0	  0	  0	  0	  0	  0	  0	  0	  0	  0	  0	 49	 45	 79	 47	  0	 89	  0	  0	  0	  0	  0	  0	  0	  0	  0	  0	  0	  5	12855	  0
26/11/2016	01:44:03	<-	L	00000000	 21	 50	 45	 77	  0	155	  0	  4	  4	  4	  4	  4	  4	  4	  4	  0	  0	  0	  0	  0	  0	  0	  0	  0	  0	  0	  0	  0	  0	  0	  0	  0	  0	  0	  0	  0	  0	  0	  0	 50	 45	 77	 47	  0	 89	  0	  0	  0	  0	  0	  0	  0	  0	  0	  0	  0	  5	12855	  0
26/11/2016	01:49:04	<-	L	00000000	 21	 51	 46	 77	  0	160	  0	  4	  4	  4	  4	  4	  4	  4	  4	  0	  0	  0	  0	  0	  0	  0	  0	  0	  0	  0	  0	  0	  0	  0	  0	  0	  0	  0	  0	  0	  0	  0	  0	 51	 46	 77	 48	  0	 89	  0	  0	  0	  0	  0	  0	  0	  0	  0	  0	  0	  5	12855	  0
26/11/2016	01:54:03	<-	L	00000000	 21	 52	 46	 71	  0	165	  0	  4	  4	  4	  4	  4	  4	  4	  4	  0	  0	  0	  0	  0	  0	  0	  0	  0	  0	  0	  0	  0	  0	  0	  0	  0	  0	  0	  0	  0	  0	  0	  0	 52	 46	 71	 49	  0	 85	  0	  0	  0	  0	  0	  0	  0	  0	  0	  0	  0	  5	12855	  0
26/11/2016	01:59:03	<-	L	00000000	 21	 53	 46	 63	  0	170	  0	  4	  4	  4	  4	  4	  4	  4	  4	  0	  0	  0	  0	  0	  0	  0	  0	  0	  0	  0	  0	  0	  0	  0	  0	  0	  0	  0	  0	  0	  0	  0	  0	 53	 46	 67	 49	  0	 85	  0	  0	  0	  0	  0	  0	  0	  0	  0	  0	  0	  5	12855	  0
26/11/2016	02:04:03	<-	L	00000000	 21	 53	 47	 67	  0	175	  0	  4	  4	  4	  4	  4	  4	  4	  4	  0	  0	  0	  0	  0	  0	  0	  0	  0	  0	  0	  0	  0	  0	  0	  0	  0	  0	  0	  0	  0	  0	  0	  0	 53	 47	 71	 50	  0	 85	  0	  0	  0	  0	  0	  0	  0	  0	  0	  0	  0	  5	12855	  0
26/11/2016	02:09:03	<-	L	00000000	 21	 54	 47	 63	  0	180	  0	  4	  4	  4	  4	  4	  4	  4	  4	  0	  0	  0	  0	  0	  0	  0	  0	  0	  0	  0	  0	  0	  0	  0	  0	  0	  0	  0	  0	  0	  0	  0	  0	 54	 47	 67	 51	  0	 80	  0	  0	  0	  0	  0	  0	  0	  0	  0	  0	  0	  5	12855	  0
26/11/2016	02:14:03	<-	L	00000000	 21	 57	 48	 60	  0	185	  0	  4	  4	  4	  4	  4	  4	  4	  4	  0	  0	  0	  0	  0	  0	  0	  0	  0	  0	  0	  0	  0	  0	  0	  0	  0	  0	  0	  0	  0	  0	  0	  0	 57	 48	 60	 51	  0	 85	  0	  0	  0	  0	  0	  0	  0	  0	  0	  0	  0	  5	12855	  0
26/11/2016	02:19:03	<-	L	00000000	 21	 54	 47	 67	  0	190	  0	  4	  4	  4	  4	  4	  4	  4	  4	  0	  0	  0	  0	  0	  0	  0	  0	  0	  0	  0	  0	  0	  0	  0	  0	  0	  0	  0	  0	  0	  0	  0	  0	 54	 47	 67	 50	  0	 85	  0	  0	  0	  0	  0	  0	  0	  0	  0	  0	  0	  5	12855	  0
26/11/2016	02:24:04	<-	L	00000000	 21	 52	 47	 80	  0	195	  0	  4	  4	  4	  4	  4	  4	  4	  4	  0	  0	  0	  0	  0	  0	  0	  0	  0	  0	  0	  0	  0	  0	  0	  0	  0	  0	  0	  0	  0	  0	  0	  0	 52	 47	 77	 49	  0	 89	  0	  0	  0	  0	  0	  0	  0	  0	  0	  0	  0	  5	12855	  0
26/11/2016	02:29:03	<-	L	00000000	 21	 50	 46	 80	  0	200	  0	  4	  4	  4	  4	  4	  4	  4	  4	  0	  0	  0	  0	  0	  0	  0	  0	  0	  0	  0	  0	  0	  0	  0	  0	  0	  0	  0	  0	  0	  0	  0	  0	 50	 46	 80	 48	  0	 89	  0	  0	  0	  0	  0	  0	  0	  0	  0	  0	  0	  5	12855	  0
26/11/2016	02:34:03	<-	L	00000000	 21	 51	 46	 77	  0	205	  0	  4	  4	  4	  4	  4	  4	  4	  4	  0	  0	  0	  0	  0	  0	  0	  0	  0	  0	  0	  0	  0	  0	  0	  0	  0	  0	  0	  0	  0	  0	  0	  0	 51	 46	 77	 49	  0	 85	  0	  0	  0	  0	  0	  0	  0	  0	  0	  0	  0	  5	12855	  0
26/11/2016	02:39:03	<-	L	00000000	 21	 51	 47	 67	  0	210	  0	  4	  4	  4	  4	  4	  4	  4	  4	  0	  0	  0	  0	  0	  0	  0	  0	  0	  0	  0	  0	  0	  0	  0	  0	  0	  0	  0	  0	  0	  0	  0	  0	 51	 47	 80	 50	  0	 85	  0	  0	  0	  0	  0	  0	  0	  0	  0	  0	  0	  5	12855	  0
26/11/2016	02:44:03	<-	L	00000000	 21	 51	 47	 77	  0	215	  0	  4	  4	  4	  4	  4	  4	  4	  4	  0	  0	  0	  0	  0	  0	  0	  0	  0	  0	  0	  0	  0	  0	  0	  0	  0	  0	  0	  0	  0	  0	  0	  0	 51	 47	 80	 50	  0	 85	  0	  0	  0	  0	  0	  0	  0	  0	  0	  0	  0	  5	12855	  0
26/11/2016	02:49:03	<-	L	00000000	 21	 51	 47	 77	  0	220	  0	  4	  4	  4	  4	  4	  4	  4	  4	  0	  0	  0	  0	  0	  0	  0	  0	  0	  0	  0	  0	  0	  0	  0	  0	  0	  0	  0	  0	  0	  0	  0	  0	 51	 47	 80	 50	  0	 85	  0	  0	  0	  0	  0	  0	  0	  0	  0	  0	  0	  5	12855	  0
26/11/2016	02:54:05	<-	L	00000000	 21	 50	 47	 80	  0	225	  0	  4	  4	  4	  4	  4	  4	  4	  4	  0	  0	  0	  0	  0	  0	  0	  0	  0	  0	  0	  0	  0	  0	  0	  0	  0	  0	  0	  0	  0	  0	  0	  0	 50	 47	 85	 49	  0	 89	  0	  0	  0	  0	  0	  0	  0	  0	  0	  0	  0	  5	12855	  0
26/11/2016	02:59:03	<-	L	00000000	 21	 49	 47	 85	  0	230	  0	  4	  4	  4	  4	  4	  4	  4	  4	  0	  0	  0	  0	  0	  0	  0	  0	  0	  0	  0	  0	  0	  0	  0	  0	  0	  0	  0	  0	  0	  0	  0	  0	 49	 47	 89	 49	  0	 89	  0	  0	  0	  0	  0	  0	  0	  0	  0	  0	  0	  5	12855	  0
26/11/2016	03:04:03	<-	L	00000000	 21	 49	 47	 89	  0	235	  0	  4	  4	  4	  4	  4	  4	  4	  4	  0	  0	  0	  0	  0	  0	  0	  0	  0	  0	  0	  0	  0	  0	  0	  0	  0	  0	  0	  0	  0	  0	  0	  0	 49	 47	 89	 49	  0	 89	  0	  0	  0	  0	  0	  0	  0	  0	  0	  0	  0	  5	12855	  0
26/11/2016	03:09:03	<-	L	00000000	 21	 50	 48	 89	  0	240	  0	  4	  4	  4	  4	  4	  4	  4	  4	  0	  0	  0	  0	  0	  0	  0	  0	  0	  0	  0	  0	  0	  0	  0	  0	  0	  0	  0	  0	  0	  0	  0	  0	 50	 48	 89	 49	  0	 94	  0	  0	  0	  0	  0	  0	  0	  0	  0	  0	  0	  5	12855	  0
26/11/2016	03:14:03	<-	L	00000000	 21	 49	 48	 89	  0	245	  0	  4	  4	  4	  4	  4	  4	  4	  4	  0	  0	  0	  0	  0	  0	  0	  0	  0	  0	  0	  0	  0	  0	  0	  0	  0	  0	  0	  0	  0	  0	  0	  0	 49	 48	 94	 49	  0	 94	  0	  0	  0	  0	  0	  0	  0	  0	  0	  0	  0	  5	12855	  0
26/11/2016	03:19:04	<-	L	00000000	 21	 49	 48	 94	  0	250	  0	  4	  4	  4	  4	  4	  4	  4	  4	  0	  0	  0	  0	  0	  0	  0	  0	  0	  0	  0	  0	  0	  0	  0	  0	  0	  0	  0	  0	  0	  0	  0	  0	 49	 48	 94	 49	  0	 94	  0	  0	  0	  0	  0	  0	  0	  0	  0	  0	  0	  5	12855	  0
26/11/2016	03:24:04	<-	L	00000000	 21	 49	 47	 89	  0	255	  0	  4	  4	  4	  4	  4	  4	  4	  4	  0	  0	  0	  0	  0	  0	  0	  0	  0	  0	  0	  0	  0	  0	  0	  0	  0	  0	  0	  0	  0	  0	  0	  0	 49	 47	 89	 49	  0	 89	  0	  0	  0	  0	  0	  0	  0	  0	  0	  0	  0	  5	12855	  0
26/11/2016	03:29:03	<-	L	00000000	 21	 50	 48	 85	  0	260	  0	  4	  4	  4	  4	  4	  4	  4	  4	  0	  0	  0	  0	  0	  0	  0	  0	  0	  0	  0	  0	  0	  0	  0	  0	  0	  0	  0	  0	  0	  0	  0	  0	 50	 48	 89	 49	  0	 94	  0	  0	  0	  0	  0	  0	  0	  0	  0	  0	  0	  5	12855	  0
26/11/2016	03:34:03	<-	L	00000000	 21	 55	 48	 64	  0	265	  0	  4	  4	  4	  4	  4	  4	  4	  4	  0	  0	  0	  0	  0	  0	  0	  0	  0	  0	  0	  0	  0	  0	  0	  0	  0	  0	  0	  0	  0	  0	  0	  0	 55	 48	 67	 51	  0	 85	  0	  0	  0	  0	  0	  0	  0	  0	  0	  0	  0	  5	12855	  0
26/11/2016	03:39:03	<-	L	00000000	 21	 50	 47	 89	  0	270	  0	  4	  4	  4	  4	  4	  4	  4	  4	  0	  0	  0	  0	  0	  0	  0	  0	  0	  0	  0	  0	  0	  0	  0	  0	  0	  0	  0	  0	  0	  0	  0	  0	 50	 47	 85	 48	  0	 94	  0	  0	  0	  0	  0	  0	  0	  0	  0	  0	  0	  5	12855	  0
26/11/2016	03:44:03	<-	L	00000000	 21	 50	 47	 85	  0	275	  0	  4	  4	  4	  4	  4	  4	  4	  4	  0	  0	  0	  0	  0	  0	  0	  0	  0	  0	  0	  0	  0	  0	  0	  0	  0	  0	  0	  0	  0	  0	  0	  0	 50	 47	 85	 49	  0	 89	  0	  0	  0	  0	  0	  0	  0	  0	  0	  0	  0	  5	12855	  0
26/11/2016	03:49:03	<-	L	00000000	 21	 54	 48	 71	  0	280	  0	  4	  4	  4	  4	  4	  4	  4	  4	  0	  0	  0	  0	  0	  0	  0	  0	  0	  0	  0	  0	  0	  0	  0	  0	  0	  0	  0	  0	  0	  0	  0	  0	 54	 48	 71	 50	  0	 89	  0	  0	  0	  0	  0	  0	  0	  0	  0	  0	  0	  5	15425	  0
26/11/2016	03:54:03	<-	L	00000000	 21	 59	 49	 61	  0	285	  0	  4	  4	  4	  4	  4	  4	  4	  4	  0	  0	  0	  0	  0	  0	  0	  0	  0	  0	  0	  0	  0	  0	  0	  0	  0	  0	  0	  0	  0	  0	  0	  0	 59	 49	 57	 53	  0	 80	  0	  0	  0	  0	  0	  0	  0	  0	  0	  0	  0	  5	15420	  0
26/11/2016	03:59:04	<-	L	00000000	 21	 65	 50	 46	  0	290	  0	  4	  4	  4	  4	  4	  4	  4	  4	  0	  0	  0	  0	  0	  0	  0	  0	  0	  0	  0	  0	  0	  0	  0	  0	  0	  0	  0	  0	  0	  0	  0	  0	 65	 50	 44	 54	  0	 80	  0	  0	  0	  0	  0	  0	  0	  0	  0	  0	  0	  5	15420	  0
26/11/2016	04:04:04	<-	L	00000000	 21	 63	 50	 46	  0	295	  0	  4	  4	  4	  4	  4	  4	  4	  4	  0	  0	  0	  0	  0	  0	  0	  0	  0	  0	  0	  0	  0	  0	  0	  0	  0	  0	  0	  0	  0	  0	  0	  0	 63	 50	 48	 55	  0	 77	  0	  0	  0	  0	  0	  0	  0	  0	  0	  0	  0	  5	15420	  0
26/11/2016	04:09:04	<-	L	00000000	 21	 60	 49	 54	  0	300	  0	  4	  4	  4	  4	  4	  4	  4	  4	  0	  0	  0	  0	  0	  0	  0	  0	  0	  0	  0	  0	  0	  0	  0	  0	  0	  0	  0	  0	  0	  0	  0	  0	 60	 49	 54	 54	  0	 77	  0	  0	  0	  0	  0	  0	  0	  0	  0	  0	  0	  5	15420	  0
26/11/2016	04:14:04	<-	L	00000000	 21	 58	 49	 57	  0	305	  0	  4	  4	  4	  4	  4	  4	  4	  4	  0	  0	  0	  0	  0	  0	  0	  0	  0	  0	  0	  0	  0	  0	  0	  0	  0	  0	  0	  0	  0	  0	  0	  0	 58	 49	 61	 53	  0	 80	  0	  0	  0	  0	  0	  0	  0	  0	  0	  0	  0	  5	15420	  0
26/11/2016	04:19:04	<-	L	00000000	 21	 60	 50	 57	  0	310	  0	  4	  4	  4	  4	  4	  4	  4	  4	  0	  0	  0	  0	  0	  0	  0	  0	  0	  0	  0	  0	  0	  0	  0	  0	  0	  0	  0	  0	  0	  0	  0	  0	 60	 50	 58	 54	  0	 80	  0	  0	  0	  0	  0	  0	  0	  0	  0	  0	  0	  5	15420	  0
26/11/2016	04:24:04	<-	L	00000000	 21	 64	 50	 48	  0	315	  0	  4	  4	  4	  4	  4	  4	  4	  4	  0	  0	  0	  0	  0	  0	  0	  0	  0	  0	  0	  0	  0	  0	  0	  0	  0	  0	  0	  0	  0	  0	  0	  0	 64	 50	 46	 55	  0	 77	  0	  0	  0	  0	  0	  0	  0	  0	  0	  0	  0	  5	15420	  0
26/11/2016	04:29:04	<-	L	00000000	 21	 63	 50	 46	  0	320	  0	  4	  4	  4	  4	  4	  4	  4	  4	  0	  0	  0	  0	  0	  0	  0	  0	  0	  0	  0	  0	  0	  0	  0	  0	  0	  0	  0	  0	  0	  0	  0	  0	 63	 50	 48	 55	  0	 77	  0	  0	  0	  0	  0	  0	  0	  0	  0	  0	  0	  5	15420	  0
26/11/2016	04:34:04	<-	L	00000000	 21	 54	 49	 77	  0	325	  0	  4	  4	  4	  4	  4	  4	  4	  4	  0	  0	  0	  0	  0	  0	  0	  0	  0	  0	  0	  0	  0	  0	  0	  0	  0	  0	  0	  0	  0	  0	  0	  0	 54	 49	 77	 51	  0	 90	  0	  0	  0	  0	  0	  0	  0	  0	  0	  0	  0	  5	12860	  0
26/11/2016	04:39:04	<-	L	00000000	 21	 52	 48	 80	  0	330	  0	  4	  4	  4	  4	  4	  4	  4	  4	  0	  0	  0	  0	  0	  0	  0	  0	  0	  0	  0	  0	  0	  0	  0	  0	  0	  0	  0	  0	  0	  0	  0	  0	 52	 48	 80	 49	  0	 94	  0	  0	  0	  0	  0	  0	  0	  0	  0	  0	  0	  5	12860	  0
26/11/2016	04:44:04	<-	L	00000000	 21	 51	 48	 85	  0	335	  0	  4	  4	  4	  4	  4	  4	  4	  4	  0	  0	  0	  0	  0	  0	  0	  0	  0	  0	  0	  0	  0	  0	  0	  0	  0	  0	  0	  0	  0	  0	  0	  0	 51	 48	 85	 48	  0	100	  0	  0	  0	  0	  0	  0	  0	  0	  0	  0	  0	  5	12860	  0
26/11/2016	04:49:04	<-	L	00000000	 21	 50	 47	 85	  0	340	  0	  4	  4	  4	  4	  4	  4	  4	  4	  0	  0	  0	  0	  0	  0	  0	  0	  0	  0	  0	  0	  0	  0	  0	  0	  0	  0	  0	  0	  0	  0	  0	  0	 50	 47	 85	 48	  0	 94	  0	  0	  0	  0	  0	  0	  0	  0	  0	  0	  0	  5	12860	  0
26/11/2016	04:54:04	<-	L	00000000	 21	 50	 47	 89	  0	345	  0	  4	  4	  4	  4	  4	  4	  4	  4	  0	  0	  0	  0	  0	  0	  0	  0	  0	  0	  0	  0	  0	  0	  0	  0	  0	  0	  0	  0	  0	  0	  0	  0	 50	 47	 85	 48	  0	 94	  0	  0	  0	  0	  0	  0	  0	  0	  0	  0	  0	  5	12860	  0
26/11/2016	04:59:04	<-	L	00000000	 21	 50	 47	 85	  0	350	  0	  4	  4	  4	  4	  4	  4	  4	  4	  0	  0	  0	  0	  0	  0	  0	  0	  0	  0	  0	  0	  0	  0	  0	  0	  0	  0	  0	  0	  0	  0	  0	  0	 50	 47	 85	 47	  0	100	  0	  0	  0	  0	  0	  0	  0	  0	  0	  0	  0	  5	12860	  0
26/11/2016	05:04:05	<-	L	00000000	 21	 51	 47	 80	  0	355	  0	  4	  4	  4	  4	  4	  4	  4	  4	  0	  0	  0	  0	  0	  0	  0	  0	  0	  0	  0	  0	  0	  0	  0	  0	  0	  0	  0	  0	  0	  0	  0	  0	 51	 47	 80	 48	  0	 94	  0	  0	  0	  0	  0	  0	  0	  0	  0	  0	  0	  5	12860	  0
26/11/2016	05:09:04	<-	L	00000000	 21	 49	 46	 85	  0	360	  0	  4	  4	  4	  4	  4	  4	  4	  4	  0	  0	  0	  0	  0	  0	  0	  0	  0	  0	  0	  0	  0	  0	  0	  0	  0	  0	  0	  0	  0	  0	  0	  0	 49	 46	 85	 47	  0	 94	  0	  0	  0	  0	  0	  0	  0	  0	  0	  0	  0	  5	12860	  0
26/11/2016	05:14:04	<-	L	00000000	 22	 58	 48	 57	  0	  4	  0	  4	  4	  4	  4	  4	  4	  4	  4	  0	  0	  0	  0	  0	  0	  0	  0	  0	  0	  0	  0	  0	  0	  0	  0	  0	  0	  0	  0	  0	  0	  0	  0	 58	 48	 57	 52	  0	 80	  0	  0	  0	  0	  0	  0	  0	  0	  0	  0	  0	  5	15423	  0
26/11/2016	05:19:04	->	L	00000000	 22	 59	 45	 44	  0	  9	  0	  4	  4	  4	  4	  4	  4	  4	  4	  0	  0	  0	  0	  0	  0	  0	  0	  0	  0	  0	  0	  0	  0	  0	  0	  0	  0	  0	  0	  0	  0	  0	  0	 52	 45	 67	 59	  0	 44	  0	  0	  0	  0	  0	  0	  0	  0	  0	  0	  0	  5	15423	  0
26/11/2016	05:24:04	->	L	00000000	 22	 63	 45	 35	  0	 14	  0	  4	  4	  4	  4	  4	  4	  4	  4	  0	  0	  0	  0	  0	  0	  0	  0	  0	  0	  0	  0	  0	  0	  0	  0	  0	  0	  0	  0	  0	  0	  0	  0	 51	 45	 70	 63	  0	 35	  0	  0	  0	  0	  0	  0	  0	  0	  0	  0	  0	  5	15423	  0
26/11/2016	05:29:04	->	L	00000000	 22	 59	 46	 44	  0	 19	  0	  4	  4	  4	  4	  4	  4	  4	  4	  0	  0	  0	  0	  0	  0	  0	  0	  0	  0	  0	  0	  0	  0	  0	  0	  0	  0	  0	  0	  0	  0	  0	  0	 50	 46	 80	 59	  0	 47	  0	  0	  0	  0	  0	  0	  0	  0	  0	  0	  0	  5	15423	  0
26/11/2016	05:34:04	->	L	00000000	 22	 60	 46	 44	  0	 24	  0	  4	  4	  4	  4	  4	  4	  4	  4	  0	  0	  0	  0	  0	  0	  0	  0	  0	  0	  0	  0	  0	  0	  0	  0	  0	  0	  0	  0	  0	  0	  0	  0	 51	 46	 77	 60	  0	 44	  0	  0	  0	  0	  0	  0	  0	  0	  0	  0	  0	  5	15423	  0
26/11/2016	05:39:04	  	L	00000000	 22	 59	 47	 51	  0	 29	  0	  4	  4	  4	  4	  4	  4	  4	  4	  0	  0	  0	  0	  0	  0	  0	  0	  0	  0	  0	  0	  0	  0	  0	  0	  0	  0	  0	  0	  0	  0	  0	  0	 52	 47	 77	 59	  0	 51	  0	  0	  0	  0	  0	  0	  0	  0	  0	  0	  0	  5	12863	  0
26/11/2016	05:44:04	<-	L	00000000	 22	 55	 48	 67	  0	 34	  0	  4	  4	  4	  4	  4	  4	  4	  4	  0	  0	  0	  0	  0	  0	  0	  0	  0	  0	  0	  0	  0	  0	  0	  0	  0	  0	  0	  0	  0	  0	  0	  0	 55	 48	 67	 52	  0	 80	  0	  0	  0	  0	  0	  0	  0	  0	  0	  0	  0	  5	12863	  0
26/11/2016	05:49:04	<-	L	00000000	 22	 51	 47	 80	  0	 39	  0	  4	  4	  4	  4	  4	  4	  4	  4	  0	  0	  0	  0	  0	  0	  0	  0	  0	  0	  0	  0	  0	  0	  0	  0	  0	  0	  0	  0	  0	  0	  0	  0	 51	 47	 80	 49	  0	 89	  0	  0	  0	  0	  0	  0	  0	  0	  0	  0	  0	  5	12860	  0
26/11/2016	05:54:04	<-	L	00000000	 22	 50	 47	 85	  0	 44	  0	  4	  4	  4	  4	  4	  4	  4	  4	  0	  0	  0	  0	  0	  0	  0	  0	  0	  0	  0	  0	  0	  0	  0	  0	  0	  0	  0	  0	  0	  0	  0	  0	 50	 47	 85	 48	  0	 94	  0	  0	  0	  0	  0	  0	  0	  0	  0	  0	  0	  5	12860	  0
26/11/2016	05:59:05	<-	L	00000000	 22	 50	 47	 85	  0	 49	  0	  4	  4	  4	  4	  4	  4	  4	  4	  0	  0	  0	  0	  0	  0	  0	  0	  0	  0	  0	  0	  0	  0	  0	  0	  0	  0	  0	  0	  0	  0	  0	  0	 50	 47	 85	 48	  0	 94	  0	  0	  0	  0	  0	  0	  0	  0	  0	  0	  0	  5	12860	  0
26/11/2016	06:04:05	<-	L	00000000	 22	 50	 46	 80	  0	 54	  0	  4	  4	  4	  4	  4	  4	  4	  4	  0	  0	  0	  0	  0	  0	  0	  0	  0	  0	  0	  0	  0	  0	  0	  0	  0	  0	  0	  0	  0	  0	  0	  0	 50	 46	 80	 48	  0	 89	  0	  0	  0	  0	  0	  0	  0	  0	  0	  0	  0	  5	12860	  0
26/11/2016	06:09:04	<-	L	00000000	 22	 50	 46	 80	  0	 59	  0	  4	  4	  4	  4	  4	  4	  4	  4	  0	  0	  0	  0	  0	  0	  0	  0	  0	  0	  0	  0	  0	  0	  0	  0	  0	  0	  0	  0	  0	  0	  0	  0	 50	 46	 80	 47	  0	 94	  0	  0	  0	  0	  0	  0	  0	  0	  0	  0	  0	  5	12860	  0
26/11/2016	06:14:04	<-	L	00000000	 22	 52	 46	 71	  0	 64	  0	  4	  4	  4	  4	  4	  4	  4	  4	  0	  0	  0	  0	  0	  0	  0	  0	  0	  0	  0	  0	  0	  0	  0	  0	  0	  0	  0	  0	  0	  0	  0	  0	 52	 46	 71	 48	  0	 89	  0	  0	  0	  0	  0	  0	  0	  0	  0	  0	  0	  5	12860	  0
26/11/2016	06:19:04	<-	L	00000000	 22	 52	 46	 77	  0	 69	  0	  4	  4	  4	  4	  4	  4	  4	  4	  0	  0	  0	  0	  0	  0	  0	  0	  0	  0	  0	  0	  0	  0	  0	  0	  0	  0	  0	  0	  0	  0	  0	  0	 52	 46	 71	 48	  0	 89	  0	  0	  0	  0	  0	  0	  0	  0	  0	  0	  0	  5	12860	  0
26/11/2016	06:24:04	<-	L	00000000	 22	 50	 46	 80	  0	 74	  0	  4	  4	  4	  4	  4	  4	  4	  4	  0	  0	  0	  0	  0	  0	  0	  0	  0	  0	  0	  0	  0	  0	  0	  0	  0	  0	  0	  0	  0	  0	  0	  0	 50	 46	 80	 48	  0	 89	  0	  0	  0	  0	  0	  0	  0	  0	  0	  0	  0	  5	12860	  0
26/11/2016	06:29:04	<-	L	00000000	 22	 53	 46	 63	  0	 79	  0	  4	  4	  4	  4	  4	  4	  4	  4	  0	  0	  0	  0	  0	  0	  0	  0	  0	  0	  0	  0	  0	  0	  0	  0	  0	  0	  0	  0	  0	  0	  0	  0	 53	 46	 67	 49	  0	 85	  0	  0	  0	  0	  0	  0	  0	  0	  0	  0	  0	  5	12860	  0
26/11/2016	06:34:04	<-	L	00000000	 22	 50	 45	 79	  0	 84	  0	  4	  4	  4	  4	  4	  4	  4	  4	  0	  0	  0	  0	  0	  0	  0	  0	  0	  0	  0	  0	  0	  0	  0	  0	  0	  0	  0	  0	  0	  0	  0	  0	 50	 45	 77	 46	  0	 94	  0	  0	  0	  0	  0	  0	  0	  0	  0	  0	  0	  5	12860	  0
26/11/2016	06:39:04	<-	L	00000000	 22	 50	 45	 80	  0	 89	  0	  4	  4	  4	  4	  4	  4	  4	  4	  0	  0	  0	  0	  0	  0	  0	  0	  0	  0	  0	  0	  0	  0	  0	  0	  0	  0	  0	  0	  0	  0	  0	  0	 50	 45	 77	 47	  0	 89	  0	  0	  0	  0	  0	  0	  0	  0	  0	  0	  0	  5	12860	  0
26/11/2016	06:44:04	<-	L	00000000	 22	 55	 46	 60	  0	 94	  0	  4	  4	  4	  4	  4	  4	  4	  4	  0	  0	  0	  0	  0	  0	  0	  0	  0	  0	  0	  0	  0	  0	  0	  0	  0	  0	  0	  0	  0	  0	  0	  0	 55	 46	 60	 49	  0	 85	  0	  0	  0	  0	  0	  0	  0	  0	  0	  0	  0	  5	12860	  0
26/11/2016	06:49:04	<-	L	00000000	 22	 57	 47	 57	  0	 99	  0	  4	  4	  4	  4	  4	  4	  4	  4	  0	  0	  0	  0	  0	  0	  0	  0	  0	  0	  0	  0	  0	  0	  0	  0	  0	  0	  0	  0	  0	  0	  0	  0	 57	 47	 57	 50	  0	 85	  0	  0	  0	  0	  0	  0	  0	  0	  0	  0	  0	  5	12860	  0
26/11/2016	06:54:04	<-	L	00000000	 22	 49	 46	 85	  0	104	  0	  4	  4	  4	  4	  4	  4	  4	  4	  0	  0	  0	  0	  0	  0	  0	  0	  0	  0	  0	  0	  0	  0	  0	  0	  0	  0	  0	  0	  0	  0	  0	  0	 49	 46	 85	 47	  0	 94	  0	  0	  0	  0	  0	  0	  0	  0	  0	  0	  0	  5	12860	  0
26/11/2016	06:59:04	<-	L	00000000	 22	 49	 46	 85	  0	109	  0	  4	  4	  4	  4	  4	  4	  4	  4	  0	  0	  0	  0	  0	  0	  0	  0	  0	  0	  0	  0	  0	  0	  0	  0	  0	  0	  0	  0	  0	  0	  0	  0	 49	 46	 85	 48	  0	 89	  0	  0	  0	  0	  0	  0	  0	  0	  0	  0	  0	  5	12860	  0
26/11/2016	07:04:04	<-	L	00000000	 22	 50	 46	 80	  0	114	  0	  4	  4	  4	  4	  4	  4	  4	  4	  0	  0	  0	  0	  0	  0	  0	  0	  0	  0	  0	  0	  0	  0	  0	  0	  0	  0	  0	  0	  0	  0	  0	  0	 50	 46	 80	 49	  0	 85	  0	  0	  0	  0	  0	  0	  0	  0	  0	  0	  0	  5	12860	  0
26/11/2016	07:09:04	<-	L	00000000	 22	 52	 47	 77	  0	119	  0	  4	  4	  4	  4	  4	  4	  4	  4	  0	  0	  0	  0	  0	  0	  0	  0	  0	  0	  0	  0	  0	  0	  0	  0	  0	  0	  0	  0	  0	  0	  0	  0	 52	 47	 77	 49	  0	 89	  0	  0	  0	  0	  0	  0	  0	  0	  0	  0	  0	  5	12860	  0
26/11/2016	07:14:04	<-	L	00000000	 22	 55	 47	 63	  0	124	  0	  4	  4	  4	  4	  4	  4	  4	  4	  0	  0	  0	  0	  0	  0	  0	  0	  0	  0	  0	  0	  0	  0	  0	  0	  0	  0	  0	  0	  0	  0	  0	  0	 55	 47	 63	 50	  0	 85	  0	  0	  0	  0	  0	  0	  0	  0	  0	  0	  0	  5	12860	  0
26/11/2016	07:19:04	<-	L	00000000	 22	 52	 46	 77	  0	129	  0	  4	  4	  4	  4	  4	  4	  4	  4	  0	  0	  0	  0	  0	  0	  0	  0	  0	  0	  0	  0	  0	  0	  0	  0	  0	  0	  0	  0	  0	  0	  0	  0	 52	 46	 71	 48	  0	 89	  0	  0	  0	  0	  0	  0	  0	  0	  0	  0	  0	  5	12860	  0
26/11/2016	07:24:05	  	L	00000000	  4	  4	  4	  1	  0	  0	  0	  4	  4	  4	  4	  4	  4	  4	  4	  0	  0	  0	  0	  0	  0	  0	  0	  0	  0	  0	  0	  0	  0	  0	  0	  0	  0	  0	  0	  0	  0	  0	  0	  0	  0	  0	  0	  0	  0	  0	  0	  0	  0	  0	  0	  0	  0	  0	  0	  0	  5	2313	2048
26/11/2016	07:29:04	<-	L	00000000	 22	 51	 46	 77	  0	139	  0	  4	  4	  4	  4	  4	  4	  4	  4	  0	  0	  0	  0	  0	  0	  0	  0	  0	  0	  0	  0	  0	  0	  0	  0	  0	  0	  0	  0	  0	  0	  0	  0	 51	 46	 77	 48	  0	 89	  0	  0	  0	  0	  0	  0	  0	  0	  0	  0	  0	  5	12860	  0
26/11/2016	07:34:04	<-	L	00000000	 22	 50	 45	 77	  0	144	  0	  4	  4	  4	  4	  4	  4	  4	  4	  0	  0	  0	  0	  0	  0	  0	  0	  0	  0	  0	  0	  0	  0	  0	  0	  0	  0	  0	  0	  0	  0	  0	  0	 50	 45	 77	 47	  0	 89	  0	  0	  0	  0	  0	  0	  0	  0	  0	  0	  0	  5	12860	  0
26/11/2016	07:39:04	<-	L	00000000	 22	 51	 46	 77	  0	149	  0	  4	  4	  4	  4	  4	  4	  4	  4	  0	  0	  0	  0	  0	  0	  0	  0	  0	  0	  0	  0	  0	  0	  0	  0	  0	  0	  0	  0	  0	  0	  0	  0	 51	 46	 77	 47	  0	 94	  0	  0	  0	  0	  0	  0	  0	  0	  0	  0	  0	  5	12860	  0
26/11/2016	07:44:04	<-	L	00000000	 22	 52	 46	 71	  0	154	  0	  4	  4	  4	  4	  4	  4	  4	  4	  0	  0	  0	  0	  0	  0	  0	  0	  0	  0	  0	  0	  0	  0	  0	  0	  0	  0	  0	  0	  0	  0	  0	  0	 52	 46	 71	 48	  0	 89	  0	  0	  0	  0	  0	  0	  0	  0	  0	  0	  0	  5	12860	  0
26/11/2016	07:49:04	<-	L	00000000	 22	 52	 46	 67	  0	159	  0	  4	  4	  4	  4	  4	  4	  4	  4	  0	  0	  0	  0	  0	  0	  0	  0	  0	  0	  0	  0	  0	  0	  0	  0	  0	  0	  0	  0	  0	  0	  0	  0	 52	 46	 71	 48	  0	 89	  0	  0	  0	  0	  0	  0	  0	  0	  0	  0	  0	  5	12860	  0
26/11/2016	07:54:04	<-	L	00000000	 22	 51	 46	 77	  0	164	  0	  4	  4	  4	  4	  4	  4	  4	  4	  0	  0	  0	  0	  0	  0	  0	  0	  0	  0	  0	  0	  0	  0	  0	  0	  0	  0	  0	  0	  0	  0	  0	  0	 51	 46	 77	 47	  0	 94	  0	  0	  0	  0	  0	  0	  0	  0	  0	  0	  0	  5	12860	  0
26/11/2016	07:59:04	<-	L	00000000	 22	 49	 45	 77	  0	169	  0	  4	  4	  4	  4	  4	  4	  4	  4	  0	  0	  0	  0	  0	  0	  0	  0	  0	  0	  0	  0	  0	  0	  0	  0	  0	  0	  0	  0	  0	  0	  0	  0	 49	 45	 79	 47	  0	 89	  0	  0	  0	  0	  0	  0	  0	  0	  0	  0	  0	  5	12860	  0
26/11/2016	08:04:04	<-	L	00000000	 22	 50	 45	 77	  0	174	  0	  4	  4	  4	  4	  4	  4	  4	  4	  0	  0	  0	  0	  0	  0	  0	  0	  0	  0	  0	  0	  0	  0	  0	  0	  0	  0	  0	  0	  0	  0	  0	  0	 50	 45	 77	 47	  0	 89	  0	  0	  0	  0	  0	  0	  0	  0	  0	  0	  0	  5	12860	  0
26/11/2016	08:09:04	<-	L	00000000	 22	 50	 45	 80	  0	179	  0	  4	  4	  4	  4	  4	  4	  4	  4	  0	  0	  0	  0	  0	  0	  0	  0	  0	  0	  0	  0	  0	  0	  0	  0	  0	  0	  0	  0	  0	  0	  0	  0	 50	 45	 77	 47	  0	 89	  0	  0	  0	  0	  0	  0	  0	  0	  0	  0	  0	  5	12860	  0
26/11/2016	08:14:04	<-	L	00000000	 22	 50	 46	 80	  0	184	  0	  4	  4	  4	  4	  4	  4	  4	  4	  0	  0	  0	  0	  0	  0	  0	  0	  0	  0	  0	  0	  0	  0	  0	  0	  0	  0	  0	  0	  0	  0	  0	  0	 50	 46	 80	 48	  0	 89	  0	  0	  0	  0	  0	  0	  0	  0	  0	  0	  0	  5	12860	  0
26/11/2016	08:19:04	<-	L	00000000	 22	 49	 46	 85	  0	189	  0	  4	  4	  4	  4	  4	  4	  4	  4	  0	  0	  0	  0	  0	  0	  0	  0	  0	  0	  0	  0	  0	  0	  0	  0	  0	  0	  0	  0	  0	  0	  0	  0	 49	 46	 85	 48	  0	 89	  0	  0	  0	  0	  0	  0	  0	  0	  0	  0	  0	  5	12860	  0
26/11/2016	08:24:04	<-	L	00000000	 22	 49	 46	 85	  0	194	  0	  4	  4	  4	  4	  4	  4	  4	  4	  0	  0	  0	  0	  0	  0	  0	  0	  0	  0	  0	  0	  0	  0	  0	  0	  0	  0	  0	  0	  0	  0	  0	  0	 49	 46	 85	 48	  0	 89	  0	  0	  0	  0	  0	  0	  0	  0	  0	  0	  0	  5	12860	  0
26/11/2016	08:29:04	<-	L	00000000	 22	 51	 47	 85	  0	199	  0	  4	  4	  4	  4	  4	  4	  4	  4	  0	  0	  0	  0	  0	  0	  0	  0	  0	  0	  0	  0	  0	  0	  0	  0	  0	  0	  0	  0	  0	  0	  0	  0	 51	 47	 80	 49	  0	 89	  0	  0	  0	  0	  0	  0	  0	  0	  0	  0	  0	  5	12860	  0
26/11/2016	08:34:04	<-	L	00000000	 22	 53	 48	 77	  0	204	  0	  4	  4	  4	  4	  4	  4	  4	  4	  0	  0	  0	  0	  0	  0	  0	  0	  0	  0	  0	  0	  0	  0	  0	  0	  0	  0	  0	  0	  0	  0	  0	  0	 53	 48	 77	 50	  0	 89	  0	  0	  0	  0	  0	  0	  0	  0	  0	  0	  0	  5	12860	  0
26/11/2016	08:39:04	<-	L	00000000	 22	 56	 48	 67	  0	209	  0	  4	  4	  4	  4	  4	  4	  4	  4	  0	  0	  0	  0	  0	  0	  0	  0	  0	  0	  0	  0	  0	  0	  0	  0	  0	  0	  0	  0	  0	  0	  0	  0	 56	 48	 64	 51	  0	 85	  0	  0	  0	  0	  0	  0	  0	  0	  0	  0	  0	  5	12860	  0
26/11/2016	08:44:04	<-	L	00000000	 22	 54	 48	 71	  0	214	  0	  4	  4	  4	  4	  4	  4	  4	  4	  0	  0	  0	  0	  0	  0	  0	  0	  0	  0	  0	  0	  0	  0	  0	  0	  0	  0	  0	  0	  0	  0	  0	  0	 54	 48	 71	 51	  0	 85	  0	  0	  0	  0	  0	  0	  0	  0	  0	  0	  0	  5	12860	  0
26/11/2016	08:49:04	<-	L	00000000	 22	 54	 48	 77	  0	219	  0	  4	  4	  4	  4	  4	  4	  4	  4	  0	  0	  0	  0	  0	  0	  0	  0	  0	  0	  0	  0	  0	  0	  0	  0	  0	  0	  0	  0	  0	  0	  0	  0	 54	 48	 71	 50	  0	 89	  0	  0	  0	  0	  0	  0	  0	  0	  0	  0	  0	  5	12860	  0
26/11/2016	16:59:05	  	L	00000000	 22	 34	 32	 89	  0	221	  0	  4	  4	  4	  4	  4	  4	  4	  4	  0	  0	  0	  0	  0	  0	  0	  0	  0	  0	  0	  0	  0	  0	  0	  0	  0	  0	  0	  0	  0	  0	  0	  0	 34	 32	 89	 33	  0	 93	  0	  0	  0	  0	  0	  0	  0	  0	  0	  0	  0	  5	12860	  0
26/11/2016	17:04:05	<-	L	00000000	 22	 40	 37	 84	  0	226	  0	  4	  4	  4	  4	  4	  4	  4	  4	  0	  0	  0	  0	  0	  0	  0	  0	  0	  0	  0	  0	  0	  0	  0	  0	  0	  0	  0	  0	  0	  0	  0	  0	 40	 37	 84	 39	  0	 89	  0	  0	  0	  0	  0	  0	  0	  0	  0	  0	  0	  5	12860	  0
26/11/2016	17:09:05	<-	L	00000000	 22	 48	 40	 62	  0	231	  0	  4	  4	  4	  4	  4	  4	  4	  4	  0	  0	  0	  0	  0	  0	  0	  0	  0	  0	  0	  0	  0	  0	  0	  0	  0	  0	  0	  0	  0	  0	  0	  0	 48	 40	 62	 40	  0	100	  0	  0	  0	  0	  0	  0	  0	  0	  0	  0	  0	  5	12860	  0
26/11/2016	17:14:05	<-	L	00000000	 22	 52	 41	 51	  0	236	  0	  4	  4	  4	  4	  4	  4	  4	  4	  0	  0	  0	  0	  0	  0	  0	  0	  0	  0	  0	  0	  0	  0	  0	  0	  0	  0	  0	  0	  0	  0	  0	  0	 52	 41	 51	 44	  0	 84	  0	  0	  0	  0	  0	  0	  0	  0	  0	  0	  0	  5	12860	  0
26/11/2016	17:19:05	<-	L	00000000	 22	 49	 41	 58	  0	241	  0	  4	  4	  4	  4	  4	  4	  4	  4	  0	  0	  0	  0	  0	  0	  0	  0	  0	  0	  0	  0	  0	  0	  0	  0	  0	  0	  0	  0	  0	  0	  0	  0	 49	 41	 62	 45	  0	 79	  0	  0	  0	  0	  0	  0	  0	  0	  0	  0	  0	  5	12860	  0
26/11/2016	17:24:05	<-	L	00000000	 22	 49	 41	 66	  0	246	  0	  4	  4	  4	  4	  4	  4	  4	  4	  0	  0	  0	  0	  0	  0	  0	  0	  0	  0	  0	  0	  0	  0	  0	  0	  0	  0	  0	  0	  0	  0	  0	  0	 49	 41	 62	 45	  0	 79	  0	  0	  0	  0	  0	  0	  0	  0	  0	  0	  0	  5	12860	  0
26/11/2016	17:29:05	<-	L	00000000	 22	 51	 42	 55	  0	251	  0	  4	  4	  4	  4	  4	  4	  4	  4	  0	  0	  0	  0	  0	  0	  0	  0	  0	  0	  0	  0	  0	  0	  0	  0	  0	  0	  0	  0	  0	  0	  0	  0	 51	 42	 59	 45	  0	 84	  0	  0	  0	  0	  0	  0	  0	  0	  0	  0	  0	  5	12860	  0
26/11/2016	17:34:05	<-	L	00000000	 22	 47	 42	 70	  0	256	  0	  4	  4	  4	  4	  4	  4	  4	  4	  0	  0	  0	  0	  0	  0	  0	  0	  0	  0	  0	  0	  0	  0	  0	  0	  0	  0	  0	  0	  0	  0	  0	  0	 47	 42	 76	 45	  0	 84	  0	  0	  0	  0	  0	  0	  0	  0	  0	  0	  0	  5	12855	  0
26/11/2016	17:39:05	<-	L	00000000	 22	 49	 43	 70	  0	261	  0	  4	  4	  4	  4	  4	  4	  4	  4	  0	  0	  0	  0	  0	  0	  0	  0	  0	  0	  0	  0	  0	  0	  0	  0	  0	  0	  0	  0	  0	  0	  0	  0	 49	 43	 70	 46	  0	 85	  0	  0	  0	  0	  0	  0	  0	  0	  0	  0	  0	  5	12855	  0
26/11/2016	17:44:05	<-	L	00000000	 22	 51	 44	 66	  0	266	  0	  4	  4	  4	  4	  4	  4	  4	  4	  0	  0	  0	  0	  0	  0	  0	  0	  0	  0	  0	  0	  0	  0	  0	  0	  0	  0	  0	  0	  0	  0	  0	  0	 51	 44	 66	 48	  0	 79	  0	  0	  0	  0	  0	  0	  0	  0	  0	  0	  0	  5	12855	  0
26/11/2016	17:49:05	  	L	00000000	 22	 51	 44	 66	  0	271	  0	  4	  4	  4	  4	  4	  4	  4	  4	  0	  0	  0	  0	  0	  0	  0	  0	  0	  0	  0	  0	  0	  0	  0	  0	  0	  0	  0	  0	  0	  0	  0	  0	 51	 44	 66	 47	  0	 85	  0	  0	  0	  0	  0	  0	  0	  0	  0	  0	  0	  5	12855	  0
26/11/2016	17:54:05	->	L	00000000	 22	 52	 41	 48	  0	276	  0	  4	  4	  4	  4	  4	  4	  4	  4	  0	  0	  0	  0	  0	  0	  0	  0	  0	  0	  0	  0	  0	  0	  0	  0	  0	  0	  0	  0	  0	  0	  0	  0	 45	 41	 79	 52	  0	 51	  0	  0	  0	  0	  0	  0	  0	  0	  0	  0	  0	  5	12855	  0
26/11/2016	17:59:05	->	L	00000000	 22	 47	 42	 84	  0	281	  0	  4	  4	  4	  4	  4	  4	  4	  4	  0	  0	  0	  0	  0	  0	  0	  0	  0	  0	  0	  0	  0	  0	  0	  0	  0	  0	  0	  0	  0	  0	  0	  0	 46	 42	 79	 47	  0	 76	  0	  0	  0	  0	  0	  0	  0	  0	  0	  0	  0	  5	12855	  0
26/11/2016	18:04:05	->	L	00000000	 22	 49	 41	 62	  0	286	  0	  4	  4	  4	  4	  4	  4	  4	  4	  0	  0	  0	  0	  0	  0	  0	  0	  0	  0	  0	  0	  0	  0	  0	  0	  0	  0	  0	  0	  0	  0	  0	  0	 44	 41	 84	 49	  0	 62	  0	  0	  0	  0	  0	  0	  0	  0	  0	  0	  0	  5	12855	  0
26/11/2016	18:09:05	->	L	00000000	 22	 47	 40	 58	  0	291	  0	  4	  4	  4	  4	  4	  4	  4	  4	  0	  0	  0	  0	  0	  0	  0	  0	  0	  0	  0	  0	  0	  0	  0	  0	  0	  0	  0	  0	  0	  0	  0	  0	 44	 40	 79	 47	  0	 65	  0	  0	  0	  0	  0	  0	  0	  0	  0	  0	  0	  5	12855	  0
26/11/2016	18:14:05	->	L	00000000	 22	 48	 41	 70	  0	296	  0	  4	  4	  4	  4	  4	  4	  4	  4	  0	  0	  0	  0	  0	  0	  0	  0	  0	  0	  0	  0	  0	  0	  0	  0	  0	  0	  0	  0	  0	  0	  0	  0	 47	 41	 70	 48	  0	 66	  0	  0	  0	  0	  0	  0	  0	  0	  0	  0	  0	  5	12855	  0
26/11/2016	18:19:05	->	L	00000000	 22	 51	 41	 55	  0	301	  0	  4	  4	  4	  4	  4	  4	  4	  4	  0	  0	  0	  0	  0	  0	  0	  0	  0	  0	  0	  0	  0	  0	  0	  0	  0	  0	  0	  0	  0	  0	  0	  0	 45	 41	 79	 51	  0	 55	  0	  0	  0	  0	  0	  0	  0	  0	  0	  0	  0	  5	12855	  0
26/11/2016	18:24:05	->	L	00000000	 22	 50	 41	 55	  0	306	  0	  4	  4	  4	  4	  4	  4	  4	  4	  0	  0	  0	  0	  0	  0	  0	  0	  0	  0	  0	  0	  0	  0	  0	  0	  0	  0	  0	  0	  0	  0	  0	  0	 44	 41	 84	 50	  0	 58	  0	  0	  0	  0	  0	  0	  0	  0	  0	  0	  0	  5	12855	  0
26/11/2016	18:29:05	->	L	00000000	 22	 50	 41	 58	  0	311	  0	  4	  4	  4	  4	  4	  4	  4	  4	  0	  0	  0	  0	  0	  0	  0	  0	  0	  0	  0	  0	  0	  0	  0	  0	  0	  0	  0	  0	  0	  0	  0	  0	 44	 41	 84	 50	  0	 58	  0	  0	  0	  0	  0	  0	  0	  0	  0	  0	  0	  5	12855	  0
26/11/2016	18:34:05	->	L	00000000	 22	 50	 42	 62	  0	316	  0	  4	  4	  4	  4	  4	  4	  4	  4	  0	  0	  0	  0	  0	  0	  0	  0	  0	  0	  0	  0	  0	  0	  0	  0	  0	  0	  0	  0	  0	  0	  0	  0	 45	 42	 84	 50	  0	 62	  0	  0	  0	  0	  0	  0	  0	  0	  0	  0	  0	  5	12855	  0
26/11/2016	18:39:05	->	L	00000000	 22	 48	 41	 58	  0	321	  0	  4	  4	  4	  4	  4	  4	  4	  4	  0	  0	  0	  0	  0	  0	  0	  0	  0	  0	  0	  0	  0	  0	  0	  0	  0	  0	  0	  0	  0	  0	  0	  0	 44	 41	 84	 48	  0	 66	  0	  0	  0	  0	  0	  0	  0	  0	  0	  0	  0	  5	12855	  0
26/11/2016	18:44:05	->	L	00000000	 22	 52	 42	 55	  0	326	  0	  4	  4	  4	  4	  4	  4	  4	  4	  0	  0	  0	  0	  0	  0	  0	  0	  0	  0	  0	  0	  0	  0	  0	  0	  0	  0	  0	  0	  0	  0	  0	  0	 47	 42	 76	 52	  0	 55	  0	  0	  0	  0	  0	  0	  0	  0	  0	  0	  0	  5	12855	  0
26/11/2016	18:49:05	->	L	00000000	 22	 53	 42	 52	  0	331	  0	  4	  4	  4	  4	  4	  4	  4	  4	  0	  0	  0	  0	  0	  0	  0	  0	  0	  0	  0	  0	  0	  0	  0	  0	  0	  0	  0	  0	  0	  0	  0	  0	 45	 42	 84	 53	  0	 52	  0	  0	  0	  0	  0	  0	  0	  0	  0	  0	  0	  5	12855	  0
26/11/2016	18:54:05	->	L	00000000	 22	 52	 42	 51	  0	336	  0	  4	  4	  4	  4	  4	  4	  4	  4	  0	  0	  0	  0	  0	  0	  0	  0	  0	  0	  0	  0	  0	  0	  0	  0	  0	  0	  0	  0	  0	  0	  0	  0	 45	 42	 84	 52	  0	 55	  0	  0	  0	  0	  0	  0	  0	  0	  0	  0	  0	  5	12855	  0
26/11/2016	18:59:05	->	L	00000000	 22	 53	 42	 52	  0	341	  0	  4	  4	  4	  4	  4	  4	  4	  4	  0	  0	  0	  0	  0	  0	  0	  0	  0	  0	  0	  0	  0	  0	  0	  0	  0	  0	  0	  0	  0	  0	  0	  0	 45	 42	 84	 53	  0	 52	  0	  0	  0	  0	  0	  0	  0	  0	  0	  0	  0	  5	12855	  0
26/11/2016	19:04:05	->	L	00000000	 22	 52	 41	 55	  0	346	  0	  4	  4	  4	  4	  4	  4	  4	  4	  0	  0	  0	  0	  0	  0	  0	  0	  0	  0	  0	  0	  0	  0	  0	  0	  0	  0	  0	  0	  0	  0	  0	  0	 44	 41	 84	 52	  0	 51	  0	  0	  0	  0	  0	  0	  0	  0	  0	  0	  0	  5	12855	  0
26/11/2016	19:09:05	->	L	00000000	 22	 52	 42	 55	  0	351	  0	  4	  4	  4	  4	  4	  4	  4	  4	  0	  0	  0	  0	  0	  0	  0	  0	  0	  0	  0	  0	  0	  0	  0	  0	  0	  0	  0	  0	  0	  0	  0	  0	 45	 42	 84	 52	  0	 55	  0	  0	  0	  0	  0	  0	  0	  0	  0	  0	  0	  5	12855	  0
26/11/2016	19:14:05	->	L	00000000	 22	 52	 40	 45	  0	356	  0	  4	  4	  4	  4	  4	  4	  4	  4	  0	  0	  0	  0	  0	  0	  0	  0	  0	  0	  0	  0	  0	  0	  0	  0	  0	  0	  0	  0	  0	  0	  0	  0	 43	 40	 84	 52	  0	 48	  0	  0	  0	  0	  0	  0	  0	  0	  0	  0	  0	  5	12855	  0
26/11/2016	19:19:05	->	L	00000000	 23	 52	 41	 51	  0	  0	  0	  4	  4	  4	  4	  4	  4	  4	  4	  0	  0	  0	  0	  0	  0	  0	  0	  0	  0	  0	  0	  0	  0	  0	  0	  0	  0	  0	  0	  0	  0	  0	  0	 44	 41	 84	 52	  0	 51	  0	  0	  0	  0	  0	  0	  0	  0	  0	  0	  0	  5	20535	  0
26/11/2016	19:24:05	->	L	00000000	 23	 61	 42	 31	  0	  5	  0	  4	  4	  4	  4	  4	  4	  4	  4	  0	  0	  0	  0	  0	  0	  0	  0	  0	  0	  0	  0	  0	  0	  0	  0	  0	  0	  0	  0	  0	  0	  0	  0	 48	 42	 70	 61	  0	 31	  0	  0	  0	  0	  0	  0	  0	  0	  0	  0	  0	  5	20535	  0
26/11/2016	19:29:05	->	L	00000000	 23	 61	 43	 34	  0	 10	  0	  4	  4	  4	  4	  4	  4	  4	  4	  0	  0	  0	  0	  0	  0	  0	  0	  0	  0	  0	  0	  0	  0	  0	  0	  0	  0	  0	  0	  0	  0	  0	  0	 48	 43	 77	 61	  0	 34	  0	  0	  0	  0	  0	  0	  0	  0	  0	  0	  0	  5	20535	  0
26/11/2016	19:34:05	->	L	00000000	 23	 62	 43	 32	  0	 15	  0	  4	  4	  4	  4	  4	  4	  4	  4	  0	  0	  0	  0	  0	  0	  0	  0	  0	  0	  0	  0	  0	  0	  0	  0	  0	  0	  0	  0	  0	  0	  0	  0	 48	 43	 77	 62	  0	 32	  0	  0	  0	  0	  0	  0	  0	  0	  0	  0	  0	  5	20535	  0
26/11/2016	19:39:05	->	L	00000000	 23	 62	 44	 35	  0	 20	  0	  4	  4	  4	  4	  4	  4	  4	  4	  0	  0	  0	  0	  0	  0	  0	  0	  0	  0	  0	  0	  0	  0	  0	  0	  0	  0	  0	  0	  0	  0	  0	  0	 49	 44	 77	 62	  0	 35	  0	  0	  0	  0	  0	  0	  0	  0	  0	  0	  0	  5	20535	  0
26/11/2016	19:44:05	->	L	00000000	 23	 61	 43	 34	  0	 25	  0	  4	  4	  4	  4	  4	  4	  4	  4	  0	  0	  0	  0	  0	  0	  0	  0	  0	  0	  0	  0	  0	  0	  0	  0	  0	  0	  0	  0	  0	  0	  0	  0	 49	 43	 70	 61	  0	 34	  0	  0	  0	  0	  0	  0	  0	  0	  0	  0	  0	  5	20535	  0
26/11/2016	19:49:05	->	L	00000000	 23	 62	 44	 35	  0	 30	  0	  4	  4	  4	  4	  4	  4	  4	  4	  0	  0	  0	  0	  0	  0	  0	  0	  0	  0	  0	  0	  0	  0	  0	  0	  0	  0	  0	  0	  0	  0	  0	  0	 50	 44	 70	 62	  0	 35	  0	  0	  0	  0	  0	  0	  0	  0	  0	  0	  0	  5	20535	  0
26/11/2016	19:54:05	->	L	00000000	 23	 62	 45	 36	  0	 35	  0	  4	  4	  4	  4	  4	  4	  4	  4	  0	  0	  0	  0	  0	  0	  0	  0	  0	  0	  0	  0	  0	  0	  0	  0	  0	  0	  0	  0	  0	  0	  0	  0	 50	 45	 77	 62	  0	 36	  0	  0	  0	  0	  0	  0	  0	  0	  0	  0	  0	  5	20535	  0
26/11/2016	19:59:05	->	L	00000000	 23	 62	 45	 36	  0	 40	  0	  4	  4	  4	  4	  4	  4	  4	  4	  0	  0	  0	  0	  0	  0	  0	  0	  0	  0	  0	  0	  0	  0	  0	  0	  0	  0	  0	  0	  0	  0	  0	  0	 50	 45	 77	 62	  0	 36	  0	  0	  0	  0	  0	  0	  0	  0	  0	  0	  0	  5	20535	  0
26/11/2016	20:04:05	->	L	00000000	 23	 61	 45	 36	  0	 45	  0	  4	  4	  4	  4	  4	  4	  4	  4	  0	  0	  0	  0	  0	  0	  0	  0	  0	  0	  0	  0	  0	  0	  0	  0	  0	  0	  0	  0	  0	  0	  0	  0	 50	 45	 77	 61	  0	 39	  0	  0	  0	  0	  0	  0	  0	  0	  0	  0	  0	  5	15415	  0
26/11/2016	20:09:06	->	L	00000000	 23	 58	 45	 44	  0	 50	  0	  4	  4	  4	  4	  4	  4	  4	  4	  0	  0	  0	  0	  0	  0	  0	  0	  0	  0	  0	  0	  0	  0	  0	  0	  0	  0	  0	  0	  0	  0	  0	  0	 50	 45	 77	 58	  0	 46	  0	  0	  0	  0	  0	  0	  0	  0	  0	  0	  0	  5	15415	  0
26/11/2016	20:14:05	->	L	00000000	 23	 50	 45	 77	  0	 55	  0	  4	  4	  4	  4	  4	  4	  4	  4	  0	  0	  0	  0	  0	  0	  0	  0	  0	  0	  0	  0	  0	  0	  0	  0	  0	  0	  0	  0	  0	  0	  0	  0	 50	 45	 77	 50	  0	 77	  0	  0	  0	  0	  0	  0	  0	  0	  0	  0	  0	  5	15415	  0
26/11/2016	20:19:05	->	L	00000000	 23	 51	 45	 70	  0	 60	  0	  4	  4	  4	  4	  4	  4	  4	  4	  0	  0	  0	  0	  0	  0	  0	  0	  0	  0	  0	  0	  0	  0	  0	  0	  0	  0	  0	  0	  0	  0	  0	  0	 51	 45	 70	 48	  0	 85	  0	  0	  0	  0	  0	  0	  0	  0	  0	  0	  0	  5	15415	  0
26/11/2016	20:24:05	->	L	00000000	 23	 50	 45	 77	  0	 65	  0	  4	  4	  4	  4	  4	  4	  4	  4	  0	  0	  0	  0	  0	  0	  0	  0	  0	  0	  0	  0	  0	  0	  0	  0	  0	  0	  0	  0	  0	  0	  0	  0	 50	 45	 77	 49	  0	 79	  0	  0	  0	  0	  0	  0	  0	  0	  0	  0	  0	  5	15415	  0
26/11/2016	20:29:05	->	L	00000000	 23	 50	 46	 77	  0	 70	  0	  4	  4	  4	  4	  4	  4	  4	  4	  0	  0	  0	  0	  0	  0	  0	  0	  0	  0	  0	  0	  0	  0	  0	  0	  0	  0	  0	  0	  0	  0	  0	  0	 50	 46	 80	 49	  0	 85	  0	  0	  0	  0	  0	  0	  0	  0	  0	  0	  0	  5	15415	  0
26/11/2016	20:34:05	->	L	00000000	 23	 52	 47	 77	  0	 75	  0	  4	  4	  4	  4	  4	  4	  4	  4	  0	  0	  0	  0	  0	  0	  0	  0	  0	  0	  0	  0	  0	  0	  0	  0	  0	  0	  0	  0	  0	  0	  0	  0	 52	 47	 77	 49	  0	 89	  0	  0	  0	  0	  0	  0	  0	  0	  0	  0	  0	  5	15415	  0
26/11/2016	20:39:05	->	L	00000000	 23	 51	 46	 77	  0	 80	  0	  4	  4	  4	  4	  4	  4	  4	  4	  0	  0	  0	  0	  0	  0	  0	  0	  0	  0	  0	  0	  0	  0	  0	  0	  0	  0	  0	  0	  0	  0	  0	  0	 51	 46	 77	 49	  0	 85	  0	  0	  0	  0	  0	  0	  0	  0	  0	  0	  0	  5	12855	  0
26/11/2016	20:44:06	->	L	00000000	 23	 49	 46	 85	  0	 85	  0	  4	  4	  4	  4	  4	  4	  4	  4	  0	  0	  0	  0	  0	  0	  0	  0	  0	  0	  0	  0	  0	  0	  0	  0	  0	  0	  0	  0	  0	  0	  0	  0	 49	 46	 85	 49	  0	 85	  0	  0	  0	  0	  0	  0	  0	  0	  0	  0	  0	  5	12855	  0
26/11/2016	20:49:06	->	L	00000000	 23	 52	 46	 77	  0	 90	  0	  4	  4	  4	  4	  4	  4	  4	  4	  0	  0	  0	  0	  0	  0	  0	  0	  0	  0	  0	  0	  0	  0	  0	  0	  0	  0	  0	  0	  0	  0	  0	  0	 50	 46	 80	 52	  0	 71	  0	  0	  0	  0	  0	  0	  0	  0	  0	  0	  0	  5	12855	  0
26/11/2016	20:54:06	->	L	00000000	 23	 51	 45	 70	  0	 95	  0	  4	  4	  4	  4	  4	  4	  4	  4	  0	  0	  0	  0	  0	  0	  0	  0	  0	  0	  0	  0	  0	  0	  0	  0	  0	  0	  0	  0	  0	  0	  0	  0	 47	 45	 89	 51	  0	 70	  0	  0	  0	  0	  0	  0	  0	  0	  0	  0	  0	  5	12855	  0
26/11/2016	20:59:06	->	L	00000000	 23	 50	 44	 77	  0	100	  0	  4	  4	  4	  4	  4	  4	  4	  4	  0	  0	  0	  0	  0	  0	  0	  0	  0	  0	  0	  0	  0	  0	  0	  0	  0	  0	  0	  0	  0	  0	  0	  0	 46	 44	 89	 50	  0	 70	  0	  0	  0	  0	  0	  0	  0	  0	  0	  0	  0	  5	12855	  0
26/11/2016	21:04:05	->	L	00000000	 23	 50	 45	 79	  0	105	  0	  4	  4	  4	  4	  4	  4	  4	  4	  0	  0	  0	  0	  0	  0	  0	  0	  0	  0	  0	  0	  0	  0	  0	  0	  0	  0	  0	  0	  0	  0	  0	  0	 46	 45	 94	 50	  0	 77	  0	  0	  0	  0	  0	  0	  0	  0	  0	  0	  0	  5	12855	  0
26/11/2016	21:09:05	->	L	00000000	 23	 50	 44	 70	  0	110	  0	  4	  4	  4	  4	  4	  4	  4	  4	  0	  0	  0	  0	  0	  0	  0	  0	  0	  0	  0	  0	  0	  0	  0	  0	  0	  0	  0	  0	  0	  0	  0	  0	 46	 44	 89	 50	  0	 70	  0	  0	  0	  0	  0	  0	  0	  0	  0	  0	  0	  5	12855	  0
26/11/2016	21:14:05	->	L	00000000	 23	 50	 44	 77	  0	115	  0	  4	  4	  4	  4	  4	  4	  4	  4	  0	  0	  0	  0	  0	  0	  0	  0	  0	  0	  0	  0	  0	  0	  0	  0	  0	  0	  0	  0	  0	  0	  0	  0	 45	 44	 94	 50	  0	 70	  0	  0	  0	  0	  0	  0	  0	  0	  0	  0	  0	  5	12855	  0
26/11/2016	21:19:05	->	L	00000000	 23	 48	 44	 77	  0	120	  0	  4	  4	  4	  4	  4	  4	  4	  4	  0	  0	  0	  0	  0	  0	  0	  0	  0	  0	  0	  0	  0	  0	  0	  0	  0	  0	  0	  0	  0	  0	  0	  0	 46	 44	 89	 48	  0	 79	  0	  0	  0	  0	  0	  0	  0	  0	  0	  0	  0	  5	12855	  0
26/11/2016	21:24:05	->	L	00000000	 23	 49	 45	 85	  0	125	  0	  4	  4	  4	  4	  4	  4	  4	  4	  0	  0	  0	  0	  0	  0	  0	  0	  0	  0	  0	  0	  0	  0	  0	  0	  0	  0	  0	  0	  0	  0	  0	  0	 49	 45	 79	 49	  0	 79	  0	  0	  0	  0	  0	  0	  0	  0	  0	  0	  0	  5	12855	  0
26/11/2016	21:29:05	->	L	00000000	 23	 52	 44	 67	  0	130	  0	  4	  4	  4	  4	  4	  4	  4	  4	  0	  0	  0	  0	  0	  0	  0	  0	  0	  0	  0	  0	  0	  0	  0	  0	  0	  0	  0	  0	  0	  0	  0	  0	 47	 44	 85	 52	  0	 63	  0	  0	  0	  0	  0	  0	  0	  0	  0	  0	  0	  5	12855	  0
26/11/2016	21:34:05	->	L	00000000	 23	 50	 44	 70	  0	135	  0	  4	  4	  4	  4	  4	  4	  4	  4	  0	  0	  0	  0	  0	  0	  0	  0	  0	  0	  0	  0	  0	  0	  0	  0	  0	  0	  0	  0	  0	  0	  0	  0	 46	 44	 89	 50	  0	 70	  0	  0	  0	  0	  0	  0	  0	  0	  0	  0	  0	  5	12855	  0
26/11/2016	21:39:05	->	L	00000000	 23	 51	 43	 62	  0	140	  0	  4	  4	  4	  4	  4	  4	  4	  4	  0	  0	  0	  0	  0	  0	  0	  0	  0	  0	  0	  0	  0	  0	  0	  0	  0	  0	  0	  0	  0	  0	  0	  0	 45	 43	 89	 51	  0	 62	  0	  0	  0	  0	  0	  0	  0	  0	  0	  0	  0	  5	12855	  0
26/11/2016	21:44:05	->	L	00000000	 23	 52	 43	 59	  0	145	  0	  4	  4	  4	  4	  4	  4	  4	  4	  0	  0	  0	  0	  0	  0	  0	  0	  0	  0	  0	  0	  0	  0	  0	  0	  0	  0	  0	  0	  0	  0	  0	  0	 45	 43	 89	 52	  0	 59	  0	  0	  0	  0	  0	  0	  0	  0	  0	  0	  0	  5	12855	  0
26/11/2016	21:49:05	->	L	00000000	 23	 51	 43	 66	  0	150	  0	  4	  4	  4	  4	  4	  4	  4	  4	  0	  0	  0	  0	  0	  0	  0	  0	  0	  0	  0	  0	  0	  0	  0	  0	  0	  0	  0	  0	  0	  0	  0	  0	 45	 43	 89	 51	  0	 62	  0	  0	  0	  0	  0	  0	  0	  0	  0	  0	  0	  5	12855	  0
26/11/2016	21:54:05	<-	L	00000000	 23	 50	 46	 80	  0	155	  0	  4	  4	  4	  4	  4	  4	  4	  4	  0	  0	  0	  0	  0	  0	  0	  0	  0	  0	  0	  0	  0	  0	  0	  0	  0	  0	  0	  0	  0	  0	  0	  0	 50	 46	 80	 49	  0	 85	  0	  0	  0	  0	  0	  0	  0	  0	  0	  0	  0	  5	12855	  0
26/11/2016	21:59:05	<-	L	00000000	 23	 50	 46	 77	  0	160	  0	  4	  4	  4	  4	  4	  4	  4	  4	  0	  0	  0	  0	  0	  0	  0	  0	  0	  0	  0	  0	  0	  0	  0	  0	  0	  0	  0	  0	  0	  0	  0	  0	 50	 46	 80	 48	  0	 89	  0	  0	  0	  0	  0	  0	  0	  0	  0	  0	  0	  5	12855	  0
26/11/2016	22:04:05	<-	L	00000000	 23	 50	 45	 80	  0	165	  0	  4	  4	  4	  4	  4	  4	  4	  4	  0	  0	  0	  0	  0	  0	  0	  0	  0	  0	  0	  0	  0	  0	  0	  0	  0	  0	  0	  0	  0	  0	  0	  0	 50	 45	 77	 47	  0	 89	  0	  0	  0	  0	  0	  0	  0	  0	  0	  0	  0	  5	12855	  0
26/11/2016	22:09:05	<-	L	00000000	 23	 50	 45	 79	  0	170	  0	  4	  4	  4	  4	  4	  4	  4	  4	  0	  0	  0	  0	  0	  0	  0	  0	  0	  0	  0	  0	  0	  0	  0	  0	  0	  0	  0	  0	  0	  0	  0	  0	 50	 45	 77	 47	  0	 89	  0	  0	  0	  0	  0	  0	  0	  0	  0	  0	  0	  5	12855	  0
26/11/2016	22:14:05	<-	L	00000000	 23	 52	 46	 71	  0	175	  0	  4	  4	  4	  4	  4	  4	  4	  4	  0	  0	  0	  0	  0	  0	  0	  0	  0	  0	  0	  0	  0	  0	  0	  0	  0	  0	  0	  0	  0	  0	  0	  0	 52	 46	 71	 48	  0	 89	  0	  0	  0	  0	  0	  0	  0	  0	  0	  0	  0	  5	12855	  0
26/11/2016	22:19:05	<-	L	00000000	 23	 51	 45	 70	  0	180	  0	  4	  4	  4	  4	  4	  4	  4	  4	  0	  0	  0	  0	  0	  0	  0	  0	  0	  0	  0	  0	  0	  0	  0	  0	  0	  0	  0	  0	  0	  0	  0	  0	 51	 45	 70	 48	  0	 85	  0	  0	  0	  0	  0	  0	  0	  0	  0	  0	  0	  5	12855	  0
26/11/2016	22:24:05	<-	L	00000000	 23	 51	 45	 70	  0	185	  0	  4	  4	  4	  4	  4	  4	  4	  4	  0	  0	  0	  0	  0	  0	  0	  0	  0	  0	  0	  0	  0	  0	  0	  0	  0	  0	  0	  0	  0	  0	  0	  0	 51	 45	 70	 48	  0	 85	  0	  0	  0	  0	  0	  0	  0	  0	  0	  0	  0	  5	12855	  0
26/11/2016	22:29:05	<-	L	00000000	 23	 52	 45	 67	  0	190	  0	  4	  4	  4	  4	  4	  4	  4	  4	  0	  0	  0	  0	  0	  0	  0	  0	  0	  0	  0	  0	  0	  0	  0	  0	  0	  0	  0	  0	  0	  0	  0	  0	 52	 45	 67	 48	  0	 85	  0	  0	  0	  0	  0	  0	  0	  0	  0	  0	  0	  5	12855	  0
26/11/2016	22:34:06	<-	L	00000000	 23	 51	 45	 70	  0	195	  0	  4	  4	  4	  4	  4	  4	  4	  4	  0	  0	  0	  0	  0	  0	  0	  0	  0	  0	  0	  0	  0	  0	  0	  0	  0	  0	  0	  0	  0	  0	  0	  0	 51	 45	 70	 48	  0	 85	  0	  0	  0	  0	  0	  0	  0	  0	  0	  0	  0	  5	12855	  0
26/11/2016	22:39:06	<-	L	00000000	 23	 53	 45	 63	  0	200	  0	  4	  4	  4	  4	  4	  4	  4	  4	  0	  0	  0	  0	  0	  0	  0	  0	  0	  0	  0	  0	  0	  0	  0	  0	  0	  0	  0	  0	  0	  0	  0	  0	 53	 45	 63	 49	  0	 79	  0	  0	  0	  0	  0	  0	  0	  0	  0	  0	  0	  5	12855	  0
26/11/2016	22:44:05	<-	L	00000000	 23	 55	 46	 60	  0	205	  0	  4	  4	  4	  4	  4	  4	  4	  4	  0	  0	  0	  0	  0	  0	  0	  0	  0	  0	  0	  0	  0	  0	  0	  0	  0	  0	  0	  0	  0	  0	  0	  0	 55	 46	 60	 49	  0	 85	  0	  0	  0	  0	  0	  0	  0	  0	  0	  0	  0	  5	12855	  0
26/11/2016	22:49:06	<-	L	00000000	 23	 52	 46	 70	  0	210	  0	  4	  4	  4	  4	  4	  4	  4	  4	  0	  0	  0	  0	  0	  0	  0	  0	  0	  0	  0	  0	  0	  0	  0	  0	  0	  0	  0	  0	  0	  0	  0	  0	 52	 46	 71	 48	  0	 89	  0	  0	  0	  0	  0	  0	  0	  0	  0	  0	  0	  5	12855	  0
26/11/2016	22:54:05	<-	L	00000000	 23	 49	 45	 79	  0	215	  0	  4	  4	  4	  4	  4	  4	  4	  4	  0	  0	  0	  0	  0	  0	  0	  0	  0	  0	  0	  0	  0	  0	  0	  0	  0	  0	  0	  0	  0	  0	  0	  0	 49	 45	 79	 47	  0	 89	  0	  0	  0	  0	  0	  0	  0	  0	  0	  0	  0	  5	12855	  0
26/11/2016	22:59:05	<-	L	00000000	 23	 49	 45	 77	  0	220	  0	  4	  4	  4	  4	  4	  4	  4	  4	  0	  0	  0	  0	  0	  0	  0	  0	  0	  0	  0	  0	  0	  0	  0	  0	  0	  0	  0	  0	  0	  0	  0	  0	 49	 45	 79	 47	  0	 89	  0	  0	  0	  0	  0	  0	  0	  0	  0	  0	  0	  5	12855	  0
26/11/2016	23:04:06	<-	L	00000000	 23	 54	 46	 63	  0	225	  0	  4	  4	  4	  4	  4	  4	  4	  4	  0	  0	  0	  0	  0	  0	  0	  0	  0	  0	  0	  0	  0	  0	  0	  0	  0	  0	  0	  0	  0	  0	  0	  0	 54	 46	 63	 49	  0	 85	  0	  0	  0	  0	  0	  0	  0	  0	  0	  0	  0	  5	12855	  0
26/11/2016	23:09:06	<-	L	00000000	 23	 53	 46	 67	  0	230	  0	  4	  4	  4	  4	  4	  4	  4	  4	  0	  0	  0	  0	  0	  0	  0	  0	  0	  0	  0	  0	  0	  0	  0	  0	  0	  0	  0	  0	  0	  0	  0	  0	 53	 46	 67	 49	  0	 85	  0	  0	  0	  0	  0	  0	  0	  0	  0	  0	  0	  5	12855	  0
26/11/2016	23:14:06	<-	L	00000000	 23	 49	 45	 79	  0	235	  0	  4	  4	  4	  4	  4	  4	  4	  4	  0	  0	  0	  0	  0	  0	  0	  0	  0	  0	  0	  0	  0	  0	  0	  0	  0	  0	  0	  0	  0	  0	  0	  0	 49	 45	 79	 47	  0	 89	  0	  0	  0	  0	  0	  0	  0	  0	  0	  0	  0	  5	12855	  0
26/11/2016	23:19:06	<-	L	00000000	 23	 51	 45	 70	  0	240	  0	  4	  4	  4	  4	  4	  4	  4	  4	  0	  0	  0	  0	  0	  0	  0	  0	  0	  0	  0	  0	  0	  0	  0	  0	  0	  0	  0	  0	  0	  0	  0	  0	 51	 45	 70	 48	  0	 85	  0	  0	  0	  0	  0	  0	  0	  0	  0	  0	  0	  5	12855	  0
26/11/2016	23:24:06	<-	L	00000000	 23	 55	 46	 60	  0	245	  0	  4	  4	  4	  4	  4	  4	  4	  4	  0	  0	  0	  0	  0	  0	  0	  0	  0	  0	  0	  0	  0	  0	  0	  0	  0	  0	  0	  0	  0	  0	  0	  0	 55	 46	 60	 50	  0	 80	  0	  0	  0	  0	  0	  0	  0	  0	  0	  0	  0	  5	12855	  0
26/11/2016	23:29:06	<-	L	00000000	 23	 50	 45	 77	  0	250	  0	  4	  4	  4	  4	  4	  4	  4	  4	  0	  0	  0	  0	  0	  0	  0	  0	  0	  0	  0	  0	  0	  0	  0	  0	  0	  0	  0	  0	  0	  0	  0	  0	 50	 45	 77	 47	  0	 89	  0	  0	  0	  0	  0	  0	  0	  0	  0	  0	  0	  5	12855	  0
26/11/2016	23:34:06	<-	L	00000000	 23	 53	 46	 63	  0	255	  0	  4	  4	  4	  4	  4	  4	  4	  4	  0	  0	  0	  0	  0	  0	  0	  0	  0	  0	  0	  0	  0	  0	  0	  0	  0	  0	  0	  0	  0	  0	  0	  0	 53	 46	 67	 49	  0	 85	  0	  0	  0	  0	  0	  0	  0	  0	  0	  0	  0	  5	12855	  0
26/11/2016	23:39:06	<-	L	00000000	 23	 49	 45	 79	  0	260	  0	  4	  4	  4	  4	  4	  4	  4	  4	  0	  0	  0	  0	  0	  0	  0	  0	  0	  0	  0	  0	  0	  0	  0	  0	  0	  0	  0	  0	  0	  0	  0	  0	 49	 45	 79	 47	  0	 89	  0	  0	  0	  0	  0	  0	  0	  0	  0	  0	  0	  5	12855	  0
26/11/2016	23:44:06	<-	L	00000000	 23	 52	 45	 67	  0	265	  0	  4	  4	  4	  4	  4	  4	  4	  4	  0	  0	  0	  0	  0	  0	  0	  0	  0	  0	  0	  0	  0	  0	  0	  0	  0	  0	  0	  0	  0	  0	  0	  0	 52	 45	 67	 48	  0	 85	  0	  0	  0	  0	  0	  0	  0	  0	  0	  0	  0	  5	12855	  0
26/11/2016	23:49:06	<-	L	00000000	 23	 53	 45	 70	  0	270	  0	  4	  4	  4	  4	  4	  4	  4	  4	  0	  0	  0	  0	  0	  0	  0	  0	  0	  0	  0	  0	  0	  0	  0	  0	  0	  0	  0	  0	  0	  0	  0	  0	 53	 45	 63	 48	  0	 85	  0	  0	  0	  0	  0	  0	  0	  0	  0	  0	  0	  5	12855	  0
26/11/2016	23:54:06	<-	L	00000000	 23	 51	 45	 70	  0	275	  0	  4	  4	  4	  4	  4	  4	  4	  4	  0	  0	  0	  0	  0	  0	  0	  0	  0	  0	  0	  0	  0	  0	  0	  0	  0	  0	  0	  0	  0	  0	  0	  0	 51	 45	 70	 48	  0	 85	  0	  0	  0	  0	  0	  0	  0	  0	  0	  0	  0	  5	12855	  0
26/11/2016	23:59:06	<-	L	00000000	 23	 52	 45	 67	  0	280	  0	  4	  4	  4	  4	  4	  4	  4	  4	  0	  0	  0	  0	  0	  0	  0	  0	  0	  0	  0	  0	  0	  0	  0	  0	  0	  0	  0	  0	  0	  0	  0	  0	 52	 45	 67	 48	  0	 85	  0	  0	  0	  0	  0	  0	  0	  0	  0	  0	  0	  5	12855	  0
27/11/2016	00:04:06	<-	L	00000000	 23	 52	 45	 67	  0	285	  0	  4	  4	  4	  4	  4	  4	  4	  4	  0	  0	  0	  0	  0	  0	  0	  0	  0	  0	  0	  0	  0	  0	  0	  0	  0	  0	  0	  0	  0	  0	  0	  0	 52	 45	 67	 48	  0	 85	  0	  0	  0	  0	  0	  0	  0	  0	  0	  0	  0	  5	12855	  0
27/11/2016	00:09:06	<-	L	00000000	 23	 52	 45	 70	  0	290	  0	  4	  4	  4	  4	  4	  4	  4	  4	  0	  0	  0	  0	  0	  0	  0	  0	  0	  0	  0	  0	  0	  0	  0	  0	  0	  0	  0	  0	  0	  0	  0	  0	 52	 45	 67	 47	  0	 89	  0	  0	  0	  0	  0	  0	  0	  0	  0	  0	  0	  5	12855	  0
27/11/2016	00:14:06	<-	L	00000000	 23	 49	 44	 70	  0	295	  0	  4	  4	  4	  4	  4	  4	  4	  4	  0	  0	  0	  0	  0	  0	  0	  0	  0	  0	  0	  0	  0	  0	  0	  0	  0	  0	  0	  0	  0	  0	  0	  0	 49	 44	 77	 47	  0	 85	  0	  0	  0	  0	  0	  0	  0	  0	  0	  0	  0	  5	12855	  0
27/11/2016	00:19:06	<-	L	00000000	 23	 50	 44	 70	  0	300	  0	  4	  4	  4	  4	  4	  4	  4	  4	  0	  0	  0	  0	  0	  0	  0	  0	  0	  0	  0	  0	  0	  0	  0	  0	  0	  0	  0	  0	  0	  0	  0	  0	 50	 44	 70	 47	  0	 85	  0	  0	  0	  0	  0	  0	  0	  0	  0	  0	  0	  5	12855	  0
27/11/2016	00:24:06	<-	L	00000000	 23	 54	 45	 60	  0	305	  0	  4	  4	  4	  4	  4	  4	  4	  4	  0	  0	  0	  0	  0	  0	  0	  0	  0	  0	  0	  0	  0	  0	  0	  0	  0	  0	  0	  0	  0	  0	  0	  0	 54	 45	 60	 49	  0	 79	  0	  0	  0	  0	  0	  0	  0	  0	  0	  0	  0	  5	12855	  0
27/11/2016	00:29:06	<-	L	00000000	 23	 49	 44	 70	  0	310	  0	  4	  4	  4	  4	  4	  4	  4	  4	  0	  0	  0	  0	  0	  0	  0	  0	  0	  0	  0	  0	  0	  0	  0	  0	  0	  0	  0	  0	  0	  0	  0	  0	 49	 44	 77	 46	  0	 89	  0	  0	  0	  0	  0	  0	  0	  0	  0	  0	  0	  5	12855	  0
