26-02-2016	21:49:42	  	L	00000000	 10	 30	 24	 66	  0	  1	  0	  4	  4	  4	  4	  4	  4	  4	  4	  0	  0	  0	  0	  0	  0	  0	  0	  0	  0	  0	  0	  0	  0	  0	  0	  0	  0	  0	  0	  0	  0	  0	  0	 30	 24	 66	 30	  0	 66	  0	  0	  0	  0	  0	  0	  0	  0	  0	  0	  0	  5	7705	  1
26-02-2016	21:54:42	->	L	00000000	 10	 35	 24	 46	  0	  6	  0	  4	  4	  4	  4	  4	  4	  4	  4	  0	  0	  0	  0	  0	  0	  0	  0	  0	  0	  0	  0	  0	  0	  0	  0	  0	  0	  0	  0	  0	  0	  0	  0	 28	 24	 77	 35	  0	 46	  0	  0	  0	  0	  0	  0	  0	  0	  0	  0	  0	  5	7962	  1
26-02-2016	21:59:42	->	L	00000000	 10	 33	 24	 50	  0	 11	  0	  4	  4	  4	  4	  4	  4	  4	  4	  0	  0	  0	  0	  0	  0	  0	  0	  0	  0	  0	  0	  0	  0	  0	  0	  0	  0	  0	  0	  0	  0	  0	  0	 29	 24	 74	 33	  0	 54	  0	  0	  0	  0	  0	  0	  0	  0	  0	  0	  0	  5	8219	  1
26-02-2016	22:04:43	->	L	00000000	 10	 31	 24	 57	  0	 16	  0	  4	  4	  4	  4	  4	  4	  4	  4	  0	  0	  0	  0	  0	  0	  0	  0	  0	  0	  0	  0	  0	  0	  0	  0	  0	  0	  0	  0	  0	  0	  0	  0	 28	 24	 77	 31	  0	 61	  0	  0	  0	  0	  0	  0	  0	  0	  0	  0	  0	  5	8219	  1
26-02-2016	22:09:43	->	L	00000000	 10	 31	 25	 62	  0	 21	  0	  4	  4	  4	  4	  4	  4	  4	  4	  0	  0	  0	  0	  0	  0	  0	  0	  0	  0	  0	  0	  0	  0	  0	  0	  0	  0	  0	  0	  0	  0	  0	  0	 28	 25	 83	 31	  0	 66	  0	  0	  0	  0	  0	  0	  0	  0	  0	  0	  0	  5	8476	  1
26-02-2016	22:14:43	->	L	00000000	 10	 34	 26	 62	  0	 26	  0	  4	  4	  4	  4	  4	  4	  4	  4	  0	  0	  0	  0	  0	  0	  0	  0	  0	  0	  0	  0	  0	  0	  0	  0	  0	  0	  0	  0	  0	  0	  0	  0	 29	 26	 83	 34	  0	 58	  0	  0	  0	  0	  0	  0	  0	  0	  0	  0	  0	  5	8733	  1
26-02-2016	22:19:43	->	L	00000000	 10	 40	 27	 44	  0	 31	  0	  4	  4	  4	  4	  4	  4	  4	  4	  0	  0	  0	  0	  0	  0	  0	  0	  0	  0	  0	  0	  0	  0	  0	  0	  0	  0	  0	  0	  0	  0	  0	  0	 31	 27	 77	 40	  0	 40	  0	  0	  0	  0	  0	  0	  0	  0	  0	  0	  0	  5	8990	  1
26-02-2016	22:24:43	->	L	00000000	 10	 41	 28	 40	  0	 36	  0	  4	  4	  4	  4	  4	  4	  4	  4	  0	  0	  0	  0	  0	  0	  0	  0	  0	  0	  0	  0	  0	  0	  0	  0	  0	  0	  0	  0	  0	  0	  0	  0	 32	 28	 77	 41	  0	 40	  0	  0	  0	  0	  0	  0	  0	  0	  0	  0	  0	  5	9247	  1
26-02-2016	22:29:43	->	L	00000000	 10	 41	 29	 45	  0	 41	  0	  4	  4	  4	  4	  4	  4	  4	  4	  0	  0	  0	  0	  0	  0	  0	  0	  0	  0	  0	  0	  0	  0	  0	  0	  0	  0	  0	  0	  0	  0	  0	  0	 33	 29	 77	 41	  0	 45	  0	  0	  0	  0	  0	  0	  0	  0	  0	  0	  0	  5	9504	  1
26-02-2016	22:34:43	->	L	00000000	 10	 41	 29	 45	  0	 46	  0	  4	  4	  4	  4	  4	  4	  4	  4	  0	  0	  0	  0	  0	  0	  0	  0	  0	  0	  0	  0	  0	  0	  0	  0	  0	  0	  0	  0	  0	  0	  0	  0	 33	 29	 77	 41	  0	 45	  0	  0	  0	  0	  0	  0	  0	  0	  0	  0	  0	  5	9761	  1
26-02-2016	22:39:44	->	L	00000000	 10	 38	 30	 55	  0	 51	  0	  4	  4	  4	  4	  4	  4	  4	  4	  0	  0	  0	  0	  0	  0	  0	  0	  0	  0	  0	  0	  0	  0	  0	  0	  0	  0	  0	  0	  0	  0	  0	  0	 33	 30	 83	 38	  0	 59	  0	  0	  0	  0	  0	  0	  0	  0	  0	  0	  0	  5	10018	  1
26-02-2016	22:44:43	->	L	00000000	 10	 41	 30	 52	  0	 56	  0	  4	  4	  4	  4	  4	  4	  4	  4	  0	  0	  0	  0	  0	  0	  0	  0	  0	  0	  0	  0	  0	  0	  0	  0	  0	  0	  0	  0	  0	  0	  0	  0	 34	 30	 77	 41	  0	 48	  0	  0	  0	  0	  0	  0	  0	  0	  0	  0	  0	  5	10275	  1
26-02-2016	22:49:43	->	L	00000000	 10	 44	 31	 46	  0	 61	  0	  4	  4	  4	  4	  4	  4	  4	  4	  0	  0	  0	  0	  0	  0	  0	  0	  0	  0	  0	  0	  0	  0	  0	  0	  0	  0	  0	  0	  0	  0	  0	  0	 35	 31	 78	 44	  0	 41	  0	  0	  0	  0	  0	  0	  0	  0	  0	  0	  0	  5	10532	  1
26-02-2016	22:54:43	->	L	00000000	 10	 42	 32	 52	  0	 66	  0	  4	  4	  4	  4	  4	  4	  4	  4	  0	  0	  0	  0	  0	  0	  0	  0	  0	  0	  0	  0	  0	  0	  0	  0	  0	  0	  0	  0	  0	  0	  0	  0	 35	 32	 83	 42	  0	 52	  0	  0	  0	  0	  0	  0	  0	  0	  0	  0	  0	  5	10789	  1
26-02-2016	22:59:43	->	L	00000000	 10	 42	 32	 56	  0	 71	  0	  4	  4	  4	  4	  4	  4	  4	  4	  0	  0	  0	  0	  0	  0	  0	  0	  0	  0	  0	  0	  0	  0	  0	  0	  0	  0	  0	  0	  0	  0	  0	  0	 35	 32	 83	 42	  0	 52	  0	  0	  0	  0	  0	  0	  0	  0	  0	  0	  0	  5	11046	  1
26-02-2016	23:04:43	->	L	00000000	 10	 45	 33	 46	  0	 76	  0	  4	  4	  4	  4	  4	  4	  4	  4	  0	  0	  0	  0	  0	  0	  0	  0	  0	  0	  0	  0	  0	  0	  0	  0	  0	  0	  0	  0	  0	  0	  0	  0	 36	 33	 83	 45	  0	 46	  0	  0	  0	  0	  0	  0	  0	  0	  0	  0	  0	  5	11046	  1
26-02-2016	23:09:43	->	L	00000000	 10	 44	 34	 49	  0	 81	  0	  4	  4	  4	  4	  4	  4	  4	  4	  0	  0	  0	  0	  0	  0	  0	  0	  0	  0	  0	  0	  0	  0	  0	  0	  0	  0	  0	  0	  0	  0	  0	  0	 37	 34	 84	 44	  0	 53	  0	  0	  0	  0	  0	  0	  0	  0	  0	  0	  0	  5	11303	  1
26-02-2016	23:14:43	->	L	00000000	 10	 43	 34	 53	  0	 86	  0	  4	  4	  4	  4	  4	  4	  4	  4	  0	  0	  0	  0	  0	  0	  0	  0	  0	  0	  0	  0	  0	  0	  0	  0	  0	  0	  0	  0	  0	  0	  0	  0	 37	 34	 84	 43	  0	 56	  0	  0	  0	  0	  0	  0	  0	  0	  0	  0	  0	  5	11560	  1
26-02-2016	23:19:44	->	L	00000000	 10	 46	 35	 49	  0	 91	  0	  4	  4	  4	  4	  4	  4	  4	  4	  0	  0	  0	  0	  0	  0	  0	  0	  0	  0	  0	  0	  0	  0	  0	  0	  0	  0	  0	  0	  0	  0	  0	  0	 38	 35	 84	 46	  0	 49	  0	  0	  0	  0	  0	  0	  0	  0	  0	  0	  0	  5	11817	  1
27-02-2016	02:14:46	->	L	00000000	 10	 41	 33	 75	  0	 97	  0	  4	  4	  4	  4	  4	  4	  4	  4	  0	  0	  0	  0	  0	  0	  0	  0	  0	  0	  0	  0	  0	  0	  0	  0	  0	  0	  0	  0	  0	  0	  0	  0	 35	 33	 89	 41	  0	 60	  0	  0	  0	  0	  0	  0	  0	  0	  0	  0	  0	  5	10789	  1
27-02-2016	02:19:46	->	L	00000000	 10	 46	 35	 57	  0	102	  0	  4	  4	  4	  4	  4	  4	  4	  4	  0	  0	  0	  0	  0	  0	  0	  0	  0	  0	  0	  0	  0	  0	  0	  0	  0	  0	  0	  0	  0	  0	  0	  0	 37	 35	 89	 46	  0	 49	  0	  0	  0	  0	  0	  0	  0	  0	  0	  0	  0	  5	11046	  1
27-02-2016	02:24:46	->	L	00000000	 10	 43	 35	 64	  0	107	  0	  4	  4	  4	  4	  4	  4	  4	  4	  0	  0	  0	  0	  0	  0	  0	  0	  0	  0	  0	  0	  0	  0	  0	  0	  0	  0	  0	  0	  0	  0	  0	  0	 37	 35	 89	 43	  0	 60	  0	  0	  0	  0	  0	  0	  0	  0	  0	  0	  0	  5	11303	  1
27-02-2016	02:29:46	->	L	00000000	 10	 45	 36	 60	  0	112	  0	  4	  4	  4	  4	  4	  4	  4	  4	  0	  0	  0	  0	  0	  0	  0	  0	  0	  0	  0	  0	  0	  0	  0	  0	  0	  0	  0	  0	  0	  0	  0	  0	 38	 36	 89	 45	  0	 57	  0	  0	  0	  0	  0	  0	  0	  0	  0	  0	  0	  5	11303	  1
27-02-2016	02:34:46	->	L	00000000	 10	 47	 37	 57	  0	117	  0	  4	  4	  4	  4	  4	  4	  4	  4	  0	  0	  0	  0	  0	  0	  0	  0	  0	  0	  0	  0	  0	  0	  0	  0	  0	  0	  0	  0	  0	  0	  0	  0	 39	 37	 89	 47	  0	 54	  0	  0	  0	  0	  0	  0	  0	  0	  0	  0	  0	  5	11560	  1
27-02-2016	02:39:46	->	L	00000000	 10	 47	 38	 61	  0	122	  0	  4	  4	  4	  4	  4	  4	  4	  4	  0	  0	  0	  0	  0	  0	  0	  0	  0	  0	  0	  0	  0	  0	  0	  0	  0	  0	  0	  0	  0	  0	  0	  0	 39	 38	 94	 47	  0	 58	  0	  0	  0	  0	  0	  0	  0	  0	  0	  0	  0	  5	11560	  1
27-02-2016	02:44:46	->	L	00000000	 10	 46	 39	 61	  0	127	  0	  4	  4	  4	  4	  4	  4	  4	  4	  0	  0	  0	  0	  0	  0	  0	  0	  0	  0	  0	  0	  0	  0	  0	  0	  0	  0	  0	  0	  0	  0	  0	  0	 40	 39	 94	 46	  0	 65	  0	  0	  0	  0	  0	  0	  0	  0	  0	  0	  0	  5	11817	  1
27-02-2016	02:49:47	->	L	00000000	 10	 47	 39	 65	  0	132	  0	  4	  4	  4	  4	  4	  4	  4	  4	  0	  0	  0	  0	  0	  0	  0	  0	  0	  0	  0	  0	  0	  0	  0	  0	  0	  0	  0	  0	  0	  0	  0	  0	 40	 39	 94	 47	  0	 61	  0	  0	  0	  0	  0	  0	  0	  0	  0	  0	  0	  5	12074	  1
27-02-2016	02:54:47	->	L	00000000	 10	 46	 40	 65	  0	137	  0	  4	  4	  4	  4	  4	  4	  4	  4	  0	  0	  0	  0	  0	  0	  0	  0	  0	  0	  0	  0	  0	  0	  0	  0	  0	  0	  0	  0	  0	  0	  0	  0	 41	 40	 94	 46	  0	 69	  0	  0	  0	  0	  0	  0	  0	  0	  0	  0	  0	  5	12074	  1
27-02-2016	02:59:47	->	L	00000000	 10	 48	 41	 62	  0	142	  0	  4	  4	  4	  4	  4	  4	  4	  4	  0	  0	  0	  0	  0	  0	  0	  0	  0	  0	  0	  0	  0	  0	  0	  0	  0	  0	  0	  0	  0	  0	  0	  0	 42	 41	 94	 48	  0	 66	  0	  0	  0	  0	  0	  0	  0	  0	  0	  0	  0	  5	12331	  1
27-02-2016	03:04:47	->	L	00000000	 10	 48	 41	 62	  0	147	  0	  4	  4	  4	  4	  4	  4	  4	  4	  0	  0	  0	  0	  0	  0	  0	  0	  0	  0	  0	  0	  0	  0	  0	  0	  0	  0	  0	  0	  0	  0	  0	  0	 42	 41	 94	 48	  0	 66	  0	  0	  0	  0	  0	  0	  0	  0	  0	  0	  0	  5	12588	  1
27-02-2016	03:09:47	->	L	00000000	 10	 49	 42	 66	  0	152	  0	  4	  4	  4	  4	  4	  4	  4	  4	  0	  0	  0	  0	  0	  0	  0	  0	  0	  0	  0	  0	  0	  0	  0	  0	  0	  0	  0	  0	  0	  0	  0	  0	 43	 42	 94	 49	  0	 66	  0	  0	  0	  0	  0	  0	  0	  0	  0	  0	  0	  5	12588	  1
27-02-2016	03:14:47	->	L	00000000	 10	 50	 43	 62	  0	157	  0	  4	  4	  4	  4	  4	  4	  4	  4	  0	  0	  0	  0	  0	  0	  0	  0	  0	  0	  0	  0	  0	  0	  0	  0	  0	  0	  0	  0	  0	  0	  0	  0	 44	 43	 94	 50	  0	 66	  0	  0	  0	  0	  0	  0	  0	  0	  0	  0	  0	  5	12845	  1
27-02-2016	03:19:47	->	L	00000000	 10	 52	 43	 59	  0	162	  0	  4	  4	  4	  4	  4	  4	  4	  4	  0	  0	  0	  0	  0	  0	  0	  0	  0	  0	  0	  0	  0	  0	  0	  0	  0	  0	  0	  0	  0	  0	  0	  0	 45	 43	 89	 52	  0	 59	  0	  0	  0	  0	  0	  0	  0	  0	  0	  0	  0	  5	13102	  1
27-02-2016	03:24:48	->	L	00000000	 10	 52	 44	 63	  0	167	  0	  4	  4	  4	  4	  4	  4	  4	  4	  0	  0	  0	  0	  0	  0	  0	  0	  0	  0	  0	  0	  0	  0	  0	  0	  0	  0	  0	  0	  0	  0	  0	  0	 45	 44	 94	 52	  0	 63	  0	  0	  0	  0	  0	  0	  0	  0	  0	  0	  0	  5	13102	  1
27-02-2016	03:29:47	->	L	00000000	 10	 53	 44	 56	  0	172	  0	  4	  4	  4	  4	  4	  4	  4	  4	  0	  0	  0	  0	  0	  0	  0	  0	  0	  0	  0	  0	  0	  0	  0	  0	  0	  0	  0	  0	  0	  0	  0	  0	 46	 44	 89	 53	  0	 59	  0	  0	  0	  0	  0	  0	  0	  0	  0	  0	  0	  5	13359	  1
27-02-2016	03:34:47	->	L	00000000	 10	 55	 45	 53	  0	177	  0	  4	  4	  4	  4	  4	  4	  4	  4	  0	  0	  0	  0	  0	  0	  0	  0	  0	  0	  0	  0	  0	  0	  0	  0	  0	  0	  0	  0	  0	  0	  0	  0	 46	 45	 94	 55	  0	 56	  0	  0	  0	  0	  0	  0	  0	  0	  0	  0	  0	  5	13616	  1
27-02-2016	03:39:47	  	L	00000000	 10	 55	 46	 60	  0	182	  0	  4	  4	  4	  4	  4	  4	  4	  4	  0	  0	  0	  0	  0	  0	  0	  0	  0	  0	  0	  0	  0	  0	  0	  0	  0	  0	  0	  0	  0	  0	  0	  0	 47	 46	 94	 55	  0	 60	  0	  0	  0	  0	  0	  0	  0	  0	  0	  0	  0	  5	13616	  1
27-02-2016	03:44:47	<-	L	00000000	 10	 63	 51	 49	  0	187	  0	  4	  4	  4	  4	  4	  4	  4	  4	  0	  0	  0	  0	  0	  0	  0	  0	  0	  0	  0	  0	  0	  0	  0	  0	  0	  0	  0	  0	  0	  0	  0	  0	 63	 51	 52	 54	  0	 85	  0	  0	  0	  0	  0	  0	  0	  0	  0	  0	  0	  5	13873	  1
27-02-2016	03:49:47	<-	L	00000000	 10	 62	 51	 58	  0	192	  0	  4	  4	  4	  4	  4	  4	  4	  4	  0	  0	  0	  0	  0	  0	  0	  0	  0	  0	  0	  0	  0	  0	  0	  0	  0	  0	  0	  0	  0	  0	  0	  0	 62	 51	 55	 51	  0	100	  0	  0	  0	  0	  0	  0	  0	  0	  0	  0	  0	  5	14130	  1
27-02-2016	03:54:47	<-	L	00000000	 10	 62	 51	 61	  0	197	  0	  4	  4	  4	  4	  4	  4	  4	  4	  0	  0	  0	  0	  0	  0	  0	  0	  0	  0	  0	  0	  0	  0	  0	  0	  0	  0	  0	  0	  0	  0	  0	  0	 62	 51	 55	 51	  0	100	  0	  0	  0	  0	  0	  0	  0	  0	  0	  0	  0	  5	14130	  1
27-02-2016	03:59:47	<-	L	00000000	 10	 64	 52	 55	  0	202	  0	  4	  4	  4	  4	  4	  4	  4	  4	  0	  0	  0	  0	  0	  0	  0	  0	  0	  0	  0	  0	  0	  0	  0	  0	  0	  0	  0	  0	  0	  0	  0	  0	 64	 52	 52	 52	  0	100	  0	  0	  0	  0	  0	  0	  0	  0	  0	  0	  0	  5	14387	  1
27-02-2016	04:04:48	<-	L	00000000	 10	 63	 52	 58	  0	207	  0	  4	  4	  4	  4	  4	  4	  4	  4	  0	  0	  0	  0	  0	  0	  0	  0	  0	  0	  0	  0	  0	  0	  0	  0	  0	  0	  0	  0	  0	  0	  0	  0	 63	 52	 55	 52	  0	100	  0	  0	  0	  0	  0	  0	  0	  0	  0	  0	  0	  5	14644	  1
27-02-2016	04:09:48	<-	L	00000000	 10	 66	 53	 53	  0	212	  0	  4	  4	  4	  4	  4	  4	  4	  4	  0	  0	  0	  0	  0	  0	  0	  0	  0	  0	  0	  0	  0	  0	  0	  0	  0	  0	  0	  0	  0	  0	  0	  0	 66	 53	 49	 53	  0	100	  0	  0	  0	  0	  0	  0	  0	  0	  0	  0	  0	  5	14644	  1
27-02-2016	04:14:48	<-	L	00000000	 10	 66	 54	 53	  0	217	  0	  4	  4	  4	  4	  4	  4	  4	  4	  0	  0	  0	  0	  0	  0	  0	  0	  0	  0	  0	  0	  0	  0	  0	  0	  0	  0	  0	  0	  0	  0	  0	  0	 66	 54	 53	 54	  0	100	  0	  0	  0	  0	  0	  0	  0	  0	  0	  0	  0	  5	14901	  1
27-02-2016	04:19:48	<-	L	00000000	 10	 63	 53	 55	  0	222	  0	  4	  4	  4	  4	  4	  4	  4	  4	  0	  0	  0	  0	  0	  0	  0	  0	  0	  0	  0	  0	  0	  0	  0	  0	  0	  0	  0	  0	  0	  0	  0	  0	 63	 53	 58	 53	  0	100	  0	  0	  0	  0	  0	  0	  0	  0	  0	  0	  0	  5	15158	  1
27-02-2016	04:24:48	<-	L	00000000	 10	 63	 54	 59	  0	227	  0	  4	  4	  4	  4	  4	  4	  4	  4	  0	  0	  0	  0	  0	  0	  0	  0	  0	  0	  0	  0	  0	  0	  0	  0	  0	  0	  0	  0	  0	  0	  0	  0	 63	 54	 62	 54	  0	100	  0	  0	  0	  0	  0	  0	  0	  0	  0	  0	  0	  5	16443	  1
27-02-2016	04:29:48	<-	L	00000000	 10	 68	 56	 53	  0	232	  0	  4	  4	  4	  4	  4	  4	  4	  4	  0	  0	  0	  0	  0	  0	  0	  0	  0	  0	  0	  0	  0	  0	  0	  0	  0	  0	  0	  0	  0	  0	  0	  0	 68	 56	 54	 56	  0	100	  0	  0	  0	  0	  0	  0	  0	  0	  0	  0	  0	  5	16700	  1
27-02-2016	04:34:48	<-	L	00000000	 10	 73	 58	 49	  0	237	  0	  4	  4	  4	  4	  4	  4	  4	  4	  0	  0	  0	  0	  0	  0	  0	  0	  0	  0	  0	  0	  0	  0	  0	  0	  0	  0	  0	  0	  0	  0	  0	  0	 73	 58	 47	 58	  0	100	  0	  0	  0	  0	  0	  0	  0	  0	  0	  0	  0	  5	16957	  1
27-02-2016	04:39:48	<-	L	00000000	 10	 69	 57	 54	  0	242	  0	  4	  4	  4	  4	  4	  4	  4	  4	  0	  0	  0	  0	  0	  0	  0	  0	  0	  0	  0	  0	  0	  0	  0	  0	  0	  0	  0	  0	  0	  0	  0	  0	 69	 57	 54	 58	  0	 94	  0	  0	  0	  0	  0	  0	  0	  0	  0	  0	  0	  5	16957	  1
27-02-2016	04:44:48	<-	L	00000000	 10	 66	 57	 60	  0	247	  0	  4	  4	  4	  4	  4	  4	  4	  4	  0	  0	  0	  0	  0	  0	  0	  0	  0	  0	  0	  0	  0	  0	  0	  0	  0	  0	  0	  0	  0	  0	  0	  0	 66	 57	 63	 58	  0	 94	  0	  0	  0	  0	  0	  0	  0	  0	  0	  0	  0	  5	17214	  1
27-02-2016	04:49:49	<-	L	00000000	 10	 66	 58	 63	  0	252	  0	  4	  4	  4	  4	  4	  4	  4	  4	  0	  0	  0	  0	  0	  0	  0	  0	  0	  0	  0	  0	  0	  0	  0	  0	  0	  0	  0	  0	  0	  0	  0	  0	 68	 58	 66	 59	  0	100	  0	  0	  0	  0	  0	  0	  0	  0	  0	  0	  0	  5	17471	  1
27-02-2016	04:54:48	<-	L	00000000	 10	 74	 60	 52	  0	257	  0	  4	  4	  4	  4	  4	  4	  4	  4	  0	  0	  0	  0	  0	  0	  0	  0	  0	  0	  0	  0	  0	  0	  0	  0	  0	  0	  0	  0	  0	  0	  0	  0	 74	 60	 49	 60	  0	100	  0	  0	  0	  0	  0	  0	  0	  0	  0	  0	  0	  5	17728	  1
27-02-2016	04:59:48	<-	L	00000000	 10	 74	 60	 48	  0	262	  0	  4	  4	  4	  4	  4	  4	  4	  4	  0	  0	  0	  0	  0	  0	  0	  0	  0	  0	  0	  0	  0	  0	  0	  0	  0	  0	  0	  0	  0	  0	  0	  0	 74	 60	 49	 62	  0	 90	  0	  0	  0	  0	  0	  0	  0	  0	  0	  0	  0	  5	17985	  1
27-02-2016	05:04:48	<-	L	00000000	 10	 71	 60	 55	  0	267	  0	  4	  4	  4	  4	  4	  4	  4	  4	  0	  0	  0	  0	  0	  0	  0	  0	  0	  0	  0	  0	  0	  0	  0	  0	  0	  0	  0	  0	  0	  0	  0	  0	 71	 60	 57	 62	  0	 90	  0	  0	  0	  0	  0	  0	  0	  0	  0	  0	  0	  5	17985	  1
27-02-2016	05:09:48	<-	L	00000000	 10	 70	 60	 57	  0	272	  0	  4	  4	  4	  4	  4	  4	  4	  4	  0	  0	  0	  0	  0	  0	  0	  0	  0	  0	  0	  0	  0	  0	  0	  0	  0	  0	  0	  0	  0	  0	  0	  0	 70	 60	 60	 62	  0	 90	  0	  0	  0	  0	  0	  0	  0	  0	  0	  0	  0	  5	18242	  1
27-02-2016	05:14:48	<-	L	00000000	 10	 71	 61	 64	  0	277	  0	  4	  4	  4	  4	  4	  4	  4	  4	  0	  0	  0	  0	  0	  0	  0	  0	  0	  0	  0	  0	  0	  0	  0	  0	  0	  0	  0	  0	  0	  0	  0	  0	 71	 61	 61	 62	  0	 95	  0	  0	  0	  0	  0	  0	  0	  0	  0	  0	  0	  5	18499	  1
27-02-2016	05:19:49	<-	L	00000000	 10	 77	 62	 50	  0	282	  0	  4	  4	  4	  4	  4	  4	  4	  4	  0	  0	  0	  0	  0	  0	  0	  0	  0	  0	  0	  0	  0	  0	  0	  0	  0	  0	  0	  0	  0	  0	  0	  0	 77	 62	 48	 64	  0	 90	  0	  0	  0	  0	  0	  0	  0	  0	  0	  0	  0	  5	18756	  1
27-02-2016	05:24:49	<-	L	00000000	 10	 75	 62	 53	  0	287	  0	  4	  4	  4	  4	  4	  4	  4	  4	  0	  0	  0	  0	  0	  0	  0	  0	  0	  0	  0	  0	  0	  0	  0	  0	  0	  0	  0	  0	  0	  0	  0	  0	 75	 62	 53	 64	  0	 90	  0	  0	  0	  0	  0	  0	  0	  0	  0	  0	  0	  5	18756	  1
27-02-2016	05:29:49	<-	L	00000000	 10	 72	 62	 61	  0	292	  0	  4	  4	  4	  4	  4	  4	  4	  4	  0	  0	  0	  0	  0	  0	  0	  0	  0	  0	  0	  0	  0	  0	  0	  0	  0	  0	  0	  0	  0	  0	  0	  0	 72	 62	 61	 64	  0	 90	  0	  0	  0	  0	  0	  0	  0	  0	  0	  0	  0	  5	19013	  1
27-02-2016	05:34:49	<-	L	00000000	 10	 78	 64	 56	  0	297	  0	  4	  4	  4	  4	  4	  4	  4	  4	  0	  0	  0	  0	  0	  0	  0	  0	  0	  0	  0	  0	  0	  0	  0	  0	  0	  0	  0	  0	  0	  0	  0	  0	 78	 64	 51	 65	  0	 95	  0	  0	  0	  0	  0	  0	  0	  0	  0	  0	  0	  5	19270	  1
27-02-2016	05:39:49	<-	L	00000000	 10	 79	 64	 47	  0	302	  0	  4	  4	  4	  4	  4	  4	  4	  4	  0	  0	  0	  0	  0	  0	  0	  0	  0	  0	  0	  0	  0	  0	  0	  0	  0	  0	  0	  0	  0	  0	  0	  0	 79	 64	 49	 66	  0	 90	  0	  0	  0	  0	  0	  0	  0	  0	  0	  0	  0	  5	19527	  1
27-02-2016	05:44:49	<-	L	00000000	 10	 74	 63	 59	  0	307	  0	  4	  4	  4	  4	  4	  4	  4	  4	  0	  0	  0	  0	  0	  0	  0	  0	  0	  0	  0	  0	  0	  0	  0	  0	  0	  0	  0	  0	  0	  0	  0	  0	 74	 63	 58	 66	  0	 87	  0	  0	  0	  0	  0	  0	  0	  0	  0	  0	  0	  5	19527	  1
27-02-2016	05:49:49	<-	L	00000000	 10	 78	 65	 57	  0	312	  0	  4	  4	  4	  4	  4	  4	  4	  4	  0	  0	  0	  0	  0	  0	  0	  0	  0	  0	  0	  0	  0	  0	  0	  0	  0	  0	  0	  0	  0	  0	  0	  0	 78	 65	 54	 67	  0	 91	  0	  0	  0	  0	  0	  0	  0	  0	  0	  0	  0	  5	19784	  1
27-02-2016	05:54:50	<-	L	00000000	 10	 82	 66	 45	  0	317	  0	  4	  4	  4	  4	  4	  4	  4	  4	  0	  0	  0	  0	  0	  0	  0	  0	  0	  0	  0	  0	  0	  0	  0	  0	  0	  0	  0	  0	  0	  0	  0	  0	 81	 66	 48	 68	  0	 91	  0	  0	  0	  0	  0	  0	  0	  0	  0	  0	  0	  5	20041	  1
27-02-2016	05:59:49	<-	L	00000000	 10	 76	 65	 57	  0	322	  0	  4	  4	  4	  4	  4	  4	  4	  4	  0	  0	  0	  0	  0	  0	  0	  0	  0	  0	  0	  0	  0	  0	  0	  0	  0	  0	  0	  0	  0	  0	  0	  0	 76	 65	 59	 67	  0	 91	  0	  0	  0	  0	  0	  0	  0	  0	  0	  0	  0	  5	20298	  1
27-02-2016	06:04:49	<-	L	00000000	 10	 81	 66	 51	  0	327	  0	  4	  4	  4	  4	  4	  4	  4	  4	  0	  0	  0	  0	  0	  0	  0	  0	  0	  0	  0	  0	  0	  0	  0	  0	  0	  0	  0	  0	  0	  0	  0	  0	 81	 66	 50	 68	  0	 91	  0	  0	  0	  0	  0	  0	  0	  0	  0	  0	  0	  5	20298	  1
27-02-2016	06:09:49	<-	L	00000000	 10	 80	 66	 50	  0	332	  0	  4	  4	  4	  4	  4	  4	  4	  4	  0	  0	  0	  0	  0	  0	  0	  0	  0	  0	  0	  0	  0	  0	  0	  0	  0	  0	  0	  0	  0	  0	  0	  0	 80	 66	 51	 69	  0	 87	  0	  0	  0	  0	  0	  0	  0	  0	  0	  0	  0	  5	20555	  1
27-02-2016	06:14:49	<-	L	00000000	 10	 79	 66	 57	  0	337	  0	  4	  4	  4	  4	  4	  4	  4	  4	  0	  0	  0	  0	  0	  0	  0	  0	  0	  0	  0	  0	  0	  0	  0	  0	  0	  0	  0	  0	  0	  0	  0	  0	 79	 66	 54	 68	  0	 91	  0	  0	  0	  0	  0	  0	  0	  0	  0	  0	  0	  5	20812	  1
27-02-2016	06:19:49	<-	L	00000000	 10	 85	 68	 46	  0	342	  0	  4	  4	  4	  4	  4	  4	  4	  4	  0	  0	  0	  0	  0	  0	  0	  0	  0	  0	  0	  0	  0	  0	  0	  0	  0	  0	  0	  0	  0	  0	  0	  0	 85	 68	 46	 70	  0	 91	  0	  0	  0	  0	  0	  0	  0	  0	  0	  0	  0	  5	21069	  1
27-02-2016	06:24:49	<-	L	00000000	 10	 81	 67	 52	  0	347	  0	  4	  4	  4	  4	  4	  4	  4	  4	  0	  0	  0	  0	  0	  0	  0	  0	  0	  0	  0	  0	  0	  0	  0	  0	  0	  0	  0	  0	  0	  0	  0	  0	 81	 67	 52	 70	  0	 87	  0	  0	  0	  0	  0	  0	  0	  0	  0	  0	  0	  5	21326	  1
27-02-2016	06:29:49	<-	L	00000000	 10	 85	 68	 49	  0	352	  0	  4	  4	  4	  4	  4	  4	  4	  4	  0	  0	  0	  0	  0	  0	  0	  0	  0	  0	  0	  0	  0	  0	  0	  0	  0	  0	  0	  0	  0	  0	  0	  0	 85	 68	 46	 71	  0	 87	  0	  0	  0	  0	  0	  0	  0	  0	  0	  0	  0	  5	21326	  1
27-02-2016	06:34:50	<-	L	00000000	 10	 83	 68	 49	  0	357	  0	  4	  4	  4	  4	  4	  4	  4	  4	  0	  0	  0	  0	  0	  0	  0	  0	  0	  0	  0	  0	  0	  0	  0	  0	  0	  0	  0	  0	  0	  0	  0	  0	 83	 68	 51	 71	  0	 87	  0	  0	  0	  0	  0	  0	  0	  0	  0	  0	  0	  5	21583	  1
27-02-2016	06:39:50	<-	L	00000000	 21	 86	 68	 46	  0	  1	  0	  4	  4	  4	  4	  4	  4	  4	  4	  0	  0	  0	  0	  0	  0	  0	  0	  0	  0	  0	  0	  0	  0	  0	  0	  0	  0	  0	  0	  0	  0	  0	  0	 86	 68	 45	 72	  0	 82	  0	  0	  0	  0	  0	  0	  0	  0	  0	  0	  0	  5	21826	  0
27-02-2016	06:44:50	<-	L	00000000	 21	 82	 66	 45	  0	  6	  0	  4	  4	  4	  4	  4	  4	  4	  4	  0	  0	  0	  0	  0	  0	  0	  0	  0	  0	  0	  0	  0	  0	  0	  0	  0	  0	  0	  0	  0	  0	  0	  0	 82	 66	 48	 71	  0	 80	  0	  0	  0	  0	  0	  0	  0	  0	  0	  0	  0	  5	21826	  0
27-02-2016	06:49:50	<-	L	00000000	 21	 86	 66	 40	  0	 11	  0	  4	  4	  4	  4	  4	  4	  4	  4	  0	  0	  0	  0	  0	  0	  0	  0	  0	  0	  0	  0	  0	  0	  0	  0	  0	  0	  0	  0	  0	  0	  0	  0	 86	 66	 40	 71	  0	 80	  0	  0	  0	  0	  0	  0	  0	  0	  0	  0	  0	  5	21826	  0
27-02-2016	06:54:50	<-	L	00000000	 21	 86	 67	 44	  0	 16	  0	  4	  4	  4	  4	  4	  4	  4	  4	  0	  0	  0	  0	  0	  0	  0	  0	  0	  0	  0	  0	  0	  0	  0	  0	  0	  0	  0	  0	  0	  0	  0	  0	 86	 67	 42	 71	  0	 82	  0	  0	  0	  0	  0	  0	  0	  0	  0	  0	  0	  5	21826	  0
27-02-2016	06:59:50	<-	L	00000000	 21	 83	 66	 44	  0	 21	  0	  4	  4	  4	  4	  4	  4	  4	  4	  0	  0	  0	  0	  0	  0	  0	  0	  0	  0	  0	  0	  0	  0	  0	  0	  0	  0	  0	  0	  0	  0	  0	  0	 83	 66	 45	 70	  0	 82	  0	  0	  0	  0	  0	  0	  0	  0	  0	  0	  0	  5	21826	  0
27-02-2016	07:04:50	<-	L	00000000	 21	 86	 67	 42	  0	 26	  0	  4	  4	  4	  4	  4	  4	  4	  4	  0	  0	  0	  0	  0	  0	  0	  0	  0	  0	  0	  0	  0	  0	  0	  0	  0	  0	  0	  0	  0	  0	  0	  0	 86	 67	 42	 71	  0	 82	  0	  0	  0	  0	  0	  0	  0	  0	  0	  0	  0	  5	21826	  0
27-02-2016	07:09:50	<-	L	00000000	 21	 84	 67	 48	  0	 31	  0	  4	  4	  4	  4	  4	  4	  4	  4	  0	  0	  0	  0	  0	  0	  0	  0	  0	  0	  0	  0	  0	  0	  0	  0	  0	  0	  0	  0	  0	  0	  0	  0	 84	 67	 46	 70	  0	 87	  0	  0	  0	  0	  0	  0	  0	  0	  0	  0	  0	  5	21826	  0
27-02-2016	07:14:50	<-	L	00000000	 21	 83	 66	 41	  0	 36	  0	  4	  4	  4	  4	  4	  4	  4	  4	  0	  0	  0	  0	  0	  0	  0	  0	  0	  0	  0	  0	  0	  0	  0	  0	  0	  0	  0	  0	  0	  0	  0	  0	 83	 66	 45	 70	  0	 82	  0	  0	  0	  0	  0	  0	  0	  0	  0	  0	  0	  5	21826	  0
27-02-2016	07:19:50	<-	L	00000000	 21	 87	 66	 41	  0	 41	  0	  4	  4	  4	  4	  4	  4	  4	  4	  0	  0	  0	  0	  0	  0	  0	  0	  0	  0	  0	  0	  0	  0	  0	  0	  0	  0	  0	  0	  0	  0	  0	  0	 87	 66	 37	 71	  0	 80	  0	  0	  0	  0	  0	  0	  0	  0	  0	  0	  0	  5	21826	  0
27-02-2016	07:24:50	<-	L	00000000	 21	 85	 67	 46	  0	 46	  0	  4	  4	  4	  4	  4	  4	  4	  4	  0	  0	  0	  0	  0	  0	  0	  0	  0	  0	  0	  0	  0	  0	  0	  0	  0	  0	  0	  0	  0	  0	  0	  0	 85	 67	 44	 70	  0	 87	  0	  0	  0	  0	  0	  0	  0	  0	  0	  0	  0	  5	21826	  0
27-02-2016	07:29:51	<-	L	00000000	 21	 83	 65	 41	  0	 51	  0	  4	  4	  4	  4	  4	  4	  4	  4	  0	  0	  0	  0	  0	  0	  0	  0	  0	  0	  0	  0	  0	  0	  0	  0	  0	  0	  0	  0	  0	  0	  0	  0	 83	 65	 44	 70	  0	 80	  0	  0	  0	  0	  0	  0	  0	  0	  0	  0	  0	  5	21826	  0
27-02-2016	07:34:50	<-	L	00000000	 21	 87	 67	 41	  0	 56	  0	  4	  4	  4	  4	  4	  4	  4	  4	  0	  0	  0	  0	  0	  0	  0	  0	  0	  0	  0	  0	  0	  0	  0	  0	  0	  0	  0	  0	  0	  0	  0	  0	 87	 67	 41	 71	  0	 82	  0	  0	  0	  0	  0	  0	  0	  0	  0	  0	  0	  5	21827	  0
27-02-2016	07:39:50	<-	L	00000000	 21	 83	 66	 48	  0	 61	  0	  4	  4	  4	  4	  4	  4	  4	  4	  0	  0	  0	  0	  0	  0	  0	  0	  0	  0	  0	  0	  0	  0	  0	  0	  0	  0	  0	  0	  0	  0	  0	  0	 83	 66	 45	 70	  0	 82	  0	  0	  0	  0	  0	  0	  0	  0	  0	  0	  0	  5	21827	  0
27-02-2016	07:44:51	->	L	00000000	 21	 85	 64	 39	  0	 66	  0	  4	  4	  4	  4	  4	  4	  4	  4	  0	  0	  0	  0	  0	  0	  0	  0	  0	  0	  0	  0	  0	  0	  0	  0	  0	  0	  0	  0	  0	  0	  0	  0	 74	 64	 62	 85	  0	 37	  0	  0	  0	  0	  0	  0	  0	  0	  0	  0	  0	  5	21827	  0
27-02-2016	07:49:51	->	L	00000000	 21	 85	 64	 37	  0	 71	  0	  4	  4	  4	  4	  4	  4	  4	  4	  0	  0	  0	  0	  0	  0	  0	  0	  0	  0	  0	  0	  0	  0	  0	  0	  0	  0	  0	  0	  0	  0	  0	  0	 71	 64	 71	 85	  0	 37	  0	  0	  0	  0	  0	  0	  0	  0	  0	  0	  0	  5	21827	  0
27-02-2016	07:54:51	->	L	00000000	 21	 83	 64	 43	  0	 76	  0	  4	  4	  4	  4	  4	  4	  4	  4	  0	  0	  0	  0	  0	  0	  0	  0	  0	  0	  0	  0	  0	  0	  0	  0	  0	  0	  0	  0	  0	  0	  0	  0	 70	 64	 74	 83	  0	 41	  0	  0	  0	  0	  0	  0	  0	  0	  0	  0	  0	  5	21827	  0
27-02-2016	07:59:51	->	L	00000000	 21	 86	 64	 36	  0	 81	  0	  4	  4	  4	  4	  4	  4	  4	  4	  0	  0	  0	  0	  0	  0	  0	  0	  0	  0	  0	  0	  0	  0	  0	  0	  0	  0	  0	  0	  0	  0	  0	  0	 70	 64	 74	 86	  0	 36	  0	  0	  0	  0	  0	  0	  0	  0	  0	  0	  0	  5	21827	  0
27-02-2016	08:04:51	->	L	00000000	 21	 83	 64	 41	  0	 86	  0	  4	  4	  4	  4	  4	  4	  4	  4	  0	  0	  0	  0	  0	  0	  0	  0	  0	  0	  0	  0	  0	  0	  0	  0	  0	  0	  0	  0	  0	  0	  0	  0	 70	 64	 74	 83	  0	 41	  0	  0	  0	  0	  0	  0	  0	  0	  0	  0	  0	  5	21827	  0
27-02-2016	08:09:51	->	L	00000000	 21	 84	 64	 39	  0	 91	  0	  4	  4	  4	  4	  4	  4	  4	  4	  0	  0	  0	  0	  0	  0	  0	  0	  0	  0	  0	  0	  0	  0	  0	  0	  0	  0	  0	  0	  0	  0	  0	  0	 70	 64	 74	 84	  0	 39	  0	  0	  0	  0	  0	  0	  0	  0	  0	  0	  0	  5	21827	  0
27-02-2016	08:14:51	->	L	00000000	 21	 86	 65	 37	  0	 96	  0	  4	  4	  4	  4	  4	  4	  4	  4	  0	  0	  0	  0	  0	  0	  0	  0	  0	  0	  0	  0	  0	  0	  0	  0	  0	  0	  0	  0	  0	  0	  0	  0	 71	 65	 74	 86	  0	 37	  0	  0	  0	  0	  0	  0	  0	  0	  0	  0	  0	  5	21827	  0
27-02-2016	08:19:51	->	L	00000000	 21	 83	 64	 43	  0	101	  0	  4	  4	  4	  4	  4	  4	  4	  4	  0	  0	  0	  0	  0	  0	  0	  0	  0	  0	  0	  0	  0	  0	  0	  0	  0	  0	  0	  0	  0	  0	  0	  0	 70	 64	 74	 83	  0	 41	  0	  0	  0	  0	  0	  0	  0	  0	  0	  0	  0	  5	21827	  0
27-02-2016	08:24:51	->	L	00000000	 21	 86	 65	 40	  0	106	  0	  4	  4	  4	  4	  4	  4	  4	  4	  0	  0	  0	  0	  0	  0	  0	  0	  0	  0	  0	  0	  0	  0	  0	  0	  0	  0	  0	  0	  0	  0	  0	  0	 71	 65	 74	 86	  0	 37	  0	  0	  0	  0	  0	  0	  0	  0	  0	  0	  0	  5	21827	  0
27-02-2016	08:29:51	->	L	00000000	 21	 84	 64	 37	  0	111	  0	  4	  4	  4	  4	  4	  4	  4	  4	  0	  0	  0	  0	  0	  0	  0	  0	  0	  0	  0	  0	  0	  0	  0	  0	  0	  0	  0	  0	  0	  0	  0	  0	 70	 64	 74	 84	  0	 39	  0	  0	  0	  0	  0	  0	  0	  0	  0	  0	  0	  5	21827	  0
27-02-2016	08:34:51	->	L	00000000	 21	 84	 65	 44	  0	116	  0	  4	  4	  4	  4	  4	  4	  4	  4	  0	  0	  0	  0	  0	  0	  0	  0	  0	  0	  0	  0	  0	  0	  0	  0	  0	  0	  0	  0	  0	  0	  0	  0	 70	 65	 80	 84	  0	 41	  0	  0	  0	  0	  0	  0	  0	  0	  0	  0	  0	  5	21827	  0
27-02-2016	08:39:51	->	L	00000000	 21	 85	 65	 40	  0	121	  0	  4	  4	  4	  4	  4	  4	  4	  4	  0	  0	  0	  0	  0	  0	  0	  0	  0	  0	  0	  0	  0	  0	  0	  0	  0	  0	  0	  0	  0	  0	  0	  0	 70	 65	 80	 85	  0	 40	  0	  0	  0	  0	  0	  0	  0	  0	  0	  0	  0	  5	21827	  0
27-02-2016	08:44:51	->	L	00000000	 21	 85	 65	 37	  0	126	  0	  4	  4	  4	  4	  4	  4	  4	  4	  0	  0	  0	  0	  0	  0	  0	  0	  0	  0	  0	  0	  0	  0	  0	  0	  0	  0	  0	  0	  0	  0	  0	  0	 71	 65	 74	 85	  0	 40	  0	  0	  0	  0	  0	  0	  0	  0	  0	  0	  0	  5	21827	  0
27-02-2016	08:49:52	->	L	00000000	 21	 83	 64	 41	  0	131	  0	  4	  4	  4	  4	  4	  4	  4	  4	  0	  0	  0	  0	  0	  0	  0	  0	  0	  0	  0	  0	  0	  0	  0	  0	  0	  0	  0	  0	  0	  0	  0	  0	 70	 64	 74	 83	  0	 41	  0	  0	  0	  0	  0	  0	  0	  0	  0	  0	  0	  5	21827	  0
27-02-2016	08:54:52	->	L	00000000	 21	 85	 65	 40	  0	136	  0	  4	  4	  4	  4	  4	  4	  4	  4	  0	  0	  0	  0	  0	  0	  0	  0	  0	  0	  0	  0	  0	  0	  0	  0	  0	  0	  0	  0	  0	  0	  0	  0	 70	 65	 80	 85	  0	 40	  0	  0	  0	  0	  0	  0	  0	  0	  0	  0	  0	  5	21827	  0
27-02-2016	08:59:52	->	L	00000000	 21	 85	 65	 37	  0	141	  0	  4	  4	  4	  4	  4	  4	  4	  4	  0	  0	  0	  0	  0	  0	  0	  0	  0	  0	  0	  0	  0	  0	  0	  0	  0	  0	  0	  0	  0	  0	  0	  0	 71	 65	 74	 85	  0	 40	  0	  0	  0	  0	  0	  0	  0	  0	  0	  0	  0	  5	21827	  0
27-02-2016	09:04:52	->	L	00000000	 21	 84	 65	 41	  0	146	  0	  4	  4	  4	  4	  4	  4	  4	  4	  0	  0	  0	  0	  0	  0	  0	  0	  0	  0	  0	  0	  0	  0	  0	  0	  0	  0	  0	  0	  0	  0	  0	  0	 70	 65	 80	 84	  0	 41	  0	  0	  0	  0	  0	  0	  0	  0	  0	  0	  0	  5	21827	  0
27-02-2016	09:09:52	->	L	00000000	 21	 87	 65	 37	  0	151	  0	  4	  4	  4	  4	  4	  4	  4	  4	  0	  0	  0	  0	  0	  0	  0	  0	  0	  0	  0	  0	  0	  0	  0	  0	  0	  0	  0	  0	  0	  0	  0	  0	 71	 65	 74	 87	  0	 37	  0	  0	  0	  0	  0	  0	  0	  0	  0	  0	  0	  5	21827	  0
27-02-2016	09:14:52	->	L	00000000	 21	 82	 65	 44	  0	156	  0	  4	  4	  4	  4	  4	  4	  4	  4	  0	  0	  0	  0	  0	  0	  0	  0	  0	  0	  0	  0	  0	  0	  0	  0	  0	  0	  0	  0	  0	  0	  0	  0	 70	 65	 80	 82	  0	 45	  0	  0	  0	  0	  0	  0	  0	  0	  0	  0	  0	  5	21827	  0
27-02-2016	09:19:52	->	L	00000000	 21	 86	 65	 40	  0	161	  0	  4	  4	  4	  4	  4	  4	  4	  4	  0	  0	  0	  0	  0	  0	  0	  0	  0	  0	  0	  0	  0	  0	  0	  0	  0	  0	  0	  0	  0	  0	  0	  0	 71	 65	 74	 86	  0	 37	  0	  0	  0	  0	  0	  0	  0	  0	  0	  0	  0	  5	21827	  0
27-02-2016	09:24:52	->	L	00000000	 21	 83	 65	 41	  0	166	  0	  4	  4	  4	  4	  4	  4	  4	  4	  0	  0	  0	  0	  0	  0	  0	  0	  0	  0	  0	  0	  0	  0	  0	  0	  0	  0	  0	  0	  0	  0	  0	  0	 71	 65	 74	 83	  0	 44	  0	  0	  0	  0	  0	  0	  0	  0	  0	  0	  0	  5	21827	  0
27-02-2016	09:29:52	->	L	00000000	 21	 84	 65	 44	  0	171	  0	  4	  4	  4	  4	  4	  4	  4	  4	  0	  0	  0	  0	  0	  0	  0	  0	  0	  0	  0	  0	  0	  0	  0	  0	  0	  0	  0	  0	  0	  0	  0	  0	 70	 65	 74	 84	  0	 41	  0	  0	  0	  0	  0	  0	  0	  0	  0	  0	  0	  5	21827	  0
27-02-2016	09:34:52	->	L	00000000	 21	 86	 65	 37	  0	176	  0	  4	  4	  4	  4	  4	  4	  4	  4	  0	  0	  0	  0	  0	  0	  0	  0	  0	  0	  0	  0	  0	  0	  0	  0	  0	  0	  0	  0	  0	  0	  0	  0	 71	 65	 74	 86	  0	 37	  0	  0	  0	  0	  0	  0	  0	  0	  0	  0	  0	  5	21827	  0
27-02-2016	09:39:52	->	L	00000000	 21	 84	 65	 40	  0	181	  0	  4	  4	  4	  4	  4	  4	  4	  4	  0	  0	  0	  0	  0	  0	  0	  0	  0	  0	  0	  0	  0	  0	  0	  0	  0	  0	  0	  0	  0	  0	  0	  0	 71	 65	 74	 84	  0	 41	  0	  0	  0	  0	  0	  0	  0	  0	  0	  0	  0	  5	21827	  0
27-02-2016	09:44:53	->	L	00000000	 21	 84	 65	 44	  0	186	  0	  4	  4	  4	  4	  4	  4	  4	  4	  0	  0	  0	  0	  0	  0	  0	  0	  0	  0	  0	  0	  0	  0	  0	  0	  0	  0	  0	  0	  0	  0	  0	  0	 71	 65	 74	 84	  0	 41	  0	  0	  0	  0	  0	  0	  0	  0	  0	  0	  0	  5	21827	  0
27-02-2016	09:49:52	->	L	00000000	 21	 85	 65	 40	  0	191	  0	  4	  4	  4	  4	  4	  4	  4	  4	  0	  0	  0	  0	  0	  0	  0	  0	  0	  0	  0	  0	  0	  0	  0	  0	  0	  0	  0	  0	  0	  0	  0	  0	 71	 65	 74	 85	  0	 40	  0	  0	  0	  0	  0	  0	  0	  0	  0	  0	  0	  5	21827	  0
27-02-2016	09:54:53	->	L	00000000	 21	 85	 65	 40	  0	196	  0	  4	  4	  4	  4	  4	  4	  4	  4	  0	  0	  0	  0	  0	  0	  0	  0	  0	  0	  0	  0	  0	  0	  0	  0	  0	  0	  0	  0	  0	  0	  0	  0	 71	 65	 74	 85	  0	 40	  0	  0	  0	  0	  0	  0	  0	  0	  0	  0	  0	  5	21827	  0
27-02-2016	09:59:53	->	L	00000000	 21	 85	 65	 40	  0	201	  0	  4	  4	  4	  4	  4	  4	  4	  4	  0	  0	  0	  0	  0	  0	  0	  0	  0	  0	  0	  0	  0	  0	  0	  0	  0	  0	  0	  0	  0	  0	  0	  0	 71	 65	 74	 85	  0	 40	  0	  0	  0	  0	  0	  0	  0	  0	  0	  0	  0	  5	21827	  0
27-02-2016	10:04:53	->	L	00000000	 21	 86	 65	 40	  0	206	  0	  4	  4	  4	  4	  4	  4	  4	  4	  0	  0	  0	  0	  0	  0	  0	  0	  0	  0	  0	  0	  0	  0	  0	  0	  0	  0	  0	  0	  0	  0	  0	  0	 71	 65	 74	 86	  0	 37	  0	  0	  0	  0	  0	  0	  0	  0	  0	  0	  0	  5	21827	  0
27-02-2016	10:09:53	->	L	00000000	 21	 85	 65	 40	  0	211	  0	  4	  4	  4	  4	  4	  4	  4	  4	  0	  0	  0	  0	  0	  0	  0	  0	  0	  0	  0	  0	  0	  0	  0	  0	  0	  0	  0	  0	  0	  0	  0	  0	 72	 65	 72	 85	  0	 40	  0	  0	  0	  0	  0	  0	  0	  0	  0	  0	  0	  5	21827	  0
27-02-2016	10:14:53	->	L	00000000	 21	 83	 65	 44	  0	216	  0	  4	  4	  4	  4	  4	  4	  4	  4	  0	  0	  0	  0	  0	  0	  0	  0	  0	  0	  0	  0	  0	  0	  0	  0	  0	  0	  0	  0	  0	  0	  0	  0	 71	 65	 74	 83	  0	 44	  0	  0	  0	  0	  0	  0	  0	  0	  0	  0	  0	  5	21827	  0
27-02-2016	10:19:53	->	L	00000000	 21	 86	 65	 40	  0	221	  0	  4	  4	  4	  4	  4	  4	  4	  4	  0	  0	  0	  0	  0	  0	  0	  0	  0	  0	  0	  0	  0	  0	  0	  0	  0	  0	  0	  0	  0	  0	  0	  0	 72	 65	 72	 86	  0	 37	  0	  0	  0	  0	  0	  0	  0	  0	  0	  0	  0	  5	21827	  0
27-02-2016	10:24:53	->	L	00000000	 21	 84	 65	 40	  0	226	  0	  4	  4	  4	  4	  4	  4	  4	  4	  0	  0	  0	  0	  0	  0	  0	  0	  0	  0	  0	  0	  0	  0	  0	  0	  0	  0	  0	  0	  0	  0	  0	  0	 71	 65	 74	 84	  0	 41	  0	  0	  0	  0	  0	  0	  0	  0	  0	  0	  0	  5	21827	  0
27-02-2016	10:29:53	->	L	00000000	 21	 84	 65	 41	  0	231	  0	  4	  4	  4	  4	  4	  4	  4	  4	  0	  0	  0	  0	  0	  0	  0	  0	  0	  0	  0	  0	  0	  0	  0	  0	  0	  0	  0	  0	  0	  0	  0	  0	 71	 65	 74	 84	  0	 41	  0	  0	  0	  0	  0	  0	  0	  0	  0	  0	  0	  5	21827	  0
27-02-2016	10:34:54	->	L	00000000	 21	 85	 65	 40	  0	236	  0	  4	  4	  4	  4	  4	  4	  4	  4	  0	  0	  0	  0	  0	  0	  0	  0	  0	  0	  0	  0	  0	  0	  0	  0	  0	  0	  0	  0	  0	  0	  0	  0	 72	 65	 72	 85	  0	 40	  0	  0	  0	  0	  0	  0	  0	  0	  0	  0	  0	  5	21827	  0
27-02-2016	10:39:54	->	L	00000000	 21	 85	 65	 40	  0	241	  0	  4	  4	  4	  4	  4	  4	  4	  4	  0	  0	  0	  0	  0	  0	  0	  0	  0	  0	  0	  0	  0	  0	  0	  0	  0	  0	  0	  0	  0	  0	  0	  0	 72	 65	 72	 85	  0	 40	  0	  0	  0	  0	  0	  0	  0	  0	  0	  0	  0	  5	21827	  0
27-02-2016	10:44:53	->	L	00000000	 21	 84	 65	 41	  0	246	  0	  4	  4	  4	  4	  4	  4	  4	  4	  0	  0	  0	  0	  0	  0	  0	  0	  0	  0	  0	  0	  0	  0	  0	  0	  0	  0	  0	  0	  0	  0	  0	  0	 71	 65	 74	 84	  0	 41	  0	  0	  0	  0	  0	  0	  0	  0	  0	  0	  0	  5	21827	  0
27-02-2016	10:49:53	->	L	00000000	 21	 86	 65	 40	  0	251	  0	  4	  4	  4	  4	  4	  4	  4	  4	  0	  0	  0	  0	  0	  0	  0	  0	  0	  0	  0	  0	  0	  0	  0	  0	  0	  0	  0	  0	  0	  0	  0	  0	 72	 65	 72	 86	  0	 37	  0	  0	  0	  0	  0	  0	  0	  0	  0	  0	  0	  5	21827	  0
27-02-2016	10:54:53	->	L	00000000	 21	 85	 65	 41	  0	256	  0	  4	  4	  4	  4	  4	  4	  4	  4	  0	  0	  0	  0	  0	  0	  0	  0	  0	  0	  0	  0	  0	  0	  0	  0	  0	  0	  0	  0	  0	  0	  0	  0	 72	 65	 72	 85	  0	 40	  0	  0	  0	  0	  0	  0	  0	  0	  0	  0	  0	  5	21827	  0
27-02-2016	10:59:53	->	L	00000000	 21	 85	 65	 40	  0	261	  0	  4	  4	  4	  4	  4	  4	  4	  4	  0	  0	  0	  0	  0	  0	  0	  0	  0	  0	  0	  0	  0	  0	  0	  0	  0	  0	  0	  0	  0	  0	  0	  0	 71	 65	 74	 85	  0	 40	  0	  0	  0	  0	  0	  0	  0	  0	  0	  0	  0	  5	21827	  0
27-02-2016	11:04:53	->	L	00000000	 21	 85	 65	 41	  0	266	  0	  4	  4	  4	  4	  4	  4	  4	  4	  0	  0	  0	  0	  0	  0	  0	  0	  0	  0	  0	  0	  0	  0	  0	  0	  0	  0	  0	  0	  0	  0	  0	  0	 72	 65	 72	 85	  0	 40	  0	  0	  0	  0	  0	  0	  0	  0	  0	  0	  0	  5	21827	  0
27-02-2016	11:09:54	->	L	00000000	 21	 85	 65	 40	  0	271	  0	  4	  4	  4	  4	  4	  4	  4	  4	  0	  0	  0	  0	  0	  0	  0	  0	  0	  0	  0	  0	  0	  0	  0	  0	  0	  0	  0	  0	  0	  0	  0	  0	 71	 65	 74	 85	  0	 40	  0	  0	  0	  0	  0	  0	  0	  0	  0	  0	  0	  5	21827	  0
27-02-2016	11:14:54	->	L	00000000	 21	 85	 65	 41	  0	276	  0	  4	  4	  4	  4	  4	  4	  4	  4	  0	  0	  0	  0	  0	  0	  0	  0	  0	  0	  0	  0	  0	  0	  0	  0	  0	  0	  0	  0	  0	  0	  0	  0	 71	 65	 74	 85	  0	 40	  0	  0	  0	  0	  0	  0	  0	  0	  0	  0	  0	  5	21827	  0
27-02-2016	11:19:54	->	L	00000000	 21	 84	 65	 41	  0	281	  0	  4	  4	  4	  4	  4	  4	  4	  4	  0	  0	  0	  0	  0	  0	  0	  0	  0	  0	  0	  0	  0	  0	  0	  0	  0	  0	  0	  0	  0	  0	  0	  0	 71	 65	 74	 84	  0	 41	  0	  0	  0	  0	  0	  0	  0	  0	  0	  0	  0	  5	21827	  0
27-02-2016	11:24:54	->	L	00000000	 21	 83	 65	 44	  0	286	  0	  4	  4	  4	  4	  4	  4	  4	  4	  0	  0	  0	  0	  0	  0	  0	  0	  0	  0	  0	  0	  0	  0	  0	  0	  0	  0	  0	  0	  0	  0	  0	  0	 71	 65	 74	 83	  0	 44	  0	  0	  0	  0	  0	  0	  0	  0	  0	  0	  0	  5	21827	  0
27-02-2016	11:29:55	->	L	00000000	 21	 83	 65	 44	  0	291	  0	  4	  4	  4	  4	  4	  4	  4	  4	  0	  0	  0	  0	  0	  0	  0	  0	  0	  0	  0	  0	  0	  0	  0	  0	  0	  0	  0	  0	  0	  0	  0	  0	 71	 65	 74	 83	  0	 44	  0	  0	  0	  0	  0	  0	  0	  0	  0	  0	  0	  5	21827	  0
27-02-2016	11:34:54	->	L	00000000	 21	 83	 65	 45	  0	296	  0	  4	  4	  4	  4	  4	  4	  4	  4	  0	  0	  0	  0	  0	  0	  0	  0	  0	  0	  0	  0	  0	  0	  0	  0	  0	  0	  0	  0	  0	  0	  0	  0	 71	 65	 74	 83	  0	 44	  0	  0	  0	  0	  0	  0	  0	  0	  0	  0	  0	  5	21827	  0
27-02-2016	11:39:54	->	L	00000000	 21	 82	 65	 45	  0	301	  0	  4	  4	  4	  4	  4	  4	  4	  4	  0	  0	  0	  0	  0	  0	  0	  0	  0	  0	  0	  0	  0	  0	  0	  0	  0	  0	  0	  0	  0	  0	  0	  0	 71	 65	 74	 82	  0	 45	  0	  0	  0	  0	  0	  0	  0	  0	  0	  0	  0	  5	21827	  0
27-02-2016	11:44:54	<-	L	00000000	 21	 80	 67	 54	  0	306	  0	  4	  4	  4	  4	  4	  4	  4	  4	  0	  0	  0	  0	  0	  0	  0	  0	  0	  0	  0	  0	  0	  0	  0	  0	  0	  0	  0	  0	  0	  0	  0	  0	 80	 67	 54	 76	  0	 66	  0	  0	  0	  0	  0	  0	  0	  0	  0	  0	  0	  5	20547	  0
27-02-2016	11:49:54	<-	L	00000000	 21	 81	 67	 50	  0	311	  0	  4	  4	  4	  4	  4	  4	  4	  4	  0	  0	  0	  0	  0	  0	  0	  0	  0	  0	  0	  0	  0	  0	  0	  0	  0	  0	  0	  0	  0	  0	  0	  0	 81	 67	 52	 74	  0	 72	  0	  0	  0	  0	  0	  0	  0	  0	  0	  0	  0	  5	20547	  0
27-02-2016	11:54:54	<-	L	00000000	 21	 79	 67	 60	  0	316	  0	  4	  4	  4	  4	  4	  4	  4	  4	  0	  0	  0	  0	  0	  0	  0	  0	  0	  0	  0	  0	  0	  0	  0	  0	  0	  0	  0	  0	  0	  0	  0	  0	 79	 67	 57	 73	  0	 75	  0	  0	  0	  0	  0	  0	  0	  0	  0	  0	  0	  5	20547	  0
27-02-2016	11:59:54	<-	L	00000000	 21	 82	 67	 50	  0	321	  0	  4	  4	  4	  4	  4	  4	  4	  4	  0	  0	  0	  0	  0	  0	  0	  0	  0	  0	  0	  0	  0	  0	  0	  0	  0	  0	  0	  0	  0	  0	  0	  0	 82	 67	 50	 73	  0	 75	  0	  0	  0	  0	  0	  0	  0	  0	  0	  0	  0	  5	20547	  0
27-02-2016	12:04:55	<-	L	00000000	 21	 80	 67	 54	  0	326	  0	  4	  4	  4	  4	  4	  4	  4	  4	  0	  0	  0	  0	  0	  0	  0	  0	  0	  0	  0	  0	  0	  0	  0	  0	  0	  0	  0	  0	  0	  0	  0	  0	 80	 67	 54	 73	  0	 75	  0	  0	  0	  0	  0	  0	  0	  0	  0	  0	  0	  5	20547	  0
27-02-2016	12:09:55	<-	L	00000000	 21	 79	 66	 57	  0	331	  0	  4	  4	  4	  4	  4	  4	  4	  4	  0	  0	  0	  0	  0	  0	  0	  0	  0	  0	  0	  0	  0	  0	  0	  0	  0	  0	  0	  0	  0	  0	  0	  0	 79	 66	 54	 72	  0	 75	  0	  0	  0	  0	  0	  0	  0	  0	  0	  0	  0	  5	20547	  0
27-02-2016	12:14:55	<-	L	00000000	 21	 73	 65	 68	  0	336	  0	  4	  4	  4	  4	  4	  4	  4	  4	  0	  0	  0	  0	  0	  0	  0	  0	  0	  0	  0	  0	  0	  0	  0	  0	  0	  0	  0	  0	  0	  0	  0	  0	 73	 65	 68	 70	  0	 80	  0	  0	  0	  0	  0	  0	  0	  0	  0	  0	  0	  5	20547	  0
27-02-2016	12:19:55	<-	L	00000000	 21	 81	 66	 48	  0	341	  0	  4	  4	  4	  4	  4	  4	  4	  4	  0	  0	  0	  0	  0	  0	  0	  0	  0	  0	  0	  0	  0	  0	  0	  0	  0	  0	  0	  0	  0	  0	  0	  0	 81	 66	 50	 72	  0	 75	  0	  0	  0	  0	  0	  0	  0	  0	  0	  0	  0	  5	20547	  0
27-02-2016	12:24:55	<-	L	00000000	 21	 78	 66	 57	  0	346	  0	  4	  4	  4	  4	  4	  4	  4	  4	  0	  0	  0	  0	  0	  0	  0	  0	  0	  0	  0	  0	  0	  0	  0	  0	  0	  0	  0	  0	  0	  0	  0	  0	 78	 66	 57	 72	  0	 75	  0	  0	  0	  0	  0	  0	  0	  0	  0	  0	  0	  5	20547	  0
27-02-2016	12:29:55	<-	L	00000000	 21	 81	 66	 51	  0	351	  0	  4	  4	  4	  4	  4	  4	  4	  4	  0	  0	  0	  0	  0	  0	  0	  0	  0	  0	  0	  0	  0	  0	  0	  0	  0	  0	  0	  0	  0	  0	  0	  0	 81	 66	 50	 72	  0	 75	  0	  0	  0	  0	  0	  0	  0	  0	  0	  0	  0	  5	20547	  0
27-02-2016	12:34:55	<-	L	00000000	 21	 82	 66	 48	  0	356	  0	  4	  4	  4	  4	  4	  4	  4	  4	  0	  0	  0	  0	  0	  0	  0	  0	  0	  0	  0	  0	  0	  0	  0	  0	  0	  0	  0	  0	  0	  0	  0	  0	 82	 66	 48	 73	  0	 72	  0	  0	  0	  0	  0	  0	  0	  0	  0	  0	  0	  5	20547	  0
27-02-2016	12:39:55	<-	L	00000000	 22	 78	 65	 57	  0	  0	  0	  4	  4	  4	  4	  4	  4	  4	  4	  0	  0	  0	  0	  0	  0	  0	  0	  0	  0	  0	  0	  0	  0	  0	  0	  0	  0	  0	  0	  0	  0	  0	  0	 78	 65	 54	 71	  0	 74	  0	  0	  0	  0	  0	  0	  0	  0	  0	  0	  0	  5	21824	  0
27-02-2016	12:44:55	<-	L	00000000	 22	 84	 64	 37	  0	  5	  0	  4	  4	  4	  4	  4	  4	  4	  4	  0	  0	  0	  0	  0	  0	  0	  0	  0	  0	  0	  0	  0	  0	  0	  0	  0	  0	  0	  0	  0	  0	  0	  0	 84	 64	 39	 71	  0	 71	  0	  0	  0	  0	  0	  0	  0	  0	  0	  0	  0	  5	21824	  0
27-02-2016	12:49:55	<-	L	00000000	 22	 78	 64	 51	  0	 10	  0	  4	  4	  4	  4	  4	  4	  4	  4	  0	  0	  0	  0	  0	  0	  0	  0	  0	  0	  0	  0	  0	  0	  0	  0	  0	  0	  0	  0	  0	  0	  0	  0	 78	 64	 51	 71	  0	 71	  0	  0	  0	  0	  0	  0	  0	  0	  0	  0	  0	  5	20544	  0
27-02-2016	12:54:55	<-	L	00000000	 22	 81	 64	 47	  0	 15	  0	  4	  4	  4	  4	  4	  4	  4	  4	  0	  0	  0	  0	  0	  0	  0	  0	  0	  0	  0	  0	  0	  0	  0	  0	  0	  0	  0	  0	  0	  0	  0	  0	 81	 64	 44	 71	  0	 71	  0	  0	  0	  0	  0	  0	  0	  0	  0	  0	  0	  5	20544	  0
27-02-2016	12:59:55	<-	L	00000000	 22	 78	 64	 49	  0	 20	  0	  4	  4	  4	  4	  4	  4	  4	  4	  0	  0	  0	  0	  0	  0	  0	  0	  0	  0	  0	  0	  0	  0	  0	  0	  0	  0	  0	  0	  0	  0	  0	  0	 78	 64	 51	 70	  0	 74	  0	  0	  0	  0	  0	  0	  0	  0	  0	  0	  0	  5	20544	  0
27-02-2016	13:04:55	<-	L	00000000	 22	 82	 65	 47	  0	 25	  0	  4	  4	  4	  4	  4	  4	  4	  4	  0	  0	  0	  0	  0	  0	  0	  0	  0	  0	  0	  0	  0	  0	  0	  0	  0	  0	  0	  0	  0	  0	  0	  0	 82	 65	 45	 72	  0	 72	  0	  0	  0	  0	  0	  0	  0	  0	  0	  0	  0	  5	20544	  0
27-02-2016	13:09:55	<-	L	00000000	 22	 79	 63	 47	  0	 30	  0	  4	  4	  4	  4	  4	  4	  4	  4	  0	  0	  0	  0	  0	  0	  0	  0	  0	  0	  0	  0	  0	  0	  0	  0	  0	  0	  0	  0	  0	  0	  0	  0	 79	 63	 47	 71	  0	 68	  0	  0	  0	  0	  0	  0	  0	  0	  0	  0	  0	  5	20544	  0
27-02-2016	13:14:55	<-	L	00000000	 22	 82	 65	 45	  0	 35	  0	  4	  4	  4	  4	  4	  4	  4	  4	  0	  0	  0	  0	  0	  0	  0	  0	  0	  0	  0	  0	  0	  0	  0	  0	  0	  0	  0	  0	  0	  0	  0	  0	 82	 65	 45	 72	  0	 72	  0	  0	  0	  0	  0	  0	  0	  0	  0	  0	  0	  5	20544	  0
27-02-2016	13:19:56	<-	L	00000000	 22	 79	 63	 44	  0	 40	  0	  4	  4	  4	  4	  4	  4	  4	  4	  0	  0	  0	  0	  0	  0	  0	  0	  0	  0	  0	  0	  0	  0	  0	  0	  0	  0	  0	  0	  0	  0	  0	  0	 79	 63	 47	 71	  0	 68	  0	  0	  0	  0	  0	  0	  0	  0	  0	  0	  0	  5	20544	  0
