07/12/2016	18:23:16	<-	L	00000000	 10	 31	 24	 61	  0	  3	  0	  5	  5	  5	  5	  5	  5	  5	  5	  0	  0	  0	  0	  0	  0	  0	  0	  0	  0	  0	  0	  0	  0	  0	  0	  0	  0	  0	  0	  0	  0	  0	  0	 31	 24	 61	 31	  0	 61	  0	  0	  0	  0	  0	  0	  0	  0	  0	  0	  0	  5	7967	  1
07/12/2016	18:28:16	<-	L	00000000	 10	 30	 23	 57	  0	  8	  0	  5	  5	  5	  5	  5	  5	  5	  5	  0	  0	  0	  0	  0	  0	  0	  0	  0	  0	  0	  0	  0	  0	  0	  0	  0	  0	  0	  0	  0	  0	  0	  0	 30	 23	 61	 22	  0	100	  0	  0	  0	  0	  0	  0	  0	  0	  0	  0	  0	  5	8224	  1
07/12/2016	18:33:16	<-	L	00000000	 10	 33	 24	 57	  0	 13	  0	  5	  5	  4	  4	  4	  4	  4	  5	  0	  0	  0	  0	  0	  0	  0	  0	  0	  0	  0	  0	  0	  0	  0	  0	  0	  0	  0	  0	  0	  0	  0	  0	 33	 24	 54	 24	  0	100	  0	  0	  0	  0	  0	  0	  0	  0	  0	  0	  0	  5	8481	  1
07/12/2016	18:38:16	<-	L	00000000	 10	 34	 29	 75	  0	 18	  0	  4	  5	  4	  4	  4	  4	  4	  4	  0	  0	  0	  0	  0	  0	  0	  0	  0	  0	  0	  0	  0	  0	  0	  0	  0	  0	  0	  0	  0	  0	  0	  0	 34	 29	 75	 28	  0	100	  0	  0	  0	  0	  0	  0	  0	  0	  0	  0	  0	  5	8481	  1
07/12/2016	18:43:16	<-	L	00000000	 10	 33	 32	 89	  0	 23	  0	  4	  4	  4	  4	  4	  4	  4	  4	  0	  0	  0	  0	  0	  0	  0	  0	  0	  0	  0	  0	  0	  0	  0	  0	  0	  0	  0	  0	  0	  0	  0	  0	 33	 32	 93	 30	  0	100	  0	  0	  0	  0	  0	  0	  0	  0	  0	  0	  0	  5	8738	  1
07/12/2016	18:48:16	<-	L	00000000	 10	 36	 31	 78	  0	 28	  0	  4	  4	  4	  4	  4	  4	  4	  4	  0	  0	  0	  0	  0	  0	  0	  0	  0	  0	  0	  0	  0	  0	  0	  0	  0	  0	  0	  0	  0	  0	  0	  0	 36	 31	 75	 30	  0	100	  0	  0	  0	  0	  0	  0	  0	  0	  0	  0	  0	  5	8995	  1
07/12/2016	18:53:16	  	L	00000000	 10	  4	  4	  0	  0	  0	  0	  4	  4	  4	  4	  4	  4	  4	  4	  0	  0	  0	  0	  0	  0	  0	  0	  0	  0	  0	  0	  0	  0	  0	  0	  0	  0	  0	  0	  0	  0	  0	  0	  0	  0	  0	  0	  0	  0	  0	  0	  0	  0	  0	  0	  0	  0	  0	  0	  0	  5	2570	2560
07/12/2016	18:58:16	<-	L	00000000	 10	 36	 32	 75	  0	 38	  0	  4	  4	  4	  4	  4	  4	  4	  4	  0	  0	  0	  0	  0	  0	  0	  0	  0	  0	  0	  0	  0	  0	  0	  0	  0	  0	  0	  0	  0	  0	  0	  0	 36	 32	 78	 32	  0	100	  0	  0	  0	  0	  0	  0	  0	  0	  0	  0	  0	  5	9509	  1
07/12/2016	19:03:16	<-	L	00000000	 10	 38	 32	 75	  0	 43	  0	  4	  4	  4	  4	  4	  4	  4	  4	  0	  0	  0	  0	  0	  0	  0	  0	  0	  0	  0	  0	  0	  0	  0	  0	  0	  0	  0	  0	  0	  0	  0	  0	 38	 32	 68	 32	  0	100	  0	  0	  0	  0	  0	  0	  0	  0	  0	  0	  0	  5	9766	  1
07/12/2016	19:08:16	<-	L	00000000	 10	 38	 33	 68	  0	 48	  0	  4	  4	  4	  4	  4	  4	  4	  4	  0	  0	  0	  0	  0	  0	  0	  0	  0	  0	  0	  0	  0	  0	  0	  0	  0	  0	  0	  0	  0	  0	  0	  0	 38	 33	 75	 33	  0	100	  0	  0	  0	  0	  0	  0	  0	  0	  0	  0	  0	  5	9766	  1
07/12/2016	19:13:16	<-	L	00000000	 10	 38	 34	 78	  0	 53	  0	  4	  4	  4	  4	  4	  4	  4	  4	  0	  0	  0	  0	  0	  0	  0	  0	  0	  0	  0	  0	  0	  0	  0	  0	  0	  0	  0	  0	  0	  0	  0	  0	 38	 34	 78	 34	  0	100	  0	  0	  0	  0	  0	  0	  0	  0	  0	  0	  0	  5	10023	  1
07/12/2016	19:18:16	<-	L	00000000	 10	 43	 35	 64	  0	 58	  0	  4	  4	  4	  4	  4	  4	  4	  4	  0	  0	  0	  0	  0	  0	  0	  0	  0	  0	  0	  0	  0	  0	  0	  0	  0	  0	  0	  0	  0	  0	  0	  0	 43	 35	 60	 35	  0	100	  0	  0	  0	  0	  0	  0	  0	  0	  0	  0	  0	  5	10280	  1
07/12/2016	19:23:17	<-	L	00000000	 10	 41	 36	 69	  0	 63	  0	  4	  4	  4	  4	  4	  4	  4	  4	  0	  0	  0	  0	  0	  0	  0	  0	  0	  0	  0	  0	  0	  0	  0	  0	  0	  0	  0	  0	  0	  0	  0	  0	 41	 36	 76	 36	  0	100	  0	  0	  0	  0	  0	  0	  0	  0	  0	  0	  0	  5	10537	  1
07/12/2016	19:28:16	<-	L	00000000	 10	 40	 36	 78	  0	 68	  0	  4	  4	  4	  4	  4	  4	  4	  4	  0	  0	  0	  0	  0	  0	  0	  0	  0	  0	  0	  0	  0	  0	  0	  0	  0	  0	  0	  0	  0	  0	  0	  0	 40	 36	 78	 36	  0	100	  0	  0	  0	  0	  0	  0	  0	  0	  0	  0	  0	  5	10794	  1
07/12/2016	19:33:16	<-	L	00000000	 10	 44	 38	 69	  0	 73	  0	  4	  4	  4	  4	  4	  4	  4	  4	  0	  0	  0	  0	  0	  0	  0	  0	  0	  0	  0	  0	  0	  0	  0	  0	  0	  0	  0	  0	  0	  0	  0	  0	 44	 38	 69	 38	  0	100	  0	  0	  0	  0	  0	  0	  0	  0	  0	  0	  0	  5	10794	  1
07/12/2016	19:38:17	<-	L	00000000	 10	 43	 38	 76	  0	 78	  0	  4	  4	  4	  4	  4	  4	  4	  4	  0	  0	  0	  0	  0	  0	  0	  0	  0	  0	  0	  0	  0	  0	  0	  0	  0	  0	  0	  0	  0	  0	  0	  0	 43	 38	 76	 39	  0	 94	  0	  0	  0	  0	  0	  0	  0	  0	  0	  0	  0	  5	11051	  1
07/12/2016	19:43:16	<-	L	00000000	 10	 44	 39	 79	  0	 83	  0	  4	  4	  4	  4	  4	  4	  4	  4	  0	  0	  0	  0	  0	  0	  0	  0	  0	  0	  0	  0	  0	  0	  0	  0	  0	  0	  0	  0	  0	  0	  0	  0	 44	 39	 76	 39	  0	100	  0	  0	  0	  0	  0	  0	  0	  0	  0	  0	  0	  5	11308	  1
07/12/2016	19:48:17	<-	L	00000000	 10	 47	 40	 62	  0	 88	  0	  4	  4	  4	  4	  4	  4	  4	  4	  0	  0	  0	  0	  0	  0	  0	  0	  0	  0	  0	  0	  0	  0	  0	  0	  0	  0	  0	  0	  0	  0	  0	  0	 47	 40	 65	 41	  0	 94	  0	  0	  0	  0	  0	  0	  0	  0	  0	  0	  0	  5	11565	  1
07/12/2016	19:53:17	<-	L	00000000	 10	 45	 41	 79	  0	 93	  0	  4	  4	  4	  4	  4	  4	  4	  4	  0	  0	  0	  0	  0	  0	  0	  0	  0	  0	  0	  0	  0	  0	  0	  0	  0	  0	  0	  0	  0	  0	  0	  0	 45	 41	 79	 41	  0	100	  0	  0	  0	  0	  0	  0	  0	  0	  0	  0	  0	  5	11822	  1
07/12/2016	19:58:16	<-	L	00000000	 10	 48	 42	 76	  0	 98	  0	  4	  4	  4	  4	  4	  4	  4	  4	  0	  0	  0	  0	  0	  0	  0	  0	  0	  0	  0	  0	  0	  0	  0	  0	  0	  0	  0	  0	  0	  0	  0	  0	 48	 42	 70	 42	  0	100	  0	  0	  0	  0	  0	  0	  0	  0	  0	  0	  0	  5	12079	  1
07/12/2016	20:03:16	<-	L	00000000	 10	 47	 42	 76	  0	103	  0	  4	  4	  4	  4	  4	  4	  4	  4	  0	  0	  0	  0	  0	  0	  0	  0	  0	  0	  0	  0	  0	  0	  0	  0	  0	  0	  0	  0	  0	  0	  0	  0	 47	 42	 76	 43	  0	 94	  0	  0	  0	  0	  0	  0	  0	  0	  0	  0	  0	  5	12079	  1
07/12/2016	20:08:17	<-	L	00000000	 10	 49	 43	 77	  0	108	  0	  4	  4	  4	  4	  4	  4	  4	  4	  0	  0	  0	  0	  0	  0	  0	  0	  0	  0	  0	  0	  0	  0	  0	  0	  0	  0	  0	  0	  0	  0	  0	  0	 49	 43	 70	 44	  0	 94	  0	  0	  0	  0	  0	  0	  0	  0	  0	  0	  0	  5	12336	  1
07/12/2016	20:13:16	<-	L	00000000	 10	 52	 45	 67	  0	113	  0	  4	  4	  4	  4	  4	  4	  4	  4	  0	  0	  0	  0	  0	  0	  0	  0	  0	  0	  0	  0	  0	  0	  0	  0	  0	  0	  0	  0	  0	  0	  0	  0	 52	 45	 67	 45	  0	100	  0	  0	  0	  0	  0	  0	  0	  0	  0	  0	  0	  5	12593	  1
07/12/2016	20:18:16	<-	L	00000000	 10	 50	 46	 77	  0	118	  0	  4	  4	  4	  4	  4	  4	  4	  4	  0	  0	  0	  0	  0	  0	  0	  0	  0	  0	  0	  0	  0	  0	  0	  0	  0	  0	  0	  0	  0	  0	  0	  0	 50	 46	 80	 46	  0	100	  0	  0	  0	  0	  0	  0	  0	  0	  0	  0	  0	  5	12850	  1
07/12/2016	20:23:16	->	L	00000000	 10	 50	 46	 80	  0	123	  0	  4	  4	  4	  4	  4	  4	  4	  4	  0	  0	  0	  0	  0	  0	  0	  0	  0	  0	  0	  0	  0	  0	  0	  0	  0	  0	  0	  0	  0	  0	  0	  0	 50	 46	 80	 47	  0	 94	  0	  0	  0	  0	  0	  0	  0	  0	  0	  0	  0	  5	13107	  1
07/12/2016	20:28:16	->	L	00000000	 10	 50	 47	 85	  0	128	  0	  4	  4	  4	  4	  4	  4	  4	  4	  0	  0	  0	  0	  0	  0	  0	  0	  0	  0	  0	  0	  0	  0	  0	  0	  0	  0	  0	  0	  0	  0	  0	  0	 48	 47	 94	 50	  0	 85	  0	  0	  0	  0	  0	  0	  0	  0	  0	  0	  0	  5	13107	  1
07/12/2016	20:33:16	->	L	00000000	 10	 56	 48	 67	  0	133	  0	  4	  4	  4	  4	  4	  4	  4	  4	  0	  0	  0	  0	  0	  0	  0	  0	  0	  0	  0	  0	  0	  0	  0	  0	  0	  0	  0	  0	  0	  0	  0	  0	 50	 48	 89	 56	  0	 64	  0	  0	  0	  0	  0	  0	  0	  0	  0	  0	  0	  5	13364	  1
07/12/2016	20:38:16	->	L	00000000	 10	 55	 49	 71	  0	138	  0	  4	  4	  4	  4	  4	  4	  4	  4	  0	  0	  0	  0	  0	  0	  0	  0	  0	  0	  0	  0	  0	  0	  0	  0	  0	  0	  0	  0	  0	  0	  0	  0	 50	 49	 94	 55	  0	 71	  0	  0	  0	  0	  0	  0	  0	  0	  0	  0	  0	  5	13621	  1
07/12/2016	20:43:16	->	L	00000000	 10	 53	 50	 80	  0	143	  0	  4	  4	  4	  4	  4	  4	  4	  4	  0	  0	  0	  0	  0	  0	  0	  0	  0	  0	  0	  0	  0	  0	  0	  0	  0	  0	  0	  0	  0	  0	  0	  0	 51	 50	 94	 53	  0	 85	  0	  0	  0	  0	  0	  0	  0	  0	  0	  0	  0	  5	13878	  1
07/12/2016	20:48:16	->	L	00000000	 10	 55	 51	 85	  0	148	  0	  4	  4	  4	  4	  4	  4	  4	  4	  0	  0	  0	  0	  0	  0	  0	  0	  0	  0	  0	  0	  0	  0	  0	  0	  0	  0	  0	  0	  0	  0	  0	  0	 52	 51	 94	 55	  0	 80	  0	  0	  0	  0	  0	  0	  0	  0	  0	  0	  0	  5	14135	  1
07/12/2016	20:53:16	->	L	00000000	 10	 60	 52	 72	  0	153	  0	  4	  4	  4	  4	  4	  4	  4	  4	  0	  0	  0	  0	  0	  0	  0	  0	  0	  0	  0	  0	  0	  0	  0	  0	  0	  0	  0	  0	  0	  0	  0	  0	 54	 52	 90	 60	  0	 65	  0	  0	  0	  0	  0	  0	  0	  0	  0	  0	  0	  5	14135	  1
07/12/2016	20:58:16	->	L	00000000	 10	 61	 54	 69	  0	158	  0	  4	  4	  4	  4	  4	  4	  4	  4	  0	  0	  0	  0	  0	  0	  0	  0	  0	  0	  0	  0	  0	  0	  0	  0	  0	  0	  0	  0	  0	  0	  0	  0	 55	 54	 94	 61	  0	 69	  0	  0	  0	  0	  0	  0	  0	  0	  0	  0	  0	  5	14392	  1
07/12/2016	21:03:16	->	L	00000000	 10	 60	 55	 78	  0	163	  0	  4	  4	  4	  4	  4	  4	  4	  4	  0	  0	  0	  0	  0	  0	  0	  0	  0	  0	  0	  0	  0	  0	  0	  0	  0	  0	  0	  0	  0	  0	  0	  0	 55	 55	100	 60	  0	 78	  0	  0	  0	  0	  0	  0	  0	  0	  0	  0	  0	  5	14649	  1
07/12/2016	21:08:16	->	L	00000000	 10	 63	 55	 66	  0	168	  0	  4	  4	  4	  4	  4	  4	  4	  4	  0	  0	  0	  0	  0	  0	  0	  0	  0	  0	  0	  0	  0	  0	  0	  0	  0	  0	  0	  0	  0	  0	  0	  0	 57	 55	 90	 63	  0	 66	  0	  0	  0	  0	  0	  0	  0	  0	  0	  0	  0	  5	14906	  1
07/12/2016	21:13:16	->	L	00000000	 10	 64	 57	 73	  0	173	  0	  4	  4	  4	  4	  4	  4	  4	  4	  0	  0	  0	  0	  0	  0	  0	  0	  0	  0	  0	  0	  0	  0	  0	  0	  0	  0	  0	  0	  0	  0	  0	  0	 58	 57	 94	 64	  0	 70	  0	  0	  0	  0	  0	  0	  0	  0	  0	  0	  0	  5	15163	  1
07/12/2016	21:18:16	->	L	00000000	 10	 58	 57	 94	  0	178	  0	  4	  4	  4	  4	  4	  4	  4	  4	  0	  0	  0	  0	  0	  0	  0	  0	  0	  0	  0	  0	  0	  0	  0	  0	  0	  0	  0	  0	  0	  0	  0	  0	 57	 57	100	 58	  0	 94	  0	  0	  0	  0	  0	  0	  0	  0	  0	  0	  0	  5	15420	  1
07/12/2016	21:23:16	->	L	00000000	 10	 60	 58	 90	  0	183	  0	  4	  4	  4	  4	  4	  4	  4	  4	  0	  0	  0	  0	  0	  0	  0	  0	  0	  0	  0	  0	  0	  0	  0	  0	  0	  0	  0	  0	  0	  0	  0	  0	 59	 58	 95	 60	  0	 90	  0	  0	  0	  0	  0	  0	  0	  0	  0	  0	  0	  5	15420	  1
07/12/2016	21:28:16	->	L	00000000	 10	 62	 59	 86	  0	188	  0	  4	  4	  4	  4	  4	  4	  4	  4	  0	  0	  0	  0	  0	  0	  0	  0	  0	  0	  0	  0	  0	  0	  0	  0	  0	  0	  0	  0	  0	  0	  0	  0	 60	 59	 95	 62	  0	 86	  0	  0	  0	  0	  0	  0	  0	  0	  0	  0	  0	  5	15677	  1
07/12/2016	21:33:16	->	L	00000000	 10	 65	 60	 73	  0	193	  0	  4	  4	  4	  4	  4	  4	  4	  4	  0	  0	  0	  0	  0	  0	  0	  0	  0	  0	  0	  0	  0	  0	  0	  0	  0	  0	  0	  0	  0	  0	  0	  0	 61	 60	 95	 65	  0	 79	  0	  0	  0	  0	  0	  0	  0	  0	  0	  0	  0	  5	15934	  1
07/12/2016	21:38:16	->	L	00000000	 10	 70	 61	 64	  0	198	  0	  4	  4	  4	  4	  4	  4	  4	  4	  0	  0	  0	  0	  0	  0	  0	  0	  0	  0	  0	  0	  0	  0	  0	  0	  0	  0	  0	  0	  0	  0	  0	  0	 62	 61	 95	 70	  0	 64	  0	  0	  0	  0	  0	  0	  0	  0	  0	  0	  0	  5	16191	  1
07/12/2016	21:43:16	->	L	00000000	 10	 63	 61	 95	  0	203	  0	  4	  4	  4	  4	  4	  4	  4	  4	  0	  0	  0	  0	  0	  0	  0	  0	  0	  0	  0	  0	  0	  0	  0	  0	  0	  0	  0	  0	  0	  0	  0	  0	 62	 61	 95	 63	  0	 95	  0	  0	  0	  0	  0	  0	  0	  0	  0	  0	  0	  5	16448	  1
07/12/2016	21:48:16	->	L	00000000	 10	 64	 62	 90	  0	208	  0	  4	  4	  4	  4	  4	  4	  4	  4	  0	  0	  0	  0	  0	  0	  0	  0	  0	  0	  0	  0	  0	  0	  0	  0	  0	  0	  0	  0	  0	  0	  0	  0	 63	 62	 95	 64	  0	 90	  0	  0	  0	  0	  0	  0	  0	  0	  0	  0	  0	  5	16448	  1
07/12/2016	21:53:16	->	L	00000000	 10	 66	 63	 87	  0	213	  0	  4	  4	  4	  4	  4	  4	  4	  4	  0	  0	  0	  0	  0	  0	  0	  0	  0	  0	  0	  0	  0	  0	  0	  0	  0	  0	  0	  0	  0	  0	  0	  0	 65	 63	 90	 66	  0	 87	  0	  0	  0	  0	  0	  0	  0	  0	  0	  0	  0	  5	16705	  1
07/12/2016	21:58:16	->	L	00000000	 10	 69	 64	 74	  0	218	  0	  4	  4	  4	  4	  4	  4	  4	  4	  0	  0	  0	  0	  0	  0	  0	  0	  0	  0	  0	  0	  0	  0	  0	  0	  0	  0	  0	  0	  0	  0	  0	  0	 65	 64	 95	 69	  0	 79	  0	  0	  0	  0	  0	  0	  0	  0	  0	  0	  0	  5	16962	  1
07/12/2016	22:03:17	->	L	00000000	 10	 70	 65	 74	  0	223	  0	  4	  4	  4	  4	  4	  4	  4	  4	  0	  0	  0	  0	  0	  0	  0	  0	  0	  0	  0	  0	  0	  0	  0	  0	  0	  0	  0	  0	  0	  0	  0	  0	 66	 65	 95	 70	  0	 80	  0	  0	  0	  0	  0	  0	  0	  0	  0	  0	  0	  5	17219	  1
07/12/2016	22:08:16	->	L	00000000	 10	 71	 65	 80	  0	228	  0	  4	  4	  4	  4	  4	  4	  4	  4	  0	  0	  0	  0	  0	  0	  0	  0	  0	  0	  0	  0	  0	  0	  0	  0	  0	  0	  0	  0	  0	  0	  0	  0	 66	 65	 95	 71	  0	 74	  0	  0	  0	  0	  0	  0	  0	  0	  0	  0	  0	  5	17476	  1
07/12/2016	22:13:16	->	L	00000000	 10	 70	 66	 80	  0	233	  0	  4	  4	  4	  4	  4	  4	  4	  4	  0	  0	  0	  0	  0	  0	  0	  0	  0	  0	  0	  0	  0	  0	  0	  0	  0	  0	  0	  0	  0	  0	  0	  0	 67	 66	 95	 70	  0	 82	  0	  0	  0	  0	  0	  0	  0	  0	  0	  0	  0	  5	17733	  1
07/12/2016	22:18:17	->	L	00000000	 10	 69	 66	 82	  0	238	  0	  4	  4	  4	  4	  4	  4	  4	  4	  0	  0	  0	  0	  0	  0	  0	  0	  0	  0	  0	  0	  0	  0	  0	  0	  0	  0	  0	  0	  0	  0	  0	  0	 67	 66	 95	 69	  0	 87	  0	  0	  0	  0	  0	  0	  0	  0	  0	  0	  0	  5	17733	  1
07/12/2016	22:23:16	  	L	00000000	 10	 71	 67	 82	  0	243	  0	  4	  4	  4	  4	  4	  4	  4	  4	  0	  0	  0	  0	  0	  0	  0	  0	  0	  0	  0	  0	  0	  0	  0	  0	  0	  0	  0	  0	  0	  0	  0	  0	 68	 67	 95	 71	  0	 82	  0	  0	  0	  0	  0	  0	  0	  0	  0	  0	  0	  5	17990	  1
07/12/2016	22:28:16	<-	L	00000000	 10	 74	 68	 72	  0	248	  0	  4	  4	  4	  4	  4	  4	  4	  4	  0	  0	  0	  0	  0	  0	  0	  0	  0	  0	  0	  0	  0	  0	  0	  0	  0	  0	  0	  0	  0	  0	  0	  0	 74	 68	 75	 69	  0	 95	  0	  0	  0	  0	  0	  0	  0	  0	  0	  0	  0	  5	18247	  1
07/12/2016	22:33:16	<-	L	00000000	 10	 73	 68	 75	  0	253	  0	  4	  4	  4	  4	  4	  4	  4	  4	  0	  0	  0	  0	  0	  0	  0	  0	  0	  0	  0	  0	  0	  0	  0	  0	  0	  0	  0	  0	  0	  0	  0	  0	 73	 68	 80	 69	  0	 95	  0	  0	  0	  0	  0	  0	  0	  0	  0	  0	  0	  5	18504	  1
07/12/2016	22:38:16	<-	L	00000000	 10	 73	 69	 80	  0	258	  0	  4	  4	  4	  4	  4	  4	  4	  4	  0	  0	  0	  0	  0	  0	  0	  0	  0	  0	  0	  0	  0	  0	  0	  0	  0	  0	  0	  0	  0	  0	  0	  0	 73	 69	 83	 70	  0	 95	  0	  0	  0	  0	  0	  0	  0	  0	  0	  0	  0	  5	18761	  1
07/12/2016	22:43:16	<-	L	00000000	 10	 73	 69	 83	  0	263	  0	  4	  4	  4	  4	  4	  4	  4	  4	  0	  0	  0	  0	  0	  0	  0	  0	  0	  0	  0	  0	  0	  0	  0	  0	  0	  0	  0	  0	  0	  0	  0	  0	 73	 69	 83	 70	  0	 95	  0	  0	  0	  0	  0	  0	  0	  0	  0	  0	  0	  5	18761	  1
07/12/2016	22:48:16	<-	L	00000000	 10	 73	 70	 87	  0	268	  0	  4	  4	  4	  4	  4	  4	  4	  4	  0	  0	  0	  0	  0	  0	  0	  0	  0	  0	  0	  0	  0	  0	  0	  0	  0	  0	  0	  0	  0	  0	  0	  0	 73	 70	 87	 71	  0	 95	  0	  0	  0	  0	  0	  0	  0	  0	  0	  0	  0	  5	19018	  1
07/12/2016	22:53:16	<-	L	00000000	 10	 79	 71	 73	  0	273	  0	  4	  4	  4	  4	  4	  4	  4	  4	  0	  0	  0	  0	  0	  0	  0	  0	  0	  0	  0	  0	  0	  0	  0	  0	  0	  0	  0	  0	  0	  0	  0	  0	 79	 71	 70	 72	  0	 95	  0	  0	  0	  0	  0	  0	  0	  0	  0	  0	  0	  5	19275	  1
07/12/2016	22:58:16	<-	L	00000000	 10	 79	 72	 70	  0	278	  0	  4	  4	  4	  4	  4	  4	  4	  4	  0	  0	  0	  0	  0	  0	  0	  0	  0	  0	  0	  0	  0	  0	  0	  0	  0	  0	  0	  0	  0	  0	  0	  0	 79	 72	 73	 73	  0	 95	  0	  0	  0	  0	  0	  0	  0	  0	  0	  0	  0	  5	19532	  1
07/12/2016	23:03:16	<-	L	00000000	 10	 78	 73	 76	  0	283	  0	  4	  4	  4	  4	  4	  4	  4	  4	  0	  0	  0	  0	  0	  0	  0	  0	  0	  0	  0	  0	  0	  0	  0	  0	  0	  0	  0	  0	  0	  0	  0	  0	 78	 73	 81	 73	  0	100	  0	  0	  0	  0	  0	  0	  0	  0	  0	  0	  0	  5	19789	  1
07/12/2016	23:08:16	<-	L	00000000	 10	 76	 73	 83	  0	288	  0	  4	  4	  4	  4	  4	  4	  4	  4	  0	  0	  0	  0	  0	  0	  0	  0	  0	  0	  0	  0	  0	  0	  0	  0	  0	  0	  0	  0	  0	  0	  0	  0	 76	 73	 88	 74	  0	 95	  0	  0	  0	  0	  0	  0	  0	  0	  0	  0	  0	  5	20046	  1
07/12/2016	23:13:16	<-	L	00000000	 10	 79	 74	 83	  0	293	  0	  4	  4	  4	  4	  4	  4	  4	  4	  0	  0	  0	  0	  0	  0	  0	  0	  0	  0	  0	  0	  0	  0	  0	  0	  0	  0	  0	  0	  0	  0	  0	  0	 79	 74	 81	 75	  0	 95	  0	  0	  0	  0	  0	  0	  0	  0	  0	  0	  0	  5	20046	  1
07/12/2016	23:18:16	<-	L	00000000	 10	 80	 75	 81	  0	298	  0	  4	  4	  4	  4	  4	  4	  4	  4	  0	  0	  0	  0	  0	  0	  0	  0	  0	  0	  0	  0	  0	  0	  0	  0	  0	  0	  0	  0	  0	  0	  0	  0	 80	 75	 81	 75	  0	100	  0	  0	  0	  0	  0	  0	  0	  0	  0	  0	  0	  5	20303	  1
07/12/2016	23:23:16	<-	L	00000000	 21	 84	 75	 68	  0	  2	  0	  4	  4	  4	  4	  4	  4	  4	  4	  0	  0	  0	  0	  0	  0	  0	  0	  0	  0	  0	  0	  0	  0	  0	  0	  0	  0	  0	  0	  0	  0	  0	  0	 84	 75	 68	 76	  0	 95	  0	  0	  0	  0	  0	  0	  0	  0	  0	  0	  0	  5	21068	  0
07/12/2016	23:28:16	<-	L	00000000	 21	 81	 75	 76	  0	  7	  0	  4	  4	  4	  4	  4	  4	  4	  4	  0	  0	  0	  0	  0	  0	  0	  0	  0	  0	  0	  0	  0	  0	  0	  0	  0	  0	  0	  0	  0	  0	  0	  0	 81	 75	 76	 76	  0	 95	  0	  0	  0	  0	  0	  0	  0	  0	  0	  0	  0	  5	21068	  0
07/12/2016	23:33:16	<-	L	00000000	 21	 83	 75	 74	  0	 12	  0	  4	  4	  4	  4	  4	  4	  4	  4	  0	  0	  0	  0	  0	  0	  0	  0	  0	  0	  0	  0	  0	  0	  0	  0	  0	  0	  0	  0	  0	  0	  0	  0	 83	 75	 71	 76	  0	 95	  0	  0	  0	  0	  0	  0	  0	  0	  0	  0	  0	  5	21068	  0
07/12/2016	23:38:16	<-	L	00000000	 21	 81	 76	 77	  0	 17	  0	  4	  4	  4	  4	  4	  4	  4	  4	  0	  0	  0	  0	  0	  0	  0	  0	  0	  0	  0	  0	  0	  0	  0	  0	  0	  0	  0	  0	  0	  0	  0	  0	 81	 76	 81	 77	  0	 95	  0	  0	  0	  0	  0	  0	  0	  0	  0	  0	  0	  5	21068	  0
07/12/2016	23:43:16	<-	L	00000000	 21	 82	 76	 81	  0	 22	  0	  4	  4	  4	  4	  4	  4	  4	  4	  0	  0	  0	  0	  0	  0	  0	  0	  0	  0	  0	  0	  0	  0	  0	  0	  0	  0	  0	  0	  0	  0	  0	  0	 82	 76	 77	 77	  0	 95	  0	  0	  0	  0	  0	  0	  0	  0	  0	  0	  0	  5	21068	  0
07/12/2016	23:48:16	<-	L	00000000	 21	 84	 76	 71	  0	 27	  0	  4	  4	  4	  4	  4	  4	  4	  4	  0	  0	  0	  0	  0	  0	  0	  0	  0	  0	  0	  0	  0	  0	  0	  0	  0	  0	  0	  0	  0	  0	  0	  0	 84	 76	 71	 78	  0	 91	  0	  0	  0	  0	  0	  0	  0	  0	  0	  0	  0	  5	21068	  0
07/12/2016	23:53:16	<-	L	00000000	 21	 80	 76	 81	  0	 32	  0	  4	  4	  4	  4	  4	  4	  4	  4	  0	  0	  0	  0	  0	  0	  0	  0	  0	  0	  0	  0	  0	  0	  0	  0	  0	  0	  0	  0	  0	  0	  0	  0	 80	 76	 83	 77	  0	 95	  0	  0	  0	  0	  0	  0	  0	  0	  0	  0	  0	  5	21068	  0
07/12/2016	23:58:16	<-	L	00000000	 21	 85	 77	 71	  0	 37	  0	  4	  4	  4	  4	  4	  4	  4	  4	  0	  0	  0	  0	  0	  0	  0	  0	  0	  0	  0	  0	  0	  0	  0	  0	  0	  0	  0	  0	  0	  0	  0	  0	 85	 77	 72	 78	  0	 95	  0	  0	  0	  0	  0	  0	  0	  0	  0	  0	  0	  5	21068	  0
08/12/2016	00:03:16	<-	L	00000000	 21	 83	 76	 74	  0	 42	  0	  4	  4	  4	  4	  4	  4	  4	  4	  0	  0	  0	  0	  0	  0	  0	  0	  0	  0	  0	  0	  0	  0	  0	  0	  0	  0	  0	  0	  0	  0	  0	  0	 83	 76	 74	 78	  0	 91	  0	  0	  0	  0	  0	  0	  0	  0	  0	  0	  0	  5	21068	  0
08/12/2016	00:08:16	<-	L	00000000	 21	 80	 76	 83	  0	 47	  0	  4	  4	  4	  4	  4	  4	  4	  4	  0	  0	  0	  0	  0	  0	  0	  0	  0	  0	  0	  0	  0	  0	  0	  0	  0	  0	  0	  0	  0	  0	  0	  0	 80	 76	 83	 77	  0	 95	  0	  0	  0	  0	  0	  0	  0	  0	  0	  0	  0	  5	21068	  0
08/12/2016	00:13:16	<-	L	00000000	 21	 85	 77	 72	  0	 52	  0	  4	  4	  4	  4	  4	  4	  4	  4	  0	  0	  0	  0	  0	  0	  0	  0	  0	  0	  0	  0	  0	  0	  0	  0	  0	  0	  0	  0	  0	  0	  0	  0	 85	 77	 72	 78	  0	 95	  0	  0	  0	  0	  0	  0	  0	  0	  0	  0	  0	  5	21068	  0
08/12/2016	00:18:16	<-	L	00000000	 21	 82	 76	 77	  0	 57	  0	  4	  4	  4	  4	  4	  4	  4	  4	  0	  0	  0	  0	  0	  0	  0	  0	  0	  0	  0	  0	  0	  0	  0	  0	  0	  0	  0	  0	  0	  0	  0	  0	 82	 76	 77	 78	  0	 91	  0	  0	  0	  0	  0	  0	  0	  0	  0	  0	  0	  5	21068	  0
08/12/2016	00:23:16	<-	L	00000000	 21	 82	 76	 81	  0	 62	  0	  4	  4	  4	  4	  4	  4	  4	  4	  0	  0	  0	  0	  0	  0	  0	  0	  0	  0	  0	  0	  0	  0	  0	  0	  0	  0	  0	  0	  0	  0	  0	  0	 82	 76	 77	 78	  0	 91	  0	  0	  0	  0	  0	  0	  0	  0	  0	  0	  0	  5	21068	  0
08/12/2016	00:28:16	<-	L	00000000	 21	 84	 77	 75	  0	 67	  0	  4	  4	  4	  4	  4	  4	  4	  4	  0	  0	  0	  0	  0	  0	  0	  0	  0	  0	  0	  0	  0	  0	  0	  0	  0	  0	  0	  0	  0	  0	  0	  0	 84	 77	 75	 78	  0	 95	  0	  0	  0	  0	  0	  0	  0	  0	  0	  0	  0	  5	21068	  0
08/12/2016	00:33:16	<-	L	00000000	 21	 81	 76	 81	  0	 72	  0	  4	  4	  4	  4	  4	  4	  4	  4	  0	  0	  0	  0	  0	  0	  0	  0	  0	  0	  0	  0	  0	  0	  0	  0	  0	  0	  0	  0	  0	  0	  0	  0	 81	 76	 81	 78	  0	 91	  0	  0	  0	  0	  0	  0	  0	  0	  0	  0	  0	  5	21068	  0
08/12/2016	00:38:16	<-	L	00000000	 21	 83	 76	 74	  0	 77	  0	  4	  4	  4	  4	  4	  4	  4	  4	  0	  0	  0	  0	  0	  0	  0	  0	  0	  0	  0	  0	  0	  0	  0	  0	  0	  0	  0	  0	  0	  0	  0	  0	 83	 76	 74	 78	  0	 91	  0	  0	  0	  0	  0	  0	  0	  0	  0	  0	  0	  5	21068	  0
08/12/2016	00:43:16	<-	L	00000000	 21	 82	 76	 77	  0	 82	  0	  4	  4	  4	  4	  4	  4	  4	  4	  0	  0	  0	  0	  0	  0	  0	  0	  0	  0	  0	  0	  0	  0	  0	  0	  0	  0	  0	  0	  0	  0	  0	  0	 82	 76	 77	 78	  0	 91	  0	  0	  0	  0	  0	  0	  0	  0	  0	  0	  0	  5	21068	  0
08/12/2016	00:48:16	<-	L	00000000	 21	 83	 76	 81	  0	 87	  0	  4	  4	  4	  4	  4	  4	  4	  4	  0	  0	  0	  0	  0	  0	  0	  0	  0	  0	  0	  0	  0	  0	  0	  0	  0	  0	  0	  0	  0	  0	  0	  0	 83	 76	 74	 78	  0	 91	  0	  0	  0	  0	  0	  0	  0	  0	  0	  0	  0	  5	21068	  0
08/12/2016	00:53:16	<-	L	00000000	 21	 84	 76	 75	  0	 92	  0	  4	  4	  4	  4	  4	  4	  4	  4	  0	  0	  0	  0	  0	  0	  0	  0	  0	  0	  0	  0	  0	  0	  0	  0	  0	  0	  0	  0	  0	  0	  0	  0	 84	 76	 71	 78	  0	 91	  0	  0	  0	  0	  0	  0	  0	  0	  0	  0	  0	  5	20556	  0
08/12/2016	00:58:16	<-	L	00000000	 21	 83	 76	 74	  0	 97	  0	  4	  4	  4	  4	  4	  4	  4	  4	  0	  0	  0	  0	  0	  0	  0	  0	  0	  0	  0	  0	  0	  0	  0	  0	  0	  0	  0	  0	  0	  0	  0	  0	 83	 76	 74	 78	  0	 91	  0	  0	  0	  0	  0	  0	  0	  0	  0	  0	  0	  5	20556	  0
08/12/2016	01:03:16	<-	L	00000000	 21	 81	 76	 81	  0	102	  0	  4	  4	  4	  4	  4	  4	  4	  4	  0	  0	  0	  0	  0	  0	  0	  0	  0	  0	  0	  0	  0	  0	  0	  0	  0	  0	  0	  0	  0	  0	  0	  0	 81	 76	 81	 78	  0	 91	  0	  0	  0	  0	  0	  0	  0	  0	  0	  0	  0	  5	20556	  0
08/12/2016	01:08:16	<-	L	00000000	 21	 79	 76	 83	  0	107	  0	  4	  4	  4	  4	  4	  4	  4	  4	  0	  0	  0	  0	  0	  0	  0	  0	  0	  0	  0	  0	  0	  0	  0	  0	  0	  0	  0	  0	  0	  0	  0	  0	 79	 76	 88	 77	  0	 95	  0	  0	  0	  0	  0	  0	  0	  0	  0	  0	  0	  5	20556	  0
08/12/2016	01:13:16	<-	L	00000000	 21	 79	 76	 88	  0	112	  0	  4	  4	  4	  4	  4	  4	  4	  4	  0	  0	  0	  0	  0	  0	  0	  0	  0	  0	  0	  0	  0	  0	  0	  0	  0	  0	  0	  0	  0	  0	  0	  0	 79	 76	 88	 77	  0	 95	  0	  0	  0	  0	  0	  0	  0	  0	  0	  0	  0	  5	20556	  0
08/12/2016	01:18:16	<-	L	00000000	 21	 83	 76	 77	  0	117	  0	  4	  4	  4	  4	  4	  4	  4	  4	  0	  0	  0	  0	  0	  0	  0	  0	  0	  0	  0	  0	  0	  0	  0	  0	  0	  0	  0	  0	  0	  0	  0	  0	 83	 76	 74	 78	  0	 91	  0	  0	  0	  0	  0	  0	  0	  0	  0	  0	  0	  5	20556	  0
08/12/2016	01:23:16	<-	L	00000000	 21	 83	 76	 74	  0	122	  0	  4	  4	  4	  4	  4	  4	  4	  4	  0	  0	  0	  0	  0	  0	  0	  0	  0	  0	  0	  0	  0	  0	  0	  0	  0	  0	  0	  0	  0	  0	  0	  0	 83	 76	 74	 78	  0	 91	  0	  0	  0	  0	  0	  0	  0	  0	  0	  0	  0	  5	20556	  0
08/12/2016	01:28:16	->	L	00000000	 21	 85	 76	 68	  0	127	  0	  4	  4	  4	  4	  4	  4	  4	  4	  0	  0	  0	  0	  0	  0	  0	  0	  0	  0	  0	  0	  0	  0	  0	  0	  0	  0	  0	  0	  0	  0	  0	  0	 78	 76	 91	 85	  0	 68	  0	  0	  0	  0	  0	  0	  0	  0	  0	  0	  0	  5	20556	  0
08/12/2016	01:33:16	->	L	00000000	 21	 83	 76	 71	  0	132	  0	  4	  4	  4	  4	  4	  4	  4	  4	  0	  0	  0	  0	  0	  0	  0	  0	  0	  0	  0	  0	  0	  0	  0	  0	  0	  0	  0	  0	  0	  0	  0	  0	 78	 76	 91	 83	  0	 74	  0	  0	  0	  0	  0	  0	  0	  0	  0	  0	  0	  5	20556	  0
08/12/2016	01:38:16	->	L	00000000	 21	 80	 76	 83	  0	137	  0	  4	  4	  4	  4	  4	  4	  4	  4	  0	  0	  0	  0	  0	  0	  0	  0	  0	  0	  0	  0	  0	  0	  0	  0	  0	  0	  0	  0	  0	  0	  0	  0	 77	 76	 95	 80	  0	 83	  0	  0	  0	  0	  0	  0	  0	  0	  0	  0	  0	  5	20556	  0
08/12/2016	01:43:16	->	L	00000000	 21	 79	 76	 88	  0	142	  0	  4	  4	  4	  4	  4	  4	  4	  4	  0	  0	  0	  0	  0	  0	  0	  0	  0	  0	  0	  0	  0	  0	  0	  0	  0	  0	  0	  0	  0	  0	  0	  0	 78	 76	 91	 79	  0	 88	  0	  0	  0	  0	  0	  0	  0	  0	  0	  0	  0	  5	20556	  0
08/12/2016	01:48:16	->	L	00000000	 21	 85	 76	 71	  0	147	  0	  4	  4	  4	  4	  4	  4	  4	  4	  0	  0	  0	  0	  0	  0	  0	  0	  0	  0	  0	  0	  0	  0	  0	  0	  0	  0	  0	  0	  0	  0	  0	  0	 78	 76	 91	 85	  0	 68	  0	  0	  0	  0	  0	  0	  0	  0	  0	  0	  0	  5	20556	  0
08/12/2016	01:53:16	->	L	00000000	 21	 83	 76	 74	  0	152	  0	  4	  4	  4	  4	  4	  4	  4	  4	  0	  0	  0	  0	  0	  0	  0	  0	  0	  0	  0	  0	  0	  0	  0	  0	  0	  0	  0	  0	  0	  0	  0	  0	 78	 76	 91	 83	  0	 74	  0	  0	  0	  0	  0	  0	  0	  0	  0	  0	  0	  5	20556	  0
08/12/2016	01:58:17	->	L	00000000	 21	 81	 76	 77	  0	157	  0	  4	  4	  4	  4	  4	  4	  4	  4	  0	  0	  0	  0	  0	  0	  0	  0	  0	  0	  0	  0	  0	  0	  0	  0	  0	  0	  0	  0	  0	  0	  0	  0	 78	 76	 91	 81	  0	 81	  0	  0	  0	  0	  0	  0	  0	  0	  0	  0	  0	  5	20556	  0
08/12/2016	02:03:16	->	L	00000000	 21	 79	 76	 88	  0	162	  0	  4	  4	  4	  4	  4	  4	  4	  4	  0	  0	  0	  0	  0	  0	  0	  0	  0	  0	  0	  0	  0	  0	  0	  0	  0	  0	  0	  0	  0	  0	  0	  0	 78	 76	 91	 79	  0	 88	  0	  0	  0	  0	  0	  0	  0	  0	  0	  0	  0	  5	21068	  0
08/12/2016	02:08:16	->	L	00000000	 21	 87	 76	 65	  0	167	  0	  4	  4	  4	  4	  4	  4	  4	  4	  0	  0	  0	  0	  0	  0	  0	  0	  0	  0	  0	  0	  0	  0	  0	  0	  0	  0	  0	  0	  0	  0	  0	  0	 79	 76	 88	 87	  0	 63	  0	  0	  0	  0	  0	  0	  0	  0	  0	  0	  0	  5	21068	  0
08/12/2016	02:13:17	->	L	00000000	 21	 84	 76	 75	  0	172	  0	  4	  4	  4	  4	  4	  4	  4	  4	  0	  0	  0	  0	  0	  0	  0	  0	  0	  0	  0	  0	  0	  0	  0	  0	  0	  0	  0	  0	  0	  0	  0	  0	 78	 76	 88	 83	  0	 71	  0	  0	  0	  0	  0	  0	  0	  0	  0	  0	  0	  5	21068	  0
08/12/2016	02:18:17	->	L	00000000	 21	 80	 76	 83	  0	177	  0	  4	  4	  4	  4	  4	  4	  4	  4	  0	  0	  0	  0	  0	  0	  0	  0	  0	  0	  0	  0	  0	  0	  0	  0	  0	  0	  0	  0	  0	  0	  0	  0	 78	 76	 91	 80	  0	 83	  0	  0	  0	  0	  0	  0	  0	  0	  0	  0	  0	  5	21068	  0
08/12/2016	02:23:17	->	L	00000000	 21	 85	 77	 69	  0	182	  0	  4	  4	  4	  4	  4	  4	  4	  4	  0	  0	  0	  0	  0	  0	  0	  0	  0	  0	  0	  0	  0	  0	  0	  0	  0	  0	  0	  0	  0	  0	  0	  0	 79	 77	 91	 85	  0	 72	  0	  0	  0	  0	  0	  0	  0	  0	  0	  0	  0	  5	21068	  0
08/12/2016	02:28:17	->	L	00000000	 21	 81	 76	 77	  0	187	  0	  4	  4	  4	  4	  4	  4	  4	  4	  0	  0	  0	  0	  0	  0	  0	  0	  0	  0	  0	  0	  0	  0	  0	  0	  0	  0	  0	  0	  0	  0	  0	  0	 78	 76	 91	 81	  0	 81	  0	  0	  0	  0	  0	  0	  0	  0	  0	  0	  0	  5	21068	  0
08/12/2016	02:33:16	->	L	00000000	 21	 85	 76	 71	  0	192	  0	  4	  4	  4	  4	  4	  4	  4	  4	  0	  0	  0	  0	  0	  0	  0	  0	  0	  0	  0	  0	  0	  0	  0	  0	  0	  0	  0	  0	  0	  0	  0	  0	 79	 76	 88	 85	  0	 68	  0	  0	  0	  0	  0	  0	  0	  0	  0	  0	  0	  5	21068	  0
08/12/2016	02:38:16	->	L	00000000	 21	 83	 76	 74	  0	197	  0	  4	  4	  4	  4	  4	  4	  4	  4	  0	  0	  0	  0	  0	  0	  0	  0	  0	  0	  0	  0	  0	  0	  0	  0	  0	  0	  0	  0	  0	  0	  0	  0	 78	 76	 91	 83	  0	 74	  0	  0	  0	  0	  0	  0	  0	  0	  0	  0	  0	  5	21068	  0
08/12/2016	02:43:16	->	L	00000000	 21	 83	 76	 77	  0	202	  0	  4	  4	  4	  4	  4	  4	  4	  4	  0	  0	  0	  0	  0	  0	  0	  0	  0	  0	  0	  0	  0	  0	  0	  0	  0	  0	  0	  0	  0	  0	  0	  0	 78	 76	 91	 83	  0	 74	  0	  0	  0	  0	  0	  0	  0	  0	  0	  0	  0	  5	21068	  0
08/12/2016	02:48:16	->	L	00000000	 21	 83	 76	 71	  0	207	  0	  4	  4	  4	  4	  4	  4	  4	  4	  0	  0	  0	  0	  0	  0	  0	  0	  0	  0	  0	  0	  0	  0	  0	  0	  0	  0	  0	  0	  0	  0	  0	  0	 79	 76	 88	 83	  0	 74	  0	  0	  0	  0	  0	  0	  0	  0	  0	  0	  0	  5	21068	  0
08/12/2016	02:53:16	->	L	00000000	 21	 83	 76	 77	  0	212	  0	  4	  4	  4	  4	  4	  4	  4	  4	  0	  0	  0	  0	  0	  0	  0	  0	  0	  0	  0	  0	  0	  0	  0	  0	  0	  0	  0	  0	  0	  0	  0	  0	 78	 76	 91	 83	  0	 74	  0	  0	  0	  0	  0	  0	  0	  0	  0	  0	  0	  5	21068	  0
08/12/2016	02:58:16	->	L	00000000	 21	 83	 76	 71	  0	217	  0	  4	  4	  4	  4	  4	  4	  4	  4	  0	  0	  0	  0	  0	  0	  0	  0	  0	  0	  0	  0	  0	  0	  0	  0	  0	  0	  0	  0	  0	  0	  0	  0	 79	 76	 88	 83	  0	 74	  0	  0	  0	  0	  0	  0	  0	  0	  0	  0	  0	  5	21068	  0
08/12/2016	03:03:16	->	L	00000000	 21	 81	 76	 83	  0	222	  0	  4	  4	  4	  4	  4	  4	  4	  4	  0	  0	  0	  0	  0	  0	  0	  0	  0	  0	  0	  0	  0	  0	  0	  0	  0	  0	  0	  0	  0	  0	  0	  0	 78	 76	 91	 81	  0	 81	  0	  0	  0	  0	  0	  0	  0	  0	  0	  0	  0	  5	21068	  0
08/12/2016	03:08:16	->	L	00000000	 21	 84	 76	 71	  0	227	  0	  4	  4	  4	  4	  4	  4	  4	  4	  0	  0	  0	  0	  0	  0	  0	  0	  0	  0	  0	  0	  0	  0	  0	  0	  0	  0	  0	  0	  0	  0	  0	  0	 79	 76	 88	 84	  0	 71	  0	  0	  0	  0	  0	  0	  0	  0	  0	  0	  0	  5	21068	  0
