22/03/2018	19:01:53	->	L	00000000	 24	 86	 71	 52	  0	 90	  0	  4	  4	  4	  4	  4	  4	  4	  4	  0	  0	  0	  0	  0	  0	  0	  0	  0	  0	  0	  0	  0	  0	  0	  0	  0	  0	  0	  0	  0	  0	  0	  0	 78	 71	 73	 86	  0	 52	  0	  0	  0	  0	  0	  0	  0	  0	  0	  0	  0	  5	23109	  0
22/03/2018	19:06:53	->	L	00000000	 24	 85	 72	 53	  0	 95	  0	  4	  4	  4	  4	  4	  4	  4	  4	  0	  0	  0	  0	  0	  0	  0	  0	  0	  0	  0	  0	  0	  0	  0	  0	  0	  0	  0	  0	  0	  0	  0	  0	 78	 72	 76	 85	  0	 56	  0	  0	  0	  0	  0	  0	  0	  0	  0	  0	  0	  5	23109	  0
22/03/2018	19:11:53	->	L	00000000	 24	 85	 71	 53	  0	100	  0	  4	  4	  4	  4	  4	  4	  4	  4	  0	  0	  0	  0	  0	  0	  0	  0	  0	  0	  0	  0	  0	  0	  0	  0	  0	  0	  0	  0	  0	  0	  0	  0	 77	 71	 73	 85	  0	 53	  0	  0	  0	  0	  0	  0	  0	  0	  0	  0	  0	  5	23109	  0
22/03/2018	19:16:53	->	L	00000000	 24	 85	 71	 53	  0	105	  0	  4	  4	  4	  4	  4	  4	  4	  4	  0	  0	  0	  0	  0	  0	  0	  0	  0	  0	  0	  0	  0	  0	  0	  0	  0	  0	  0	  0	  0	  0	  0	  0	 77	 71	 76	 85	  0	 53	  0	  0	  0	  0	  0	  0	  0	  0	  0	  0	  0	  5	23109	  0
22/03/2018	19:21:53	->	L	00000000	 24	 84	 71	 56	  0	110	  0	  4	  4	  4	  4	  4	  4	  4	  4	  0	  0	  0	  0	  0	  0	  0	  0	  0	  0	  0	  0	  0	  0	  0	  0	  0	  0	  0	  0	  0	  0	  0	  0	 77	 71	 76	 84	  0	 56	  0	  0	  0	  0	  0	  0	  0	  0	  0	  0	  0	  5	23109	  0
22/03/2018	19:26:53	->	L	00000000	 24	 85	 71	 53	  0	115	  0	  4	  4	  4	  4	  4	  4	  4	  4	  0	  0	  0	  0	  0	  0	  0	  0	  0	  0	  0	  0	  0	  0	  0	  0	  0	  0	  0	  0	  0	  0	  0	  0	 77	 71	 76	 85	  0	 53	  0	  0	  0	  0	  0	  0	  0	  0	  0	  0	  0	  5	23109	  0
22/03/2018	19:31:54	->	L	00000000	 24	 85	 71	 53	  0	120	  0	  4	  4	  4	  4	  4	  4	  4	  4	  0	  0	  0	  0	  0	  0	  0	  0	  0	  0	  0	  0	  0	  0	  0	  0	  0	  0	  0	  0	  0	  0	  0	  0	 77	 71	 76	 85	  0	 53	  0	  0	  0	  0	  0	  0	  0	  0	  0	  0	  0	  5	23109	  0
22/03/2018	19:36:54	->	L	00000000	 24	 85	 71	 53	  0	125	  0	  4	  4	  4	  4	  4	  4	  4	  4	  0	  0	  0	  0	  0	  0	  0	  0	  0	  0	  0	  0	  0	  0	  0	  0	  0	  0	  0	  0	  0	  0	  0	  0	 78	 71	 73	 85	  0	 53	  0	  0	  0	  0	  0	  0	  0	  0	  0	  0	  0	  5	23109	  0
22/03/2018	19:41:53	->	L	00000000	 24	 85	 71	 56	  0	130	  0	  4	  4	  4	  4	  4	  4	  4	  4	  0	  0	  0	  0	  0	  0	  0	  0	  0	  0	  0	  0	  0	  0	  0	  0	  0	  0	  0	  0	  0	  0	  0	  0	 77	 71	 76	 85	  0	 53	  0	  0	  0	  0	  0	  0	  0	  0	  0	  0	  0	  5	23109	  0
22/03/2018	19:46:53	->	L	00000000	 24	 85	 71	 53	  0	135	  0	  4	  4	  4	  4	  4	  4	  4	  4	  0	  0	  0	  0	  0	  0	  0	  0	  0	  0	  0	  0	  0	  0	  0	  0	  0	  0	  0	  0	  0	  0	  0	  0	 77	 71	 76	 85	  0	 53	  0	  0	  0	  0	  0	  0	  0	  0	  0	  0	  0	  5	23109	  0
22/03/2018	19:51:54	->	L	00000000	 24	 85	 71	 53	  0	140	  0	  4	  4	  4	  4	  4	  4	  4	  4	  0	  0	  0	  0	  0	  0	  0	  0	  0	  0	  0	  0	  0	  0	  0	  0	  0	  0	  0	  0	  0	  0	  0	  0	 78	 71	 73	 85	  0	 53	  0	  0	  0	  0	  0	  0	  0	  0	  0	  0	  0	  5	23109	  0
22/03/2018	19:56:53	->	L	00000000	 24	 85	 71	 56	  0	145	  0	  4	  4	  4	  4	  4	  4	  4	  4	  0	  0	  0	  0	  0	  0	  0	  0	  0	  0	  0	  0	  0	  0	  0	  0	  0	  0	  0	  0	  0	  0	  0	  0	 77	 71	 76	 85	  0	 53	  0	  0	  0	  0	  0	  0	  0	  0	  0	  0	  0	  5	23109	  0
22/03/2018	20:01:53	->	L	00000000	 24	 85	 72	 53	  0	150	  0	  4	  4	  4	  4	  4	  4	  4	  4	  0	  0	  0	  0	  0	  0	  0	  0	  0	  0	  0	  0	  0	  0	  0	  0	  0	  0	  0	  0	  0	  0	  0	  0	 78	 72	 76	 85	  0	 56	  0	  0	  0	  0	  0	  0	  0	  0	  0	  0	  0	  5	23109	  0
22/03/2018	20:06:54	->	L	00000000	 24	 86	 71	 52	  0	155	  0	  4	  4	  4	  4	  4	  4	  4	  4	  0	  0	  0	  0	  0	  0	  0	  0	  0	  0	  0	  0	  0	  0	  0	  0	  0	  0	  0	  0	  0	  0	  0	  0	 78	 71	 73	 86	  0	 52	  0	  0	  0	  0	  0	  0	  0	  0	  0	  0	  0	  5	23109	  0
22/03/2018	20:11:54	->	L	00000000	 24	 86	 71	 53	  0	160	  0	  4	  4	  4	  4	  4	  4	  4	  4	  0	  0	  0	  0	  0	  0	  0	  0	  0	  0	  0	  0	  0	  0	  0	  0	  0	  0	  0	  0	  0	  0	  0	  0	 78	 71	 73	 86	  0	 52	  0	  0	  0	  0	  0	  0	  0	  0	  0	  0	  0	  5	23109	  0
22/03/2018	20:16:54	->	L	00000000	 24	 87	 72	 52	  0	165	  0	  4	  4	  4	  4	  4	  4	  4	  4	  0	  0	  0	  0	  0	  0	  0	  0	  0	  0	  0	  0	  0	  0	  0	  0	  0	  0	  0	  0	  0	  0	  0	  0	 78	 72	 76	 87	  0	 52	  0	  0	  0	  0	  0	  0	  0	  0	  0	  0	  0	  5	23109	  0
22/03/2018	20:21:54	->	L	00000000	 24	 87	 71	 50	  0	170	  0	  4	  4	  4	  4	  4	  4	  4	  4	  0	  0	  0	  0	  0	  0	  0	  0	  0	  0	  0	  0	  0	  0	  0	  0	  0	  0	  0	  0	  0	  0	  0	  0	 78	 71	 73	 87	  0	 50	  0	  0	  0	  0	  0	  0	  0	  0	  0	  0	  0	  5	23109	  0
22/03/2018	20:26:54	->	L	00000000	 24	 87	 72	 52	  0	175	  0	  4	  4	  4	  4	  4	  4	  4	  4	  0	  0	  0	  0	  0	  0	  0	  0	  0	  0	  0	  0	  0	  0	  0	  0	  0	  0	  0	  0	  0	  0	  0	  0	 78	 72	 76	 87	  0	 52	  0	  0	  0	  0	  0	  0	  0	  0	  0	  0	  0	  5	23109	  0
22/03/2018	20:31:53	->	L	00000000	 24	 87	 71	 50	  0	180	  0	  4	  4	  4	  4	  4	  4	  4	  4	  0	  0	  0	  0	  0	  0	  0	  0	  0	  0	  0	  0	  0	  0	  0	  0	  0	  0	  0	  0	  0	  0	  0	  0	 78	 71	 73	 87	  0	 50	  0	  0	  0	  0	  0	  0	  0	  0	  0	  0	  0	  5	23109	  0
22/03/2018	20:36:54	->	L	00000000	 24	 87	 72	 52	  0	185	  0	  4	  4	  4	  4	  4	  4	  4	  4	  0	  0	  0	  0	  0	  0	  0	  0	  0	  0	  0	  0	  0	  0	  0	  0	  0	  0	  0	  0	  0	  0	  0	  0	 78	 72	 76	 87	  0	 52	  0	  0	  0	  0	  0	  0	  0	  0	  0	  0	  0	  5	23109	  0
22/03/2018	20:41:54	->	L	00000000	 24	 88	 72	 50	  0	190	  0	  4	  4	  4	  4	  4	  4	  4	  4	  0	  0	  0	  0	  0	  0	  0	  0	  0	  0	  0	  0	  0	  0	  0	  0	  0	  0	  0	  0	  0	  0	  0	  0	 78	 72	 76	 88	  0	 50	  0	  0	  0	  0	  0	  0	  0	  0	  0	  0	  0	  5	23109	  0
22/03/2018	20:46:54	->	L	00000000	 24	 87	 71	 50	  0	195	  0	  4	  4	  4	  4	  4	  4	  4	  4	  0	  0	  0	  0	  0	  0	  0	  0	  0	  0	  0	  0	  0	  0	  0	  0	  0	  0	  0	  0	  0	  0	  0	  0	 78	 71	 73	 87	  0	 50	  0	  0	  0	  0	  0	  0	  0	  0	  0	  0	  0	  5	23109	  0
22/03/2018	20:51:54	->	L	00000000	 24	 87	 72	 52	  0	200	  0	  4	  4	  4	  4	  4	  4	  4	  4	  0	  0	  0	  0	  0	  0	  0	  0	  0	  0	  0	  0	  0	  0	  0	  0	  0	  0	  0	  0	  0	  0	  0	  0	 78	 72	 76	 87	  0	 52	  0	  0	  0	  0	  0	  0	  0	  0	  0	  0	  0	  5	23109	  0
22/03/2018	20:56:54	->	L	00000000	 24	 87	 71	 50	  0	205	  0	  4	  4	  4	  4	  4	  4	  4	  4	  0	  0	  0	  0	  0	  0	  0	  0	  0	  0	  0	  0	  0	  0	  0	  0	  0	  0	  0	  0	  0	  0	  0	  0	 78	 71	 73	 87	  0	 50	  0	  0	  0	  0	  0	  0	  0	  0	  0	  0	  0	  5	23109	  0
22/03/2018	21:01:54	->	L	00000000	 24	 87	 71	 50	  0	210	  0	  4	  4	  4	  4	  4	  4	  4	  4	  0	  0	  0	  0	  0	  0	  0	  0	  0	  0	  0	  0	  0	  0	  0	  0	  0	  0	  0	  0	  0	  0	  0	  0	 78	 71	 73	 87	  0	 50	  0	  0	  0	  0	  0	  0	  0	  0	  0	  0	  0	  5	23109	  0
22/03/2018	21:06:54	->	L	00000000	 24	 87	 72	 50	  0	215	  0	  4	  4	  4	  4	  4	  4	  4	  4	  0	  0	  0	  0	  0	  0	  0	  0	  0	  0	  0	  0	  0	  0	  0	  0	  0	  0	  0	  0	  0	  0	  0	  0	 78	 72	 76	 87	  0	 52	  0	  0	  0	  0	  0	  0	  0	  0	  0	  0	  0	  5	23109	  0
22/03/2018	21:11:54	->	L	00000000	 24	 86	 71	 53	  0	220	  0	  4	  4	  4	  4	  4	  4	  4	  4	  0	  0	  0	  0	  0	  0	  0	  0	  0	  0	  0	  0	  0	  0	  0	  0	  0	  0	  0	  0	  0	  0	  0	  0	 78	 71	 73	 86	  0	 52	  0	  0	  0	  0	  0	  0	  0	  0	  0	  0	  0	  5	23109	  0
22/03/2018	21:16:54	->	L	00000000	 24	 86	 71	 52	  0	225	  0	  4	  4	  4	  4	  4	  4	  4	  4	  0	  0	  0	  0	  0	  0	  0	  0	  0	  0	  0	  0	  0	  0	  0	  0	  0	  0	  0	  0	  0	  0	  0	  0	 78	 71	 73	 86	  0	 52	  0	  0	  0	  0	  0	  0	  0	  0	  0	  0	  0	  5	23109	  0
22/03/2018	21:21:55	->	L	00000000	 24	 85	 71	 53	  0	230	  0	  4	  4	  4	  4	  4	  4	  4	  4	  0	  0	  0	  0	  0	  0	  0	  0	  0	  0	  0	  0	  0	  0	  0	  0	  0	  0	  0	  0	  0	  0	  0	  0	 78	 71	 73	 85	  0	 53	  0	  0	  0	  0	  0	  0	  0	  0	  0	  0	  0	  5	23109	  0
22/03/2018	21:26:55	->	L	00000000	 24	 84	 71	 56	  0	235	  0	  4	  4	  4	  4	  4	  4	  4	  4	  0	  0	  0	  0	  0	  0	  0	  0	  0	  0	  0	  0	  0	  0	  0	  0	  0	  0	  0	  0	  0	  0	  0	  0	 77	 71	 76	 84	  0	 56	  0	  0	  0	  0	  0	  0	  0	  0	  0	  0	  0	  5	23109	  0
22/03/2018	21:31:55	->	L	00000000	 24	 84	 71	 56	  0	240	  0	  4	  4	  4	  4	  4	  4	  4	  4	  0	  0	  0	  0	  0	  0	  0	  0	  0	  0	  0	  0	  0	  0	  0	  0	  0	  0	  0	  0	  0	  0	  0	  0	 78	 71	 73	 84	  0	 56	  0	  0	  0	  0	  0	  0	  0	  0	  0	  0	  0	  5	23109	  0
22/03/2018	21:36:55	->	L	00000000	 24	 84	 71	 56	  0	245	  0	  4	  4	  4	  4	  4	  4	  4	  4	  0	  0	  0	  0	  0	  0	  0	  0	  0	  0	  0	  0	  0	  0	  0	  0	  0	  0	  0	  0	  0	  0	  0	  0	 77	 71	 76	 84	  0	 56	  0	  0	  0	  0	  0	  0	  0	  0	  0	  0	  0	  5	23109	  0
22/03/2018	21:41:55	->	L	00000000	 24	 83	 71	 59	  0	250	  0	  4	  4	  4	  4	  4	  4	  4	  4	  0	  0	  0	  0	  0	  0	  0	  0	  0	  0	  0	  0	  0	  0	  0	  0	  0	  0	  0	  0	  0	  0	  0	  0	 77	 71	 76	 83	  0	 59	  0	  0	  0	  0	  0	  0	  0	  0	  0	  0	  0	  5	23109	  0
22/03/2018	21:46:55	<-	L	00000000	 24	 79	 70	 67	  0	255	  0	  4	  4	  4	  4	  4	  4	  4	  4	  0	  0	  0	  0	  0	  0	  0	  0	  0	  0	  0	  0	  0	  0	  0	  0	  0	  0	  0	  0	  0	  0	  0	  0	 79	 70	 67	 79	  0	 67	  0	  0	  0	  0	  0	  0	  0	  0	  0	  0	  0	  5	23109	  0
22/03/2018	21:51:55	<-	L	00000000	 24	 82	 71	 61	  0	260	  0	  4	  4	  4	  4	  4	  4	  4	  4	  0	  0	  0	  0	  0	  0	  0	  0	  0	  0	  0	  0	  0	  0	  0	  0	  0	  0	  0	  0	  0	  0	  0	  0	 82	 71	 61	 78	  0	 73	  0	  0	  0	  0	  0	  0	  0	  0	  0	  0	  0	  5	23109	  0
22/03/2018	21:56:55	<-	L	00000000	 24	 82	 71	 61	  0	265	  0	  4	  4	  4	  4	  4	  4	  4	  4	  0	  0	  0	  0	  0	  0	  0	  0	  0	  0	  0	  0	  0	  0	  0	  0	  0	  0	  0	  0	  0	  0	  0	  0	 82	 71	 61	 78	  0	 73	  0	  0	  0	  0	  0	  0	  0	  0	  0	  0	  0	  5	23109	  0
22/03/2018	22:01:55	<-	L	00000000	 24	 82	 71	 61	  0	270	  0	  4	  4	  4	  4	  4	  4	  4	  4	  0	  0	  0	  0	  0	  0	  0	  0	  0	  0	  0	  0	  0	  0	  0	  0	  0	  0	  0	  0	  0	  0	  0	  0	 82	 71	 61	 78	  0	 73	  0	  0	  0	  0	  0	  0	  0	  0	  0	  0	  0	  5	23109	  0
22/03/2018	22:06:55	<-	L	00000000	 24	 82	 71	 61	  0	275	  0	  4	  4	  4	  4	  4	  4	  4	  4	  0	  0	  0	  0	  0	  0	  0	  0	  0	  0	  0	  0	  0	  0	  0	  0	  0	  0	  0	  0	  0	  0	  0	  0	 82	 71	 61	 77	  0	 76	  0	  0	  0	  0	  0	  0	  0	  0	  0	  0	  0	  5	23109	  0
22/03/2018	22:11:55	<-	L	00000000	 24	 81	 71	 61	  0	280	  0	  4	  4	  4	  4	  4	  4	  4	  4	  0	  0	  0	  0	  0	  0	  0	  0	  0	  0	  0	  0	  0	  0	  0	  0	  0	  0	  0	  0	  0	  0	  0	  0	 81	 71	 64	 77	  0	 76	  0	  0	  0	  0	  0	  0	  0	  0	  0	  0	  0	  5	23109	  0
22/03/2018	22:16:55	<-	L	00000000	 24	 82	 71	 61	  0	285	  0	  4	  4	  4	  4	  4	  4	  4	  4	  0	  0	  0	  0	  0	  0	  0	  0	  0	  0	  0	  0	  0	  0	  0	  0	  0	  0	  0	  0	  0	  0	  0	  0	 82	 71	 61	 77	  0	 76	  0	  0	  0	  0	  0	  0	  0	  0	  0	  0	  0	  5	23109	  0
22/03/2018	22:21:55	<-	L	00000000	 24	 82	 71	 64	  0	290	  0	  4	  4	  4	  4	  4	  4	  4	  4	  0	  0	  0	  0	  0	  0	  0	  0	  0	  0	  0	  0	  0	  0	  0	  0	  0	  0	  0	  0	  0	  0	  0	  0	 82	 71	 61	 77	  0	 76	  0	  0	  0	  0	  0	  0	  0	  0	  0	  0	  0	  5	23109	  0
22/03/2018	22:26:55	<-	L	00000000	 24	 82	 71	 61	  0	295	  0	  4	  4	  4	  4	  4	  4	  4	  4	  0	  0	  0	  0	  0	  0	  0	  0	  0	  0	  0	  0	  0	  0	  0	  0	  0	  0	  0	  0	  0	  0	  0	  0	 82	 71	 61	 77	  0	 76	  0	  0	  0	  0	  0	  0	  0	  0	  0	  0	  0	  5	23109	  0
22/03/2018	22:31:56	<-	L	00000000	 24	 79	 71	 70	  0	300	  0	  4	  4	  4	  4	  4	  4	  4	  4	  0	  0	  0	  0	  0	  0	  0	  0	  0	  0	  0	  0	  0	  0	  0	  0	  0	  0	  0	  0	  0	  0	  0	  0	 79	 71	 70	 77	  0	 76	  0	  0	  0	  0	  0	  0	  0	  0	  0	  0	  0	  5	20549	  0
22/03/2018	22:36:56	<-	L	00000000	 25	 80	 69	 60	  0	  4	  0	  4	  4	  4	  4	  4	  4	  4	  4	  0	  0	  0	  0	  0	  0	  0	  0	  0	  0	  0	  0	  0	  0	  0	  0	  0	  0	  0	  0	  0	  0	  0	  0	 80	 69	 60	 76	  0	 73	  0	  0	  0	  0	  0	  0	  0	  0	  0	  0	  0	  5	20546	  0
22/03/2018	22:41:56	<-	L	00000000	 25	 79	 69	 63	  0	  9	  0	  4	  4	  4	  4	  4	  4	  4	  4	  0	  0	  0	  0	  0	  0	  0	  0	  0	  0	  0	  0	  0	  0	  0	  0	  0	  0	  0	  0	  0	  0	  0	  0	 79	 69	 63	 75	  0	 75	  0	  0	  0	  0	  0	  0	  0	  0	  0	  0	  0	  5	20546	  0
22/03/2018	22:46:56	<-	L	00000000	 25	 79	 68	 60	  0	 14	  0	  4	  4	  4	  4	  4	  4	  4	  4	  0	  0	  0	  0	  0	  0	  0	  0	  0	  0	  0	  0	  0	  0	  0	  0	  0	  0	  0	  0	  0	  0	  0	  0	 79	 68	 60	 75	  0	 72	  0	  0	  0	  0	  0	  0	  0	  0	  0	  0	  0	  5	20546	  0
22/03/2018	22:51:56	<-	L	00000000	 25	 80	 69	 60	  0	 19	  0	  4	  4	  4	  4	  4	  4	  4	  4	  0	  0	  0	  0	  0	  0	  0	  0	  0	  0	  0	  0	  0	  0	  0	  0	  0	  0	  0	  0	  0	  0	  0	  0	 80	 69	 60	 75	  0	 75	  0	  0	  0	  0	  0	  0	  0	  0	  0	  0	  0	  5	20546	  0
22/03/2018	22:56:56	<-	L	00000000	 25	 80	 68	 58	  0	 24	  0	  4	  4	  4	  4	  4	  4	  4	  4	  0	  0	  0	  0	  0	  0	  0	  0	  0	  0	  0	  0	  0	  0	  0	  0	  0	  0	  0	  0	  0	  0	  0	  0	 80	 68	 58	 75	  0	 72	  0	  0	  0	  0	  0	  0	  0	  0	  0	  0	  0	  5	20546	  0
22/03/2018	23:01:56	<-	L	00000000	 25	 79	 68	 60	  0	 29	  0	  4	  4	  4	  4	  4	  4	  4	  4	  0	  0	  0	  0	  0	  0	  0	  0	  0	  0	  0	  0	  0	  0	  0	  0	  0	  0	  0	  0	  0	  0	  0	  0	 79	 68	 60	 75	  0	 72	  0	  0	  0	  0	  0	  0	  0	  0	  0	  0	  0	  5	20546	  0
22/03/2018	23:06:56	<-	L	00000000	 25	 80	 68	 58	  0	 34	  0	  4	  4	  4	  4	  4	  4	  4	  4	  0	  0	  0	  0	  0	  0	  0	  0	  0	  0	  0	  0	  0	  0	  0	  0	  0	  0	  0	  0	  0	  0	  0	  0	 80	 68	 58	 76	  0	 69	  0	  0	  0	  0	  0	  0	  0	  0	  0	  0	  0	  5	20546	  0
22/03/2018	23:11:57	<-	L	00000000	 25	 80	 68	 58	  0	 39	  0	  4	  4	  4	  4	  4	  4	  4	  4	  0	  0	  0	  0	  0	  0	  0	  0	  0	  0	  0	  0	  0	  0	  0	  0	  0	  0	  0	  0	  0	  0	  0	  0	 80	 68	 58	 75	  0	 72	  0	  0	  0	  0	  0	  0	  0	  0	  0	  0	  0	  5	20546	  0
22/03/2018	23:16:56	<-	L	00000000	 25	 79	 68	 60	  0	 44	  0	  4	  4	  4	  4	  4	  4	  4	  4	  0	  0	  0	  0	  0	  0	  0	  0	  0	  0	  0	  0	  0	  0	  0	  0	  0	  0	  0	  0	  0	  0	  0	  0	 79	 68	 60	 75	  0	 72	  0	  0	  0	  0	  0	  0	  0	  0	  0	  0	  0	  5	20546	  0
22/03/2018	23:21:56	<-	L	00000000	 25	 78	 68	 60	  0	 49	  0	  4	  4	  4	  4	  4	  4	  4	  4	  0	  0	  0	  0	  0	  0	  0	  0	  0	  0	  0	  0	  0	  0	  0	  0	  0	  0	  0	  0	  0	  0	  0	  0	 78	 68	 63	 75	  0	 72	  0	  0	  0	  0	  0	  0	  0	  0	  0	  0	  0	  5	20546	  0
22/03/2018	23:26:56	<-	L	00000000	 25	 80	 68	 55	  0	 54	  0	  4	  4	  4	  4	  4	  4	  4	  4	  0	  0	  0	  0	  0	  0	  0	  0	  0	  0	  0	  0	  0	  0	  0	  0	  0	  0	  0	  0	  0	  0	  0	  0	 80	 68	 58	 75	  0	 72	  0	  0	  0	  0	  0	  0	  0	  0	  0	  0	  0	  5	20546	  0
22/03/2018	23:31:56	<-	L	00000000	 25	 80	 68	 60	  0	 59	  0	  4	  4	  4	  4	  4	  4	  4	  4	  0	  0	  0	  0	  0	  0	  0	  0	  0	  0	  0	  0	  0	  0	  0	  0	  0	  0	  0	  0	  0	  0	  0	  0	 80	 68	 58	 75	  0	 72	  0	  0	  0	  0	  0	  0	  0	  0	  0	  0	  0	  5	20546	  0
22/03/2018	23:36:57	<-	L	00000000	 25	 79	 68	 60	  0	 64	  0	  4	  4	  4	  4	  4	  4	  4	  4	  0	  0	  0	  0	  0	  0	  0	  0	  0	  0	  0	  0	  0	  0	  0	  0	  0	  0	  0	  0	  0	  0	  0	  0	 79	 68	 60	 75	  0	 72	  0	  0	  0	  0	  0	  0	  0	  0	  0	  0	  0	  5	20546	  0
22/03/2018	23:41:57	<-	L	00000000	 25	 81	 68	 58	  0	 69	  0	  4	  4	  4	  4	  4	  4	  4	  4	  0	  0	  0	  0	  0	  0	  0	  0	  0	  0	  0	  0	  0	  0	  0	  0	  0	  0	  0	  0	  0	  0	  0	  0	 81	 68	 55	 75	  0	 72	  0	  0	  0	  0	  0	  0	  0	  0	  0	  0	  0	  5	20546	  0
22/03/2018	23:46:57	<-	L	00000000	 25	 80	 68	 60	  0	 74	  0	  4	  4	  4	  4	  4	  4	  4	  4	  0	  0	  0	  0	  0	  0	  0	  0	  0	  0	  0	  0	  0	  0	  0	  0	  0	  0	  0	  0	  0	  0	  0	  0	 80	 68	 58	 75	  0	 72	  0	  0	  0	  0	  0	  0	  0	  0	  0	  0	  0	  5	20546	  0
22/03/2018	23:51:57	<-	L	00000000	 25	 79	 68	 60	  0	 79	  0	  4	  4	  4	  4	  4	  4	  4	  4	  0	  0	  0	  0	  0	  0	  0	  0	  0	  0	  0	  0	  0	  0	  0	  0	  0	  0	  0	  0	  0	  0	  0	  0	 79	 68	 60	 75	  0	 72	  0	  0	  0	  0	  0	  0	  0	  0	  0	  0	  0	  5	20546	  0
22/03/2018	23:56:57	<-	L	00000000	 25	 81	 68	 58	  0	 84	  0	  4	  4	  4	  4	  4	  4	  4	  4	  0	  0	  0	  0	  0	  0	  0	  0	  0	  0	  0	  0	  0	  0	  0	  0	  0	  0	  0	  0	  0	  0	  0	  0	 81	 68	 55	 76	  0	 69	  0	  0	  0	  0	  0	  0	  0	  0	  0	  0	  0	  5	20546	  0
23/03/2018	00:01:57	<-	L	00000000	 25	 81	 68	 58	  0	 89	  0	  4	  4	  4	  4	  4	  4	  4	  4	  0	  0	  0	  0	  0	  0	  0	  0	  0	  0	  0	  0	  0	  0	  0	  0	  0	  0	  0	  0	  0	  0	  0	  0	 81	 68	 55	 75	  0	 72	  0	  0	  0	  0	  0	  0	  0	  0	  0	  0	  0	  5	20546	  0
23/03/2018	00:06:57	<-	L	00000000	 25	 79	 68	 60	  0	 94	  0	  4	  4	  4	  4	  4	  4	  4	  4	  0	  0	  0	  0	  0	  0	  0	  0	  0	  0	  0	  0	  0	  0	  0	  0	  0	  0	  0	  0	  0	  0	  0	  0	 79	 68	 60	 75	  0	 72	  0	  0	  0	  0	  0	  0	  0	  0	  0	  0	  0	  5	20546	  0
23/03/2018	00:11:58	<-	L	00000000	 25	 82	 69	 55	  0	 99	  0	  4	  4	  4	  4	  4	  4	  4	  4	  0	  0	  0	  0	  0	  0	  0	  0	  0	  0	  0	  0	  0	  0	  0	  0	  0	  0	  0	  0	  0	  0	  0	  0	 82	 69	 55	 76	  0	 73	  0	  0	  0	  0	  0	  0	  0	  0	  0	  0	  0	  5	20546	  0
23/03/2018	00:16:57	<-	L	00000000	 25	 78	 68	 63	  0	104	  0	  4	  4	  4	  4	  4	  4	  4	  4	  0	  0	  0	  0	  0	  0	  0	  0	  0	  0	  0	  0	  0	  0	  0	  0	  0	  0	  0	  0	  0	  0	  0	  0	 78	 68	 63	 75	  0	 72	  0	  0	  0	  0	  0	  0	  0	  0	  0	  0	  0	  5	20546	  0
23/03/2018	00:21:57	<-	L	00000000	 25	 82	 69	 55	  0	109	  0	  4	  4	  4	  4	  4	  4	  4	  4	  0	  0	  0	  0	  0	  0	  0	  0	  0	  0	  0	  0	  0	  0	  0	  0	  0	  0	  0	  0	  0	  0	  0	  0	 82	 69	 55	 76	  0	 73	  0	  0	  0	  0	  0	  0	  0	  0	  0	  0	  0	  5	20546	  0
23/03/2018	00:26:57	<-	L	00000000	 25	 79	 68	 60	  0	114	  0	  4	  4	  4	  4	  4	  4	  4	  4	  0	  0	  0	  0	  0	  0	  0	  0	  0	  0	  0	  0	  0	  0	  0	  0	  0	  0	  0	  0	  0	  0	  0	  0	 79	 68	 60	 75	  0	 72	  0	  0	  0	  0	  0	  0	  0	  0	  0	  0	  0	  5	20546	  0
23/03/2018	00:31:57	<-	L	00000000	 25	 78	 68	 63	  0	119	  0	  4	  4	  4	  4	  4	  4	  4	  4	  0	  0	  0	  0	  0	  0	  0	  0	  0	  0	  0	  0	  0	  0	  0	  0	  0	  0	  0	  0	  0	  0	  0	  0	 78	 68	 63	 75	  0	 72	  0	  0	  0	  0	  0	  0	  0	  0	  0	  0	  0	  5	20546	  0
23/03/2018	00:36:57	<-	L	00000000	 25	 81	 69	 58	  0	124	  0	  4	  4	  4	  4	  4	  4	  4	  4	  0	  0	  0	  0	  0	  0	  0	  0	  0	  0	  0	  0	  0	  0	  0	  0	  0	  0	  0	  0	  0	  0	  0	  0	 81	 69	 58	 76	  0	 73	  0	  0	  0	  0	  0	  0	  0	  0	  0	  0	  0	  5	20546	  0
23/03/2018	00:41:57	<-	L	00000000	 25	 81	 68	 55	  0	129	  0	  4	  4	  4	  4	  4	  4	  4	  4	  0	  0	  0	  0	  0	  0	  0	  0	  0	  0	  0	  0	  0	  0	  0	  0	  0	  0	  0	  0	  0	  0	  0	  0	 81	 68	 55	 76	  0	 69	  0	  0	  0	  0	  0	  0	  0	  0	  0	  0	  0	  5	20546	  0
23/03/2018	00:46:57	<-	L	00000000	 25	 79	 68	 60	  0	134	  0	  4	  4	  4	  4	  4	  4	  4	  4	  0	  0	  0	  0	  0	  0	  0	  0	  0	  0	  0	  0	  0	  0	  0	  0	  0	  0	  0	  0	  0	  0	  0	  0	 79	 68	 60	 75	  0	 72	  0	  0	  0	  0	  0	  0	  0	  0	  0	  0	  0	  5	20546	  0
23/03/2018	00:51:57	<-	L	00000000	 25	 82	 69	 52	  0	139	  0	  4	  4	  4	  4	  4	  4	  4	  4	  0	  0	  0	  0	  0	  0	  0	  0	  0	  0	  0	  0	  0	  0	  0	  0	  0	  0	  0	  0	  0	  0	  0	  0	 82	 69	 55	 76	  0	 73	  0	  0	  0	  0	  0	  0	  0	  0	  0	  0	  0	  5	20546	  0
23/03/2018	00:56:57	<-	L	00000000	 25	 79	 68	 63	  0	144	  0	  4	  4	  4	  4	  4	  4	  4	  4	  0	  0	  0	  0	  0	  0	  0	  0	  0	  0	  0	  0	  0	  0	  0	  0	  0	  0	  0	  0	  0	  0	  0	  0	 79	 68	 60	 75	  0	 72	  0	  0	  0	  0	  0	  0	  0	  0	  0	  0	  0	  5	20546	  0
23/03/2018	01:01:58	<-	L	00000000	 25	 81	 68	 58	  0	149	  0	  4	  4	  4	  4	  4	  4	  4	  4	  0	  0	  0	  0	  0	  0	  0	  0	  0	  0	  0	  0	  0	  0	  0	  0	  0	  0	  0	  0	  0	  0	  0	  0	 81	 68	 55	 76	  0	 69	  0	  0	  0	  0	  0	  0	  0	  0	  0	  0	  0	  5	20546	  0
23/03/2018	01:07:18	<-	L	00000000	 25	 83	 69	 52	  0	154	  0	  4	  4	  4	  4	  4	  4	  4	  4	  0	  0	  0	  0	  0	  0	  0	  0	  0	  0	  0	  0	  0	  0	  0	  0	  0	  0	  0	  0	  0	  0	  0	  0	 83	 69	 52	 76	  0	 73	  0	  0	  0	  0	  0	  0	  0	  0	  0	  0	  0	  5	21826	  0
23/03/2018	01:11:57	<-	L	00000000	 25	 85	 69	 49	  0	159	  0	  4	  4	  4	  4	  4	  4	  4	  4	  0	  0	  0	  0	  0	  0	  0	  0	  0	  0	  0	  0	  0	  0	  0	  0	  0	  0	  0	  0	  0	  0	  0	  0	 85	 69	 49	 77	  0	 69	  0	  0	  0	  0	  0	  0	  0	  0	  0	  0	  0	  5	21826	  0
23/03/2018	01:16:58	<-	L	00000000	 25	 85	 69	 49	  0	164	  0	  4	  4	  4	  4	  4	  4	  4	  4	  0	  0	  0	  0	  0	  0	  0	  0	  0	  0	  0	  0	  0	  0	  0	  0	  0	  0	  0	  0	  0	  0	  0	  0	 85	 69	 49	 77	  0	 69	  0	  0	  0	  0	  0	  0	  0	  0	  0	  0	  0	  5	21826	  0
23/03/2018	01:21:58	<-	L	00000000	 25	 86	 69	 49	  0	169	  0	  4	  4	  4	  4	  4	  4	  4	  4	  0	  0	  0	  0	  0	  0	  0	  0	  0	  0	  0	  0	  0	  0	  0	  0	  0	  0	  0	  0	  0	  0	  0	  0	 85	 69	 47	 77	  0	 69	  0	  0	  0	  0	  0	  0	  0	  0	  0	  0	  0	  5	21826	  0
23/03/2018	01:26:57	<-	L	00000000	 25	 85	 69	 49	  0	174	  0	  4	  4	  4	  4	  4	  4	  4	  4	  0	  0	  0	  0	  0	  0	  0	  0	  0	  0	  0	  0	  0	  0	  0	  0	  0	  0	  0	  0	  0	  0	  0	  0	 85	 69	 49	 77	  0	 69	  0	  0	  0	  0	  0	  0	  0	  0	  0	  0	  0	  5	21826	  0
23/03/2018	01:31:58	<-	L	00000000	 25	 84	 69	 49	  0	179	  0	  4	  4	  4	  4	  4	  4	  4	  4	  0	  0	  0	  0	  0	  0	  0	  0	  0	  0	  0	  0	  0	  0	  0	  0	  0	  0	  0	  0	  0	  0	  0	  0	 84	 69	 51	 77	  0	 69	  0	  0	  0	  0	  0	  0	  0	  0	  0	  0	  0	  5	21826	  0
23/03/2018	01:36:58	<-	L	00000000	 25	 83	 69	 52	  0	184	  0	  4	  4	  4	  4	  4	  4	  4	  4	  0	  0	  0	  0	  0	  0	  0	  0	  0	  0	  0	  0	  0	  0	  0	  0	  0	  0	  0	  0	  0	  0	  0	  0	 83	 69	 52	 77	  0	 69	  0	  0	  0	  0	  0	  0	  0	  0	  0	  0	  0	  5	21826	  0
23/03/2018	01:41:58	<-	L	00000000	 25	 84	 69	 49	  0	189	  0	  4	  4	  4	  4	  4	  4	  4	  4	  0	  0	  0	  0	  0	  0	  0	  0	  0	  0	  0	  0	  0	  0	  0	  0	  0	  0	  0	  0	  0	  0	  0	  0	 84	 69	 51	 78	  0	 66	  0	  0	  0	  0	  0	  0	  0	  0	  0	  0	  0	  5	21826	  0
23/03/2018	01:46:58	->	L	00000000	 25	 81	 68	 55	  0	194	  0	  4	  4	  4	  4	  4	  4	  4	  4	  0	  0	  0	  0	  0	  0	  0	  0	  0	  0	  0	  0	  0	  0	  0	  0	  0	  0	  0	  0	  0	  0	  0	  0	 81	 68	 55	 77	  0	 66	  0	  0	  0	  0	  0	  0	  0	  0	  0	  0	  0	  5	21826	  0
23/03/2018	01:51:58	->	L	00000000	 25	 83	 69	 51	  0	199	  0	  4	  4	  4	  4	  4	  4	  4	  4	  0	  0	  0	  0	  0	  0	  0	  0	  0	  0	  0	  0	  0	  0	  0	  0	  0	  0	  0	  0	  0	  0	  0	  0	 77	 69	 69	 83	  0	 52	  0	  0	  0	  0	  0	  0	  0	  0	  0	  0	  0	  5	21826	  0
23/03/2018	01:56:58	->	L	00000000	 25	 86	 69	 47	  0	204	  0	  4	  4	  4	  4	  4	  4	  4	  4	  0	  0	  0	  0	  0	  0	  0	  0	  0	  0	  0	  0	  0	  0	  0	  0	  0	  0	  0	  0	  0	  0	  0	  0	 77	 69	 69	 86	  0	 47	  0	  0	  0	  0	  0	  0	  0	  0	  0	  0	  0	  5	21826	  0
23/03/2018	02:01:58	->	L	00000000	 25	 86	 68	 45	  0	209	  0	  4	  4	  4	  4	  4	  4	  4	  4	  0	  0	  0	  0	  0	  0	  0	  0	  0	  0	  0	  0	  0	  0	  0	  0	  0	  0	  0	  0	  0	  0	  0	  0	 77	 68	 66	 86	  0	 45	  0	  0	  0	  0	  0	  0	  0	  0	  0	  0	  0	  5	21826	  0
23/03/2018	02:06:58	->	L	00000000	 25	 84	 68	 46	  0	214	  0	  4	  4	  4	  4	  4	  4	  4	  4	  0	  0	  0	  0	  0	  0	  0	  0	  0	  0	  0	  0	  0	  0	  0	  0	  0	  0	  0	  0	  0	  0	  0	  0	 76	 68	 69	 84	  0	 49	  0	  0	  0	  0	  0	  0	  0	  0	  0	  0	  0	  5	21826	  0
23/03/2018	02:11:58	->	L	00000000	 25	 87	 69	 45	  0	219	  0	  4	  4	  4	  4	  4	  4	  4	  4	  0	  0	  0	  0	  0	  0	  0	  0	  0	  0	  0	  0	  0	  0	  0	  0	  0	  0	  0	  0	  0	  0	  0	  0	 77	 69	 69	 87	  0	 45	  0	  0	  0	  0	  0	  0	  0	  0	  0	  0	  0	  5	21826	  0
23/03/2018	02:16:58	->	L	00000000	 25	 89	 69	 42	  0	224	  0	  4	  4	  4	  4	  4	  4	  4	  4	  0	  0	  0	  0	  0	  0	  0	  0	  0	  0	  0	  0	  0	  0	  0	  0	  0	  0	  0	  0	  0	  0	  0	  0	 78	 69	 66	 89	  0	 42	  0	  0	  0	  0	  0	  0	  0	  0	  0	  0	  0	  5	23106	  0
23/03/2018	02:21:58	->	L	00000000	 25	 89	 69	 43	  0	229	  0	  4	  4	  4	  4	  4	  4	  4	  4	  0	  0	  0	  0	  0	  0	  0	  0	  0	  0	  0	  0	  0	  0	  0	  0	  0	  0	  0	  0	  0	  0	  0	  0	 78	 69	 66	 89	  0	 42	  0	  0	  0	  0	  0	  0	  0	  0	  0	  0	  0	  5	23106	  0
23/03/2018	02:26:58	->	L	00000000	 25	 89	 69	 39	  0	234	  0	  4	  4	  4	  4	  4	  4	  4	  4	  0	  0	  0	  0	  0	  0	  0	  0	  0	  0	  0	  0	  0	  0	  0	  0	  0	  0	  0	  0	  0	  0	  0	  0	 78	 69	 66	 89	  0	 42	  0	  0	  0	  0	  0	  0	  0	  0	  0	  0	  0	  5	23106	  0
23/03/2018	02:31:58	->	L	00000000	 25	 91	 69	 39	  0	239	  0	  4	  4	  4	  4	  4	  4	  4	  4	  0	  0	  0	  0	  0	  0	  0	  0	  0	  0	  0	  0	  0	  0	  0	  0	  0	  0	  0	  0	  0	  0	  0	  0	 79	 69	 63	 91	  0	 39	  0	  0	  0	  0	  0	  0	  0	  0	  0	  0	  0	  5	23106	  0
23/03/2018	02:36:58	->	L	00000000	 25	 89	 69	 42	  0	244	  0	  4	  4	  4	  4	  4	  4	  4	  4	  0	  0	  0	  0	  0	  0	  0	  0	  0	  0	  0	  0	  0	  0	  0	  0	  0	  0	  0	  0	  0	  0	  0	  0	 78	 69	 66	 89	  0	 42	  0	  0	  0	  0	  0	  0	  0	  0	  0	  0	  0	  5	23106	  0
23/03/2018	02:41:58	->	L	00000000	 25	 88	 68	 43	  0	249	  0	  4	  4	  4	  4	  4	  4	  4	  4	  0	  0	  0	  0	  0	  0	  0	  0	  0	  0	  0	  0	  0	  0	  0	  0	  0	  0	  0	  0	  0	  0	  0	  0	 78	 68	 63	 88	  0	 41	  0	  0	  0	  0	  0	  0	  0	  0	  0	  0	  0	  5	23106	  0
23/03/2018	02:46:59	->	L	00000000	 25	 88	 69	 43	  0	254	  0	  4	  4	  4	  4	  4	  4	  4	  4	  0	  0	  0	  0	  0	  0	  0	  0	  0	  0	  0	  0	  0	  0	  0	  0	  0	  0	  0	  0	  0	  0	  0	  0	 78	 69	 66	 88	  0	 43	  0	  0	  0	  0	  0	  0	  0	  0	  0	  0	  0	  5	23106	  0
23/03/2018	02:51:59	->	L	00000000	 25	 91	 69	 39	  0	259	  0	  4	  4	  4	  4	  4	  4	  4	  4	  0	  0	  0	  0	  0	  0	  0	  0	  0	  0	  0	  0	  0	  0	  0	  0	  0	  0	  0	  0	  0	  0	  0	  0	 79	 69	 63	 91	  0	 39	  0	  0	  0	  0	  0	  0	  0	  0	  0	  0	  0	  5	23106	  0
23/03/2018	02:56:59	->	L	00000000	 25	 90	 69	 39	  0	264	  0	  4	  4	  4	  4	  4	  4	  4	  4	  0	  0	  0	  0	  0	  0	  0	  0	  0	  0	  0	  0	  0	  0	  0	  0	  0	  0	  0	  0	  0	  0	  0	  0	 79	 69	 63	 90	  0	 39	  0	  0	  0	  0	  0	  0	  0	  0	  0	  0	  0	  5	23106	  0
23/03/2018	03:01:59	->	L	00000000	 25	 89	 69	 38	  0	269	  0	  4	  4	  4	  4	  4	  4	  4	  4	  0	  0	  0	  0	  0	  0	  0	  0	  0	  0	  0	  0	  0	  0	  0	  0	  0	  0	  0	  0	  0	  0	  0	  0	 79	 69	 63	 89	  0	 42	  0	  0	  0	  0	  0	  0	  0	  0	  0	  0	  0	  5	23106	  0
23/03/2018	03:06:59	->	L	00000000	 25	 88	 69	 42	  0	274	  0	  4	  4	  4	  4	  4	  4	  4	  4	  0	  0	  0	  0	  0	  0	  0	  0	  0	  0	  0	  0	  0	  0	  0	  0	  0	  0	  0	  0	  0	  0	  0	  0	 79	 69	 63	 88	  0	 43	  0	  0	  0	  0	  0	  0	  0	  0	  0	  0	  0	  5	23106	  0
23/03/2018	03:11:59	->	L	00000000	 25	 91	 69	 39	  0	279	  0	  4	  4	  4	  4	  4	  4	  4	  4	  0	  0	  0	  0	  0	  0	  0	  0	  0	  0	  0	  0	  0	  0	  0	  0	  0	  0	  0	  0	  0	  0	  0	  0	 79	 69	 63	 91	  0	 39	  0	  0	  0	  0	  0	  0	  0	  0	  0	  0	  0	  5	23106	  0
23/03/2018	03:16:59	->	L	00000000	 25	 90	 69	 39	  0	284	  0	  4	  4	  4	  4	  4	  4	  4	  4	  0	  0	  0	  0	  0	  0	  0	  0	  0	  0	  0	  0	  0	  0	  0	  0	  0	  0	  0	  0	  0	  0	  0	  0	 79	 69	 63	 90	  0	 39	  0	  0	  0	  0	  0	  0	  0	  0	  0	  0	  0	  5	23106	  0
23/03/2018	03:21:59	->	L	00000000	 25	 89	 68	 41	  0	289	  0	  4	  4	  4	  4	  4	  4	  4	  4	  0	  0	  0	  0	  0	  0	  0	  0	  0	  0	  0	  0	  0	  0	  0	  0	  0	  0	  0	  0	  0	  0	  0	  0	 79	 68	 60	 89	  0	 38	  0	  0	  0	  0	  0	  0	  0	  0	  0	  0	  0	  5	23106	  0
23/03/2018	03:26:59	->	L	00000000	 25	 89	 69	 39	  0	294	  0	  4	  4	  4	  4	  4	  4	  4	  4	  0	  0	  0	  0	  0	  0	  0	  0	  0	  0	  0	  0	  0	  0	  0	  0	  0	  0	  0	  0	  0	  0	  0	  0	 79	 69	 63	 89	  0	 42	  0	  0	  0	  0	  0	  0	  0	  0	  0	  0	  0	  5	23106	  0
23/03/2018	03:31:59	->	L	00000000	 25	 91	 69	 39	  0	299	  0	  4	  4	  4	  4	  4	  4	  4	  4	  0	  0	  0	  0	  0	  0	  0	  0	  0	  0	  0	  0	  0	  0	  0	  0	  0	  0	  0	  0	  0	  0	  0	  0	 80	 69	 60	 91	  0	 39	  0	  0	  0	  0	  0	  0	  0	  0	  0	  0	  0	  5	23106	  0
23/03/2018	03:36:59	->	L	00000000	 26	 89	 64	 34	  0	  3	  0	  4	  4	  4	  4	  4	  4	  4	  4	  0	  0	  0	  0	  0	  0	  0	  0	  0	  0	  0	  0	  0	  0	  0	  0	  0	  0	  0	  0	  0	  0	  0	  0	 78	 64	 51	 89	  0	 32	  0	  0	  0	  0	  0	  0	  0	  0	  0	  0	  0	  5	23095	  0
23/03/2018	03:41:59	->	L	00000000	 26	 90	 61	 27	  0	  8	  0	  4	  4	  4	  4	  4	  4	  4	  4	  0	  0	  0	  0	  0	  0	  0	  0	  0	  0	  0	  0	  0	  0	  0	  0	  0	  0	  0	  0	  0	  0	  0	  0	 76	 61	 48	 90	  0	 27	  0	  0	  0	  0	  0	  0	  0	  0	  0	  0	  0	  5	23095	  0
23/03/2018	03:46:59	->	L	00000000	 26	 89	 60	 28	  0	 13	  0	  4	  4	  4	  4	  4	  4	  4	  4	  0	  0	  0	  0	  0	  0	  0	  0	  0	  0	  0	  0	  0	  0	  0	  0	  0	  0	  0	  0	  0	  0	  0	  0	 76	 60	 45	 89	  0	 26	  0	  0	  0	  0	  0	  0	  0	  0	  0	  0	  0	  5	23095	  0
23/03/2018	03:51:59	->	L	00000000	 26	 88	 60	 26	  0	 18	  0	  4	  4	  4	  4	  4	  4	  4	  4	  0	  0	  0	  0	  0	  0	  0	  0	  0	  0	  0	  0	  0	  0	  0	  0	  0	  0	  0	  0	  0	  0	  0	  0	 76	 60	 45	 88	  0	 28	  0	  0	  0	  0	  0	  0	  0	  0	  0	  0	  0	  5	23095	  0
23/03/2018	03:57:00	->	L	00000000	 26	 90	 60	 26	  0	 23	  0	  4	  4	  4	  4	  4	  4	  4	  4	  0	  0	  0	  0	  0	  0	  0	  0	  0	  0	  0	  0	  0	  0	  0	  0	  0	  0	  0	  0	  0	  0	  0	  0	 76	 60	 45	 90	  0	 26	  0	  0	  0	  0	  0	  0	  0	  0	  0	  0	  0	  5	23095	  0
23/03/2018	04:02:00	->	L	00000000	 26	 89	 60	 26	  0	 28	  0	  4	  4	  4	  4	  4	  4	  4	  4	  0	  0	  0	  0	  0	  0	  0	  0	  0	  0	  0	  0	  0	  0	  0	  0	  0	  0	  0	  0	  0	  0	  0	  0	 75	 60	 48	 89	  0	 26	  0	  0	  0	  0	  0	  0	  0	  0	  0	  0	  0	  5	23095	  0
23/03/2018	04:07:00	->	L	00000000	 26	 88	 59	 26	  0	 33	  0	  4	  4	  4	  4	  4	  4	  4	  4	  0	  0	  0	  0	  0	  0	  0	  0	  0	  0	  0	  0	  0	  0	  0	  0	  0	  0	  0	  0	  0	  0	  0	  0	 75	 59	 45	 88	  0	 26	  0	  0	  0	  0	  0	  0	  0	  0	  0	  0	  0	  5	23095	  0
23/03/2018	04:12:00	->	L	00000000	 26	 90	 60	 26	  0	 38	  0	  4	  4	  4	  4	  4	  4	  4	  4	  0	  0	  0	  0	  0	  0	  0	  0	  0	  0	  0	  0	  0	  0	  0	  0	  0	  0	  0	  0	  0	  0	  0	  0	 76	 60	 45	 90	  0	 26	  0	  0	  0	  0	  0	  0	  0	  0	  0	  0	  0	  5	23095	  0
23/03/2018	04:17:00	->	L	00000000	 26	 88	 60	 28	  0	 43	  0	  4	  4	  4	  4	  4	  4	  4	  4	  0	  0	  0	  0	  0	  0	  0	  0	  0	  0	  0	  0	  0	  0	  0	  0	  0	  0	  0	  0	  0	  0	  0	  0	 75	 60	 48	 88	  0	 28	  0	  0	  0	  0	  0	  0	  0	  0	  0	  0	  0	  5	23095	  0
23/03/2018	04:22:00	->	L	00000000	 26	 89	 60	 26	  0	 48	  0	  4	  4	  4	  4	  4	  4	  4	  4	  0	  0	  0	  0	  0	  0	  0	  0	  0	  0	  0	  0	  0	  0	  0	  0	  0	  0	  0	  0	  0	  0	  0	  0	 76	 60	 45	 89	  0	 26	  0	  0	  0	  0	  0	  0	  0	  0	  0	  0	  0	  5	23095	  0
23/03/2018	04:27:00	->	L	00000000	 26	 88	 59	 28	  0	 53	  0	  4	  4	  4	  4	  4	  4	  4	  4	  0	  0	  0	  0	  0	  0	  0	  0	  0	  0	  0	  0	  0	  0	  0	  0	  0	  0	  0	  0	  0	  0	  0	  0	 76	 59	 42	 88	  0	 26	  0	  0	  0	  0	  0	  0	  0	  0	  0	  0	  0	  5	23095	  0
23/03/2018	04:32:00	->	L	00000000	 26	 88	 60	 26	  0	 58	  0	  4	  4	  4	  4	  4	  4	  4	  4	  0	  0	  0	  0	  0	  0	  0	  0	  0	  0	  0	  0	  0	  0	  0	  0	  0	  0	  0	  0	  0	  0	  0	  0	 76	 60	 45	 88	  0	 28	  0	  0	  0	  0	  0	  0	  0	  0	  0	  0	  0	  5	23095	  0
23/03/2018	04:37:00	->	L	00000000	 26	 88	 60	 28	  0	 63	  0	  4	  4	  4	  4	  4	  4	  4	  4	  0	  0	  0	  0	  0	  0	  0	  0	  0	  0	  0	  0	  0	  0	  0	  0	  0	  0	  0	  0	  0	  0	  0	  0	 76	 60	 45	 88	  0	 28	  0	  0	  0	  0	  0	  0	  0	  0	  0	  0	  0	  5	23095	  0
23/03/2018	04:42:00	->	L	00000000	 26	 87	 59	 28	  0	 68	  0	  4	  4	  4	  4	  4	  4	  4	  4	  0	  0	  0	  0	  0	  0	  0	  0	  0	  0	  0	  0	  0	  0	  0	  0	  0	  0	  0	  0	  0	  0	  0	  0	 76	 59	 42	 87	  0	 27	  0	  0	  0	  0	  0	  0	  0	  0	  0	  0	  0	  5	23095	  0
23/03/2018	04:47:00	->	L	00000000	 26	 88	 60	 28	  0	 73	  0	  4	  4	  4	  4	  4	  4	  4	  4	  0	  0	  0	  0	  0	  0	  0	  0	  0	  0	  0	  0	  0	  0	  0	  0	  0	  0	  0	  0	  0	  0	  0	  0	 76	 60	 45	 88	  0	 28	  0	  0	  0	  0	  0	  0	  0	  0	  0	  0	  0	  5	23095	  0
23/03/2018	04:52:00	->	L	00000000	 26	 88	 60	 28	  0	 78	  0	  4	  4	  4	  4	  4	  4	  4	  4	  0	  0	  0	  0	  0	  0	  0	  0	  0	  0	  0	  0	  0	  0	  0	  0	  0	  0	  0	  0	  0	  0	  0	  0	 76	 60	 45	 88	  0	 28	  0	  0	  0	  0	  0	  0	  0	  0	  0	  0	  0	  5	23095	  0
23/03/2018	04:57:00	->	L	00000000	 26	 88	 59	 28	  0	 83	  0	  4	  4	  4	  4	  4	  4	  4	  4	  0	  0	  0	  0	  0	  0	  0	  0	  0	  0	  0	  0	  0	  0	  0	  0	  0	  0	  0	  0	  0	  0	  0	  0	 76	 59	 42	 88	  0	 26	  0	  0	  0	  0	  0	  0	  0	  0	  0	  0	  0	  5	23095	  0
23/03/2018	05:02:00	->	L	00000000	 26	 88	 60	 28	  0	 88	  0	  4	  4	  4	  4	  4	  4	  4	  4	  0	  0	  0	  0	  0	  0	  0	  0	  0	  0	  0	  0	  0	  0	  0	  0	  0	  0	  0	  0	  0	  0	  0	  0	 76	 60	 45	 88	  0	 28	  0	  0	  0	  0	  0	  0	  0	  0	  0	  0	  0	  5	23095	  0
23/03/2018	05:07:00	->	L	00000000	 26	 88	 60	 28	  0	 93	  0	  4	  4	  4	  4	  4	  4	  4	  4	  0	  0	  0	  0	  0	  0	  0	  0	  0	  0	  0	  0	  0	  0	  0	  0	  0	  0	  0	  0	  0	  0	  0	  0	 76	 60	 45	 88	  0	 28	  0	  0	  0	  0	  0	  0	  0	  0	  0	  0	  0	  5	23095	  0
23/03/2018	05:12:01	->	L	00000000	 26	 88	 60	 26	  0	 98	  0	  4	  4	  4	  4	  4	  4	  4	  4	  0	  0	  0	  0	  0	  0	  0	  0	  0	  0	  0	  0	  0	  0	  0	  0	  0	  0	  0	  0	  0	  0	  0	  0	 77	 60	 43	 88	  0	 28	  0	  0	  0	  0	  0	  0	  0	  0	  0	  0	  0	  5	23095	  0
23/03/2018	05:17:01	->	L	00000000	 26	 89	 60	 26	  0	103	  0	  4	  4	  4	  4	  4	  4	  4	  4	  0	  0	  0	  0	  0	  0	  0	  0	  0	  0	  0	  0	  0	  0	  0	  0	  0	  0	  0	  0	  0	  0	  0	  0	 77	 60	 43	 89	  0	 26	  0	  0	  0	  0	  0	  0	  0	  0	  0	  0	  0	  5	23095	  0
23/03/2018	05:22:01	->	L	00000000	 26	 89	 59	 25	  0	108	  0	  4	  4	  4	  4	  4	  4	  4	  4	  0	  0	  0	  0	  0	  0	  0	  0	  0	  0	  0	  0	  0	  0	  0	  0	  0	  0	  0	  0	  0	  0	  0	  0	 77	 59	 41	 89	  0	 25	  0	  0	  0	  0	  0	  0	  0	  0	  0	  0	  0	  5	23095	  0
23/03/2018	05:27:01	->	L	00000000	 26	 89	 60	 26	  0	113	  0	  4	  4	  4	  4	  4	  4	  4	  4	  0	  0	  0	  0	  0	  0	  0	  0	  0	  0	  0	  0	  0	  0	  0	  0	  0	  0	  0	  0	  0	  0	  0	  0	 77	 60	 43	 89	  0	 26	  0	  0	  0	  0	  0	  0	  0	  0	  0	  0	  0	  5	23095	  0
23/03/2018	05:32:01	->	L	00000000	 26	 89	 60	 25	  0	118	  0	  4	  4	  4	  4	  4	  4	  4	  4	  0	  0	  0	  0	  0	  0	  0	  0	  0	  0	  0	  0	  0	  0	  0	  0	  0	  0	  0	  0	  0	  0	  0	  0	 78	 60	 41	 89	  0	 26	  0	  0	  0	  0	  0	  0	  0	  0	  0	  0	  0	  5	23095	  0
23/03/2018	05:37:01	->	L	00000000	 26	 89	 60	 26	  0	123	  0	  4	  4	  4	  4	  4	  4	  4	  4	  0	  0	  0	  0	  0	  0	  0	  0	  0	  0	  0	  0	  0	  0	  0	  0	  0	  0	  0	  0	  0	  0	  0	  0	 78	 60	 41	 89	  0	 26	  0	  0	  0	  0	  0	  0	  0	  0	  0	  0	  0	  5	23095	  0
23/03/2018	05:42:01	->	L	00000000	 26	 91	 60	 25	  0	128	  0	  4	  4	  4	  4	  4	  4	  4	  4	  0	  0	  0	  0	  0	  0	  0	  0	  0	  0	  0	  0	  0	  0	  0	  0	  0	  0	  0	  0	  0	  0	  0	  0	 78	 60	 41	 91	  0	 25	  0	  0	  0	  0	  0	  0	  0	  0	  0	  0	  0	  5	23095	  0
23/03/2018	05:47:01	  	L	00000000	 26	 90	 59	 25	  0	133	  0	  4	  4	  4	  4	  4	  4	  4	  4	  0	  0	  0	  0	  0	  0	  0	  0	  0	  0	  0	  0	  0	  0	  0	  0	  0	  0	  0	  0	  0	  0	  0	  0	 78	 59	 39	 90	  0	 25	  0	  0	  0	  0	  0	  0	  0	  0	  0	  0	  0	  5	23095	  0
23/03/2018	05:52:01	<-	L	00000000	 26	 88	 63	 31	  0	138	  0	  4	  4	  4	  4	  4	  4	  4	  4	  0	  0	  0	  0	  0	  0	  0	  0	  0	  0	  0	  0	  0	  0	  0	  0	  0	  0	  0	  0	  0	  0	  0	  0	 88	 63	 31	 82	  0	 40	  0	  0	  0	  0	  0	  0	  0	  0	  0	  0	  0	  5	23095	  0
23/03/2018	05:57:01	<-	L	00000000	 26	 86	 59	 30	  0	143	  0	  4	  4	  4	  4	  4	  4	  4	  4	  0	  0	  0	  0	  0	  0	  0	  0	  0	  0	  0	  0	  0	  0	  0	  0	  0	  0	  0	  0	  0	  0	  0	  0	 86	 59	 28	 80	  0	 34	  0	  0	  0	  0	  0	  0	  0	  0	  0	  0	  0	  5	23095	  0
23/03/2018	06:02:01	<-	L	00000000	 26	 86	 60	 30	  0	148	  0	  4	  4	  4	  4	  4	  4	  4	  4	  0	  0	  0	  0	  0	  0	  0	  0	  0	  0	  0	  0	  0	  0	  0	  0	  0	  0	  0	  0	  0	  0	  0	  0	 86	 60	 30	 80	  0	 38	  0	  0	  0	  0	  0	  0	  0	  0	  0	  0	  0	  5	23095	  0
23/03/2018	06:07:01	<-	L	00000000	 26	 86	 60	 30	  0	153	  0	  4	  4	  4	  4	  4	  4	  4	  4	  0	  0	  0	  0	  0	  0	  0	  0	  0	  0	  0	  0	  0	  0	  0	  0	  0	  0	  0	  0	  0	  0	  0	  0	 86	 60	 30	 80	  0	 38	  0	  0	  0	  0	  0	  0	  0	  0	  0	  0	  0	  5	23095	  0
23/03/2018	06:12:01	<-	L	00000000	 26	 86	 60	 30	  0	158	  0	  4	  4	  4	  4	  4	  4	  4	  4	  0	  0	  0	  0	  0	  0	  0	  0	  0	  0	  0	  0	  0	  0	  0	  0	  0	  0	  0	  0	  0	  0	  0	  0	 86	 60	 30	 80	  0	 38	  0	  0	  0	  0	  0	  0	  0	  0	  0	  0	  0	  5	23095	  0
23/03/2018	06:17:01	<-	L	00000000	 26	 86	 60	 28	  0	163	  0	  4	  4	  4	  4	  4	  4	  4	  4	  0	  0	  0	  0	  0	  0	  0	  0	  0	  0	  0	  0	  0	  0	  0	  0	  0	  0	  0	  0	  0	  0	  0	  0	 86	 60	 30	 80	  0	 38	  0	  0	  0	  0	  0	  0	  0	  0	  0	  0	  0	  5	23095	  0
23/03/2018	06:22:01	<-	L	00000000	 26	 86	 59	 28	  0	168	  0	  4	  4	  4	  4	  4	  4	  4	  4	  0	  0	  0	  0	  0	  0	  0	  0	  0	  0	  0	  0	  0	  0	  0	  0	  0	  0	  0	  0	  0	  0	  0	  0	 86	 59	 28	 80	  0	 34	  0	  0	  0	  0	  0	  0	  0	  0	  0	  0	  0	  5	23095	  0
23/03/2018	06:27:02	<-	L	00000000	 26	 86	 59	 28	  0	173	  0	  4	  4	  4	  4	  4	  4	  4	  4	  0	  0	  0	  0	  0	  0	  0	  0	  0	  0	  0	  0	  0	  0	  0	  0	  0	  0	  0	  0	  0	  0	  0	  0	 86	 59	 28	 79	  0	 37	  0	  0	  0	  0	  0	  0	  0	  0	  0	  0	  0	  5	23095	  0
23/03/2018	06:32:02	<-	L	00000000	 26	 86	 59	 28	  0	178	  0	  4	  4	  4	  4	  4	  4	  4	  4	  0	  0	  0	  0	  0	  0	  0	  0	  0	  0	  0	  0	  0	  0	  0	  0	  0	  0	  0	  0	  0	  0	  0	  0	 86	 59	 28	 80	  0	 34	  0	  0	  0	  0	  0	  0	  0	  0	  0	  0	  0	  5	23095	  0
23/03/2018	06:37:02	<-	L	00000000	 26	 86	 59	 28	  0	183	  0	  4	  4	  4	  4	  4	  4	  4	  4	  0	  0	  0	  0	  0	  0	  0	  0	  0	  0	  0	  0	  0	  0	  0	  0	  0	  0	  0	  0	  0	  0	  0	  0	 86	 59	 28	 80	  0	 34	  0	  0	  0	  0	  0	  0	  0	  0	  0	  0	  0	  5	23095	  0
23/03/2018	06:42:02	<-	L	00000000	 26	 86	 59	 28	  0	188	  0	  4	  4	  4	  4	  4	  4	  4	  4	  0	  0	  0	  0	  0	  0	  0	  0	  0	  0	  0	  0	  0	  0	  0	  0	  0	  0	  0	  0	  0	  0	  0	  0	 86	 59	 28	 80	  0	 34	  0	  0	  0	  0	  0	  0	  0	  0	  0	  0	  0	  5	23095	  0
23/03/2018	06:47:02	<-	L	00000000	 26	 86	 59	 28	  0	193	  0	  4	  4	  4	  4	  4	  4	  4	  4	  0	  0	  0	  0	  0	  0	  0	  0	  0	  0	  0	  0	  0	  0	  0	  0	  0	  0	  0	  0	  0	  0	  0	  0	 86	 59	 28	 80	  0	 34	  0	  0	  0	  0	  0	  0	  0	  0	  0	  0	  0	  5	23095	  0
23/03/2018	06:52:02	<-	L	00000000	 26	 87	 59	 27	  0	198	  0	  4	  4	  4	  4	  4	  4	  4	  4	  0	  0	  0	  0	  0	  0	  0	  0	  0	  0	  0	  0	  0	  0	  0	  0	  0	  0	  0	  0	  0	  0	  0	  0	 87	 59	 27	 80	  0	 34	  0	  0	  0	  0	  0	  0	  0	  0	  0	  0	  0	  5	23095	  0
23/03/2018	06:57:02	<-	L	00000000	 26	 87	 59	 27	  0	203	  0	  4	  4	  4	  4	  4	  4	  4	  4	  0	  0	  0	  0	  0	  0	  0	  0	  0	  0	  0	  0	  0	  0	  0	  0	  0	  0	  0	  0	  0	  0	  0	  0	 87	 59	 27	 80	  0	 34	  0	  0	  0	  0	  0	  0	  0	  0	  0	  0	  0	  5	23095	  0
23/03/2018	07:02:02	<-	L	00000000	 26	 88	 60	 27	  0	208	  0	  4	  4	  4	  4	  4	  4	  4	  4	  0	  0	  0	  0	  0	  0	  0	  0	  0	  0	  0	  0	  0	  0	  0	  0	  0	  0	  0	  0	  0	  0	  0	  0	 88	 60	 28	 81	  0	 35	  0	  0	  0	  0	  0	  0	  0	  0	  0	  0	  0	  5	23095	  0
23/03/2018	07:07:02	<-	L	00000000	 26	 88	 59	 26	  0	213	  0	  4	  4	  4	  4	  4	  4	  4	  4	  0	  0	  0	  0	  0	  0	  0	  0	  0	  0	  0	  0	  0	  0	  0	  0	  0	  0	  0	  0	  0	  0	  0	  0	 88	 59	 26	 81	  0	 34	  0	  0	  0	  0	  0	  0	  0	  0	  0	  0	  0	  5	23095	  0
23/03/2018	07:12:02	<-	L	00000000	 26	 88	 59	 26	  0	218	  0	  4	  4	  4	  4	  4	  4	  4	  4	  0	  0	  0	  0	  0	  0	  0	  0	  0	  0	  0	  0	  0	  0	  0	  0	  0	  0	  0	  0	  0	  0	  0	  0	 88	 59	 26	 82	  0	 31	  0	  0	  0	  0	  0	  0	  0	  0	  0	  0	  0	  5	23095	  0
23/03/2018	07:17:02	<-	L	00000000	 26	 89	 60	 26	  0	223	  0	  4	  4	  4	  4	  4	  4	  4	  4	  0	  0	  0	  0	  0	  0	  0	  0	  0	  0	  0	  0	  0	  0	  0	  0	  0	  0	  0	  0	  0	  0	  0	  0	 89	 60	 26	 82	  0	 34	  0	  0	  0	  0	  0	  0	  0	  0	  0	  0	  0	  5	23095	  0
23/03/2018	07:22:02	<-	L	00000000	 26	 90	 59	 25	  0	228	  0	  4	  4	  4	  4	  4	  4	  4	  4	  0	  0	  0	  0	  0	  0	  0	  0	  0	  0	  0	  0	  0	  0	  0	  0	  0	  0	  0	  0	  0	  0	  0	  0	 90	 59	 25	 82	  0	 31	  0	  0	  0	  0	  0	  0	  0	  0	  0	  0	  0	  5	23095	  0
23/03/2018	07:27:02	<-	L	00000000	 26	 89	 59	 25	  0	233	  0	  4	  4	  4	  4	  4	  4	  4	  4	  0	  0	  0	  0	  0	  0	  0	  0	  0	  0	  0	  0	  0	  0	  0	  0	  0	  0	  0	  0	  0	  0	  0	  0	 89	 59	 25	 82	  0	 31	  0	  0	  0	  0	  0	  0	  0	  0	  0	  0	  0	  5	23095	  0
23/03/2018	07:32:02	<-	L	00000000	 26	 89	 59	 25	  0	238	  0	  4	  4	  4	  4	  4	  4	  4	  4	  0	  0	  0	  0	  0	  0	  0	  0	  0	  0	  0	  0	  0	  0	  0	  0	  0	  0	  0	  0	  0	  0	  0	  0	 89	 59	 25	 83	  0	 31	  0	  0	  0	  0	  0	  0	  0	  0	  0	  0	  0	  5	23095	  0
23/03/2018	07:37:02	<-	L	00000000	 26	 89	 59	 25	  0	243	  0	  4	  4	  4	  4	  4	  4	  4	  4	  0	  0	  0	  0	  0	  0	  0	  0	  0	  0	  0	  0	  0	  0	  0	  0	  0	  0	  0	  0	  0	  0	  0	  0	 89	 59	 25	 83	  0	 31	  0	  0	  0	  0	  0	  0	  0	  0	  0	  0	  0	  5	23095	  0
23/03/2018	07:42:03	<-	L	00000000	 26	 90	 60	 26	  0	248	  0	  4	  4	  4	  4	  4	  4	  4	  4	  0	  0	  0	  0	  0	  0	  0	  0	  0	  0	  0	  0	  0	  0	  0	  0	  0	  0	  0	  0	  0	  0	  0	  0	 90	 60	 26	 83	  0	 32	  0	  0	  0	  0	  0	  0	  0	  0	  0	  0	  0	  5	23095	  0
23/03/2018	07:47:03	<-	L	00000000	 26	 89	 59	 25	  0	253	  0	  4	  4	  4	  4	  4	  4	  4	  4	  0	  0	  0	  0	  0	  0	  0	  0	  0	  0	  0	  0	  0	  0	  0	  0	  0	  0	  0	  0	  0	  0	  0	  0	 89	 59	 25	 83	  0	 31	  0	  0	  0	  0	  0	  0	  0	  0	  0	  0	  0	  5	23095	  0
23/03/2018	07:52:03	<-	L	00000000	 26	 88	 59	 26	  0	258	  0	  4	  4	  4	  4	  4	  4	  4	  4	  0	  0	  0	  0	  0	  0	  0	  0	  0	  0	  0	  0	  0	  0	  0	  0	  0	  0	  0	  0	  0	  0	  0	  0	 88	 59	 26	 84	  0	 29	  0	  0	  0	  0	  0	  0	  0	  0	  0	  0	  0	  5	23095	  0
23/03/2018	07:57:03	<-	L	00000000	 26	 90	 59	 25	  0	263	  0	  4	  4	  4	  4	  4	  4	  4	  4	  0	  0	  0	  0	  0	  0	  0	  0	  0	  0	  0	  0	  0	  0	  0	  0	  0	  0	  0	  0	  0	  0	  0	  0	 90	 59	 25	 84	  0	 29	  0	  0	  0	  0	  0	  0	  0	  0	  0	  0	  0	  5	23095	  0
23/03/2018	08:02:03	<-	L	00000000	 26	 90	 59	 25	  0	268	  0	  4	  4	  4	  4	  4	  4	  4	  4	  0	  0	  0	  0	  0	  0	  0	  0	  0	  0	  0	  0	  0	  0	  0	  0	  0	  0	  0	  0	  0	  0	  0	  0	 90	 59	 25	 84	  0	 29	  0	  0	  0	  0	  0	  0	  0	  0	  0	  0	  0	  5	23095	  0
23/03/2018	08:07:03	<-	L	00000000	 26	 89	 59	 26	  0	273	  0	  4	  4	  4	  4	  4	  4	  4	  4	  0	  0	  0	  0	  0	  0	  0	  0	  0	  0	  0	  0	  0	  0	  0	  0	  0	  0	  0	  0	  0	  0	  0	  0	 89	 59	 25	 84	  0	 29	  0	  0	  0	  0	  0	  0	  0	  0	  0	  0	  0	  5	23095	  0
23/03/2018	08:12:03	<-	L	00000000	 26	 88	 59	 26	  0	278	  0	  4	  4	  4	  4	  4	  4	  4	  4	  0	  0	  0	  0	  0	  0	  0	  0	  0	  0	  0	  0	  0	  0	  0	  0	  0	  0	  0	  0	  0	  0	  0	  0	 88	 59	 26	 84	  0	 29	  0	  0	  0	  0	  0	  0	  0	  0	  0	  0	  0	  5	23095	  0
23/03/2018	08:17:03	<-	L	00000000	 26	 90	 59	 25	  0	283	  0	  4	  4	  4	  4	  4	  4	  4	  4	  0	  0	  0	  0	  0	  0	  0	  0	  0	  0	  0	  0	  0	  0	  0	  0	  0	  0	  0	  0	  0	  0	  0	  0	 90	 59	 25	 84	  0	 29	  0	  0	  0	  0	  0	  0	  0	  0	  0	  0	  0	  5	23095	  0
23/03/2018	08:22:03	<-	L	00000000	 26	 89	 59	 25	  0	288	  0	  4	  4	  4	  4	  4	  4	  4	  4	  0	  0	  0	  0	  0	  0	  0	  0	  0	  0	  0	  0	  0	  0	  0	  0	  0	  0	  0	  0	  0	  0	  0	  0	 89	 59	 25	 84	  0	 29	  0	  0	  0	  0	  0	  0	  0	  0	  0	  0	  0	  5	23095	  0
23/03/2018	08:27:03	<-	L	00000000	 26	 90	 59	 25	  0	293	  0	  4	  4	  4	  4	  4	  4	  4	  4	  0	  0	  0	  0	  0	  0	  0	  0	  0	  0	  0	  0	  0	  0	  0	  0	  0	  0	  0	  0	  0	  0	  0	  0	 90	 59	 25	 85	  0	 30	  0	  0	  0	  0	  0	  0	  0	  0	  0	  0	  0	  5	23095	  0
23/03/2018	08:32:03	<-	L	00000000	 26	 90	 59	 25	  0	298	  0	  4	  4	  4	  4	  4	  4	  4	  4	  0	  0	  0	  0	  0	  0	  0	  0	  0	  0	  0	  0	  0	  0	  0	  0	  0	  0	  0	  0	  0	  0	  0	  0	 90	 59	 25	 85	  0	 30	  0	  0	  0	  0	  0	  0	  0	  0	  0	  0	  0	  5	23095	  0
23/03/2018	08:37:03	<-	L	00000000	 27	 91	 60	 26	  0	  2	  0	  4	  4	  4	  4	  4	  4	  4	  4	  0	  0	  0	  0	  0	  0	  0	  0	  0	  0	  0	  0	  0	  0	  0	  0	  0	  0	  0	  0	  0	  0	  0	  0	 91	 60	 25	 85	  0	 30	  0	  0	  0	  0	  0	  0	  0	  0	  0	  0	  0	  5	23101	  0
23/03/2018	08:42:03	<-	L	00000000	 27	 89	 63	 31	  0	  7	  0	  4	  4	  4	  4	  4	  4	  4	  4	  0	  0	  0	  0	  0	  0	  0	  0	  0	  0	  0	  0	  0	  0	  0	  0	  0	  0	  0	  0	  0	  0	  0	  0	 89	 63	 31	 86	  0	 33	  0	  0	  0	  0	  0	  0	  0	  0	  0	  0	  0	  5	23101	  0
23/03/2018	08:47:04	<-	L	00000000	 27	 90	 63	 29	  0	 12	  0	  4	  4	  4	  4	  4	  4	  4	  4	  0	  0	  0	  0	  0	  0	  0	  0	  0	  0	  0	  0	  0	  0	  0	  0	  0	  0	  0	  0	  0	  0	  0	  0	 90	 63	 29	 86	  0	 33	  0	  0	  0	  0	  0	  0	  0	  0	  0	  0	  0	  5	23101	  0
23/03/2018	08:52:04	<-	L	00000000	 27	 91	 63	 28	  0	 17	  0	  4	  4	  4	  4	  4	  4	  4	  4	  0	  0	  0	  0	  0	  0	  0	  0	  0	  0	  0	  0	  0	  0	  0	  0	  0	  0	  0	  0	  0	  0	  0	  0	 91	 63	 28	 86	  0	 33	  0	  0	  0	  0	  0	  0	  0	  0	  0	  0	  0	  5	23101	  0
23/03/2018	08:57:04	<-	L	00000000	 27	 90	 63	 31	  0	 22	  0	  4	  4	  4	  4	  4	  4	  4	  4	  0	  0	  0	  0	  0	  0	  0	  0	  0	  0	  0	  0	  0	  0	  0	  0	  0	  0	  0	  0	  0	  0	  0	  0	 90	 63	 29	 86	  0	 33	  0	  0	  0	  0	  0	  0	  0	  0	  0	  0	  0	  5	23101	  0
23/03/2018	09:02:04	<-	L	00000000	 27	 88	 63	 31	  0	 27	  0	  4	  4	  4	  4	  4	  4	  4	  4	  0	  0	  0	  0	  0	  0	  0	  0	  0	  0	  0	  0	  0	  0	  0	  0	  0	  0	  0	  0	  0	  0	  0	  0	 88	 63	 31	 86	  0	 33	  0	  0	  0	  0	  0	  0	  0	  0	  0	  0	  0	  5	23101	  0
23/03/2018	09:07:04	<-	L	00000000	 27	 91	 64	 29	  0	 32	  0	  4	  4	  4	  4	  4	  4	  4	  4	  0	  0	  0	  0	  0	  0	  0	  0	  0	  0	  0	  0	  0	  0	  0	  0	  0	  0	  0	  0	  0	  0	  0	  0	 91	 64	 29	 87	  0	 33	  0	  0	  0	  0	  0	  0	  0	  0	  0	  0	  0	  5	23101	  0
23/03/2018	09:12:04	<-	L	00000000	 27	 92	 64	 28	  0	 37	  0	  4	  4	  4	  4	  4	  4	  4	  4	  0	  0	  0	  0	  0	  0	  0	  0	  0	  0	  0	  0	  0	  0	  0	  0	  0	  0	  0	  0	  0	  0	  0	  0	 92	 64	 29	 87	  0	 33	  0	  0	  0	  0	  0	  0	  0	  0	  0	  0	  0	  5	23101	  0
23/03/2018	09:17:04	<-	L	00000000	 27	 89	 63	 31	  0	 42	  0	  4	  4	  4	  4	  4	  4	  4	  4	  0	  0	  0	  0	  0	  0	  0	  0	  0	  0	  0	  0	  0	  0	  0	  0	  0	  0	  0	  0	  0	  0	  0	  0	 89	 63	 31	 87	  0	 33	  0	  0	  0	  0	  0	  0	  0	  0	  0	  0	  0	  5	23101	  0
23/03/2018	09:22:04	<-	L	00000000	 27	 91	 64	 29	  0	 47	  0	  4	  4	  4	  4	  4	  4	  4	  4	  0	  0	  0	  0	  0	  0	  0	  0	  0	  0	  0	  0	  0	  0	  0	  0	  0	  0	  0	  0	  0	  0	  0	  0	 91	 64	 29	 87	  0	 33	  0	  0	  0	  0	  0	  0	  0	  0	  0	  0	  0	  5	23101	  0
23/03/2018	09:27:04	<-	L	00000000	 27	 92	 64	 28	  0	 52	  0	  4	  4	  4	  4	  4	  4	  4	  4	  0	  0	  0	  0	  0	  0	  0	  0	  0	  0	  0	  0	  0	  0	  0	  0	  0	  0	  0	  0	  0	  0	  0	  0	 92	 64	 29	 88	  0	 34	  0	  0	  0	  0	  0	  0	  0	  0	  0	  0	  0	  5	23101	  0
23/03/2018	09:32:04	<-	L	00000000	 27	 89	 63	 31	  0	 57	  0	  4	  4	  4	  4	  4	  4	  4	  4	  0	  0	  0	  0	  0	  0	  0	  0	  0	  0	  0	  0	  0	  0	  0	  0	  0	  0	  0	  0	  0	  0	  0	  0	 89	 63	 31	 87	  0	 33	  0	  0	  0	  0	  0	  0	  0	  0	  0	  0	  0	  5	23101	  0
23/03/2018	09:37:04	<-	L	00000000	 27	 92	 63	 27	  0	 62	  0	  4	  4	  4	  4	  4	  4	  4	  4	  0	  0	  0	  0	  0	  0	  0	  0	  0	  0	  0	  0	  0	  0	  0	  0	  0	  0	  0	  0	  0	  0	  0	  0	 92	 63	 27	 88	  0	 31	  0	  0	  0	  0	  0	  0	  0	  0	  0	  0	  0	  5	23101	  0
23/03/2018	09:42:04	<-	L	00000000	 27	 89	 63	 31	  0	 67	  0	  4	  4	  4	  4	  4	  4	  4	  4	  0	  0	  0	  0	  0	  0	  0	  0	  0	  0	  0	  0	  0	  0	  0	  0	  0	  0	  0	  0	  0	  0	  0	  0	 89	 63	 31	 87	  0	 33	  0	  0	  0	  0	  0	  0	  0	  0	  0	  0	  0	  5	23101	  0
23/03/2018	09:47:04	<-	L	00000000	 27	 91	 63	 28	  0	 72	  0	  4	  4	  4	  4	  4	  4	  4	  4	  0	  0	  0	  0	  0	  0	  0	  0	  0	  0	  0	  0	  0	  0	  0	  0	  0	  0	  0	  0	  0	  0	  0	  0	 91	 63	 28	 87	  0	 33	  0	  0	  0	  0	  0	  0	  0	  0	  0	  0	  0	  5	23100	  0
23/03/2018	09:52:04	->	L	00000000	 27	 91	 63	 29	  0	 77	  0	  4	  4	  4	  4	  4	  4	  4	  4	  0	  0	  0	  0	  0	  0	  0	  0	  0	  0	  0	  0	  0	  0	  0	  0	  0	  0	  0	  0	  0	  0	  0	  0	 86	 63	 33	 91	  0	 28	  0	  0	  0	  0	  0	  0	  0	  0	  0	  0	  0	  5	23100	  0
23/03/2018	09:57:04	->	L	00000000	 27	 93	 62	 26	  0	 82	  0	  4	  4	  4	  4	  4	  4	  4	  4	  0	  0	  0	  0	  0	  0	  0	  0	  0	  0	  0	  0	  0	  0	  0	  0	  0	  0	  0	  0	  0	  0	  0	  0	 86	 62	 33	 93	  0	 26	  0	  0	  0	  0	  0	  0	  0	  0	  0	  0	  0	  5	23100	  0
23/03/2018	10:02:04	->	L	00000000	 27	 94	 62	 25	  0	 87	  0	  4	  4	  4	  4	  4	  4	  4	  4	  0	  0	  0	  0	  0	  0	  0	  0	  0	  0	  0	  0	  0	  0	  0	  0	  0	  0	  0	  0	  0	  0	  0	  0	 86	 62	 33	 94	  0	 25	  0	  0	  0	  0	  0	  0	  0	  0	  0	  0	  0	  5	23100	  0
23/03/2018	10:07:05	->	L	00000000	 27	 92	 62	 26	  0	 92	  0	  4	  4	  4	  4	  4	  4	  4	  4	  0	  0	  0	  0	  0	  0	  0	  0	  0	  0	  0	  0	  0	  0	  0	  0	  0	  0	  0	  0	  0	  0	  0	  0	 85	 62	 33	 92	  0	 26	  0	  0	  0	  0	  0	  0	  0	  0	  0	  0	  0	  5	23100	  0
23/03/2018	10:12:05	->	L	00000000	 27	 90	 62	 28	  0	 97	  0	  4	  4	  4	  4	  4	  4	  4	  4	  0	  0	  0	  0	  0	  0	  0	  0	  0	  0	  0	  0	  0	  0	  0	  0	  0	  0	  0	  0	  0	  0	  0	  0	 85	 62	 33	 90	  0	 28	  0	  0	  0	  0	  0	  0	  0	  0	  0	  0	  0	  5	23100	  0
23/03/2018	10:17:05	->	L	00000000	 27	 89	 61	 27	  0	102	  0	  4	  4	  4	  4	  4	  4	  4	  4	  0	  0	  0	  0	  0	  0	  0	  0	  0	  0	  0	  0	  0	  0	  0	  0	  0	  0	  0	  0	  0	  0	  0	  0	 84	 61	 32	 89	  0	 28	  0	  0	  0	  0	  0	  0	  0	  0	  0	  0	  0	  5	23099	  0
23/03/2018	10:22:05	->	L	00000000	 27	 89	 61	 28	  0	107	  0	  4	  4	  4	  4	  4	  4	  4	  4	  0	  0	  0	  0	  0	  0	  0	  0	  0	  0	  0	  0	  0	  0	  0	  0	  0	  0	  0	  0	  0	  0	  0	  0	 84	 61	 32	 89	  0	 28	  0	  0	  0	  0	  0	  0	  0	  0	  0	  0	  0	  5	23099	  0
23/03/2018	10:27:05	->	L	00000000	 27	 93	 61	 25	  0	112	  0	  4	  4	  4	  4	  4	  4	  4	  4	  0	  0	  0	  0	  0	  0	  0	  0	  0	  0	  0	  0	  0	  0	  0	  0	  0	  0	  0	  0	  0	  0	  0	  0	 85	 61	 32	 93	  0	 25	  0	  0	  0	  0	  0	  0	  0	  0	  0	  0	  0	  5	23099	  0
23/03/2018	10:32:05	->	L	00000000	 27	 93	 61	 25	  0	117	  0	  4	  4	  4	  4	  4	  4	  4	  4	  0	  0	  0	  0	  0	  0	  0	  0	  0	  0	  0	  0	  0	  0	  0	  0	  0	  0	  0	  0	  0	  0	  0	  0	 85	 61	 32	 93	  0	 25	  0	  0	  0	  0	  0	  0	  0	  0	  0	  0	  0	  5	23099	  0
23/03/2018	10:37:05	->	L	00000000	 27	 91	 61	 26	  0	122	  0	  4	  4	  4	  4	  4	  4	  4	  4	  0	  0	  0	  0	  0	  0	  0	  0	  0	  0	  0	  0	  0	  0	  0	  0	  0	  0	  0	  0	  0	  0	  0	  0	 85	 61	 32	 91	  0	 26	  0	  0	  0	  0	  0	  0	  0	  0	  0	  0	  0	  5	23099	  0
23/03/2018	10:42:06	->	L	00000000	 27	 90	 61	 27	  0	127	  0	  4	  4	  4	  4	  4	  4	  4	  4	  0	  0	  0	  0	  0	  0	  0	  0	  0	  0	  0	  0	  0	  0	  0	  0	  0	  0	  0	  0	  0	  0	  0	  0	 85	 61	 32	 90	  0	 27	  0	  0	  0	  0	  0	  0	  0	  0	  0	  0	  0	  5	23099	  0
23/03/2018	10:47:05	->	L	00000000	 27	 89	 61	 27	  0	132	  0	  4	  4	  4	  4	  4	  4	  4	  4	  0	  0	  0	  0	  0	  0	  0	  0	  0	  0	  0	  0	  0	  0	  0	  0	  0	  0	  0	  0	  0	  0	  0	  0	 85	 61	 32	 89	  0	 28	  0	  0	  0	  0	  0	  0	  0	  0	  0	  0	  0	  5	23099	  0
23/03/2018	10:52:05	->	L	00000000	 27	 89	 60	 28	  0	137	  0	  4	  4	  4	  4	  4	  4	  4	  4	  0	  0	  0	  0	  0	  0	  0	  0	  0	  0	  0	  0	  0	  0	  0	  0	  0	  0	  0	  0	  0	  0	  0	  0	 85	 60	 30	 89	  0	 26	  0	  0	  0	  0	  0	  0	  0	  0	  0	  0	  0	  5	23099	  0
23/03/2018	10:57:05	->	L	00000000	 27	 93	 58	 22	  0	142	  0	  4	  4	  4	  4	  4	  4	  4	  4	  0	  0	  0	  0	  0	  0	  0	  0	  0	  0	  0	  0	  0	  0	  0	  0	  0	  0	  0	  0	  0	  0	  0	  0	 85	 58	 28	 93	  0	 22	  0	  0	  0	  0	  0	  0	  0	  0	  0	  0	  0	  5	23096	  0
23/03/2018	11:02:05	->	L	00000000	 27	 92	 59	 23	  0	147	  0	  4	  4	  4	  4	  4	  4	  4	  4	  0	  0	  0	  0	  0	  0	  0	  0	  0	  0	  0	  0	  0	  0	  0	  0	  0	  0	  0	  0	  0	  0	  0	  0	 85	 59	 30	 92	  0	 23	  0	  0	  0	  0	  0	  0	  0	  0	  0	  0	  0	  5	23096	  0
23/03/2018	11:07:06	->	L	00000000	 27	 90	 58	 24	  0	152	  0	  4	  4	  4	  4	  4	  4	  4	  4	  0	  0	  0	  0	  0	  0	  0	  0	  0	  0	  0	  0	  0	  0	  0	  0	  0	  0	  0	  0	  0	  0	  0	  0	 85	 58	 28	 90	  0	 24	  0	  0	  0	  0	  0	  0	  0	  0	  0	  0	  0	  5	23096	  0
23/03/2018	11:12:06	->	L	00000000	 27	 90	 58	 24	  0	157	  0	  4	  4	  4	  4	  4	  4	  4	  4	  0	  0	  0	  0	  0	  0	  0	  0	  0	  0	  0	  0	  0	  0	  0	  0	  0	  0	  0	  0	  0	  0	  0	  0	 85	 58	 28	 90	  0	 24	  0	  0	  0	  0	  0	  0	  0	  0	  0	  0	  0	  5	23096	  0
23/03/2018	11:17:06	->	L	00000000	 27	 93	 58	 22	  0	162	  0	  4	  4	  4	  4	  4	  4	  4	  4	  0	  0	  0	  0	  0	  0	  0	  0	  0	  0	  0	  0	  0	  0	  0	  0	  0	  0	  0	  0	  0	  0	  0	  0	 85	 58	 28	 93	  0	 22	  0	  0	  0	  0	  0	  0	  0	  0	  0	  0	  0	  5	23096	  0
23/03/2018	11:22:06	->	L	00000000	 27	 92	 59	 23	  0	167	  0	  4	  4	  4	  4	  4	  4	  4	  4	  0	  0	  0	  0	  0	  0	  0	  0	  0	  0	  0	  0	  0	  0	  0	  0	  0	  0	  0	  0	  0	  0	  0	  0	 85	 59	 30	 92	  0	 23	  0	  0	  0	  0	  0	  0	  0	  0	  0	  0	  0	  5	23096	  0
23/03/2018	11:27:06	->	L	00000000	 27	 89	 58	 24	  0	172	  0	  4	  4	  4	  4	  4	  4	  4	  4	  0	  0	  0	  0	  0	  0	  0	  0	  0	  0	  0	  0	  0	  0	  0	  0	  0	  0	  0	  0	  0	  0	  0	  0	 85	 58	 28	 89	  0	 24	  0	  0	  0	  0	  0	  0	  0	  0	  0	  0	  0	  5	23096	  0
23/03/2018	11:32:06	->	L	00000000	 27	 89	 58	 24	  0	177	  0	  4	  4	  4	  4	  4	  4	  4	  4	  0	  0	  0	  0	  0	  0	  0	  0	  0	  0	  0	  0	  0	  0	  0	  0	  0	  0	  0	  0	  0	  0	  0	  0	 85	 58	 28	 90	  0	 24	  0	  0	  0	  0	  0	  0	  0	  0	  0	  0	  0	  5	23096	  0
23/03/2018	11:37:06	->	L	00000000	 27	 92	 58	 22	  0	182	  0	  4	  4	  4	  4	  4	  4	  4	  4	  0	  0	  0	  0	  0	  0	  0	  0	  0	  0	  0	  0	  0	  0	  0	  0	  0	  0	  0	  0	  0	  0	  0	  0	 86	 58	 27	 92	  0	 22	  0	  0	  0	  0	  0	  0	  0	  0	  0	  0	  0	  5	23096	  0
23/03/2018	11:42:07	->	L	00000000	 27	 93	 58	 22	  0	187	  0	  4	  4	  4	  4	  4	  4	  4	  4	  0	  0	  0	  0	  0	  0	  0	  0	  0	  0	  0	  0	  0	  0	  0	  0	  0	  0	  0	  0	  0	  0	  0	  0	 86	 58	 27	 93	  0	 22	  0	  0	  0	  0	  0	  0	  0	  0	  0	  0	  0	  5	23096	  0
23/03/2018	11:47:06	->	L	00000000	 27	 91	 58	 22	  0	192	  0	  4	  4	  4	  4	  4	  4	  4	  4	  0	  0	  0	  0	  0	  0	  0	  0	  0	  0	  0	  0	  0	  0	  0	  0	  0	  0	  0	  0	  0	  0	  0	  0	 85	 58	 28	 91	  0	 22	  0	  0	  0	  0	  0	  0	  0	  0	  0	  0	  0	  5	23096	  0
23/03/2018	11:52:06	->	L	00000000	 27	 90	 58	 24	  0	197	  0	  4	  4	  4	  4	  4	  4	  4	  4	  0	  0	  0	  0	  0	  0	  0	  0	  0	  0	  0	  0	  0	  0	  0	  0	  0	  0	  0	  0	  0	  0	  0	  0	 85	 58	 28	 90	  0	 24	  0	  0	  0	  0	  0	  0	  0	  0	  0	  0	  0	  5	23096	  0
23/03/2018	11:57:06	->	L	00000000	 27	 89	 58	 24	  0	202	  0	  4	  4	  4	  4	  4	  4	  4	  4	  0	  0	  0	  0	  0	  0	  0	  0	  0	  0	  0	  0	  0	  0	  0	  0	  0	  0	  0	  0	  0	  0	  0	  0	 85	 58	 28	 89	  0	 24	  0	  0	  0	  0	  0	  0	  0	  0	  0	  0	  0	  5	23096	  0
23/03/2018	12:22:06	  	L	00000000	 30	 61	 37	 21	  0	  2	  0	  4	  4	  4	  4	  4	  4	  4	  4	  0	  0	  0	  0	  0	  0	  0	  0	  0	  0	  0	  0	  0	  0	  0	  0	  0	  0	  0	  0	  0	  0	  0	  0	 60	 37	 21	 61	  0	 21	  0	  0	  0	  0	  0	  0	  0	  0	  0	  0	  0	  5	20555	  1
23/03/2018	12:27:06	->	L	00000000	 30	 84	 48	 17	  0	  7	  0	  4	  4	  4	  4	  4	  4	  4	  4	  0	  0	  0	  0	  0	  0	  0	  0	  0	  0	  0	  0	  0	  0	  0	  0	  0	  0	  0	  0	  0	  0	  0	  0	 76	 48	 22	 84	  0	 17	  0	  0	  0	  0	  0	  0	  0	  0	  0	  0	  0	  5	20555	  1
23/03/2018	12:32:07	->	L	00000000	 30	 82	 60	 35	  0	 12	  0	  4	  4	  4	  4	  4	  4	  4	  4	  0	  0	  0	  0	  0	  0	  0	  0	  0	  0	  0	  0	  0	  0	  0	  0	  0	  0	  0	  0	  0	  0	  0	  0	 79	 60	 39	 82	  0	 34	  0	  0	  0	  0	  0	  0	  0	  0	  0	  0	  0	  5	20555	  1
23/03/2018	12:37:07	->	L	00000000	 30	 82	 65	 45	  0	 17	  0	  4	  4	  4	  4	  4	  4	  4	  4	  0	  0	  0	  0	  0	  0	  0	  0	  0	  0	  0	  0	  0	  0	  0	  0	  0	  0	  0	  0	  0	  0	  0	  0	 81	 65	 47	 82	  0	 45	  0	  0	  0	  0	  0	  0	  0	  0	  0	  0	  0	  5	20555	  1
23/03/2018	12:42:07	->	L	00000000	 30	 84	 68	 49	  0	 22	  0	  4	  4	  4	  4	  4	  4	  4	  4	  0	  0	  0	  0	  0	  0	  0	  0	  0	  0	  0	  0	  0	  0	  0	  0	  0	  0	  0	  0	  0	  0	  0	  0	 82	 68	 52	 84	  0	 49	  0	  0	  0	  0	  0	  0	  0	  0	  0	  0	  0	  5	20555	  1
23/03/2018	12:47:07	->	L	00000000	 30	 85	 70	 51	  0	 27	  0	  4	  4	  4	  4	  4	  4	  4	  4	  0	  0	  0	  0	  0	  0	  0	  0	  0	  0	  0	  0	  0	  0	  0	  0	  0	  0	  0	  0	  0	  0	  0	  0	 84	 70	 53	 85	  0	 51	  0	  0	  0	  0	  0	  0	  0	  0	  0	  0	  0	  5	20555	  1
23/03/2018	12:52:07	->	L	00000000	 30	 86	 72	 53	  0	 32	  0	  4	  4	  4	  4	  4	  4	  4	  4	  0	  0	  0	  0	  0	  0	  0	  0	  0	  0	  0	  0	  0	  0	  0	  0	  0	  0	  0	  0	  0	  0	  0	  0	 85	 72	 56	 86	  0	 53	  0	  0	  0	  0	  0	  0	  0	  0	  0	  0	  0	  5	20555	  1
23/03/2018	12:57:07	->	L	00000000	 30	 87	 73	 54	  0	 37	  0	  4	  4	  4	  4	  4	  4	  4	  4	  0	  0	  0	  0	  0	  0	  0	  0	  0	  0	  0	  0	  0	  0	  0	  0	  0	  0	  0	  0	  0	  0	  0	  0	 86	 73	 56	 87	  0	 54	  0	  0	  0	  0	  0	  0	  0	  0	  0	  0	  0	  5	20555	  1
23/03/2018	13:02:07	->	L	00000000	 30	 88	 74	 54	  0	 42	  0	  4	  4	  4	  4	  4	  4	  4	  4	  0	  0	  0	  0	  0	  0	  0	  0	  0	  0	  0	  0	  0	  0	  0	  0	  0	  0	  0	  0	  0	  0	  0	  0	 87	 74	 57	 88	  0	 54	  0	  0	  0	  0	  0	  0	  0	  0	  0	  0	  0	  5	20555	  1
23/03/2018	13:07:07	->	L	00000000	 30	 88	 73	 53	  0	 47	  0	  4	  4	  4	  4	  4	  4	  4	  4	  0	  0	  0	  0	  0	  0	  0	  0	  0	  0	  0	  0	  0	  0	  0	  0	  0	  0	  0	  0	  0	  0	  0	  0	 87	 73	 54	 88	  0	 53	  0	  0	  0	  0	  0	  0	  0	  0	  0	  0	  0	  5	20555	  1
23/03/2018	13:12:08	  	L	00000000	 30	 87	 75	 60	  0	 52	  0	  4	  4	  4	  4	  4	  4	  4	  4	  0	  0	  0	  0	  0	  0	  0	  0	  0	  0	  0	  0	  0	  0	  0	  0	  0	  0	  0	  0	  0	  0	  0	  0	 86	 75	 62	 87	  0	 60	  0	  0	  0	  0	  0	  0	  0	  0	  0	  0	  0	  5	20555	  1
23/03/2018	13:17:07	<-	L	00000000	 30	 88	 73	 53	  0	 57	  0	  4	  4	  4	  4	  4	  4	  4	  4	  0	  0	  0	  0	  0	  0	  0	  0	  0	  0	  0	  0	  0	  0	  0	  0	  0	  0	  0	  0	  0	  0	  0	  0	 86	 73	 56	 88	  0	 53	  0	  0	  0	  0	  0	  0	  0	  0	  0	  0	  0	  5	20555	  1
23/03/2018	13:22:07	<-	L	00000000	 40	 88	 74	 54	  0	  0	  0	  4	  4	  4	  4	  4	  4	  4	  4	  0	  0	  0	  0	  0	  0	  0	  0	  0	  0	  0	  0	  0	  0	  0	  0	  0	  0	  0	  0	  0	  0	  0	  0	 87	 74	 57	 88	  0	 54	  0	  0	  0	  0	  0	  0	  0	  0	  0	  0	  0	  5	15405	  0
23/03/2018	13:27:07	<-	L	00000000	 40	 84	 62	 36	  0	  5	  0	  4	  4	  4	  4	  4	  4	  4	  4	  0	  0	  0	  0	  0	  0	  0	  0	  0	  0	  0	  0	  0	  0	  0	  0	  0	  0	  0	  0	  0	  0	  0	  0	 82	 62	 38	 84	  0	 35	  0	  0	  0	  0	  0	  0	  0	  0	  0	  0	  0	  5	15405	  0
23/03/2018	13:32:07	<-	L	00000000	 40	 81	 55	 28	  0	 10	  0	  4	  4	  4	  4	  4	  4	  4	  4	  0	  0	  0	  0	  0	  0	  0	  0	  0	  0	  0	  0	  0	  0	  0	  0	  0	  0	  0	  0	  0	  0	  0	  0	 78	 55	 29	 81	  0	 28	  0	  0	  0	  0	  0	  0	  0	  0	  0	  0	  0	  5	15405	  0
23/03/2018	13:37:07	<-	L	00000000	 40	 78	 51	 25	  0	 15	  0	  4	  4	  4	  4	  4	  4	  4	  4	  0	  0	  0	  0	  0	  0	  0	  0	  0	  0	  0	  0	  0	  0	  0	  0	  0	  0	  0	  0	  0	  0	  0	  0	 76	 51	 26	 78	  0	 25	  0	  0	  0	  0	  0	  0	  0	  0	  0	  0	  0	  5	15405	  0
23/03/2018	13:42:07	<-	L	00000000	 40	 77	 50	 24	  0	 20	  0	  4	  4	  4	  4	  4	  4	  4	  4	  0	  0	  0	  0	  0	  0	  0	  0	  0	  0	  0	  0	  0	  0	  0	  0	  0	  0	  0	  0	  0	  0	  0	  0	 75	 50	 25	 77	  0	 24	  0	  0	  0	  0	  0	  0	  0	  0	  0	  0	  0	  5	15405	  0
23/03/2018	13:47:08	<-	L	00000000	 40	 76	 49	 24	  0	 25	  0	  4	  4	  4	  4	  4	  4	  4	  4	  0	  0	  0	  0	  0	  0	  0	  0	  0	  0	  0	  0	  0	  0	  0	  0	  0	  0	  0	  0	  0	  0	  0	  0	 74	 49	 25	 76	  0	 24	  0	  0	  0	  0	  0	  0	  0	  0	  0	  0	  0	  5	15405	  0
23/03/2018	13:52:08	<-	L	00000000	 40	 75	 49	 26	  0	 30	  0	  4	  4	  4	  4	  4	  4	  4	  4	  0	  0	  0	  0	  0	  0	  0	  0	  0	  0	  0	  0	  0	  0	  0	  0	  0	  0	  0	  0	  0	  0	  0	  0	 73	 49	 27	 75	  0	 26	  0	  0	  0	  0	  0	  0	  0	  0	  0	  0	  0	  5	15405	  0
23/03/2018	13:57:08	<-	L	00000000	 40	 74	 49	 25	  0	 35	  0	  4	  4	  4	  4	  4	  4	  4	  4	  0	  0	  0	  0	  0	  0	  0	  0	  0	  0	  0	  0	  0	  0	  0	  0	  0	  0	  0	  0	  0	  0	  0	  0	 73	 49	 27	 74	  0	 25	  0	  0	  0	  0	  0	  0	  0	  0	  0	  0	  0	  5	15405	  0
23/03/2018	14:02:08	<-	L	00000000	 40	 73	 48	 24	  0	 40	  0	  4	  4	  4	  4	  4	  4	  4	  4	  0	  0	  0	  0	  0	  0	  0	  0	  0	  0	  0	  0	  0	  0	  0	  0	  0	  0	  0	  0	  0	  0	  0	  0	 72	 48	 26	 73	  0	 24	  0	  0	  0	  0	  0	  0	  0	  0	  0	  0	  0	  5	15405	  0
23/03/2018	14:07:08	<-	L	00000000	 40	 73	 48	 24	  0	 45	  0	  4	  4	  4	  4	  4	  4	  4	  4	  0	  0	  0	  0	  0	  0	  0	  0	  0	  0	  0	  0	  0	  0	  0	  0	  0	  0	  0	  0	  0	  0	  0	  0	 72	 48	 26	 73	  0	 24	  0	  0	  0	  0	  0	  0	  0	  0	  0	  0	  0	  5	15405	  0
23/03/2018	14:12:08	<-	L	00000000	 40	 72	 48	 26	  0	 50	  0	  4	  4	  4	  4	  4	  4	  4	  4	  0	  0	  0	  0	  0	  0	  0	  0	  0	  0	  0	  0	  0	  0	  0	  0	  0	  0	  0	  0	  0	  0	  0	  0	 71	 48	 26	 72	  0	 26	  0	  0	  0	  0	  0	  0	  0	  0	  0	  0	  0	  5	15405	  0
23/03/2018	14:17:08	<-	L	00000000	 40	 72	 48	 26	  0	 55	  0	  4	  4	  4	  4	  4	  4	  4	  4	  0	  0	  0	  0	  0	  0	  0	  0	  0	  0	  0	  0	  0	  0	  0	  0	  0	  0	  0	  0	  0	  0	  0	  0	 70	 48	 28	 72	  0	 26	  0	  0	  0	  0	  0	  0	  0	  0	  0	  0	  0	  5	15405	  0
23/03/2018	14:22:08	<-	L	00000000	 40	 71	 48	 26	  0	 60	  0	  4	  4	  4	  4	  4	  4	  4	  4	  0	  0	  0	  0	  0	  0	  0	  0	  0	  0	  0	  0	  0	  0	  0	  0	  0	  0	  0	  0	  0	  0	  0	  0	 70	 48	 28	 71	  0	 26	  0	  0	  0	  0	  0	  0	  0	  0	  0	  0	  0	  5	15405	  0
23/03/2018	14:27:08	<-	L	00000000	 50	 71	 48	 26	  0	  4	  0	  4	  4	  4	  4	  4	  4	  4	  4	  0	  0	  0	  0	  0	  0	  0	  0	  0	  0	  0	  0	  0	  0	  0	  0	  0	  0	  0	  0	  0	  0	  0	  0	 70	 48	 28	 71	  0	 26	  0	  0	  0	  0	  0	  0	  0	  0	  0	  0	  0	  5	17723	  0
23/03/2018	14:32:08	<-	L	00000000	 50	 71	 49	 29	  0	  9	  0	  4	  4	  4	  4	  4	  4	  4	  4	  0	  0	  0	  0	  0	  0	  0	  0	  0	  0	  0	  0	  0	  0	  0	  0	  0	  0	  0	  0	  0	  0	  0	  0	 70	 49	 30	 71	  0	 29	  0	  0	  0	  0	  0	  0	  0	  0	  0	  0	  0	  5	17209	  0
23/03/2018	14:37:08	<-	L	00000000	 50	 71	 49	 29	  0	 14	  0	  4	  4	  4	  4	  4	  4	  4	  4	  0	  0	  0	  0	  0	  0	  0	  0	  0	  0	  0	  0	  0	  0	  0	  0	  0	  0	  0	  0	  0	  0	  0	  0	 70	 49	 30	 71	  0	 29	  0	  0	  0	  0	  0	  0	  0	  0	  0	  0	  0	  5	16438	  0
23/03/2018	14:42:08	<-	L	00000000	 50	 71	 49	 29	  0	 19	  0	  4	  4	  4	  4	  4	  4	  4	  4	  0	  0	  0	  0	  0	  0	  0	  0	  0	  0	  0	  0	  0	  0	  0	  0	  0	  0	  0	  0	  0	  0	  0	  0	 70	 49	 30	 71	  0	 29	  0	  0	  0	  0	  0	  0	  0	  0	  0	  0	  0	  5	15924	  0
23/03/2018	14:47:08	<-	L	00000000	 50	 71	 50	 30	  0	 24	  0	  4	  4	  4	  4	  4	  4	  4	  4	  0	  0	  0	  0	  0	  0	  0	  0	  0	  0	  0	  0	  0	  0	  0	  0	  0	  0	  0	  0	  0	  0	  0	  0	 70	 50	 33	 71	  0	 30	  0	  0	  0	  0	  0	  0	  0	  0	  0	  0	  0	  5	15153	  0
23/03/2018	14:52:09	<-	L	00000000	 50	 71	 49	 29	  0	 29	  0	  4	  4	  4	  4	  4	  4	  4	  4	  0	  0	  0	  0	  0	  0	  0	  0	  0	  0	  0	  0	  0	  0	  0	  0	  0	  0	  0	  0	  0	  0	  0	  0	 70	 49	 30	 71	  0	 29	  0	  0	  0	  0	  0	  0	  0	  0	  0	  0	  0	  5	14639	  0
23/03/2018	14:57:08	<-	L	00000000	 50	 70	 47	 26	  0	 34	  0	  4	  4	  4	  4	  4	  4	  4	  4	  0	  0	  0	  0	  0	  0	  0	  0	  0	  0	  0	  0	  0	  0	  0	  0	  0	  0	  0	  0	  0	  0	  0	  0	 69	 47	 28	 70	  0	 26	  0	  0	  0	  0	  0	  0	  0	  0	  0	  0	  0	  5	13868	  0
23/03/2018	15:02:09	<-	L	00000000	 50	 69	 45	 25	  0	 39	  0	  4	  4	  4	  4	  4	  4	  4	  4	  0	  0	  0	  0	  0	  0	  0	  0	  0	  0	  0	  0	  0	  0	  0	  0	  0	  0	  0	  0	  0	  0	  0	  0	 67	 45	 27	 69	  0	 25	  0	  0	  0	  0	  0	  0	  0	  0	  0	  0	  0	  5	13097	  0
23/03/2018	15:07:09	<-	L	00000000	 50	 68	 43	 22	  0	 44	  0	  4	  4	  4	  4	  4	  4	  4	  4	  0	  0	  0	  0	  0	  0	  0	  0	  0	  0	  0	  0	  0	  0	  0	  0	  0	  0	  0	  0	  0	  0	  0	  0	 66	 43	 24	 68	  0	 22	  0	  0	  0	  0	  0	  0	  0	  0	  0	  0	  0	  5	12583	  0
23/03/2018	15:12:09	<-	L	00000000	 50	 67	 42	 22	  0	 49	  0	  4	  4	  4	  4	  4	  4	  4	  4	  0	  0	  0	  0	  0	  0	  0	  0	  0	  0	  0	  0	  0	  0	  0	  0	  0	  0	  0	  0	  0	  0	  0	  0	 65	 42	 23	 67	  0	 22	  0	  0	  0	  0	  0	  0	  0	  0	  0	  0	  0	  5	11812	  0
23/03/2018	15:17:09	<-	L	00000000	 50	 65	 40	 21	  0	 54	  0	  4	  4	  4	  4	  4	  4	  4	  4	  0	  0	  0	  0	  0	  0	  0	  0	  0	  0	  0	  0	  0	  0	  0	  0	  0	  0	  0	  0	  0	  0	  0	  0	 64	 40	 23	 65	  0	 21	  0	  0	  0	  0	  0	  0	  0	  0	  0	  0	  0	  5	11298	  0
23/03/2018	15:22:09	<-	L	00000000	 50	 64	 38	 19	  0	 59	  0	  4	  4	  4	  4	  4	  4	  4	  4	  0	  0	  0	  0	  0	  0	  0	  0	  0	  0	  0	  0	  0	  0	  0	  0	  0	  0	  0	  0	  0	  0	  0	  0	 63	 38	 20	 64	  0	 20	  0	  0	  0	  0	  0	  0	  0	  0	  0	  0	  0	  5	10527	  0
