28/02/2018	13:52:07	<-	L	00000000	 23	 90	 69	 39	  0	185	  0	  4	  4	  4	  4	  4	  4	  4	  4	  0	  0	  0	  0	  0	  0	  0	  0	  0	  0	  0	  0	  0	  0	  0	  0	  0	  0	  0	  0	  0	  0	  0	  0	 90	 69	 39	 86	  0	 47	  0	  0	  0	  0	  0	  0	  0	  0	  0	  0	  0	  5	23107	  0
28/02/2018	13:57:07	->	L	00000000	 23	 87	 69	 45	  0	190	  0	  4	  4	  4	  4	  4	  4	  4	  4	  0	  0	  0	  0	  0	  0	  0	  0	  0	  0	  0	  0	  0	  0	  0	  0	  0	  0	  0	  0	  0	  0	  0	  0	 87	 69	 45	 84	  0	 51	  0	  0	  0	  0	  0	  0	  0	  0	  0	  0	  0	  5	23107	  0
28/02/2018	14:02:07	->	L	00000000	 23	 89	 70	 46	  0	195	  0	  4	  4	  4	  4	  4	  4	  4	  4	  0	  0	  0	  0	  0	  0	  0	  0	  0	  0	  0	  0	  0	  0	  0	  0	  0	  0	  0	  0	  0	  0	  0	  0	 86	 70	 49	 89	  0	 43	  0	  0	  0	  0	  0	  0	  0	  0	  0	  0	  0	  5	23107	  0
28/02/2018	14:07:07	->	L	00000000	 23	 89	 69	 39	  0	200	  0	  4	  4	  4	  4	  4	  4	  4	  4	  0	  0	  0	  0	  0	  0	  0	  0	  0	  0	  0	  0	  0	  0	  0	  0	  0	  0	  0	  0	  0	  0	  0	  0	 86	 69	 47	 89	  0	 42	  0	  0	  0	  0	  0	  0	  0	  0	  0	  0	  0	  5	23107	  0
28/02/2018	14:12:08	->	L	00000000	 23	 91	 70	 40	  0	205	  0	  4	  4	  4	  4	  4	  4	  4	  4	  0	  0	  0	  0	  0	  0	  0	  0	  0	  0	  0	  0	  0	  0	  0	  0	  0	  0	  0	  0	  0	  0	  0	  0	 87	 70	 47	 91	  0	 39	  0	  0	  0	  0	  0	  0	  0	  0	  0	  0	  0	  5	23107	  0
28/02/2018	14:17:08	->	L	00000000	 23	 92	 70	 40	  0	210	  0	  4	  4	  4	  4	  4	  4	  4	  4	  0	  0	  0	  0	  0	  0	  0	  0	  0	  0	  0	  0	  0	  0	  0	  0	  0	  0	  0	  0	  0	  0	  0	  0	 87	 70	 47	 92	  0	 40	  0	  0	  0	  0	  0	  0	  0	  0	  0	  0	  0	  5	23107	  0
28/02/2018	14:22:08	->	L	00000000	 23	 89	 69	 42	  0	215	  0	  4	  4	  4	  4	  4	  4	  4	  4	  0	  0	  0	  0	  0	  0	  0	  0	  0	  0	  0	  0	  0	  0	  0	  0	  0	  0	  0	  0	  0	  0	  0	  0	 86	 69	 47	 89	  0	 42	  0	  0	  0	  0	  0	  0	  0	  0	  0	  0	  0	  5	23107	  0
28/02/2018	14:27:08	->	L	00000000	 23	 90	 69	 39	  0	220	  0	  4	  4	  4	  4	  4	  4	  4	  4	  0	  0	  0	  0	  0	  0	  0	  0	  0	  0	  0	  0	  0	  0	  0	  0	  0	  0	  0	  0	  0	  0	  0	  0	 86	 69	 47	 90	  0	 39	  0	  0	  0	  0	  0	  0	  0	  0	  0	  0	  0	  5	23107	  0
28/02/2018	14:32:08	->	L	00000000	 23	 91	 70	 39	  0	225	  0	  4	  4	  4	  4	  4	  4	  4	  4	  0	  0	  0	  0	  0	  0	  0	  0	  0	  0	  0	  0	  0	  0	  0	  0	  0	  0	  0	  0	  0	  0	  0	  0	 87	 70	 47	 91	  0	 39	  0	  0	  0	  0	  0	  0	  0	  0	  0	  0	  0	  5	23107	  0
28/02/2018	14:37:08	->	L	00000000	 23	 89	 69	 42	  0	230	  0	  4	  4	  4	  4	  4	  4	  4	  4	  0	  0	  0	  0	  0	  0	  0	  0	  0	  0	  0	  0	  0	  0	  0	  0	  0	  0	  0	  0	  0	  0	  0	  0	 86	 69	 47	 89	  0	 42	  0	  0	  0	  0	  0	  0	  0	  0	  0	  0	  0	  5	23107	  0
28/02/2018	14:42:08	->	L	00000000	 23	 90	 69	 39	  0	235	  0	  4	  4	  4	  4	  4	  4	  4	  4	  0	  0	  0	  0	  0	  0	  0	  0	  0	  0	  0	  0	  0	  0	  0	  0	  0	  0	  0	  0	  0	  0	  0	  0	 86	 69	 47	 90	  0	 39	  0	  0	  0	  0	  0	  0	  0	  0	  0	  0	  0	  5	23107	  0
28/02/2018	14:47:09	->	L	00000000	 23	 92	 70	 39	  0	240	  0	  4	  4	  4	  4	  4	  4	  4	  4	  0	  0	  0	  0	  0	  0	  0	  0	  0	  0	  0	  0	  0	  0	  0	  0	  0	  0	  0	  0	  0	  0	  0	  0	 87	 70	 47	 92	  0	 40	  0	  0	  0	  0	  0	  0	  0	  0	  0	  0	  0	  5	23107	  0
28/02/2018	14:52:08	->	L	00000000	 23	 89	 69	 42	  0	245	  0	  4	  4	  4	  4	  4	  4	  4	  4	  0	  0	  0	  0	  0	  0	  0	  0	  0	  0	  0	  0	  0	  0	  0	  0	  0	  0	  0	  0	  0	  0	  0	  0	 86	 69	 47	 89	  0	 42	  0	  0	  0	  0	  0	  0	  0	  0	  0	  0	  0	  5	23107	  0
28/02/2018	14:57:08	->	L	00000000	 23	 91	 69	 39	  0	250	  0	  4	  4	  4	  4	  4	  4	  4	  4	  0	  0	  0	  0	  0	  0	  0	  0	  0	  0	  0	  0	  0	  0	  0	  0	  0	  0	  0	  0	  0	  0	  0	  0	 87	 69	 45	 91	  0	 39	  0	  0	  0	  0	  0	  0	  0	  0	  0	  0	  0	  5	23107	  0
28/02/2018	15:02:08	->	L	00000000	 23	 92	 70	 36	  0	255	  0	  4	  4	  4	  4	  4	  4	  4	  4	  0	  0	  0	  0	  0	  0	  0	  0	  0	  0	  0	  0	  0	  0	  0	  0	  0	  0	  0	  0	  0	  0	  0	  0	 87	 70	 47	 92	  0	 40	  0	  0	  0	  0	  0	  0	  0	  0	  0	  0	  0	  5	23107	  0
28/02/2018	15:07:08	->	L	00000000	 23	 89	 69	 42	  0	260	  0	  4	  4	  4	  4	  4	  4	  4	  4	  0	  0	  0	  0	  0	  0	  0	  0	  0	  0	  0	  0	  0	  0	  0	  0	  0	  0	  0	  0	  0	  0	  0	  0	 86	 69	 47	 89	  0	 42	  0	  0	  0	  0	  0	  0	  0	  0	  0	  0	  0	  5	23107	  0
28/02/2018	15:12:08	->	L	00000000	 23	 93	 69	 36	  0	265	  0	  4	  4	  4	  4	  4	  4	  4	  4	  0	  0	  0	  0	  0	  0	  0	  0	  0	  0	  0	  0	  0	  0	  0	  0	  0	  0	  0	  0	  0	  0	  0	  0	 88	 69	 43	 93	  0	 36	  0	  0	  0	  0	  0	  0	  0	  0	  0	  0	  0	  5	23107	  0
28/02/2018	15:17:08	->	L	00000000	 23	 89	 69	 43	  0	270	  0	  4	  4	  4	  4	  4	  4	  4	  4	  0	  0	  0	  0	  0	  0	  0	  0	  0	  0	  0	  0	  0	  0	  0	  0	  0	  0	  0	  0	  0	  0	  0	  0	 86	 69	 47	 89	  0	 42	  0	  0	  0	  0	  0	  0	  0	  0	  0	  0	  0	  5	23107	  0
28/02/2018	15:22:09	->	L	00000000	 23	 91	 69	 36	  0	275	  0	  4	  4	  4	  4	  4	  4	  4	  4	  0	  0	  0	  0	  0	  0	  0	  0	  0	  0	  0	  0	  0	  0	  0	  0	  0	  0	  0	  0	  0	  0	  0	  0	 87	 69	 45	 91	  0	 39	  0	  0	  0	  0	  0	  0	  0	  0	  0	  0	  0	  5	23107	  0
28/02/2018	15:27:09	->	L	00000000	 23	 91	 69	 39	  0	280	  0	  4	  4	  4	  4	  4	  4	  4	  4	  0	  0	  0	  0	  0	  0	  0	  0	  0	  0	  0	  0	  0	  0	  0	  0	  0	  0	  0	  0	  0	  0	  0	  0	 87	 69	 45	 91	  0	 39	  0	  0	  0	  0	  0	  0	  0	  0	  0	  0	  0	  5	23107	  0
28/02/2018	15:32:09	->	L	00000000	 23	 89	 69	 42	  0	285	  0	  4	  4	  4	  4	  4	  4	  4	  4	  0	  0	  0	  0	  0	  0	  0	  0	  0	  0	  0	  0	  0	  0	  0	  0	  0	  0	  0	  0	  0	  0	  0	  0	 86	 69	 47	 89	  0	 42	  0	  0	  0	  0	  0	  0	  0	  0	  0	  0	  0	  5	23107	  0
28/02/2018	15:37:09	->	L	00000000	 23	 91	 69	 39	  0	290	  0	  4	  4	  4	  4	  4	  4	  4	  4	  0	  0	  0	  0	  0	  0	  0	  0	  0	  0	  0	  0	  0	  0	  0	  0	  0	  0	  0	  0	  0	  0	  0	  0	 87	 69	 45	 91	  0	 39	  0	  0	  0	  0	  0	  0	  0	  0	  0	  0	  0	  5	23107	  0
28/02/2018	15:42:09	->	L	00000000	 23	 91	 69	 39	  0	295	  0	  4	  4	  4	  4	  4	  4	  4	  4	  0	  0	  0	  0	  0	  0	  0	  0	  0	  0	  0	  0	  0	  0	  0	  0	  0	  0	  0	  0	  0	  0	  0	  0	 87	 69	 45	 91	  0	 39	  0	  0	  0	  0	  0	  0	  0	  0	  0	  0	  0	  5	23107	  0
28/02/2018	15:47:09	->	L	00000000	 23	 89	 69	 42	  0	300	  0	  4	  4	  4	  4	  4	  4	  4	  4	  0	  0	  0	  0	  0	  0	  0	  0	  0	  0	  0	  0	  0	  0	  0	  0	  0	  0	  0	  0	  0	  0	  0	  0	 86	 69	 47	 89	  0	 42	  0	  0	  0	  0	  0	  0	  0	  0	  0	  0	  0	  5	23107	  0
28/02/2018	15:52:10	->	L	00000000	 23	 89	 69	 39	  0	305	  0	  4	  4	  4	  4	  4	  4	  4	  4	  0	  0	  0	  0	  0	  0	  0	  0	  0	  0	  0	  0	  0	  0	  0	  0	  0	  0	  0	  0	  0	  0	  0	  0	 86	 69	 47	 89	  0	 42	  0	  0	  0	  0	  0	  0	  0	  0	  0	  0	  0	  5	23107	  0
28/02/2018	15:57:09	->	L	00000000	 23	 92	 70	 40	  0	310	  0	  4	  4	  4	  4	  4	  4	  4	  4	  0	  0	  0	  0	  0	  0	  0	  0	  0	  0	  0	  0	  0	  0	  0	  0	  0	  0	  0	  0	  0	  0	  0	  0	 88	 70	 46	 92	  0	 40	  0	  0	  0	  0	  0	  0	  0	  0	  0	  0	  0	  5	23107	  0
28/02/2018	16:02:09	->	L	00000000	 23	 90	 69	 42	  0	315	  0	  4	  4	  4	  4	  4	  4	  4	  4	  0	  0	  0	  0	  0	  0	  0	  0	  0	  0	  0	  0	  0	  0	  0	  0	  0	  0	  0	  0	  0	  0	  0	  0	 86	 69	 47	 90	  0	 39	  0	  0	  0	  0	  0	  0	  0	  0	  0	  0	  0	  5	23107	  0
28/02/2018	16:07:09	->	L	00000000	 23	 92	 69	 36	  0	320	  0	  4	  4	  4	  4	  4	  4	  4	  4	  0	  0	  0	  0	  0	  0	  0	  0	  0	  0	  0	  0	  0	  0	  0	  0	  0	  0	  0	  0	  0	  0	  0	  0	 87	 69	 45	 92	  0	 36	  0	  0	  0	  0	  0	  0	  0	  0	  0	  0	  0	  5	23107	  0
28/02/2018	16:12:09	->	L	00000000	 23	 92	 69	 39	  0	325	  0	  4	  4	  4	  4	  4	  4	  4	  4	  0	  0	  0	  0	  0	  0	  0	  0	  0	  0	  0	  0	  0	  0	  0	  0	  0	  0	  0	  0	  0	  0	  0	  0	 87	 69	 45	 92	  0	 36	  0	  0	  0	  0	  0	  0	  0	  0	  0	  0	  0	  5	23107	  0
28/02/2018	16:17:09	->	L	00000000	 23	 91	 69	 36	  0	330	  0	  4	  4	  4	  4	  4	  4	  4	  4	  0	  0	  0	  0	  0	  0	  0	  0	  0	  0	  0	  0	  0	  0	  0	  0	  0	  0	  0	  0	  0	  0	  0	  0	 87	 69	 45	 91	  0	 39	  0	  0	  0	  0	  0	  0	  0	  0	  0	  0	  0	  5	23107	  0
28/02/2018	16:22:09	->	L	00000000	 23	 89	 69	 42	  0	335	  0	  4	  4	  4	  4	  4	  4	  4	  4	  0	  0	  0	  0	  0	  0	  0	  0	  0	  0	  0	  0	  0	  0	  0	  0	  0	  0	  0	  0	  0	  0	  0	  0	 86	 69	 47	 89	  0	 42	  0	  0	  0	  0	  0	  0	  0	  0	  0	  0	  0	  5	23107	  0
28/02/2018	16:27:09	->	L	00000000	 23	 91	 69	 39	  0	340	  0	  4	  4	  4	  4	  4	  4	  4	  4	  0	  0	  0	  0	  0	  0	  0	  0	  0	  0	  0	  0	  0	  0	  0	  0	  0	  0	  0	  0	  0	  0	  0	  0	 87	 69	 45	 91	  0	 39	  0	  0	  0	  0	  0	  0	  0	  0	  0	  0	  0	  5	23107	  0
28/02/2018	16:32:09	->	L	00000000	 23	 91	 69	 39	  0	345	  0	  4	  4	  4	  4	  4	  4	  4	  4	  0	  0	  0	  0	  0	  0	  0	  0	  0	  0	  0	  0	  0	  0	  0	  0	  0	  0	  0	  0	  0	  0	  0	  0	 87	 69	 45	 91	  0	 39	  0	  0	  0	  0	  0	  0	  0	  0	  0	  0	  0	  5	23107	  0
28/02/2018	16:37:10	->	L	00000000	 23	 89	 69	 42	  0	350	  0	  4	  4	  4	  4	  4	  4	  4	  4	  0	  0	  0	  0	  0	  0	  0	  0	  0	  0	  0	  0	  0	  0	  0	  0	  0	  0	  0	  0	  0	  0	  0	  0	 86	 69	 47	 89	  0	 42	  0	  0	  0	  0	  0	  0	  0	  0	  0	  0	  0	  5	23107	  0
28/02/2018	16:42:10	->	L	00000000	 23	 92	 69	 36	  0	355	  0	  4	  4	  4	  4	  4	  4	  4	  4	  0	  0	  0	  0	  0	  0	  0	  0	  0	  0	  0	  0	  0	  0	  0	  0	  0	  0	  0	  0	  0	  0	  0	  0	 88	 69	 43	 92	  0	 36	  0	  0	  0	  0	  0	  0	  0	  0	  0	  0	  0	  5	23107	  0
28/02/2018	16:47:10	->	L	00000000	 23	 89	 69	 42	  0	360	  0	  4	  4	  4	  4	  4	  4	  4	  4	  0	  0	  0	  0	  0	  0	  0	  0	  0	  0	  0	  0	  0	  0	  0	  0	  0	  0	  0	  0	  0	  0	  0	  0	 86	 69	 47	 89	  0	 42	  0	  0	  0	  0	  0	  0	  0	  0	  0	  0	  0	  5	23107	  0
28/02/2018	16:52:10	->	L	00000000	 24	 93	 69	 36	  0	  4	  0	  4	  4	  4	  4	  4	  4	  4	  4	  0	  0	  0	  0	  0	  0	  0	  0	  0	  0	  0	  0	  0	  0	  0	  0	  0	  0	  0	  0	  0	  0	  0	  0	 88	 69	 43	 92	  0	 36	  0	  0	  0	  0	  0	  0	  0	  0	  0	  0	  0	  5	23107	  0
28/02/2018	16:57:10	->	L	00000000	 24	 89	 69	 42	  0	  9	  0	  4	  4	  4	  4	  4	  4	  4	  4	  0	  0	  0	  0	  0	  0	  0	  0	  0	  0	  0	  0	  0	  0	  0	  0	  0	  0	  0	  0	  0	  0	  0	  0	 86	 69	 47	 89	  0	 42	  0	  0	  0	  0	  0	  0	  0	  0	  0	  0	  0	  5	23107	  0
28/02/2018	17:02:10	->	L	00000000	 24	 93	 69	 36	  0	 14	  0	  4	  4	  4	  4	  4	  4	  4	  4	  0	  0	  0	  0	  0	  0	  0	  0	  0	  0	  0	  0	  0	  0	  0	  0	  0	  0	  0	  0	  0	  0	  0	  0	 88	 69	 43	 93	  0	 36	  0	  0	  0	  0	  0	  0	  0	  0	  0	  0	  0	  5	23107	  0
28/02/2018	17:07:10	->	L	00000000	 24	 90	 69	 39	  0	 19	  0	  4	  4	  4	  4	  4	  4	  4	  4	  0	  0	  0	  0	  0	  0	  0	  0	  0	  0	  0	  0	  0	  0	  0	  0	  0	  0	  0	  0	  0	  0	  0	  0	 87	 69	 45	 90	  0	 39	  0	  0	  0	  0	  0	  0	  0	  0	  0	  0	  0	  5	23107	  0
28/02/2018	17:12:10	->	L	00000000	 24	 93	 69	 36	  0	 24	  0	  4	  4	  4	  4	  4	  4	  4	  4	  0	  0	  0	  0	  0	  0	  0	  0	  0	  0	  0	  0	  0	  0	  0	  0	  0	  0	  0	  0	  0	  0	  0	  0	 88	 69	 43	 93	  0	 36	  0	  0	  0	  0	  0	  0	  0	  0	  0	  0	  0	  5	23107	  0
28/02/2018	17:17:10	->	L	00000000	 24	 92	 69	 36	  0	 29	  0	  4	  4	  4	  4	  4	  4	  4	  4	  0	  0	  0	  0	  0	  0	  0	  0	  0	  0	  0	  0	  0	  0	  0	  0	  0	  0	  0	  0	  0	  0	  0	  0	 88	 69	 43	 92	  0	 36	  0	  0	  0	  0	  0	  0	  0	  0	  0	  0	  0	  5	23107	  0
28/02/2018	17:22:10	->	L	00000000	 24	 88	 68	 41	  0	 34	  0	  4	  4	  4	  4	  4	  4	  4	  4	  0	  0	  0	  0	  0	  0	  0	  0	  0	  0	  0	  0	  0	  0	  0	  0	  0	  0	  0	  0	  0	  0	  0	  0	 86	 68	 45	 89	  0	 41	  0	  0	  0	  0	  0	  0	  0	  0	  0	  0	  0	  5	23107	  0
28/02/2018	17:27:10	->	L	00000000	 24	 94	 69	 34	  0	 39	  0	  4	  4	  4	  4	  4	  4	  4	  4	  0	  0	  0	  0	  0	  0	  0	  0	  0	  0	  0	  0	  0	  0	  0	  0	  0	  0	  0	  0	  0	  0	  0	  0	 88	 69	 43	 94	  0	 34	  0	  0	  0	  0	  0	  0	  0	  0	  0	  0	  0	  5	23107	  0
28/02/2018	17:32:10	->	L	00000000	 24	 90	 69	 39	  0	 44	  0	  4	  4	  4	  4	  4	  4	  4	  4	  0	  0	  0	  0	  0	  0	  0	  0	  0	  0	  0	  0	  0	  0	  0	  0	  0	  0	  0	  0	  0	  0	  0	  0	 87	 69	 45	 90	  0	 39	  0	  0	  0	  0	  0	  0	  0	  0	  0	  0	  0	  5	23107	  0
28/02/2018	17:37:10	->	L	00000000	 24	 91	 69	 39	  0	 49	  0	  4	  4	  4	  4	  4	  4	  4	  4	  0	  0	  0	  0	  0	  0	  0	  0	  0	  0	  0	  0	  0	  0	  0	  0	  0	  0	  0	  0	  0	  0	  0	  0	 87	 69	 45	 91	  0	 39	  0	  0	  0	  0	  0	  0	  0	  0	  0	  0	  0	  5	23107	  0
28/02/2018	17:42:10	->	L	00000000	 24	 92	 69	 36	  0	 54	  0	  4	  4	  4	  4	  4	  4	  4	  4	  0	  0	  0	  0	  0	  0	  0	  0	  0	  0	  0	  0	  0	  0	  0	  0	  0	  0	  0	  0	  0	  0	  0	  0	 88	 69	 43	 92	  0	 36	  0	  0	  0	  0	  0	  0	  0	  0	  0	  0	  0	  5	23107	  0
28/02/2018	17:47:10	->	L	00000000	 24	 89	 68	 38	  0	 59	  0	  4	  4	  4	  4	  4	  4	  4	  4	  0	  0	  0	  0	  0	  0	  0	  0	  0	  0	  0	  0	  0	  0	  0	  0	  0	  0	  0	  0	  0	  0	  0	  0	 86	 68	 45	 89	  0	 38	  0	  0	  0	  0	  0	  0	  0	  0	  0	  0	  0	  5	23107	  0
28/02/2018	17:52:11	->	L	00000000	 24	 94	 69	 36	  0	 64	  0	  4	  4	  4	  4	  4	  4	  4	  4	  0	  0	  0	  0	  0	  0	  0	  0	  0	  0	  0	  0	  0	  0	  0	  0	  0	  0	  0	  0	  0	  0	  0	  0	 88	 69	 43	 94	  0	 34	  0	  0	  0	  0	  0	  0	  0	  0	  0	  0	  0	  5	23107	  0
28/02/2018	17:57:11	  	L	00000000	 24	 92	 69	 36	  0	 69	  0	  4	  4	  4	  4	  4	  4	  4	  4	  0	  0	  0	  0	  0	  0	  0	  0	  0	  0	  0	  0	  0	  0	  0	  0	  0	  0	  0	  0	  0	  0	  0	  0	 88	 69	 43	 92	  0	 36	  0	  0	  0	  0	  0	  0	  0	  0	  0	  0	  0	  5	23107	  0
28/02/2018	18:02:11	<-	L	00000000	 24	 94	 69	 34	  0	 74	  0	  4	  4	  4	  4	  4	  4	  4	  4	  0	  0	  0	  0	  0	  0	  0	  0	  0	  0	  0	  0	  0	  0	  0	  0	  0	  0	  0	  0	  0	  0	  0	  0	 94	 69	 34	 89	  0	 42	  0	  0	  0	  0	  0	  0	  0	  0	  0	  0	  0	  5	23107	  0
28/02/2018	18:07:11	<-	L	00000000	 24	 89	 68	 42	  0	 79	  0	  4	  4	  4	  4	  4	  4	  4	  4	  0	  0	  0	  0	  0	  0	  0	  0	  0	  0	  0	  0	  0	  0	  0	  0	  0	  0	  0	  0	  0	  0	  0	  0	 89	 68	 38	 87	  0	 43	  0	  0	  0	  0	  0	  0	  0	  0	  0	  0	  0	  5	23107	  0
28/02/2018	18:12:11	<-	L	00000000	 24	 94	 69	 36	  0	 84	  0	  4	  4	  4	  4	  4	  4	  4	  4	  0	  0	  0	  0	  0	  0	  0	  0	  0	  0	  0	  0	  0	  0	  0	  0	  0	  0	  0	  0	  0	  0	  0	  0	 94	 69	 34	 89	  0	 42	  0	  0	  0	  0	  0	  0	  0	  0	  0	  0	  0	  5	23107	  0
28/02/2018	18:17:11	<-	L	00000000	 24	 89	 68	 39	  0	 89	  0	  4	  4	  4	  4	  4	  4	  4	  4	  0	  0	  0	  0	  0	  0	  0	  0	  0	  0	  0	  0	  0	  0	  0	  0	  0	  0	  0	  0	  0	  0	  0	  0	 89	 68	 38	 88	  0	 41	  0	  0	  0	  0	  0	  0	  0	  0	  0	  0	  0	  5	23107	  0
28/02/2018	18:22:11	<-	L	00000000	 24	 93	 69	 34	  0	 94	  0	  4	  4	  4	  4	  4	  4	  4	  4	  0	  0	  0	  0	  0	  0	  0	  0	  0	  0	  0	  0	  0	  0	  0	  0	  0	  0	  0	  0	  0	  0	  0	  0	 93	 69	 36	 89	  0	 42	  0	  0	  0	  0	  0	  0	  0	  0	  0	  0	  0	  5	23107	  0
28/02/2018	18:27:11	<-	L	00000000	 24	 90	 68	 39	  0	 99	  0	  4	  4	  4	  4	  4	  4	  4	  4	  0	  0	  0	  0	  0	  0	  0	  0	  0	  0	  0	  0	  0	  0	  0	  0	  0	  0	  0	  0	  0	  0	  0	  0	 90	 68	 39	 88	  0	 41	  0	  0	  0	  0	  0	  0	  0	  0	  0	  0	  0	  5	23107	  0
28/02/2018	18:32:11	<-	L	00000000	 24	 91	 69	 39	  0	104	  0	  4	  4	  4	  4	  4	  4	  4	  4	  0	  0	  0	  0	  0	  0	  0	  0	  0	  0	  0	  0	  0	  0	  0	  0	  0	  0	  0	  0	  0	  0	  0	  0	 91	 69	 39	 88	  0	 43	  0	  0	  0	  0	  0	  0	  0	  0	  0	  0	  0	  5	23107	  0
28/02/2018	18:37:11	<-	L	00000000	 24	 92	 69	 36	  0	109	  0	  4	  4	  4	  4	  4	  4	  4	  4	  0	  0	  0	  0	  0	  0	  0	  0	  0	  0	  0	  0	  0	  0	  0	  0	  0	  0	  0	  0	  0	  0	  0	  0	 92	 69	 36	 89	  0	 42	  0	  0	  0	  0	  0	  0	  0	  0	  0	  0	  0	  5	23107	  0
28/02/2018	18:42:11	<-	L	00000000	 24	 89	 68	 38	  0	114	  0	  4	  4	  4	  4	  4	  4	  4	  4	  0	  0	  0	  0	  0	  0	  0	  0	  0	  0	  0	  0	  0	  0	  0	  0	  0	  0	  0	  0	  0	  0	  0	  0	 89	 68	 38	 87	  0	 43	  0	  0	  0	  0	  0	  0	  0	  0	  0	  0	  0	  5	23107	  0
28/02/2018	18:47:11	<-	L	00000000	 24	 94	 69	 34	  0	119	  0	  4	  4	  4	  4	  4	  4	  4	  4	  0	  0	  0	  0	  0	  0	  0	  0	  0	  0	  0	  0	  0	  0	  0	  0	  0	  0	  0	  0	  0	  0	  0	  0	 94	 69	 34	 89	  0	 42	  0	  0	  0	  0	  0	  0	  0	  0	  0	  0	  0	  5	23107	  0
28/02/2018	18:52:11	<-	L	00000000	 24	 90	 68	 39	  0	124	  0	  4	  4	  4	  4	  4	  4	  4	  4	  0	  0	  0	  0	  0	  0	  0	  0	  0	  0	  0	  0	  0	  0	  0	  0	  0	  0	  0	  0	  0	  0	  0	  0	 90	 68	 39	 88	  0	 41	  0	  0	  0	  0	  0	  0	  0	  0	  0	  0	  0	  5	23107	  0
28/02/2018	18:57:11	<-	L	00000000	 24	 92	 69	 35	  0	129	  0	  4	  4	  4	  4	  4	  4	  4	  4	  0	  0	  0	  0	  0	  0	  0	  0	  0	  0	  0	  0	  0	  0	  0	  0	  0	  0	  0	  0	  0	  0	  0	  0	 92	 69	 36	 88	  0	 43	  0	  0	  0	  0	  0	  0	  0	  0	  0	  0	  0	  5	23107	  0
28/02/2018	19:02:11	<-	L	00000000	 24	 92	 69	 36	  0	134	  0	  4	  4	  4	  4	  4	  4	  4	  4	  0	  0	  0	  0	  0	  0	  0	  0	  0	  0	  0	  0	  0	  0	  0	  0	  0	  0	  0	  0	  0	  0	  0	  0	 92	 69	 36	 89	  0	 42	  0	  0	  0	  0	  0	  0	  0	  0	  0	  0	  0	  5	23107	  0
28/02/2018	19:07:12	<-	L	00000000	 24	 89	 68	 38	  0	139	  0	  4	  4	  4	  4	  4	  4	  4	  4	  0	  0	  0	  0	  0	  0	  0	  0	  0	  0	  0	  0	  0	  0	  0	  0	  0	  0	  0	  0	  0	  0	  0	  0	 89	 68	 38	 87	  0	 43	  0	  0	  0	  0	  0	  0	  0	  0	  0	  0	  0	  5	23107	  0
28/02/2018	19:12:12	<-	L	00000000	 24	 93	 69	 34	  0	144	  0	  4	  4	  4	  4	  4	  4	  4	  4	  0	  0	  0	  0	  0	  0	  0	  0	  0	  0	  0	  0	  0	  0	  0	  0	  0	  0	  0	  0	  0	  0	  0	  0	 93	 69	 36	 89	  0	 42	  0	  0	  0	  0	  0	  0	  0	  0	  0	  0	  0	  5	23107	  0
28/02/2018	19:17:12	<-	L	00000000	 24	 89	 68	 39	  0	149	  0	  4	  4	  4	  4	  4	  4	  4	  4	  0	  0	  0	  0	  0	  0	  0	  0	  0	  0	  0	  0	  0	  0	  0	  0	  0	  0	  0	  0	  0	  0	  0	  0	 89	 68	 38	 88	  0	 41	  0	  0	  0	  0	  0	  0	  0	  0	  0	  0	  0	  5	23107	  0
28/02/2018	19:22:12	<-	L	00000000	 24	 92	 69	 36	  0	154	  0	  4	  4	  4	  4	  4	  4	  4	  4	  0	  0	  0	  0	  0	  0	  0	  0	  0	  0	  0	  0	  0	  0	  0	  0	  0	  0	  0	  0	  0	  0	  0	  0	 92	 69	 36	 89	  0	 42	  0	  0	  0	  0	  0	  0	  0	  0	  0	  0	  0	  5	23107	  0
28/02/2018	19:27:12	<-	L	00000000	 24	 89	 68	 39	  0	159	  0	  4	  4	  4	  4	  4	  4	  4	  4	  0	  0	  0	  0	  0	  0	  0	  0	  0	  0	  0	  0	  0	  0	  0	  0	  0	  0	  0	  0	  0	  0	  0	  0	 89	 68	 38	 88	  0	 41	  0	  0	  0	  0	  0	  0	  0	  0	  0	  0	  0	  5	23107	  0
28/02/2018	19:32:13	<-	L	00000000	 24	 93	 69	 36	  0	164	  0	  4	  4	  4	  4	  4	  4	  4	  4	  0	  0	  0	  0	  0	  0	  0	  0	  0	  0	  0	  0	  0	  0	  0	  0	  0	  0	  0	  0	  0	  0	  0	  0	 93	 69	 36	 88	  0	 43	  0	  0	  0	  0	  0	  0	  0	  0	  0	  0	  0	  5	23107	  0
28/02/2018	19:37:12	<-	L	00000000	 24	 89	 68	 38	  0	169	  0	  4	  4	  4	  4	  4	  4	  4	  4	  0	  0	  0	  0	  0	  0	  0	  0	  0	  0	  0	  0	  0	  0	  0	  0	  0	  0	  0	  0	  0	  0	  0	  0	 89	 68	 38	 87	  0	 43	  0	  0	  0	  0	  0	  0	  0	  0	  0	  0	  0	  5	23107	  0
28/02/2018	19:42:12	<-	L	00000000	 24	 93	 69	 36	  0	174	  0	  4	  4	  4	  4	  4	  4	  4	  4	  0	  0	  0	  0	  0	  0	  0	  0	  0	  0	  0	  0	  0	  0	  0	  0	  0	  0	  0	  0	  0	  0	  0	  0	 93	 69	 36	 89	  0	 42	  0	  0	  0	  0	  0	  0	  0	  0	  0	  0	  0	  5	23107	  0
28/02/2018	19:47:12	<-	L	00000000	 24	 89	 68	 38	  0	179	  0	  4	  4	  4	  4	  4	  4	  4	  4	  0	  0	  0	  0	  0	  0	  0	  0	  0	  0	  0	  0	  0	  0	  0	  0	  0	  0	  0	  0	  0	  0	  0	  0	 89	 68	 38	 87	  0	 43	  0	  0	  0	  0	  0	  0	  0	  0	  0	  0	  0	  5	23107	  0
28/02/2018	19:52:12	<-	L	00000000	 24	 92	 68	 36	  0	184	  0	  4	  4	  4	  4	  4	  4	  4	  4	  0	  0	  0	  0	  0	  0	  0	  0	  0	  0	  0	  0	  0	  0	  0	  0	  0	  0	  0	  0	  0	  0	  0	  0	 92	 68	 36	 88	  0	 41	  0	  0	  0	  0	  0	  0	  0	  0	  0	  0	  0	  5	23107	  0
28/02/2018	19:57:12	<-	L	00000000	 24	 89	 68	 38	  0	189	  0	  4	  4	  4	  4	  4	  4	  4	  4	  0	  0	  0	  0	  0	  0	  0	  0	  0	  0	  0	  0	  0	  0	  0	  0	  0	  0	  0	  0	  0	  0	  0	  0	 89	 68	 38	 87	  0	 43	  0	  0	  0	  0	  0	  0	  0	  0	  0	  0	  0	  5	23107	  0
28/02/2018	20:02:12	<-	L	00000000	 24	 93	 69	 36	  0	194	  0	  4	  4	  4	  4	  4	  4	  4	  4	  0	  0	  0	  0	  0	  0	  0	  0	  0	  0	  0	  0	  0	  0	  0	  0	  0	  0	  0	  0	  0	  0	  0	  0	 93	 69	 36	 89	  0	 42	  0	  0	  0	  0	  0	  0	  0	  0	  0	  0	  0	  5	23107	  0
28/02/2018	20:07:12	<-	L	00000000	 24	 89	 68	 38	  0	199	  0	  4	  4	  4	  4	  4	  4	  4	  4	  0	  0	  0	  0	  0	  0	  0	  0	  0	  0	  0	  0	  0	  0	  0	  0	  0	  0	  0	  0	  0	  0	  0	  0	 89	 68	 38	 88	  0	 41	  0	  0	  0	  0	  0	  0	  0	  0	  0	  0	  0	  5	23107	  0
28/02/2018	20:12:12	<-	L	00000000	 24	 93	 69	 36	  0	204	  0	  4	  4	  4	  4	  4	  4	  4	  4	  0	  0	  0	  0	  0	  0	  0	  0	  0	  0	  0	  0	  0	  0	  0	  0	  0	  0	  0	  0	  0	  0	  0	  0	 93	 69	 36	 89	  0	 42	  0	  0	  0	  0	  0	  0	  0	  0	  0	  0	  0	  5	23107	  0
28/02/2018	20:17:13	<-	L	00000000	 24	 89	 68	 38	  0	209	  0	  4	  4	  4	  4	  4	  4	  4	  4	  0	  0	  0	  0	  0	  0	  0	  0	  0	  0	  0	  0	  0	  0	  0	  0	  0	  0	  0	  0	  0	  0	  0	  0	 89	 68	 38	 88	  0	 41	  0	  0	  0	  0	  0	  0	  0	  0	  0	  0	  0	  5	23107	  0
28/02/2018	20:22:13	<-	L	00000000	 24	 93	 69	 36	  0	214	  0	  4	  4	  4	  4	  4	  4	  4	  4	  0	  0	  0	  0	  0	  0	  0	  0	  0	  0	  0	  0	  0	  0	  0	  0	  0	  0	  0	  0	  0	  0	  0	  0	 93	 69	 36	 89	  0	 42	  0	  0	  0	  0	  0	  0	  0	  0	  0	  0	  0	  5	23107	  0
28/02/2018	20:27:13	<-	L	00000000	 24	 90	 68	 39	  0	219	  0	  4	  4	  4	  4	  4	  4	  4	  4	  0	  0	  0	  0	  0	  0	  0	  0	  0	  0	  0	  0	  0	  0	  0	  0	  0	  0	  0	  0	  0	  0	  0	  0	 90	 68	 39	 88	  0	 41	  0	  0	  0	  0	  0	  0	  0	  0	  0	  0	  0	  5	23107	  0
28/02/2018	20:32:13	<-	L	00000000	 24	 93	 69	 34	  0	224	  0	  4	  4	  4	  4	  4	  4	  4	  4	  0	  0	  0	  0	  0	  0	  0	  0	  0	  0	  0	  0	  0	  0	  0	  0	  0	  0	  0	  0	  0	  0	  0	  0	 93	 69	 36	 89	  0	 42	  0	  0	  0	  0	  0	  0	  0	  0	  0	  0	  0	  5	23107	  0
28/02/2018	20:37:13	<-	L	00000000	 24	 90	 68	 39	  0	229	  0	  4	  4	  4	  4	  4	  4	  4	  4	  0	  0	  0	  0	  0	  0	  0	  0	  0	  0	  0	  0	  0	  0	  0	  0	  0	  0	  0	  0	  0	  0	  0	  0	 90	 68	 39	 88	  0	 41	  0	  0	  0	  0	  0	  0	  0	  0	  0	  0	  0	  5	23107	  0
28/02/2018	20:42:13	<-	L	00000000	 24	 92	 68	 35	  0	234	  0	  4	  4	  4	  4	  4	  4	  4	  4	  0	  0	  0	  0	  0	  0	  0	  0	  0	  0	  0	  0	  0	  0	  0	  0	  0	  0	  0	  0	  0	  0	  0	  0	 92	 68	 36	 89	  0	 38	  0	  0	  0	  0	  0	  0	  0	  0	  0	  0	  0	  5	23107	  0
28/02/2018	20:47:13	<-	L	00000000	 24	 92	 68	 36	  0	239	  0	  4	  4	  4	  4	  4	  4	  4	  4	  0	  0	  0	  0	  0	  0	  0	  0	  0	  0	  0	  0	  0	  0	  0	  0	  0	  0	  0	  0	  0	  0	  0	  0	 92	 68	 36	 89	  0	 38	  0	  0	  0	  0	  0	  0	  0	  0	  0	  0	  0	  5	23107	  0
28/02/2018	20:52:13	<-	L	00000000	 24	 90	 68	 39	  0	244	  0	  4	  4	  4	  4	  4	  4	  4	  4	  0	  0	  0	  0	  0	  0	  0	  0	  0	  0	  0	  0	  0	  0	  0	  0	  0	  0	  0	  0	  0	  0	  0	  0	 90	 68	 39	 88	  0	 41	  0	  0	  0	  0	  0	  0	  0	  0	  0	  0	  0	  5	23107	  0
28/02/2018	20:57:13	<-	L	00000000	 24	 92	 68	 35	  0	249	  0	  4	  4	  4	  4	  4	  4	  4	  4	  0	  0	  0	  0	  0	  0	  0	  0	  0	  0	  0	  0	  0	  0	  0	  0	  0	  0	  0	  0	  0	  0	  0	  0	 92	 68	 35	 89	  0	 41	  0	  0	  0	  0	  0	  0	  0	  0	  0	  0	  0	  5	23107	  0
28/02/2018	21:02:13	<-	L	00000000	 24	 92	 68	 34	  0	254	  0	  4	  4	  4	  4	  4	  4	  4	  4	  0	  0	  0	  0	  0	  0	  0	  0	  0	  0	  0	  0	  0	  0	  0	  0	  0	  0	  0	  0	  0	  0	  0	  0	 92	 68	 36	 89	  0	 38	  0	  0	  0	  0	  0	  0	  0	  0	  0	  0	  0	  5	23107	  0
28/02/2018	21:07:13	<-	L	00000000	 24	 89	 68	 39	  0	259	  0	  4	  4	  4	  4	  4	  4	  4	  4	  0	  0	  0	  0	  0	  0	  0	  0	  0	  0	  0	  0	  0	  0	  0	  0	  0	  0	  0	  0	  0	  0	  0	  0	 89	 68	 38	 88	  0	 41	  0	  0	  0	  0	  0	  0	  0	  0	  0	  0	  0	  5	23107	  0
28/02/2018	21:12:13	<-	L	00000000	 24	 93	 69	 36	  0	264	  0	  4	  4	  4	  4	  4	  4	  4	  4	  0	  0	  0	  0	  0	  0	  0	  0	  0	  0	  0	  0	  0	  0	  0	  0	  0	  0	  0	  0	  0	  0	  0	  0	 93	 69	 36	 89	  0	 42	  0	  0	  0	  0	  0	  0	  0	  0	  0	  0	  0	  5	23107	  0
28/02/2018	21:17:13	<-	L	00000000	 24	 92	 68	 34	  0	269	  0	  4	  4	  4	  4	  4	  4	  4	  4	  0	  0	  0	  0	  0	  0	  0	  0	  0	  0	  0	  0	  0	  0	  0	  0	  0	  0	  0	  0	  0	  0	  0	  0	 92	 68	 36	 89	  0	 38	  0	  0	  0	  0	  0	  0	  0	  0	  0	  0	  0	  5	23107	  0
28/02/2018	21:22:13	<-	L	00000000	 24	 89	 68	 39	  0	274	  0	  4	  4	  4	  4	  4	  4	  4	  4	  0	  0	  0	  0	  0	  0	  0	  0	  0	  0	  0	  0	  0	  0	  0	  0	  0	  0	  0	  0	  0	  0	  0	  0	 89	 68	 38	 88	  0	 41	  0	  0	  0	  0	  0	  0	  0	  0	  0	  0	  0	  5	23107	  0
28/02/2018	21:27:13	<-	L	00000000	 24	 93	 69	 36	  0	279	  0	  4	  4	  4	  4	  4	  4	  4	  4	  0	  0	  0	  0	  0	  0	  0	  0	  0	  0	  0	  0	  0	  0	  0	  0	  0	  0	  0	  0	  0	  0	  0	  0	 93	 69	 36	 89	  0	 42	  0	  0	  0	  0	  0	  0	  0	  0	  0	  0	  0	  5	23107	  0
28/02/2018	21:32:14	<-	L	00000000	 24	 92	 68	 34	  0	284	  0	  4	  4	  4	  4	  4	  4	  4	  4	  0	  0	  0	  0	  0	  0	  0	  0	  0	  0	  0	  0	  0	  0	  0	  0	  0	  0	  0	  0	  0	  0	  0	  0	 92	 68	 36	 89	  0	 38	  0	  0	  0	  0	  0	  0	  0	  0	  0	  0	  0	  5	23107	  0
28/02/2018	21:37:14	<-	L	00000000	 24	 89	 68	 39	  0	289	  0	  4	  4	  4	  4	  4	  4	  4	  4	  0	  0	  0	  0	  0	  0	  0	  0	  0	  0	  0	  0	  0	  0	  0	  0	  0	  0	  0	  0	  0	  0	  0	  0	 89	 68	 38	 88	  0	 41	  0	  0	  0	  0	  0	  0	  0	  0	  0	  0	  0	  5	23107	  0
28/02/2018	21:42:14	<-	L	00000000	 24	 93	 68	 36	  0	294	  0	  4	  4	  4	  4	  4	  4	  4	  4	  0	  0	  0	  0	  0	  0	  0	  0	  0	  0	  0	  0	  0	  0	  0	  0	  0	  0	  0	  0	  0	  0	  0	  0	 93	 68	 34	 89	  0	 38	  0	  0	  0	  0	  0	  0	  0	  0	  0	  0	  0	  5	23107	  0
28/02/2018	21:47:14	<-	L	00000000	 24	 93	 68	 34	  0	299	  0	  4	  4	  4	  4	  4	  4	  4	  4	  0	  0	  0	  0	  0	  0	  0	  0	  0	  0	  0	  0	  0	  0	  0	  0	  0	  0	  0	  0	  0	  0	  0	  0	 93	 68	 34	 90	  0	 39	  0	  0	  0	  0	  0	  0	  0	  0	  0	  0	  0	  5	23107	  0
28/02/2018	21:52:14	<-	L	00000000	 25	 90	 66	 34	  0	  3	  0	  4	  4	  4	  4	  4	  4	  4	  4	  0	  0	  0	  0	  0	  0	  0	  0	  0	  0	  0	  0	  0	  0	  0	  0	  0	  0	  0	  0	  0	  0	  0	  0	 90	 66	 35	 88	  0	 37	  0	  0	  0	  0	  0	  0	  0	  0	  0	  0	  0	  5	23104	  0
28/02/2018	21:57:14	<-	L	00000000	 25	 92	 66	 30	  0	  8	  0	  4	  4	  4	  4	  4	  4	  4	  4	  0	  0	  0	  0	  0	  0	  0	  0	  0	  0	  0	  0	  0	  0	  0	  0	  0	  0	  0	  0	  0	  0	  0	  0	 92	 66	 32	 89	  0	 34	  0	  0	  0	  0	  0	  0	  0	  0	  0	  0	  0	  5	23104	  0
28/02/2018	22:02:14	->	L	00000000	 25	 87	 65	 37	  0	 13	  0	  4	  4	  4	  4	  4	  4	  4	  4	  0	  0	  0	  0	  0	  0	  0	  0	  0	  0	  0	  0	  0	  0	  0	  0	  0	  0	  0	  0	  0	  0	  0	  0	 86	 65	 37	 87	  0	 37	  0	  0	  0	  0	  0	  0	  0	  0	  0	  0	  0	  5	23104	  0
28/02/2018	22:07:14	->	L	00000000	 25	 93	 66	 32	  0	 18	  0	  4	  4	  4	  4	  4	  4	  4	  4	  0	  0	  0	  0	  0	  0	  0	  0	  0	  0	  0	  0	  0	  0	  0	  0	  0	  0	  0	  0	  0	  0	  0	  0	 89	 66	 34	 93	  0	 30	  0	  0	  0	  0	  0	  0	  0	  0	  0	  0	  0	  5	23104	  0
28/02/2018	22:12:14	->	L	00000000	 25	 91	 66	 32	  0	 23	  0	  4	  4	  4	  4	  4	  4	  4	  4	  0	  0	  0	  0	  0	  0	  0	  0	  0	  0	  0	  0	  0	  0	  0	  0	  0	  0	  0	  0	  0	  0	  0	  0	 88	 66	 37	 91	  0	 33	  0	  0	  0	  0	  0	  0	  0	  0	  0	  0	  0	  5	23104	  0
28/02/2018	22:17:14	->	L	00000000	 25	 89	 65	 34	  0	 28	  0	  4	  4	  4	  4	  4	  4	  4	  4	  0	  0	  0	  0	  0	  0	  0	  0	  0	  0	  0	  0	  0	  0	  0	  0	  0	  0	  0	  0	  0	  0	  0	  0	 87	 65	 37	 89	  0	 34	  0	  0	  0	  0	  0	  0	  0	  0	  0	  0	  0	  5	23104	  0
28/02/2018	22:22:14	->	L	00000000	 25	 93	 66	 30	  0	 33	  0	  4	  4	  4	  4	  4	  4	  4	  4	  0	  0	  0	  0	  0	  0	  0	  0	  0	  0	  0	  0	  0	  0	  0	  0	  0	  0	  0	  0	  0	  0	  0	  0	 89	 66	 34	 93	  0	 30	  0	  0	  0	  0	  0	  0	  0	  0	  0	  0	  0	  5	23104	  0
28/02/2018	22:27:14	->	L	00000000	 25	 90	 65	 32	  0	 38	  0	  4	  4	  4	  4	  4	  4	  4	  4	  0	  0	  0	  0	  0	  0	  0	  0	  0	  0	  0	  0	  0	  0	  0	  0	  0	  0	  0	  0	  0	  0	  0	  0	 87	 65	 37	 90	  0	 32	  0	  0	  0	  0	  0	  0	  0	  0	  0	  0	  0	  5	23104	  0
28/02/2018	22:32:14	->	L	00000000	 25	 92	 65	 32	  0	 43	  0	  4	  4	  4	  4	  4	  4	  4	  4	  0	  0	  0	  0	  0	  0	  0	  0	  0	  0	  0	  0	  0	  0	  0	  0	  0	  0	  0	  0	  0	  0	  0	  0	 88	 65	 34	 92	  0	 30	  0	  0	  0	  0	  0	  0	  0	  0	  0	  0	  0	  5	23104	  0
28/02/2018	22:37:15	->	L	00000000	 25	 92	 66	 30	  0	 48	  0	  4	  4	  4	  4	  4	  4	  4	  4	  0	  0	  0	  0	  0	  0	  0	  0	  0	  0	  0	  0	  0	  0	  0	  0	  0	  0	  0	  0	  0	  0	  0	  0	 89	 66	 34	 92	  0	 32	  0	  0	  0	  0	  0	  0	  0	  0	  0	  0	  0	  5	23104	  0
28/02/2018	22:42:15	->	L	00000000	 25	 89	 65	 32	  0	 53	  0	  4	  4	  4	  4	  4	  4	  4	  4	  0	  0	  0	  0	  0	  0	  0	  0	  0	  0	  0	  0	  0	  0	  0	  0	  0	  0	  0	  0	  0	  0	  0	  0	 87	 65	 37	 89	  0	 34	  0	  0	  0	  0	  0	  0	  0	  0	  0	  0	  0	  5	23104	  0
28/02/2018	22:47:15	->	L	00000000	 25	 93	 66	 30	  0	 58	  0	  4	  4	  4	  4	  4	  4	  4	  4	  0	  0	  0	  0	  0	  0	  0	  0	  0	  0	  0	  0	  0	  0	  0	  0	  0	  0	  0	  0	  0	  0	  0	  0	 89	 66	 34	 93	  0	 30	  0	  0	  0	  0	  0	  0	  0	  0	  0	  0	  0	  5	23104	  0
28/02/2018	22:52:15	->	L	00000000	 25	 93	 66	 30	  0	 63	  0	  4	  4	  4	  4	  4	  4	  4	  4	  0	  0	  0	  0	  0	  0	  0	  0	  0	  0	  0	  0	  0	  0	  0	  0	  0	  0	  0	  0	  0	  0	  0	  0	 89	 66	 34	 93	  0	 30	  0	  0	  0	  0	  0	  0	  0	  0	  0	  0	  0	  5	23104	  0
28/02/2018	22:57:15	->	L	00000000	 25	 90	 65	 32	  0	 68	  0	  4	  4	  4	  4	  4	  4	  4	  4	  0	  0	  0	  0	  0	  0	  0	  0	  0	  0	  0	  0	  0	  0	  0	  0	  0	  0	  0	  0	  0	  0	  0	  0	 88	 65	 34	 90	  0	 32	  0	  0	  0	  0	  0	  0	  0	  0	  0	  0	  0	  5	23104	  0
28/02/2018	23:02:15	->	L	00000000	 25	 89	 65	 34	  0	 73	  0	  4	  4	  4	  4	  4	  4	  4	  4	  0	  0	  0	  0	  0	  0	  0	  0	  0	  0	  0	  0	  0	  0	  0	  0	  0	  0	  0	  0	  0	  0	  0	  0	 87	 65	 37	 89	  0	 34	  0	  0	  0	  0	  0	  0	  0	  0	  0	  0	  0	  5	23104	  0
28/02/2018	23:07:15	->	L	00000000	 25	 94	 66	 30	  0	 78	  0	  4	  4	  4	  4	  4	  4	  4	  4	  0	  0	  0	  0	  0	  0	  0	  0	  0	  0	  0	  0	  0	  0	  0	  0	  0	  0	  0	  0	  0	  0	  0	  0	 89	 66	 34	 94	  0	 30	  0	  0	  0	  0	  0	  0	  0	  0	  0	  0	  0	  5	23104	  0
28/02/2018	23:12:15	->	L	00000000	 25	 92	 66	 32	  0	 83	  0	  4	  4	  4	  4	  4	  4	  4	  4	  0	  0	  0	  0	  0	  0	  0	  0	  0	  0	  0	  0	  0	  0	  0	  0	  0	  0	  0	  0	  0	  0	  0	  0	 89	 66	 34	 92	  0	 32	  0	  0	  0	  0	  0	  0	  0	  0	  0	  0	  0	  5	23104	  0
28/02/2018	23:17:15	->	L	00000000	 25	 90	 65	 32	  0	 88	  0	  4	  4	  4	  4	  4	  4	  4	  4	  0	  0	  0	  0	  0	  0	  0	  0	  0	  0	  0	  0	  0	  0	  0	  0	  0	  0	  0	  0	  0	  0	  0	  0	 88	 65	 34	 90	  0	 32	  0	  0	  0	  0	  0	  0	  0	  0	  0	  0	  0	  5	23104	  0
28/02/2018	23:22:15	->	L	00000000	 25	 90	 65	 34	  0	 93	  0	  4	  4	  4	  4	  4	  4	  4	  4	  0	  0	  0	  0	  0	  0	  0	  0	  0	  0	  0	  0	  0	  0	  0	  0	  0	  0	  0	  0	  0	  0	  0	  0	 87	 65	 37	 90	  0	 32	  0	  0	  0	  0	  0	  0	  0	  0	  0	  0	  0	  5	23104	  0
28/02/2018	23:27:15	->	L	00000000	 25	 94	 66	 30	  0	 98	  0	  4	  4	  4	  4	  4	  4	  4	  4	  0	  0	  0	  0	  0	  0	  0	  0	  0	  0	  0	  0	  0	  0	  0	  0	  0	  0	  0	  0	  0	  0	  0	  0	 89	 66	 34	 94	  0	 30	  0	  0	  0	  0	  0	  0	  0	  0	  0	  0	  0	  5	23104	  0
28/02/2018	23:32:15	->	L	00000000	 25	 92	 66	 30	  0	103	  0	  4	  4	  4	  4	  4	  4	  4	  4	  0	  0	  0	  0	  0	  0	  0	  0	  0	  0	  0	  0	  0	  0	  0	  0	  0	  0	  0	  0	  0	  0	  0	  0	 89	 66	 34	 92	  0	 32	  0	  0	  0	  0	  0	  0	  0	  0	  0	  0	  0	  5	23104	  0
28/02/2018	23:37:15	->	L	00000000	 25	 90	 65	 32	  0	108	  0	  4	  4	  4	  4	  4	  4	  4	  4	  0	  0	  0	  0	  0	  0	  0	  0	  0	  0	  0	  0	  0	  0	  0	  0	  0	  0	  0	  0	  0	  0	  0	  0	 88	 65	 34	 90	  0	 32	  0	  0	  0	  0	  0	  0	  0	  0	  0	  0	  0	  5	23104	  0
28/02/2018	23:42:16	->	L	00000000	 25	 89	 65	 34	  0	113	  0	  4	  4	  4	  4	  4	  4	  4	  4	  0	  0	  0	  0	  0	  0	  0	  0	  0	  0	  0	  0	  0	  0	  0	  0	  0	  0	  0	  0	  0	  0	  0	  0	 87	 65	 37	 89	  0	 34	  0	  0	  0	  0	  0	  0	  0	  0	  0	  0	  0	  5	23104	  0
28/02/2018	23:47:16	->	L	00000000	 25	 92	 65	 32	  0	118	  0	  4	  4	  4	  4	  4	  4	  4	  4	  0	  0	  0	  0	  0	  0	  0	  0	  0	  0	  0	  0	  0	  0	  0	  0	  0	  0	  0	  0	  0	  0	  0	  0	 88	 65	 34	 92	  0	 30	  0	  0	  0	  0	  0	  0	  0	  0	  0	  0	  0	  5	23104	  0
28/02/2018	23:52:15	->	L	00000000	 25	 94	 66	 30	  0	123	  0	  4	  4	  4	  4	  4	  4	  4	  4	  0	  0	  0	  0	  0	  0	  0	  0	  0	  0	  0	  0	  0	  0	  0	  0	  0	  0	  0	  0	  0	  0	  0	  0	 89	 66	 34	 94	  0	 30	  0	  0	  0	  0	  0	  0	  0	  0	  0	  0	  0	  5	23104	  0
28/02/2018	23:57:15	->	L	00000000	 25	 93	 66	 30	  0	128	  0	  4	  4	  4	  4	  4	  4	  4	  4	  0	  0	  0	  0	  0	  0	  0	  0	  0	  0	  0	  0	  0	  0	  0	  0	  0	  0	  0	  0	  0	  0	  0	  0	 89	 66	 34	 93	  0	 30	  0	  0	  0	  0	  0	  0	  0	  0	  0	  0	  0	  5	23104	  0
01/03/2018	00:02:16	->	L	00000000	 25	 92	 65	 30	  0	133	  0	  4	  4	  4	  4	  4	  4	  4	  4	  0	  0	  0	  0	  0	  0	  0	  0	  0	  0	  0	  0	  0	  0	  0	  0	  0	  0	  0	  0	  0	  0	  0	  0	 89	 65	 34	 92	  0	 30	  0	  0	  0	  0	  0	  0	  0	  0	  0	  0	  0	  5	23104	  0
01/03/2018	00:07:16	->	L	00000000	 25	 89	 65	 32	  0	138	  0	  4	  4	  4	  4	  4	  4	  4	  4	  0	  0	  0	  0	  0	  0	  0	  0	  0	  0	  0	  0	  0	  0	  0	  0	  0	  0	  0	  0	  0	  0	  0	  0	 88	 65	 34	 89	  0	 34	  0	  0	  0	  0	  0	  0	  0	  0	  0	  0	  0	  5	23104	  0
01/03/2018	00:12:16	->	L	00000000	 25	 90	 65	 34	  0	143	  0	  4	  4	  4	  4	  4	  4	  4	  4	  0	  0	  0	  0	  0	  0	  0	  0	  0	  0	  0	  0	  0	  0	  0	  0	  0	  0	  0	  0	  0	  0	  0	  0	 88	 65	 34	 90	  0	 32	  0	  0	  0	  0	  0	  0	  0	  0	  0	  0	  0	  5	23104	  0
01/03/2018	00:17:16	->	L	00000000	 25	 93	 65	 30	  0	148	  0	  4	  4	  4	  4	  4	  4	  4	  4	  0	  0	  0	  0	  0	  0	  0	  0	  0	  0	  0	  0	  0	  0	  0	  0	  0	  0	  0	  0	  0	  0	  0	  0	 89	 65	 34	 93	  0	 29	  0	  0	  0	  0	  0	  0	  0	  0	  0	  0	  0	  5	23104	  0
01/03/2018	00:22:16	->	L	00000000	 25	 93	 66	 30	  0	153	  0	  4	  4	  4	  4	  4	  4	  4	  4	  0	  0	  0	  0	  0	  0	  0	  0	  0	  0	  0	  0	  0	  0	  0	  0	  0	  0	  0	  0	  0	  0	  0	  0	 89	 66	 34	 93	  0	 30	  0	  0	  0	  0	  0	  0	  0	  0	  0	  0	  0	  5	23104	  0
01/03/2018	00:27:16	->	L	00000000	 25	 91	 65	 30	  0	158	  0	  4	  4	  4	  4	  4	  4	  4	  4	  0	  0	  0	  0	  0	  0	  0	  0	  0	  0	  0	  0	  0	  0	  0	  0	  0	  0	  0	  0	  0	  0	  0	  0	 89	 65	 34	 91	  0	 32	  0	  0	  0	  0	  0	  0	  0	  0	  0	  0	  0	  5	23104	  0
01/03/2018	00:32:16	->	L	00000000	 25	 90	 65	 32	  0	163	  0	  4	  4	  4	  4	  4	  4	  4	  4	  0	  0	  0	  0	  0	  0	  0	  0	  0	  0	  0	  0	  0	  0	  0	  0	  0	  0	  0	  0	  0	  0	  0	  0	 88	 65	 34	 90	  0	 32	  0	  0	  0	  0	  0	  0	  0	  0	  0	  0	  0	  5	23104	  0
01/03/2018	00:37:16	->	L	00000000	 25	 89	 65	 34	  0	168	  0	  4	  4	  4	  4	  4	  4	  4	  4	  0	  0	  0	  0	  0	  0	  0	  0	  0	  0	  0	  0	  0	  0	  0	  0	  0	  0	  0	  0	  0	  0	  0	  0	 87	 65	 37	 89	  0	 34	  0	  0	  0	  0	  0	  0	  0	  0	  0	  0	  0	  5	23104	  0
01/03/2018	00:42:17	->	L	00000000	 25	 93	 65	 30	  0	173	  0	  4	  4	  4	  4	  4	  4	  4	  4	  0	  0	  0	  0	  0	  0	  0	  0	  0	  0	  0	  0	  0	  0	  0	  0	  0	  0	  0	  0	  0	  0	  0	  0	 89	 65	 34	 93	  0	 29	  0	  0	  0	  0	  0	  0	  0	  0	  0	  0	  0	  5	23104	  0
01/03/2018	00:47:16	->	L	00000000	 25	 94	 66	 30	  0	178	  0	  4	  4	  4	  4	  4	  4	  4	  4	  0	  0	  0	  0	  0	  0	  0	  0	  0	  0	  0	  0	  0	  0	  0	  0	  0	  0	  0	  0	  0	  0	  0	  0	 90	 66	 35	 94	  0	 30	  0	  0	  0	  0	  0	  0	  0	  0	  0	  0	  0	  5	23104	  0
01/03/2018	00:52:16	->	L	00000000	 25	 92	 65	 32	  0	183	  0	  4	  4	  4	  4	  4	  4	  4	  4	  0	  0	  0	  0	  0	  0	  0	  0	  0	  0	  0	  0	  0	  0	  0	  0	  0	  0	  0	  0	  0	  0	  0	  0	 89	 65	 34	 92	  0	 30	  0	  0	  0	  0	  0	  0	  0	  0	  0	  0	  0	  5	23104	  0
01/03/2018	00:57:16	->	L	00000000	 25	 91	 65	 32	  0	188	  0	  4	  4	  4	  4	  4	  4	  4	  4	  0	  0	  0	  0	  0	  0	  0	  0	  0	  0	  0	  0	  0	  0	  0	  0	  0	  0	  0	  0	  0	  0	  0	  0	 88	 65	 34	 91	  0	 32	  0	  0	  0	  0	  0	  0	  0	  0	  0	  0	  0	  5	23104	  0
01/03/2018	01:02:16	->	L	00000000	 25	 89	 65	 32	  0	193	  0	  4	  4	  4	  4	  4	  4	  4	  4	  0	  0	  0	  0	  0	  0	  0	  0	  0	  0	  0	  0	  0	  0	  0	  0	  0	  0	  0	  0	  0	  0	  0	  0	 88	 65	 34	 89	  0	 34	  0	  0	  0	  0	  0	  0	  0	  0	  0	  0	  0	  5	23104	  0
01/03/2018	01:07:16	->	L	00000000	 25	 90	 65	 34	  0	198	  0	  4	  4	  4	  4	  4	  4	  4	  4	  0	  0	  0	  0	  0	  0	  0	  0	  0	  0	  0	  0	  0	  0	  0	  0	  0	  0	  0	  0	  0	  0	  0	  0	 88	 65	 34	 90	  0	 32	  0	  0	  0	  0	  0	  0	  0	  0	  0	  0	  0	  5	23104	  0
01/03/2018	01:12:17	->	L	00000000	 25	 94	 66	 28	  0	203	  0	  4	  4	  4	  4	  4	  4	  4	  4	  0	  0	  0	  0	  0	  0	  0	  0	  0	  0	  0	  0	  0	  0	  0	  0	  0	  0	  0	  0	  0	  0	  0	  0	 90	 66	 35	 94	  0	 30	  0	  0	  0	  0	  0	  0	  0	  0	  0	  0	  0	  5	23104	  0
01/03/2018	01:17:17	->	L	00000000	 25	 94	 65	 28	  0	208	  0	  4	  4	  4	  4	  4	  4	  4	  4	  0	  0	  0	  0	  0	  0	  0	  0	  0	  0	  0	  0	  0	  0	  0	  0	  0	  0	  0	  0	  0	  0	  0	  0	 90	 65	 32	 94	  0	 28	  0	  0	  0	  0	  0	  0	  0	  0	  0	  0	  0	  5	23104	  0
01/03/2018	01:22:17	->	L	00000000	 25	 92	 65	 30	  0	213	  0	  4	  4	  4	  4	  4	  4	  4	  4	  0	  0	  0	  0	  0	  0	  0	  0	  0	  0	  0	  0	  0	  0	  0	  0	  0	  0	  0	  0	  0	  0	  0	  0	 89	 65	 34	 92	  0	 30	  0	  0	  0	  0	  0	  0	  0	  0	  0	  0	  0	  5	23104	  0
01/03/2018	01:27:17	->	L	00000000	 25	 91	 65	 30	  0	218	  0	  4	  4	  4	  4	  4	  4	  4	  4	  0	  0	  0	  0	  0	  0	  0	  0	  0	  0	  0	  0	  0	  0	  0	  0	  0	  0	  0	  0	  0	  0	  0	  0	 89	 65	 34	 91	  0	 32	  0	  0	  0	  0	  0	  0	  0	  0	  0	  0	  0	  5	23104	  0
01/03/2018	01:32:17	->	L	00000000	 25	 91	 65	 32	  0	223	  0	  4	  4	  4	  4	  4	  4	  4	  4	  0	  0	  0	  0	  0	  0	  0	  0	  0	  0	  0	  0	  0	  0	  0	  0	  0	  0	  0	  0	  0	  0	  0	  0	 89	 65	 34	 91	  0	 32	  0	  0	  0	  0	  0	  0	  0	  0	  0	  0	  0	  5	23104	  0
01/03/2018	01:37:17	->	L	00000000	 25	 89	 65	 32	  0	228	  0	  4	  4	  4	  4	  4	  4	  4	  4	  0	  0	  0	  0	  0	  0	  0	  0	  0	  0	  0	  0	  0	  0	  0	  0	  0	  0	  0	  0	  0	  0	  0	  0	 88	 65	 34	 89	  0	 34	  0	  0	  0	  0	  0	  0	  0	  0	  0	  0	  0	  5	23104	  0
01/03/2018	01:42:17	->	L	00000000	 25	 89	 65	 34	  0	233	  0	  4	  4	  4	  4	  4	  4	  4	  4	  0	  0	  0	  0	  0	  0	  0	  0	  0	  0	  0	  0	  0	  0	  0	  0	  0	  0	  0	  0	  0	  0	  0	  0	 88	 65	 34	 89	  0	 34	  0	  0	  0	  0	  0	  0	  0	  0	  0	  0	  0	  5	23104	  0
01/03/2018	01:47:18	->	L	00000000	 25	 89	 65	 34	  0	238	  0	  4	  4	  4	  4	  4	  4	  4	  4	  0	  0	  0	  0	  0	  0	  0	  0	  0	  0	  0	  0	  0	  0	  0	  0	  0	  0	  0	  0	  0	  0	  0	  0	 88	 65	 34	 90	  0	 34	  0	  0	  0	  0	  0	  0	  0	  0	  0	  0	  0	  5	23104	  0
01/03/2018	01:52:17	->	L	00000000	 25	 91	 65	 32	  0	243	  0	  4	  4	  4	  4	  4	  4	  4	  4	  0	  0	  0	  0	  0	  0	  0	  0	  0	  0	  0	  0	  0	  0	  0	  0	  0	  0	  0	  0	  0	  0	  0	  0	 88	 65	 34	 91	  0	 32	  0	  0	  0	  0	  0	  0	  0	  0	  0	  0	  0	  5	23104	  0
01/03/2018	01:57:17	->	L	00000000	 25	 93	 65	 29	  0	248	  0	  4	  4	  4	  4	  4	  4	  4	  4	  0	  0	  0	  0	  0	  0	  0	  0	  0	  0	  0	  0	  0	  0	  0	  0	  0	  0	  0	  0	  0	  0	  0	  0	 89	 65	 34	 93	  0	 29	  0	  0	  0	  0	  0	  0	  0	  0	  0	  0	  0	  5	23104	  0
01/03/2018	02:02:17	  	L	00000000	 25	 92	 65	 30	  0	253	  0	  4	  4	  4	  4	  4	  4	  4	  4	  0	  0	  0	  0	  0	  0	  0	  0	  0	  0	  0	  0	  0	  0	  0	  0	  0	  0	  0	  0	  0	  0	  0	  0	 89	 65	 34	 92	  0	 30	  0	  0	  0	  0	  0	  0	  0	  0	  0	  0	  0	  5	23104	  0
01/03/2018	02:07:17	<-	L	00000000	 25	 89	 65	 32	  0	258	  0	  4	  4	  4	  4	  4	  4	  4	  4	  0	  0	  0	  0	  0	  0	  0	  0	  0	  0	  0	  0	  0	  0	  0	  0	  0	  0	  0	  0	  0	  0	  0	  0	 89	 65	 34	 89	  0	 34	  0	  0	  0	  0	  0	  0	  0	  0	  0	  0	  0	  5	23104	  0
01/03/2018	02:12:17	<-	L	00000000	 25	 93	 65	 29	  0	263	  0	  4	  4	  4	  4	  4	  4	  4	  4	  0	  0	  0	  0	  0	  0	  0	  0	  0	  0	  0	  0	  0	  0	  0	  0	  0	  0	  0	  0	  0	  0	  0	  0	 93	 65	 29	 90	  0	 32	  0	  0	  0	  0	  0	  0	  0	  0	  0	  0	  0	  5	23104	  0
01/03/2018	02:17:17	<-	L	00000000	 25	 93	 65	 29	  0	268	  0	  4	  4	  4	  4	  4	  4	  4	  4	  0	  0	  0	  0	  0	  0	  0	  0	  0	  0	  0	  0	  0	  0	  0	  0	  0	  0	  0	  0	  0	  0	  0	  0	 93	 65	 29	 90	  0	 32	  0	  0	  0	  0	  0	  0	  0	  0	  0	  0	  0	  5	23104	  0
01/03/2018	02:22:17	<-	L	00000000	 25	 92	 65	 30	  0	273	  0	  4	  4	  4	  4	  4	  4	  4	  4	  0	  0	  0	  0	  0	  0	  0	  0	  0	  0	  0	  0	  0	  0	  0	  0	  0	  0	  0	  0	  0	  0	  0	  0	 92	 65	 30	 90	  0	 32	  0	  0	  0	  0	  0	  0	  0	  0	  0	  0	  0	  5	23104	  0
01/03/2018	02:27:18	<-	L	00000000	 25	 90	 65	 32	  0	278	  0	  4	  4	  4	  4	  4	  4	  4	  4	  0	  0	  0	  0	  0	  0	  0	  0	  0	  0	  0	  0	  0	  0	  0	  0	  0	  0	  0	  0	  0	  0	  0	  0	 90	 65	 32	 90	  0	 32	  0	  0	  0	  0	  0	  0	  0	  0	  0	  0	  0	  5	23104	  0
01/03/2018	02:32:18	<-	L	00000000	 25	 89	 65	 32	  0	283	  0	  4	  4	  4	  4	  4	  4	  4	  4	  0	  0	  0	  0	  0	  0	  0	  0	  0	  0	  0	  0	  0	  0	  0	  0	  0	  0	  0	  0	  0	  0	  0	  0	 89	 65	 34	 89	  0	 34	  0	  0	  0	  0	  0	  0	  0	  0	  0	  0	  0	  5	23104	  0
01/03/2018	02:37:18	<-	L	00000000	 25	 89	 65	 34	  0	288	  0	  4	  4	  4	  4	  4	  4	  4	  4	  0	  0	  0	  0	  0	  0	  0	  0	  0	  0	  0	  0	  0	  0	  0	  0	  0	  0	  0	  0	  0	  0	  0	  0	 89	 65	 34	 89	  0	 34	  0	  0	  0	  0	  0	  0	  0	  0	  0	  0	  0	  5	23104	  0
01/03/2018	02:42:18	<-	L	00000000	 25	 91	 65	 32	  0	293	  0	  4	  4	  4	  4	  4	  4	  4	  4	  0	  0	  0	  0	  0	  0	  0	  0	  0	  0	  0	  0	  0	  0	  0	  0	  0	  0	  0	  0	  0	  0	  0	  0	 91	 65	 32	 89	  0	 34	  0	  0	  0	  0	  0	  0	  0	  0	  0	  0	  0	  5	23104	  0
01/03/2018	02:47:18	<-	L	00000000	 25	 94	 65	 29	  0	298	  0	  4	  4	  4	  4	  4	  4	  4	  4	  0	  0	  0	  0	  0	  0	  0	  0	  0	  0	  0	  0	  0	  0	  0	  0	  0	  0	  0	  0	  0	  0	  0	  0	 94	 65	 28	 90	  0	 32	  0	  0	  0	  0	  0	  0	  0	  0	  0	  0	  0	  5	23104	  0
01/03/2018	02:52:19	<-	L	00000000	 26	 94	 63	 28	  0	  2	  0	  4	  4	  4	  4	  4	  4	  4	  4	  0	  0	  0	  0	  0	  0	  0	  0	  0	  0	  0	  0	  0	  0	  0	  0	  0	  0	  0	  0	  0	  0	  0	  0	 94	 63	 26	 90	  0	 29	  0	  0	  0	  0	  0	  0	  0	  0	  0	  0	  0	  5	23101	  0
01/03/2018	02:57:18	<-	L	00000000	 26	 93	 63	 26	  0	  7	  0	  4	  4	  4	  4	  4	  4	  4	  4	  0	  0	  0	  0	  0	  0	  0	  0	  0	  0	  0	  0	  0	  0	  0	  0	  0	  0	  0	  0	  0	  0	  0	  0	 93	 63	 27	 90	  0	 29	  0	  0	  0	  0	  0	  0	  0	  0	  0	  0	  0	  5	23101	  0
01/03/2018	03:02:18	<-	L	00000000	 26	 91	 63	 28	  0	 12	  0	  4	  4	  4	  4	  4	  4	  4	  4	  0	  0	  0	  0	  0	  0	  0	  0	  0	  0	  0	  0	  0	  0	  0	  0	  0	  0	  0	  0	  0	  0	  0	  0	 91	 63	 28	 89	  0	 31	  0	  0	  0	  0	  0	  0	  0	  0	  0	  0	  0	  5	23101	  0
01/03/2018	03:07:18	<-	L	00000000	 26	 89	 62	 29	  0	 17	  0	  4	  4	  4	  4	  4	  4	  4	  4	  0	  0	  0	  0	  0	  0	  0	  0	  0	  0	  0	  0	  0	  0	  0	  0	  0	  0	  0	  0	  0	  0	  0	  0	 89	 62	 29	 89	  0	 29	  0	  0	  0	  0	  0	  0	  0	  0	  0	  0	  0	  5	23101	  0
01/03/2018	03:12:18	<-	L	00000000	 26	 93	 63	 27	  0	 22	  0	  4	  4	  4	  4	  4	  4	  4	  4	  0	  0	  0	  0	  0	  0	  0	  0	  0	  0	  0	  0	  0	  0	  0	  0	  0	  0	  0	  0	  0	  0	  0	  0	 93	 63	 27	 90	  0	 29	  0	  0	  0	  0	  0	  0	  0	  0	  0	  0	  0	  5	23101	  0
01/03/2018	03:17:18	<-	L	00000000	 26	 92	 63	 27	  0	 27	  0	  4	  4	  4	  4	  4	  4	  4	  4	  0	  0	  0	  0	  0	  0	  0	  0	  0	  0	  0	  0	  0	  0	  0	  0	  0	  0	  0	  0	  0	  0	  0	  0	 92	 63	 27	 90	  0	 29	  0	  0	  0	  0	  0	  0	  0	  0	  0	  0	  0	  5	23101	  0
01/03/2018	03:22:18	<-	L	00000000	 26	 89	 62	 28	  0	 32	  0	  4	  4	  4	  4	  4	  4	  4	  4	  0	  0	  0	  0	  0	  0	  0	  0	  0	  0	  0	  0	  0	  0	  0	  0	  0	  0	  0	  0	  0	  0	  0	  0	 89	 62	 29	 89	  0	 29	  0	  0	  0	  0	  0	  0	  0	  0	  0	  0	  0	  5	23101	  0
01/03/2018	03:27:18	<-	L	00000000	 26	 93	 63	 27	  0	 37	  0	  4	  4	  4	  4	  4	  4	  4	  4	  0	  0	  0	  0	  0	  0	  0	  0	  0	  0	  0	  0	  0	  0	  0	  0	  0	  0	  0	  0	  0	  0	  0	  0	 93	 63	 27	 90	  0	 29	  0	  0	  0	  0	  0	  0	  0	  0	  0	  0	  0	  5	23101	  0
01/03/2018	03:32:18	<-	L	00000000	 26	 92	 63	 27	  0	 42	  0	  4	  4	  4	  4	  4	  4	  4	  4	  0	  0	  0	  0	  0	  0	  0	  0	  0	  0	  0	  0	  0	  0	  0	  0	  0	  0	  0	  0	  0	  0	  0	  0	 92	 63	 27	 90	  0	 29	  0	  0	  0	  0	  0	  0	  0	  0	  0	  0	  0	  5	23101	  0
01/03/2018	03:37:18	<-	L	00000000	 26	 90	 62	 28	  0	 47	  0	  4	  4	  4	  4	  4	  4	  4	  4	  0	  0	  0	  0	  0	  0	  0	  0	  0	  0	  0	  0	  0	  0	  0	  0	  0	  0	  0	  0	  0	  0	  0	  0	 90	 62	 28	 89	  0	 29	  0	  0	  0	  0	  0	  0	  0	  0	  0	  0	  0	  5	23101	  0
01/03/2018	03:42:19	<-	L	00000000	 26	 89	 62	 29	  0	 52	  0	  4	  4	  4	  4	  4	  4	  4	  4	  0	  0	  0	  0	  0	  0	  0	  0	  0	  0	  0	  0	  0	  0	  0	  0	  0	  0	  0	  0	  0	  0	  0	  0	 89	 62	 29	 89	  0	 29	  0	  0	  0	  0	  0	  0	  0	  0	  0	  0	  0	  5	23101	  0
01/03/2018	03:47:19	<-	L	00000000	 26	 93	 63	 27	  0	 57	  0	  4	  4	  4	  4	  4	  4	  4	  4	  0	  0	  0	  0	  0	  0	  0	  0	  0	  0	  0	  0	  0	  0	  0	  0	  0	  0	  0	  0	  0	  0	  0	  0	 93	 63	 27	 90	  0	 29	  0	  0	  0	  0	  0	  0	  0	  0	  0	  0	  0	  5	23101	  0
01/03/2018	03:52:19	<-	L	00000000	 26	 92	 62	 27	  0	 62	  0	  4	  4	  4	  4	  4	  4	  4	  4	  0	  0	  0	  0	  0	  0	  0	  0	  0	  0	  0	  0	  0	  0	  0	  0	  0	  0	  0	  0	  0	  0	  0	  0	 92	 62	 26	 90	  0	 28	  0	  0	  0	  0	  0	  0	  0	  0	  0	  0	  0	  5	23101	  0
01/03/2018	03:57:19	<-	L	00000000	 26	 90	 62	 27	  0	 67	  0	  4	  4	  4	  4	  4	  4	  4	  4	  0	  0	  0	  0	  0	  0	  0	  0	  0	  0	  0	  0	  0	  0	  0	  0	  0	  0	  0	  0	  0	  0	  0	  0	 90	 62	 28	 89	  0	 29	  0	  0	  0	  0	  0	  0	  0	  0	  0	  0	  0	  5	23101	  0
01/03/2018	04:02:19	<-	L	00000000	 26	 91	 59	 25	  0	 72	  0	  4	  4	  4	  4	  4	  4	  4	  4	  0	  0	  0	  0	  0	  0	  0	  0	  0	  0	  0	  0	  0	  0	  0	  0	  0	  0	  0	  0	  0	  0	  0	  0	 91	 59	 24	 89	  0	 25	  0	  0	  0	  0	  0	  0	  0	  0	  0	  0	  0	  5	23096	  0
01/03/2018	04:07:19	<-	L	00000000	 26	 91	 59	 23	  0	 77	  0	  4	  4	  4	  4	  4	  4	  4	  4	  0	  0	  0	  0	  0	  0	  0	  0	  0	  0	  0	  0	  0	  0	  0	  0	  0	  0	  0	  0	  0	  0	  0	  0	 91	 59	 24	 89	  0	 25	  0	  0	  0	  0	  0	  0	  0	  0	  0	  0	  0	  5	23096	  0
01/03/2018	04:12:19	<-	L	00000000	 26	 90	 57	 23	  0	 82	  0	  4	  4	  4	  4	  4	  4	  4	  4	  0	  0	  0	  0	  0	  0	  0	  0	  0	  0	  0	  0	  0	  0	  0	  0	  0	  0	  0	  0	  0	  0	  0	  0	 90	 57	 23	 88	  0	 24	  0	  0	  0	  0	  0	  0	  0	  0	  0	  0	  0	  5	23095	  0
01/03/2018	04:17:19	<-	L	00000000	 26	 92	 58	 22	  0	 87	  0	  4	  4	  4	  4	  4	  4	  4	  4	  0	  0	  0	  0	  0	  0	  0	  0	  0	  0	  0	  0	  0	  0	  0	  0	  0	  0	  0	  0	  0	  0	  0	  0	 92	 58	 22	 89	  0	 24	  0	  0	  0	  0	  0	  0	  0	  0	  0	  0	  0	  5	23095	  0
01/03/2018	04:22:19	<-	L	00000000	 26	 89	 56	 22	  0	 92	  0	  4	  4	  4	  4	  4	  4	  4	  4	  0	  0	  0	  0	  0	  0	  0	  0	  0	  0	  0	  0	  0	  0	  0	  0	  0	  0	  0	  0	  0	  0	  0	  0	 89	 56	 22	 88	  0	 23	  0	  0	  0	  0	  0	  0	  0	  0	  0	  0	  0	  5	23094	  0
01/03/2018	04:27:19	<-	L	00000000	 26	 92	 57	 21	  0	 97	  0	  4	  4	  4	  4	  4	  4	  4	  4	  0	  0	  0	  0	  0	  0	  0	  0	  0	  0	  0	  0	  0	  0	  0	  0	  0	  0	  0	  0	  0	  0	  0	  0	 92	 57	 21	 89	  0	 23	  0	  0	  0	  0	  0	  0	  0	  0	  0	  0	  0	  5	23094	  0
01/03/2018	04:32:19	<-	L	00000000	 26	 90	 56	 22	  0	102	  0	  4	  4	  4	  4	  4	  4	  4	  4	  0	  0	  0	  0	  0	  0	  0	  0	  0	  0	  0	  0	  0	  0	  0	  0	  0	  0	  0	  0	  0	  0	  0	  0	 90	 56	 22	 88	  0	 23	  0	  0	  0	  0	  0	  0	  0	  0	  0	  0	  0	  5	23094	  0
01/03/2018	04:37:19	<-	L	00000000	 26	 92	 57	 21	  0	107	  0	  4	  4	  4	  4	  4	  4	  4	  4	  0	  0	  0	  0	  0	  0	  0	  0	  0	  0	  0	  0	  0	  0	  0	  0	  0	  0	  0	  0	  0	  0	  0	  0	 92	 57	 21	 89	  0	 23	  0	  0	  0	  0	  0	  0	  0	  0	  0	  0	  0	  5	23094	  0
01/03/2018	04:42:20	<-	L	00000000	 26	 89	 56	 22	  0	112	  0	  4	  4	  4	  4	  4	  4	  4	  4	  0	  0	  0	  0	  0	  0	  0	  0	  0	  0	  0	  0	  0	  0	  0	  0	  0	  0	  0	  0	  0	  0	  0	  0	 89	 56	 22	 88	  0	 23	  0	  0	  0	  0	  0	  0	  0	  0	  0	  0	  0	  5	23094	  0
01/03/2018	04:47:19	<-	L	00000000	 26	 93	 57	 20	  0	117	  0	  4	  4	  4	  4	  4	  4	  4	  4	  0	  0	  0	  0	  0	  0	  0	  0	  0	  0	  0	  0	  0	  0	  0	  0	  0	  0	  0	  0	  0	  0	  0	  0	 93	 57	 21	 90	  0	 23	  0	  0	  0	  0	  0	  0	  0	  0	  0	  0	  0	  5	23094	  0
01/03/2018	04:52:20	<-	L	00000000	 26	 90	 55	 21	  0	122	  0	  4	  4	  4	  4	  4	  4	  4	  4	  0	  0	  0	  0	  0	  0	  0	  0	  0	  0	  0	  0	  0	  0	  0	  0	  0	  0	  0	  0	  0	  0	  0	  0	 90	 55	 21	 89	  0	 21	  0	  0	  0	  0	  0	  0	  0	  0	  0	  0	  0	  5	23093	  0
01/03/2018	04:57:20	<-	L	00000000	 26	 92	 56	 21	  0	127	  0	  4	  4	  4	  4	  4	  4	  4	  4	  0	  0	  0	  0	  0	  0	  0	  0	  0	  0	  0	  0	  0	  0	  0	  0	  0	  0	  0	  0	  0	  0	  0	  0	 92	 56	 20	 89	  0	 22	  0	  0	  0	  0	  0	  0	  0	  0	  0	  0	  0	  5	23093	  0
01/03/2018	05:02:20	<-	L	00000000	 26	 92	 56	 20	  0	132	  0	  4	  4	  4	  4	  4	  4	  4	  4	  0	  0	  0	  0	  0	  0	  0	  0	  0	  0	  0	  0	  0	  0	  0	  0	  0	  0	  0	  0	  0	  0	  0	  0	 92	 56	 20	 90	  0	 22	  0	  0	  0	  0	  0	  0	  0	  0	  0	  0	  0	  5	23093	  0
01/03/2018	05:07:20	<-	L	00000000	 26	 89	 55	 21	  0	137	  0	  4	  4	  4	  4	  4	  4	  4	  4	  0	  0	  0	  0	  0	  0	  0	  0	  0	  0	  0	  0	  0	  0	  0	  0	  0	  0	  0	  0	  0	  0	  0	  0	 89	 55	 21	 89	  0	 21	  0	  0	  0	  0	  0	  0	  0	  0	  0	  0	  0	  5	23093	  0
01/03/2018	05:12:20	<-	L	00000000	 26	 94	 55	 18	  0	142	  0	  4	  4	  4	  4	  4	  4	  4	  4	  0	  0	  0	  0	  0	  0	  0	  0	  0	  0	  0	  0	  0	  0	  0	  0	  0	  0	  0	  0	  0	  0	  0	  0	 94	 55	 18	 90	  0	 21	  0	  0	  0	  0	  0	  0	  0	  0	  0	  0	  0	  5	23092	  0
01/03/2018	05:17:20	<-	L	00000000	 26	 92	 55	 19	  0	147	  0	  4	  4	  4	  4	  4	  4	  4	  4	  0	  0	  0	  0	  0	  0	  0	  0	  0	  0	  0	  0	  0	  0	  0	  0	  0	  0	  0	  0	  0	  0	  0	  0	 92	 55	 19	 90	  0	 21	  0	  0	  0	  0	  0	  0	  0	  0	  0	  0	  0	  5	23092	  0
01/03/2018	05:22:20	<-	L	00000000	 26	 89	 54	 20	  0	152	  0	  4	  4	  4	  4	  4	  4	  4	  4	  0	  0	  0	  0	  0	  0	  0	  0	  0	  0	  0	  0	  0	  0	  0	  0	  0	  0	  0	  0	  0	  0	  0	  0	 89	 54	 20	 88	  0	 21	  0	  0	  0	  0	  0	  0	  0	  0	  0	  0	  0	  5	23092	  0
01/03/2018	05:27:20	<-	L	00000000	 26	 94	 55	 19	  0	157	  0	  4	  4	  4	  4	  4	  4	  4	  4	  0	  0	  0	  0	  0	  0	  0	  0	  0	  0	  0	  0	  0	  0	  0	  0	  0	  0	  0	  0	  0	  0	  0	  0	 94	 55	 18	 90	  0	 21	  0	  0	  0	  0	  0	  0	  0	  0	  0	  0	  0	  5	23092	  0
01/03/2018	05:32:20	<-	L	00000000	 26	 92	 55	 19	  0	162	  0	  4	  4	  4	  4	  4	  4	  4	  4	  0	  0	  0	  0	  0	  0	  0	  0	  0	  0	  0	  0	  0	  0	  0	  0	  0	  0	  0	  0	  0	  0	  0	  0	 92	 55	 19	 90	  0	 21	  0	  0	  0	  0	  0	  0	  0	  0	  0	  0	  0	  5	23092	  0
01/03/2018	05:37:20	<-	L	00000000	 26	 89	 54	 20	  0	167	  0	  4	  4	  4	  4	  4	  4	  4	  4	  0	  0	  0	  0	  0	  0	  0	  0	  0	  0	  0	  0	  0	  0	  0	  0	  0	  0	  0	  0	  0	  0	  0	  0	 89	 54	 20	 89	  0	 20	  0	  0	  0	  0	  0	  0	  0	  0	  0	  0	  0	  5	23092	  0
01/03/2018	05:42:20	<-	L	00000000	 26	 94	 55	 19	  0	172	  0	  4	  4	  4	  4	  4	  4	  4	  4	  0	  0	  0	  0	  0	  0	  0	  0	  0	  0	  0	  0	  0	  0	  0	  0	  0	  0	  0	  0	  0	  0	  0	  0	 94	 55	 18	 90	  0	 21	  0	  0	  0	  0	  0	  0	  0	  0	  0	  0	  0	  5	23092	  0
01/03/2018	05:47:20	<-	L	00000000	 26	 92	 55	 19	  0	177	  0	  4	  4	  4	  4	  4	  4	  4	  4	  0	  0	  0	  0	  0	  0	  0	  0	  0	  0	  0	  0	  0	  0	  0	  0	  0	  0	  0	  0	  0	  0	  0	  0	 92	 55	 19	 90	  0	 21	  0	  0	  0	  0	  0	  0	  0	  0	  0	  0	  0	  5	23092	  0
01/03/2018	05:52:20	<-	L	00000000	 26	 89	 54	 20	  0	182	  0	  4	  4	  4	  4	  4	  4	  4	  4	  0	  0	  0	  0	  0	  0	  0	  0	  0	  0	  0	  0	  0	  0	  0	  0	  0	  0	  0	  0	  0	  0	  0	  0	 89	 54	 20	 89	  0	 20	  0	  0	  0	  0	  0	  0	  0	  0	  0	  0	  0	  5	23092	  0
01/03/2018	05:57:20	<-	L	00000000	 26	 93	 55	 18	  0	187	  0	  4	  4	  4	  4	  4	  4	  4	  4	  0	  0	  0	  0	  0	  0	  0	  0	  0	  0	  0	  0	  0	  0	  0	  0	  0	  0	  0	  0	  0	  0	  0	  0	 93	 55	 19	 90	  0	 21	  0	  0	  0	  0	  0	  0	  0	  0	  0	  0	  0	  5	23092	  0
01/03/2018	06:02:20	<-	L	00000000	 26	 91	 54	 19	  0	192	  0	  4	  4	  4	  4	  4	  4	  4	  4	  0	  0	  0	  0	  0	  0	  0	  0	  0	  0	  0	  0	  0	  0	  0	  0	  0	  0	  0	  0	  0	  0	  0	  0	 91	 54	 19	 89	  0	 20	  0	  0	  0	  0	  0	  0	  0	  0	  0	  0	  0	  5	23092	  0
01/03/2018	06:07:21	->	L	00000000	 26	 92	 55	 20	  0	197	  0	  4	  4	  4	  4	  4	  4	  4	  4	  0	  0	  0	  0	  0	  0	  0	  0	  0	  0	  0	  0	  0	  0	  0	  0	  0	  0	  0	  0	  0	  0	  0	  0	 88	 55	 22	 92	  0	 19	  0	  0	  0	  0	  0	  0	  0	  0	  0	  0	  0	  5	23092	  0
01/03/2018	06:12:21	->	L	00000000	 26	 92	 54	 18	  0	202	  0	  4	  4	  4	  4	  4	  4	  4	  4	  0	  0	  0	  0	  0	  0	  0	  0	  0	  0	  0	  0	  0	  0	  0	  0	  0	  0	  0	  0	  0	  0	  0	  0	 89	 54	 20	 92	  0	 18	  0	  0	  0	  0	  0	  0	  0	  0	  0	  0	  0	  5	23092	  0
01/03/2018	06:17:21	->	L	00000000	 26	 90	 54	 20	  0	207	  0	  4	  4	  4	  4	  4	  4	  4	  4	  0	  0	  0	  0	  0	  0	  0	  0	  0	  0	  0	  0	  0	  0	  0	  0	  0	  0	  0	  0	  0	  0	  0	  0	 88	 54	 21	 90	  0	 20	  0	  0	  0	  0	  0	  0	  0	  0	  0	  0	  0	  5	23092	  0
01/03/2018	06:22:21	->	L	00000000	 26	 90	 54	 20	  0	212	  0	  4	  4	  4	  4	  4	  4	  4	  4	  0	  0	  0	  0	  0	  0	  0	  0	  0	  0	  0	  0	  0	  0	  0	  0	  0	  0	  0	  0	  0	  0	  0	  0	 88	 54	 21	 90	  0	 20	  0	  0	  0	  0	  0	  0	  0	  0	  0	  0	  0	  5	23090	  0
01/03/2018	06:27:21	->	L	00000000	 26	 90	 53	 18	  0	217	  0	  4	  4	  4	  4	  4	  4	  4	  4	  0	  0	  0	  0	  0	  0	  0	  0	  0	  0	  0	  0	  0	  0	  0	  0	  0	  0	  0	  0	  0	  0	  0	  0	 88	 53	 20	 90	  0	 19	  0	  0	  0	  0	  0	  0	  0	  0	  0	  0	  0	  5	23090	  0
01/03/2018	06:32:21	->	L	00000000	 26	 91	 53	 18	  0	222	  0	  4	  4	  4	  4	  4	  4	  4	  4	  0	  0	  0	  0	  0	  0	  0	  0	  0	  0	  0	  0	  0	  0	  0	  0	  0	  0	  0	  0	  0	  0	  0	  0	 88	 53	 20	 91	  0	 18	  0	  0	  0	  0	  0	  0	  0	  0	  0	  0	  0	  5	23090	  0
01/03/2018	06:37:21	->	L	00000000	 26	 91	 53	 18	  0	227	  0	  4	  4	  4	  4	  4	  4	  4	  4	  0	  0	  0	  0	  0	  0	  0	  0	  0	  0	  0	  0	  0	  0	  0	  0	  0	  0	  0	  0	  0	  0	  0	  0	 88	 53	 20	 91	  0	 18	  0	  0	  0	  0	  0	  0	  0	  0	  0	  0	  0	  5	23090	  0
01/03/2018	06:42:21	->	L	00000000	 26	 89	 52	 18	  0	232	  0	  4	  4	  4	  4	  4	  4	  4	  4	  0	  0	  0	  0	  0	  0	  0	  0	  0	  0	  0	  0	  0	  0	  0	  0	  0	  0	  0	  0	  0	  0	  0	  0	 87	 52	 19	 89	  0	 18	  0	  0	  0	  0	  0	  0	  0	  0	  0	  0	  0	  5	23090	  0
01/03/2018	06:47:22	->	L	00000000	 26	 91	 53	 17	  0	237	  0	  4	  4	  4	  4	  4	  4	  4	  4	  0	  0	  0	  0	  0	  0	  0	  0	  0	  0	  0	  0	  0	  0	  0	  0	  0	  0	  0	  0	  0	  0	  0	  0	 88	 53	 20	 91	  0	 18	  0	  0	  0	  0	  0	  0	  0	  0	  0	  0	  0	  5	23090	  0
01/03/2018	06:52:22	->	L	00000000	 27	 89	 53	 19	  0	  1	  0	  4	  4	  4	  4	  4	  4	  4	  4	  0	  0	  0	  0	  0	  0	  0	  0	  0	  0	  0	  0	  0	  0	  0	  0	  0	  0	  0	  0	  0	  0	  0	  0	 87	 53	 20	 89	  0	 19	  0	  0	  0	  0	  0	  0	  0	  0	  0	  0	  0	  5	23098	  0
01/03/2018	06:57:21	->	L	00000000	 27	 89	 55	 21	  0	  6	  0	  4	  4	  4	  4	  4	  4	  4	  4	  0	  0	  0	  0	  0	  0	  0	  0	  0	  0	  0	  0	  0	  0	  0	  0	  0	  0	  0	  0	  0	  0	  0	  0	 87	 55	 22	 89	  0	 21	  0	  0	  0	  0	  0	  0	  0	  0	  0	  0	  0	  5	23098	  0
01/03/2018	07:02:21	->	L	00000000	 27	 91	 56	 22	  0	 11	  0	  4	  4	  4	  4	  4	  4	  4	  4	  0	  0	  0	  0	  0	  0	  0	  0	  0	  0	  0	  0	  0	  0	  0	  0	  0	  0	  0	  0	  0	  0	  0	  0	 88	 56	 23	 91	  0	 21	  0	  0	  0	  0	  0	  0	  0	  0	  0	  0	  0	  5	23098	  0
01/03/2018	07:07:21	->	L	00000000	 27	 92	 57	 23	  0	 16	  0	  4	  4	  4	  4	  4	  4	  4	  4	  0	  0	  0	  0	  0	  0	  0	  0	  0	  0	  0	  0	  0	  0	  0	  0	  0	  0	  0	  0	  0	  0	  0	  0	 88	 57	 24	 92	  0	 21	  0	  0	  0	  0	  0	  0	  0	  0	  0	  0	  0	  5	23098	  0
01/03/2018	07:12:21	->	L	00000000	 27	 91	 57	 23	  0	 21	  0	  4	  4	  4	  4	  4	  4	  4	  4	  0	  0	  0	  0	  0	  0	  0	  0	  0	  0	  0	  0	  0	  0	  0	  0	  0	  0	  0	  0	  0	  0	  0	  0	 88	 57	 24	 91	  0	 22	  0	  0	  0	  0	  0	  0	  0	  0	  0	  0	  0	  5	23098	  0
01/03/2018	07:17:21	->	L	00000000	 27	 89	 58	 24	  0	 26	  0	  4	  4	  4	  4	  4	  4	  4	  4	  0	  0	  0	  0	  0	  0	  0	  0	  0	  0	  0	  0	  0	  0	  0	  0	  0	  0	  0	  0	  0	  0	  0	  0	 88	 58	 25	 89	  0	 24	  0	  0	  0	  0	  0	  0	  0	  0	  0	  0	  0	  5	23098	  0
01/03/2018	07:22:22	->	L	00000000	 27	 90	 58	 24	  0	 31	  0	  4	  4	  4	  4	  4	  4	  4	  4	  0	  0	  0	  0	  0	  0	  0	  0	  0	  0	  0	  0	  0	  0	  0	  0	  0	  0	  0	  0	  0	  0	  0	  0	 88	 58	 25	 90	  0	 24	  0	  0	  0	  0	  0	  0	  0	  0	  0	  0	  0	  5	23098	  0
01/03/2018	07:27:22	->	L	00000000	 27	 91	 58	 23	  0	 36	  0	  4	  4	  4	  4	  4	  4	  4	  4	  0	  0	  0	  0	  0	  0	  0	  0	  0	  0	  0	  0	  0	  0	  0	  0	  0	  0	  0	  0	  0	  0	  0	  0	 89	 58	 24	 91	  0	 23	  0	  0	  0	  0	  0	  0	  0	  0	  0	  0	  0	  5	23098	  0
01/03/2018	07:32:22	->	L	00000000	 27	 92	 59	 23	  0	 41	  0	  4	  4	  4	  4	  4	  4	  4	  4	  0	  0	  0	  0	  0	  0	  0	  0	  0	  0	  0	  0	  0	  0	  0	  0	  0	  0	  0	  0	  0	  0	  0	  0	 89	 59	 25	 92	  0	 23	  0	  0	  0	  0	  0	  0	  0	  0	  0	  0	  0	  5	23098	  0
01/03/2018	07:37:22	->	L	00000000	 27	 94	 59	 22	  0	 46	  0	  4	  4	  4	  4	  4	  4	  4	  4	  0	  0	  0	  0	  0	  0	  0	  0	  0	  0	  0	  0	  0	  0	  0	  0	  0	  0	  0	  0	  0	  0	  0	  0	 90	 59	 25	 94	  0	 22	  0	  0	  0	  0	  0	  0	  0	  0	  0	  0	  0	  5	23098	  0
01/03/2018	07:42:22	->	L	00000000	 27	 91	 58	 24	  0	 51	  0	  4	  4	  4	  4	  4	  4	  4	  4	  0	  0	  0	  0	  0	  0	  0	  0	  0	  0	  0	  0	  0	  0	  0	  0	  0	  0	  0	  0	  0	  0	  0	  0	 89	 58	 24	 91	  0	 23	  0	  0	  0	  0	  0	  0	  0	  0	  0	  0	  0	  5	23098	  0
01/03/2018	07:47:22	->	L	00000000	 27	 93	 56	 20	  0	 56	  0	  4	  4	  4	  4	  4	  4	  4	  4	  0	  0	  0	  0	  0	  0	  0	  0	  0	  0	  0	  0	  0	  0	  0	  0	  0	  0	  0	  0	  0	  0	  0	  0	 89	 56	 22	 93	  0	 20	  0	  0	  0	  0	  0	  0	  0	  0	  0	  0	  0	  5	23092	  0
01/03/2018	07:52:22	->	L	00000000	 27	 94	 55	 18	  0	 61	  0	  4	  4	  4	  4	  4	  4	  4	  4	  0	  0	  0	  0	  0	  0	  0	  0	  0	  0	  0	  0	  0	  0	  0	  0	  0	  0	  0	  0	  0	  0	  0	  0	 90	 55	 21	 94	  0	 18	  0	  0	  0	  0	  0	  0	  0	  0	  0	  0	  0	  5	23092	  0
01/03/2018	07:57:22	->	L	00000000	 27	 93	 54	 18	  0	 66	  0	  4	  4	  4	  4	  4	  4	  4	  4	  0	  0	  0	  0	  0	  0	  0	  0	  0	  0	  0	  0	  0	  0	  0	  0	  0	  0	  0	  0	  0	  0	  0	  0	 89	 54	 20	 93	  0	 18	  0	  0	  0	  0	  0	  0	  0	  0	  0	  0	  0	  5	23091	  0
01/03/2018	08:02:22	->	L	00000000	 27	 90	 53	 18	  0	 71	  0	  4	  4	  4	  4	  4	  4	  4	  4	  0	  0	  0	  0	  0	  0	  0	  0	  0	  0	  0	  0	  0	  0	  0	  0	  0	  0	  0	  0	  0	  0	  0	  0	 88	 53	 20	 90	  0	 19	  0	  0	  0	  0	  0	  0	  0	  0	  0	  0	  0	  5	23091	  0
01/03/2018	08:07:22	->	L	00000000	 27	 89	 53	 19	  0	 76	  0	  4	  4	  4	  4	  4	  4	  4	  4	  0	  0	  0	  0	  0	  0	  0	  0	  0	  0	  0	  0	  0	  0	  0	  0	  0	  0	  0	  0	  0	  0	  0	  0	 88	 53	 20	 89	  0	 19	  0	  0	  0	  0	  0	  0	  0	  0	  0	  0	  0	  5	23091	  0
01/03/2018	08:12:22	->	L	00000000	 27	 93	 53	 17	  0	 81	  0	  4	  4	  4	  4	  4	  4	  4	  4	  0	  0	  0	  0	  0	  0	  0	  0	  0	  0	  0	  0	  0	  0	  0	  0	  0	  0	  0	  0	  0	  0	  0	  0	 89	 53	 19	 93	  0	 17	  0	  0	  0	  0	  0	  0	  0	  0	  0	  0	  0	  5	23091	  0
01/03/2018	08:17:23	->	L	00000000	 27	 94	 54	 17	  0	 86	  0	  4	  4	  4	  4	  4	  4	  4	  4	  0	  0	  0	  0	  0	  0	  0	  0	  0	  0	  0	  0	  0	  0	  0	  0	  0	  0	  0	  0	  0	  0	  0	  0	 90	 54	 20	 94	  0	 17	  0	  0	  0	  0	  0	  0	  0	  0	  0	  0	  0	  5	23091	  0
01/03/2018	08:22:23	->	L	00000000	 27	 93	 54	 18	  0	 91	  0	  4	  4	  4	  4	  4	  4	  4	  4	  0	  0	  0	  0	  0	  0	  0	  0	  0	  0	  0	  0	  0	  0	  0	  0	  0	  0	  0	  0	  0	  0	  0	  0	 89	 54	 20	 93	  0	 18	  0	  0	  0	  0	  0	  0	  0	  0	  0	  0	  0	  5	23091	  0
01/03/2018	08:27:22	->	L	00000000	 27	 91	 53	 17	  0	 96	  0	  4	  4	  4	  4	  4	  4	  4	  4	  0	  0	  0	  0	  0	  0	  0	  0	  0	  0	  0	  0	  0	  0	  0	  0	  0	  0	  0	  0	  0	  0	  0	  0	 89	 53	 19	 91	  0	 18	  0	  0	  0	  0	  0	  0	  0	  0	  0	  0	  0	  5	23091	  0
01/03/2018	08:32:22	->	L	00000000	 27	 90	 53	 19	  0	101	  0	  4	  4	  4	  4	  4	  4	  4	  4	  0	  0	  0	  0	  0	  0	  0	  0	  0	  0	  0	  0	  0	  0	  0	  0	  0	  0	  0	  0	  0	  0	  0	  0	 88	 53	 20	 90	  0	 19	  0	  0	  0	  0	  0	  0	  0	  0	  0	  0	  0	  5	23091	  0
01/03/2018	08:37:23	->	L	00000000	 27	 90	 53	 19	  0	106	  0	  4	  4	  4	  4	  4	  4	  4	  4	  0	  0	  0	  0	  0	  0	  0	  0	  0	  0	  0	  0	  0	  0	  0	  0	  0	  0	  0	  0	  0	  0	  0	  0	 88	 53	 20	 90	  0	 19	  0	  0	  0	  0	  0	  0	  0	  0	  0	  0	  0	  5	23091	  0
01/03/2018	08:42:23	->	L	00000000	 27	 89	 53	 19	  0	111	  0	  4	  4	  4	  4	  4	  4	  4	  4	  0	  0	  0	  0	  0	  0	  0	  0	  0	  0	  0	  0	  0	  0	  0	  0	  0	  0	  0	  0	  0	  0	  0	  0	 88	 53	 20	 89	  0	 19	  0	  0	  0	  0	  0	  0	  0	  0	  0	  0	  0	  5	23091	  0
01/03/2018	08:47:23	->	L	00000000	 27	 93	 53	 17	  0	116	  0	  4	  4	  4	  4	  4	  4	  4	  4	  0	  0	  0	  0	  0	  0	  0	  0	  0	  0	  0	  0	  0	  0	  0	  0	  0	  0	  0	  0	  0	  0	  0	  0	 89	 53	 19	 93	  0	 17	  0	  0	  0	  0	  0	  0	  0	  0	  0	  0	  0	  5	23091	  0
01/03/2018	09:02:23	  	L	00000000	 27	 67	 38	 16	  0	120	  0	  4	  4	  4	  4	  4	  4	  4	  4	  0	  0	  0	  0	  0	  0	  0	  0	  0	  0	  0	  0	  0	  0	  0	  0	  0	  0	  0	  0	  0	  0	  0	  0	 67	 38	 16	 67	  0	 16	  0	  0	  0	  0	  0	  0	  0	  0	  0	  0	  0	  5	23091	  0
01/03/2018	09:07:23	->	L	00000000	 27	 94	 49	 11	  0	125	  0	  4	  4	  4	  4	  4	  4	  4	  4	  0	  0	  0	  0	  0	  0	  0	  0	  0	  0	  0	  0	  0	  0	  0	  0	  0	  0	  0	  0	  0	  0	  0	  0	 86	 49	 17	 94	  0	 12	  0	  0	  0	  0	  0	  0	  0	  0	  0	  0	  0	  5	23091	  0
01/03/2018	09:12:23	->	L	00000000	 27	 91	 52	 16	  0	130	  0	  4	  4	  4	  4	  4	  4	  4	  4	  0	  0	  0	  0	  0	  0	  0	  0	  0	  0	  0	  0	  0	  0	  0	  0	  0	  0	  0	  0	  0	  0	  0	  0	 87	 52	 19	 91	  0	 17	  0	  0	  0	  0	  0	  0	  0	  0	  0	  0	  0	  5	23091	  0
01/03/2018	09:17:23	->	L	00000000	 27	 90	 52	 18	  0	135	  0	  4	  4	  4	  4	  4	  4	  4	  4	  0	  0	  0	  0	  0	  0	  0	  0	  0	  0	  0	  0	  0	  0	  0	  0	  0	  0	  0	  0	  0	  0	  0	  0	 87	 52	 19	 90	  0	 18	  0	  0	  0	  0	  0	  0	  0	  0	  0	  0	  0	  5	23091	  0
01/03/2018	09:22:23	->	L	00000000	 27	 90	 53	 19	  0	140	  0	  4	  4	  4	  4	  4	  4	  4	  4	  0	  0	  0	  0	  0	  0	  0	  0	  0	  0	  0	  0	  0	  0	  0	  0	  0	  0	  0	  0	  0	  0	  0	  0	 87	 53	 20	 90	  0	 19	  0	  0	  0	  0	  0	  0	  0	  0	  0	  0	  0	  5	23091	  0
01/03/2018	09:27:24	->	L	00000000	 27	 89	 52	 19	  0	145	  0	  4	  4	  4	  4	  4	  4	  4	  4	  0	  0	  0	  0	  0	  0	  0	  0	  0	  0	  0	  0	  0	  0	  0	  0	  0	  0	  0	  0	  0	  0	  0	  0	 87	 52	 19	 89	  0	 18	  0	  0	  0	  0	  0	  0	  0	  0	  0	  0	  0	  5	23091	  0
01/03/2018	09:32:23	->	L	00000000	 27	 89	 53	 19	  0	150	  0	  4	  4	  4	  4	  4	  4	  4	  4	  0	  0	  0	  0	  0	  0	  0	  0	  0	  0	  0	  0	  0	  0	  0	  0	  0	  0	  0	  0	  0	  0	  0	  0	 88	 53	 20	 89	  0	 19	  0	  0	  0	  0	  0	  0	  0	  0	  0	  0	  0	  5	23091	  0
01/03/2018	09:37:23	->	L	00000000	 27	 89	 53	 19	  0	155	  0	  4	  4	  4	  4	  4	  4	  4	  4	  0	  0	  0	  0	  0	  0	  0	  0	  0	  0	  0	  0	  0	  0	  0	  0	  0	  0	  0	  0	  0	  0	  0	  0	 88	 53	 20	 89	  0	 19	  0	  0	  0	  0	  0	  0	  0	  0	  0	  0	  0	  5	23091	  0
01/03/2018	09:42:23	->	L	00000000	 27	 89	 53	 19	  0	160	  0	  4	  4	  4	  4	  4	  4	  4	  4	  0	  0	  0	  0	  0	  0	  0	  0	  0	  0	  0	  0	  0	  0	  0	  0	  0	  0	  0	  0	  0	  0	  0	  0	 87	 53	 20	 89	  0	 19	  0	  0	  0	  0	  0	  0	  0	  0	  0	  0	  0	  5	23091	  0
01/03/2018	09:47:23	->	L	00000000	 27	 90	 52	 19	  0	165	  0	  4	  4	  4	  4	  4	  4	  4	  4	  0	  0	  0	  0	  0	  0	  0	  0	  0	  0	  0	  0	  0	  0	  0	  0	  0	  0	  0	  0	  0	  0	  0	  0	 88	 52	 19	 90	  0	 18	  0	  0	  0	  0	  0	  0	  0	  0	  0	  0	  0	  5	23091	  0
01/03/2018	09:52:24	->	L	00000000	 27	 92	 53	 18	  0	170	  0	  4	  4	  4	  4	  4	  4	  4	  4	  0	  0	  0	  0	  0	  0	  0	  0	  0	  0	  0	  0	  0	  0	  0	  0	  0	  0	  0	  0	  0	  0	  0	  0	 89	 53	 19	 92	  0	 17	  0	  0	  0	  0	  0	  0	  0	  0	  0	  0	  0	  5	23091	  0
01/03/2018	09:57:24	->	L	00000000	 27	 93	 53	 17	  0	175	  0	  4	  4	  4	  4	  4	  4	  4	  4	  0	  0	  0	  0	  0	  0	  0	  0	  0	  0	  0	  0	  0	  0	  0	  0	  0	  0	  0	  0	  0	  0	  0	  0	 89	 53	 19	 93	  0	 17	  0	  0	  0	  0	  0	  0	  0	  0	  0	  0	  0	  5	23091	  0
01/03/2018	10:02:24	->	L	00000000	 27	 93	 53	 17	  0	180	  0	  4	  4	  4	  4	  4	  4	  4	  4	  0	  0	  0	  0	  0	  0	  0	  0	  0	  0	  0	  0	  0	  0	  0	  0	  0	  0	  0	  0	  0	  0	  0	  0	 89	 53	 19	 93	  0	 17	  0	  0	  0	  0	  0	  0	  0	  0	  0	  0	  0	  5	23091	  0
01/03/2018	10:07:24	->	L	00000000	 27	 92	 53	 17	  0	185	  0	  4	  4	  4	  4	  4	  4	  4	  4	  0	  0	  0	  0	  0	  0	  0	  0	  0	  0	  0	  0	  0	  0	  0	  0	  0	  0	  0	  0	  0	  0	  0	  0	 89	 53	 19	 92	  0	 17	  0	  0	  0	  0	  0	  0	  0	  0	  0	  0	  0	  5	23091	  0
01/03/2018	10:12:24	->	L	00000000	 27	 92	 53	 17	  0	190	  0	  4	  4	  4	  4	  4	  4	  4	  4	  0	  0	  0	  0	  0	  0	  0	  0	  0	  0	  0	  0	  0	  0	  0	  0	  0	  0	  0	  0	  0	  0	  0	  0	 89	 53	 19	 92	  0	 17	  0	  0	  0	  0	  0	  0	  0	  0	  0	  0	  0	  5	23091	  0
01/03/2018	10:17:25	  	L	00000000	 27	 92	 54	 18	  0	195	  0	  4	  4	  4	  4	  4	  4	  4	  4	  0	  0	  0	  0	  0	  0	  0	  0	  0	  0	  0	  0	  0	  0	  0	  0	  0	  0	  0	  0	  0	  0	  0	  0	 88	 54	 21	 92	  0	 18	  0	  0	  0	  0	  0	  0	  0	  0	  0	  0	  0	  5	23091	  0
01/03/2018	10:22:24	<-	L	00000000	 27	 92	 54	 18	  0	200	  0	  4	  4	  4	  4	  4	  4	  4	  4	  0	  0	  0	  0	  0	  0	  0	  0	  0	  0	  0	  0	  0	  0	  0	  0	  0	  0	  0	  0	  0	  0	  0	  0	 92	 54	 18	 91	  0	 19	  0	  0	  0	  0	  0	  0	  0	  0	  0	  0	  0	  5	23091	  0
01/03/2018	10:27:24	<-	L	00000000	 27	 94	 53	 16	  0	205	  0	  4	  4	  4	  4	  4	  4	  4	  4	  0	  0	  0	  0	  0	  0	  0	  0	  0	  0	  0	  0	  0	  0	  0	  0	  0	  0	  0	  0	  0	  0	  0	  0	 93	 53	 16	 91	  0	 18	  0	  0	  0	  0	  0	  0	  0	  0	  0	  0	  0	  5	23091	  0
01/03/2018	10:32:24	<-	L	00000000	 27	 94	 53	 16	  0	210	  0	  4	  4	  4	  4	  4	  4	  4	  4	  0	  0	  0	  0	  0	  0	  0	  0	  0	  0	  0	  0	  0	  0	  0	  0	  0	  0	  0	  0	  0	  0	  0	  0	 94	 53	 16	 91	  0	 18	  0	  0	  0	  0	  0	  0	  0	  0	  0	  0	  0	  5	23091	  0
01/03/2018	10:37:24	<-	L	00000000	 27	 94	 53	 17	  0	215	  0	  4	  4	  4	  4	  4	  4	  4	  4	  0	  0	  0	  0	  0	  0	  0	  0	  0	  0	  0	  0	  0	  0	  0	  0	  0	  0	  0	  0	  0	  0	  0	  0	 94	 53	 16	 91	  0	 18	  0	  0	  0	  0	  0	  0	  0	  0	  0	  0	  0	  5	23091	  0
01/03/2018	10:42:24	<-	L	00000000	 27	 92	 53	 18	  0	220	  0	  4	  4	  4	  4	  4	  4	  4	  4	  0	  0	  0	  0	  0	  0	  0	  0	  0	  0	  0	  0	  0	  0	  0	  0	  0	  0	  0	  0	  0	  0	  0	  0	 92	 53	 17	 90	  0	 19	  0	  0	  0	  0	  0	  0	  0	  0	  0	  0	  0	  5	23091	  0
01/03/2018	10:47:24	<-	L	00000000	 27	 89	 52	 18	  0	225	  0	  4	  4	  4	  4	  4	  4	  4	  4	  0	  0	  0	  0	  0	  0	  0	  0	  0	  0	  0	  0	  0	  0	  0	  0	  0	  0	  0	  0	  0	  0	  0	  0	 89	 52	 18	 89	  0	 18	  0	  0	  0	  0	  0	  0	  0	  0	  0	  0	  0	  5	23091	  0
01/03/2018	10:52:25	<-	L	00000000	 27	 90	 53	 19	  0	230	  0	  4	  4	  4	  4	  4	  4	  4	  4	  0	  0	  0	  0	  0	  0	  0	  0	  0	  0	  0	  0	  0	  0	  0	  0	  0	  0	  0	  0	  0	  0	  0	  0	 90	 53	 19	 90	  0	 19	  0	  0	  0	  0	  0	  0	  0	  0	  0	  0	  0	  5	23091	  0
01/03/2018	10:57:24	<-	L	00000000	 27	 91	 53	 18	  0	235	  0	  4	  4	  4	  4	  4	  4	  4	  4	  0	  0	  0	  0	  0	  0	  0	  0	  0	  0	  0	  0	  0	  0	  0	  0	  0	  0	  0	  0	  0	  0	  0	  0	 91	 53	 18	 90	  0	 19	  0	  0	  0	  0	  0	  0	  0	  0	  0	  0	  0	  5	23091	  0
01/03/2018	11:02:25	<-	L	00000000	 27	 92	 53	 17	  0	240	  0	  4	  4	  4	  4	  4	  4	  4	  4	  0	  0	  0	  0	  0	  0	  0	  0	  0	  0	  0	  0	  0	  0	  0	  0	  0	  0	  0	  0	  0	  0	  0	  0	 92	 53	 17	 91	  0	 18	  0	  0	  0	  0	  0	  0	  0	  0	  0	  0	  0	  5	23091	  0
01/03/2018	11:07:25	<-	L	00000000	 30	 89	 54	 20	  0	  4	  0	  4	  4	  4	  4	  4	  4	  4	  4	  0	  0	  0	  0	  0	  0	  0	  0	  0	  0	  0	  0	  0	  0	  0	  0	  0	  0	  0	  0	  0	  0	  0	  0	 89	 54	 20	 89	  0	 20	  0	  0	  0	  0	  0	  0	  0	  0	  0	  0	  0	  5	20555	  1
01/03/2018	11:12:25	<-	L	00000000	 30	 90	 63	 29	  0	  9	  0	  4	  4	  4	  4	  4	  4	  4	  4	  0	  0	  0	  0	  0	  0	  0	  0	  0	  0	  0	  0	  0	  0	  0	  0	  0	  0	  0	  0	  0	  0	  0	  0	 90	 63	 29	 90	  0	 29	  0	  0	  0	  0	  0	  0	  0	  0	  0	  0	  0	  5	20555	  1
01/03/2018	11:17:25	<-	L	00000000	 30	 90	 63	 29	  0	 14	  0	  4	  4	  4	  4	  4	  4	  4	  4	  0	  0	  0	  0	  0	  0	  0	  0	  0	  0	  0	  0	  0	  0	  0	  0	  0	  0	  0	  0	  0	  0	  0	  0	 90	 63	 29	 90	  0	 29	  0	  0	  0	  0	  0	  0	  0	  0	  0	  0	  0	  5	20555	  1
01/03/2018	11:22:25	<-	L	00000000	 30	 90	 62	 29	  0	 19	  0	  4	  4	  4	  4	  4	  4	  4	  4	  0	  0	  0	  0	  0	  0	  0	  0	  0	  0	  0	  0	  0	  0	  0	  0	  0	  0	  0	  0	  0	  0	  0	  0	 90	 62	 28	 89	  0	 29	  0	  0	  0	  0	  0	  0	  0	  0	  0	  0	  0	  5	20555	  1
01/03/2018	11:27:25	<-	L	00000000	 30	 91	 67	 35	  0	 24	  0	  4	  4	  4	  4	  4	  4	  4	  4	  0	  0	  0	  0	  0	  0	  0	  0	  0	  0	  0	  0	  0	  0	  0	  0	  0	  0	  0	  0	  0	  0	  0	  0	 91	 67	 35	 91	  0	 35	  0	  0	  0	  0	  0	  0	  0	  0	  0	  0	  0	  5	20555	  1
01/03/2018	11:32:25	<-	L	00000000	 30	 91	 65	 32	  0	 29	  0	  4	  4	  4	  4	  4	  4	  4	  4	  0	  0	  0	  0	  0	  0	  0	  0	  0	  0	  0	  0	  0	  0	  0	  0	  0	  0	  0	  0	  0	  0	  0	  0	 91	 65	 32	 90	  0	 32	  0	  0	  0	  0	  0	  0	  0	  0	  0	  0	  0	  5	20555	  1
01/03/2018	11:37:25	<-	L	00000000	 30	 90	 64	 31	  0	 34	  0	  4	  4	  4	  4	  4	  4	  4	  4	  0	  0	  0	  0	  0	  0	  0	  0	  0	  0	  0	  0	  0	  0	  0	  0	  0	  0	  0	  0	  0	  0	  0	  0	 90	 64	 31	 90	  0	 31	  0	  0	  0	  0	  0	  0	  0	  0	  0	  0	  0	  5	20555	  1
01/03/2018	11:42:26	<-	L	00000000	 30	 90	 63	 29	  0	 39	  0	  4	  4	  4	  4	  4	  4	  4	  4	  0	  0	  0	  0	  0	  0	  0	  0	  0	  0	  0	  0	  0	  0	  0	  0	  0	  0	  0	  0	  0	  0	  0	  0	 90	 63	 29	 90	  0	 29	  0	  0	  0	  0	  0	  0	  0	  0	  0	  0	  0	  5	20555	  1
01/03/2018	11:47:25	<-	L	00000000	 30	 90	 65	 32	  0	 44	  0	  4	  4	  4	  4	  4	  4	  4	  4	  0	  0	  0	  0	  0	  0	  0	  0	  0	  0	  0	  0	  0	  0	  0	  0	  0	  0	  0	  0	  0	  0	  0	  0	 90	 65	 32	 90	  0	 32	  0	  0	  0	  0	  0	  0	  0	  0	  0	  0	  0	  5	20555	  1
01/03/2018	11:52:25	<-	L	00000000	 30	 91	 66	 33	  0	 49	  0	  4	  4	  4	  4	  4	  4	  4	  4	  0	  0	  0	  0	  0	  0	  0	  0	  0	  0	  0	  0	  0	  0	  0	  0	  0	  0	  0	  0	  0	  0	  0	  0	 91	 66	 33	 90	  0	 35	  0	  0	  0	  0	  0	  0	  0	  0	  0	  0	  0	  5	20555	  1
01/03/2018	11:57:25	<-	L	00000000	 30	 90	 65	 32	  0	 54	  0	  4	  4	  4	  4	  4	  4	  4	  4	  0	  0	  0	  0	  0	  0	  0	  0	  0	  0	  0	  0	  0	  0	  0	  0	  0	  0	  0	  0	  0	  0	  0	  0	 90	 65	 32	 90	  0	 32	  0	  0	  0	  0	  0	  0	  0	  0	  0	  0	  0	  5	20555	  1
01/03/2018	12:02:25	<-	L	00000000	 30	 90	 64	 31	  0	 59	  0	  4	  4	  4	  4	  4	  4	  4	  4	  0	  0	  0	  0	  0	  0	  0	  0	  0	  0	  0	  0	  0	  0	  0	  0	  0	  0	  0	  0	  0	  0	  0	  0	 90	 64	 31	 90	  0	 31	  0	  0	  0	  0	  0	  0	  0	  0	  0	  0	  0	  5	20555	  1
01/03/2018	12:07:25	<-	L	00000000	 30	 90	 66	 32	  0	 64	  0	  4	  4	  4	  4	  4	  4	  4	  4	  0	  0	  0	  0	  0	  0	  0	  0	  0	  0	  0	  0	  0	  0	  0	  0	  0	  0	  0	  0	  0	  0	  0	  0	 90	 66	 35	 90	  0	 35	  0	  0	  0	  0	  0	  0	  0	  0	  0	  0	  0	  5	20555	  1
01/03/2018	12:12:25	<-	L	00000000	 30	 91	 67	 35	  0	 69	  0	  4	  4	  4	  4	  4	  4	  4	  4	  0	  0	  0	  0	  0	  0	  0	  0	  0	  0	  0	  0	  0	  0	  0	  0	  0	  0	  0	  0	  0	  0	  0	  0	 91	 67	 35	 90	  0	 35	  0	  0	  0	  0	  0	  0	  0	  0	  0	  0	  0	  5	20555	  1
01/03/2018	12:17:26	<-	L	00000000	 30	 90	 66	 35	  0	 74	  0	  4	  4	  4	  4	  4	  4	  4	  4	  0	  0	  0	  0	  0	  0	  0	  0	  0	  0	  0	  0	  0	  0	  0	  0	  0	  0	  0	  0	  0	  0	  0	  0	 90	 66	 35	 90	  0	 35	  0	  0	  0	  0	  0	  0	  0	  0	  0	  0	  0	  5	20555	  1
01/03/2018	12:22:26	<-	L	00000000	 30	 90	 65	 32	  0	 79	  0	  4	  4	  4	  4	  4	  4	  4	  4	  0	  0	  0	  0	  0	  0	  0	  0	  0	  0	  0	  0	  0	  0	  0	  0	  0	  0	  0	  0	  0	  0	  0	  0	 90	 65	 32	 90	  0	 32	  0	  0	  0	  0	  0	  0	  0	  0	  0	  0	  0	  5	20555	  1
01/03/2018	12:27:26	<-	L	00000000	 30	 90	 65	 32	  0	 84	  0	  4	  4	  4	  4	  4	  4	  4	  4	  0	  0	  0	  0	  0	  0	  0	  0	  0	  0	  0	  0	  0	  0	  0	  0	  0	  0	  0	  0	  0	  0	  0	  0	 90	 65	 32	 89	  0	 34	  0	  0	  0	  0	  0	  0	  0	  0	  0	  0	  0	  5	20555	  1
01/03/2018	12:32:26	<-	L	00000000	 30	 91	 69	 39	  0	 89	  0	  4	  4	  4	  4	  4	  4	  4	  4	  0	  0	  0	  0	  0	  0	  0	  0	  0	  0	  0	  0	  0	  0	  0	  0	  0	  0	  0	  0	  0	  0	  0	  0	 91	 69	 39	 90	  0	 39	  0	  0	  0	  0	  0	  0	  0	  0	  0	  0	  0	  5	20555	  1
01/03/2018	12:37:26	<-	L	00000000	 30	 90	 67	 35	  0	 94	  0	  4	  4	  4	  4	  4	  4	  4	  4	  0	  0	  0	  0	  0	  0	  0	  0	  0	  0	  0	  0	  0	  0	  0	  0	  0	  0	  0	  0	  0	  0	  0	  0	 90	 67	 35	 90	  0	 35	  0	  0	  0	  0	  0	  0	  0	  0	  0	  0	  0	  5	20555	  1
01/03/2018	12:42:26	<-	L	00000000	 30	 90	 66	 35	  0	 99	  0	  4	  4	  4	  4	  4	  4	  4	  4	  0	  0	  0	  0	  0	  0	  0	  0	  0	  0	  0	  0	  0	  0	  0	  0	  0	  0	  0	  0	  0	  0	  0	  0	 90	 66	 35	 90	  0	 35	  0	  0	  0	  0	  0	  0	  0	  0	  0	  0	  0	  5	20555	  1
01/03/2018	12:47:26	<-	L	00000000	 30	 90	 66	 35	  0	104	  0	  4	  4	  4	  4	  4	  4	  4	  4	  0	  0	  0	  0	  0	  0	  0	  0	  0	  0	  0	  0	  0	  0	  0	  0	  0	  0	  0	  0	  0	  0	  0	  0	 90	 66	 35	 89	  0	 34	  0	  0	  0	  0	  0	  0	  0	  0	  0	  0	  0	  5	20555	  1
01/03/2018	12:52:26	<-	L	00000000	 30	 90	 70	 39	  0	109	  0	  4	  4	  4	  4	  4	  4	  4	  4	  0	  0	  0	  0	  0	  0	  0	  0	  0	  0	  0	  0	  0	  0	  0	  0	  0	  0	  0	  0	  0	  0	  0	  0	 90	 70	 42	 90	  0	 42	  0	  0	  0	  0	  0	  0	  0	  0	  0	  0	  0	  5	20555	  1
01/03/2018	12:57:26	<-	L	00000000	 30	 91	 68	 35	  0	114	  0	  4	  4	  4	  4	  4	  4	  4	  4	  0	  0	  0	  0	  0	  0	  0	  0	  0	  0	  0	  0	  0	  0	  0	  0	  0	  0	  0	  0	  0	  0	  0	  0	 91	 68	 35	 90	  0	 39	  0	  0	  0	  0	  0	  0	  0	  0	  0	  0	  0	  5	20555	  1
01/03/2018	13:02:26	<-	L	00000000	 30	 90	 67	 35	  0	119	  0	  4	  4	  4	  4	  4	  4	  4	  4	  0	  0	  0	  0	  0	  0	  0	  0	  0	  0	  0	  0	  0	  0	  0	  0	  0	  0	  0	  0	  0	  0	  0	  0	 90	 67	 35	 90	  0	 35	  0	  0	  0	  0	  0	  0	  0	  0	  0	  0	  0	  5	20555	  1
01/03/2018	13:07:26	<-	L	00000000	 40	 87	 59	 28	  0	  3	  0	  4	  4	  4	  4	  4	  4	  4	  4	  0	  0	  0	  0	  0	  0	  0	  0	  0	  0	  0	  0	  0	  0	  0	  0	  0	  0	  0	  0	  0	  0	  0	  0	 86	 59	 28	 87	  0	 27	  0	  0	  0	  0	  0	  0	  0	  0	  0	  0	  0	  5	15405	  0
01/03/2018	13:12:27	<-	L	00000000	 40	 83	 51	 21	  0	  8	  0	  4	  4	  4	  4	  4	  4	  4	  4	  0	  0	  0	  0	  0	  0	  0	  0	  0	  0	  0	  0	  0	  0	  0	  0	  0	  0	  0	  0	  0	  0	  0	  0	 82	 51	 22	 83	  0	 21	  0	  0	  0	  0	  0	  0	  0	  0	  0	  0	  0	  5	15405	  0
01/03/2018	13:17:26	<-	L	00000000	 40	 82	 50	 21	  0	 13	  0	  4	  4	  4	  4	  4	  4	  4	  4	  0	  0	  0	  0	  0	  0	  0	  0	  0	  0	  0	  0	  0	  0	  0	  0	  0	  0	  0	  0	  0	  0	  0	  0	 81	 50	 21	 82	  0	 21	  0	  0	  0	  0	  0	  0	  0	  0	  0	  0	  0	  5	15405	  0
01/03/2018	13:22:26	->	L	00000000	 40	 82	 52	 23	  0	 18	  0	  4	  4	  4	  4	  4	  4	  4	  4	  0	  0	  0	  0	  0	  0	  0	  0	  0	  0	  0	  0	  0	  0	  0	  0	  0	  0	  0	  0	  0	  0	  0	  0	 80	 52	 24	 82	  0	 23	  0	  0	  0	  0	  0	  0	  0	  0	  0	  0	  0	  5	15405	  0
01/03/2018	13:27:27	->	L	00000000	 40	 79	 49	 21	  0	 23	  0	  4	  4	  4	  4	  4	  4	  4	  4	  0	  0	  0	  0	  0	  0	  0	  0	  0	  0	  0	  0	  0	  0	  0	  0	  0	  0	  0	  0	  0	  0	  0	  0	 79	 49	 21	 79	  0	 21	  0	  0	  0	  0	  0	  0	  0	  0	  0	  0	  0	  5	15405	  0
01/03/2018	13:32:27	->	L	00000000	 40	 79	 48	 20	  0	 28	  0	  4	  4	  4	  4	  4	  4	  4	  4	  0	  0	  0	  0	  0	  0	  0	  0	  0	  0	  0	  0	  0	  0	  0	  0	  0	  0	  0	  0	  0	  0	  0	  0	 78	 48	 21	 79	  0	 20	  0	  0	  0	  0	  0	  0	  0	  0	  0	  0	  0	  5	15405	  0
01/03/2018	13:37:27	->	L	00000000	 40	 79	 48	 21	  0	 33	  0	  4	  4	  4	  4	  4	  4	  4	  4	  0	  0	  0	  0	  0	  0	  0	  0	  0	  0	  0	  0	  0	  0	  0	  0	  0	  0	  0	  0	  0	  0	  0	  0	 78	 48	 21	 79	  0	 20	  0	  0	  0	  0	  0	  0	  0	  0	  0	  0	  0	  5	15405	  0
01/03/2018	13:42:27	->	L	00000000	 40	 79	 48	 20	  0	 38	  0	  4	  4	  4	  4	  4	  4	  4	  4	  0	  0	  0	  0	  0	  0	  0	  0	  0	  0	  0	  0	  0	  0	  0	  0	  0	  0	  0	  0	  0	  0	  0	  0	 77	 48	 22	 79	  0	 20	  0	  0	  0	  0	  0	  0	  0	  0	  0	  0	  0	  5	15405	  0
01/03/2018	13:47:27	->	L	00000000	 40	 78	 48	 21	  0	 43	  0	  4	  4	  4	  4	  4	  4	  4	  4	  0	  0	  0	  0	  0	  0	  0	  0	  0	  0	  0	  0	  0	  0	  0	  0	  0	  0	  0	  0	  0	  0	  0	  0	 77	 48	 22	 78	  0	 21	  0	  0	  0	  0	  0	  0	  0	  0	  0	  0	  0	  5	15405	  0
01/03/2018	13:52:27	->	L	00000000	 40	 78	 48	 21	  0	 48	  0	  4	  4	  4	  4	  4	  4	  4	  4	  0	  0	  0	  0	  0	  0	  0	  0	  0	  0	  0	  0	  0	  0	  0	  0	  0	  0	  0	  0	  0	  0	  0	  0	 76	 48	 22	 78	  0	 21	  0	  0	  0	  0	  0	  0	  0	  0	  0	  0	  0	  5	15405	  0
01/03/2018	13:59:12	->	L	00000000	 40	 77	 48	 22	  0	 55	  0	  4	  4	  4	  4	  4	  4	  4	  4	  0	  0	  0	  0	  0	  0	  0	  0	  0	  0	  0	  0	  0	  0	  0	  0	  0	  0	  0	  0	  0	  0	  0	  0	 76	 48	 22	 77	  0	 22	  0	  0	  0	  0	  0	  0	  0	  0	  0	  0	  0	  5	15405	  0
01/03/2018	14:04:12	->	L	00000000	 40	 77	 48	 22	  0	 60	  0	  4	  4	  4	  4	  4	  4	  4	  4	  0	  0	  0	  0	  0	  0	  0	  0	  0	  0	  0	  0	  0	  0	  0	  0	  0	  0	  0	  0	  0	  0	  0	  0	 76	 48	 22	 77	  0	 22	  0	  0	  0	  0	  0	  0	  0	  0	  0	  0	  0	  5	15405	  0
01/03/2018	14:09:12	->	L	00000000	 50	 77	 49	 23	  0	  4	  0	  4	  4	  4	  4	  4	  4	  4	  4	  0	  0	  0	  0	  0	  0	  0	  0	  0	  0	  0	  0	  0	  0	  0	  0	  0	  0	  0	  0	  0	  0	  0	  0	 76	 49	 24	 77	  0	 23	  0	  0	  0	  0	  0	  0	  0	  0	  0	  0	  0	  5	19265	  0
01/03/2018	14:14:12	->	L	00000000	 50	 77	 50	 24	  0	  9	  0	  4	  4	  4	  4	  4	  4	  4	  4	  0	  0	  0	  0	  0	  0	  0	  0	  0	  0	  0	  0	  0	  0	  0	  0	  0	  0	  0	  0	  0	  0	  0	  0	 76	 50	 26	 77	  0	 24	  0	  0	  0	  0	  0	  0	  0	  0	  0	  0	  0	  5	18494	  0
01/03/2018	14:19:12	->	L	00000000	 50	 77	 50	 24	  0	 14	  0	  4	  4	  4	  4	  4	  4	  4	  4	  0	  0	  0	  0	  0	  0	  0	  0	  0	  0	  0	  0	  0	  0	  0	  0	  0	  0	  0	  0	  0	  0	  0	  0	 76	 50	 26	 77	  0	 24	  0	  0	  0	  0	  0	  0	  0	  0	  0	  0	  0	  5	17723	  0
01/03/2018	14:24:12	->	L	00000000	 50	 77	 51	 27	  0	 19	  0	  4	  4	  4	  4	  4	  4	  4	  4	  0	  0	  0	  0	  0	  0	  0	  0	  0	  0	  0	  0	  0	  0	  0	  0	  0	  0	  0	  0	  0	  0	  0	  0	 76	 51	 26	 77	  0	 27	  0	  0	  0	  0	  0	  0	  0	  0	  0	  0	  0	  5	16952	  0
01/03/2018	14:29:13	->	L	00000000	 50	 77	 51	 27	  0	 24	  0	  4	  4	  4	  4	  4	  4	  4	  4	  0	  0	  0	  0	  0	  0	  0	  0	  0	  0	  0	  0	  0	  0	  0	  0	  0	  0	  0	  0	  0	  0	  0	  0	 76	 51	 26	 77	  0	 27	  0	  0	  0	  0	  0	  0	  0	  0	  0	  0	  0	  5	16181	  0
01/03/2018	14:34:13	->	L	00000000	 50	 77	 51	 25	  0	 29	  0	  4	  4	  4	  4	  4	  4	  4	  4	  0	  0	  0	  0	  0	  0	  0	  0	  0	  0	  0	  0	  0	  0	  0	  0	  0	  0	  0	  0	  0	  0	  0	  0	 76	 51	 26	 77	  0	 27	  0	  0	  0	  0	  0	  0	  0	  0	  0	  0	  0	  5	15410	  0
01/03/2018	14:39:13	->	L	00000000	 50	 77	 50	 24	  0	 34	  0	  4	  4	  4	  4	  4	  4	  4	  4	  0	  0	  0	  0	  0	  0	  0	  0	  0	  0	  0	  0	  0	  0	  0	  0	  0	  0	  0	  0	  0	  0	  0	  0	 75	 50	 25	 77	  0	 24	  0	  0	  0	  0	  0	  0	  0	  0	  0	  0	  0	  5	14639	  0
01/03/2018	14:44:13	->	L	00000000	 50	 75	 48	 23	  0	 39	  0	  4	  4	  4	  4	  4	  4	  4	  4	  0	  0	  0	  0	  0	  0	  0	  0	  0	  0	  0	  0	  0	  0	  0	  0	  0	  0	  0	  0	  0	  0	  0	  0	 74	 48	 25	 75	  0	 23	  0	  0	  0	  0	  0	  0	  0	  0	  0	  0	  0	  5	13611	  0
01/03/2018	14:49:13	->	L	00000000	 50	 74	 45	 20	  0	 44	  0	  4	  4	  4	  4	  4	  4	  4	  4	  0	  0	  0	  0	  0	  0	  0	  0	  0	  0	  0	  0	  0	  0	  0	  0	  0	  0	  0	  0	  0	  0	  0	  0	 73	 45	 21	 74	  0	 20	  0	  0	  0	  0	  0	  0	  0	  0	  0	  0	  0	  5	12840	  0
01/03/2018	14:54:13	->	L	00000000	 50	 72	 43	 19	  0	 49	  0	  4	  4	  4	  4	  4	  4	  4	  4	  0	  0	  0	  0	  0	  0	  0	  0	  0	  0	  0	  0	  0	  0	  0	  0	  0	  0	  0	  0	  0	  0	  0	  0	 72	 43	 19	 72	  0	 19	  0	  0	  0	  0	  0	  0	  0	  0	  0	  0	  0	  5	12069	  0
01/03/2018	14:59:13	->	L	00000000	 50	 71	 41	 17	  0	 54	  0	  4	  4	  4	  4	  4	  4	  4	  4	  0	  0	  0	  0	  0	  0	  0	  0	  0	  0	  0	  0	  0	  0	  0	  0	  0	  0	  0	  0	  0	  0	  0	  0	 70	 41	 18	 71	  0	 17	  0	  0	  0	  0	  0	  0	  0	  0	  0	  0	  0	  5	11298	  0
01/03/2018	15:04:13	->	L	00000000	 50	 69	 39	 16	  0	 59	  0	  4	  4	  4	  4	  4	  4	  4	  4	  0	  0	  0	  0	  0	  0	  0	  0	  0	  0	  0	  0	  0	  0	  0	  0	  0	  0	  0	  0	  0	  0	  0	  0	 69	 39	 16	 69	  0	 16	  0	  0	  0	  0	  0	  0	  0	  0	  0	  0	  0	  5	10527	  0
