18/03/2018	18:39:50	->	L	00000000	 10	 31	 18	 37	  0	  4	  0	  5	  5	  5	  5	  5	  5	  5	  5	  0	  0	  0	  0	  0	  0	  0	  0	  0	  0	  0	  0	  0	  0	  0	  0	  0	  0	  0	  0	  0	  0	  0	  0	 31	 18	 37	 31	  0	 37	  0	  0	  0	  0	  0	  0	  0	  0	  0	  0	  0	  5	7453	  1
18/03/2018	18:44:50	->	L	00000000	 10	 36	 23	 38	  0	  9	  0	  5	  5	  4	  4	  4	  4	  4	  4	  0	  0	  0	  0	  0	  0	  0	  0	  0	  0	  0	  0	  0	  0	  0	  0	  0	  0	  0	  0	  0	  0	  0	  0	 36	 23	 38	 36	  0	 38	  0	  0	  0	  0	  0	  0	  0	  0	  0	  0	  0	  5	7710	  1
18/03/2018	18:49:50	->	L	00000000	 10	 40	 36	 75	  0	 14	  0	  4	  4	  4	  4	  4	  4	  4	  4	  0	  0	  0	  0	  0	  0	  0	  0	  0	  0	  0	  0	  0	  0	  0	  0	  0	  0	  0	  0	  0	  0	  0	  0	 40	 36	 78	 40	  0	 78	  0	  0	  0	  0	  0	  0	  0	  0	  0	  0	  0	  5	7710	  1
18/03/2018	18:54:50	->	L	00000000	 10	 41	 33	 60	  0	 19	  0	  4	  4	  4	  4	  4	  4	  4	  4	  0	  0	  0	  0	  0	  0	  0	  0	  0	  0	  0	  0	  0	  0	  0	  0	  0	  0	  0	  0	  0	  0	  0	  0	 41	 33	 60	 40	  0	 64	  0	  0	  0	  0	  0	  0	  0	  0	  0	  0	  0	  5	7967	  1
18/03/2018	18:59:50	->	L	00000000	 10	 42	 33	 56	  0	 24	  0	  4	  4	  4	  4	  4	  4	  4	  4	  0	  0	  0	  0	  0	  0	  0	  0	  0	  0	  0	  0	  0	  0	  0	  0	  0	  0	  0	  0	  0	  0	  0	  0	 42	 33	 56	 42	  0	 56	  0	  0	  0	  0	  0	  0	  0	  0	  0	  0	  0	  5	8224	  1
18/03/2018	19:04:50	->	L	00000000	 10	 43	 33	 56	  0	 29	  0	  4	  4	  4	  4	  4	  4	  4	  4	  0	  0	  0	  0	  0	  0	  0	  0	  0	  0	  0	  0	  0	  0	  0	  0	  0	  0	  0	  0	  0	  0	  0	  0	 43	 33	 53	 42	  0	 56	  0	  0	  0	  0	  0	  0	  0	  0	  0	  0	  0	  5	8481	  1
18/03/2018	19:09:50	->	L	00000000	 10	 44	 34	 49	  0	 34	  0	  4	  4	  4	  4	  4	  4	  4	  4	  0	  0	  0	  0	  0	  0	  0	  0	  0	  0	  0	  0	  0	  0	  0	  0	  0	  0	  0	  0	  0	  0	  0	  0	 44	 34	 53	 43	  0	 56	  0	  0	  0	  0	  0	  0	  0	  0	  0	  0	  0	  5	8481	  1
18/03/2018	19:14:50	->	L	00000000	 10	 45	 34	 49	  0	 39	  0	  4	  4	  4	  4	  4	  4	  4	  4	  0	  0	  0	  0	  0	  0	  0	  0	  0	  0	  0	  0	  0	  0	  0	  0	  0	  0	  0	  0	  0	  0	  0	  0	 45	 34	 49	 45	  0	 49	  0	  0	  0	  0	  0	  0	  0	  0	  0	  0	  0	  5	8738	  1
18/03/2018	19:19:50	->	L	00000000	 10	 46	 34	 47	  0	 44	  0	  4	  4	  4	  4	  4	  4	  4	  4	  0	  0	  0	  0	  0	  0	  0	  0	  0	  0	  0	  0	  0	  0	  0	  0	  0	  0	  0	  0	  0	  0	  0	  0	 46	 34	 47	 46	  0	 47	  0	  0	  0	  0	  0	  0	  0	  0	  0	  0	  0	  5	8995	  1
18/03/2018	19:24:50	->	L	00000000	 10	 46	 34	 42	  0	 49	  0	  4	  4	  4	  4	  4	  4	  4	  4	  0	  0	  0	  0	  0	  0	  0	  0	  0	  0	  0	  0	  0	  0	  0	  0	  0	  0	  0	  0	  0	  0	  0	  0	 46	 34	 47	 46	  0	 47	  0	  0	  0	  0	  0	  0	  0	  0	  0	  0	  0	  5	8995	  1
18/03/2018	19:29:51	->	L	00000000	 10	 47	 34	 47	  0	 54	  0	  4	  4	  4	  4	  4	  4	  4	  4	  0	  0	  0	  0	  0	  0	  0	  0	  0	  0	  0	  0	  0	  0	  0	  0	  0	  0	  0	  0	  0	  0	  0	  0	 47	 34	 42	 46	  0	 47	  0	  0	  0	  0	  0	  0	  0	  0	  0	  0	  0	  5	9252	  1
18/03/2018	19:34:51	->	L	00000000	 10	 48	 34	 42	  0	 59	  0	  4	  4	  4	  4	  4	  4	  4	  4	  0	  0	  0	  0	  0	  0	  0	  0	  0	  0	  0	  0	  0	  0	  0	  0	  0	  0	  0	  0	  0	  0	  0	  0	 47	 34	 42	 48	  0	 40	  0	  0	  0	  0	  0	  0	  0	  0	  0	  0	  0	  5	9509	  1
18/03/2018	19:39:51	->	L	00000000	 10	 48	 35	 40	  0	 64	  0	  4	  4	  4	  4	  4	  4	  4	  4	  0	  0	  0	  0	  0	  0	  0	  0	  0	  0	  0	  0	  0	  0	  0	  0	  0	  0	  0	  0	  0	  0	  0	  0	 48	 35	 43	 48	  0	 43	  0	  0	  0	  0	  0	  0	  0	  0	  0	  0	  0	  5	9766	  1
18/03/2018	19:44:51	->	L	00000000	 10	 49	 35	 40	  0	 69	  0	  4	  4	  4	  4	  4	  4	  4	  4	  0	  0	  0	  0	  0	  0	  0	  0	  0	  0	  0	  0	  0	  0	  0	  0	  0	  0	  0	  0	  0	  0	  0	  0	 49	 35	 41	 48	  0	 43	  0	  0	  0	  0	  0	  0	  0	  0	  0	  0	  0	  5	9766	  1
18/03/2018	19:49:52	->	L	00000000	 10	 50	 40	 51	  0	 74	  0	  4	  4	  4	  4	  4	  4	  4	  4	  0	  0	  0	  0	  0	  0	  0	  0	  0	  0	  0	  0	  0	  0	  0	  0	  0	  0	  0	  0	  0	  0	  0	  0	 50	 40	 55	 50	  0	 58	  0	  0	  0	  0	  0	  0	  0	  0	  0	  0	  0	  5	10023	  1
18/03/2018	19:54:51	->	L	00000000	 10	 50	 41	 55	  0	 79	  0	  4	  4	  4	  4	  4	  4	  4	  4	  0	  0	  0	  0	  0	  0	  0	  0	  0	  0	  0	  0	  0	  0	  0	  0	  0	  0	  0	  0	  0	  0	  0	  0	 50	 41	 58	 50	  0	 58	  0	  0	  0	  0	  0	  0	  0	  0	  0	  0	  0	  5	10280	  1
18/03/2018	19:59:51	->	L	00000000	 10	 51	 40	 51	  0	 84	  0	  4	  4	  4	  4	  4	  4	  4	  4	  0	  0	  0	  0	  0	  0	  0	  0	  0	  0	  0	  0	  0	  0	  0	  0	  0	  0	  0	  0	  0	  0	  0	  0	 50	 40	 55	 51	  0	 51	  0	  0	  0	  0	  0	  0	  0	  0	  0	  0	  0	  5	10280	  1
18/03/2018	20:04:51	->	L	00000000	 10	 51	 41	 55	  0	 89	  0	  4	  4	  4	  4	  4	  4	  4	  4	  0	  0	  0	  0	  0	  0	  0	  0	  0	  0	  0	  0	  0	  0	  0	  0	  0	  0	  0	  0	  0	  0	  0	  0	 51	 41	 55	 51	  0	 55	  0	  0	  0	  0	  0	  0	  0	  0	  0	  0	  0	  5	10537	  1
18/03/2018	20:09:51	->	L	00000000	 10	 52	 42	 55	  0	 94	  0	  4	  4	  4	  4	  4	  4	  4	  4	  0	  0	  0	  0	  0	  0	  0	  0	  0	  0	  0	  0	  0	  0	  0	  0	  0	  0	  0	  0	  0	  0	  0	  0	 52	 42	 55	 52	  0	 55	  0	  0	  0	  0	  0	  0	  0	  0	  0	  0	  0	  5	10794	  1
18/03/2018	20:14:51	->	L	00000000	 10	 52	 41	 51	  0	 99	  0	  4	  4	  4	  4	  4	  4	  4	  4	  0	  0	  0	  0	  0	  0	  0	  0	  0	  0	  0	  0	  0	  0	  0	  0	  0	  0	  0	  0	  0	  0	  0	  0	 52	 41	 51	 52	  0	 51	  0	  0	  0	  0	  0	  0	  0	  0	  0	  0	  0	  5	11051	  1
18/03/2018	20:19:51	->	L	00000000	 10	 53	 46	 67	  0	104	  0	  4	  4	  4	  4	  4	  4	  4	  4	  0	  0	  0	  0	  0	  0	  0	  0	  0	  0	  0	  0	  0	  0	  0	  0	  0	  0	  0	  0	  0	  0	  0	  0	 53	 46	 67	 53	  0	 67	  0	  0	  0	  0	  0	  0	  0	  0	  0	  0	  0	  5	11051	  1
18/03/2018	20:24:51	->	L	00000000	 10	 53	 43	 59	  0	109	  0	  4	  4	  4	  4	  4	  4	  4	  4	  0	  0	  0	  0	  0	  0	  0	  0	  0	  0	  0	  0	  0	  0	  0	  0	  0	  0	  0	  0	  0	  0	  0	  0	 53	 43	 56	 52	  0	 59	  0	  0	  0	  0	  0	  0	  0	  0	  0	  0	  0	  5	11308	  1
18/03/2018	20:29:51	->	L	00000000	 10	 54	 44	 59	  0	114	  0	  4	  4	  4	  4	  4	  4	  4	  4	  0	  0	  0	  0	  0	  0	  0	  0	  0	  0	  0	  0	  0	  0	  0	  0	  0	  0	  0	  0	  0	  0	  0	  0	 54	 44	 56	 53	  0	 59	  0	  0	  0	  0	  0	  0	  0	  0	  0	  0	  0	  5	11565	  1
18/03/2018	20:34:51	->	L	00000000	 10	 53	 46	 67	  0	119	  0	  4	  4	  4	  4	  4	  4	  4	  4	  0	  0	  0	  0	  0	  0	  0	  0	  0	  0	  0	  0	  0	  0	  0	  0	  0	  0	  0	  0	  0	  0	  0	  0	 54	 46	 67	 54	  0	 67	  0	  0	  0	  0	  0	  0	  0	  0	  0	  0	  0	  5	11565	  1
18/03/2018	20:39:51	->	L	00000000	 10	 54	 45	 60	  0	124	  0	  4	  4	  4	  4	  4	  4	  4	  4	  0	  0	  0	  0	  0	  0	  0	  0	  0	  0	  0	  0	  0	  0	  0	  0	  0	  0	  0	  0	  0	  0	  0	  0	 54	 45	 60	 54	  0	 60	  0	  0	  0	  0	  0	  0	  0	  0	  0	  0	  0	  5	11822	  1
18/03/2018	20:44:52	->	L	00000000	 10	 55	 47	 63	  0	129	  0	  4	  4	  4	  4	  4	  4	  4	  4	  0	  0	  0	  0	  0	  0	  0	  0	  0	  0	  0	  0	  0	  0	  0	  0	  0	  0	  0	  0	  0	  0	  0	  0	 55	 47	 63	 55	  0	 63	  0	  0	  0	  0	  0	  0	  0	  0	  0	  0	  0	  5	12079	  1
18/03/2018	20:49:52	->	L	00000000	 10	 55	 47	 60	  0	134	  0	  4	  4	  4	  4	  4	  4	  4	  4	  0	  0	  0	  0	  0	  0	  0	  0	  0	  0	  0	  0	  0	  0	  0	  0	  0	  0	  0	  0	  0	  0	  0	  0	 55	 47	 63	 54	  0	 67	  0	  0	  0	  0	  0	  0	  0	  0	  0	  0	  0	  5	12079	  1
18/03/2018	20:54:52	->	L	00000000	 10	 56	 51	 80	  0	139	  0	  4	  4	  4	  4	  4	  4	  4	  4	  0	  0	  0	  0	  0	  0	  0	  0	  0	  0	  0	  0	  0	  0	  0	  0	  0	  0	  0	  0	  0	  0	  0	  0	 56	 51	 78	 55	  0	 80	  0	  0	  0	  0	  0	  0	  0	  0	  0	  0	  0	  5	12336	  1
18/03/2018	20:59:52	->	L	00000000	 10	 55	 47	 67	  0	144	  0	  4	  4	  4	  4	  4	  4	  4	  4	  0	  0	  0	  0	  0	  0	  0	  0	  0	  0	  0	  0	  0	  0	  0	  0	  0	  0	  0	  0	  0	  0	  0	  0	 55	 47	 63	 55	  0	 63	  0	  0	  0	  0	  0	  0	  0	  0	  0	  0	  0	  5	12593	  1
18/03/2018	21:04:52	->	L	00000000	 10	 56	 50	 68	  0	149	  0	  4	  4	  4	  4	  4	  4	  4	  4	  0	  0	  0	  0	  0	  0	  0	  0	  0	  0	  0	  0	  0	  0	  0	  0	  0	  0	  0	  0	  0	  0	  0	  0	 56	 50	 68	 55	  0	 77	  0	  0	  0	  0	  0	  0	  0	  0	  0	  0	  0	  5	12850	  1
18/03/2018	21:09:52	->	L	00000000	 10	 57	 50	 68	  0	154	  0	  4	  4	  4	  4	  4	  4	  4	  4	  0	  0	  0	  0	  0	  0	  0	  0	  0	  0	  0	  0	  0	  0	  0	  0	  0	  0	  0	  0	  0	  0	  0	  0	 57	 50	 68	 57	  0	 68	  0	  0	  0	  0	  0	  0	  0	  0	  0	  0	  0	  5	12850	  1
18/03/2018	21:14:52	->	L	00000000	 10	 57	 49	 68	  0	159	  0	  4	  4	  4	  4	  4	  4	  4	  4	  0	  0	  0	  0	  0	  0	  0	  0	  0	  0	  0	  0	  0	  0	  0	  0	  0	  0	  0	  0	  0	  0	  0	  0	 57	 49	 64	 56	  0	 68	  0	  0	  0	  0	  0	  0	  0	  0	  0	  0	  0	  5	13107	  1
18/03/2018	21:19:52	->	L	00000000	 10	 57	 51	 78	  0	164	  0	  4	  4	  4	  4	  4	  4	  4	  4	  0	  0	  0	  0	  0	  0	  0	  0	  0	  0	  0	  0	  0	  0	  0	  0	  0	  0	  0	  0	  0	  0	  0	  0	 57	 51	 72	 57	  0	 72	  0	  0	  0	  0	  0	  0	  0	  0	  0	  0	  0	  5	13364	  1
18/03/2018	21:24:52	->	L	00000000	 10	 58	 53	 72	  0	169	  0	  4	  4	  4	  4	  4	  4	  4	  4	  0	  0	  0	  0	  0	  0	  0	  0	  0	  0	  0	  0	  0	  0	  0	  0	  0	  0	  0	  0	  0	  0	  0	  0	 58	 53	 78	 58	  0	 78	  0	  0	  0	  0	  0	  0	  0	  0	  0	  0	  0	  5	13364	  1
18/03/2018	21:29:52	->	L	00000000	 10	 58	 52	 72	  0	174	  0	  4	  4	  4	  4	  4	  4	  4	  4	  0	  0	  0	  0	  0	  0	  0	  0	  0	  0	  0	  0	  0	  0	  0	  0	  0	  0	  0	  0	  0	  0	  0	  0	 58	 52	 72	 57	  0	 78	  0	  0	  0	  0	  0	  0	  0	  0	  0	  0	  0	  5	13621	  1
18/03/2018	21:34:52	->	L	00000000	 10	 59	 54	 78	  0	179	  0	  4	  4	  4	  4	  4	  4	  4	  4	  0	  0	  0	  0	  0	  0	  0	  0	  0	  0	  0	  0	  0	  0	  0	  0	  0	  0	  0	  0	  0	  0	  0	  0	 59	 54	 78	 59	  0	 78	  0	  0	  0	  0	  0	  0	  0	  0	  0	  0	  0	  5	13878	  1
18/03/2018	21:39:52	<-	L	00000000	 10	 59	 55	 81	  0	184	  0	  4	  4	  4	  4	  4	  4	  4	  4	  0	  0	  0	  0	  0	  0	  0	  0	  0	  0	  0	  0	  0	  0	  0	  0	  0	  0	  0	  0	  0	  0	  0	  0	 59	 55	 81	 59	  0	 81	  0	  0	  0	  0	  0	  0	  0	  0	  0	  0	  0	  5	14135	  1
18/03/2018	21:44:53	<-	L	00000000	 10	 60	 54	 72	  0	189	  0	  4	  4	  4	  4	  4	  4	  4	  4	  0	  0	  0	  0	  0	  0	  0	  0	  0	  0	  0	  0	  0	  0	  0	  0	  0	  0	  0	  0	  0	  0	  0	  0	 60	 54	 72	 59	  0	 78	  0	  0	  0	  0	  0	  0	  0	  0	  0	  0	  0	  5	14135	  1
18/03/2018	21:49:53	<-	L	00000000	 10	 60	 55	 78	  0	194	  0	  4	  4	  4	  4	  4	  4	  4	  4	  0	  0	  0	  0	  0	  0	  0	  0	  0	  0	  0	  0	  0	  0	  0	  0	  0	  0	  0	  0	  0	  0	  0	  0	 60	 55	 78	 60	  0	 78	  0	  0	  0	  0	  0	  0	  0	  0	  0	  0	  0	  5	14392	  1
18/03/2018	21:54:53	<-	L	00000000	 10	 62	 56	 73	  0	199	  0	  4	  4	  4	  4	  4	  4	  4	  4	  0	  0	  0	  0	  0	  0	  0	  0	  0	  0	  0	  0	  0	  0	  0	  0	  0	  0	  0	  0	  0	  0	  0	  0	 62	 56	 73	 61	  0	 78	  0	  0	  0	  0	  0	  0	  0	  0	  0	  0	  0	  5	14649	  1
18/03/2018	21:59:53	<-	L	00000000	 10	 62	 56	 69	  0	204	  0	  4	  4	  4	  4	  4	  4	  4	  4	  0	  0	  0	  0	  0	  0	  0	  0	  0	  0	  0	  0	  0	  0	  0	  0	  0	  0	  0	  0	  0	  0	  0	  0	 62	 56	 73	 62	  0	 73	  0	  0	  0	  0	  0	  0	  0	  0	  0	  0	  0	  5	14649	  1
18/03/2018	22:04:53	<-	L	00000000	 10	 63	 56	 69	  0	209	  0	  4	  4	  4	  4	  4	  4	  4	  4	  0	  0	  0	  0	  0	  0	  0	  0	  0	  0	  0	  0	  0	  0	  0	  0	  0	  0	  0	  0	  0	  0	  0	  0	 63	 56	 69	 62	  0	 73	  0	  0	  0	  0	  0	  0	  0	  0	  0	  0	  0	  5	14906	  1
18/03/2018	22:09:53	<-	L	00000000	 10	 63	 54	 66	  0	214	  0	  4	  4	  4	  4	  4	  4	  4	  4	  0	  0	  0	  0	  0	  0	  0	  0	  0	  0	  0	  0	  0	  0	  0	  0	  0	  0	  0	  0	  0	  0	  0	  0	 63	 54	 62	 62	  0	 65	  0	  0	  0	  0	  0	  0	  0	  0	  0	  0	  0	  5	15163	  1
18/03/2018	22:14:53	<-	L	00000000	 10	 63	 51	 55	  0	219	  0	  4	  4	  4	  4	  4	  4	  4	  4	  0	  0	  0	  0	  0	  0	  0	  0	  0	  0	  0	  0	  0	  0	  0	  0	  0	  0	  0	  0	  0	  0	  0	  0	 63	 51	 52	 62	  0	 55	  0	  0	  0	  0	  0	  0	  0	  0	  0	  0	  0	  5	15420	  1
18/03/2018	22:19:53	<-	L	00000000	 10	 63	 49	 45	  0	224	  0	  4	  4	  4	  4	  4	  4	  4	  4	  0	  0	  0	  0	  0	  0	  0	  0	  0	  0	  0	  0	  0	  0	  0	  0	  0	  0	  0	  0	  0	  0	  0	  0	 63	 49	 45	 62	  0	 48	  0	  0	  0	  0	  0	  0	  0	  0	  0	  0	  0	  5	15420	  1
18/03/2018	22:24:53	<-	L	00000000	 10	 63	 46	 40	  0	229	  0	  4	  4	  4	  4	  4	  4	  4	  4	  0	  0	  0	  0	  0	  0	  0	  0	  0	  0	  0	  0	  0	  0	  0	  0	  0	  0	  0	  0	  0	  0	  0	  0	 63	 46	 37	 63	  0	 37	  0	  0	  0	  0	  0	  0	  0	  0	  0	  0	  0	  5	15677	  1
18/03/2018	22:29:53	<-	L	00000000	 10	 64	 45	 35	  0	234	  0	  4	  4	  4	  4	  4	  4	  4	  4	  0	  0	  0	  0	  0	  0	  0	  0	  0	  0	  0	  0	  0	  0	  0	  0	  0	  0	  0	  0	  0	  0	  0	  0	 64	 45	 33	 63	  0	 35	  0	  0	  0	  0	  0	  0	  0	  0	  0	  0	  0	  5	15934	  1
18/03/2018	22:34:53	<-	L	00000000	 10	 63	 43	 30	  0	239	  0	  4	  4	  4	  4	  4	  4	  4	  4	  0	  0	  0	  0	  0	  0	  0	  0	  0	  0	  0	  0	  0	  0	  0	  0	  0	  0	  0	  0	  0	  0	  0	  0	 63	 43	 30	 63	  0	 30	  0	  0	  0	  0	  0	  0	  0	  0	  0	  0	  0	  5	15934	  1
18/03/2018	22:39:53	<-	L	00000000	 10	 64	 41	 23	  0	244	  0	  4	  4	  4	  4	  4	  4	  4	  4	  0	  0	  0	  0	  0	  0	  0	  0	  0	  0	  0	  0	  0	  0	  0	  0	  0	  0	  0	  0	  0	  0	  0	  0	 64	 41	 23	 63	  0	 25	  0	  0	  0	  0	  0	  0	  0	  0	  0	  0	  0	  5	16191	  1
18/03/2018	22:44:53	<-	L	00000000	 10	 64	 40	 23	  0	249	  0	  4	  4	  4	  4	  4	  4	  4	  4	  0	  0	  0	  0	  0	  0	  0	  0	  0	  0	  0	  0	  0	  0	  0	  0	  0	  0	  0	  0	  0	  0	  0	  0	 64	 40	 23	 64	  0	 23	  0	  0	  0	  0	  0	  0	  0	  0	  0	  0	  0	  5	16448	  1
18/03/2018	22:49:53	<-	L	00000000	 10	 64	 38	 20	  0	254	  0	  4	  4	  4	  4	  4	  4	  4	  4	  0	  0	  0	  0	  0	  0	  0	  0	  0	  0	  0	  0	  0	  0	  0	  0	  0	  0	  0	  0	  0	  0	  0	  0	 64	 38	 20	 63	  0	 20	  0	  0	  0	  0	  0	  0	  0	  0	  0	  0	  0	  5	16448	  1
18/03/2018	22:54:53	<-	L	00000000	 10	 74	 40	 15	  0	259	  0	  4	  4	  4	  4	  4	  4	  4	  4	  0	  0	  0	  0	  0	  0	  0	  0	  0	  0	  0	  0	  0	  0	  0	  0	  0	  0	  0	  0	  0	  0	  0	  0	 74	 40	 15	 73	  0	 15	  0	  0	  0	  0	  0	  0	  0	  0	  0	  0	  0	  5	16705	  1
18/03/2018	22:59:53	<-	L	00000000	 10	 71	 38	 15	  0	264	  0	  4	  4	  4	  4	  4	  4	  4	  4	  0	  0	  0	  0	  0	  0	  0	  0	  0	  0	  0	  0	  0	  0	  0	  0	  0	  0	  0	  0	  0	  0	  0	  0	 71	 38	 14	 70	  0	 15	  0	  0	  0	  0	  0	  0	  0	  0	  0	  0	  0	  5	16962	  1
18/03/2018	23:04:53	<-	L	00000000	 10	 69	 38	 15	  0	269	  0	  4	  4	  4	  4	  4	  4	  4	  4	  0	  0	  0	  0	  0	  0	  0	  0	  0	  0	  0	  0	  0	  0	  0	  0	  0	  0	  0	  0	  0	  0	  0	  0	 69	 37	 15	 69	  0	 16	  0	  0	  0	  0	  0	  0	  0	  0	  0	  0	  0	  5	17219	  1
18/03/2018	23:09:54	<-	L	00000000	 10	 68	 36	 14	  0	274	  0	  4	  4	  4	  4	  4	  4	  4	  4	  0	  0	  0	  0	  0	  0	  0	  0	  0	  0	  0	  0	  0	  0	  0	  0	  0	  0	  0	  0	  0	  0	  0	  0	 68	 36	 14	 68	  0	 14	  0	  0	  0	  0	  0	  0	  0	  0	  0	  0	  0	  5	17219	  1
18/03/2018	23:14:54	<-	L	00000000	 10	 68	 36	 15	  0	279	  0	  4	  4	  4	  4	  4	  4	  4	  4	  0	  0	  0	  0	  0	  0	  0	  0	  0	  0	  0	  0	  0	  0	  0	  0	  0	  0	  0	  0	  0	  0	  0	  0	 68	 36	 14	 68	  0	 14	  0	  0	  0	  0	  0	  0	  0	  0	  0	  0	  0	  5	17476	  1
18/03/2018	23:19:54	<-	L	00000000	 10	 72	 36	 12	  0	284	  0	  4	  4	  4	  4	  4	  4	  4	  4	  0	  0	  0	  0	  0	  0	  0	  0	  0	  0	  0	  0	  0	  0	  0	  0	  0	  0	  0	  0	  0	  0	  0	  0	 72	 36	 12	 71	  0	 12	  0	  0	  0	  0	  0	  0	  0	  0	  0	  0	  0	  5	17733	  1
18/03/2018	23:24:54	<-	L	00000000	 10	 70	 36	 13	  0	290	  0	  4	  4	  4	  4	  4	  4	  4	  4	  0	  0	  0	  0	  0	  0	  0	  0	  0	  0	  0	  0	  0	  0	  0	  0	  0	  0	  0	  0	  0	  0	  0	  0	 70	 36	 13	 70	  0	 13	  0	  0	  0	  0	  0	  0	  0	  0	  0	  0	  0	  5	17733	  1
18/03/2018	23:29:54	<-	L	00000000	 10	 78	 38	 11	  0	295	  0	  4	  4	  4	  4	  4	  4	  4	  4	  0	  0	  0	  0	  0	  0	  0	  0	  0	  0	  0	  0	  0	  0	  0	  0	  0	  0	  0	  0	  0	  0	  0	  0	 78	 38	 11	 76	  0	 12	  0	  0	  0	  0	  0	  0	  0	  0	  0	  0	  0	  5	17990	  1
18/03/2018	23:34:54	<-	L	00000000	 10	 74	 37	 10	  0	300	  0	  4	  4	  4	  4	  4	  4	  4	  4	  0	  0	  0	  0	  0	  0	  0	  0	  0	  0	  0	  0	  0	  0	  0	  0	  0	  0	  0	  0	  0	  0	  0	  0	 74	 37	 12	 74	  0	 12	  0	  0	  0	  0	  0	  0	  0	  0	  0	  0	  0	  5	18247	  1
18/03/2018	23:39:55	<-	L	00000000	 10	 74	 36	 11	  0	305	  0	  4	  4	  4	  4	  4	  4	  4	  4	  0	  0	  0	  0	  0	  0	  0	  0	  0	  0	  0	  0	  0	  0	  0	  0	  0	  0	  0	  0	  0	  0	  0	  0	 74	 36	 11	 73	  0	 11	  0	  0	  0	  0	  0	  0	  0	  0	  0	  0	  0	  5	18504	  1
18/03/2018	23:44:54	<-	L	00000000	 10	 73	 36	 11	  0	310	  0	  4	  4	  4	  4	  4	  4	  4	  4	  0	  0	  0	  0	  0	  0	  0	  0	  0	  0	  0	  0	  0	  0	  0	  0	  0	  0	  0	  0	  0	  0	  0	  0	 73	 36	 11	 72	  0	 12	  0	  0	  0	  0	  0	  0	  0	  0	  0	  0	  0	  5	18504	  1
18/03/2018	23:49:54	<-	L	00000000	 10	 73	 36	 10	  0	315	  0	  4	  4	  4	  4	  4	  4	  4	  4	  0	  0	  0	  0	  0	  0	  0	  0	  0	  0	  0	  0	  0	  0	  0	  0	  0	  0	  0	  0	  0	  0	  0	  0	 73	 36	 11	 72	  0	 12	  0	  0	  0	  0	  0	  0	  0	  0	  0	  0	  0	  5	18761	  1
18/03/2018	23:54:54	<-	L	00000000	 10	 78	 36	  9	  0	320	  0	  4	  4	  4	  4	  4	  4	  4	  4	  0	  0	  0	  0	  0	  0	  0	  0	  0	  0	  0	  0	  0	  0	  0	  0	  0	  0	  0	  0	  0	  0	  0	  0	 78	 36	  9	 77	  0	  9	  0	  0	  0	  0	  0	  0	  0	  0	  0	  0	  0	  5	19018	  1
18/03/2018	23:59:54	<-	L	00000000	 10	 74	 36	 10	  0	325	  0	  4	  4	  4	  4	  4	  4	  4	  4	  0	  0	  0	  0	  0	  0	  0	  0	  0	  0	  0	  0	  0	  0	  0	  0	  0	  0	  0	  0	  0	  0	  0	  0	 74	 36	 11	 73	  0	 11	  0	  0	  0	  0	  0	  0	  0	  0	  0	  0	  0	  5	19275	  1
19/03/2018	00:04:54	<-	L	00000000	 10	 82	 37	  7	  0	330	  0	  4	  4	  4	  4	  4	  4	  4	  4	  0	  0	  0	  0	  0	  0	  0	  0	  0	  0	  0	  0	  0	  0	  0	  0	  0	  0	  0	  0	  0	  0	  0	  0	 82	 37	  8	 81	  0	  8	  0	  0	  0	  0	  0	  0	  0	  0	  0	  0	  0	  5	19275	  1
19/03/2018	00:09:54	<-	L	00000000	 10	 79	 36	  9	  0	335	  0	  4	  4	  4	  4	  4	  4	  4	  4	  0	  0	  0	  0	  0	  0	  0	  0	  0	  0	  0	  0	  0	  0	  0	  0	  0	  0	  0	  0	  0	  0	  0	  0	 79	 36	  8	 78	  0	  9	  0	  0	  0	  0	  0	  0	  0	  0	  0	  0	  0	  5	19532	  1
19/03/2018	00:14:54	<-	L	00000000	 10	 78	 36	  9	  0	340	  0	  4	  4	  4	  4	  4	  4	  4	  4	  0	  0	  0	  0	  0	  0	  0	  0	  0	  0	  0	  0	  0	  0	  0	  0	  0	  0	  0	  0	  0	  0	  0	  0	 78	 36	  9	 76	  0	 10	  0	  0	  0	  0	  0	  0	  0	  0	  0	  0	  0	  5	19789	  1
19/03/2018	00:19:54	<-	L	00000000	 10	 77	 35	  9	  0	345	  0	  4	  4	  4	  4	  4	  4	  4	  4	  0	  0	  0	  0	  0	  0	  0	  0	  0	  0	  0	  0	  0	  0	  0	  0	  0	  0	  0	  0	  0	  0	  0	  0	 77	 35	  8	 76	  0	  9	  0	  0	  0	  0	  0	  0	  0	  0	  0	  0	  0	  5	19789	  1
19/03/2018	00:24:55	<-	L	00000000	 10	 86	 38	  4	  0	350	  0	  4	  4	  4	  4	  4	  4	  4	  4	  0	  0	  0	  0	  0	  0	  0	  0	  0	  0	  0	  0	  0	  0	  0	  0	  0	  0	  0	  0	  0	  0	  0	  0	 86	 38	  6	 85	  0	  7	  0	  0	  0	  0	  0	  0	  0	  0	  0	  0	  0	  5	20046	  1
19/03/2018	00:29:55	<-	L	00000000	 10	 80	 36	  8	  0	355	  0	  4	  4	  4	  4	  4	  4	  4	  4	  0	  0	  0	  0	  0	  0	  0	  0	  0	  0	  0	  0	  0	  0	  0	  0	  0	  0	  0	  0	  0	  0	  0	  0	 80	 36	  8	 79	  0	  8	  0	  0	  0	  0	  0	  0	  0	  0	  0	  0	  0	  5	20303	  1
19/03/2018	00:34:55	<-	L	00000000	 10	 89	 37	  4	  0	360	  0	  4	  4	  4	  4	  4	  4	  4	  4	  0	  0	  0	  0	  0	  0	  0	  0	  0	  0	  0	  0	  0	  0	  0	  0	  0	  0	  0	  0	  0	  0	  0	  0	 89	 37	  3	 88	  0	  4	  0	  0	  0	  0	  0	  0	  0	  0	  0	  0	  0	  5	20560	  1
19/03/2018	00:39:55	<-	L	00000000	 21	 96	 39	  0	  0	  4	  0	  4	  4	  4	  4	  4	  4	  4	  4	  0	  0	  0	  0	  0	  0	  0	  0	  0	  0	  0	  0	  0	  0	  0	  0	  0	  0	  0	  0	  0	  0	  0	  0	 96	 39	  1	 94	  0	  2	  0	  0	  0	  0	  0	  0	  0	  0	  0	  0	  0	  5	23118	  0
19/03/2018	00:44:55	<-	L	00000000	 21	100	 39	  0	  0	  9	  0	  4	  4	  4	  4	  4	  4	  4	  4	  0	  0	  0	  0	  0	  0	  0	  0	  0	  0	  0	  0	  0	  0	  0	  0	  0	  0	  0	  0	  0	  0	  0	  0	100	 39	  0	 98	  0	  0	  0	  0	  0	  0	  0	  0	  0	  0	  0	  0	  0	  5	23118	  0
19/03/2018	00:49:55	<-	L	00000000	 21	 94	 39	  2	  0	 14	  0	  4	  4	  4	  4	  4	  4	  4	  4	  0	  0	  0	  0	  0	  0	  0	  0	  0	  0	  0	  0	  0	  0	  0	  0	  0	  0	  0	  0	  0	  0	  0	  0	 94	 39	  2	 92	  0	  3	  0	  0	  0	  0	  0	  0	  0	  0	  0	  0	  0	  5	23118	  0
19/03/2018	00:54:55	<-	L	00000000	 21	 91	 38	  2	  0	 19	  0	  4	  4	  4	  4	  4	  4	  4	  4	  0	  0	  0	  0	  0	  0	  0	  0	  0	  0	  0	  0	  0	  0	  0	  0	  0	  0	  0	  0	  0	  0	  0	  0	 91	 38	  3	 90	  0	  4	  0	  0	  0	  0	  0	  0	  0	  0	  0	  0	  0	  5	23118	  0
19/03/2018	00:59:55	<-	L	00000000	 21	 94	 38	  2	  0	 24	  0	  4	  4	  4	  4	  4	  4	  4	  4	  0	  0	  0	  0	  0	  0	  0	  0	  0	  0	  0	  0	  0	  0	  0	  0	  0	  0	  0	  0	  0	  0	  0	  0	 94	 38	  1	 92	  0	  2	  0	  0	  0	  0	  0	  0	  0	  0	  0	  0	  0	  5	23118	  0
19/03/2018	01:04:55	<-	L	00000000	 21	 99	 39	  0	  0	 29	  0	  4	  4	  4	  4	  4	  4	  4	  4	  0	  0	  0	  0	  0	  0	  0	  0	  0	  0	  0	  0	  0	  0	  0	  0	  0	  0	  0	  0	  0	  0	  0	  0	 99	 39	  0	 97	  0	  0	  0	  0	  0	  0	  0	  0	  0	  0	  0	  0	  0	  5	23118	  0
19/03/2018	01:09:55	  	L	00000000	 21	 88	 39	  5	  0	 31	  0	  4	  4	  4	  4	  4	  4	  4	  4	  0	  0	  0	  0	  0	  0	  0	  0	  0	  0	  0	  0	  0	  0	  0	  0	  0	  0	  0	  0	  0	  0	  0	  0	 88	 39	  6	 87	  0	  6	  0	  0	  0	  0	  0	  0	  0	  0	  0	  0	  0	  5	23118	  0
19/03/2018	01:14:55	  	L	00000000	 21	 80	 38	 10	  0	 31	  0	  4	  4	  4	  4	  4	  4	  4	  4	  0	  0	  0	  0	  0	  0	  0	  0	  0	  0	  0	  0	  0	  0	  0	  0	  0	  0	  0	  0	  0	  0	  0	  0	 80	 38	 10	 79	  0	 10	  0	  0	  0	  0	  0	  0	  0	  0	  0	  0	  0	  5	23118	  0
19/03/2018	01:19:55	  	L	00000000	 21	 74	 38	 12	  0	 31	  0	  4	  4	  4	  4	  4	  4	  4	  4	  0	  0	  0	  0	  0	  0	  0	  0	  0	  0	  0	  0	  0	  0	  0	  0	  0	  0	  0	  0	  0	  0	  0	  0	 74	 38	 13	 73	  0	 13	  0	  0	  0	  0	  0	  0	  0	  0	  0	  0	  0	  5	23118	  0
19/03/2018	01:24:55	  	L	00000000	 21	 69	 37	 14	  0	 31	  0	  4	  4	  4	  4	  4	  4	  4	  4	  0	  0	  0	  0	  0	  0	  0	  0	  0	  0	  0	  0	  0	  0	  0	  0	  0	  0	  0	  0	  0	  0	  0	  0	 69	 37	 14	 69	  0	 14	  0	  0	  0	  0	  0	  0	  0	  0	  0	  0	  0	  5	19240	  0
19/03/2018	01:29:56	<-	L	00000000	 21	 67	 36	 14	  0	 34	  0	  4	  4	  4	  4	  4	  4	  4	  4	  0	  0	  0	  0	  0	  0	  0	  0	  0	  0	  0	  0	  0	  0	  0	  0	  0	  0	  0	  0	  0	  0	  0	  0	 67	 36	 14	 67	  0	 14	  0	  0	  0	  0	  0	  0	  0	  0	  0	  0	  0	  5	19240	  0
19/03/2018	05:54:59	<-	L	00000000	 21	 46	 28	 25	  0	 38	  0	  4	  4	  4	  4	  4	  4	  4	  4	  0	  0	  0	  0	  0	  0	  0	  0	  0	  0	  0	  0	  0	  0	  0	  0	  0	  0	  0	  0	  0	  0	  0	  0	 46	 28	 28	 46	  0	 28	  0	  0	  0	  0	  0	  0	  0	  0	  0	  0	  0	  5	19240	  0
19/03/2018	05:59:59	<-	L	00000000	 21	 83	 34	  3	  0	 43	  0	  4	  4	  4	  4	  4	  4	  4	  4	  0	  0	  0	  0	  0	  0	  0	  0	  0	  0	  0	  0	  0	  0	  0	  0	  0	  0	  0	  0	  0	  0	  0	  0	 83	 34	  4	 80	  0	  6	  0	  0	  0	  0	  0	  0	  0	  0	  0	  0	  0	  5	19240	  0
19/03/2018	06:04:59	<-	L	00000000	 21	 84	 35	  4	  0	 48	  0	  4	  4	  4	  4	  4	  4	  4	  4	  0	  0	  0	  0	  0	  0	  0	  0	  0	  0	  0	  0	  0	  0	  0	  0	  0	  0	  0	  0	  0	  0	  0	  0	 84	 35	  4	 83	  0	  5	  0	  0	  0	  0	  0	  0	  0	  0	  0	  0	  0	  5	19240	  0
19/03/2018	06:09:59	<-	L	00000000	 21	 74	 33	  8	  0	 53	  0	  4	  4	  4	  4	  4	  4	  4	  4	  0	  0	  0	  0	  0	  0	  0	  0	  0	  0	  0	  0	  0	  0	  0	  0	  0	  0	  0	  0	  0	  0	  0	  0	 74	 33	  8	 73	  0	  8	  0	  0	  0	  0	  0	  0	  0	  0	  0	  0	  0	  5	19240	  0
19/03/2018	06:14:59	<-	L	00000000	 21	 80	 34	  6	  0	 58	  0	  4	  4	  4	  4	  4	  4	  4	  4	  0	  0	  0	  0	  0	  0	  0	  0	  0	  0	  0	  0	  0	  0	  0	  0	  0	  0	  0	  0	  0	  0	  0	  0	 80	 34	  6	 79	  0	  6	  0	  0	  0	  0	  0	  0	  0	  0	  0	  0	  0	  5	19240	  0
19/03/2018	06:20:00	  	L	00000000	 21	 75	 32	  7	  0	 63	  0	  4	  4	  4	  4	  4	  4	  4	  4	  0	  0	  0	  0	  0	  0	  0	  0	  0	  0	  0	  0	  0	  0	  0	  0	  0	  0	  0	  0	  0	  0	  0	  0	 75	 32	  6	 73	  0	  7	  0	  0	  0	  0	  0	  0	  0	  0	  0	  0	  0	  5	19240	  0
19/03/2018	06:24:59	->	L	00000000	 21	 90	 35	  1	  0	 68	  0	  4	  4	  4	  4	  4	  4	  4	  4	  0	  0	  0	  0	  0	  0	  0	  0	  0	  0	  0	  0	  0	  0	  0	  0	  0	  0	  0	  0	  0	  0	  0	  0	 90	 35	  1	 90	  0	  1	  0	  0	  0	  0	  0	  0	  0	  0	  0	  0	  0	  5	19240	  0
19/03/2018	06:30:00	->	L	00000000	 21	 80	 35	  6	  0	 73	  0	  4	  4	  4	  4	  4	  4	  4	  4	  0	  0	  0	  0	  0	  0	  0	  0	  0	  0	  0	  0	  0	  0	  0	  0	  0	  0	  0	  0	  0	  0	  0	  0	 80	 35	  7	 80	  0	  7	  0	  0	  0	  0	  0	  0	  0	  0	  0	  0	  0	  5	19240	  0
19/03/2018	06:35:00	->	L	00000000	 21	 77	 33	  7	  0	 78	  0	  4	  4	  4	  4	  4	  4	  4	  4	  0	  0	  0	  0	  0	  0	  0	  0	  0	  0	  0	  0	  0	  0	  0	  0	  0	  0	  0	  0	  0	  0	  0	  0	 76	 33	  7	 77	  0	  6	  0	  0	  0	  0	  0	  0	  0	  0	  0	  0	  0	  5	19240	  0
19/03/2018	06:40:00	->	L	00000000	 21	 75	 33	  8	  0	 83	  0	  4	  4	  4	  4	  4	  4	  4	  4	  0	  0	  0	  0	  0	  0	  0	  0	  0	  0	  0	  0	  0	  0	  0	  0	  0	  0	  0	  0	  0	  0	  0	  0	 74	 33	  8	 75	  0	  7	  0	  0	  0	  0	  0	  0	  0	  0	  0	  0	  0	  5	19240	  0
19/03/2018	06:45:00	->	L	00000000	 21	 82	 35	  5	  0	 88	  0	  4	  4	  4	  4	  4	  4	  4	  4	  0	  0	  0	  0	  0	  0	  0	  0	  0	  0	  0	  0	  0	  0	  0	  0	  0	  0	  0	  0	  0	  0	  0	  0	 82	 35	  6	 82	  0	  6	  0	  0	  0	  0	  0	  0	  0	  0	  0	  0	  0	  5	19240	  0
19/03/2018	06:50:00	->	L	00000000	 21	 78	 34	  7	  0	 93	  0	  4	  4	  4	  4	  4	  4	  4	  4	  0	  0	  0	  0	  0	  0	  0	  0	  0	  0	  0	  0	  0	  0	  0	  0	  0	  0	  0	  0	  0	  0	  0	  0	 78	 34	  7	 78	  0	  7	  0	  0	  0	  0	  0	  0	  0	  0	  0	  0	  0	  5	19240	  0
19/03/2018	06:55:00	->	L	00000000	 21	 94	 37	  0	  0	 98	  0	  4	  4	  4	  4	  4	  4	  4	  4	  0	  0	  0	  0	  0	  0	  0	  0	  0	  0	  0	  0	  0	  0	  0	  0	  0	  0	  0	  0	  0	  0	  0	  0	 93	 37	  1	 94	  0	  0	  0	  0	  0	  0	  0	  0	  0	  0	  0	  0	  0	  5	20520	  0
19/03/2018	07:00:00	->	L	00000000	 21	 84	 36	  5	  0	103	  0	  4	  4	  4	  4	  4	  4	  4	  4	  0	  0	  0	  0	  0	  0	  0	  0	  0	  0	  0	  0	  0	  0	  0	  0	  0	  0	  0	  0	  0	  0	  0	  0	 84	 36	  5	 84	  0	  5	  0	  0	  0	  0	  0	  0	  0	  0	  0	  0	  0	  5	21800	  0
19/03/2018	07:05:00	->	L	00000000	 21	 88	 37	  4	  0	108	  0	  4	  4	  4	  4	  4	  4	  4	  4	  0	  0	  0	  0	  0	  0	  0	  0	  0	  0	  0	  0	  0	  0	  0	  0	  0	  0	  0	  0	  0	  0	  0	  0	 88	 37	  4	 88	  0	  4	  0	  0	  0	  0	  0	  0	  0	  0	  0	  0	  0	  5	21800	  0
19/03/2018	07:10:00	->	L	00000000	 21	 97	 38	  0	  0	113	  0	  4	  4	  4	  4	  4	  4	  4	  4	  0	  0	  0	  0	  0	  0	  0	  0	  0	  0	  0	  0	  0	  0	  0	  0	  0	  0	  0	  0	  0	  0	  0	  0	 96	 38	  0	 97	  0	  0	  0	  0	  0	  0	  0	  0	  0	  0	  0	  0	  0	  5	21800	  0
19/03/2018	07:15:00	->	L	00000000	 21	 88	 37	  4	  0	118	  0	  4	  4	  4	  4	  4	  4	  4	  4	  0	  0	  0	  0	  0	  0	  0	  0	  0	  0	  0	  0	  0	  0	  0	  0	  0	  0	  0	  0	  0	  0	  0	  0	 87	 37	  4	 88	  0	  4	  0	  0	  0	  0	  0	  0	  0	  0	  0	  0	  0	  5	21800	  0
19/03/2018	07:20:00	->	L	00000000	 21	 96	 38	  0	  0	123	  0	  4	  4	  4	  4	  4	  4	  4	  4	  0	  0	  0	  0	  0	  0	  0	  0	  0	  0	  0	  0	  0	  0	  0	  0	  0	  0	  0	  0	  0	  0	  0	  0	 96	 38	  0	 96	  0	  0	  0	  0	  0	  0	  0	  0	  0	  0	  0	  0	  0	  5	21800	  0
19/03/2018	07:25:01	->	L	00000000	 21	 87	 37	  3	  0	128	  0	  4	  4	  4	  4	  4	  4	  4	  4	  0	  0	  0	  0	  0	  0	  0	  0	  0	  0	  0	  0	  0	  0	  0	  0	  0	  0	  0	  0	  0	  0	  0	  0	 87	 37	  4	 87	  0	  4	  0	  0	  0	  0	  0	  0	  0	  0	  0	  0	  0	  5	21800	  0
19/03/2018	07:30:00	->	L	00000000	 21	 95	 38	  0	  0	133	  0	  4	  4	  4	  4	  4	  4	  4	  4	  0	  0	  0	  0	  0	  0	  0	  0	  0	  0	  0	  0	  0	  0	  0	  0	  0	  0	  0	  0	  0	  0	  0	  0	 95	 38	  0	 95	  0	  0	  0	  0	  0	  0	  0	  0	  0	  0	  0	  0	  0	  5	21800	  0
19/03/2018	07:35:00	->	L	00000000	 21	 87	 37	  4	  0	138	  0	  4	  4	  4	  4	  4	  4	  4	  4	  0	  0	  0	  0	  0	  0	  0	  0	  0	  0	  0	  0	  0	  0	  0	  0	  0	  0	  0	  0	  0	  0	  0	  0	 86	 37	  5	 87	  0	  4	  0	  0	  0	  0	  0	  0	  0	  0	  0	  0	  0	  5	21800	  0
19/03/2018	07:40:00	->	L	00000000	 21	 93	 38	  2	  0	143	  0	  4	  4	  4	  4	  4	  4	  4	  4	  0	  0	  0	  0	  0	  0	  0	  0	  0	  0	  0	  0	  0	  0	  0	  0	  0	  0	  0	  0	  0	  0	  0	  0	 93	 38	  2	 93	  0	  2	  0	  0	  0	  0	  0	  0	  0	  0	  0	  0	  0	  5	21800	  0
19/03/2018	07:45:01	->	L	00000000	 21	 86	 36	  4	  0	148	  0	  4	  4	  4	  4	  4	  4	  4	  4	  0	  0	  0	  0	  0	  0	  0	  0	  0	  0	  0	  0	  0	  0	  0	  0	  0	  0	  0	  0	  0	  0	  0	  0	 85	 36	  5	 86	  0	  4	  0	  0	  0	  0	  0	  0	  0	  0	  0	  0	  0	  5	21800	  0
19/03/2018	07:50:01	->	L	00000000	 21	 86	 36	  4	  0	153	  0	  4	  4	  4	  4	  4	  4	  4	  4	  0	  0	  0	  0	  0	  0	  0	  0	  0	  0	  0	  0	  0	  0	  0	  0	  0	  0	  0	  0	  0	  0	  0	  0	 86	 36	  4	 86	  0	  4	  0	  0	  0	  0	  0	  0	  0	  0	  0	  0	  0	  5	21800	  0
19/03/2018	07:55:01	->	L	00000000	 21	 93	 39	  2	  0	158	  0	  4	  4	  4	  4	  4	  4	  4	  4	  0	  0	  0	  0	  0	  0	  0	  0	  0	  0	  0	  0	  0	  0	  0	  0	  0	  0	  0	  0	  0	  0	  0	  0	 93	 39	  3	 93	  0	  3	  0	  0	  0	  0	  0	  0	  0	  0	  0	  0	  0	  5	21800	  0
19/03/2018	08:00:01	->	L	00000000	 21	 87	 39	  6	  0	163	  0	  4	  4	  4	  4	  4	  4	  4	  4	  0	  0	  0	  0	  0	  0	  0	  0	  0	  0	  0	  0	  0	  0	  0	  0	  0	  0	  0	  0	  0	  0	  0	  0	 87	 39	  6	 87	  0	  6	  0	  0	  0	  0	  0	  0	  0	  0	  0	  0	  0	  5	21800	  0
19/03/2018	08:05:01	->	L	00000000	 21	 85	 47	 15	  0	168	  0	  4	  4	  4	  4	  4	  4	  4	  4	  0	  0	  0	  0	  0	  0	  0	  0	  0	  0	  0	  0	  0	  0	  0	  0	  0	  0	  0	  0	  0	  0	  0	  0	 85	 47	 16	 85	  0	 16	  0	  0	  0	  0	  0	  0	  0	  0	  0	  0	  0	  5	21800	  0
19/03/2018	08:10:01	->	L	00000000	 21	 91	 63	 27	  0	173	  0	  4	  4	  4	  4	  4	  4	  4	  4	  0	  0	  0	  0	  0	  0	  0	  0	  0	  0	  0	  0	  0	  0	  0	  0	  0	  0	  0	  0	  0	  0	  0	  0	 91	 63	 28	 91	  0	 28	  0	  0	  0	  0	  0	  0	  0	  0	  0	  0	  0	  5	21800	  0
19/03/2018	08:15:01	->	L	00000000	 21	 84	 74	 65	  0	178	  0	  4	  4	  4	  4	  4	  4	  4	  4	  0	  0	  0	  0	  0	  0	  0	  0	  0	  0	  0	  0	  0	  0	  0	  0	  0	  0	  0	  0	  0	  0	  0	  0	 83	 74	 68	 84	  0	 65	  0	  0	  0	  0	  0	  0	  0	  0	  0	  0	  0	  5	21800	  0
19/03/2018	08:20:01	->	L	00000000	 21	 91	 81	 66	  0	183	  0	  4	  4	  4	  4	  4	  4	  4	  4	  0	  0	  0	  0	  0	  0	  0	  0	  0	  0	  0	  0	  0	  0	  0	  0	  0	  0	  0	  0	  0	  0	  0	  0	 91	 81	 67	 91	  0	 67	  0	  0	  0	  0	  0	  0	  0	  0	  0	  0	  0	  5	21800	  0
19/03/2018	08:25:01	->	L	00000000	 21	 88	 84	 85	  0	188	  0	  4	  4	  4	  4	  4	  4	  4	  4	  0	  0	  0	  0	  0	  0	  0	  0	  0	  0	  0	  0	  0	  0	  0	  0	  0	  0	  0	  0	  0	  0	  0	  0	 88	 84	 84	 87	  0	 89	  0	  0	  0	  0	  0	  0	  0	  0	  0	  0	  0	  5	21800	  0
19/03/2018	08:30:01	->	L	00000000	 21	 84	 84	100	  0	193	  0	  4	  4	  4	  4	  4	  4	  4	  4	  0	  0	  0	  0	  0	  0	  0	  0	  0	  0	  0	  0	  0	  0	  0	  0	  0	  0	  0	  0	  0	  0	  0	  0	 84	 84	100	 84	  0	100	  0	  0	  0	  0	  0	  0	  0	  0	  0	  0	  0	  5	21800	  0
19/03/2018	08:35:01	->	L	00000000	 21	 91	 86	 79	  0	198	  0	  4	  4	  4	  4	  4	  4	  4	  4	  0	  0	  0	  0	  0	  0	  0	  0	  0	  0	  0	  0	  0	  0	  0	  0	  0	  0	  0	  0	  0	  0	  0	  0	 91	 86	 83	 91	  0	 83	  0	  0	  0	  0	  0	  0	  0	  0	  0	  0	  0	  5	21800	  0
19/03/2018	08:40:01	->	L	00000000	 21	 84	 75	 75	  0	203	  0	  4	  4	  4	  4	  4	  4	  4	  4	  0	  0	  0	  0	  0	  0	  0	  0	  0	  0	  0	  0	  0	  0	  0	  0	  0	  0	  0	  0	  0	  0	  0	  0	 84	 75	 68	 84	  0	 68	  0	  0	  0	  0	  0	  0	  0	  0	  0	  0	  0	  5	21800	  0
19/03/2018	08:45:02	->	L	00000000	 21	 88	 35	  3	  0	208	  0	  4	  4	  4	  4	  4	  4	  4	  4	  0	  0	  0	  0	  0	  0	  0	  0	  0	  0	  0	  0	  0	  0	  0	  0	  0	  0	  0	  0	  0	  0	  0	  0	 88	 35	  2	 88	  0	  2	  0	  0	  0	  0	  0	  0	  0	  0	  0	  0	  0	  5	21800	  0
19/03/2018	08:50:02	->	L	00000000	 21	 84	 35	  4	  0	213	  0	  4	  4	  4	  4	  4	  4	  4	  4	  0	  0	  0	  0	  0	  0	  0	  0	  0	  0	  0	  0	  0	  0	  0	  0	  0	  0	  0	  0	  0	  0	  0	  0	 84	 35	  4	 84	  0	  4	  0	  0	  0	  0	  0	  0	  0	  0	  0	  0	  0	  5	21800	  0
19/03/2018	08:55:01	->	L	00000000	 21	 90	 37	  3	  0	218	  0	  4	  4	  4	  4	  4	  4	  4	  4	  0	  0	  0	  0	  0	  0	  0	  0	  0	  0	  0	  0	  0	  0	  0	  0	  0	  0	  0	  0	  0	  0	  0	  0	 89	 37	  3	 90	  0	  3	  0	  0	  0	  0	  0	  0	  0	  0	  0	  0	  0	  5	21800	  0
19/03/2018	09:00:02	->	L	00000000	 21	 90	 38	  3	  0	223	  0	  4	  4	  4	  4	  4	  4	  4	  4	  0	  0	  0	  0	  0	  0	  0	  0	  0	  0	  0	  0	  0	  0	  0	  0	  0	  0	  0	  0	  0	  0	  0	  0	 90	 38	  4	 90	  0	  4	  0	  0	  0	  0	  0	  0	  0	  0	  0	  0	  0	  5	21800	  0
19/03/2018	09:05:02	->	L	00000000	 21	 85	 38	  7	  0	228	  0	  4	  4	  4	  4	  4	  4	  4	  4	  0	  0	  0	  0	  0	  0	  0	  0	  0	  0	  0	  0	  0	  0	  0	  0	  0	  0	  0	  0	  0	  0	  0	  0	 84	 38	  7	 85	  0	  7	  0	  0	  0	  0	  0	  0	  0	  0	  0	  0	  0	  5	21800	  0
19/03/2018	09:10:02	->	L	00000000	 21	 92	 40	  5	  0	233	  0	  4	  4	  4	  4	  4	  4	  4	  4	  0	  0	  0	  0	  0	  0	  0	  0	  0	  0	  0	  0	  0	  0	  0	  0	  0	  0	  0	  0	  0	  0	  0	  0	 92	 40	  4	 92	  0	  4	  0	  0	  0	  0	  0	  0	  0	  0	  0	  0	  0	  5	21800	  0
19/03/2018	09:15:02	->	L	00000000	 21	 86	 39	  6	  0	238	  0	  4	  4	  4	  4	  4	  4	  4	  4	  0	  0	  0	  0	  0	  0	  0	  0	  0	  0	  0	  0	  0	  0	  0	  0	  0	  0	  0	  0	  0	  0	  0	  0	 86	 39	  7	 86	  0	  7	  0	  0	  0	  0	  0	  0	  0	  0	  0	  0	  0	  5	21800	  0
19/03/2018	09:20:02	->	L	00000000	 21	 94	 40	  3	  0	243	  0	  4	  4	  4	  4	  4	  4	  4	  4	  0	  0	  0	  0	  0	  0	  0	  0	  0	  0	  0	  0	  0	  0	  0	  0	  0	  0	  0	  0	  0	  0	  0	  0	 93	 40	  4	 94	  0	  3	  0	  0	  0	  0	  0	  0	  0	  0	  0	  0	  0	  5	21800	  0
19/03/2018	09:25:02	->	L	00000000	 21	 89	 39	  7	  0	248	  0	  4	  4	  4	  4	  4	  4	  4	  4	  0	  0	  0	  0	  0	  0	  0	  0	  0	  0	  0	  0	  0	  0	  0	  0	  0	  0	  0	  0	  0	  0	  0	  0	 88	 39	  6	 89	  0	  5	  0	  0	  0	  0	  0	  0	  0	  0	  0	  0	  0	  5	21800	  0
19/03/2018	09:30:02	->	L	00000000	 21	 94	 41	  4	  0	253	  0	  4	  4	  4	  4	  4	  4	  4	  4	  0	  0	  0	  0	  0	  0	  0	  0	  0	  0	  0	  0	  0	  0	  0	  0	  0	  0	  0	  0	  0	  0	  0	  0	 94	 41	  4	 94	  0	  4	  0	  0	  0	  0	  0	  0	  0	  0	  0	  0	  0	  5	21800	  0
19/03/2018	09:35:02	->	L	00000000	 21	 88	 40	  7	  0	258	  0	  4	  4	  4	  4	  4	  4	  4	  4	  0	  0	  0	  0	  0	  0	  0	  0	  0	  0	  0	  0	  0	  0	  0	  0	  0	  0	  0	  0	  0	  0	  0	  0	 87	 40	  7	 88	  0	  7	  0	  0	  0	  0	  0	  0	  0	  0	  0	  0	  0	  5	21800	  0
19/03/2018	09:40:02	->	L	00000000	 21	 94	 41	  4	  0	263	  0	  4	  4	  4	  4	  4	  4	  4	  4	  0	  0	  0	  0	  0	  0	  0	  0	  0	  0	  0	  0	  0	  0	  0	  0	  0	  0	  0	  0	  0	  0	  0	  0	 93	 41	  5	 94	  0	  4	  0	  0	  0	  0	  0	  0	  0	  0	  0	  0	  0	  5	21800	  0
19/03/2018	09:45:02	->	L	00000000	 21	 88	 40	  7	  0	268	  0	  4	  4	  4	  4	  4	  4	  4	  4	  0	  0	  0	  0	  0	  0	  0	  0	  0	  0	  0	  0	  0	  0	  0	  0	  0	  0	  0	  0	  0	  0	  0	  0	 87	 40	  7	 88	  0	  7	  0	  0	  0	  0	  0	  0	  0	  0	  0	  0	  0	  5	21800	  0
19/03/2018	09:50:03	->	L	00000000	 21	 91	 41	  5	  0	273	  0	  4	  4	  4	  4	  4	  4	  4	  4	  0	  0	  0	  0	  0	  0	  0	  0	  0	  0	  0	  0	  0	  0	  0	  0	  0	  0	  0	  0	  0	  0	  0	  0	 91	 41	  6	 91	  0	  6	  0	  0	  0	  0	  0	  0	  0	  0	  0	  0	  0	  5	21800	  0
19/03/2018	09:55:03	->	L	00000000	 21	 85	 40	  9	  0	278	  0	  4	  4	  4	  4	  4	  4	  4	  4	  0	  0	  0	  0	  0	  0	  0	  0	  0	  0	  0	  0	  0	  0	  0	  0	  0	  0	  0	  0	  0	  0	  0	  0	 84	 40	  9	 85	  0	  9	  0	  0	  0	  0	  0	  0	  0	  0	  0	  0	  0	  5	21800	  0
19/03/2018	10:00:02	->	L	00000000	 21	 90	 41	  7	  0	283	  0	  4	  4	  4	  4	  4	  4	  4	  4	  0	  0	  0	  0	  0	  0	  0	  0	  0	  0	  0	  0	  0	  0	  0	  0	  0	  0	  0	  0	  0	  0	  0	  0	 89	 41	  7	 90	  0	  7	  0	  0	  0	  0	  0	  0	  0	  0	  0	  0	  0	  5	21800	  0
19/03/2018	10:05:02	->	L	00000000	 21	 86	 39	  7	  0	288	  0	  4	  4	  4	  4	  4	  4	  4	  4	  0	  0	  0	  0	  0	  0	  0	  0	  0	  0	  0	  0	  0	  0	  0	  0	  0	  0	  0	  0	  0	  0	  0	  0	 86	 39	  7	 86	  0	  7	  0	  0	  0	  0	  0	  0	  0	  0	  0	  0	  0	  5	21800	  0
19/03/2018	10:10:03	->	L	00000000	 21	 96	 41	  4	  0	293	  0	  4	  4	  4	  4	  4	  4	  4	  4	  0	  0	  0	  0	  0	  0	  0	  0	  0	  0	  0	  0	  0	  0	  0	  0	  0	  0	  0	  0	  0	  0	  0	  0	 95	 41	  3	 96	  0	  3	  0	  0	  0	  0	  0	  0	  0	  0	  0	  0	  0	  5	21800	  0
19/03/2018	10:15:03	->	L	00000000	 21	 87	 40	  7	  0	298	  0	  4	  4	  4	  4	  4	  4	  4	  4	  0	  0	  0	  0	  0	  0	  0	  0	  0	  0	  0	  0	  0	  0	  0	  0	  0	  0	  0	  0	  0	  0	  0	  0	 86	 40	  8	 87	  0	  7	  0	  0	  0	  0	  0	  0	  0	  0	  0	  0	  0	  5	21800	  0
19/03/2018	10:20:03	->	L	00000000	 21	 95	 41	  3	  0	303	  0	  4	  4	  4	  4	  4	  4	  4	  4	  0	  0	  0	  0	  0	  0	  0	  0	  0	  0	  0	  0	  0	  0	  0	  0	  0	  0	  0	  0	  0	  0	  0	  0	 94	 41	  4	 95	  0	  3	  0	  0	  0	  0	  0	  0	  0	  0	  0	  0	  0	  5	21800	  0
19/03/2018	10:25:03	<-	L	00000000	 21	 88	 40	  7	  0	308	  0	  4	  4	  4	  4	  4	  4	  4	  4	  0	  0	  0	  0	  0	  0	  0	  0	  0	  0	  0	  0	  0	  0	  0	  0	  0	  0	  0	  0	  0	  0	  0	  0	 88	 40	  7	 87	  0	  7	  0	  0	  0	  0	  0	  0	  0	  0	  0	  0	  0	  5	21800	  0
19/03/2018	10:30:03	<-	L	00000000	 21	 86	 40	  8	  0	313	  0	  4	  4	  4	  4	  4	  4	  4	  4	  0	  0	  0	  0	  0	  0	  0	  0	  0	  0	  0	  0	  0	  0	  0	  0	  0	  0	  0	  0	  0	  0	  0	  0	 86	 40	  8	 85	  0	  9	  0	  0	  0	  0	  0	  0	  0	  0	  0	  0	  0	  5	21800	  0
19/03/2018	10:35:03	<-	L	00000000	 21	 92	 40	  4	  0	318	  0	  4	  4	  4	  4	  4	  4	  4	  4	  0	  0	  0	  0	  0	  0	  0	  0	  0	  0	  0	  0	  0	  0	  0	  0	  0	  0	  0	  0	  0	  0	  0	  0	 92	 40	  4	 91	  0	  5	  0	  0	  0	  0	  0	  0	  0	  0	  0	  0	  0	  5	21800	  0
19/03/2018	10:40:03	<-	L	00000000	 21	 87	 39	  6	  0	323	  0	  4	  4	  4	  4	  4	  4	  4	  4	  0	  0	  0	  0	  0	  0	  0	  0	  0	  0	  0	  0	  0	  0	  0	  0	  0	  0	  0	  0	  0	  0	  0	  0	 87	 39	  6	 87	  0	  6	  0	  0	  0	  0	  0	  0	  0	  0	  0	  0	  0	  5	21800	  0
19/03/2018	10:45:04	<-	L	00000000	 21	 85	 39	  8	  0	328	  0	  4	  4	  4	  4	  4	  4	  4	  4	  0	  0	  0	  0	  0	  0	  0	  0	  0	  0	  0	  0	  0	  0	  0	  0	  0	  0	  0	  0	  0	  0	  0	  0	 85	 39	  8	 84	  0	  8	  0	  0	  0	  0	  0	  0	  0	  0	  0	  0	  0	  5	21800	  0
19/03/2018	10:50:03	<-	L	00000000	 21	 92	 40	  4	  0	333	  0	  4	  4	  4	  4	  4	  4	  4	  4	  0	  0	  0	  0	  0	  0	  0	  0	  0	  0	  0	  0	  0	  0	  0	  0	  0	  0	  0	  0	  0	  0	  0	  0	 92	 40	  4	 90	  0	  6	  0	  0	  0	  0	  0	  0	  0	  0	  0	  0	  0	  5	21800	  0
19/03/2018	10:55:03	<-	L	00000000	 21	 85	 39	  8	  0	338	  0	  4	  4	  4	  4	  4	  4	  4	  4	  0	  0	  0	  0	  0	  0	  0	  0	  0	  0	  0	  0	  0	  0	  0	  0	  0	  0	  0	  0	  0	  0	  0	  0	 85	 39	  8	 85	  0	  8	  0	  0	  0	  0	  0	  0	  0	  0	  0	  0	  0	  5	21800	  0
19/03/2018	11:00:03	<-	L	00000000	 21	 87	 39	  6	  0	343	  0	  4	  4	  4	  4	  4	  4	  4	  4	  0	  0	  0	  0	  0	  0	  0	  0	  0	  0	  0	  0	  0	  0	  0	  0	  0	  0	  0	  0	  0	  0	  0	  0	 87	 39	  6	 86	  0	  7	  0	  0	  0	  0	  0	  0	  0	  0	  0	  0	  0	  5	21800	  0
19/03/2018	11:05:03	<-	L	00000000	 21	 99	 41	  0	  0	348	  0	  4	  4	  4	  4	  4	  4	  4	  4	  0	  0	  0	  0	  0	  0	  0	  0	  0	  0	  0	  0	  0	  0	  0	  0	  0	  0	  0	  0	  0	  0	  0	  0	 99	 41	  0	 97	  0	  2	  0	  0	  0	  0	  0	  0	  0	  0	  0	  0	  0	  5	21800	  0
19/03/2018	11:10:03	<-	L	00000000	 21	 89	 39	  6	  0	353	  0	  4	  4	  4	  4	  4	  4	  4	  4	  0	  0	  0	  0	  0	  0	  0	  0	  0	  0	  0	  0	  0	  0	  0	  0	  0	  0	  0	  0	  0	  0	  0	  0	 89	 39	  5	 88	  0	  6	  0	  0	  0	  0	  0	  0	  0	  0	  0	  0	  0	  5	21800	  0
19/03/2018	11:15:03	<-	L	00000000	 21	 86	 39	  7	  0	358	  0	  4	  4	  4	  4	  4	  4	  4	  4	  0	  0	  0	  0	  0	  0	  0	  0	  0	  0	  0	  0	  0	  0	  0	  0	  0	  0	  0	  0	  0	  0	  0	  0	 86	 39	  7	 85	  0	  8	  0	  0	  0	  0	  0	  0	  0	  0	  0	  0	  0	  5	21800	  0
19/03/2018	11:20:03	<-	L	00000000	 21	 98	 41	  1	  0	363	  0	  4	  4	  4	  4	  4	  4	  4	  4	  0	  0	  0	  0	  0	  0	  0	  0	  0	  0	  0	  0	  0	  0	  0	  0	  0	  0	  0	  0	  0	  0	  0	  0	 98	 41	  1	 96	  0	  3	  0	  0	  0	  0	  0	  0	  0	  0	  0	  0	  0	  5	21800	  0
19/03/2018	11:25:04	<-	L	00000000	 21	 88	 40	  5	  0	368	  0	  4	  4	  4	  4	  4	  4	  4	  4	  0	  0	  0	  0	  0	  0	  0	  0	  0	  0	  0	  0	  0	  0	  0	  0	  0	  0	  0	  0	  0	  0	  0	  0	 88	 40	  7	 87	  0	  7	  0	  0	  0	  0	  0	  0	  0	  0	  0	  0	  0	  5	21800	  0
19/03/2018	11:30:04	<-	L	00000000	 21	 85	 38	  7	  0	373	  0	  4	  4	  4	  4	  4	  4	  4	  4	  0	  0	  0	  0	  0	  0	  0	  0	  0	  0	  0	  0	  0	  0	  0	  0	  0	  0	  0	  0	  0	  0	  0	  0	 85	 38	  7	 85	  0	  7	  0	  0	  0	  0	  0	  0	  0	  0	  0	  0	  0	  5	21800	  0
19/03/2018	11:35:04	<-	L	00000000	 21	 89	 40	  5	  0	378	  0	  4	  4	  4	  4	  4	  4	  4	  4	  0	  0	  0	  0	  0	  0	  0	  0	  0	  0	  0	  0	  0	  0	  0	  0	  0	  0	  0	  0	  0	  0	  0	  0	 89	 40	  6	 87	  0	  7	  0	  0	  0	  0	  0	  0	  0	  0	  0	  0	  0	  5	21800	  0
19/03/2018	11:40:04	<-	L	00000000	 21	 84	 39	  8	  0	383	  0	  4	  4	  4	  4	  4	  4	  4	  4	  0	  0	  0	  0	  0	  0	  0	  0	  0	  0	  0	  0	  0	  0	  0	  0	  0	  0	  0	  0	  0	  0	  0	  0	 84	 39	  8	 83	  0	  9	  0	  0	  0	  0	  0	  0	  0	  0	  0	  0	  0	  5	21800	  0
19/03/2018	11:45:04	<-	L	00000000	 21	 90	 40	  5	  0	388	  0	  4	  4	  4	  4	  4	  4	  4	  4	  0	  0	  0	  0	  0	  0	  0	  0	  0	  0	  0	  0	  0	  0	  0	  0	  0	  0	  0	  0	  0	  0	  0	  0	 90	 40	  6	 88	  0	  7	  0	  0	  0	  0	  0	  0	  0	  0	  0	  0	  0	  5	21800	  0
19/03/2018	11:50:05	<-	L	00000000	 21	 85	 38	  8	  0	393	  0	  4	  4	  4	  4	  4	  4	  4	  4	  0	  0	  0	  0	  0	  0	  0	  0	  0	  0	  0	  0	  0	  0	  0	  0	  0	  0	  0	  0	  0	  0	  0	  0	 85	 38	  7	 83	  0	  8	  0	  0	  0	  0	  0	  0	  0	  0	  0	  0	  0	  5	21800	  0
19/03/2018	11:55:04	<-	L	00000000	 21	 85	 39	  8	  0	398	  0	  4	  4	  4	  4	  4	  4	  4	  4	  0	  0	  0	  0	  0	  0	  0	  0	  0	  0	  0	  0	  0	  0	  0	  0	  0	  0	  0	  0	  0	  0	  0	  0	 85	 39	  8	 85	  0	  8	  0	  0	  0	  0	  0	  0	  0	  0	  0	  0	  0	  5	21800	  0
19/03/2018	12:00:04	<-	L	00000000	 21	 93	 40	  4	  0	403	  0	  4	  4	  4	  4	  4	  4	  4	  4	  0	  0	  0	  0	  0	  0	  0	  0	  0	  0	  0	  0	  0	  0	  0	  0	  0	  0	  0	  0	  0	  0	  0	  0	 93	 40	  4	 92	  0	  4	  0	  0	  0	  0	  0	  0	  0	  0	  0	  0	  0	  5	21800	  0
19/03/2018	12:05:04	<-	L	00000000	 21	 87	 40	  7	  0	408	  0	  4	  4	  4	  4	  4	  4	  4	  4	  0	  0	  0	  0	  0	  0	  0	  0	  0	  0	  0	  0	  0	  0	  0	  0	  0	  0	  0	  0	  0	  0	  0	  0	 87	 40	  7	 87	  0	  7	  0	  0	  0	  0	  0	  0	  0	  0	  0	  0	  0	  5	21800	  0
19/03/2018	12:10:04	<-	L	00000000	 21	 85	 39	  8	  0	413	  0	  4	  4	  4	  4	  4	  4	  4	  4	  0	  0	  0	  0	  0	  0	  0	  0	  0	  0	  0	  0	  0	  0	  0	  0	  0	  0	  0	  0	  0	  0	  0	  0	 85	 39	  8	 84	  0	  8	  0	  0	  0	  0	  0	  0	  0	  0	  0	  0	  0	  5	21800	  0
19/03/2018	12:15:04	<-	L	00000000	 21	 94	 41	  3	  0	418	  0	  4	  4	  4	  4	  4	  4	  4	  4	  0	  0	  0	  0	  0	  0	  0	  0	  0	  0	  0	  0	  0	  0	  0	  0	  0	  0	  0	  0	  0	  0	  0	  0	 94	 41	  4	 92	  0	  5	  0	  0	  0	  0	  0	  0	  0	  0	  0	  0	  0	  5	21800	  0
19/03/2018	12:20:04	<-	L	00000000	 22	100	 41	  1	  0	  2	  0	  4	  4	  4	  4	  4	  4	  4	  4	  0	  0	  0	  0	  0	  0	  0	  0	  0	  0	  0	  0	  0	  0	  0	  0	  0	  0	  0	  0	  0	  0	  0	  0	100	 41	  0	 98	  0	  1	  0	  0	  0	  0	  0	  0	  0	  0	  0	  0	  0	  5	23116	  0
19/03/2018	12:25:04	<-	L	00000000	 22	 91	 40	  5	  0	  7	  0	  4	  4	  4	  4	  4	  4	  4	  4	  0	  0	  0	  0	  0	  0	  0	  0	  0	  0	  0	  0	  0	  0	  0	  0	  0	  0	  0	  0	  0	  0	  0	  0	 91	 40	  5	 90	  0	  6	  0	  0	  0	  0	  0	  0	  0	  0	  0	  0	  0	  5	23116	  0
19/03/2018	12:30:04	<-	L	00000000	 22	 98	 41	  1	  0	 12	  0	  4	  4	  4	  4	  4	  4	  4	  4	  0	  0	  0	  0	  0	  0	  0	  0	  0	  0	  0	  0	  0	  0	  0	  0	  0	  0	  0	  0	  0	  0	  0	  0	 98	 41	  1	 97	  0	  2	  0	  0	  0	  0	  0	  0	  0	  0	  0	  0	  0	  5	23116	  0
19/03/2018	12:35:04	<-	L	00000000	 22	 91	 40	  4	  0	 17	  0	  4	  4	  4	  4	  4	  4	  4	  4	  0	  0	  0	  0	  0	  0	  0	  0	  0	  0	  0	  0	  0	  0	  0	  0	  0	  0	  0	  0	  0	  0	  0	  0	 91	 40	  5	 90	  0	  6	  0	  0	  0	  0	  0	  0	  0	  0	  0	  0	  0	  5	23116	  0
19/03/2018	12:40:05	<-	L	00000000	 22	101	 42	  0	  0	 22	  0	  4	  4	  4	  4	  4	  4	  4	  4	  0	  0	  0	  0	  0	  0	  0	  0	  0	  0	  0	  0	  0	  0	  0	  0	  0	  0	  0	  0	  0	  0	  0	  0	101	 42	  0	 99	  0	  1	  0	  0	  0	  0	  0	  0	  0	  0	  0	  0	  0	  5	23116	  0
19/03/2018	12:45:05	<-	L	00000000	 22	 92	 40	  4	  0	 27	  0	  4	  4	  4	  4	  4	  4	  4	  4	  0	  0	  0	  0	  0	  0	  0	  0	  0	  0	  0	  0	  0	  0	  0	  0	  0	  0	  0	  0	  0	  0	  0	  0	 92	 40	  4	 91	  0	  5	  0	  0	  0	  0	  0	  0	  0	  0	  0	  0	  0	  5	23116	  0
19/03/2018	12:50:05	  	L	00000000	 22	 94	 42	  5	  0	 31	  0	  4	  4	  4	  4	  4	  4	  4	  4	  0	  0	  0	  0	  0	  0	  0	  0	  0	  0	  0	  0	  0	  0	  0	  0	  0	  0	  0	  0	  0	  0	  0	  0	 94	 42	  5	 92	  0	  6	  0	  0	  0	  0	  0	  0	  0	  0	  0	  0	  0	  5	23116	  0
19/03/2018	12:55:06	  	L	00000000	 22	 85	 40	  9	  0	 31	  0	  4	  4	  4	  4	  4	  4	  4	  4	  0	  0	  0	  0	  0	  0	  0	  0	  0	  0	  0	  0	  0	  0	  0	  0	  0	  0	  0	  0	  0	  0	  0	  0	 85	 40	  9	 84	  0	  9	  0	  0	  0	  0	  0	  0	  0	  0	  0	  0	  0	  5	23116	  0
19/03/2018	13:00:05	<-	L	00000000	 22	 80	 39	 11	  0	 35	  0	  4	  4	  4	  4	  4	  4	  4	  4	  0	  0	  0	  0	  0	  0	  0	  0	  0	  0	  0	  0	  0	  0	  0	  0	  0	  0	  0	  0	  0	  0	  0	  0	 80	 39	 11	 80	  0	 11	  0	  0	  0	  0	  0	  0	  0	  0	  0	  0	  0	  5	23080	  0
19/03/2018	13:05:06	<-	L	00000000	 22	 96	 41	  3	  0	 40	  0	  4	  4	  4	  4	  4	  4	  4	  4	  0	  0	  0	  0	  0	  0	  0	  0	  0	  0	  0	  0	  0	  0	  0	  0	  0	  0	  0	  0	  0	  0	  0	  0	 96	 41	  3	 96	  0	  3	  0	  0	  0	  0	  0	  0	  0	  0	  0	  0	  0	  5	23080	  0
19/03/2018	13:10:05	<-	L	00000000	 22	 90	 39	  6	  0	 45	  0	  4	  4	  4	  4	  4	  4	  4	  4	  0	  0	  0	  0	  0	  0	  0	  0	  0	  0	  0	  0	  0	  0	  0	  0	  0	  0	  0	  0	  0	  0	  0	  0	 90	 39	  5	 89	  0	  5	  0	  0	  0	  0	  0	  0	  0	  0	  0	  0	  0	  5	23080	  0
19/03/2018	13:15:05	<-	L	00000000	 22	 95	 41	  3	  0	 50	  0	  4	  4	  4	  4	  4	  4	  4	  4	  0	  0	  0	  0	  0	  0	  0	  0	  0	  0	  0	  0	  0	  0	  0	  0	  0	  0	  0	  0	  0	  0	  0	  0	 95	 41	  3	 94	  0	  4	  0	  0	  0	  0	  0	  0	  0	  0	  0	  0	  0	  5	23080	  0
19/03/2018	13:20:05	<-	L	00000000	 22	 90	 40	  6	  0	 55	  0	  4	  4	  4	  4	  4	  4	  4	  4	  0	  0	  0	  0	  0	  0	  0	  0	  0	  0	  0	  0	  0	  0	  0	  0	  0	  0	  0	  0	  0	  0	  0	  0	 90	 40	  6	 88	  0	  7	  0	  0	  0	  0	  0	  0	  0	  0	  0	  0	  0	  5	23080	  0
19/03/2018	13:25:05	<-	L	00000000	 22	 95	 40	  3	  0	 60	  0	  4	  4	  4	  4	  4	  4	  4	  4	  0	  0	  0	  0	  0	  0	  0	  0	  0	  0	  0	  0	  0	  0	  0	  0	  0	  0	  0	  0	  0	  0	  0	  0	 95	 40	  2	 93	  0	  4	  0	  0	  0	  0	  0	  0	  0	  0	  0	  0	  0	  5	23080	  0
19/03/2018	13:30:05	<-	L	00000000	 22	 90	 39	  6	  0	 65	  0	  4	  4	  4	  4	  4	  4	  4	  4	  0	  0	  0	  0	  0	  0	  0	  0	  0	  0	  0	  0	  0	  0	  0	  0	  0	  0	  0	  0	  0	  0	  0	  0	 90	 39	  5	 88	  0	  6	  0	  0	  0	  0	  0	  0	  0	  0	  0	  0	  0	  5	23080	  0
19/03/2018	13:35:05	<-	L	00000000	 22	 94	 41	  4	  0	 70	  0	  4	  4	  4	  4	  4	  4	  4	  4	  0	  0	  0	  0	  0	  0	  0	  0	  0	  0	  0	  0	  0	  0	  0	  0	  0	  0	  0	  0	  0	  0	  0	  0	 94	 41	  4	 92	  0	  5	  0	  0	  0	  0	  0	  0	  0	  0	  0	  0	  0	  5	23080	  0
19/03/2018	13:40:05	<-	L	00000000	 22	103	 42	  0	  0	 75	  0	  4	  4	  4	  4	  4	  4	  4	  4	  0	  0	  0	  0	  0	  0	  0	  0	  0	  0	  0	  0	  0	  0	  0	  0	  0	  0	  0	  0	  0	  0	  0	  0	103	 42	  0	101	  0	  0	  0	  0	  0	  0	  0	  0	  0	  0	  0	  0	  0	  5	23080	  0
19/03/2018	13:45:05	<-	L	00000000	 22	 93	 40	  4	  0	 80	  0	  4	  4	  4	  4	  4	  4	  4	  4	  0	  0	  0	  0	  0	  0	  0	  0	  0	  0	  0	  0	  0	  0	  0	  0	  0	  0	  0	  0	  0	  0	  0	  0	 93	 40	  4	 91	  0	  5	  0	  0	  0	  0	  0	  0	  0	  0	  0	  0	  0	  5	23080	  0
19/03/2018	13:50:05	<-	L	00000000	 22	 94	 40	  4	  0	 85	  0	  4	  4	  4	  4	  4	  4	  4	  4	  0	  0	  0	  0	  0	  0	  0	  0	  0	  0	  0	  0	  0	  0	  0	  0	  0	  0	  0	  0	  0	  0	  0	  0	 94	 40	  3	 92	  0	  4	  0	  0	  0	  0	  0	  0	  0	  0	  0	  0	  0	  5	23080	  0
19/03/2018	13:55:06	<-	L	00000000	 22	 90	 40	  6	  0	 90	  0	  4	  4	  4	  4	  4	  4	  4	  4	  0	  0	  0	  0	  0	  0	  0	  0	  0	  0	  0	  0	  0	  0	  0	  0	  0	  0	  0	  0	  0	  0	  0	  0	 90	 40	  6	 88	  0	  7	  0	  0	  0	  0	  0	  0	  0	  0	  0	  0	  0	  5	23080	  0
19/03/2018	14:00:06	<-	L	00000000	 22	 96	 40	  3	  0	 95	  0	  4	  4	  4	  4	  4	  4	  4	  4	  0	  0	  0	  0	  0	  0	  0	  0	  0	  0	  0	  0	  0	  0	  0	  0	  0	  0	  0	  0	  0	  0	  0	  0	 96	 40	  2	 95	  0	  2	  0	  0	  0	  0	  0	  0	  0	  0	  0	  0	  0	  5	23080	  0
19/03/2018	14:05:06	<-	L	00000000	 22	 90	 40	  5	  0	100	  0	  4	  4	  4	  4	  4	  4	  4	  4	  0	  0	  0	  0	  0	  0	  0	  0	  0	  0	  0	  0	  0	  0	  0	  0	  0	  0	  0	  0	  0	  0	  0	  0	 90	 40	  6	 90	  0	  6	  0	  0	  0	  0	  0	  0	  0	  0	  0	  0	  0	  5	23080	  0
19/03/2018	14:10:06	<-	L	00000000	 22	 91	 40	  6	  0	105	  0	  4	  4	  4	  4	  4	  4	  4	  4	  0	  0	  0	  0	  0	  0	  0	  0	  0	  0	  0	  0	  0	  0	  0	  0	  0	  0	  0	  0	  0	  0	  0	  0	 91	 40	  5	 90	  0	  6	  0	  0	  0	  0	  0	  0	  0	  0	  0	  0	  0	  5	23080	  0
19/03/2018	14:15:06	<-	L	00000000	 22	 97	 40	  0	  0	110	  0	  4	  4	  4	  4	  4	  4	  4	  4	  0	  0	  0	  0	  0	  0	  0	  0	  0	  0	  0	  0	  0	  0	  0	  0	  0	  0	  0	  0	  0	  0	  0	  0	 97	 40	  1	 96	  0	  2	  0	  0	  0	  0	  0	  0	  0	  0	  0	  0	  0	  5	23080	  0
19/03/2018	14:20:06	<-	L	00000000	 22	 91	 40	  4	  0	115	  0	  4	  4	  4	  4	  4	  4	  4	  4	  0	  0	  0	  0	  0	  0	  0	  0	  0	  0	  0	  0	  0	  0	  0	  0	  0	  0	  0	  0	  0	  0	  0	  0	 91	 40	  5	 90	  0	  6	  0	  0	  0	  0	  0	  0	  0	  0	  0	  0	  0	  5	23080	  0
19/03/2018	14:25:06	<-	L	00000000	 22	 97	 41	  1	  0	120	  0	  4	  4	  4	  4	  4	  4	  4	  4	  0	  0	  0	  0	  0	  0	  0	  0	  0	  0	  0	  0	  0	  0	  0	  0	  0	  0	  0	  0	  0	  0	  0	  0	 97	 41	  2	 95	  0	  3	  0	  0	  0	  0	  0	  0	  0	  0	  0	  0	  0	  5	23080	  0
19/03/2018	14:30:06	->	L	00000000	 22	 90	 40	  6	  0	125	  0	  4	  4	  4	  4	  4	  4	  4	  4	  0	  0	  0	  0	  0	  0	  0	  0	  0	  0	  0	  0	  0	  0	  0	  0	  0	  0	  0	  0	  0	  0	  0	  0	 90	 40	  6	 89	  0	  6	  0	  0	  0	  0	  0	  0	  0	  0	  0	  0	  0	  5	23080	  0
19/03/2018	14:35:06	->	L	00000000	 22	 97	 42	  2	  0	130	  0	  4	  4	  4	  4	  4	  4	  4	  4	  0	  0	  0	  0	  0	  0	  0	  0	  0	  0	  0	  0	  0	  0	  0	  0	  0	  0	  0	  0	  0	  0	  0	  0	 96	 42	  4	 97	  0	  3	  0	  0	  0	  0	  0	  0	  0	  0	  0	  0	  0	  5	23080	  0
19/03/2018	14:40:06	->	L	00000000	 22	 90	 42	  8	  0	135	  0	  4	  4	  4	  4	  4	  4	  4	  4	  0	  0	  0	  0	  0	  0	  0	  0	  0	  0	  0	  0	  0	  0	  0	  0	  0	  0	  0	  0	  0	  0	  0	  0	 90	 42	  8	 90	  0	  8	  0	  0	  0	  0	  0	  0	  0	  0	  0	  0	  0	  5	23080	  0
19/03/2018	14:45:06	->	L	00000000	 22	 93	 55	 18	  0	140	  0	  4	  4	  4	  4	  4	  4	  4	  4	  0	  0	  0	  0	  0	  0	  0	  0	  0	  0	  0	  0	  0	  0	  0	  0	  0	  0	  0	  0	  0	  0	  0	  0	 93	 55	 19	 93	  0	 19	  0	  0	  0	  0	  0	  0	  0	  0	  0	  0	  0	  5	23080	  0
19/03/2018	14:50:06	->	L	00000000	 22	 95	 72	 35	  0	145	  0	  4	  4	  4	  4	  4	  4	  4	  4	  0	  0	  0	  0	  0	  0	  0	  0	  0	  0	  0	  0	  0	  0	  0	  0	  0	  0	  0	  0	  0	  0	  0	  0	 95	 72	 37	 95	  0	 37	  0	  0	  0	  0	  0	  0	  0	  0	  0	  0	  0	  5	23080	  0
19/03/2018	14:55:06	->	L	00000000	 22	 91	 83	 67	  0	150	  0	  4	  4	  4	  4	  4	  4	  4	  4	  0	  0	  0	  0	  0	  0	  0	  0	  0	  0	  0	  0	  0	  0	  0	  0	  0	  0	  0	  0	  0	  0	  0	  0	 90	 83	 76	 91	  0	 73	  0	  0	  0	  0	  0	  0	  0	  0	  0	  0	  0	  5	23080	  0
19/03/2018	15:00:06	->	L	00000000	 22	 88	 85	 89	  0	155	  0	  4	  4	  4	  4	  4	  4	  4	  4	  0	  0	  0	  0	  0	  0	  0	  0	  0	  0	  0	  0	  0	  0	  0	  0	  0	  0	  0	  0	  0	  0	  0	  0	 88	 85	 89	 88	  0	 89	  0	  0	  0	  0	  0	  0	  0	  0	  0	  0	  0	  5	23080	  0
19/03/2018	15:05:07	->	L	00000000	 22	101	 74	 39	  0	160	  0	  4	  4	  4	  4	  4	  4	  4	  4	  0	  0	  0	  0	  0	  0	  0	  0	  0	  0	  0	  0	  0	  0	  0	  0	  0	  0	  0	  0	  0	  0	  0	  0	100	 74	 34	101	  0	 32	  0	  0	  0	  0	  0	  0	  0	  0	  0	  0	  0	  5	23080	  0
19/03/2018	15:10:07	->	L	00000000	 22	 97	 38	  0	  0	165	  0	  4	  4	  4	  4	  4	  4	  4	  4	  0	  0	  0	  0	  0	  0	  0	  0	  0	  0	  0	  0	  0	  0	  0	  0	  0	  0	  0	  0	  0	  0	  0	  0	 96	 38	  0	 97	  0	  0	  0	  0	  0	  0	  0	  0	  0	  0	  0	  0	  0	  5	23080	  0
19/03/2018	15:15:07	->	L	00000000	 22	 91	 38	  3	  0	170	  0	  4	  4	  4	  4	  4	  4	  4	  4	  0	  0	  0	  0	  0	  0	  0	  0	  0	  0	  0	  0	  0	  0	  0	  0	  0	  0	  0	  0	  0	  0	  0	  0	 89	 38	  4	 91	  0	  3	  0	  0	  0	  0	  0	  0	  0	  0	  0	  0	  0	  5	23080	  0
19/03/2018	15:20:07	->	L	00000000	 22	 93	 40	  2	  0	175	  0	  4	  4	  4	  4	  4	  4	  4	  4	  0	  0	  0	  0	  0	  0	  0	  0	  0	  0	  0	  0	  0	  0	  0	  0	  0	  0	  0	  0	  0	  0	  0	  0	 92	 40	  4	 93	  0	  4	  0	  0	  0	  0	  0	  0	  0	  0	  0	  0	  0	  5	23080	  0
19/03/2018	15:25:07	->	L	00000000	 22	 99	 40	  0	  0	180	  0	  4	  4	  4	  4	  4	  4	  4	  4	  0	  0	  0	  0	  0	  0	  0	  0	  0	  0	  0	  0	  0	  0	  0	  0	  0	  0	  0	  0	  0	  0	  0	  0	 99	 40	  0	 99	  0	  0	  0	  0	  0	  0	  0	  0	  0	  0	  0	  0	  0	  5	23080	  0
19/03/2018	15:30:07	->	L	00000000	 22	 91	 41	  5	  0	185	  0	  4	  4	  4	  4	  4	  4	  4	  4	  0	  0	  0	  0	  0	  0	  0	  0	  0	  0	  0	  0	  0	  0	  0	  0	  0	  0	  0	  0	  0	  0	  0	  0	 91	 41	  6	 91	  0	  6	  0	  0	  0	  0	  0	  0	  0	  0	  0	  0	  0	  5	23080	  0
19/03/2018	15:35:07	->	L	00000000	 22	 99	 42	  1	  0	190	  0	  4	  4	  4	  4	  4	  4	  4	  4	  0	  0	  0	  0	  0	  0	  0	  0	  0	  0	  0	  0	  0	  0	  0	  0	  0	  0	  0	  0	  0	  0	  0	  0	 98	 42	  2	 99	  0	  1	  0	  0	  0	  0	  0	  0	  0	  0	  0	  0	  0	  5	23080	  0
19/03/2018	15:40:07	->	L	00000000	 22	 90	 41	  6	  0	195	  0	  4	  4	  4	  4	  4	  4	  4	  4	  0	  0	  0	  0	  0	  0	  0	  0	  0	  0	  0	  0	  0	  0	  0	  0	  0	  0	  0	  0	  0	  0	  0	  0	 90	 41	  7	 90	  0	  7	  0	  0	  0	  0	  0	  0	  0	  0	  0	  0	  0	  5	23080	  0
19/03/2018	15:45:07	->	L	00000000	 22	100	 42	  1	  0	200	  0	  4	  4	  4	  4	  4	  4	  4	  4	  0	  0	  0	  0	  0	  0	  0	  0	  0	  0	  0	  0	  0	  0	  0	  0	  0	  0	  0	  0	  0	  0	  0	  0	100	 42	  1	100	  0	  1	  0	  0	  0	  0	  0	  0	  0	  0	  0	  0	  0	  5	23080	  0
19/03/2018	15:50:07	->	L	00000000	 22	 91	 40	  5	  0	205	  0	  4	  4	  4	  4	  4	  4	  4	  4	  0	  0	  0	  0	  0	  0	  0	  0	  0	  0	  0	  0	  0	  0	  0	  0	  0	  0	  0	  0	  0	  0	  0	  0	 91	 40	  5	 91	  0	  5	  0	  0	  0	  0	  0	  0	  0	  0	  0	  0	  0	  5	23080	  0
19/03/2018	15:55:07	->	L	00000000	 22	101	 42	  0	  0	210	  0	  4	  4	  4	  4	  4	  4	  4	  4	  0	  0	  0	  0	  0	  0	  0	  0	  0	  0	  0	  0	  0	  0	  0	  0	  0	  0	  0	  0	  0	  0	  0	  0	101	 42	  0	101	  0	  0	  0	  0	  0	  0	  0	  0	  0	  0	  0	  0	  0	  5	23080	  0
19/03/2018	16:00:07	->	L	00000000	 22	 92	 41	  5	  0	215	  0	  4	  4	  4	  4	  4	  4	  4	  4	  0	  0	  0	  0	  0	  0	  0	  0	  0	  0	  0	  0	  0	  0	  0	  0	  0	  0	  0	  0	  0	  0	  0	  0	 91	 41	  6	 92	  0	  5	  0	  0	  0	  0	  0	  0	  0	  0	  0	  0	  0	  5	23080	  0
19/03/2018	16:05:07	->	L	00000000	 22	 98	 41	  2	  0	220	  0	  4	  4	  4	  4	  4	  4	  4	  4	  0	  0	  0	  0	  0	  0	  0	  0	  0	  0	  0	  0	  0	  0	  0	  0	  0	  0	  0	  0	  0	  0	  0	  0	 98	 41	  1	 98	  0	  1	  0	  0	  0	  0	  0	  0	  0	  0	  0	  0	  0	  5	23080	  0
19/03/2018	16:10:07	->	L	00000000	 22	 90	 40	  7	  0	225	  0	  4	  4	  4	  4	  4	  4	  4	  4	  0	  0	  0	  0	  0	  0	  0	  0	  0	  0	  0	  0	  0	  0	  0	  0	  0	  0	  0	  0	  0	  0	  0	  0	 90	 40	  6	 90	  0	  6	  0	  0	  0	  0	  0	  0	  0	  0	  0	  0	  0	  5	23080	  0
19/03/2018	16:15:08	->	L	00000000	 22	 92	 41	  5	  0	230	  0	  4	  4	  4	  4	  4	  4	  4	  4	  0	  0	  0	  0	  0	  0	  0	  0	  0	  0	  0	  0	  0	  0	  0	  0	  0	  0	  0	  0	  0	  0	  0	  0	 90	 41	  7	 92	  0	  5	  0	  0	  0	  0	  0	  0	  0	  0	  0	  0	  0	  5	23080	  0
19/03/2018	16:20:08	->	L	00000000	 22	 92	 41	  5	  0	235	  0	  4	  4	  4	  4	  4	  4	  4	  4	  0	  0	  0	  0	  0	  0	  0	  0	  0	  0	  0	  0	  0	  0	  0	  0	  0	  0	  0	  0	  0	  0	  0	  0	 91	 41	  6	 92	  0	  5	  0	  0	  0	  0	  0	  0	  0	  0	  0	  0	  0	  5	23080	  0
19/03/2018	16:25:08	->	L	00000000	 22	 96	 42	  3	  0	240	  0	  4	  4	  4	  4	  4	  4	  4	  4	  0	  0	  0	  0	  0	  0	  0	  0	  0	  0	  0	  0	  0	  0	  0	  0	  0	  0	  0	  0	  0	  0	  0	  0	 95	 42	  4	 96	  0	  4	  0	  0	  0	  0	  0	  0	  0	  0	  0	  0	  0	  5	23080	  0
19/03/2018	16:30:08	->	L	00000000	 22	 94	 41	  5	  0	245	  0	  4	  4	  4	  4	  4	  4	  4	  4	  0	  0	  0	  0	  0	  0	  0	  0	  0	  0	  0	  0	  0	  0	  0	  0	  0	  0	  0	  0	  0	  0	  0	  0	 93	 41	  5	 94	  0	  4	  0	  0	  0	  0	  0	  0	  0	  0	  0	  0	  0	  5	23080	  0
19/03/2018	16:35:08	->	L	00000000	 22	 90	 41	  6	  0	250	  0	  4	  4	  4	  4	  4	  4	  4	  4	  0	  0	  0	  0	  0	  0	  0	  0	  0	  0	  0	  0	  0	  0	  0	  0	  0	  0	  0	  0	  0	  0	  0	  0	 89	 41	  7	 90	  0	  7	  0	  0	  0	  0	  0	  0	  0	  0	  0	  0	  0	  5	23080	  0
19/03/2018	16:40:08	->	L	00000000	 22	 94	 41	  4	  0	255	  0	  4	  4	  4	  4	  4	  4	  4	  4	  0	  0	  0	  0	  0	  0	  0	  0	  0	  0	  0	  0	  0	  0	  0	  0	  0	  0	  0	  0	  0	  0	  0	  0	 92	 41	  5	 94	  0	  4	  0	  0	  0	  0	  0	  0	  0	  0	  0	  0	  0	  5	23080	  0
19/03/2018	16:45:08	->	L	00000000	 22	 94	 42	  4	  0	260	  0	  4	  4	  4	  4	  4	  4	  4	  4	  0	  0	  0	  0	  0	  0	  0	  0	  0	  0	  0	  0	  0	  0	  0	  0	  0	  0	  0	  0	  0	  0	  0	  0	 93	 42	  6	 94	  0	  5	  0	  0	  0	  0	  0	  0	  0	  0	  0	  0	  0	  5	23080	  0
19/03/2018	16:50:08	->	L	00000000	 22	 90	 40	  8	  0	265	  0	  4	  4	  4	  4	  4	  4	  4	  4	  0	  0	  0	  0	  0	  0	  0	  0	  0	  0	  0	  0	  0	  0	  0	  0	  0	  0	  0	  0	  0	  0	  0	  0	 89	 40	  6	 90	  0	  6	  0	  0	  0	  0	  0	  0	  0	  0	  0	  0	  0	  5	23080	  0
19/03/2018	16:55:08	->	L	00000000	 22	 92	 41	  5	  0	270	  0	  4	  4	  4	  4	  4	  4	  4	  4	  0	  0	  0	  0	  0	  0	  0	  0	  0	  0	  0	  0	  0	  0	  0	  0	  0	  0	  0	  0	  0	  0	  0	  0	 91	 41	  6	 92	  0	  5	  0	  0	  0	  0	  0	  0	  0	  0	  0	  0	  0	  5	23080	  0
19/03/2018	17:00:09	->	L	00000000	 22	 94	 41	  4	  0	275	  0	  4	  4	  4	  4	  4	  4	  4	  4	  0	  0	  0	  0	  0	  0	  0	  0	  0	  0	  0	  0	  0	  0	  0	  0	  0	  0	  0	  0	  0	  0	  0	  0	 94	 41	  4	 94	  0	  4	  0	  0	  0	  0	  0	  0	  0	  0	  0	  0	  0	  5	23080	  0
19/03/2018	17:05:09	->	L	00000000	 22	 93	 41	  5	  0	280	  0	  4	  4	  4	  4	  4	  4	  4	  4	  0	  0	  0	  0	  0	  0	  0	  0	  0	  0	  0	  0	  0	  0	  0	  0	  0	  0	  0	  0	  0	  0	  0	  0	 93	 41	  5	 92	  0	  5	  0	  0	  0	  0	  0	  0	  0	  0	  0	  0	  0	  5	23080	  0
19/03/2018	17:10:08	->	L	00000000	 22	 93	 41	  5	  0	285	  0	  4	  4	  4	  4	  4	  4	  4	  4	  0	  0	  0	  0	  0	  0	  0	  0	  0	  0	  0	  0	  0	  0	  0	  0	  0	  0	  0	  0	  0	  0	  0	  0	 93	 41	  5	 92	  0	  5	  0	  0	  0	  0	  0	  0	  0	  0	  0	  0	  0	  5	23080	  0
19/03/2018	17:15:08	->	L	00000000	 22	 90	 41	  6	  0	290	  0	  4	  4	  4	  4	  4	  4	  4	  4	  0	  0	  0	  0	  0	  0	  0	  0	  0	  0	  0	  0	  0	  0	  0	  0	  0	  0	  0	  0	  0	  0	  0	  0	 89	 41	  7	 90	  0	  7	  0	  0	  0	  0	  0	  0	  0	  0	  0	  0	  0	  5	23080	  0
19/03/2018	17:20:08	->	L	00000000	 22	 94	 41	  5	  0	295	  0	  4	  4	  4	  4	  4	  4	  4	  4	  0	  0	  0	  0	  0	  0	  0	  0	  0	  0	  0	  0	  0	  0	  0	  0	  0	  0	  0	  0	  0	  0	  0	  0	 94	 41	  4	 94	  0	  4	  0	  0	  0	  0	  0	  0	  0	  0	  0	  0	  0	  5	23080	  0
19/03/2018	17:25:08	->	L	00000000	 22	 92	 39	  7	  0	300	  0	  4	  4	  4	  4	  4	  4	  4	  4	  0	  0	  0	  0	  0	  0	  0	  0	  0	  0	  0	  0	  0	  0	  0	  0	  0	  0	  0	  0	  0	  0	  0	  0	 90	 39	  5	 92	  0	  3	  0	  0	  0	  0	  0	  0	  0	  0	  0	  0	  0	  5	23080	  0
19/03/2018	17:30:08	->	L	00000000	 22	 91	 40	  8	  0	305	  0	  4	  4	  4	  4	  4	  4	  4	  4	  0	  0	  0	  0	  0	  0	  0	  0	  0	  0	  0	  0	  0	  0	  0	  0	  0	  0	  0	  0	  0	  0	  0	  0	 89	 40	  6	 91	  0	  5	  0	  0	  0	  0	  0	  0	  0	  0	  0	  0	  0	  5	23080	  0
19/03/2018	17:35:09	->	L	00000000	 22	 89	 40	  7	  0	310	  0	  4	  4	  4	  4	  4	  4	  4	  4	  0	  0	  0	  0	  0	  0	  0	  0	  0	  0	  0	  0	  0	  0	  0	  0	  0	  0	  0	  0	  0	  0	  0	  0	 89	 40	  6	 89	  0	  6	  0	  0	  0	  0	  0	  0	  0	  0	  0	  0	  0	  5	23080	  0
19/03/2018	17:40:09	->	L	00000000	 22	 90	 40	  7	  0	315	  0	  4	  4	  4	  4	  4	  4	  4	  4	  0	  0	  0	  0	  0	  0	  0	  0	  0	  0	  0	  0	  0	  0	  0	  0	  0	  0	  0	  0	  0	  0	  0	  0	 89	 40	  6	 90	  0	  6	  0	  0	  0	  0	  0	  0	  0	  0	  0	  0	  0	  5	23080	  0
19/03/2018	17:45:09	->	L	00000000	 22	 89	 40	  7	  0	320	  0	  4	  4	  4	  4	  4	  4	  4	  4	  0	  0	  0	  0	  0	  0	  0	  0	  0	  0	  0	  0	  0	  0	  0	  0	  0	  0	  0	  0	  0	  0	  0	  0	 89	 40	  6	 89	  0	  6	  0	  0	  0	  0	  0	  0	  0	  0	  0	  0	  0	  5	23080	  0
19/03/2018	17:50:09	->	L	00000000	 22	 92	 41	  5	  0	325	  0	  4	  4	  4	  4	  4	  4	  4	  4	  0	  0	  0	  0	  0	  0	  0	  0	  0	  0	  0	  0	  0	  0	  0	  0	  0	  0	  0	  0	  0	  0	  0	  0	 91	 41	  6	 92	  0	  5	  0	  0	  0	  0	  0	  0	  0	  0	  0	  0	  0	  5	23080	  0
19/03/2018	17:55:09	->	L	00000000	 22	 97	 41	  3	  0	330	  0	  4	  4	  4	  4	  4	  4	  4	  4	  0	  0	  0	  0	  0	  0	  0	  0	  0	  0	  0	  0	  0	  0	  0	  0	  0	  0	  0	  0	  0	  0	  0	  0	 97	 41	  2	 97	  0	  2	  0	  0	  0	  0	  0	  0	  0	  0	  0	  0	  0	  5	23080	  0
19/03/2018	18:00:09	->	L	00000000	 22	 90	 41	  6	  0	335	  0	  4	  4	  4	  4	  4	  4	  4	  4	  0	  0	  0	  0	  0	  0	  0	  0	  0	  0	  0	  0	  0	  0	  0	  0	  0	  0	  0	  0	  0	  0	  0	  0	 90	 41	  7	 90	  0	  7	  0	  0	  0	  0	  0	  0	  0	  0	  0	  0	  0	  5	23080	  0
19/03/2018	18:05:09	->	L	00000000	 22	 97	 40	  2	  0	340	  0	  4	  4	  4	  4	  4	  4	  4	  4	  0	  0	  0	  0	  0	  0	  0	  0	  0	  0	  0	  0	  0	  0	  0	  0	  0	  0	  0	  0	  0	  0	  0	  0	 96	 40	  2	 97	  0	  1	  0	  0	  0	  0	  0	  0	  0	  0	  0	  0	  0	  5	23080	  0
19/03/2018	18:10:09	->	L	00000000	 22	 91	 40	  6	  0	345	  0	  4	  4	  4	  4	  4	  4	  4	  4	  0	  0	  0	  0	  0	  0	  0	  0	  0	  0	  0	  0	  0	  0	  0	  0	  0	  0	  0	  0	  0	  0	  0	  0	 90	 40	  6	 91	  0	  5	  0	  0	  0	  0	  0	  0	  0	  0	  0	  0	  0	  5	23080	  0
19/03/2018	18:15:09	->	L	00000000	 22	 91	 41	  6	  0	350	  0	  4	  4	  4	  4	  4	  4	  4	  4	  0	  0	  0	  0	  0	  0	  0	  0	  0	  0	  0	  0	  0	  0	  0	  0	  0	  0	  0	  0	  0	  0	  0	  0	 91	 41	  6	 91	  0	  6	  0	  0	  0	  0	  0	  0	  0	  0	  0	  0	  0	  5	23080	  0
19/03/2018	18:20:09	->	L	00000000	 22	100	 42	  0	  0	355	  0	  4	  4	  4	  4	  4	  4	  4	  4	  0	  0	  0	  0	  0	  0	  0	  0	  0	  0	  0	  0	  0	  0	  0	  0	  0	  0	  0	  0	  0	  0	  0	  0	 97	 42	  3	100	  0	  1	  0	  0	  0	  0	  0	  0	  0	  0	  0	  0	  0	  5	23080	  0
