17/04/2018	18:59:24	->	L	00000000	210	 84	 56	 29	  0	 20	  0	  4	  4	  4	  4	  4	  4	  4	  4	  0	  0	  0	  0	  0	  0	  0	  0	  0	  0	  0	  0	  0	  0	  0	  0	  0	  0	  0	  0	  0	  0	  0	  0	 76	 56	 36	 84	  0	 26	  0	  0	  0	  0	  0	  0	  0	  0	  0	  0	  0	  5	21813	  0
17/04/2018	19:04:25	->	L	00000000	210	 86	 56	 27	  0	 25	  0	  4	  4	  4	  4	  4	  4	  4	  4	  0	  0	  0	  0	  0	  0	  0	  0	  0	  0	  0	  0	  0	  0	  0	  0	  0	  0	  0	  0	  0	  0	  0	  0	 76	 56	 36	 86	  0	 24	  0	  0	  0	  0	  0	  0	  0	  0	  0	  0	  0	  5	21813	  0
17/04/2018	19:09:25	->	L	00000000	210	 84	 57	 27	  0	 30	  0	  4	  4	  4	  4	  4	  4	  4	  4	  0	  0	  0	  0	  0	  0	  0	  0	  0	  0	  0	  0	  0	  0	  0	  0	  0	  0	  0	  0	  0	  0	  0	  0	 76	 57	 38	 84	  0	 27	  0	  0	  0	  0	  0	  0	  0	  0	  0	  0	  0	  5	21813	  0
17/04/2018	19:14:25	->	L	00000000	210	 84	 56	 26	  0	 35	  0	  4	  4	  4	  4	  4	  4	  4	  4	  0	  0	  0	  0	  0	  0	  0	  0	  0	  0	  0	  0	  0	  0	  0	  0	  0	  0	  0	  0	  0	  0	  0	  0	 76	 56	 36	 84	  0	 26	  0	  0	  0	  0	  0	  0	  0	  0	  0	  0	  0	  5	21813	  0
17/04/2018	19:19:25	->	L	00000000	210	 83	 56	 27	  0	 40	  0	  4	  4	  4	  4	  4	  4	  4	  4	  0	  0	  0	  0	  0	  0	  0	  0	  0	  0	  0	  0	  0	  0	  0	  0	  0	  0	  0	  0	  0	  0	  0	  0	 76	 56	 36	 83	  0	 27	  0	  0	  0	  0	  0	  0	  0	  0	  0	  0	  0	  5	21813	  0
17/04/2018	19:24:25	->	L	00000000	210	 84	 56	 26	  0	 45	  0	  4	  4	  4	  4	  4	  4	  4	  4	  0	  0	  0	  0	  0	  0	  0	  0	  0	  0	  0	  0	  0	  0	  0	  0	  0	  0	  0	  0	  0	  0	  0	  0	 76	 56	 36	 84	  0	 26	  0	  0	  0	  0	  0	  0	  0	  0	  0	  0	  0	  5	21813	  0
17/04/2018	19:29:25	->	L	00000000	210	 85	 56	 24	  0	 50	  0	  4	  4	  4	  4	  4	  4	  4	  4	  0	  0	  0	  0	  0	  0	  0	  0	  0	  0	  0	  0	  0	  0	  0	  0	  0	  0	  0	  0	  0	  0	  0	  0	 77	 56	 33	 85	  0	 25	  0	  0	  0	  0	  0	  0	  0	  0	  0	  0	  0	  5	21813	  0
17/04/2018	19:34:25	->	L	00000000	210	 85	 55	 24	  0	 55	  0	  4	  4	  4	  4	  4	  4	  4	  4	  0	  0	  0	  0	  0	  0	  0	  0	  0	  0	  0	  0	  0	  0	  0	  0	  0	  0	  0	  0	  0	  0	  0	  0	 76	 55	 32	 85	  0	 24	  0	  0	  0	  0	  0	  0	  0	  0	  0	  0	  0	  5	21813	  0
17/04/2018	19:39:25	->	L	00000000	210	 84	 56	 27	  0	 60	  0	  4	  4	  4	  4	  4	  4	  4	  4	  0	  0	  0	  0	  0	  0	  0	  0	  0	  0	  0	  0	  0	  0	  0	  0	  0	  0	  0	  0	  0	  0	  0	  0	 76	 56	 36	 84	  0	 26	  0	  0	  0	  0	  0	  0	  0	  0	  0	  0	  0	  5	21813	  0
17/04/2018	19:44:25	->	L	00000000	210	 84	 56	 27	  0	 65	  0	  4	  4	  4	  4	  4	  4	  4	  4	  0	  0	  0	  0	  0	  0	  0	  0	  0	  0	  0	  0	  0	  0	  0	  0	  0	  0	  0	  0	  0	  0	  0	  0	 76	 56	 36	 84	  0	 26	  0	  0	  0	  0	  0	  0	  0	  0	  0	  0	  0	  5	21813	  0
17/04/2018	19:49:25	->	L	00000000	210	 84	 56	 25	  0	 70	  0	  4	  4	  4	  4	  4	  4	  4	  4	  0	  0	  0	  0	  0	  0	  0	  0	  0	  0	  0	  0	  0	  0	  0	  0	  0	  0	  0	  0	  0	  0	  0	  0	 77	 56	 33	 84	  0	 26	  0	  0	  0	  0	  0	  0	  0	  0	  0	  0	  0	  5	21813	  0
17/04/2018	19:54:25	->	L	00000000	210	 86	 56	 24	  0	 75	  0	  4	  4	  4	  4	  4	  4	  4	  4	  0	  0	  0	  0	  0	  0	  0	  0	  0	  0	  0	  0	  0	  0	  0	  0	  0	  0	  0	  0	  0	  0	  0	  0	 77	 56	 33	 86	  0	 24	  0	  0	  0	  0	  0	  0	  0	  0	  0	  0	  0	  5	21813	  0
17/04/2018	19:59:25	->	L	00000000	210	 85	 56	 26	  0	 80	  0	  4	  4	  4	  4	  4	  4	  4	  4	  0	  0	  0	  0	  0	  0	  0	  0	  0	  0	  0	  0	  0	  0	  0	  0	  0	  0	  0	  0	  0	  0	  0	  0	 77	 56	 33	 85	  0	 25	  0	  0	  0	  0	  0	  0	  0	  0	  0	  0	  0	  5	21813	  0
17/04/2018	20:04:25	->	L	00000000	210	 83	 56	 26	  0	 85	  0	  4	  4	  4	  4	  4	  4	  4	  4	  0	  0	  0	  0	  0	  0	  0	  0	  0	  0	  0	  0	  0	  0	  0	  0	  0	  0	  0	  0	  0	  0	  0	  0	 76	 56	 36	 83	  0	 27	  0	  0	  0	  0	  0	  0	  0	  0	  0	  0	  0	  5	21813	  0
17/04/2018	20:09:25	->	L	00000000	210	 86	 56	 24	  0	 90	  0	  4	  4	  4	  4	  4	  4	  4	  4	  0	  0	  0	  0	  0	  0	  0	  0	  0	  0	  0	  0	  0	  0	  0	  0	  0	  0	  0	  0	  0	  0	  0	  0	 77	 56	 33	 86	  0	 24	  0	  0	  0	  0	  0	  0	  0	  0	  0	  0	  0	  5	21813	  0
17/04/2018	20:14:26	->	L	00000000	210	 84	 56	 26	  0	 95	  0	  4	  4	  4	  4	  4	  4	  4	  4	  0	  0	  0	  0	  0	  0	  0	  0	  0	  0	  0	  0	  0	  0	  0	  0	  0	  0	  0	  0	  0	  0	  0	  0	 77	 56	 33	 84	  0	 26	  0	  0	  0	  0	  0	  0	  0	  0	  0	  0	  0	  5	21813	  0
17/04/2018	20:19:26	->	L	00000000	210	 85	 56	 24	  0	100	  0	  4	  4	  4	  4	  4	  4	  4	  4	  0	  0	  0	  0	  0	  0	  0	  0	  0	  0	  0	  0	  0	  0	  0	  0	  0	  0	  0	  0	  0	  0	  0	  0	 77	 56	 33	 85	  0	 25	  0	  0	  0	  0	  0	  0	  0	  0	  0	  0	  0	  5	21813	  0
17/04/2018	20:24:26	->	L	00000000	210	 87	 56	 23	  0	105	  0	  4	  4	  4	  4	  4	  4	  4	  4	  0	  0	  0	  0	  0	  0	  0	  0	  0	  0	  0	  0	  0	  0	  0	  0	  0	  0	  0	  0	  0	  0	  0	  0	 78	 56	 32	 87	  0	 23	  0	  0	  0	  0	  0	  0	  0	  0	  0	  0	  0	  5	21813	  0
17/04/2018	20:29:26	->	L	00000000	210	 86	 56	 24	  0	110	  0	  4	  4	  4	  4	  4	  4	  4	  4	  0	  0	  0	  0	  0	  0	  0	  0	  0	  0	  0	  0	  0	  0	  0	  0	  0	  0	  0	  0	  0	  0	  0	  0	 77	 56	 33	 86	  0	 24	  0	  0	  0	  0	  0	  0	  0	  0	  0	  0	  0	  5	21813	  0
17/04/2018	20:34:26	->	L	00000000	210	 86	 56	 24	  0	115	  0	  4	  4	  4	  4	  4	  4	  4	  4	  0	  0	  0	  0	  0	  0	  0	  0	  0	  0	  0	  0	  0	  0	  0	  0	  0	  0	  0	  0	  0	  0	  0	  0	 77	 56	 33	 86	  0	 24	  0	  0	  0	  0	  0	  0	  0	  0	  0	  0	  0	  5	21813	  0
17/04/2018	20:39:26	->	L	00000000	210	 84	 55	 26	  0	120	  0	  4	  4	  4	  4	  4	  4	  4	  4	  0	  0	  0	  0	  0	  0	  0	  0	  0	  0	  0	  0	  0	  0	  0	  0	  0	  0	  0	  0	  0	  0	  0	  0	 77	 55	 32	 84	  0	 24	  0	  0	  0	  0	  0	  0	  0	  0	  0	  0	  0	  5	21813	  0
17/04/2018	20:44:26	<-	L	00000000	210	 86	 56	 23	  0	125	  0	  4	  4	  4	  4	  4	  4	  4	  4	  0	  0	  0	  0	  0	  0	  0	  0	  0	  0	  0	  0	  0	  0	  0	  0	  0	  0	  0	  0	  0	  0	  0	  0	 78	 56	 32	 86	  0	 24	  0	  0	  0	  0	  0	  0	  0	  0	  0	  0	  0	  5	21813	  0
17/04/2018	20:49:26	<-	L	00000000	210	 88	 57	 24	  0	130	  0	  4	  4	  4	  4	  4	  4	  4	  4	  0	  0	  0	  0	  0	  0	  0	  0	  0	  0	  0	  0	  0	  0	  0	  0	  0	  0	  0	  0	  0	  0	  0	  0	 88	 57	 24	 78	  0	 33	  0	  0	  0	  0	  0	  0	  0	  0	  0	  0	  0	  5	21813	  0
17/04/2018	20:54:26	<-	L	00000000	210	 84	 57	 27	  0	135	  0	  4	  4	  4	  4	  4	  4	  4	  4	  0	  0	  0	  0	  0	  0	  0	  0	  0	  0	  0	  0	  0	  0	  0	  0	  0	  0	  0	  0	  0	  0	  0	  0	 84	 57	 27	 76	  0	 38	  0	  0	  0	  0	  0	  0	  0	  0	  0	  0	  0	  5	21813	  0
17/04/2018	20:59:26	<-	L	00000000	210	 86	 56	 24	  0	140	  0	  4	  4	  4	  4	  4	  4	  4	  4	  0	  0	  0	  0	  0	  0	  0	  0	  0	  0	  0	  0	  0	  0	  0	  0	  0	  0	  0	  0	  0	  0	  0	  0	 86	 56	 24	 77	  0	 33	  0	  0	  0	  0	  0	  0	  0	  0	  0	  0	  0	  5	21813	  0
17/04/2018	21:04:26	<-	L	00000000	210	 87	 55	 24	  0	145	  0	  4	  4	  4	  4	  4	  4	  4	  4	  0	  0	  0	  0	  0	  0	  0	  0	  0	  0	  0	  0	  0	  0	  0	  0	  0	  0	  0	  0	  0	  0	  0	  0	 87	 55	 22	 76	  0	 32	  0	  0	  0	  0	  0	  0	  0	  0	  0	  0	  0	  5	21813	  0
17/04/2018	21:09:26	<-	L	00000000	210	 83	 55	 24	  0	150	  0	  4	  4	  4	  4	  4	  4	  4	  4	  0	  0	  0	  0	  0	  0	  0	  0	  0	  0	  0	  0	  0	  0	  0	  0	  0	  0	  0	  0	  0	  0	  0	  0	 83	 55	 26	 77	  0	 32	  0	  0	  0	  0	  0	  0	  0	  0	  0	  0	  0	  5	21813	  0
17/04/2018	21:14:26	<-	L	00000000	210	 88	 56	 23	  0	155	  0	  4	  4	  4	  4	  4	  4	  4	  4	  0	  0	  0	  0	  0	  0	  0	  0	  0	  0	  0	  0	  0	  0	  0	  0	  0	  0	  0	  0	  0	  0	  0	  0	 88	 56	 23	 77	  0	 33	  0	  0	  0	  0	  0	  0	  0	  0	  0	  0	  0	  5	21813	  0
17/04/2018	21:19:26	<-	L	00000000	210	 83	 54	 24	  0	160	  0	  4	  4	  4	  4	  4	  4	  4	  4	  0	  0	  0	  0	  0	  0	  0	  0	  0	  0	  0	  0	  0	  0	  0	  0	  0	  0	  0	  0	  0	  0	  0	  0	 83	 54	 24	 77	  0	 29	  0	  0	  0	  0	  0	  0	  0	  0	  0	  0	  0	  5	21813	  0
17/04/2018	21:24:26	<-	L	00000000	210	 89	 56	 22	  0	165	  0	  4	  4	  4	  4	  4	  4	  4	  4	  0	  0	  0	  0	  0	  0	  0	  0	  0	  0	  0	  0	  0	  0	  0	  0	  0	  0	  0	  0	  0	  0	  0	  0	 89	 56	 22	 77	  0	 33	  0	  0	  0	  0	  0	  0	  0	  0	  0	  0	  0	  5	21813	  0
17/04/2018	21:29:27	<-	L	00000000	210	 83	 55	 26	  0	170	  0	  4	  4	  4	  4	  4	  4	  4	  4	  0	  0	  0	  0	  0	  0	  0	  0	  0	  0	  0	  0	  0	  0	  0	  0	  0	  0	  0	  0	  0	  0	  0	  0	 83	 55	 26	 77	  0	 32	  0	  0	  0	  0	  0	  0	  0	  0	  0	  0	  0	  5	21813	  0
17/04/2018	21:34:27	<-	L	00000000	210	 87	 56	 23	  0	175	  0	  4	  4	  4	  4	  4	  4	  4	  4	  0	  0	  0	  0	  0	  0	  0	  0	  0	  0	  0	  0	  0	  0	  0	  0	  0	  0	  0	  0	  0	  0	  0	  0	 87	 56	 23	 78	  0	 32	  0	  0	  0	  0	  0	  0	  0	  0	  0	  0	  0	  5	21813	  0
17/04/2018	21:39:27	<-	L	00000000	210	 86	 55	 24	  0	180	  0	  4	  4	  4	  4	  4	  4	  4	  4	  0	  0	  0	  0	  0	  0	  0	  0	  0	  0	  0	  0	  0	  0	  0	  0	  0	  0	  0	  0	  0	  0	  0	  0	 86	 55	 23	 77	  0	 32	  0	  0	  0	  0	  0	  0	  0	  0	  0	  0	  0	  5	21813	  0
17/04/2018	21:44:27	<-	L	00000000	210	 86	 56	 23	  0	185	  0	  4	  4	  4	  4	  4	  4	  4	  4	  0	  0	  0	  0	  0	  0	  0	  0	  0	  0	  0	  0	  0	  0	  0	  0	  0	  0	  0	  0	  0	  0	  0	  0	 86	 56	 24	 76	  0	 36	  0	  0	  0	  0	  0	  0	  0	  0	  0	  0	  0	  5	21813	  0
17/04/2018	21:49:27	<-	L	00000000	210	 87	 55	 23	  0	190	  0	  4	  4	  4	  4	  4	  4	  4	  4	  0	  0	  0	  0	  0	  0	  0	  0	  0	  0	  0	  0	  0	  0	  0	  0	  0	  0	  0	  0	  0	  0	  0	  0	 87	 55	 22	 78	  0	 29	  0	  0	  0	  0	  0	  0	  0	  0	  0	  0	  0	  5	21813	  0
17/04/2018	21:54:27	<-	L	00000000	210	 84	 55	 24	  0	195	  0	  4	  4	  4	  4	  4	  4	  4	  4	  0	  0	  0	  0	  0	  0	  0	  0	  0	  0	  0	  0	  0	  0	  0	  0	  0	  0	  0	  0	  0	  0	  0	  0	 84	 55	 24	 77	  0	 32	  0	  0	  0	  0	  0	  0	  0	  0	  0	  0	  0	  5	21813	  0
17/04/2018	21:59:27	<-	L	00000000	210	 89	 56	 21	  0	200	  0	  4	  4	  4	  4	  4	  4	  4	  4	  0	  0	  0	  0	  0	  0	  0	  0	  0	  0	  0	  0	  0	  0	  0	  0	  0	  0	  0	  0	  0	  0	  0	  0	 89	 56	 22	 78	  0	 32	  0	  0	  0	  0	  0	  0	  0	  0	  0	  0	  0	  5	21813	  0
17/04/2018	22:04:27	<-	L	00000000	210	 84	 55	 24	  0	205	  0	  4	  4	  4	  4	  4	  4	  4	  4	  0	  0	  0	  0	  0	  0	  0	  0	  0	  0	  0	  0	  0	  0	  0	  0	  0	  0	  0	  0	  0	  0	  0	  0	 84	 55	 24	 77	  0	 32	  0	  0	  0	  0	  0	  0	  0	  0	  0	  0	  0	  5	21813	  0
17/04/2018	22:19:27	<-	L	00000000	210	 77	 51	 27	  0	211	  0	  4	  4	  4	  4	  4	  4	  4	  4	  0	  0	  0	  0	  0	  0	  0	  0	  0	  0	  0	  0	  0	  0	  0	  0	  0	  0	  0	  0	  0	  0	  0	  0	 77	 51	 27	 75	  0	 28	  0	  0	  0	  0	  0	  0	  0	  0	  0	  0	  0	  5	21813	  0
17/04/2018	22:24:27	<-	L	00000000	210	 84	 56	 27	  0	216	  0	  4	  4	  4	  4	  4	  4	  4	  4	  0	  0	  0	  0	  0	  0	  0	  0	  0	  0	  0	  0	  0	  0	  0	  0	  0	  0	  0	  0	  0	  0	  0	  0	 84	 56	 26	 76	  0	 36	  0	  0	  0	  0	  0	  0	  0	  0	  0	  0	  0	  5	21813	  0
17/04/2018	22:29:27	<-	L	00000000	210	 85	 56	 25	  0	221	  0	  4	  4	  4	  4	  4	  4	  4	  4	  0	  0	  0	  0	  0	  0	  0	  0	  0	  0	  0	  0	  0	  0	  0	  0	  0	  0	  0	  0	  0	  0	  0	  0	 85	 56	 25	 75	  0	 37	  0	  0	  0	  0	  0	  0	  0	  0	  0	  0	  0	  5	21813	  0
17/04/2018	22:34:27	<-	L	00000000	210	 88	 56	 23	  0	226	  0	  4	  4	  4	  4	  4	  4	  4	  4	  0	  0	  0	  0	  0	  0	  0	  0	  0	  0	  0	  0	  0	  0	  0	  0	  0	  0	  0	  0	  0	  0	  0	  0	 88	 56	 23	 76	  0	 36	  0	  0	  0	  0	  0	  0	  0	  0	  0	  0	  0	  5	21813	  0
17/04/2018	22:39:28	<-	L	00000000	210	 85	 56	 23	  0	231	  0	  4	  4	  4	  4	  4	  4	  4	  4	  0	  0	  0	  0	  0	  0	  0	  0	  0	  0	  0	  0	  0	  0	  0	  0	  0	  0	  0	  0	  0	  0	  0	  0	 85	 56	 25	 78	  0	 32	  0	  0	  0	  0	  0	  0	  0	  0	  0	  0	  0	  5	21813	  0
17/04/2018	22:44:28	<-	L	00000000	210	 87	 55	 23	  0	236	  0	  4	  4	  4	  4	  4	  4	  4	  4	  0	  0	  0	  0	  0	  0	  0	  0	  0	  0	  0	  0	  0	  0	  0	  0	  0	  0	  0	  0	  0	  0	  0	  0	 87	 55	 22	 78	  0	 29	  0	  0	  0	  0	  0	  0	  0	  0	  0	  0	  0	  5	21813	  0
17/04/2018	22:49:28	<-	L	00000000	210	 85	 55	 23	  0	241	  0	  4	  4	  4	  4	  4	  4	  4	  4	  0	  0	  0	  0	  0	  0	  0	  0	  0	  0	  0	  0	  0	  0	  0	  0	  0	  0	  0	  0	  0	  0	  0	  0	 85	 55	 24	 77	  0	 32	  0	  0	  0	  0	  0	  0	  0	  0	  0	  0	  0	  5	21813	  0
17/04/2018	22:54:28	<-	L	00000000	210	 86	 55	 22	  0	246	  0	  4	  4	  4	  4	  4	  4	  4	  4	  0	  0	  0	  0	  0	  0	  0	  0	  0	  0	  0	  0	  0	  0	  0	  0	  0	  0	  0	  0	  0	  0	  0	  0	 86	 55	 23	 78	  0	 29	  0	  0	  0	  0	  0	  0	  0	  0	  0	  0	  0	  5	21813	  0
17/04/2018	22:59:28	<-	L	00000000	210	 84	 55	 26	  0	251	  0	  4	  4	  4	  4	  4	  4	  4	  4	  0	  0	  0	  0	  0	  0	  0	  0	  0	  0	  0	  0	  0	  0	  0	  0	  0	  0	  0	  0	  0	  0	  0	  0	 84	 55	 24	 77	  0	 32	  0	  0	  0	  0	  0	  0	  0	  0	  0	  0	  0	  5	21813	  0
17/04/2018	23:04:28	<-	L	00000000	210	 87	 56	 22	  0	256	  0	  4	  4	  4	  4	  4	  4	  4	  4	  0	  0	  0	  0	  0	  0	  0	  0	  0	  0	  0	  0	  0	  0	  0	  0	  0	  0	  0	  0	  0	  0	  0	  0	 87	 56	 23	 78	  0	 32	  0	  0	  0	  0	  0	  0	  0	  0	  0	  0	  0	  5	21813	  0
17/04/2018	23:09:28	<-	L	00000000	210	 83	 55	 23	  0	261	  0	  4	  4	  4	  4	  4	  4	  4	  4	  0	  0	  0	  0	  0	  0	  0	  0	  0	  0	  0	  0	  0	  0	  0	  0	  0	  0	  0	  0	  0	  0	  0	  0	 83	 55	 26	 78	  0	 29	  0	  0	  0	  0	  0	  0	  0	  0	  0	  0	  0	  5	21811	  0
17/04/2018	23:14:28	<-	L	00000000	210	 88	 55	 22	  0	266	  0	  4	  4	  4	  4	  4	  4	  4	  4	  0	  0	  0	  0	  0	  0	  0	  0	  0	  0	  0	  0	  0	  0	  0	  0	  0	  0	  0	  0	  0	  0	  0	  0	 88	 55	 22	 79	  0	 30	  0	  0	  0	  0	  0	  0	  0	  0	  0	  0	  0	  5	21811	  0
17/04/2018	23:19:28	<-	L	00000000	210	 84	 54	 23	  0	271	  0	  4	  4	  4	  4	  4	  4	  4	  4	  0	  0	  0	  0	  0	  0	  0	  0	  0	  0	  0	  0	  0	  0	  0	  0	  0	  0	  0	  0	  0	  0	  0	  0	 84	 54	 23	 76	  0	 31	  0	  0	  0	  0	  0	  0	  0	  0	  0	  0	  0	  5	21811	  0
17/04/2018	23:24:28	<-	L	00000000	210	 87	 54	 21	  0	276	  0	  4	  4	  4	  4	  4	  4	  4	  4	  0	  0	  0	  0	  0	  0	  0	  0	  0	  0	  0	  0	  0	  0	  0	  0	  0	  0	  0	  0	  0	  0	  0	  0	 87	 54	 21	 77	  0	 29	  0	  0	  0	  0	  0	  0	  0	  0	  0	  0	  0	  5	21811	  0
17/04/2018	23:29:28	<-	L	00000000	210	 86	 53	 21	  0	281	  0	  4	  4	  4	  4	  4	  4	  4	  4	  0	  0	  0	  0	  0	  0	  0	  0	  0	  0	  0	  0	  0	  0	  0	  0	  0	  0	  0	  0	  0	  0	  0	  0	 86	 53	 21	 78	  0	 27	  0	  0	  0	  0	  0	  0	  0	  0	  0	  0	  0	  5	21810	  0
17/04/2018	23:34:28	<-	L	00000000	210	 85	 53	 23	  0	286	  0	  4	  4	  4	  4	  4	  4	  4	  4	  0	  0	  0	  0	  0	  0	  0	  0	  0	  0	  0	  0	  0	  0	  0	  0	  0	  0	  0	  0	  0	  0	  0	  0	 85	 53	 22	 78	  0	 27	  0	  0	  0	  0	  0	  0	  0	  0	  0	  0	  0	  5	21810	  0
17/04/2018	23:39:28	<-	L	00000000	210	 88	 53	 20	  0	291	  0	  4	  4	  4	  4	  4	  4	  4	  4	  0	  0	  0	  0	  0	  0	  0	  0	  0	  0	  0	  0	  0	  0	  0	  0	  0	  0	  0	  0	  0	  0	  0	  0	 88	 53	 20	 78	  0	 27	  0	  0	  0	  0	  0	  0	  0	  0	  0	  0	  0	  5	21810	  0
17/04/2018	23:44:28	<-	L	00000000	210	 84	 52	 22	  0	296	  0	  4	  4	  4	  4	  4	  4	  4	  4	  0	  0	  0	  0	  0	  0	  0	  0	  0	  0	  0	  0	  0	  0	  0	  0	  0	  0	  0	  0	  0	  0	  0	  0	 84	 52	 21	 77	  0	 26	  0	  0	  0	  0	  0	  0	  0	  0	  0	  0	  0	  5	21810	  0
17/04/2018	23:49:28	<-	L	00000000	210	 89	 53	 19	  0	301	  0	  4	  4	  4	  4	  4	  4	  4	  4	  0	  0	  0	  0	  0	  0	  0	  0	  0	  0	  0	  0	  0	  0	  0	  0	  0	  0	  0	  0	  0	  0	  0	  0	 89	 53	 19	 79	  0	 28	  0	  0	  0	  0	  0	  0	  0	  0	  0	  0	  0	  5	21810	  0
17/04/2018	23:54:28	<-	L	00000000	210	 83	 53	 20	  0	306	  0	  4	  4	  4	  4	  4	  4	  4	  4	  0	  0	  0	  0	  0	  0	  0	  0	  0	  0	  0	  0	  0	  0	  0	  0	  0	  0	  0	  0	  0	  0	  0	  0	 83	 53	 23	 76	  0	 28	  0	  0	  0	  0	  0	  0	  0	  0	  0	  0	  0	  5	21810	  0
17/04/2018	23:59:29	<-	L	00000000	210	 89	 53	 19	  0	311	  0	  4	  4	  4	  4	  4	  4	  4	  4	  0	  0	  0	  0	  0	  0	  0	  0	  0	  0	  0	  0	  0	  0	  0	  0	  0	  0	  0	  0	  0	  0	  0	  0	 89	 53	 19	 78	  0	 27	  0	  0	  0	  0	  0	  0	  0	  0	  0	  0	  0	  5	21810	  0
18/04/2018	00:04:29	<-	L	00000000	210	 84	 53	 20	  0	316	  0	  4	  4	  4	  4	  4	  4	  4	  4	  0	  0	  0	  0	  0	  0	  0	  0	  0	  0	  0	  0	  0	  0	  0	  0	  0	  0	  0	  0	  0	  0	  0	  0	 84	 53	 22	 79	  0	 28	  0	  0	  0	  0	  0	  0	  0	  0	  0	  0	  0	  5	21810	  0
18/04/2018	00:09:29	<-	L	00000000	210	 87	 52	 19	  0	321	  0	  4	  4	  4	  4	  4	  4	  4	  4	  0	  0	  0	  0	  0	  0	  0	  0	  0	  0	  0	  0	  0	  0	  0	  0	  0	  0	  0	  0	  0	  0	  0	  0	 87	 52	 19	 78	  0	 27	  0	  0	  0	  0	  0	  0	  0	  0	  0	  0	  0	  5	21810	  0
18/04/2018	00:14:29	<-	L	00000000	210	 85	 52	 21	  0	326	  0	  4	  4	  4	  4	  4	  4	  4	  4	  0	  0	  0	  0	  0	  0	  0	  0	  0	  0	  0	  0	  0	  0	  0	  0	  0	  0	  0	  0	  0	  0	  0	  0	 85	 52	 21	 78	  0	 27	  0	  0	  0	  0	  0	  0	  0	  0	  0	  0	  0	  5	21810	  0
18/04/2018	00:19:29	<-	L	00000000	210	 86	 52	 20	  0	331	  0	  4	  4	  4	  4	  4	  4	  4	  4	  0	  0	  0	  0	  0	  0	  0	  0	  0	  0	  0	  0	  0	  0	  0	  0	  0	  0	  0	  0	  0	  0	  0	  0	 86	 52	 20	 79	  0	 25	  0	  0	  0	  0	  0	  0	  0	  0	  0	  0	  0	  5	21810	  0
18/04/2018	00:24:29	<-	L	00000000	210	 84	 52	 21	  0	336	  0	  4	  4	  4	  4	  4	  4	  4	  4	  0	  0	  0	  0	  0	  0	  0	  0	  0	  0	  0	  0	  0	  0	  0	  0	  0	  0	  0	  0	  0	  0	  0	  0	 84	 52	 21	 78	  0	 27	  0	  0	  0	  0	  0	  0	  0	  0	  0	  0	  0	  5	21810	  0
18/04/2018	00:29:29	<-	L	00000000	210	 88	 53	 19	  0	341	  0	  4	  4	  4	  4	  4	  4	  4	  4	  0	  0	  0	  0	  0	  0	  0	  0	  0	  0	  0	  0	  0	  0	  0	  0	  0	  0	  0	  0	  0	  0	  0	  0	 88	 53	 20	 79	  0	 28	  0	  0	  0	  0	  0	  0	  0	  0	  0	  0	  0	  5	21810	  0
18/04/2018	00:34:29	<-	L	00000000	210	 84	 51	 21	  0	346	  0	  4	  4	  4	  4	  4	  4	  4	  4	  0	  0	  0	  0	  0	  0	  0	  0	  0	  0	  0	  0	  0	  0	  0	  0	  0	  0	  0	  0	  0	  0	  0	  0	 84	 51	 20	 78	  0	 25	  0	  0	  0	  0	  0	  0	  0	  0	  0	  0	  0	  5	21810	  0
18/04/2018	00:39:29	<-	L	00000000	210	 86	 52	 21	  0	351	  0	  4	  4	  4	  4	  4	  4	  4	  4	  0	  0	  0	  0	  0	  0	  0	  0	  0	  0	  0	  0	  0	  0	  0	  0	  0	  0	  0	  0	  0	  0	  0	  0	 86	 52	 20	 78	  0	 27	  0	  0	  0	  0	  0	  0	  0	  0	  0	  0	  0	  5	21810	  0
18/04/2018	00:44:29	<-	L	00000000	210	 85	 52	 21	  0	356	  0	  4	  4	  4	  4	  4	  4	  4	  4	  0	  0	  0	  0	  0	  0	  0	  0	  0	  0	  0	  0	  0	  0	  0	  0	  0	  0	  0	  0	  0	  0	  0	  0	 85	 52	 21	 78	  0	 27	  0	  0	  0	  0	  0	  0	  0	  0	  0	  0	  0	  5	21810	  0
18/04/2018	00:49:30	<-	L	00000000	210	 85	 51	 22	  0	361	  0	  4	  4	  4	  4	  4	  4	  4	  4	  0	  0	  0	  0	  0	  0	  0	  0	  0	  0	  0	  0	  0	  0	  0	  0	  0	  0	  0	  0	  0	  0	  0	  0	 85	 51	 20	 77	  0	 27	  0	  0	  0	  0	  0	  0	  0	  0	  0	  0	  0	  5	21810	  0
18/04/2018	00:54:29	->	L	00000000	210	 82	 52	 22	  0	366	  0	  4	  4	  4	  4	  4	  4	  4	  4	  0	  0	  0	  0	  0	  0	  0	  0	  0	  0	  0	  0	  0	  0	  0	  0	  0	  0	  0	  0	  0	  0	  0	  0	 82	 52	 23	 79	  0	 25	  0	  0	  0	  0	  0	  0	  0	  0	  0	  0	  0	  5	21810	  0
18/04/2018	00:59:29	->	L	00000000	210	 83	 53	 23	  0	371	  0	  4	  4	  4	  4	  4	  4	  4	  4	  0	  0	  0	  0	  0	  0	  0	  0	  0	  0	  0	  0	  0	  0	  0	  0	  0	  0	  0	  0	  0	  0	  0	  0	 79	 53	 28	 83	  0	 23	  0	  0	  0	  0	  0	  0	  0	  0	  0	  0	  0	  5	21810	  0
18/04/2018	01:04:29	->	L	00000000	210	 86	 52	 19	  0	376	  0	  4	  4	  4	  4	  4	  4	  4	  4	  0	  0	  0	  0	  0	  0	  0	  0	  0	  0	  0	  0	  0	  0	  0	  0	  0	  0	  0	  0	  0	  0	  0	  0	 79	 52	 25	 86	  0	 20	  0	  0	  0	  0	  0	  0	  0	  0	  0	  0	  0	  5	21810	  0
18/04/2018	01:09:30	->	L	00000000	210	 85	 52	 22	  0	381	  0	  4	  4	  4	  4	  4	  4	  4	  4	  0	  0	  0	  0	  0	  0	  0	  0	  0	  0	  0	  0	  0	  0	  0	  0	  0	  0	  0	  0	  0	  0	  0	  0	 79	 52	 25	 85	  0	 21	  0	  0	  0	  0	  0	  0	  0	  0	  0	  0	  0	  5	21810	  0
18/04/2018	01:14:30	->	L	00000000	210	 86	 52	 20	  0	386	  0	  4	  4	  4	  4	  4	  4	  4	  4	  0	  0	  0	  0	  0	  0	  0	  0	  0	  0	  0	  0	  0	  0	  0	  0	  0	  0	  0	  0	  0	  0	  0	  0	 79	 52	 25	 86	  0	 20	  0	  0	  0	  0	  0	  0	  0	  0	  0	  0	  0	  5	21810	  0
18/04/2018	01:19:30	->	L	00000000	210	 85	 52	 20	  0	391	  0	  4	  4	  4	  4	  4	  4	  4	  4	  0	  0	  0	  0	  0	  0	  0	  0	  0	  0	  0	  0	  0	  0	  0	  0	  0	  0	  0	  0	  0	  0	  0	  0	 79	 52	 25	 85	  0	 21	  0	  0	  0	  0	  0	  0	  0	  0	  0	  0	  0	  5	21810	  0
18/04/2018	01:24:30	->	L	00000000	210	 85	 51	 21	  0	396	  0	  4	  4	  4	  4	  4	  4	  4	  4	  0	  0	  0	  0	  0	  0	  0	  0	  0	  0	  0	  0	  0	  0	  0	  0	  0	  0	  0	  0	  0	  0	  0	  0	 78	 51	 25	 85	  0	 20	  0	  0	  0	  0	  0	  0	  0	  0	  0	  0	  0	  5	21810	  0
18/04/2018	01:29:30	->	L	00000000	210	 87	 54	 21	  0	401	  0	  4	  4	  4	  4	  4	  4	  4	  4	  0	  0	  0	  0	  0	  0	  0	  0	  0	  0	  0	  0	  0	  0	  0	  0	  0	  0	  0	  0	  0	  0	  0	  0	 79	 54	 28	 87	  0	 21	  0	  0	  0	  0	  0	  0	  0	  0	  0	  0	  0	  5	21810	  0
18/04/2018	01:34:30	->	L	00000000	210	 84	 52	 21	  0	406	  0	  4	  4	  4	  4	  4	  4	  4	  4	  0	  0	  0	  0	  0	  0	  0	  0	  0	  0	  0	  0	  0	  0	  0	  0	  0	  0	  0	  0	  0	  0	  0	  0	 79	 52	 25	 84	  0	 21	  0	  0	  0	  0	  0	  0	  0	  0	  0	  0	  0	  5	21810	  0
18/04/2018	01:39:31	->	L	00000000	210	 83	 52	 23	  0	411	  0	  4	  4	  4	  4	  4	  4	  4	  4	  0	  0	  0	  0	  0	  0	  0	  0	  0	  0	  0	  0	  0	  0	  0	  0	  0	  0	  0	  0	  0	  0	  0	  0	 79	 52	 25	 83	  0	 22	  0	  0	  0	  0	  0	  0	  0	  0	  0	  0	  0	  5	21810	  0
18/04/2018	01:44:30	->	L	00000000	210	 85	 52	 21	  0	416	  0	  4	  4	  4	  4	  4	  4	  4	  4	  0	  0	  0	  0	  0	  0	  0	  0	  0	  0	  0	  0	  0	  0	  0	  0	  0	  0	  0	  0	  0	  0	  0	  0	 79	 52	 25	 85	  0	 21	  0	  0	  0	  0	  0	  0	  0	  0	  0	  0	  0	  5	21810	  0
18/04/2018	01:49:30	->	L	00000000	210	 84	 52	 21	  0	421	  0	  4	  4	  4	  4	  4	  4	  4	  4	  0	  0	  0	  0	  0	  0	  0	  0	  0	  0	  0	  0	  0	  0	  0	  0	  0	  0	  0	  0	  0	  0	  0	  0	 79	 52	 25	 84	  0	 21	  0	  0	  0	  0	  0	  0	  0	  0	  0	  0	  0	  5	21810	  0
18/04/2018	01:54:30	->	L	00000000	210	 85	 52	 21	  0	426	  0	  4	  4	  4	  4	  4	  4	  4	  4	  0	  0	  0	  0	  0	  0	  0	  0	  0	  0	  0	  0	  0	  0	  0	  0	  0	  0	  0	  0	  0	  0	  0	  0	 79	 52	 25	 85	  0	 21	  0	  0	  0	  0	  0	  0	  0	  0	  0	  0	  0	  5	21810	  0
18/04/2018	01:59:30	->	L	00000000	210	 85	 52	 21	  0	431	  0	  4	  4	  4	  4	  4	  4	  4	  4	  0	  0	  0	  0	  0	  0	  0	  0	  0	  0	  0	  0	  0	  0	  0	  0	  0	  0	  0	  0	  0	  0	  0	  0	 79	 52	 25	 85	  0	 21	  0	  0	  0	  0	  0	  0	  0	  0	  0	  0	  0	  5	21810	  0
18/04/2018	02:04:30	->	L	00000000	210	 84	 52	 21	  0	436	  0	  4	  4	  4	  4	  4	  4	  4	  4	  0	  0	  0	  0	  0	  0	  0	  0	  0	  0	  0	  0	  0	  0	  0	  0	  0	  0	  0	  0	  0	  0	  0	  0	 79	 52	 25	 84	  0	 21	  0	  0	  0	  0	  0	  0	  0	  0	  0	  0	  0	  5	21810	  0
18/04/2018	02:09:30	->	L	00000000	210	 84	 52	 21	  0	441	  0	  4	  4	  4	  4	  4	  4	  4	  4	  0	  0	  0	  0	  0	  0	  0	  0	  0	  0	  0	  0	  0	  0	  0	  0	  0	  0	  0	  0	  0	  0	  0	  0	 79	 52	 25	 84	  0	 21	  0	  0	  0	  0	  0	  0	  0	  0	  0	  0	  0	  5	21810	  0
18/04/2018	02:14:31	->	L	00000000	210	 86	 52	 20	  0	446	  0	  4	  4	  4	  4	  4	  4	  4	  4	  0	  0	  0	  0	  0	  0	  0	  0	  0	  0	  0	  0	  0	  0	  0	  0	  0	  0	  0	  0	  0	  0	  0	  0	 80	 52	 24	 86	  0	 20	  0	  0	  0	  0	  0	  0	  0	  0	  0	  0	  0	  5	21810	  0
18/04/2018	02:19:31	->	L	00000000	210	 84	 52	 21	  0	451	  0	  4	  4	  4	  4	  4	  4	  4	  4	  0	  0	  0	  0	  0	  0	  0	  0	  0	  0	  0	  0	  0	  0	  0	  0	  0	  0	  0	  0	  0	  0	  0	  0	 79	 52	 25	 84	  0	 21	  0	  0	  0	  0	  0	  0	  0	  0	  0	  0	  0	  5	21810	  0
18/04/2018	02:24:31	->	L	00000000	210	 85	 52	 20	  0	456	  0	  4	  4	  4	  4	  4	  4	  4	  4	  0	  0	  0	  0	  0	  0	  0	  0	  0	  0	  0	  0	  0	  0	  0	  0	  0	  0	  0	  0	  0	  0	  0	  0	 79	 52	 25	 85	  0	 21	  0	  0	  0	  0	  0	  0	  0	  0	  0	  0	  0	  5	21810	  0
18/04/2018	02:29:31	->	L	00000000	210	 85	 52	 21	  0	461	  0	  4	  4	  4	  4	  4	  4	  4	  4	  0	  0	  0	  0	  0	  0	  0	  0	  0	  0	  0	  0	  0	  0	  0	  0	  0	  0	  0	  0	  0	  0	  0	  0	 79	 52	 25	 85	  0	 21	  0	  0	  0	  0	  0	  0	  0	  0	  0	  0	  0	  5	21810	  0
18/04/2018	02:34:31	->	L	00000000	210	 85	 52	 21	  0	466	  0	  4	  4	  4	  4	  4	  4	  4	  4	  0	  0	  0	  0	  0	  0	  0	  0	  0	  0	  0	  0	  0	  0	  0	  0	  0	  0	  0	  0	  0	  0	  0	  0	 80	 52	 24	 85	  0	 21	  0	  0	  0	  0	  0	  0	  0	  0	  0	  0	  0	  5	21810	  0
18/04/2018	02:39:31	->	L	00000000	210	 86	 52	 20	  0	471	  0	  4	  4	  4	  4	  4	  4	  4	  4	  0	  0	  0	  0	  0	  0	  0	  0	  0	  0	  0	  0	  0	  0	  0	  0	  0	  0	  0	  0	  0	  0	  0	  0	 79	 52	 25	 86	  0	 20	  0	  0	  0	  0	  0	  0	  0	  0	  0	  0	  0	  5	21810	  0
18/04/2018	02:44:31	->	L	00000000	210	 84	 52	 21	  0	476	  0	  4	  4	  4	  4	  4	  4	  4	  4	  0	  0	  0	  0	  0	  0	  0	  0	  0	  0	  0	  0	  0	  0	  0	  0	  0	  0	  0	  0	  0	  0	  0	  0	 79	 52	 25	 84	  0	 21	  0	  0	  0	  0	  0	  0	  0	  0	  0	  0	  0	  5	21810	  0
18/04/2018	02:49:31	->	L	00000000	210	 84	 52	 21	  0	481	  0	  4	  4	  4	  4	  4	  4	  4	  4	  0	  0	  0	  0	  0	  0	  0	  0	  0	  0	  0	  0	  0	  0	  0	  0	  0	  0	  0	  0	  0	  0	  0	  0	 79	 52	 25	 84	  0	 21	  0	  0	  0	  0	  0	  0	  0	  0	  0	  0	  0	  5	21810	  0
18/04/2018	02:54:31	->	L	00000000	210	 85	 52	 21	  0	486	  0	  4	  4	  4	  4	  4	  4	  4	  4	  0	  0	  0	  0	  0	  0	  0	  0	  0	  0	  0	  0	  0	  0	  0	  0	  0	  0	  0	  0	  0	  0	  0	  0	 79	 52	 25	 85	  0	 21	  0	  0	  0	  0	  0	  0	  0	  0	  0	  0	  0	  5	21810	  0
18/04/2018	02:59:42	->	L	00000000	210	 86	 52	 21	  0	491	  0	  4	  4	  4	  4	  4	  4	  4	  4	  0	  0	  0	  0	  0	  0	  0	  0	  0	  0	  0	  0	  0	  0	  0	  0	  0	  0	  0	  0	  0	  0	  0	  0	 80	 52	 24	 86	  0	 20	  0	  0	  0	  0	  0	  0	  0	  0	  0	  0	  0	  5	21810	  0
18/04/2018	03:04:31	->	L	00000000	210	 85	 52	 21	  0	496	  0	  4	  4	  4	  4	  4	  4	  4	  4	  0	  0	  0	  0	  0	  0	  0	  0	  0	  0	  0	  0	  0	  0	  0	  0	  0	  0	  0	  0	  0	  0	  0	  0	 80	 52	 24	 85	  0	 21	  0	  0	  0	  0	  0	  0	  0	  0	  0	  0	  0	  5	21810	  0
18/04/2018	03:09:31	->	L	00000000	210	 86	 52	 20	  0	501	  0	  4	  4	  4	  4	  4	  4	  4	  4	  0	  0	  0	  0	  0	  0	  0	  0	  0	  0	  0	  0	  0	  0	  0	  0	  0	  0	  0	  0	  0	  0	  0	  0	 80	 52	 24	 86	  0	 20	  0	  0	  0	  0	  0	  0	  0	  0	  0	  0	  0	  5	21810	  0
18/04/2018	03:29:32	->	L	00000000	 30	 62	 36	 19	  0	  1	  0	  4	  4	  4	  4	  4	  4	  4	  4	  0	  0	  0	  0	  0	  0	  0	  0	  0	  0	  0	  0	  0	  0	  0	  0	  0	  0	  0	  0	  0	  0	  0	  0	 62	 36	 19	 61	  0	 19	  0	  0	  0	  0	  0	  0	  0	  0	  0	  0	  0	  5	20560	  1
18/04/2018	03:34:31	->	L	00000000	 30	 81	 48	 19	  0	  6	  0	  4	  4	  4	  4	  4	  4	  4	  4	  0	  0	  0	  0	  0	  0	  0	  0	  0	  0	  0	  0	  0	  0	  0	  0	  0	  0	  0	  0	  0	  0	  0	  0	 75	 48	 23	 81	  0	 19	  0	  0	  0	  0	  0	  0	  0	  0	  0	  0	  0	  5	20560	  1
18/04/2018	03:39:32	->	L	00000000	 30	 82	 61	 35	  0	 11	  0	  4	  4	  4	  4	  4	  4	  4	  4	  0	  0	  0	  0	  0	  0	  0	  0	  0	  0	  0	  0	  0	  0	  0	  0	  0	  0	  0	  0	  0	  0	  0	  0	 78	 61	 43	 82	  0	 35	  0	  0	  0	  0	  0	  0	  0	  0	  0	  0	  0	  5	20560	  1
18/04/2018	03:44:32	->	L	00000000	 30	 81	 66	 50	  0	 16	  0	  4	  4	  4	  4	  4	  4	  4	  4	  0	  0	  0	  0	  0	  0	  0	  0	  0	  0	  0	  0	  0	  0	  0	  0	  0	  0	  0	  0	  0	  0	  0	  0	 80	 66	 51	 81	  0	 50	  0	  0	  0	  0	  0	  0	  0	  0	  0	  0	  0	  5	20560	  1
18/04/2018	03:49:32	->	L	00000000	 30	 82	 68	 58	  0	 21	  0	  4	  4	  4	  4	  4	  4	  4	  4	  0	  0	  0	  0	  0	  0	  0	  0	  0	  0	  0	  0	  0	  0	  0	  0	  0	  0	  0	  0	  0	  0	  0	  0	 81	 68	 55	 82	  0	 52	  0	  0	  0	  0	  0	  0	  0	  0	  0	  0	  0	  5	20560	  1
18/04/2018	03:54:32	->	L	00000000	 30	 83	 71	 61	  0	 26	  0	  4	  4	  4	  4	  4	  4	  4	  4	  0	  0	  0	  0	  0	  0	  0	  0	  0	  0	  0	  0	  0	  0	  0	  0	  0	  0	  0	  0	  0	  0	  0	  0	 82	 71	 61	 83	  0	 59	  0	  0	  0	  0	  0	  0	  0	  0	  0	  0	  0	  5	20560	  1
18/04/2018	03:59:32	->	L	00000000	 30	 83	 71	 62	  0	 31	  0	  4	  4	  4	  4	  4	  4	  4	  4	  0	  0	  0	  0	  0	  0	  0	  0	  0	  0	  0	  0	  0	  0	  0	  0	  0	  0	  0	  0	  0	  0	  0	  0	 82	 71	 61	 83	  0	 59	  0	  0	  0	  0	  0	  0	  0	  0	  0	  0	  0	  5	20560	  1
18/04/2018	04:04:32	->	L	00000000	 30	 84	 72	 59	  0	 36	  0	  4	  4	  4	  4	  4	  4	  4	  4	  0	  0	  0	  0	  0	  0	  0	  0	  0	  0	  0	  0	  0	  0	  0	  0	  0	  0	  0	  0	  0	  0	  0	  0	 83	 72	 61	 84	  0	 59	  0	  0	  0	  0	  0	  0	  0	  0	  0	  0	  0	  5	20560	  1
18/04/2018	04:09:32	  	L	00000000	 30	 84	 74	 62	  0	 41	  0	  4	  4	  4	  4	  4	  4	  4	  4	  0	  0	  0	  0	  0	  0	  0	  0	  0	  0	  0	  0	  0	  0	  0	  0	  0	  0	  0	  0	  0	  0	  0	  0	 84	 74	 65	 84	  0	 65	  0	  0	  0	  0	  0	  0	  0	  0	  0	  0	  0	  5	20560	  1
18/04/2018	04:14:32	<-	L	00000000	 30	 84	 68	 46	  0	 46	  0	  4	  4	  4	  4	  4	  4	  4	  4	  0	  0	  0	  0	  0	  0	  0	  0	  0	  0	  0	  0	  0	  0	  0	  0	  0	  0	  0	  0	  0	  0	  0	  0	 84	 68	 49	 82	  0	 52	  0	  0	  0	  0	  0	  0	  0	  0	  0	  0	  0	  5	20560	  1
18/04/2018	04:19:32	<-	L	00000000	 30	 85	 71	 51	  0	 51	  0	  4	  4	  4	  4	  4	  4	  4	  4	  0	  0	  0	  0	  0	  0	  0	  0	  0	  0	  0	  0	  0	  0	  0	  0	  0	  0	  0	  0	  0	  0	  0	  0	 85	 71	 53	 83	  0	 59	  0	  0	  0	  0	  0	  0	  0	  0	  0	  0	  0	  5	20560	  1
18/04/2018	04:24:32	<-	L	00000000	 30	 85	 72	 53	  0	 56	  0	  4	  4	  4	  4	  4	  4	  4	  4	  0	  0	  0	  0	  0	  0	  0	  0	  0	  0	  0	  0	  0	  0	  0	  0	  0	  0	  0	  0	  0	  0	  0	  0	 85	 72	 56	 84	  0	 59	  0	  0	  0	  0	  0	  0	  0	  0	  0	  0	  0	  5	20560	  1
18/04/2018	04:29:32	<-	L	00000000	 30	 85	 72	 56	  0	 61	  0	  4	  4	  4	  4	  4	  4	  4	  4	  0	  0	  0	  0	  0	  0	  0	  0	  0	  0	  0	  0	  0	  0	  0	  0	  0	  0	  0	  0	  0	  0	  0	  0	 85	 72	 56	 83	  0	 61	  0	  0	  0	  0	  0	  0	  0	  0	  0	  0	  0	  5	20560	  1
18/04/2018	04:34:32	<-	L	00000000	 30	 86	 71	 52	  0	 66	  0	  4	  4	  4	  4	  4	  4	  4	  4	  0	  0	  0	  0	  0	  0	  0	  0	  0	  0	  0	  0	  0	  0	  0	  0	  0	  0	  0	  0	  0	  0	  0	  0	 86	 71	 52	 85	  0	 53	  0	  0	  0	  0	  0	  0	  0	  0	  0	  0	  0	  5	20560	  1
18/04/2018	04:39:32	<-	L	00000000	 30	 86	 72	 52	  0	 71	  0	  4	  4	  4	  4	  4	  4	  4	  4	  0	  0	  0	  0	  0	  0	  0	  0	  0	  0	  0	  0	  0	  0	  0	  0	  0	  0	  0	  0	  0	  0	  0	  0	 86	 72	 53	 84	  0	 59	  0	  0	  0	  0	  0	  0	  0	  0	  0	  0	  0	  5	20560	  1
18/04/2018	04:44:33	<-	L	00000000	 30	 86	 72	 53	  0	 76	  0	  4	  4	  4	  4	  4	  4	  4	  4	  0	  0	  0	  0	  0	  0	  0	  0	  0	  0	  0	  0	  0	  0	  0	  0	  0	  0	  0	  0	  0	  0	  0	  0	 86	 72	 53	 84	  0	 59	  0	  0	  0	  0	  0	  0	  0	  0	  0	  0	  0	  5	20560	  1
18/04/2018	04:49:32	<-	L	00000000	 30	 86	 72	 56	  0	 81	  0	  4	  4	  4	  4	  4	  4	  4	  4	  0	  0	  0	  0	  0	  0	  0	  0	  0	  0	  0	  0	  0	  0	  0	  0	  0	  0	  0	  0	  0	  0	  0	  0	 86	 72	 53	 84	  0	 59	  0	  0	  0	  0	  0	  0	  0	  0	  0	  0	  0	  5	20560	  1
18/04/2018	04:54:33	<-	L	00000000	 30	 86	 72	 53	  0	 86	  0	  4	  4	  4	  4	  4	  4	  4	  4	  0	  0	  0	  0	  0	  0	  0	  0	  0	  0	  0	  0	  0	  0	  0	  0	  0	  0	  0	  0	  0	  0	  0	  0	 86	 72	 53	 85	  0	 56	  0	  0	  0	  0	  0	  0	  0	  0	  0	  0	  0	  5	20560	  1
18/04/2018	04:59:33	<-	L	00000000	 30	 86	 72	 53	  0	 91	  0	  4	  4	  4	  4	  4	  4	  4	  4	  0	  0	  0	  0	  0	  0	  0	  0	  0	  0	  0	  0	  0	  0	  0	  0	  0	  0	  0	  0	  0	  0	  0	  0	 86	 72	 53	 85	  0	 56	  0	  0	  0	  0	  0	  0	  0	  0	  0	  0	  0	  5	20560	  1
18/04/2018	05:04:33	<-	L	00000000	 30	 86	 72	 53	  0	 96	  0	  4	  4	  4	  4	  4	  4	  4	  4	  0	  0	  0	  0	  0	  0	  0	  0	  0	  0	  0	  0	  0	  0	  0	  0	  0	  0	  0	  0	  0	  0	  0	  0	 86	 72	 53	 84	  0	 59	  0	  0	  0	  0	  0	  0	  0	  0	  0	  0	  0	  5	20560	  1
18/04/2018	05:09:33	<-	L	00000000	 30	 86	 73	 53	  0	101	  0	  4	  4	  4	  4	  4	  4	  4	  4	  0	  0	  0	  0	  0	  0	  0	  0	  0	  0	  0	  0	  0	  0	  0	  0	  0	  0	  0	  0	  0	  0	  0	  0	 86	 73	 56	 84	  0	 62	  0	  0	  0	  0	  0	  0	  0	  0	  0	  0	  0	  5	20560	  1
18/04/2018	05:14:33	<-	L	00000000	 30	 86	 73	 53	  0	106	  0	  4	  4	  4	  4	  4	  4	  4	  4	  0	  0	  0	  0	  0	  0	  0	  0	  0	  0	  0	  0	  0	  0	  0	  0	  0	  0	  0	  0	  0	  0	  0	  0	 86	 73	 56	 84	  0	 62	  0	  0	  0	  0	  0	  0	  0	  0	  0	  0	  0	  5	20560	  1
18/04/2018	05:19:33	<-	L	00000000	 30	 86	 72	 53	  0	111	  0	  4	  4	  4	  4	  4	  4	  4	  4	  0	  0	  0	  0	  0	  0	  0	  0	  0	  0	  0	  0	  0	  0	  0	  0	  0	  0	  0	  0	  0	  0	  0	  0	 86	 72	 53	 85	  0	 56	  0	  0	  0	  0	  0	  0	  0	  0	  0	  0	  0	  5	20560	  1
18/04/2018	05:24:33	<-	L	00000000	 30	 86	 73	 56	  0	116	  0	  4	  4	  4	  4	  4	  4	  4	  4	  0	  0	  0	  0	  0	  0	  0	  0	  0	  0	  0	  0	  0	  0	  0	  0	  0	  0	  0	  0	  0	  0	  0	  0	 86	 73	 56	 85	  0	 59	  0	  0	  0	  0	  0	  0	  0	  0	  0	  0	  0	  5	20560	  1
18/04/2018	05:29:33	<-	L	00000000	 40	 86	 73	 53	  0	  0	  0	  4	  4	  4	  4	  4	  4	  4	  4	  0	  0	  0	  0	  0	  0	  0	  0	  0	  0	  0	  0	  0	  0	  0	  0	  0	  0	  0	  0	  0	  0	  0	  0	 86	 73	 56	 84	  0	 62	  0	  0	  0	  0	  0	  0	  0	  0	  0	  0	  0	  5	15405	  0
18/04/2018	05:34:33	<-	L	00000000	 40	 80	 60	 40	  0	  5	  0	  4	  4	  4	  4	  4	  4	  4	  4	  0	  0	  0	  0	  0	  0	  0	  0	  0	  0	  0	  0	  0	  0	  0	  0	  0	  0	  0	  0	  0	  0	  0	  0	 80	 60	 38	 80	  0	 38	  0	  0	  0	  0	  0	  0	  0	  0	  0	  0	  0	  5	15405	  0
18/04/2018	05:39:34	<-	L	00000000	 40	 77	 49	 26	  0	 10	  0	  4	  4	  4	  4	  4	  4	  4	  4	  0	  0	  0	  0	  0	  0	  0	  0	  0	  0	  0	  0	  0	  0	  0	  0	  0	  0	  0	  0	  0	  0	  0	  0	 74	 49	 25	 77	  0	 23	  0	  0	  0	  0	  0	  0	  0	  0	  0	  0	  0	  5	15405	  0
18/04/2018	05:44:34	<-	L	00000000	 40	 74	 49	 25	  0	 15	  0	  4	  4	  4	  4	  4	  4	  4	  4	  0	  0	  0	  0	  0	  0	  0	  0	  0	  0	  0	  0	  0	  0	  0	  0	  0	  0	  0	  0	  0	  0	  0	  0	 74	 49	 25	 74	  0	 25	  0	  0	  0	  0	  0	  0	  0	  0	  0	  0	  0	  5	15405	  0
18/04/2018	05:49:33	<-	L	00000000	 40	 74	 49	 25	  0	 20	  0	  4	  4	  4	  4	  4	  4	  4	  4	  0	  0	  0	  0	  0	  0	  0	  0	  0	  0	  0	  0	  0	  0	  0	  0	  0	  0	  0	  0	  0	  0	  0	  0	 74	 49	 25	 74	  0	 25	  0	  0	  0	  0	  0	  0	  0	  0	  0	  0	  0	  5	15405	  0
18/04/2018	05:54:33	<-	L	00000000	 40	 74	 48	 25	  0	 25	  0	  4	  4	  4	  4	  4	  4	  4	  4	  0	  0	  0	  0	  0	  0	  0	  0	  0	  0	  0	  0	  0	  0	  0	  0	  0	  0	  0	  0	  0	  0	  0	  0	 74	 48	 25	 73	  0	 24	  0	  0	  0	  0	  0	  0	  0	  0	  0	  0	  0	  5	15405	  0
18/04/2018	05:59:33	<-	L	00000000	 40	 73	 48	 25	  0	 30	  0	  4	  4	  4	  4	  4	  4	  4	  4	  0	  0	  0	  0	  0	  0	  0	  0	  0	  0	  0	  0	  0	  0	  0	  0	  0	  0	  0	  0	  0	  0	  0	  0	 73	 48	 24	 73	  0	 24	  0	  0	  0	  0	  0	  0	  0	  0	  0	  0	  0	  5	15405	  0
18/04/2018	06:04:34	<-	L	00000000	 40	 72	 48	 25	  0	 35	  0	  4	  4	  4	  4	  4	  4	  4	  4	  0	  0	  0	  0	  0	  0	  0	  0	  0	  0	  0	  0	  0	  0	  0	  0	  0	  0	  0	  0	  0	  0	  0	  0	 72	 48	 26	 72	  0	 26	  0	  0	  0	  0	  0	  0	  0	  0	  0	  0	  0	  5	15405	  0
18/04/2018	06:09:34	<-	L	00000000	 40	 72	 47	 24	  0	 40	  0	  4	  4	  4	  4	  4	  4	  4	  4	  0	  0	  0	  0	  0	  0	  0	  0	  0	  0	  0	  0	  0	  0	  0	  0	  0	  0	  0	  0	  0	  0	  0	  0	 72	 47	 24	 70	  0	 26	  0	  0	  0	  0	  0	  0	  0	  0	  0	  0	  0	  5	15405	  0
18/04/2018	06:14:34	<-	L	00000000	 40	 71	 46	 23	  0	 45	  0	  4	  4	  4	  4	  4	  4	  4	  4	  0	  0	  0	  0	  0	  0	  0	  0	  0	  0	  0	  0	  0	  0	  0	  0	  0	  0	  0	  0	  0	  0	  0	  0	 71	 46	 23	 70	  0	 25	  0	  0	  0	  0	  0	  0	  0	  0	  0	  0	  0	  5	15405	  0
18/04/2018	06:19:34	<-	L	00000000	 40	 71	 46	 26	  0	 50	  0	  4	  4	  4	  4	  4	  4	  4	  4	  0	  0	  0	  0	  0	  0	  0	  0	  0	  0	  0	  0	  0	  0	  0	  0	  0	  0	  0	  0	  0	  0	  0	  0	 71	 46	 23	 70	  0	 25	  0	  0	  0	  0	  0	  0	  0	  0	  0	  0	  0	  5	15405	  0
18/04/2018	06:24:34	<-	L	00000000	 40	 71	 47	 23	  0	 55	  0	  4	  4	  4	  4	  4	  4	  4	  4	  0	  0	  0	  0	  0	  0	  0	  0	  0	  0	  0	  0	  0	  0	  0	  0	  0	  0	  0	  0	  0	  0	  0	  0	 71	 47	 26	 70	  0	 26	  0	  0	  0	  0	  0	  0	  0	  0	  0	  0	  0	  5	15405	  0
18/04/2018	06:29:34	<-	L	00000000	 40	 70	 47	 25	  0	 60	  0	  4	  4	  4	  4	  4	  4	  4	  4	  0	  0	  0	  0	  0	  0	  0	  0	  0	  0	  0	  0	  0	  0	  0	  0	  0	  0	  0	  0	  0	  0	  0	  0	 70	 47	 26	 69	  0	 28	  0	  0	  0	  0	  0	  0	  0	  0	  0	  0	  0	  5	15405	  0
18/04/2018	06:34:34	<-	L	00000000	 50	 70	 47	 26	  0	  4	  0	  4	  4	  4	  4	  4	  4	  4	  4	  0	  0	  0	  0	  0	  0	  0	  0	  0	  0	  0	  0	  0	  0	  0	  0	  0	  0	  0	  0	  0	  0	  0	  0	 70	 47	 26	 68	  0	 29	  0	  0	  0	  0	  0	  0	  0	  0	  0	  0	  0	  5	17466	  0
18/04/2018	06:39:34	<-	L	00000000	 50	 70	 47	 26	  0	  9	  0	  4	  4	  4	  4	  4	  4	  4	  4	  0	  0	  0	  0	  0	  0	  0	  0	  0	  0	  0	  0	  0	  0	  0	  0	  0	  0	  0	  0	  0	  0	  0	  0	 70	 47	 26	 69	  0	 28	  0	  0	  0	  0	  0	  0	  0	  0	  0	  0	  0	  5	16952	  0
18/04/2018	06:44:34	<-	L	00000000	 50	 70	 48	 26	  0	 14	  0	  4	  4	  4	  4	  4	  4	  4	  4	  0	  0	  0	  0	  0	  0	  0	  0	  0	  0	  0	  0	  0	  0	  0	  0	  0	  0	  0	  0	  0	  0	  0	  0	 70	 48	 28	 69	  0	 29	  0	  0	  0	  0	  0	  0	  0	  0	  0	  0	  0	  5	16181	  0
18/04/2018	06:49:34	<-	L	00000000	 50	 69	 47	 28	  0	 19	  0	  4	  4	  4	  4	  4	  4	  4	  4	  0	  0	  0	  0	  0	  0	  0	  0	  0	  0	  0	  0	  0	  0	  0	  0	  0	  0	  0	  0	  0	  0	  0	  0	 69	 47	 28	 68	  0	 29	  0	  0	  0	  0	  0	  0	  0	  0	  0	  0	  0	  5	15667	  0
18/04/2018	06:54:34	<-	L	00000000	 50	 69	 47	 28	  0	 24	  0	  4	  4	  4	  4	  4	  4	  4	  4	  0	  0	  0	  0	  0	  0	  0	  0	  0	  0	  0	  0	  0	  0	  0	  0	  0	  0	  0	  0	  0	  0	  0	  0	 69	 47	 28	 68	  0	 29	  0	  0	  0	  0	  0	  0	  0	  0	  0	  0	  0	  5	14896	  0
18/04/2018	06:59:34	<-	L	00000000	 50	 69	 46	 28	  0	 29	  0	  4	  4	  4	  4	  4	  4	  4	  4	  0	  0	  0	  0	  0	  0	  0	  0	  0	  0	  0	  0	  0	  0	  0	  0	  0	  0	  0	  0	  0	  0	  0	  0	 69	 46	 25	 68	  0	 27	  0	  0	  0	  0	  0	  0	  0	  0	  0	  0	  0	  5	14382	  0
18/04/2018	07:04:34	<-	L	00000000	 50	 68	 46	 27	  0	 34	  0	  4	  4	  4	  4	  4	  4	  4	  4	  0	  0	  0	  0	  0	  0	  0	  0	  0	  0	  0	  0	  0	  0	  0	  0	  0	  0	  0	  0	  0	  0	  0	  0	 68	 46	 27	 67	  0	 28	  0	  0	  0	  0	  0	  0	  0	  0	  0	  0	  0	  5	13611	  0
18/04/2018	07:09:34	<-	L	00000000	 50	 67	 44	 24	  0	 39	  0	  4	  4	  4	  4	  4	  4	  4	  4	  0	  0	  0	  0	  0	  0	  0	  0	  0	  0	  0	  0	  0	  0	  0	  0	  0	  0	  0	  0	  0	  0	  0	  0	 67	 44	 24	 66	  0	 26	  0	  0	  0	  0	  0	  0	  0	  0	  0	  0	  0	  5	13097	  0
18/04/2018	07:14:34	->	L	00000000	 50	 65	 45	 24	  0	 44	  0	  4	  4	  4	  4	  4	  4	  4	  4	  0	  0	  0	  0	  0	  0	  0	  0	  0	  0	  0	  0	  0	  0	  0	  0	  0	  0	  0	  0	  0	  0	  0	  0	 65	 45	 31	 65	  0	 31	  0	  0	  0	  0	  0	  0	  0	  0	  0	  0	  0	  5	12326	  0
18/04/2018	07:19:35	->	L	00000000	 50	 63	 41	 23	  0	 49	  0	  4	  4	  4	  4	  4	  4	  4	  4	  0	  0	  0	  0	  0	  0	  0	  0	  0	  0	  0	  0	  0	  0	  0	  0	  0	  0	  0	  0	  0	  0	  0	  0	 63	 41	 25	 63	  0	 25	  0	  0	  0	  0	  0	  0	  0	  0	  0	  0	  0	  5	11812	  0
18/04/2018	07:24:35	->	L	00000000	 50	 63	 39	 22	  0	 54	  0	  4	  4	  4	  4	  4	  4	  4	  4	  0	  0	  0	  0	  0	  0	  0	  0	  0	  0	  0	  0	  0	  0	  0	  0	  0	  0	  0	  0	  0	  0	  0	  0	 63	 39	 22	 63	  0	 22	  0	  0	  0	  0	  0	  0	  0	  0	  0	  0	  0	  5	11041	  0
18/04/2018	07:29:35	->	L	00000000	 50	 61	 35	 19	  0	 59	  0	  4	  4	  4	  4	  4	  4	  4	  4	  0	  0	  0	  0	  0	  0	  0	  0	  0	  0	  0	  0	  0	  0	  0	  0	  0	  0	  0	  0	  0	  0	  0	  0	 61	 35	 19	 59	  0	 20	  0	  0	  0	  0	  0	  0	  0	  0	  0	  0	  0	  5	10527	  0
