01/07/2018	16:34:12	->	L	00000000	 27	 84	 66	 41	  0	199	  0	  4	  4	  4	  4	  4	  4	  4	  4	  0	  0	  0	  0	  0	  0	  0	  0	  0	  0	  0	  0	  0	  0	  0	  0	  0	  0	  0	  0	  0	  0	  0	  0	 75	 66	 65	 84	  0	 44	  0	  0	  0	  0	  0	  0	  0	  0	  0	  0	  0	  5	21822	  0
01/07/2018	16:39:12	->	L	00000000	 27	 81	 64	 46	  0	204	  0	  4	  4	  4	  4	  4	  4	  4	  4	  0	  0	  0	  0	  0	  0	  0	  0	  0	  0	  0	  0	  0	  0	  0	  0	  0	  0	  0	  0	  0	  0	  0	  0	 75	 64	 59	 81	  0	 44	  0	  0	  0	  0	  0	  0	  0	  0	  0	  0	  0	  5	21822	  0
01/07/2018	16:44:12	->	L	00000000	 27	 83	 65	 44	  0	209	  0	  4	  4	  4	  4	  4	  4	  4	  4	  0	  0	  0	  0	  0	  0	  0	  0	  0	  0	  0	  0	  0	  0	  0	  0	  0	  0	  0	  0	  0	  0	  0	  0	 75	 65	 62	 83	  0	 44	  0	  0	  0	  0	  0	  0	  0	  0	  0	  0	  0	  5	21822	  0
01/07/2018	16:49:13	->	L	00000000	 27	 84	 65	 41	  0	214	  0	  4	  4	  4	  4	  4	  4	  4	  4	  0	  0	  0	  0	  0	  0	  0	  0	  0	  0	  0	  0	  0	  0	  0	  0	  0	  0	  0	  0	  0	  0	  0	  0	 75	 65	 62	 84	  0	 41	  0	  0	  0	  0	  0	  0	  0	  0	  0	  0	  0	  5	21822	  0
01/07/2018	16:54:13	->	L	00000000	 27	 84	 67	 44	  0	219	  0	  4	  4	  4	  4	  4	  4	  4	  4	  0	  0	  0	  0	  0	  0	  0	  0	  0	  0	  0	  0	  0	  0	  0	  0	  0	  0	  0	  0	  0	  0	  0	  0	 75	 67	 69	 84	  0	 46	  0	  0	  0	  0	  0	  0	  0	  0	  0	  0	  0	  5	21822	  0
01/07/2018	16:59:13	->	L	00000000	 27	 83	 66	 48	  0	224	  0	  4	  4	  4	  4	  4	  4	  4	  4	  0	  0	  0	  0	  0	  0	  0	  0	  0	  0	  0	  0	  0	  0	  0	  0	  0	  0	  0	  0	  0	  0	  0	  0	 75	 66	 65	 83	  0	 45	  0	  0	  0	  0	  0	  0	  0	  0	  0	  0	  0	  5	21822	  0
01/07/2018	17:04:12	->	L	00000000	 27	 83	 65	 45	  0	229	  0	  4	  4	  4	  4	  4	  4	  4	  4	  0	  0	  0	  0	  0	  0	  0	  0	  0	  0	  0	  0	  0	  0	  0	  0	  0	  0	  0	  0	  0	  0	  0	  0	 74	 65	 65	 83	  0	 44	  0	  0	  0	  0	  0	  0	  0	  0	  0	  0	  0	  5	21822	  0
01/07/2018	17:09:12	->	L	00000000	 27	 82	 65	 45	  0	234	  0	  4	  4	  4	  4	  4	  4	  4	  4	  0	  0	  0	  0	  0	  0	  0	  0	  0	  0	  0	  0	  0	  0	  0	  0	  0	  0	  0	  0	  0	  0	  0	  0	 74	 65	 65	 82	  0	 45	  0	  0	  0	  0	  0	  0	  0	  0	  0	  0	  0	  5	21822	  0
01/07/2018	17:14:12	->	L	00000000	 27	 82	 65	 47	  0	239	  0	  4	  4	  4	  4	  4	  4	  4	  4	  0	  0	  0	  0	  0	  0	  0	  0	  0	  0	  0	  0	  0	  0	  0	  0	  0	  0	  0	  0	  0	  0	  0	  0	 74	 65	 65	 82	  0	 45	  0	  0	  0	  0	  0	  0	  0	  0	  0	  0	  0	  5	21822	  0
01/07/2018	17:19:13	->	L	00000000	 27	 81	 65	 47	  0	244	  0	  4	  4	  4	  4	  4	  4	  4	  4	  0	  0	  0	  0	  0	  0	  0	  0	  0	  0	  0	  0	  0	  0	  0	  0	  0	  0	  0	  0	  0	  0	  0	  0	 74	 65	 65	 81	  0	 47	  0	  0	  0	  0	  0	  0	  0	  0	  0	  0	  0	  5	21822	  0
01/07/2018	17:24:13	->	L	00000000	 27	 81	 65	 47	  0	249	  0	  4	  4	  4	  4	  4	  4	  4	  4	  0	  0	  0	  0	  0	  0	  0	  0	  0	  0	  0	  0	  0	  0	  0	  0	  0	  0	  0	  0	  0	  0	  0	  0	 74	 65	 65	 81	  0	 47	  0	  0	  0	  0	  0	  0	  0	  0	  0	  0	  0	  5	21822	  0
01/07/2018	17:29:13	->	L	00000000	 27	 81	 65	 47	  0	254	  0	  4	  4	  4	  4	  4	  4	  4	  4	  0	  0	  0	  0	  0	  0	  0	  0	  0	  0	  0	  0	  0	  0	  0	  0	  0	  0	  0	  0	  0	  0	  0	  0	 74	 65	 65	 81	  0	 47	  0	  0	  0	  0	  0	  0	  0	  0	  0	  0	  0	  5	21822	  0
01/07/2018	17:34:13	->	L	00000000	 27	 81	 65	 47	  0	259	  0	  4	  4	  4	  4	  4	  4	  4	  4	  0	  0	  0	  0	  0	  0	  0	  0	  0	  0	  0	  0	  0	  0	  0	  0	  0	  0	  0	  0	  0	  0	  0	  0	 74	 65	 65	 81	  0	 47	  0	  0	  0	  0	  0	  0	  0	  0	  0	  0	  0	  5	21822	  0
01/07/2018	17:39:13	->	L	00000000	 27	 81	 65	 45	  0	264	  0	  4	  4	  4	  4	  4	  4	  4	  4	  0	  0	  0	  0	  0	  0	  0	  0	  0	  0	  0	  0	  0	  0	  0	  0	  0	  0	  0	  0	  0	  0	  0	  0	 74	 65	 65	 81	  0	 47	  0	  0	  0	  0	  0	  0	  0	  0	  0	  0	  0	  5	21822	  0
01/07/2018	17:44:13	->	L	00000000	 27	 82	 65	 45	  0	269	  0	  4	  4	  4	  4	  4	  4	  4	  4	  0	  0	  0	  0	  0	  0	  0	  0	  0	  0	  0	  0	  0	  0	  0	  0	  0	  0	  0	  0	  0	  0	  0	  0	 74	 65	 65	 82	  0	 45	  0	  0	  0	  0	  0	  0	  0	  0	  0	  0	  0	  5	21822	  0
01/07/2018	17:49:13	->	L	00000000	 27	 83	 65	 44	  0	274	  0	  4	  4	  4	  4	  4	  4	  4	  4	  0	  0	  0	  0	  0	  0	  0	  0	  0	  0	  0	  0	  0	  0	  0	  0	  0	  0	  0	  0	  0	  0	  0	  0	 75	 65	 62	 83	  0	 44	  0	  0	  0	  0	  0	  0	  0	  0	  0	  0	  0	  5	21822	  0
01/07/2018	17:59:14	->	L	00000000	 27	 77	 65	 57	  0	279	  0	  4	  4	  4	  4	  4	  4	  4	  4	  0	  0	  0	  0	  0	  0	  0	  0	  0	  0	  0	  0	  0	  0	  0	  0	  0	  0	  0	  0	  0	  0	  0	  0	 71	 65	 74	 77	  0	 57	  0	  0	  0	  0	  0	  0	  0	  0	  0	  0	  0	  5	21822	  0
01/07/2018	18:04:14	->	L	00000000	 27	 84	 65	 41	  0	284	  0	  4	  4	  4	  4	  4	  4	  4	  4	  0	  0	  0	  0	  0	  0	  0	  0	  0	  0	  0	  0	  0	  0	  0	  0	  0	  0	  0	  0	  0	  0	  0	  0	 74	 65	 65	 84	  0	 41	  0	  0	  0	  0	  0	  0	  0	  0	  0	  0	  0	  5	21822	  0
01/07/2018	18:09:13	->	L	00000000	 27	 85	 65	 41	  0	289	  0	  4	  4	  4	  4	  4	  4	  4	  4	  0	  0	  0	  0	  0	  0	  0	  0	  0	  0	  0	  0	  0	  0	  0	  0	  0	  0	  0	  0	  0	  0	  0	  0	 75	 65	 62	 85	  0	 40	  0	  0	  0	  0	  0	  0	  0	  0	  0	  0	  0	  5	21822	  0
01/07/2018	18:14:13	->	L	00000000	 27	 84	 65	 41	  0	294	  0	  4	  4	  4	  4	  4	  4	  4	  4	  0	  0	  0	  0	  0	  0	  0	  0	  0	  0	  0	  0	  0	  0	  0	  0	  0	  0	  0	  0	  0	  0	  0	  0	 75	 65	 62	 84	  0	 41	  0	  0	  0	  0	  0	  0	  0	  0	  0	  0	  0	  5	21822	  0
01/07/2018	18:19:13	->	L	00000000	 27	 85	 65	 40	  0	299	  0	  4	  4	  4	  4	  4	  4	  4	  4	  0	  0	  0	  0	  0	  0	  0	  0	  0	  0	  0	  0	  0	  0	  0	  0	  0	  0	  0	  0	  0	  0	  0	  0	 75	 65	 62	 85	  0	 40	  0	  0	  0	  0	  0	  0	  0	  0	  0	  0	  0	  5	21822	  0
01/07/2018	18:24:13	->	L	00000000	 27	 84	 65	 41	  0	304	  0	  4	  4	  4	  4	  4	  4	  4	  4	  0	  0	  0	  0	  0	  0	  0	  0	  0	  0	  0	  0	  0	  0	  0	  0	  0	  0	  0	  0	  0	  0	  0	  0	 75	 65	 62	 84	  0	 41	  0	  0	  0	  0	  0	  0	  0	  0	  0	  0	  0	  5	21822	  0
01/07/2018	18:29:14	->	L	00000000	 27	 86	 63	 41	  0	309	  0	  4	  4	  4	  4	  4	  4	  4	  4	  0	  0	  0	  0	  0	  0	  0	  0	  0	  0	  0	  0	  0	  0	  0	  0	  0	  0	  0	  0	  0	  0	  0	  0	 75	 63	 56	 86	  0	 33	  0	  0	  0	  0	  0	  0	  0	  0	  0	  0	  0	  5	21822	  0
01/07/2018	18:34:14	->	L	00000000	 27	 80	 65	 45	  0	314	  0	  4	  4	  4	  4	  4	  4	  4	  4	  0	  0	  0	  0	  0	  0	  0	  0	  0	  0	  0	  0	  0	  0	  0	  0	  0	  0	  0	  0	  0	  0	  0	  0	 75	 65	 62	 80	  0	 50	  0	  0	  0	  0	  0	  0	  0	  0	  0	  0	  0	  5	21822	  0
01/07/2018	18:39:14	->	L	00000000	 27	 85	 65	 40	  0	319	  0	  4	  4	  4	  4	  4	  4	  4	  4	  0	  0	  0	  0	  0	  0	  0	  0	  0	  0	  0	  0	  0	  0	  0	  0	  0	  0	  0	  0	  0	  0	  0	  0	 76	 65	 59	 85	  0	 40	  0	  0	  0	  0	  0	  0	  0	  0	  0	  0	  0	  5	21822	  0
01/07/2018	18:44:14	->	L	00000000	 27	 85	 65	 41	  0	324	  0	  4	  4	  4	  4	  4	  4	  4	  4	  0	  0	  0	  0	  0	  0	  0	  0	  0	  0	  0	  0	  0	  0	  0	  0	  0	  0	  0	  0	  0	  0	  0	  0	 76	 65	 59	 85	  0	 40	  0	  0	  0	  0	  0	  0	  0	  0	  0	  0	  0	  5	21822	  0
01/07/2018	18:49:14	->	L	00000000	 27	 83	 65	 45	  0	329	  0	  4	  4	  4	  4	  4	  4	  4	  4	  0	  0	  0	  0	  0	  0	  0	  0	  0	  0	  0	  0	  0	  0	  0	  0	  0	  0	  0	  0	  0	  0	  0	  0	 75	 65	 62	 83	  0	 44	  0	  0	  0	  0	  0	  0	  0	  0	  0	  0	  0	  5	21822	  0
01/07/2018	18:54:14	->	L	00000000	 27	 83	 65	 41	  0	334	  0	  4	  4	  4	  4	  4	  4	  4	  4	  0	  0	  0	  0	  0	  0	  0	  0	  0	  0	  0	  0	  0	  0	  0	  0	  0	  0	  0	  0	  0	  0	  0	  0	 75	 65	 62	 83	  0	 44	  0	  0	  0	  0	  0	  0	  0	  0	  0	  0	  0	  5	21822	  0
01/07/2018	18:59:14	->	L	00000000	 27	 85	 65	 40	  0	339	  0	  4	  4	  4	  4	  4	  4	  4	  4	  0	  0	  0	  0	  0	  0	  0	  0	  0	  0	  0	  0	  0	  0	  0	  0	  0	  0	  0	  0	  0	  0	  0	  0	 76	 65	 59	 85	  0	 40	  0	  0	  0	  0	  0	  0	  0	  0	  0	  0	  0	  5	21822	  0
01/07/2018	19:04:14	->	L	00000000	 27	 85	 65	 40	  0	344	  0	  4	  4	  4	  4	  4	  4	  4	  4	  0	  0	  0	  0	  0	  0	  0	  0	  0	  0	  0	  0	  0	  0	  0	  0	  0	  0	  0	  0	  0	  0	  0	  0	 76	 65	 59	 85	  0	 40	  0	  0	  0	  0	  0	  0	  0	  0	  0	  0	  0	  5	21822	  0
01/07/2018	19:09:14	->	L	00000000	 27	 83	 65	 44	  0	349	  0	  4	  4	  4	  4	  4	  4	  4	  4	  0	  0	  0	  0	  0	  0	  0	  0	  0	  0	  0	  0	  0	  0	  0	  0	  0	  0	  0	  0	  0	  0	  0	  0	 75	 65	 62	 83	  0	 44	  0	  0	  0	  0	  0	  0	  0	  0	  0	  0	  0	  5	21822	  0
01/07/2018	19:14:14	->	L	00000000	 27	 85	 65	 40	  0	354	  0	  4	  4	  4	  4	  4	  4	  4	  4	  0	  0	  0	  0	  0	  0	  0	  0	  0	  0	  0	  0	  0	  0	  0	  0	  0	  0	  0	  0	  0	  0	  0	  0	 76	 65	 59	 85	  0	 40	  0	  0	  0	  0	  0	  0	  0	  0	  0	  0	  0	  5	21822	  0
01/07/2018	19:19:14	->	L	00000000	 27	 85	 65	 40	  0	359	  0	  4	  4	  4	  4	  4	  4	  4	  4	  0	  0	  0	  0	  0	  0	  0	  0	  0	  0	  0	  0	  0	  0	  0	  0	  0	  0	  0	  0	  0	  0	  0	  0	 76	 65	 59	 85	  0	 40	  0	  0	  0	  0	  0	  0	  0	  0	  0	  0	  0	  5	21822	  0
01/07/2018	19:24:14	->	L	00000000	 27	 84	 65	 41	  0	364	  0	  4	  4	  4	  4	  4	  4	  4	  4	  0	  0	  0	  0	  0	  0	  0	  0	  0	  0	  0	  0	  0	  0	  0	  0	  0	  0	  0	  0	  0	  0	  0	  0	 76	 65	 59	 84	  0	 41	  0	  0	  0	  0	  0	  0	  0	  0	  0	  0	  0	  5	21822	  0
01/07/2018	19:29:14	->	L	00000000	 27	 83	 65	 44	  0	369	  0	  4	  4	  4	  4	  4	  4	  4	  4	  0	  0	  0	  0	  0	  0	  0	  0	  0	  0	  0	  0	  0	  0	  0	  0	  0	  0	  0	  0	  0	  0	  0	  0	 76	 65	 59	 83	  0	 44	  0	  0	  0	  0	  0	  0	  0	  0	  0	  0	  0	  5	21822	  0
01/07/2018	19:34:14	->	L	00000000	 27	 85	 65	 40	  0	374	  0	  4	  4	  4	  4	  4	  4	  4	  4	  0	  0	  0	  0	  0	  0	  0	  0	  0	  0	  0	  0	  0	  0	  0	  0	  0	  0	  0	  0	  0	  0	  0	  0	 76	 65	 59	 85	  0	 40	  0	  0	  0	  0	  0	  0	  0	  0	  0	  0	  0	  5	21822	  0
01/07/2018	19:39:14	->	L	00000000	 27	 85	 65	 40	  0	379	  0	  4	  4	  4	  4	  4	  4	  4	  4	  0	  0	  0	  0	  0	  0	  0	  0	  0	  0	  0	  0	  0	  0	  0	  0	  0	  0	  0	  0	  0	  0	  0	  0	 76	 65	 59	 85	  0	 40	  0	  0	  0	  0	  0	  0	  0	  0	  0	  0	  0	  5	21822	  0
01/07/2018	19:44:15	->	L	00000000	 27	 82	 65	 45	  0	384	  0	  4	  4	  4	  4	  4	  4	  4	  4	  0	  0	  0	  0	  0	  0	  0	  0	  0	  0	  0	  0	  0	  0	  0	  0	  0	  0	  0	  0	  0	  0	  0	  0	 76	 65	 59	 83	  0	 45	  0	  0	  0	  0	  0	  0	  0	  0	  0	  0	  0	  5	21822	  0
01/07/2018	19:49:15	->	L	00000000	 27	 84	 65	 40	  0	389	  0	  4	  4	  4	  4	  4	  4	  4	  4	  0	  0	  0	  0	  0	  0	  0	  0	  0	  0	  0	  0	  0	  0	  0	  0	  0	  0	  0	  0	  0	  0	  0	  0	 76	 65	 59	 84	  0	 41	  0	  0	  0	  0	  0	  0	  0	  0	  0	  0	  0	  5	21822	  0
01/07/2018	19:54:15	->	L	00000000	 27	 84	 63	 40	  0	394	  0	  4	  4	  4	  4	  4	  4	  4	  4	  0	  0	  0	  0	  0	  0	  0	  0	  0	  0	  0	  0	  0	  0	  0	  0	  0	  0	  0	  0	  0	  0	  0	  0	 76	 63	 53	 84	  0	 36	  0	  0	  0	  0	  0	  0	  0	  0	  0	  0	  0	  5	21822	  0
01/07/2018	19:59:15	->	L	00000000	 27	 86	 66	 37	  0	399	  0	  4	  4	  4	  4	  4	  4	  4	  4	  0	  0	  0	  0	  0	  0	  0	  0	  0	  0	  0	  0	  0	  0	  0	  0	  0	  0	  0	  0	  0	  0	  0	  0	 77	 66	 59	 86	  0	 40	  0	  0	  0	  0	  0	  0	  0	  0	  0	  0	  0	  5	21822	  0
01/07/2018	20:04:15	->	L	00000000	 27	 85	 63	 42	  0	404	  0	  4	  4	  4	  4	  4	  4	  4	  4	  0	  0	  0	  0	  0	  0	  0	  0	  0	  0	  0	  0	  0	  0	  0	  0	  0	  0	  0	  0	  0	  0	  0	  0	 76	 63	 53	 85	  0	 36	  0	  0	  0	  0	  0	  0	  0	  0	  0	  0	  0	  5	21822	  0
01/07/2018	20:09:15	->	L	00000000	 27	 84	 67	 44	  0	409	  0	  4	  4	  4	  4	  4	  4	  4	  4	  0	  0	  0	  0	  0	  0	  0	  0	  0	  0	  0	  0	  0	  0	  0	  0	  0	  0	  0	  0	  0	  0	  0	  0	 76	 67	 66	 84	  0	 46	  0	  0	  0	  0	  0	  0	  0	  0	  0	  0	  0	  5	21822	  0
01/07/2018	20:14:15	->	L	00000000	 27	 86	 67	 37	  0	414	  0	  4	  4	  4	  4	  4	  4	  4	  4	  0	  0	  0	  0	  0	  0	  0	  0	  0	  0	  0	  0	  0	  0	  0	  0	  0	  0	  0	  0	  0	  0	  0	  0	 77	 67	 57	 86	  0	 42	  0	  0	  0	  0	  0	  0	  0	  0	  0	  0	  0	  5	21822	  0
01/07/2018	20:19:15	->	L	00000000	 27	 85	 65	 45	  0	419	  0	  4	  4	  4	  4	  4	  4	  4	  4	  0	  0	  0	  0	  0	  0	  0	  0	  0	  0	  0	  0	  0	  0	  0	  0	  0	  0	  0	  0	  0	  0	  0	  0	 76	 65	 59	 85	  0	 40	  0	  0	  0	  0	  0	  0	  0	  0	  0	  0	  0	  5	21822	  0
01/07/2018	20:24:15	->	L	00000000	 28	 84	 63	 36	  0	  3	  0	  4	  4	  4	  4	  4	  4	  4	  4	  0	  0	  0	  0	  0	  0	  0	  0	  0	  0	  0	  0	  0	  0	  0	  0	  0	  0	  0	  0	  0	  0	  0	  0	 76	 63	 53	 84	  0	 36	  0	  0	  0	  0	  0	  0	  0	  0	  0	  0	  0	  5	21819	  0
01/07/2018	20:29:15	  	L	00000000	 28	 84	 62	 33	  0	  8	  0	  4	  4	  4	  4	  4	  4	  4	  4	  0	  0	  0	  0	  0	  0	  0	  0	  0	  0	  0	  0	  0	  0	  0	  0	  0	  0	  0	  0	  0	  0	  0	  0	 75	 62	 53	 84	  0	 35	  0	  0	  0	  0	  0	  0	  0	  0	  0	  0	  0	  5	21819	  0
01/07/2018	20:34:15	<-	L	00000000	 28	 84	 65	 41	  0	 13	  0	  4	  4	  4	  4	  4	  4	  4	  4	  0	  0	  0	  0	  0	  0	  0	  0	  0	  0	  0	  0	  0	  0	  0	  0	  0	  0	  0	  0	  0	  0	  0	  0	 84	 65	 41	 75	  0	 62	  0	  0	  0	  0	  0	  0	  0	  0	  0	  0	  0	  5	21819	  0
01/07/2018	20:39:15	<-	L	00000000	 28	 85	 62	 33	  0	 18	  0	  4	  4	  4	  4	  4	  4	  4	  4	  0	  0	  0	  0	  0	  0	  0	  0	  0	  0	  0	  0	  0	  0	  0	  0	  0	  0	  0	  0	  0	  0	  0	  0	 85	 62	 33	 74	  0	 56	  0	  0	  0	  0	  0	  0	  0	  0	  0	  0	  0	  5	21819	  0
01/07/2018	20:44:15	<-	L	00000000	 28	 86	 62	 33	  0	 23	  0	  4	  4	  4	  4	  4	  4	  4	  4	  0	  0	  0	  0	  0	  0	  0	  0	  0	  0	  0	  0	  0	  0	  0	  0	  0	  0	  0	  0	  0	  0	  0	  0	 86	 62	 33	 74	  0	 56	  0	  0	  0	  0	  0	  0	  0	  0	  0	  0	  0	  5	21819	  0
01/07/2018	20:49:16	<-	L	00000000	 28	 86	 62	 33	  0	 28	  0	  4	  4	  4	  4	  4	  4	  4	  4	  0	  0	  0	  0	  0	  0	  0	  0	  0	  0	  0	  0	  0	  0	  0	  0	  0	  0	  0	  0	  0	  0	  0	  0	 86	 62	 33	 73	  0	 58	  0	  0	  0	  0	  0	  0	  0	  0	  0	  0	  0	  5	21819	  0
01/07/2018	20:54:16	<-	L	00000000	 28	 85	 61	 32	  0	 33	  0	  4	  4	  4	  4	  4	  4	  4	  4	  0	  0	  0	  0	  0	  0	  0	  0	  0	  0	  0	  0	  0	  0	  0	  0	  0	  0	  0	  0	  0	  0	  0	  0	 85	 61	 32	 75	  0	 50	  0	  0	  0	  0	  0	  0	  0	  0	  0	  0	  0	  5	21819	  0
01/07/2018	20:59:16	<-	L	00000000	 28	 83	 61	 36	  0	 38	  0	  4	  4	  4	  4	  4	  4	  4	  4	  0	  0	  0	  0	  0	  0	  0	  0	  0	  0	  0	  0	  0	  0	  0	  0	  0	  0	  0	  0	  0	  0	  0	  0	 83	 61	 35	 72	  0	 58	  0	  0	  0	  0	  0	  0	  0	  0	  0	  0	  0	  5	21819	  0
01/07/2018	21:04:16	<-	L	00000000	 28	 83	 60	 40	  0	 43	  0	  4	  4	  4	  4	  4	  4	  4	  4	  0	  0	  0	  0	  0	  0	  0	  0	  0	  0	  0	  0	  0	  0	  0	  0	  0	  0	  0	  0	  0	  0	  0	  0	 83	 60	 32	 74	  0	 49	  0	  0	  0	  0	  0	  0	  0	  0	  0	  0	  0	  5	21819	  0
01/07/2018	21:09:16	<-	L	00000000	 28	 85	 62	 33	  0	 48	  0	  4	  4	  4	  4	  4	  4	  4	  4	  0	  0	  0	  0	  0	  0	  0	  0	  0	  0	  0	  0	  0	  0	  0	  0	  0	  0	  0	  0	  0	  0	  0	  0	 85	 62	 33	 73	  0	 58	  0	  0	  0	  0	  0	  0	  0	  0	  0	  0	  0	  5	21819	  0
01/07/2018	21:14:16	<-	L	00000000	 28	 87	 62	 31	  0	 53	  0	  4	  4	  4	  4	  4	  4	  4	  4	  0	  0	  0	  0	  0	  0	  0	  0	  0	  0	  0	  0	  0	  0	  0	  0	  0	  0	  0	  0	  0	  0	  0	  0	 87	 62	 31	 74	  0	 56	  0	  0	  0	  0	  0	  0	  0	  0	  0	  0	  0	  5	21819	  0
01/07/2018	21:19:16	<-	L	00000000	 28	 86	 63	 36	  0	 58	  0	  4	  4	  4	  4	  4	  4	  4	  4	  0	  0	  0	  0	  0	  0	  0	  0	  0	  0	  0	  0	  0	  0	  0	  0	  0	  0	  0	  0	  0	  0	  0	  0	 86	 63	 33	 73	  0	 61	  0	  0	  0	  0	  0	  0	  0	  0	  0	  0	  0	  5	21819	  0
01/07/2018	21:24:16	<-	L	00000000	 28	 86	 63	 33	  0	 63	  0	  4	  4	  4	  4	  4	  4	  4	  4	  0	  0	  0	  0	  0	  0	  0	  0	  0	  0	  0	  0	  0	  0	  0	  0	  0	  0	  0	  0	  0	  0	  0	  0	 86	 63	 33	 72	  0	 65	  0	  0	  0	  0	  0	  0	  0	  0	  0	  0	  0	  5	21819	  0
01/07/2018	21:29:16	<-	L	00000000	 28	 87	 62	 33	  0	 68	  0	  4	  4	  4	  4	  4	  4	  4	  4	  0	  0	  0	  0	  0	  0	  0	  0	  0	  0	  0	  0	  0	  0	  0	  0	  0	  0	  0	  0	  0	  0	  0	  0	 87	 62	 31	 73	  0	 58	  0	  0	  0	  0	  0	  0	  0	  0	  0	  0	  0	  5	21819	  0
01/07/2018	21:34:16	<-	L	00000000	 28	 86	 62	 35	  0	 73	  0	  4	  4	  4	  4	  4	  4	  4	  4	  0	  0	  0	  0	  0	  0	  0	  0	  0	  0	  0	  0	  0	  0	  0	  0	  0	  0	  0	  0	  0	  0	  0	  0	 86	 62	 33	 74	  0	 56	  0	  0	  0	  0	  0	  0	  0	  0	  0	  0	  0	  5	21819	  0
01/07/2018	21:39:16	<-	L	00000000	 28	 83	 63	 39	  0	 78	  0	  4	  4	  4	  4	  4	  4	  4	  4	  0	  0	  0	  0	  0	  0	  0	  0	  0	  0	  0	  0	  0	  0	  0	  0	  0	  0	  0	  0	  0	  0	  0	  0	 83	 63	 39	 74	  0	 58	  0	  0	  0	  0	  0	  0	  0	  0	  0	  0	  0	  5	21819	  0
01/07/2018	21:44:16	<-	L	00000000	 28	 84	 63	 30	  0	 83	  0	  4	  4	  4	  4	  4	  4	  4	  4	  0	  0	  0	  0	  0	  0	  0	  0	  0	  0	  0	  0	  0	  0	  0	  0	  0	  0	  0	  0	  0	  0	  0	  0	 84	 63	 36	 71	  0	 68	  0	  0	  0	  0	  0	  0	  0	  0	  0	  0	  0	  5	21819	  0
01/07/2018	21:49:16	<-	L	00000000	 28	 87	 61	 30	  0	 88	  0	  4	  4	  4	  4	  4	  4	  4	  4	  0	  0	  0	  0	  0	  0	  0	  0	  0	  0	  0	  0	  0	  0	  0	  0	  0	  0	  0	  0	  0	  0	  0	  0	 87	 61	 30	 75	  0	 50	  0	  0	  0	  0	  0	  0	  0	  0	  0	  0	  0	  5	21819	  0
01/07/2018	21:54:16	<-	L	00000000	 28	 86	 62	 32	  0	 93	  0	  4	  4	  4	  4	  4	  4	  4	  4	  0	  0	  0	  0	  0	  0	  0	  0	  0	  0	  0	  0	  0	  0	  0	  0	  0	  0	  0	  0	  0	  0	  0	  0	 86	 62	 33	 73	  0	 58	  0	  0	  0	  0	  0	  0	  0	  0	  0	  0	  0	  5	21819	  0
01/07/2018	21:59:16	<-	L	00000000	 28	 83	 60	 39	  0	 98	  0	  4	  4	  4	  4	  4	  4	  4	  4	  0	  0	  0	  0	  0	  0	  0	  0	  0	  0	  0	  0	  0	  0	  0	  0	  0	  0	  0	  0	  0	  0	  0	  0	 83	 60	 32	 71	  0	 57	  0	  0	  0	  0	  0	  0	  0	  0	  0	  0	  0	  5	21819	  0
01/07/2018	22:04:16	<-	L	00000000	 28	 85	 62	 32	  0	103	  0	  4	  4	  4	  4	  4	  4	  4	  4	  0	  0	  0	  0	  0	  0	  0	  0	  0	  0	  0	  0	  0	  0	  0	  0	  0	  0	  0	  0	  0	  0	  0	  0	 85	 62	 33	 73	  0	 58	  0	  0	  0	  0	  0	  0	  0	  0	  0	  0	  0	  5	21819	  0
01/07/2018	22:09:17	<-	L	00000000	 28	 85	 62	 30	  0	108	  0	  4	  4	  4	  4	  4	  4	  4	  4	  0	  0	  0	  0	  0	  0	  0	  0	  0	  0	  0	  0	  0	  0	  0	  0	  0	  0	  0	  0	  0	  0	  0	  0	 85	 62	 33	 73	  0	 58	  0	  0	  0	  0	  0	  0	  0	  0	  0	  0	  0	  5	21819	  0
01/07/2018	22:14:17	<-	L	00000000	 28	 86	 63	 33	  0	113	  0	  4	  4	  4	  4	  4	  4	  4	  4	  0	  0	  0	  0	  0	  0	  0	  0	  0	  0	  0	  0	  0	  0	  0	  0	  0	  0	  0	  0	  0	  0	  0	  0	 86	 63	 33	 72	  0	 65	  0	  0	  0	  0	  0	  0	  0	  0	  0	  0	  0	  5	21819	  0
01/07/2018	22:19:17	<-	L	00000000	 28	 86	 62	 30	  0	118	  0	  4	  4	  4	  4	  4	  4	  4	  4	  0	  0	  0	  0	  0	  0	  0	  0	  0	  0	  0	  0	  0	  0	  0	  0	  0	  0	  0	  0	  0	  0	  0	  0	 86	 62	 33	 73	  0	 58	  0	  0	  0	  0	  0	  0	  0	  0	  0	  0	  0	  5	21819	  0
01/07/2018	22:24:17	<-	L	00000000	 28	 83	 62	 36	  0	123	  0	  4	  4	  4	  4	  4	  4	  4	  4	  0	  0	  0	  0	  0	  0	  0	  0	  0	  0	  0	  0	  0	  0	  0	  0	  0	  0	  0	  0	  0	  0	  0	  0	 83	 62	 36	 75	  0	 53	  0	  0	  0	  0	  0	  0	  0	  0	  0	  0	  0	  5	21819	  0
01/07/2018	22:29:17	<-	L	00000000	 28	 84	 61	 36	  0	128	  0	  4	  4	  4	  4	  4	  4	  4	  4	  0	  0	  0	  0	  0	  0	  0	  0	  0	  0	  0	  0	  0	  0	  0	  0	  0	  0	  0	  0	  0	  0	  0	  0	 84	 61	 32	 73	  0	 55	  0	  0	  0	  0	  0	  0	  0	  0	  0	  0	  0	  5	21819	  0
01/07/2018	22:34:17	<-	L	00000000	 28	 83	 61	 32	  0	133	  0	  4	  4	  4	  4	  4	  4	  4	  4	  0	  0	  0	  0	  0	  0	  0	  0	  0	  0	  0	  0	  0	  0	  0	  0	  0	  0	  0	  0	  0	  0	  0	  0	 83	 61	 35	 74	  0	 52	  0	  0	  0	  0	  0	  0	  0	  0	  0	  0	  0	  5	21819	  0
01/07/2018	22:39:17	<-	L	00000000	 28	 85	 59	 28	  0	138	  0	  4	  4	  4	  4	  4	  4	  4	  4	  0	  0	  0	  0	  0	  0	  0	  0	  0	  0	  0	  0	  0	  0	  0	  0	  0	  0	  0	  0	  0	  0	  0	  0	 85	 59	 30	 75	  0	 45	  0	  0	  0	  0	  0	  0	  0	  0	  0	  0	  0	  5	21819	  0
01/07/2018	22:44:17	<-	L	00000000	 28	 86	 60	 36	  0	143	  0	  4	  4	  4	  4	  4	  4	  4	  4	  0	  0	  0	  0	  0	  0	  0	  0	  0	  0	  0	  0	  0	  0	  0	  0	  0	  0	  0	  0	  0	  0	  0	  0	 86	 60	 30	 72	  0	 55	  0	  0	  0	  0	  0	  0	  0	  0	  0	  0	  0	  5	21819	  0
01/07/2018	22:49:17	<-	L	00000000	 28	 85	 63	 29	  0	148	  0	  4	  4	  4	  4	  4	  4	  4	  4	  0	  0	  0	  0	  0	  0	  0	  0	  0	  0	  0	  0	  0	  0	  0	  0	  0	  0	  0	  0	  0	  0	  0	  0	 85	 63	 36	 72	  0	 65	  0	  0	  0	  0	  0	  0	  0	  0	  0	  0	  0	  5	21819	  0
01/07/2018	22:54:17	<-	L	00000000	 28	 85	 61	 32	  0	153	  0	  4	  4	  4	  4	  4	  4	  4	  4	  0	  0	  0	  0	  0	  0	  0	  0	  0	  0	  0	  0	  0	  0	  0	  0	  0	  0	  0	  0	  0	  0	  0	  0	 85	 61	 32	 75	  0	 50	  0	  0	  0	  0	  0	  0	  0	  0	  0	  0	  0	  5	21819	  0
01/07/2018	22:59:17	<-	L	00000000	 28	 84	 62	 32	  0	158	  0	  4	  4	  4	  4	  4	  4	  4	  4	  0	  0	  0	  0	  0	  0	  0	  0	  0	  0	  0	  0	  0	  0	  0	  0	  0	  0	  0	  0	  0	  0	  0	  0	 84	 62	 35	 72	  0	 61	  0	  0	  0	  0	  0	  0	  0	  0	  0	  0	  0	  5	21819	  0
01/07/2018	23:04:17	<-	L	00000000	 28	 83	 62	 31	  0	163	  0	  4	  4	  4	  4	  4	  4	  4	  4	  0	  0	  0	  0	  0	  0	  0	  0	  0	  0	  0	  0	  0	  0	  0	  0	  0	  0	  0	  0	  0	  0	  0	  0	 83	 62	 36	 72	  0	 61	  0	  0	  0	  0	  0	  0	  0	  0	  0	  0	  0	  5	21819	  0
01/07/2018	23:09:17	<-	L	00000000	 28	 86	 61	 30	  0	168	  0	  4	  4	  4	  4	  4	  4	  4	  4	  0	  0	  0	  0	  0	  0	  0	  0	  0	  0	  0	  0	  0	  0	  0	  0	  0	  0	  0	  0	  0	  0	  0	  0	 86	 61	 30	 74	  0	 52	  0	  0	  0	  0	  0	  0	  0	  0	  0	  0	  0	  5	21819	  0
01/07/2018	23:24:18	<-	L	00000000	 28	 79	 61	 41	  0	177	  0	  4	  4	  4	  4	  4	  4	  4	  4	  0	  0	  0	  0	  0	  0	  0	  0	  0	  0	  0	  0	  0	  0	  0	  0	  0	  0	  0	  0	  0	  0	  0	  0	 79	 61	 42	 70	  0	 64	  0	  0	  0	  0	  0	  0	  0	  0	  0	  0	  0	  5	21819	  0
01/07/2018	23:29:18	<-	L	00000000	 28	 85	 61	 33	  0	182	  0	  4	  4	  4	  4	  4	  4	  4	  4	  0	  0	  0	  0	  0	  0	  0	  0	  0	  0	  0	  0	  0	  0	  0	  0	  0	  0	  0	  0	  0	  0	  0	  0	 85	 61	 32	 75	  0	 50	  0	  0	  0	  0	  0	  0	  0	  0	  0	  0	  0	  5	21819	  0
01/07/2018	23:34:18	<-	L	00000000	 28	 85	 60	 32	  0	187	  0	  4	  4	  4	  4	  4	  4	  4	  4	  0	  0	  0	  0	  0	  0	  0	  0	  0	  0	  0	  0	  0	  0	  0	  0	  0	  0	  0	  0	  0	  0	  0	  0	 85	 60	 30	 74	  0	 49	  0	  0	  0	  0	  0	  0	  0	  0	  0	  0	  0	  5	21819	  0
01/07/2018	23:39:18	<-	L	00000000	 28	 85	 59	 36	  0	192	  0	  4	  4	  4	  4	  4	  4	  4	  4	  0	  0	  0	  0	  0	  0	  0	  0	  0	  0	  0	  0	  0	  0	  0	  0	  0	  0	  0	  0	  0	  0	  0	  0	 85	 59	 30	 73	  0	 49	  0	  0	  0	  0	  0	  0	  0	  0	  0	  0	  0	  5	21819	  0
01/07/2018	23:44:18	<-	L	00000000	 28	 84	 62	 31	  0	197	  0	  4	  4	  4	  4	  4	  4	  4	  4	  0	  0	  0	  0	  0	  0	  0	  0	  0	  0	  0	  0	  0	  0	  0	  0	  0	  0	  0	  0	  0	  0	  0	  0	 84	 62	 35	 72	  0	 61	  0	  0	  0	  0	  0	  0	  0	  0	  0	  0	  0	  5	21819	  0
01/07/2018	23:49:18	<-	L	00000000	 28	 84	 60	 32	  0	202	  0	  4	  4	  4	  4	  4	  4	  4	  4	  0	  0	  0	  0	  0	  0	  0	  0	  0	  0	  0	  0	  0	  0	  0	  0	  0	  0	  0	  0	  0	  0	  0	  0	 84	 62	 32	 74	  0	 55	  0	  0	  0	  0	  0	  0	  0	  0	  0	  0	  0	  5	21819	  0
01/07/2018	23:54:18	<-	L	00000000	 28	 84	 61	 35	  0	207	  0	  4	  4	  4	  4	  4	  4	  4	  4	  0	  0	  0	  0	  0	  0	  0	  0	  0	  0	  0	  0	  0	  0	  0	  0	  0	  0	  0	  0	  0	  0	  0	  0	 84	 61	 32	 75	  0	 50	  0	  0	  0	  0	  0	  0	  0	  0	  0	  0	  0	  5	21819	  0
01/07/2018	23:59:18	<-	L	00000000	 28	 84	 60	 35	  0	212	  0	  4	  4	  4	  4	  4	  4	  4	  4	  0	  0	  0	  0	  0	  0	  0	  0	  0	  0	  0	  0	  0	  0	  0	  0	  0	  0	  0	  0	  0	  0	  0	  0	 84	 60	 32	 76	  0	 45	  0	  0	  0	  0	  0	  0	  0	  0	  0	  0	  0	  5	21819	  0
02/07/2018	00:04:18	<-	L	00000000	 28	 84	 61	 32	  0	217	  0	  4	  4	  4	  4	  4	  4	  4	  4	  0	  0	  0	  0	  0	  0	  0	  0	  0	  0	  0	  0	  0	  0	  0	  0	  0	  0	  0	  0	  0	  0	  0	  0	 84	 61	 32	 75	  0	 52	  0	  0	  0	  0	  0	  0	  0	  0	  0	  0	  0	  5	21819	  0
02/07/2018	00:09:18	<-	L	00000000	 28	 85	 61	 32	  0	222	  0	  4	  4	  4	  4	  4	  4	  4	  4	  0	  0	  0	  0	  0	  0	  0	  0	  0	  0	  0	  0	  0	  0	  0	  0	  0	  0	  0	  0	  0	  0	  0	  0	 85	 61	 32	 75	  0	 50	  0	  0	  0	  0	  0	  0	  0	  0	  0	  0	  0	  5	21819	  0
02/07/2018	00:14:18	<-	L	00000000	 28	 86	 60	 28	  0	227	  0	  4	  4	  4	  4	  4	  4	  4	  4	  0	  0	  0	  0	  0	  0	  0	  0	  0	  0	  0	  0	  0	  0	  0	  0	  0	  0	  0	  0	  0	  0	  0	  0	 86	 60	 30	 76	  0	 45	  0	  0	  0	  0	  0	  0	  0	  0	  0	  0	  0	  5	21819	  0
02/07/2018	00:19:19	<-	L	00000000	 28	 86	 63	 32	  0	232	  0	  4	  4	  4	  4	  4	  4	  4	  4	  0	  0	  0	  0	  0	  0	  0	  0	  0	  0	  0	  0	  0	  0	  0	  0	  0	  0	  0	  0	  0	  0	  0	  0	 86	 63	 33	 74	  0	 58	  0	  0	  0	  0	  0	  0	  0	  0	  0	  0	  0	  5	21819	  0
02/07/2018	00:24:19	<-	L	00000000	 28	 83	 61	 32	  0	237	  0	  4	  4	  4	  4	  4	  4	  4	  4	  0	  0	  0	  0	  0	  0	  0	  0	  0	  0	  0	  0	  0	  0	  0	  0	  0	  0	  0	  0	  0	  0	  0	  0	 83	 61	 35	 74	  0	 52	  0	  0	  0	  0	  0	  0	  0	  0	  0	  0	  0	  5	21819	  0
02/07/2018	00:29:18	<-	L	00000000	 28	 84	 61	 32	  0	242	  0	  4	  4	  4	  4	  4	  4	  4	  4	  0	  0	  0	  0	  0	  0	  0	  0	  0	  0	  0	  0	  0	  0	  0	  0	  0	  0	  0	  0	  0	  0	  0	  0	 84	 61	 32	 75	  0	 50	  0	  0	  0	  0	  0	  0	  0	  0	  0	  0	  0	  5	21819	  0
02/07/2018	00:34:18	<-	L	00000000	 28	 84	 61	 32	  0	247	  0	  4	  4	  4	  4	  4	  4	  4	  4	  0	  0	  0	  0	  0	  0	  0	  0	  0	  0	  0	  0	  0	  0	  0	  0	  0	  0	  0	  0	  0	  0	  0	  0	 84	 61	 32	 75	  0	 50	  0	  0	  0	  0	  0	  0	  0	  0	  0	  0	  0	  5	21819	  0
02/07/2018	00:39:19	->	L	00000000	 28	 80	 61	 42	  0	252	  0	  4	  4	  4	  4	  4	  4	  4	  4	  0	  0	  0	  0	  0	  0	  0	  0	  0	  0	  0	  0	  0	  0	  0	  0	  0	  0	  0	  0	  0	  0	  0	  0	 77	 61	 46	 80	  0	 40	  0	  0	  0	  0	  0	  0	  0	  0	  0	  0	  0	  5	21819	  0
02/07/2018	00:44:19	->	L	00000000	 28	 84	 61	 36	  0	257	  0	  4	  4	  4	  4	  4	  4	  4	  4	  0	  0	  0	  0	  0	  0	  0	  0	  0	  0	  0	  0	  0	  0	  0	  0	  0	  0	  0	  0	  0	  0	  0	  0	 77	 61	 46	 84	  0	 32	  0	  0	  0	  0	  0	  0	  0	  0	  0	  0	  0	  5	21819	  0
02/07/2018	00:49:19	->	L	00000000	 28	 83	 61	 32	  0	262	  0	  4	  4	  4	  4	  4	  4	  4	  4	  0	  0	  0	  0	  0	  0	  0	  0	  0	  0	  0	  0	  0	  0	  0	  0	  0	  0	  0	  0	  0	  0	  0	  0	 77	 61	 46	 83	  0	 35	  0	  0	  0	  0	  0	  0	  0	  0	  0	  0	  0	  5	21819	  0
02/07/2018	00:54:19	->	L	00000000	 28	 83	 60	 32	  0	267	  0	  4	  4	  4	  4	  4	  4	  4	  4	  0	  0	  0	  0	  0	  0	  0	  0	  0	  0	  0	  0	  0	  0	  0	  0	  0	  0	  0	  0	  0	  0	  0	  0	 76	 60	 45	 83	  0	 32	  0	  0	  0	  0	  0	  0	  0	  0	  0	  0	  0	  5	21819	  0
02/07/2018	00:59:19	->	L	00000000	 28	 83	 61	 35	  0	272	  0	  4	  4	  4	  4	  4	  4	  4	  4	  0	  0	  0	  0	  0	  0	  0	  0	  0	  0	  0	  0	  0	  0	  0	  0	  0	  0	  0	  0	  0	  0	  0	  0	 77	 61	 46	 83	  0	 35	  0	  0	  0	  0	  0	  0	  0	  0	  0	  0	  0	  5	21819	  0
02/07/2018	01:04:19	->	L	00000000	 28	 84	 61	 29	  0	277	  0	  4	  4	  4	  4	  4	  4	  4	  4	  0	  0	  0	  0	  0	  0	  0	  0	  0	  0	  0	  0	  0	  0	  0	  0	  0	  0	  0	  0	  0	  0	  0	  0	 77	 61	 46	 84	  0	 32	  0	  0	  0	  0	  0	  0	  0	  0	  0	  0	  0	  5	21819	  0
02/07/2018	01:09:19	->	L	00000000	 28	 83	 61	 32	  0	282	  0	  4	  4	  4	  4	  4	  4	  4	  4	  0	  0	  0	  0	  0	  0	  0	  0	  0	  0	  0	  0	  0	  0	  0	  0	  0	  0	  0	  0	  0	  0	  0	  0	 77	 61	 46	 83	  0	 35	  0	  0	  0	  0	  0	  0	  0	  0	  0	  0	  0	  5	21819	  0
02/07/2018	01:14:19	->	L	00000000	 28	 84	 62	 38	  0	287	  0	  4	  4	  4	  4	  4	  4	  4	  4	  0	  0	  0	  0	  0	  0	  0	  0	  0	  0	  0	  0	  0	  0	  0	  0	  0	  0	  0	  0	  0	  0	  0	  0	 77	 62	 48	 84	  0	 35	  0	  0	  0	  0	  0	  0	  0	  0	  0	  0	  0	  5	21819	  0
02/07/2018	01:19:19	->	L	00000000	 28	 82	 61	 35	  0	292	  0	  4	  4	  4	  4	  4	  4	  4	  4	  0	  0	  0	  0	  0	  0	  0	  0	  0	  0	  0	  0	  0	  0	  0	  0	  0	  0	  0	  0	  0	  0	  0	  0	 76	 61	 48	 82	  0	 35	  0	  0	  0	  0	  0	  0	  0	  0	  0	  0	  0	  5	21819	  0
02/07/2018	01:24:19	->	L	00000000	 28	 81	 63	 44	  0	297	  0	  4	  4	  4	  4	  4	  4	  4	  4	  0	  0	  0	  0	  0	  0	  0	  0	  0	  0	  0	  0	  0	  0	  0	  0	  0	  0	  0	  0	  0	  0	  0	  0	 76	 63	 53	 81	  0	 43	  0	  0	  0	  0	  0	  0	  0	  0	  0	  0	  0	  5	21819	  0
02/07/2018	01:29:19	->	L	00000000	 28	 81	 60	 35	  0	302	  0	  4	  4	  4	  4	  4	  4	  4	  4	  0	  0	  0	  0	  0	  0	  0	  0	  0	  0	  0	  0	  0	  0	  0	  0	  0	  0	  0	  0	  0	  0	  0	  0	 76	 60	 45	 81	  0	 35	  0	  0	  0	  0	  0	  0	  0	  0	  0	  0	  0	  5	21819	  0
02/07/2018	01:34:19	->	L	00000000	 28	 82	 59	 32	  0	307	  0	  4	  4	  4	  4	  4	  4	  4	  4	  0	  0	  0	  0	  0	  0	  0	  0	  0	  0	  0	  0	  0	  0	  0	  0	  0	  0	  0	  0	  0	  0	  0	  0	 76	 59	 42	 82	  0	 31	  0	  0	  0	  0	  0	  0	  0	  0	  0	  0	  0	  5	21819	  0
02/07/2018	01:39:19	->	L	00000000	 28	 82	 61	 47	  0	312	  0	  4	  4	  4	  4	  4	  4	  4	  4	  0	  0	  0	  0	  0	  0	  0	  0	  0	  0	  0	  0	  0	  0	  0	  0	  0	  0	  0	  0	  0	  0	  0	  0	 75	 61	 50	 82	  0	 35	  0	  0	  0	  0	  0	  0	  0	  0	  0	  0	  0	  5	21819	  0
02/07/2018	01:44:19	->	L	00000000	 28	 78	 59	 38	  0	317	  0	  4	  4	  4	  4	  4	  4	  4	  4	  0	  0	  0	  0	  0	  0	  0	  0	  0	  0	  0	  0	  0	  0	  0	  0	  0	  0	  0	  0	  0	  0	  0	  0	 76	 59	 42	 78	  0	 39	  0	  0	  0	  0	  0	  0	  0	  0	  0	  0	  0	  5	21819	  0
02/07/2018	01:49:19	->	L	00000000	 28	 82	 62	 46	  0	322	  0	  4	  4	  4	  4	  4	  4	  4	  4	  0	  0	  0	  0	  0	  0	  0	  0	  0	  0	  0	  0	  0	  0	  0	  0	  0	  0	  0	  0	  0	  0	  0	  0	 76	 62	 50	 82	  0	 38	  0	  0	  0	  0	  0	  0	  0	  0	  0	  0	  0	  5	21819	  0
02/07/2018	01:54:20	->	L	00000000	 28	 79	 60	 38	  0	327	  0	  4	  4	  4	  4	  4	  4	  4	  4	  0	  0	  0	  0	  0	  0	  0	  0	  0	  0	  0	  0	  0	  0	  0	  0	  0	  0	  0	  0	  0	  0	  0	  0	 75	 60	 48	 79	  0	 39	  0	  0	  0	  0	  0	  0	  0	  0	  0	  0	  0	  5	21819	  0
02/07/2018	01:59:20	->	L	00000000	 28	 78	 61	 46	  0	332	  0	  4	  4	  4	  4	  4	  4	  4	  4	  0	  0	  0	  0	  0	  0	  0	  0	  0	  0	  0	  0	  0	  0	  0	  0	  0	  0	  0	  0	  0	  0	  0	  0	 75	 61	 50	 78	  0	 43	  0	  0	  0	  0	  0	  0	  0	  0	  0	  0	  0	  5	21819	  0
02/07/2018	02:04:20	->	L	00000000	 28	 81	 62	 42	  0	337	  0	  4	  4	  4	  4	  4	  4	  4	  4	  0	  0	  0	  0	  0	  0	  0	  0	  0	  0	  0	  0	  0	  0	  0	  0	  0	  0	  0	  0	  0	  0	  0	  0	 75	 62	 53	 81	  0	 40	  0	  0	  0	  0	  0	  0	  0	  0	  0	  0	  0	  5	21819	  0
02/07/2018	02:09:20	->	L	00000000	 28	 78	 60	 41	  0	342	  0	  4	  4	  4	  4	  4	  4	  4	  4	  0	  0	  0	  0	  0	  0	  0	  0	  0	  0	  0	  0	  0	  0	  0	  0	  0	  0	  0	  0	  0	  0	  0	  0	 74	 60	 49	 78	  0	 41	  0	  0	  0	  0	  0	  0	  0	  0	  0	  0	  0	  5	21819	  0
02/07/2018	02:14:20	->	L	00000000	 28	 78	 60	 41	  0	347	  0	  4	  4	  4	  4	  4	  4	  4	  4	  0	  0	  0	  0	  0	  0	  0	  0	  0	  0	  0	  0	  0	  0	  0	  0	  0	  0	  0	  0	  0	  0	  0	  0	 74	 60	 49	 78	  0	 41	  0	  0	  0	  0	  0	  0	  0	  0	  0	  0	  0	  5	21819	  0
02/07/2018	02:19:20	->	L	00000000	 28	 77	 60	 43	  0	352	  0	  4	  4	  4	  4	  4	  4	  4	  4	  0	  0	  0	  0	  0	  0	  0	  0	  0	  0	  0	  0	  0	  0	  0	  0	  0	  0	  0	  0	  0	  0	  0	  0	 74	 60	 49	 77	  0	 43	  0	  0	  0	  0	  0	  0	  0	  0	  0	  0	  0	  5	21819	  0
02/07/2018	02:24:21	->	L	00000000	 28	 77	 60	 34	  0	357	  0	  4	  4	  4	  4	  4	  4	  4	  4	  0	  0	  0	  0	  0	  0	  0	  0	  0	  0	  0	  0	  0	  0	  0	  0	  0	  0	  0	  0	  0	  0	  0	  0	 74	 60	 49	 77	  0	 43	  0	  0	  0	  0	  0	  0	  0	  0	  0	  0	  0	  5	21819	  0
02/07/2018	02:29:20	->	L	00000000	 28	 78	 59	 41	  0	362	  0	  4	  4	  4	  4	  4	  4	  4	  4	  0	  0	  0	  0	  0	  0	  0	  0	  0	  0	  0	  0	  0	  0	  0	  0	  0	  0	  0	  0	  0	  0	  0	  0	 73	 59	 49	 78	  0	 39	  0	  0	  0	  0	  0	  0	  0	  0	  0	  0	  0	  5	21819	  0
02/07/2018	02:34:20	->	L	00000000	 28	 78	 61	 45	  0	367	  0	  4	  4	  4	  4	  4	  4	  4	  4	  0	  0	  0	  0	  0	  0	  0	  0	  0	  0	  0	  0	  0	  0	  0	  0	  0	  0	  0	  0	  0	  0	  0	  0	 73	 61	 55	 78	  0	 43	  0	  0	  0	  0	  0	  0	  0	  0	  0	  0	  0	  5	21819	  0
02/07/2018	02:39:20	->	L	00000000	 28	 75	 58	 45	  0	372	  0	  4	  4	  4	  4	  4	  4	  4	  4	  0	  0	  0	  0	  0	  0	  0	  0	  0	  0	  0	  0	  0	  0	  0	  0	  0	  0	  0	  0	  0	  0	  0	  0	 72	 58	 49	 75	  0	 42	  0	  0	  0	  0	  0	  0	  0	  0	  0	  0	  0	  5	21819	  0
02/07/2018	02:44:20	->	L	00000000	 28	 74	 59	 45	  0	377	  0	  4	  4	  4	  4	  4	  4	  4	  4	  0	  0	  0	  0	  0	  0	  0	  0	  0	  0	  0	  0	  0	  0	  0	  0	  0	  0	  0	  0	  0	  0	  0	  0	 72	 59	 51	 74	  0	 47	  0	  0	  0	  0	  0	  0	  0	  0	  0	  0	  0	  5	21819	  0
02/07/2018	02:49:20	->	L	00000000	 28	 74	 59	 49	  0	382	  0	  4	  4	  4	  4	  4	  4	  4	  4	  0	  0	  0	  0	  0	  0	  0	  0	  0	  0	  0	  0	  0	  0	  0	  0	  0	  0	  0	  0	  0	  0	  0	  0	 72	 59	 51	 74	  0	 47	  0	  0	  0	  0	  0	  0	  0	  0	  0	  0	  0	  5	21819	  0
02/07/2018	02:54:20	->	L	00000000	 28	 73	 58	 45	  0	387	  0	  4	  4	  4	  4	  4	  4	  4	  4	  0	  0	  0	  0	  0	  0	  0	  0	  0	  0	  0	  0	  0	  0	  0	  0	  0	  0	  0	  0	  0	  0	  0	  0	 71	 58	 51	 73	  0	 47	  0	  0	  0	  0	  0	  0	  0	  0	  0	  0	  0	  5	21819	  0
02/07/2018	02:59:20	->	L	00000000	 28	 73	 58	 49	  0	392	  0	  4	  4	  4	  4	  4	  4	  4	  4	  0	  0	  0	  0	  0	  0	  0	  0	  0	  0	  0	  0	  0	  0	  0	  0	  0	  0	  0	  0	  0	  0	  0	  0	 71	 58	 51	 73	  0	 47	  0	  0	  0	  0	  0	  0	  0	  0	  0	  0	  0	  5	21819	  0
02/07/2018	03:04:20	->	L	00000000	 28	 71	 59	 51	  0	397	  0	  4	  4	  4	  4	  4	  4	  4	  4	  0	  0	  0	  0	  0	  0	  0	  0	  0	  0	  0	  0	  0	  0	  0	  0	  0	  0	  0	  0	  0	  0	  0	  0	 70	 59	 57	 71	  0	 55	  0	  0	  0	  0	  0	  0	  0	  0	  0	  0	  0	  5	21819	  0
02/07/2018	03:09:21	->	L	00000000	 28	 72	 57	 51	  0	402	  0	  4	  4	  4	  4	  4	  4	  4	  4	  0	  0	  0	  0	  0	  0	  0	  0	  0	  0	  0	  0	  0	  0	  0	  0	  0	  0	  0	  0	  0	  0	  0	  0	 70	 57	 51	 72	  0	 47	  0	  0	  0	  0	  0	  0	  0	  0	  0	  0	  0	  5	21819	  0
02/07/2018	03:14:21	->	L	00000000	 28	 70	 58	 51	  0	407	  0	  4	  4	  4	  4	  4	  4	  4	  4	  0	  0	  0	  0	  0	  0	  0	  0	  0	  0	  0	  0	  0	  0	  0	  0	  0	  0	  0	  0	  0	  0	  0	  0	 69	 58	 57	 70	  0	 54	  0	  0	  0	  0	  0	  0	  0	  0	  0	  0	  0	  5	21819	  0
02/07/2018	03:19:21	->	L	00000000	 28	 71	 57	 48	  0	412	  0	  4	  4	  4	  4	  4	  4	  4	  4	  0	  0	  0	  0	  0	  0	  0	  0	  0	  0	  0	  0	  0	  0	  0	  0	  0	  0	  0	  0	  0	  0	  0	  0	 69	 57	 54	 71	  0	 48	  0	  0	  0	  0	  0	  0	  0	  0	  0	  0	  0	  5	21819	  0
02/07/2018	03:24:21	->	L	00000000	 28	 70	 57	 51	  0	417	  0	  4	  4	  4	  4	  4	  4	  4	  4	  0	  0	  0	  0	  0	  0	  0	  0	  0	  0	  0	  0	  0	  0	  0	  0	  0	  0	  0	  0	  0	  0	  0	  0	 69	 57	 54	 70	  0	 51	  0	  0	  0	  0	  0	  0	  0	  0	  0	  0	  0	  5	21819	  0
02/07/2018	03:29:22	->	L	00000000	 29	 68	 55	 57	  0	  1	  0	  4	  4	  4	  4	  4	  4	  4	  4	  0	  0	  0	  0	  0	  0	  0	  0	  0	  0	  0	  0	  0	  0	  0	  0	  0	  0	  0	  0	  0	  0	  0	  0	 68	 55	 50	 67	  0	 53	  0	  0	  0	  0	  0	  0	  0	  0	  0	  0	  0	  5	21810	  0
02/07/2018	03:34:21	->	L	00000000	 29	 67	 51	 46	  0	  6	  0	  4	  4	  4	  4	  4	  4	  4	  4	  0	  0	  0	  0	  0	  0	  0	  0	  0	  0	  0	  0	  0	  0	  0	  0	  0	  0	  0	  0	  0	  0	  0	  0	 67	 51	 42	 67	  0	 42	  0	  0	  0	  0	  0	  0	  0	  0	  0	  0	  0	  5	21810	  0
02/07/2018	03:39:21	->	L	00000000	 29	 66	 52	 49	  0	 11	  0	  4	  4	  4	  4	  4	  4	  4	  4	  0	  0	  0	  0	  0	  0	  0	  0	  0	  0	  0	  0	  0	  0	  0	  0	  0	  0	  0	  0	  0	  0	  0	  0	 66	 52	 46	 65	  0	 49	  0	  0	  0	  0	  0	  0	  0	  0	  0	  0	  0	  5	21810	  0
02/07/2018	03:44:21	->	L	00000000	 29	 68	 53	 45	  0	 16	  0	  4	  4	  4	  4	  4	  4	  4	  4	  0	  0	  0	  0	  0	  0	  0	  0	  0	  0	  0	  0	  0	  0	  0	  0	  0	  0	  0	  0	  0	  0	  0	  0	 65	 53	 53	 68	  0	 45	  0	  0	  0	  0	  0	  0	  0	  0	  0	  0	  0	  5	21810	  0
02/07/2018	03:49:21	->	L	00000000	 29	 67	 53	 39	  0	 21	  0	  4	  4	  4	  4	  4	  4	  4	  4	  0	  0	  0	  0	  0	  0	  0	  0	  0	  0	  0	  0	  0	  0	  0	  0	  0	  0	  0	  0	  0	  0	  0	  0	 65	 53	 53	 67	  0	 47	  0	  0	  0	  0	  0	  0	  0	  0	  0	  0	  0	  5	21810	  0
02/07/2018	03:54:21	->	L	00000000	 29	 65	 51	 44	  0	 26	  0	  4	  4	  4	  4	  4	  4	  4	  4	  0	  0	  0	  0	  0	  0	  0	  0	  0	  0	  0	  0	  0	  0	  0	  0	  0	  0	  0	  0	  0	  0	  0	  0	 64	 51	 49	 65	  0	 46	  0	  0	  0	  0	  0	  0	  0	  0	  0	  0	  0	  5	21810	  0
02/07/2018	03:59:21	->	L	00000000	 29	 65	 51	 46	  0	 31	  0	  4	  4	  4	  4	  4	  4	  4	  4	  0	  0	  0	  0	  0	  0	  0	  0	  0	  0	  0	  0	  0	  0	  0	  0	  0	  0	  0	  0	  0	  0	  0	  0	 64	 51	 49	 65	  0	 46	  0	  0	  0	  0	  0	  0	  0	  0	  0	  0	  0	  5	21810	  0
02/07/2018	04:04:21	->	L	00000000	 29	 64	 52	 49	  0	 36	  0	  4	  4	  4	  4	  4	  4	  4	  4	  0	  0	  0	  0	  0	  0	  0	  0	  0	  0	  0	  0	  0	  0	  0	  0	  0	  0	  0	  0	  0	  0	  0	  0	 64	 52	 52	 63	  0	 55	  0	  0	  0	  0	  0	  0	  0	  0	  0	  0	  0	  5	21810	  0
02/07/2018	04:09:21	->	L	00000000	 29	 65	 51	 44	  0	 41	  0	  4	  4	  4	  4	  4	  4	  4	  4	  0	  0	  0	  0	  0	  0	  0	  0	  0	  0	  0	  0	  0	  0	  0	  0	  0	  0	  0	  0	  0	  0	  0	  0	 63	 51	 52	 65	  0	 46	  0	  0	  0	  0	  0	  0	  0	  0	  0	  0	  0	  5	21810	  0
02/07/2018	04:14:21	->	L	00000000	 29	 66	 51	 44	  0	 46	  0	  4	  4	  4	  4	  4	  4	  4	  4	  0	  0	  0	  0	  0	  0	  0	  0	  0	  0	  0	  0	  0	  0	  0	  0	  0	  0	  0	  0	  0	  0	  0	  0	 63	 51	 52	 66	  0	 44	  0	  0	  0	  0	  0	  0	  0	  0	  0	  0	  0	  5	21810	  0
05/07/2018	00:45:05	  	L	00000000	 29	 27	 23	 74	  0	 49	  0	  6	  6	  5	  5	  5	  5	  5	  5	  0	  0	  0	  0	  0	  0	  0	  0	  0	  0	  0	  0	  0	  0	  0	  0	  0	  0	  0	  0	  0	  0	  0	  0	 27	 23	 77	 24	  0	 93	  0	  0	  0	  0	  0	  0	  0	  0	  0	  0	  0	  5	21810	  0
05/07/2018	00:50:05	->	L	00000000	 29	 37	 26	 46	  0	 54	  0	  5	  5	  5	  5	  5	  5	  5	  4	  0	  0	  0	  0	  0	  0	  0	  0	  0	  0	  0	  0	  0	  0	  0	  0	  0	  0	  0	  0	  0	  0	  0	  0	 30	 26	 77	 37	  0	 47	  0	  0	  0	  0	  0	  0	  0	  0	  0	  0	  0	  5	21810	  0
05/07/2018	00:55:05	->	L	00000000	 29	 45	 30	 33	  0	 59	  0	  4	  4	  4	  4	  4	  4	  4	  4	  0	  0	  0	  0	  0	  0	  0	  0	  0	  0	  0	  0	  0	  0	  0	  0	  0	  0	  0	  0	  0	  0	  0	  0	 36	 30	 67	 45	  0	 37	  0	  0	  0	  0	  0	  0	  0	  0	  0	  0	  0	  5	21810	  0
05/07/2018	01:00:05	->	L	00000000	 29	 49	 32	 38	  0	 64	  0	  4	  4	  4	  4	  4	  4	  4	  4	  0	  0	  0	  0	  0	  0	  0	  0	  0	  0	  0	  0	  0	  0	  0	  0	  0	  0	  0	  0	  0	  0	  0	  0	 40	 32	 59	 49	  0	 31	  0	  0	  0	  0	  0	  0	  0	  0	  0	  0	  0	  5	21810	  0
05/07/2018	01:05:05	  	L	00000000	 29	 51	 34	 32	  0	 69	  0	  4	  4	  4	  4	  4	  4	  4	  4	  0	  0	  0	  0	  0	  0	  0	  0	  0	  0	  0	  0	  0	  0	  0	  0	  0	  0	  0	  0	  0	  0	  0	  0	 42	 34	 60	 51	  0	 32	  0	  0	  0	  0	  0	  0	  0	  0	  0	  0	  0	  5	21810	  0
05/07/2018	01:10:06	<-	L	00000000	 29	 56	 38	 29	  0	 74	  0	  4	  4	  4	  4	  4	  4	  4	  4	  0	  0	  0	  0	  0	  0	  0	  0	  0	  0	  0	  0	  0	  0	  0	  0	  0	  0	  0	  0	  0	  0	  0	  0	 56	 38	 32	 43	  0	 76	  0	  0	  0	  0	  0	  0	  0	  0	  0	  0	  0	  5	21810	  0
05/07/2018	01:15:06	<-	L	00000000	 29	 61	 40	 25	  0	 79	  0	  4	  4	  4	  4	  4	  4	  4	  4	  0	  0	  0	  0	  0	  0	  0	  0	  0	  0	  0	  0	  0	  0	  0	  0	  0	  0	  0	  0	  0	  0	  0	  0	 61	 40	 25	 47	  0	 65	  0	  0	  0	  0	  0	  0	  0	  0	  0	  0	  0	  5	21810	  0
05/07/2018	01:20:06	<-	L	00000000	 29	 63	 42	 26	  0	 84	  0	  4	  4	  4	  4	  4	  4	  4	  4	  0	  0	  0	  0	  0	  0	  0	  0	  0	  0	  0	  0	  0	  0	  0	  0	  0	  0	  0	  0	  0	  0	  0	  0	 63	 42	 26	 49	  0	 66	  0	  0	  0	  0	  0	  0	  0	  0	  0	  0	  0	  5	21810	  0
05/07/2018	01:25:06	<-	L	00000000	 29	 65	 44	 26	  0	 89	  0	  4	  4	  4	  4	  4	  4	  4	  4	  0	  0	  0	  0	  0	  0	  0	  0	  0	  0	  0	  0	  0	  0	  0	  0	  0	  0	  0	  0	  0	  0	  0	  0	 65	 44	 27	 51	  0	 66	  0	  0	  0	  0	  0	  0	  0	  0	  0	  0	  0	  5	21810	  0
05/07/2018	01:30:06	<-	L	00000000	 29	 68	 45	 25	  0	 94	  0	  4	  4	  4	  4	  4	  4	  4	  4	  0	  0	  0	  0	  0	  0	  0	  0	  0	  0	  0	  0	  0	  0	  0	  0	  0	  0	  0	  0	  0	  0	  0	  0	 68	 45	 25	 54	  0	 60	  0	  0	  0	  0	  0	  0	  0	  0	  0	  0	  0	  5	21810	  0
05/07/2018	01:35:06	<-	L	00000000	 29	 71	 47	 26	  0	 99	  0	  4	  4	  4	  4	  4	  4	  4	  4	  0	  0	  0	  0	  0	  0	  0	  0	  0	  0	  0	  0	  0	  0	  0	  0	  0	  0	  0	  0	  0	  0	  0	  0	 71	 47	 26	 57	  0	 57	  0	  0	  0	  0	  0	  0	  0	  0	  0	  0	  0	  5	21810	  0
05/07/2018	01:40:06	<-	L	00000000	 29	 73	 49	 24	  0	104	  0	  4	  4	  4	  4	  4	  4	  4	  4	  0	  0	  0	  0	  0	  0	  0	  0	  0	  0	  0	  0	  0	  0	  0	  0	  0	  0	  0	  0	  0	  0	  0	  0	 73	 49	 27	 59	  0	 57	  0	  0	  0	  0	  0	  0	  0	  0	  0	  0	  0	  5	21810	  0
05/07/2018	01:45:06	<-	L	00000000	 29	 75	 51	 25	  0	109	  0	  4	  4	  4	  4	  4	  4	  4	  4	  0	  0	  0	  0	  0	  0	  0	  0	  0	  0	  0	  0	  0	  0	  0	  0	  0	  0	  0	  0	  0	  0	  0	  0	 75	 51	 28	 61	  0	 58	  0	  0	  0	  0	  0	  0	  0	  0	  0	  0	  0	  5	21810	  0
05/07/2018	01:50:06	<-	L	00000000	 29	 77	 51	 27	  0	114	  0	  4	  4	  4	  4	  4	  4	  4	  4	  0	  0	  0	  0	  0	  0	  0	  0	  0	  0	  0	  0	  0	  0	  0	  0	  0	  0	  0	  0	  0	  0	  0	  0	 77	 51	 27	 63	  0	 52	  0	  0	  0	  0	  0	  0	  0	  0	  0	  0	  0	  5	21810	  0
05/07/2018	01:55:06	<-	L	00000000	 29	 79	 52	 25	  0	119	  0	  4	  4	  4	  4	  4	  4	  4	  4	  0	  0	  0	  0	  0	  0	  0	  0	  0	  0	  0	  0	  0	  0	  0	  0	  0	  0	  0	  0	  0	  0	  0	  0	 79	 52	 25	 65	  0	 49	  0	  0	  0	  0	  0	  0	  0	  0	  0	  0	  0	  5	21810	  0
05/07/2018	02:00:06	<-	L	00000000	 29	 81	 53	 25	  0	124	  0	  4	  4	  4	  4	  4	  4	  4	  4	  0	  0	  0	  0	  0	  0	  0	  0	  0	  0	  0	  0	  0	  0	  0	  0	  0	  0	  0	  0	  0	  0	  0	  0	 81	 53	 25	 67	  0	 47	  0	  0	  0	  0	  0	  0	  0	  0	  0	  0	  0	  5	21810	  0
05/07/2018	02:05:06	<-	L	00000000	 29	 83	 53	 23	  0	129	  0	  4	  4	  4	  4	  4	  4	  4	  4	  0	  0	  0	  0	  0	  0	  0	  0	  0	  0	  0	  0	  0	  0	  0	  0	  0	  0	  0	  0	  0	  0	  0	  0	 83	 53	 23	 68	  0	 45	  0	  0	  0	  0	  0	  0	  0	  0	  0	  0	  0	  5	21813	  0
05/07/2018	02:10:07	<-	L	00000000	 29	 84	 56	 23	  0	134	  0	  4	  4	  4	  4	  4	  4	  4	  4	  0	  0	  0	  0	  0	  0	  0	  0	  0	  0	  0	  0	  0	  0	  0	  0	  0	  0	  0	  0	  0	  0	  0	  0	 84	 56	 26	 69	  0	 50	  0	  0	  0	  0	  0	  0	  0	  0	  0	  0	  0	  5	21813	  0
05/07/2018	02:15:06	<-	L	00000000	 29	 84	 54	 24	  0	139	  0	  4	  4	  4	  4	  4	  4	  4	  4	  0	  0	  0	  0	  0	  0	  0	  0	  0	  0	  0	  0	  0	  0	  0	  0	  0	  0	  0	  0	  0	  0	  0	  0	 84	 54	 23	 71	  0	 40	  0	  0	  0	  0	  0	  0	  0	  0	  0	  0	  0	  5	21813	  0
05/07/2018	02:20:06	<-	L	00000000	 29	 83	 55	 26	  0	144	  0	  4	  4	  4	  4	  4	  4	  4	  4	  0	  0	  0	  0	  0	  0	  0	  0	  0	  0	  0	  0	  0	  0	  0	  0	  0	  0	  0	  0	  0	  0	  0	  0	 83	 55	 26	 72	  0	 41	  0	  0	  0	  0	  0	  0	  0	  0	  0	  0	  0	  5	21813	  0
05/07/2018	02:25:06	<-	L	00000000	 29	 83	 55	 26	  0	149	  0	  4	  4	  4	  4	  4	  4	  4	  4	  0	  0	  0	  0	  0	  0	  0	  0	  0	  0	  0	  0	  0	  0	  0	  0	  0	  0	  0	  0	  0	  0	  0	  0	 83	 55	 26	 73	  0	 39	  0	  0	  0	  0	  0	  0	  0	  0	  0	  0	  0	  5	21813	  0
05/07/2018	02:30:06	<-	L	00000000	 29	 83	 56	 24	  0	154	  0	  4	  4	  4	  4	  4	  4	  4	  4	  0	  0	  0	  0	  0	  0	  0	  0	  0	  0	  0	  0	  0	  0	  0	  0	  0	  0	  0	  0	  0	  0	  0	  0	 83	 56	 27	 76	  0	 36	  0	  0	  0	  0	  0	  0	  0	  0	  0	  0	  0	  5	21813	  0
05/07/2018	02:35:07	<-	L	00000000	 29	 83	 55	 26	  0	159	  0	  4	  4	  4	  4	  4	  4	  4	  4	  0	  0	  0	  0	  0	  0	  0	  0	  0	  0	  0	  0	  0	  0	  0	  0	  0	  0	  0	  0	  0	  0	  0	  0	 83	 55	 26	 75	  0	 35	  0	  0	  0	  0	  0	  0	  0	  0	  0	  0	  0	  5	21813	  0
05/07/2018	02:40:07	<-	L	00000000	 29	 85	 56	 25	  0	164	  0	  4	  4	  4	  4	  4	  4	  4	  4	  0	  0	  0	  0	  0	  0	  0	  0	  0	  0	  0	  0	  0	  0	  0	  0	  0	  0	  0	  0	  0	  0	  0	  0	 85	 56	 25	 74	  0	 40	  0	  0	  0	  0	  0	  0	  0	  0	  0	  0	  0	  5	21813	  0
05/07/2018	02:45:07	<-	L	00000000	 29	 88	 55	 23	  0	169	  0	  4	  4	  4	  4	  4	  4	  4	  4	  0	  0	  0	  0	  0	  0	  0	  0	  0	  0	  0	  0	  0	  0	  0	  0	  0	  0	  0	  0	  0	  0	  0	  0	 88	 55	 22	 77	  0	 32	  0	  0	  0	  0	  0	  0	  0	  0	  0	  0	  0	  5	21812	  0
05/07/2018	02:50:07	<-	L	00000000	 29	 87	 54	 22	  0	174	  0	  4	  4	  4	  4	  4	  4	  4	  4	  0	  0	  0	  0	  0	  0	  0	  0	  0	  0	  0	  0	  0	  0	  0	  0	  0	  0	  0	  0	  0	  0	  0	  0	 87	 54	 21	 77	  0	 29	  0	  0	  0	  0	  0	  0	  0	  0	  0	  0	  0	  5	21812	  0
05/07/2018	02:55:07	<-	L	00000000	 29	 86	 56	 24	  0	179	  0	  4	  4	  4	  4	  4	  4	  4	  4	  0	  0	  0	  0	  0	  0	  0	  0	  0	  0	  0	  0	  0	  0	  0	  0	  0	  0	  0	  0	  0	  0	  0	  0	 86	 56	 24	 76	  0	 36	  0	  0	  0	  0	  0	  0	  0	  0	  0	  0	  0	  5	21812	  0
05/07/2018	03:00:07	<-	L	00000000	 29	 85	 55	 26	  0	184	  0	  4	  4	  4	  4	  4	  4	  4	  4	  0	  0	  0	  0	  0	  0	  0	  0	  0	  0	  0	  0	  0	  0	  0	  0	  0	  0	  0	  0	  0	  0	  0	  0	 85	 55	 24	 76	  0	 32	  0	  0	  0	  0	  0	  0	  0	  0	  0	  0	  0	  5	21812	  0
05/07/2018	03:05:08	<-	L	00000000	 29	 83	 54	 24	  0	189	  0	  4	  4	  4	  4	  4	  4	  4	  4	  0	  0	  0	  0	  0	  0	  0	  0	  0	  0	  0	  0	  0	  0	  0	  0	  0	  0	  0	  0	  0	  0	  0	  0	 83	 54	 24	 76	  0	 31	  0	  0	  0	  0	  0	  0	  0	  0	  0	  0	  0	  5	21810	  0
05/07/2018	03:10:07	<-	L	00000000	 29	 84	 52	 24	  0	194	  0	  4	  4	  4	  4	  4	  4	  4	  4	  0	  0	  0	  0	  0	  0	  0	  0	  0	  0	  0	  0	  0	  0	  0	  0	  0	  0	  0	  0	  0	  0	  0	  0	 84	 52	 21	 76	  0	 28	  0	  0	  0	  0	  0	  0	  0	  0	  0	  0	  0	  5	21810	  0
05/07/2018	03:15:07	<-	L	00000000	 29	 87	 52	 22	  0	199	  0	  4	  4	  4	  4	  4	  4	  4	  4	  0	  0	  0	  0	  0	  0	  0	  0	  0	  0	  0	  0	  0	  0	  0	  0	  0	  0	  0	  0	  0	  0	  0	  0	 87	 52	 19	 76	  0	 28	  0	  0	  0	  0	  0	  0	  0	  0	  0	  0	  0	  5	21810	  0
05/07/2018	03:20:07	<-	L	00000000	 29	 85	 53	 22	  0	204	  0	  4	  4	  4	  4	  4	  4	  4	  4	  0	  0	  0	  0	  0	  0	  0	  0	  0	  0	  0	  0	  0	  0	  0	  0	  0	  0	  0	  0	  0	  0	  0	  0	 85	 53	 22	 77	  0	 29	  0	  0	  0	  0	  0	  0	  0	  0	  0	  0	  0	  5	21810	  0
05/07/2018	03:25:07	<-	L	00000000	 29	 84	 53	 22	  0	209	  0	  4	  4	  4	  4	  4	  4	  4	  4	  0	  0	  0	  0	  0	  0	  0	  0	  0	  0	  0	  0	  0	  0	  0	  0	  0	  0	  0	  0	  0	  0	  0	  0	 84	 53	 22	 77	  0	 29	  0	  0	  0	  0	  0	  0	  0	  0	  0	  0	  0	  5	21810	  0
05/07/2018	03:30:07	<-	L	00000000	 29	 87	 54	 19	  0	214	  0	  4	  4	  4	  4	  4	  4	  4	  4	  0	  0	  0	  0	  0	  0	  0	  0	  0	  0	  0	  0	  0	  0	  0	  0	  0	  0	  0	  0	  0	  0	  0	  0	 87	 54	 21	 79	  0	 27	  0	  0	  0	  0	  0	  0	  0	  0	  0	  0	  0	  5	21810	  0
05/07/2018	03:35:07	<-	L	00000000	 29	 85	 54	 22	  0	219	  0	  4	  4	  4	  4	  4	  4	  4	  4	  0	  0	  0	  0	  0	  0	  0	  0	  0	  0	  0	  0	  0	  0	  0	  0	  0	  0	  0	  0	  0	  0	  0	  0	 85	 54	 23	 79	  0	 27	  0	  0	  0	  0	  0	  0	  0	  0	  0	  0	  0	  5	21810	  0
05/07/2018	03:40:07	<-	L	00000000	 29	 84	 53	 22	  0	224	  0	  4	  4	  4	  4	  4	  4	  4	  4	  0	  0	  0	  0	  0	  0	  0	  0	  0	  0	  0	  0	  0	  0	  0	  0	  0	  0	  0	  0	  0	  0	  0	  0	 84	 53	 22	 78	  0	 27	  0	  0	  0	  0	  0	  0	  0	  0	  0	  0	  0	  5	21810	  0
05/07/2018	03:45:07	<-	L	00000000	 29	 88	 53	 22	  0	229	  0	  4	  4	  4	  4	  4	  4	  4	  4	  0	  0	  0	  0	  0	  0	  0	  0	  0	  0	  0	  0	  0	  0	  0	  0	  0	  0	  0	  0	  0	  0	  0	  0	 88	 53	 20	 77	  0	 29	  0	  0	  0	  0	  0	  0	  0	  0	  0	  0	  0	  5	21810	  0
05/07/2018	03:50:08	<-	L	00000000	 29	 86	 54	 23	  0	234	  0	  4	  4	  4	  4	  4	  4	  4	  4	  0	  0	  0	  0	  0	  0	  0	  0	  0	  0	  0	  0	  0	  0	  0	  0	  0	  0	  0	  0	  0	  0	  0	  0	 86	 54	 22	 77	  0	 29	  0	  0	  0	  0	  0	  0	  0	  0	  0	  0	  0	  5	21810	  0
05/07/2018	03:55:08	<-	L	00000000	 29	 85	 53	 21	  0	239	  0	  4	  4	  4	  4	  4	  4	  4	  4	  0	  0	  0	  0	  0	  0	  0	  0	  0	  0	  0	  0	  0	  0	  0	  0	  0	  0	  0	  0	  0	  0	  0	  0	 85	 53	 22	 79	  0	 28	  0	  0	  0	  0	  0	  0	  0	  0	  0	  0	  0	  5	21810	  0
05/07/2018	04:00:08	<-	L	00000000	 29	 87	 54	 19	  0	244	  0	  4	  4	  4	  4	  4	  4	  4	  4	  0	  0	  0	  0	  0	  0	  0	  0	  0	  0	  0	  0	  0	  0	  0	  0	  0	  0	  0	  0	  0	  0	  0	  0	 87	 54	 21	 80	  0	 28	  0	  0	  0	  0	  0	  0	  0	  0	  0	  0	  0	  5	21810	  0
05/07/2018	04:05:08	<-	L	00000000	 29	 86	 52	 21	  0	249	  0	  4	  4	  4	  4	  4	  4	  4	  4	  0	  0	  0	  0	  0	  0	  0	  0	  0	  0	  0	  0	  0	  0	  0	  0	  0	  0	  0	  0	  0	  0	  0	  0	 86	 52	 20	 80	  0	 24	  0	  0	  0	  0	  0	  0	  0	  0	  0	  0	  0	  5	21810	  0
05/07/2018	04:10:09	<-	L	00000000	 29	 87	 53	 20	  0	254	  0	  4	  4	  4	  4	  4	  4	  4	  4	  0	  0	  0	  0	  0	  0	  0	  0	  0	  0	  0	  0	  0	  0	  0	  0	  0	  0	  0	  0	  0	  0	  0	  0	 87	 53	 20	 79	  0	 28	  0	  0	  0	  0	  0	  0	  0	  0	  0	  0	  0	  5	21810	  0
05/07/2018	04:15:08	<-	L	00000000	 29	 85	 53	 22	  0	259	  0	  4	  4	  4	  4	  4	  4	  4	  4	  0	  0	  0	  0	  0	  0	  0	  0	  0	  0	  0	  0	  0	  0	  0	  0	  0	  0	  0	  0	  0	  0	  0	  0	 85	 53	 22	 78	  0	 27	  0	  0	  0	  0	  0	  0	  0	  0	  0	  0	  0	  5	21810	  0
05/07/2018	04:20:08	<-	L	00000000	 29	 85	 53	 21	  0	264	  0	  4	  4	  4	  4	  4	  4	  4	  4	  0	  0	  0	  0	  0	  0	  0	  0	  0	  0	  0	  0	  0	  0	  0	  0	  0	  0	  0	  0	  0	  0	  0	  0	 85	 53	 22	 79	  0	 28	  0	  0	  0	  0	  0	  0	  0	  0	  0	  0	  0	  5	21810	  0
05/07/2018	04:25:08	<-	L	00000000	 29	 87	 54	 21	  0	269	  0	  4	  4	  4	  4	  4	  4	  4	  4	  0	  0	  0	  0	  0	  0	  0	  0	  0	  0	  0	  0	  0	  0	  0	  0	  0	  0	  0	  0	  0	  0	  0	  0	 87	 54	 21	 81	  0	 26	  0	  0	  0	  0	  0	  0	  0	  0	  0	  0	  0	  5	21810	  0
05/07/2018	04:30:08	<-	L	00000000	 29	 84	 52	 22	  0	274	  0	  4	  4	  4	  4	  4	  4	  4	  4	  0	  0	  0	  0	  0	  0	  0	  0	  0	  0	  0	  0	  0	  0	  0	  0	  0	  0	  0	  0	  0	  0	  0	  0	 84	 52	 21	 79	  0	 25	  0	  0	  0	  0	  0	  0	  0	  0	  0	  0	  0	  5	21810	  0
05/07/2018	04:35:08	<-	L	00000000	 29	 89	 52	 18	  0	279	  0	  4	  4	  4	  4	  4	  4	  4	  4	  0	  0	  0	  0	  0	  0	  0	  0	  0	  0	  0	  0	  0	  0	  0	  0	  0	  0	  0	  0	  0	  0	  0	  0	 89	 52	 18	 80	  0	 24	  0	  0	  0	  0	  0	  0	  0	  0	  0	  0	  0	  5	21810	  0
05/07/2018	04:40:08	<-	L	00000000	 29	 85	 52	 21	  0	284	  0	  4	  4	  4	  4	  4	  4	  4	  4	  0	  0	  0	  0	  0	  0	  0	  0	  0	  0	  0	  0	  0	  0	  0	  0	  0	  0	  0	  0	  0	  0	  0	  0	 85	 52	 21	 80	  0	 24	  0	  0	  0	  0	  0	  0	  0	  0	  0	  0	  0	  5	21810	  0
05/07/2018	04:45:08	<-	L	00000000	 29	 88	 53	 20	  0	289	  0	  4	  4	  4	  4	  4	  4	  4	  4	  0	  0	  0	  0	  0	  0	  0	  0	  0	  0	  0	  0	  0	  0	  0	  0	  0	  0	  0	  0	  0	  0	  0	  0	 88	 53	 20	 81	  0	 25	  0	  0	  0	  0	  0	  0	  0	  0	  0	  0	  0	  5	21810	  0
05/07/2018	04:50:08	<-	L	00000000	 29	 84	 52	 21	  0	294	  0	  4	  4	  4	  4	  4	  4	  4	  4	  0	  0	  0	  0	  0	  0	  0	  0	  0	  0	  0	  0	  0	  0	  0	  0	  0	  0	  0	  0	  0	  0	  0	  0	 84	 52	 21	 79	  0	 25	  0	  0	  0	  0	  0	  0	  0	  0	  0	  0	  0	  5	21810	  0
05/07/2018	04:55:08	<-	L	00000000	 29	 88	 52	 20	  0	299	  0	  4	  4	  4	  4	  4	  4	  4	  4	  0	  0	  0	  0	  0	  0	  0	  0	  0	  0	  0	  0	  0	  0	  0	  0	  0	  0	  0	  0	  0	  0	  0	  0	 88	 52	 19	 79	  0	 25	  0	  0	  0	  0	  0	  0	  0	  0	  0	  0	  0	  5	21810	  0
05/07/2018	05:00:08	<-	L	00000000	 29	 85	 52	 22	  0	304	  0	  4	  4	  4	  4	  4	  4	  4	  4	  0	  0	  0	  0	  0	  0	  0	  0	  0	  0	  0	  0	  0	  0	  0	  0	  0	  0	  0	  0	  0	  0	  0	  0	 85	 52	 21	 80	  0	 24	  0	  0	  0	  0	  0	  0	  0	  0	  0	  0	  0	  5	21810	  0
05/07/2018	05:05:09	<-	L	00000000	 29	 89	 53	 18	  0	309	  0	  4	  4	  4	  4	  4	  4	  4	  4	  0	  0	  0	  0	  0	  0	  0	  0	  0	  0	  0	  0	  0	  0	  0	  0	  0	  0	  0	  0	  0	  0	  0	  0	 89	 53	 19	 79	  0	 28	  0	  0	  0	  0	  0	  0	  0	  0	  0	  0	  0	  5	21810	  0
05/07/2018	05:10:09	->	L	00000000	 29	 89	 53	 21	  0	314	  0	  4	  4	  4	  4	  4	  4	  4	  4	  0	  0	  0	  0	  0	  0	  0	  0	  0	  0	  0	  0	  0	  0	  0	  0	  0	  0	  0	  0	  0	  0	  0	  0	 80	 53	 26	 89	  0	 19	  0	  0	  0	  0	  0	  0	  0	  0	  0	  0	  0	  5	21810	  0
05/07/2018	05:15:09	->	L	00000000	 29	 83	 51	 21	  0	319	  0	  4	  4	  4	  4	  4	  4	  4	  4	  0	  0	  0	  0	  0	  0	  0	  0	  0	  0	  0	  0	  0	  0	  0	  0	  0	  0	  0	  0	  0	  0	  0	  0	 78	 51	 25	 83	  0	 21	  0	  0	  0	  0	  0	  0	  0	  0	  0	  0	  0	  5	21810	  0
05/07/2018	05:20:09	->	L	00000000	 29	 86	 52	 20	  0	324	  0	  4	  4	  4	  4	  4	  4	  4	  4	  0	  0	  0	  0	  0	  0	  0	  0	  0	  0	  0	  0	  0	  0	  0	  0	  0	  0	  0	  0	  0	  0	  0	  0	 79	 52	 25	 86	  0	 20	  0	  0	  0	  0	  0	  0	  0	  0	  0	  0	  0	  5	21810	  0
05/07/2018	05:25:09	->	L	00000000	 29	 86	 52	 22	  0	329	  0	  4	  4	  4	  4	  4	  4	  4	  4	  0	  0	  0	  0	  0	  0	  0	  0	  0	  0	  0	  0	  0	  0	  0	  0	  0	  0	  0	  0	  0	  0	  0	  0	 79	 52	 25	 86	  0	 20	  0	  0	  0	  0	  0	  0	  0	  0	  0	  0	  0	  5	21810	  0
05/07/2018	05:30:09	->	L	00000000	 29	 84	 52	 21	  0	334	  0	  4	  4	  4	  4	  4	  4	  4	  4	  0	  0	  0	  0	  0	  0	  0	  0	  0	  0	  0	  0	  0	  0	  0	  0	  0	  0	  0	  0	  0	  0	  0	  0	 78	 52	 27	 84	  0	 21	  0	  0	  0	  0	  0	  0	  0	  0	  0	  0	  0	  5	21810	  0
05/07/2018	05:35:09	->	L	00000000	 29	 87	 52	 19	  0	339	  0	  4	  4	  4	  4	  4	  4	  4	  4	  0	  0	  0	  0	  0	  0	  0	  0	  0	  0	  0	  0	  0	  0	  0	  0	  0	  0	  0	  0	  0	  0	  0	  0	 80	 52	 24	 87	  0	 19	  0	  0	  0	  0	  0	  0	  0	  0	  0	  0	  0	  5	21810	  0
05/07/2018	05:40:09	->	L	00000000	 29	 83	 52	 21	  0	344	  0	  4	  4	  4	  4	  4	  4	  4	  4	  0	  0	  0	  0	  0	  0	  0	  0	  0	  0	  0	  0	  0	  0	  0	  0	  0	  0	  0	  0	  0	  0	  0	  0	 79	 52	 25	 83	  0	 22	  0	  0	  0	  0	  0	  0	  0	  0	  0	  0	  0	  5	21810	  0
05/07/2018	05:45:09	->	L	00000000	 29	 85	 52	 21	  0	349	  0	  4	  4	  4	  4	  4	  4	  4	  4	  0	  0	  0	  0	  0	  0	  0	  0	  0	  0	  0	  0	  0	  0	  0	  0	  0	  0	  0	  0	  0	  0	  0	  0	 79	 52	 25	 85	  0	 21	  0	  0	  0	  0	  0	  0	  0	  0	  0	  0	  0	  5	21810	  0
05/07/2018	05:50:09	->	L	00000000	 29	 84	 51	 21	  0	354	  0	  4	  4	  4	  4	  4	  4	  4	  4	  0	  0	  0	  0	  0	  0	  0	  0	  0	  0	  0	  0	  0	  0	  0	  0	  0	  0	  0	  0	  0	  0	  0	  0	 79	 51	 24	 84	  0	 20	  0	  0	  0	  0	  0	  0	  0	  0	  0	  0	  0	  5	21810	  0
05/07/2018	05:55:09	->	L	00000000	 29	 86	 52	 19	  0	359	  0	  4	  4	  4	  4	  4	  4	  4	  4	  0	  0	  0	  0	  0	  0	  0	  0	  0	  0	  0	  0	  0	  0	  0	  0	  0	  0	  0	  0	  0	  0	  0	  0	 79	 52	 25	 86	  0	 20	  0	  0	  0	  0	  0	  0	  0	  0	  0	  0	  0	  5	21810	  0
05/07/2018	06:00:09	->	L	00000000	 29	 84	 53	 21	  0	364	  0	  4	  4	  4	  4	  4	  4	  4	  4	  0	  0	  0	  0	  0	  0	  0	  0	  0	  0	  0	  0	  0	  0	  0	  0	  0	  0	  0	  0	  0	  0	  0	  0	 79	 53	 28	 84	  0	 22	  0	  0	  0	  0	  0	  0	  0	  0	  0	  0	  0	  5	21810	  0
05/07/2018	06:05:09	->	L	00000000	 29	 85	 54	 22	  0	369	  0	  4	  4	  4	  4	  4	  4	  4	  4	  0	  0	  0	  0	  0	  0	  0	  0	  0	  0	  0	  0	  0	  0	  0	  0	  0	  0	  0	  0	  0	  0	  0	  0	 80	 54	 28	 85	  0	 23	  0	  0	  0	  0	  0	  0	  0	  0	  0	  0	  0	  5	21810	  0
05/07/2018	06:10:10	->	L	00000000	 29	 85	 52	 21	  0	374	  0	  4	  4	  4	  4	  4	  4	  4	  4	  0	  0	  0	  0	  0	  0	  0	  0	  0	  0	  0	  0	  0	  0	  0	  0	  0	  0	  0	  0	  0	  0	  0	  0	 79	 52	 25	 85	  0	 21	  0	  0	  0	  0	  0	  0	  0	  0	  0	  0	  0	  5	21810	  0
05/07/2018	06:15:10	->	L	00000000	 29	 86	 53	 21	  0	379	  0	  4	  4	  4	  4	  4	  4	  4	  4	  0	  0	  0	  0	  0	  0	  0	  0	  0	  0	  0	  0	  0	  0	  0	  0	  0	  0	  0	  0	  0	  0	  0	  0	 79	 53	 28	 86	  0	 21	  0	  0	  0	  0	  0	  0	  0	  0	  0	  0	  0	  5	21810	  0
05/07/2018	06:20:10	->	L	00000000	 29	 85	 52	 21	  0	384	  0	  4	  4	  4	  4	  4	  4	  4	  4	  0	  0	  0	  0	  0	  0	  0	  0	  0	  0	  0	  0	  0	  0	  0	  0	  0	  0	  0	  0	  0	  0	  0	  0	 79	 52	 25	 85	  0	 21	  0	  0	  0	  0	  0	  0	  0	  0	  0	  0	  0	  5	21810	  0
05/07/2018	06:25:10	->	L	00000000	 29	 87	 52	 19	  0	389	  0	  4	  4	  4	  4	  4	  4	  4	  4	  0	  0	  0	  0	  0	  0	  0	  0	  0	  0	  0	  0	  0	  0	  0	  0	  0	  0	  0	  0	  0	  0	  0	  0	 80	 52	 24	 87	  0	 19	  0	  0	  0	  0	  0	  0	  0	  0	  0	  0	  0	  5	21810	  0
05/07/2018	06:30:10	->	L	00000000	 29	 85	 52	 21	  0	394	  0	  4	  4	  4	  4	  4	  4	  4	  4	  0	  0	  0	  0	  0	  0	  0	  0	  0	  0	  0	  0	  0	  0	  0	  0	  0	  0	  0	  0	  0	  0	  0	  0	 80	 52	 24	 85	  0	 21	  0	  0	  0	  0	  0	  0	  0	  0	  0	  0	  0	  5	21810	  0
05/07/2018	06:35:10	->	L	00000000	 29	 85	 52	 21	  0	399	  0	  4	  4	  4	  4	  4	  4	  4	  4	  0	  0	  0	  0	  0	  0	  0	  0	  0	  0	  0	  0	  0	  0	  0	  0	  0	  0	  0	  0	  0	  0	  0	  0	 80	 52	 24	 85	  0	 21	  0	  0	  0	  0	  0	  0	  0	  0	  0	  0	  0	  5	21810	  0
05/07/2018	06:40:10	->	L	00000000	 29	 88	 51	 19	  0	404	  0	  4	  4	  4	  4	  4	  4	  4	  4	  0	  0	  0	  0	  0	  0	  0	  0	  0	  0	  0	  0	  0	  0	  0	  0	  0	  0	  0	  0	  0	  0	  0	  0	 80	 51	 23	 88	  0	 18	  0	  0	  0	  0	  0	  0	  0	  0	  0	  0	  0	  5	21810	  0
05/07/2018	06:45:10	->	L	00000000	 29	 83	 52	 21	  0	409	  0	  4	  4	  4	  4	  4	  4	  4	  4	  0	  0	  0	  0	  0	  0	  0	  0	  0	  0	  0	  0	  0	  0	  0	  0	  0	  0	  0	  0	  0	  0	  0	  0	 79	 52	 25	 83	  0	 22	  0	  0	  0	  0	  0	  0	  0	  0	  0	  0	  0	  5	21810	  0
05/07/2018	06:50:10	->	L	00000000	 29	 85	 52	 20	  0	414	  0	  4	  4	  4	  4	  4	  4	  4	  4	  0	  0	  0	  0	  0	  0	  0	  0	  0	  0	  0	  0	  0	  0	  0	  0	  0	  0	  0	  0	  0	  0	  0	  0	 80	 52	 24	 85	  0	 21	  0	  0	  0	  0	  0	  0	  0	  0	  0	  0	  0	  5	21810	  0
05/07/2018	06:55:10	->	L	00000000	 29	 84	 51	 21	  0	419	  0	  4	  4	  4	  4	  4	  4	  4	  4	  0	  0	  0	  0	  0	  0	  0	  0	  0	  0	  0	  0	  0	  0	  0	  0	  0	  0	  0	  0	  0	  0	  0	  0	 80	 51	 23	 84	  0	 20	  0	  0	  0	  0	  0	  0	  0	  0	  0	  0	  0	  5	21810	  0
05/07/2018	07:00:10	->	L	00000000	 29	 87	 51	 23	  0	424	  0	  4	  4	  4	  4	  4	  4	  4	  4	  0	  0	  0	  0	  0	  0	  0	  0	  0	  0	  0	  0	  0	  0	  0	  0	  0	  0	  0	  0	  0	  0	  0	  0	 80	 51	 23	 87	  0	 18	  0	  0	  0	  0	  0	  0	  0	  0	  0	  0	  0	  5	21810	  0
05/07/2018	07:05:10	->	L	00000000	 29	 87	 52	 19	  0	429	  0	  4	  4	  4	  4	  4	  4	  4	  4	  0	  0	  0	  0	  0	  0	  0	  0	  0	  0	  0	  0	  0	  0	  0	  0	  0	  0	  0	  0	  0	  0	  0	  0	 80	 52	 23	 87	  0	 19	  0	  0	  0	  0	  0	  0	  0	  0	  0	  0	  0	  5	21810	  0
05/07/2018	07:10:10	->	L	00000000	 29	 86	 52	 20	  0	434	  0	  4	  4	  4	  4	  4	  4	  4	  4	  0	  0	  0	  0	  0	  0	  0	  0	  0	  0	  0	  0	  0	  0	  0	  0	  0	  0	  0	  0	  0	  0	  0	  0	 80	 52	 24	 86	  0	 20	  0	  0	  0	  0	  0	  0	  0	  0	  0	  0	  0	  5	21810	  0
05/07/2018	07:15:10	->	L	00000000	 29	 84	 52	 21	  0	439	  0	  4	  4	  4	  4	  4	  4	  4	  4	  0	  0	  0	  0	  0	  0	  0	  0	  0	  0	  0	  0	  0	  0	  0	  0	  0	  0	  0	  0	  0	  0	  0	  0	 80	 52	 24	 84	  0	 21	  0	  0	  0	  0	  0	  0	  0	  0	  0	  0	  0	  5	21810	  0
05/07/2018	07:20:11	->	L	00000000	 29	 87	 52	 19	  0	444	  0	  4	  4	  4	  4	  4	  4	  4	  4	  0	  0	  0	  0	  0	  0	  0	  0	  0	  0	  0	  0	  0	  0	  0	  0	  0	  0	  0	  0	  0	  0	  0	  0	 81	 52	 23	 87	  0	 19	  0	  0	  0	  0	  0	  0	  0	  0	  0	  0	  0	  5	21810	  0
05/07/2018	07:25:10	->	L	00000000	 29	 88	 52	 19	  0	449	  0	  4	  4	  4	  4	  4	  4	  4	  4	  0	  0	  0	  0	  0	  0	  0	  0	  0	  0	  0	  0	  0	  0	  0	  0	  0	  0	  0	  0	  0	  0	  0	  0	 81	 52	 23	 88	  0	 19	  0	  0	  0	  0	  0	  0	  0	  0	  0	  0	  0	  5	21810	  0
05/07/2018	07:30:11	->	L	00000000	 29	 86	 52	 20	  0	454	  0	  4	  4	  4	  4	  4	  4	  4	  4	  0	  0	  0	  0	  0	  0	  0	  0	  0	  0	  0	  0	  0	  0	  0	  0	  0	  0	  0	  0	  0	  0	  0	  0	 81	 52	 23	 86	  0	 20	  0	  0	  0	  0	  0	  0	  0	  0	  0	  0	  0	  5	21810	  0
05/07/2018	07:35:11	->	L	00000000	 29	 87	 52	 20	  0	459	  0	  4	  4	  4	  4	  4	  4	  4	  4	  0	  0	  0	  0	  0	  0	  0	  0	  0	  0	  0	  0	  0	  0	  0	  0	  0	  0	  0	  0	  0	  0	  0	  0	 81	 52	 23	 87	  0	 19	  0	  0	  0	  0	  0	  0	  0	  0	  0	  0	  0	  5	21810	  0
05/07/2018	07:40:11	->	L	00000000	 29	 86	 53	 19	  0	464	  0	  4	  4	  4	  4	  4	  4	  4	  4	  0	  0	  0	  0	  0	  0	  0	  0	  0	  0	  0	  0	  0	  0	  0	  0	  0	  0	  0	  0	  0	  0	  0	  0	 81	 53	 25	 86	  0	 21	  0	  0	  0	  0	  0	  0	  0	  0	  0	  0	  0	  5	22332	  0
05/07/2018	07:45:11	->	L	00000000	 29	 86	 54	 23	  0	469	  0	  4	  4	  4	  4	  4	  4	  4	  4	  0	  0	  0	  0	  0	  0	  0	  0	  0	  0	  0	  0	  0	  0	  0	  0	  0	  0	  0	  0	  0	  0	  0	  0	 81	 54	 26	 86	  0	 22	  0	  0	  0	  0	  0	  0	  0	  0	  0	  0	  0	  5	21815	  0
05/07/2018	07:50:11	->	L	00000000	 29	 86	 53	 22	  0	474	  0	  4	  4	  4	  4	  4	  4	  4	  4	  0	  0	  0	  0	  0	  0	  0	  0	  0	  0	  0	  0	  0	  0	  0	  0	  0	  0	  0	  0	  0	  0	  0	  0	 81	 53	 25	 86	  0	 21	  0	  0	  0	  0	  0	  0	  0	  0	  0	  0	  0	  5	21812	  0
05/07/2018	07:55:11	->	L	00000000	 29	 86	 53	 21	  0	479	  0	  4	  4	  4	  4	  4	  4	  4	  4	  0	  0	  0	  0	  0	  0	  0	  0	  0	  0	  0	  0	  0	  0	  0	  0	  0	  0	  0	  0	  0	  0	  0	  0	 81	 53	 25	 86	  0	 21	  0	  0	  0	  0	  0	  0	  0	  0	  0	  0	  0	  5	21812	  0
05/07/2018	08:00:11	->	L	00000000	 29	 85	 53	 22	  0	484	  0	  4	  4	  4	  4	  4	  4	  4	  4	  0	  0	  0	  0	  0	  0	  0	  0	  0	  0	  0	  0	  0	  0	  0	  0	  0	  0	  0	  0	  0	  0	  0	  0	 81	 53	 25	 85	  0	 22	  0	  0	  0	  0	  0	  0	  0	  0	  0	  0	  0	  5	21812	  0
05/07/2018	08:05:11	->	L	00000000	 29	 85	 53	 22	  0	489	  0	  4	  4	  4	  4	  4	  4	  4	  4	  0	  0	  0	  0	  0	  0	  0	  0	  0	  0	  0	  0	  0	  0	  0	  0	  0	  0	  0	  0	  0	  0	  0	  0	 80	 53	 26	 85	  0	 22	  0	  0	  0	  0	  0	  0	  0	  0	  0	  0	  0	  5	21812	  0
05/07/2018	08:10:11	->	L	00000000	 29	 86	 54	 21	  0	494	  0	  4	  4	  4	  4	  4	  4	  4	  4	  0	  0	  0	  0	  0	  0	  0	  0	  0	  0	  0	  0	  0	  0	  0	  0	  0	  0	  0	  0	  0	  0	  0	  0	 80	 54	 28	 86	  0	 22	  0	  0	  0	  0	  0	  0	  0	  0	  0	  0	  0	  5	21812	  0
05/07/2018	08:15:11	->	L	00000000	 29	 86	 53	 20	  0	499	  0	  4	  4	  4	  4	  4	  4	  4	  4	  0	  0	  0	  0	  0	  0	  0	  0	  0	  0	  0	  0	  0	  0	  0	  0	  0	  0	  0	  0	  0	  0	  0	  0	 81	 53	 25	 86	  0	 21	  0	  0	  0	  0	  0	  0	  0	  0	  0	  0	  0	  5	21812	  0
05/07/2018	08:20:12	->	L	00000000	 29	 84	 53	 22	  0	504	  0	  4	  4	  4	  4	  4	  4	  4	  4	  0	  0	  0	  0	  0	  0	  0	  0	  0	  0	  0	  0	  0	  0	  0	  0	  0	  0	  0	  0	  0	  0	  0	  0	 80	 53	 26	 84	  0	 22	  0	  0	  0	  0	  0	  0	  0	  0	  0	  0	  0	  5	21812	  0
05/07/2018	08:25:11	->	L	00000000	 29	 84	 53	 22	  0	509	  0	  4	  4	  4	  4	  4	  4	  4	  4	  0	  0	  0	  0	  0	  0	  0	  0	  0	  0	  0	  0	  0	  0	  0	  0	  0	  0	  0	  0	  0	  0	  0	  0	 80	 53	 26	 84	  0	 22	  0	  0	  0	  0	  0	  0	  0	  0	  0	  0	  0	  5	21812	  0
05/07/2018	08:30:11	->	L	00000000	 29	 85	 53	 22	  0	514	  0	  4	  4	  4	  4	  4	  4	  4	  4	  0	  0	  0	  0	  0	  0	  0	  0	  0	  0	  0	  0	  0	  0	  0	  0	  0	  0	  0	  0	  0	  0	  0	  0	 81	 53	 25	 85	  0	 22	  0	  0	  0	  0	  0	  0	  0	  0	  0	  0	  0	  5	21812	  0
05/07/2018	08:35:12	->	L	00000000	 29	 88	 53	 20	  0	519	  0	  4	  4	  4	  4	  4	  4	  4	  4	  0	  0	  0	  0	  0	  0	  0	  0	  0	  0	  0	  0	  0	  0	  0	  0	  0	  0	  0	  0	  0	  0	  0	  0	 81	 53	 25	 88	  0	 20	  0	  0	  0	  0	  0	  0	  0	  0	  0	  0	  0	  5	21812	  0
05/07/2018	08:40:11	->	L	00000000	 29	 87	 53	 20	  0	524	  0	  4	  4	  4	  4	  4	  4	  4	  4	  0	  0	  0	  0	  0	  0	  0	  0	  0	  0	  0	  0	  0	  0	  0	  0	  0	  0	  0	  0	  0	  0	  0	  0	 81	 53	 25	 87	  0	 20	  0	  0	  0	  0	  0	  0	  0	  0	  0	  0	  0	  5	21812	  0
05/07/2018	08:45:12	->	L	00000000	 29	 86	 53	 21	  0	529	  0	  4	  4	  4	  4	  4	  4	  4	  4	  0	  0	  0	  0	  0	  0	  0	  0	  0	  0	  0	  0	  0	  0	  0	  0	  0	  0	  0	  0	  0	  0	  0	  0	 81	 53	 25	 86	  0	 21	  0	  0	  0	  0	  0	  0	  0	  0	  0	  0	  0	  5	21812	  0
05/07/2018	08:50:12	->	L	00000000	 29	 85	 53	 23	  0	534	  0	  4	  4	  4	  4	  4	  4	  4	  4	  0	  0	  0	  0	  0	  0	  0	  0	  0	  0	  0	  0	  0	  0	  0	  0	  0	  0	  0	  0	  0	  0	  0	  0	 81	 53	 25	 85	  0	 22	  0	  0	  0	  0	  0	  0	  0	  0	  0	  0	  0	  5	21812	  0
05/07/2018	08:55:12	->	L	00000000	 29	 85	 52	 22	  0	539	  0	  4	  4	  4	  4	  4	  4	  4	  4	  0	  0	  0	  0	  0	  0	  0	  0	  0	  0	  0	  0	  0	  0	  0	  0	  0	  0	  0	  0	  0	  0	  0	  0	 80	 52	 24	 85	  0	 21	  0	  0	  0	  0	  0	  0	  0	  0	  0	  0	  0	  5	21812	  0
05/07/2018	09:00:12	->	L	00000000	 29	 87	 52	 20	  0	544	  0	  4	  4	  4	  4	  4	  4	  4	  4	  0	  0	  0	  0	  0	  0	  0	  0	  0	  0	  0	  0	  0	  0	  0	  0	  0	  0	  0	  0	  0	  0	  0	  0	 81	 52	 23	 87	  0	 19	  0	  0	  0	  0	  0	  0	  0	  0	  0	  0	  0	  5	21812	  0
05/07/2018	09:05:12	->	L	00000000	 29	 85	 52	 20	  0	549	  0	  4	  4	  4	  4	  4	  4	  4	  4	  0	  0	  0	  0	  0	  0	  0	  0	  0	  0	  0	  0	  0	  0	  0	  0	  0	  0	  0	  0	  0	  0	  0	  0	 81	 52	 23	 85	  0	 21	  0	  0	  0	  0	  0	  0	  0	  0	  0	  0	  0	  5	21812	  0
05/07/2018	09:10:12	<-	L	00000000	 29	 87	 54	 21	  0	554	  0	  4	  4	  4	  4	  4	  4	  4	  4	  0	  0	  0	  0	  0	  0	  0	  0	  0	  0	  0	  0	  0	  0	  0	  0	  0	  0	  0	  0	  0	  0	  0	  0	 87	 54	 21	 83	  0	 24	  0	  0	  0	  0	  0	  0	  0	  0	  0	  0	  0	  5	21812	  0
05/07/2018	09:15:12	<-	L	00000000	 29	 85	 53	 22	  0	559	  0	  4	  4	  4	  4	  4	  4	  4	  4	  0	  0	  0	  0	  0	  0	  0	  0	  0	  0	  0	  0	  0	  0	  0	  0	  0	  0	  0	  0	  0	  0	  0	  0	 85	 53	 22	 82	  0	 24	  0	  0	  0	  0	  0	  0	  0	  0	  0	  0	  0	  5	21812	  0
05/07/2018	09:20:12	<-	L	00000000	 29	 85	 52	 21	  0	564	  0	  4	  4	  4	  4	  4	  4	  4	  4	  0	  0	  0	  0	  0	  0	  0	  0	  0	  0	  0	  0	  0	  0	  0	  0	  0	  0	  0	  0	  0	  0	  0	  0	 85	 52	 21	 84	  0	 21	  0	  0	  0	  0	  0	  0	  0	  0	  0	  0	  0	  5	21812	  0
05/07/2018	09:25:13	<-	L	00000000	 29	 86	 53	 21	  0	569	  0	  4	  4	  4	  4	  4	  4	  4	  4	  0	  0	  0	  0	  0	  0	  0	  0	  0	  0	  0	  0	  0	  0	  0	  0	  0	  0	  0	  0	  0	  0	  0	  0	 86	 53	 21	 82	  0	 23	  0	  0	  0	  0	  0	  0	  0	  0	  0	  0	  0	  5	21812	  0
05/07/2018	09:30:12	<-	L	00000000	 29	 84	 52	 20	  0	574	  0	  4	  4	  4	  4	  4	  4	  4	  4	  0	  0	  0	  0	  0	  0	  0	  0	  0	  0	  0	  0	  0	  0	  0	  0	  0	  0	  0	  0	  0	  0	  0	  0	 84	 52	 21	 82	  0	 23	  0	  0	  0	  0	  0	  0	  0	  0	  0	  0	  0	  5	21812	  0
05/07/2018	09:35:12	<-	L	00000000	 29	 84	 51	 21	  0	579	  0	  4	  4	  4	  4	  4	  4	  4	  4	  0	  0	  0	  0	  0	  0	  0	  0	  0	  0	  0	  0	  0	  0	  0	  0	  0	  0	  0	  0	  0	  0	  0	  0	 84	 51	 20	 83	  0	 21	  0	  0	  0	  0	  0	  0	  0	  0	  0	  0	  0	  5	21812	  0
05/07/2018	09:40:13	<-	L	00000000	 29	 85	 52	 21	  0	584	  0	  4	  4	  4	  4	  4	  4	  4	  4	  0	  0	  0	  0	  0	  0	  0	  0	  0	  0	  0	  0	  0	  0	  0	  0	  0	  0	  0	  0	  0	  0	  0	  0	 85	 52	 21	 82	  0	 23	  0	  0	  0	  0	  0	  0	  0	  0	  0	  0	  0	  5	21812	  0
05/07/2018	09:45:12	<-	L	00000000	 29	 85	 53	 22	  0	589	  0	  4	  4	  4	  4	  4	  4	  4	  4	  0	  0	  0	  0	  0	  0	  0	  0	  0	  0	  0	  0	  0	  0	  0	  0	  0	  0	  0	  0	  0	  0	  0	  0	 85	 53	 22	 82	  0	 24	  0	  0	  0	  0	  0	  0	  0	  0	  0	  0	  0	  5	21812	  0
05/07/2018	09:50:12	<-	L	00000000	 29	 85	 52	 21	  0	594	  0	  4	  4	  4	  4	  4	  4	  4	  4	  0	  0	  0	  0	  0	  0	  0	  0	  0	  0	  0	  0	  0	  0	  0	  0	  0	  0	  0	  0	  0	  0	  0	  0	 85	 52	 21	 83	  0	 22	  0	  0	  0	  0	  0	  0	  0	  0	  0	  0	  0	  5	21812	  0
05/07/2018	09:55:12	<-	L	00000000	 29	 85	 52	 21	  0	599	  0	  4	  4	  4	  4	  4	  4	  4	  4	  0	  0	  0	  0	  0	  0	  0	  0	  0	  0	  0	  0	  0	  0	  0	  0	  0	  0	  0	  0	  0	  0	  0	  0	 85	 52	 21	 82	  0	 23	  0	  0	  0	  0	  0	  0	  0	  0	  0	  0	  0	  5	21812	  0
05/07/2018	10:00:13	<-	L	00000000	210	 85	 51	 19	  0	  3	  0	  4	  4	  4	  4	  4	  4	  4	  4	  0	  0	  0	  0	  0	  0	  0	  0	  0	  0	  0	  0	  0	  0	  0	  0	  0	  0	  0	  0	  0	  0	  0	  0	 85	 51	 20	 81	  0	 22	  0	  0	  0	  0	  0	  0	  0	  0	  0	  0	  0	  5	21810	  0
05/07/2018	10:05:13	<-	L	00000000	210	 85	 51	 20	  0	  8	  0	  4	  4	  4	  4	  4	  4	  4	  4	  0	  0	  0	  0	  0	  0	  0	  0	  0	  0	  0	  0	  0	  0	  0	  0	  0	  0	  0	  0	  0	  0	  0	  0	 85	 51	 20	 83	  0	 21	  0	  0	  0	  0	  0	  0	  0	  0	  0	  0	  0	  5	21810	  0
05/07/2018	10:10:13	<-	L	00000000	210	 85	 51	 21	  0	 13	  0	  4	  4	  4	  4	  4	  4	  4	  4	  0	  0	  0	  0	  0	  0	  0	  0	  0	  0	  0	  0	  0	  0	  0	  0	  0	  0	  0	  0	  0	  0	  0	  0	 85	 51	 20	 82	  0	 22	  0	  0	  0	  0	  0	  0	  0	  0	  0	  0	  0	  5	21810	  0
05/07/2018	10:15:13	<-	L	00000000	210	 85	 51	 20	  0	 18	  0	  4	  4	  4	  4	  4	  4	  4	  4	  0	  0	  0	  0	  0	  0	  0	  0	  0	  0	  0	  0	  0	  0	  0	  0	  0	  0	  0	  0	  0	  0	  0	  0	 85	 51	 20	 82	  0	 22	  0	  0	  0	  0	  0	  0	  0	  0	  0	  0	  0	  5	21810	  0
05/07/2018	10:20:13	<-	L	00000000	210	 86	 51	 20	  0	 23	  0	  4	  4	  4	  4	  4	  4	  4	  4	  0	  0	  0	  0	  0	  0	  0	  0	  0	  0	  0	  0	  0	  0	  0	  0	  0	  0	  0	  0	  0	  0	  0	  0	 86	 51	 19	 84	  0	 20	  0	  0	  0	  0	  0	  0	  0	  0	  0	  0	  0	  5	21810	  0
05/07/2018	10:25:13	<-	L	00000000	210	 85	 51	 20	  0	 28	  0	  4	  4	  4	  4	  4	  4	  4	  4	  0	  0	  0	  0	  0	  0	  0	  0	  0	  0	  0	  0	  0	  0	  0	  0	  0	  0	  0	  0	  0	  0	  0	  0	 85	 51	 20	 82	  0	 21	  0	  0	  0	  0	  0	  0	  0	  0	  0	  0	  0	  5	21810	  0
05/07/2018	10:30:13	<-	L	00000000	210	 86	 52	 20	  0	 33	  0	  4	  4	  4	  4	  4	  4	  4	  4	  0	  0	  0	  0	  0	  0	  0	  0	  0	  0	  0	  0	  0	  0	  0	  0	  0	  0	  0	  0	  0	  0	  0	  0	 86	 52	 20	 84	  0	 21	  0	  0	  0	  0	  0	  0	  0	  0	  0	  0	  0	  5	21810	  0
05/07/2018	10:35:14	<-	L	00000000	210	 85	 51	 20	  0	 38	  0	  4	  4	  4	  4	  4	  4	  4	  4	  0	  0	  0	  0	  0	  0	  0	  0	  0	  0	  0	  0	  0	  0	  0	  0	  0	  0	  0	  0	  0	  0	  0	  0	 85	 51	 20	 83	  0	 21	  0	  0	  0	  0	  0	  0	  0	  0	  0	  0	  0	  5	21810	  0
05/07/2018	10:40:14	<-	L	00000000	210	 85	 51	 19	  0	 43	  0	  4	  4	  4	  4	  4	  4	  4	  4	  0	  0	  0	  0	  0	  0	  0	  0	  0	  0	  0	  0	  0	  0	  0	  0	  0	  0	  0	  0	  0	  0	  0	  0	 85	 51	 20	 82	  0	 22	  0	  0	  0	  0	  0	  0	  0	  0	  0	  0	  0	  5	21810	  0
05/07/2018	10:45:13	<-	L	00000000	210	 85	 51	 20	  0	 48	  0	  4	  4	  4	  4	  4	  4	  4	  4	  0	  0	  0	  0	  0	  0	  0	  0	  0	  0	  0	  0	  0	  0	  0	  0	  0	  0	  0	  0	  0	  0	  0	  0	 85	 51	 20	 83	  0	 21	  0	  0	  0	  0	  0	  0	  0	  0	  0	  0	  0	  5	21810	  0
05/07/2018	10:50:13	<-	L	00000000	210	 85	 51	 20	  0	 53	  0	  4	  4	  4	  4	  4	  4	  4	  4	  0	  0	  0	  0	  0	  0	  0	  0	  0	  0	  0	  0	  0	  0	  0	  0	  0	  0	  0	  0	  0	  0	  0	  0	 85	 51	 20	 83	  0	 21	  0	  0	  0	  0	  0	  0	  0	  0	  0	  0	  0	  5	21810	  0
05/07/2018	10:55:13	<-	L	00000000	210	 85	 51	 20	  0	 58	  0	  4	  4	  4	  4	  4	  4	  4	  4	  0	  0	  0	  0	  0	  0	  0	  0	  0	  0	  0	  0	  0	  0	  0	  0	  0	  0	  0	  0	  0	  0	  0	  0	 85	 51	 20	 82	  0	 22	  0	  0	  0	  0	  0	  0	  0	  0	  0	  0	  0	  5	21810	  0
05/07/2018	11:00:13	<-	L	00000000	210	 85	 51	 19	  0	 63	  0	  4	  4	  4	  4	  4	  4	  4	  4	  0	  0	  0	  0	  0	  0	  0	  0	  0	  0	  0	  0	  0	  0	  0	  0	  0	  0	  0	  0	  0	  0	  0	  0	 85	 51	 20	 82	  0	 22	  0	  0	  0	  0	  0	  0	  0	  0	  0	  0	  0	  5	21810	  0
05/07/2018	11:05:13	<-	L	00000000	210	 85	 50	 20	  0	 68	  0	  4	  4	  4	  4	  4	  4	  4	  4	  0	  0	  0	  0	  0	  0	  0	  0	  0	  0	  0	  0	  0	  0	  0	  0	  0	  0	  0	  0	  0	  0	  0	  0	 85	 50	 19	 82	  0	 21	  0	  0	  0	  0	  0	  0	  0	  0	  0	  0	  0	  5	21810	  0
05/07/2018	11:10:14	<-	L	00000000	210	 87	 50	 19	  0	 73	  0	  4	  4	  4	  4	  4	  4	  4	  4	  0	  0	  0	  0	  0	  0	  0	  0	  0	  0	  0	  0	  0	  0	  0	  0	  0	  0	  0	  0	  0	  0	  0	  0	 87	 50	 17	 84	  0	 19	  0	  0	  0	  0	  0	  0	  0	  0	  0	  0	  0	  5	21810	  0
05/07/2018	11:15:14	<-	L	00000000	210	 85	 51	 19	  0	 78	  0	  4	  4	  4	  4	  4	  4	  4	  4	  0	  0	  0	  0	  0	  0	  0	  0	  0	  0	  0	  0	  0	  0	  0	  0	  0	  0	  0	  0	  0	  0	  0	  0	 85	 51	 20	 81	  0	 22	  0	  0	  0	  0	  0	  0	  0	  0	  0	  0	  0	  5	21810	  0
05/07/2018	11:20:14	<-	L	00000000	210	 85	 52	 20	  0	 83	  0	  4	  4	  4	  4	  4	  4	  4	  4	  0	  0	  0	  0	  0	  0	  0	  0	  0	  0	  0	  0	  0	  0	  0	  0	  0	  0	  0	  0	  0	  0	  0	  0	 85	 52	 21	 81	  0	 23	  0	  0	  0	  0	  0	  0	  0	  0	  0	  0	  0	  5	21810	  0
05/07/2018	11:25:14	<-	L	00000000	210	 86	 50	 19	  0	 88	  0	  4	  4	  4	  4	  4	  4	  4	  4	  0	  0	  0	  0	  0	  0	  0	  0	  0	  0	  0	  0	  0	  0	  0	  0	  0	  0	  0	  0	  0	  0	  0	  0	 86	 50	 18	 82	  0	 21	  0	  0	  0	  0	  0	  0	  0	  0	  0	  0	  0	  5	21810	  0
05/07/2018	11:30:14	<-	L	00000000	210	 86	 51	 20	  0	 93	  0	  4	  4	  4	  4	  4	  4	  4	  4	  0	  0	  0	  0	  0	  0	  0	  0	  0	  0	  0	  0	  0	  0	  0	  0	  0	  0	  0	  0	  0	  0	  0	  0	 86	 51	 19	 81	  0	 22	  0	  0	  0	  0	  0	  0	  0	  0	  0	  0	  0	  5	21810	  0
05/07/2018	11:35:14	<-	L	00000000	210	 84	 51	 19	  0	 98	  0	  4	  4	  4	  4	  4	  4	  4	  4	  0	  0	  0	  0	  0	  0	  0	  0	  0	  0	  0	  0	  0	  0	  0	  0	  0	  0	  0	  0	  0	  0	  0	  0	 84	 51	 20	 82	  0	 22	  0	  0	  0	  0	  0	  0	  0	  0	  0	  0	  0	  5	21810	  0
05/07/2018	11:40:14	<-	L	00000000	210	 84	 51	 20	  0	103	  0	  4	  4	  4	  4	  4	  4	  4	  4	  0	  0	  0	  0	  0	  0	  0	  0	  0	  0	  0	  0	  0	  0	  0	  0	  0	  0	  0	  0	  0	  0	  0	  0	 84	 51	 20	 83	  0	 21	  0	  0	  0	  0	  0	  0	  0	  0	  0	  0	  0	  5	21810	  0
05/07/2018	11:45:14	<-	L	00000000	210	 85	 50	 20	  0	108	  0	  4	  4	  4	  4	  4	  4	  4	  4	  0	  0	  0	  0	  0	  0	  0	  0	  0	  0	  0	  0	  0	  0	  0	  0	  0	  0	  0	  0	  0	  0	  0	  0	 85	 50	 19	 83	  0	 20	  0	  0	  0	  0	  0	  0	  0	  0	  0	  0	  0	  5	21810	  0
05/07/2018	11:50:14	<-	L	00000000	210	 85	 50	 18	  0	113	  0	  4	  4	  4	  4	  4	  4	  4	  4	  0	  0	  0	  0	  0	  0	  0	  0	  0	  0	  0	  0	  0	  0	  0	  0	  0	  0	  0	  0	  0	  0	  0	  0	 85	 50	 19	 83	  0	 20	  0	  0	  0	  0	  0	  0	  0	  0	  0	  0	  0	  5	21810	  0
05/07/2018	11:55:14	<-	L	00000000	210	 86	 50	 19	  0	118	  0	  4	  4	  4	  4	  4	  4	  4	  4	  0	  0	  0	  0	  0	  0	  0	  0	  0	  0	  0	  0	  0	  0	  0	  0	  0	  0	  0	  0	  0	  0	  0	  0	 86	 50	 18	 83	  0	 20	  0	  0	  0	  0	  0	  0	  0	  0	  0	  0	  0	  5	21810	  0
05/07/2018	12:00:15	<-	L	00000000	210	 88	 52	 17	  0	123	  0	  4	  4	  4	  4	  4	  4	  4	  4	  0	  0	  0	  0	  0	  0	  0	  0	  0	  0	  0	  0	  0	  0	  0	  0	  0	  0	  0	  0	  0	  0	  0	  0	 88	 52	 19	 81	  0	 23	  0	  0	  0	  0	  0	  0	  0	  0	  0	  0	  0	  5	21810	  0
05/07/2018	12:05:15	<-	L	00000000	210	 87	 50	 17	  0	128	  0	  4	  4	  4	  4	  4	  4	  4	  4	  0	  0	  0	  0	  0	  0	  0	  0	  0	  0	  0	  0	  0	  0	  0	  0	  0	  0	  0	  0	  0	  0	  0	  0	 87	 50	 17	 82	  0	 21	  0	  0	  0	  0	  0	  0	  0	  0	  0	  0	  0	  5	21810	  0
05/07/2018	12:10:14	<-	L	00000000	210	 87	 50	 18	  0	133	  0	  4	  4	  4	  4	  4	  4	  4	  4	  0	  0	  0	  0	  0	  0	  0	  0	  0	  0	  0	  0	  0	  0	  0	  0	  0	  0	  0	  0	  0	  0	  0	  0	 87	 50	 17	 84	  0	 19	  0	  0	  0	  0	  0	  0	  0	  0	  0	  0	  0	  5	21810	  0
05/07/2018	12:15:14	<-	L	00000000	210	 87	 51	 17	  0	138	  0	  4	  4	  4	  4	  4	  4	  4	  4	  0	  0	  0	  0	  0	  0	  0	  0	  0	  0	  0	  0	  0	  0	  0	  0	  0	  0	  0	  0	  0	  0	  0	  0	 87	 51	 18	 82	  0	 22	  0	  0	  0	  0	  0	  0	  0	  0	  0	  0	  0	  5	21810	  0
05/07/2018	12:20:15	<-	L	00000000	210	 87	 51	 18	  0	143	  0	  4	  4	  4	  4	  4	  4	  4	  4	  0	  0	  0	  0	  0	  0	  0	  0	  0	  0	  0	  0	  0	  0	  0	  0	  0	  0	  0	  0	  0	  0	  0	  0	 87	 51	 18	 85	  0	 20	  0	  0	  0	  0	  0	  0	  0	  0	  0	  0	  0	  5	21810	  0
05/07/2018	12:25:15	<-	L	00000000	210	 87	 50	 19	  0	148	  0	  4	  4	  4	  4	  4	  4	  4	  4	  0	  0	  0	  0	  0	  0	  0	  0	  0	  0	  0	  0	  0	  0	  0	  0	  0	  0	  0	  0	  0	  0	  0	  0	 87	 50	 17	 82	  0	 21	  0	  0	  0	  0	  0	  0	  0	  0	  0	  0	  0	  5	21810	  0
05/07/2018	12:30:15	<-	L	00000000	210	 88	 50	 15	  0	153	  0	  4	  4	  4	  4	  4	  4	  4	  4	  0	  0	  0	  0	  0	  0	  0	  0	  0	  0	  0	  0	  0	  0	  0	  0	  0	  0	  0	  0	  0	  0	  0	  0	 88	 50	 17	 84	  0	 19	  0	  0	  0	  0	  0	  0	  0	  0	  0	  0	  0	  5	21810	  0
05/07/2018	12:35:15	<-	L	00000000	210	 86	 52	 15	  0	158	  0	  4	  4	  4	  4	  4	  4	  4	  4	  0	  0	  0	  0	  0	  0	  0	  0	  0	  0	  0	  0	  0	  0	  0	  0	  0	  0	  0	  0	  0	  0	  0	  0	 86	 52	 20	 84	  0	 21	  0	  0	  0	  0	  0	  0	  0	  0	  0	  0	  0	  5	21810	  0
05/07/2018	12:40:15	<-	L	00000000	210	 87	 50	 17	  0	163	  0	  4	  4	  4	  4	  4	  4	  4	  4	  0	  0	  0	  0	  0	  0	  0	  0	  0	  0	  0	  0	  0	  0	  0	  0	  0	  0	  0	  0	  0	  0	  0	  0	 87	 50	 17	 84	  0	 19	  0	  0	  0	  0	  0	  0	  0	  0	  0	  0	  0	  5	21810	  0
05/07/2018	12:45:15	<-	L	00000000	210	 88	 50	 17	  0	168	  0	  4	  4	  4	  4	  4	  4	  4	  4	  0	  0	  0	  0	  0	  0	  0	  0	  0	  0	  0	  0	  0	  0	  0	  0	  0	  0	  0	  0	  0	  0	  0	  0	 88	 50	 17	 82	  0	 21	  0	  0	  0	  0	  0	  0	  0	  0	  0	  0	  0	  5	21810	  0
05/07/2018	12:50:15	<-	L	00000000	210	 85	 49	 17	  0	173	  0	  4	  4	  4	  4	  4	  4	  4	  4	  0	  0	  0	  0	  0	  0	  0	  0	  0	  0	  0	  0	  0	  0	  0	  0	  0	  0	  0	  0	  0	  0	  0	  0	 85	 49	 18	 83	  0	 19	  0	  0	  0	  0	  0	  0	  0	  0	  0	  0	  0	  5	21810	  0
05/07/2018	12:55:15	<-	L	00000000	210	 85	 49	 17	  0	178	  0	  4	  4	  4	  4	  4	  4	  4	  4	  0	  0	  0	  0	  0	  0	  0	  0	  0	  0	  0	  0	  0	  0	  0	  0	  0	  0	  0	  0	  0	  0	  0	  0	 85	 49	 18	 84	  0	 18	  0	  0	  0	  0	  0	  0	  0	  0	  0	  0	  0	  5	21810	  0
05/07/2018	13:15:15	  	L	00000000	210	 55	 36	 28	  0	185	  0	  4	  4	  4	  4	  4	  4	  4	  4	  0	  0	  0	  0	  0	  0	  0	  0	  0	  0	  0	  0	  0	  0	  0	  0	  0	  0	  0	  0	  0	  0	  0	  0	 55	 36	 29	 54	  0	 31	  0	  0	  0	  0	  0	  0	  0	  0	  0	  0	  0	  5	21810	  0
05/07/2018	13:20:15	->	L	00000000	 30	 81	 44	 17	  0	  2	  0	  4	  4	  4	  4	  4	  4	  4	  4	  0	  0	  0	  0	  0	  0	  0	  0	  0	  0	  0	  0	  0	  0	  0	  0	  0	  0	  0	  0	  0	  0	  0	  0	 81	 44	 15	 77	  0	 17	  0	  0	  0	  0	  0	  0	  0	  0	  0	  0	  0	  5	20545	  1
05/07/2018	13:25:15	->	L	00000000	 30	 80	 45	 18	  0	  7	  0	  4	  4	  4	  4	  4	  4	  4	  4	  0	  0	  0	  0	  0	  0	  0	  0	  0	  0	  0	  0	  0	  0	  0	  0	  0	  0	  0	  0	  0	  0	  0	  0	 76	 45	 19	 80	  0	 17	  0	  0	  0	  0	  0	  0	  0	  0	  0	  0	  0	  5	20545	  1
05/07/2018	13:30:15	->	L	00000000	 30	 81	 50	 20	  0	 12	  0	  4	  4	  4	  4	  4	  4	  4	  4	  0	  0	  0	  0	  0	  0	  0	  0	  0	  0	  0	  0	  0	  0	  0	  0	  0	  0	  0	  0	  0	  0	  0	  0	 77	 50	 24	 81	  0	 21	  0	  0	  0	  0	  0	  0	  0	  0	  0	  0	  0	  5	20545	  1
05/07/2018	13:35:16	->	L	00000000	 30	 80	 58	 31	  0	 17	  0	  4	  4	  4	  4	  4	  4	  4	  4	  0	  0	  0	  0	  0	  0	  0	  0	  0	  0	  0	  0	  0	  0	  0	  0	  0	  0	  0	  0	  0	  0	  0	  0	 79	 58	 34	 80	  0	 33	  0	  0	  0	  0	  0	  0	  0	  0	  0	  0	  0	  5	20545	  1
05/07/2018	13:40:16	->	L	00000000	 30	 83	 62	 38	  0	 22	  0	  4	  4	  4	  4	  4	  4	  4	  4	  0	  0	  0	  0	  0	  0	  0	  0	  0	  0	  0	  0	  0	  0	  0	  0	  0	  0	  0	  0	  0	  0	  0	  0	 80	 62	 42	 83	  0	 36	  0	  0	  0	  0	  0	  0	  0	  0	  0	  0	  0	  5	20545	  1
05/07/2018	13:45:16	->	L	00000000	 30	 81	 61	 36	  0	 27	  0	  4	  4	  4	  4	  4	  4	  4	  4	  0	  0	  0	  0	  0	  0	  0	  0	  0	  0	  0	  0	  0	  0	  0	  0	  0	  0	  0	  0	  0	  0	  0	  0	 80	 61	 40	 81	  0	 38	  0	  0	  0	  0	  0	  0	  0	  0	  0	  0	  0	  5	20545	  1
05/07/2018	13:50:16	->	L	00000000	 30	 82	 63	 40	  0	 32	  0	  4	  4	  4	  4	  4	  4	  4	  4	  0	  0	  0	  0	  0	  0	  0	  0	  0	  0	  0	  0	  0	  0	  0	  0	  0	  0	  0	  0	  0	  0	  0	  0	 80	 63	 43	 82	  0	 40	  0	  0	  0	  0	  0	  0	  0	  0	  0	  0	  0	  5	20545	  1
05/07/2018	13:55:16	->	L	00000000	 30	 82	 62	 39	  0	 37	  0	  4	  4	  4	  4	  4	  4	  4	  4	  0	  0	  0	  0	  0	  0	  0	  0	  0	  0	  0	  0	  0	  0	  0	  0	  0	  0	  0	  0	  0	  0	  0	  0	 81	 62	 40	 82	  0	 38	  0	  0	  0	  0	  0	  0	  0	  0	  0	  0	  0	  5	20545	  1
05/07/2018	14:00:16	->	L	00000000	 30	 84	 63	 36	  0	 42	  0	  4	  4	  4	  4	  4	  4	  4	  4	  0	  0	  0	  0	  0	  0	  0	  0	  0	  0	  0	  0	  0	  0	  0	  0	  0	  0	  0	  0	  0	  0	  0	  0	 81	 63	 43	 84	  0	 36	  0	  0	  0	  0	  0	  0	  0	  0	  0	  0	  0	  5	20545	  1
05/07/2018	14:05:16	->	L	00000000	 30	 83	 64	 39	  0	 47	  0	  4	  4	  4	  4	  4	  4	  4	  4	  0	  0	  0	  0	  0	  0	  0	  0	  0	  0	  0	  0	  0	  0	  0	  0	  0	  0	  0	  0	  0	  0	  0	  0	 81	 64	 44	 83	  0	 41	  0	  0	  0	  0	  0	  0	  0	  0	  0	  0	  0	  5	20545	  1
05/07/2018	14:10:16	->	L	00000000	 30	 82	 65	 47	  0	 52	  0	  4	  4	  4	  4	  4	  4	  4	  4	  0	  0	  0	  0	  0	  0	  0	  0	  0	  0	  0	  0	  0	  0	  0	  0	  0	  0	  0	  0	  0	  0	  0	  0	 82	 65	 45	 82	  0	 45	  0	  0	  0	  0	  0	  0	  0	  0	  0	  0	  0	  5	20545	  1
05/07/2018	14:15:16	->	L	00000000	 30	 84	 64	 41	  0	 57	  0	  4	  4	  4	  4	  4	  4	  4	  4	  0	  0	  0	  0	  0	  0	  0	  0	  0	  0	  0	  0	  0	  0	  0	  0	  0	  0	  0	  0	  0	  0	  0	  0	 82	 64	 43	 84	  0	 39	  0	  0	  0	  0	  0	  0	  0	  0	  0	  0	  0	  5	20545	  1
05/07/2018	14:20:16	->	L	00000000	 30	 83	 64	 39	  0	 62	  0	  4	  4	  4	  4	  4	  4	  4	  4	  0	  0	  0	  0	  0	  0	  0	  0	  0	  0	  0	  0	  0	  0	  0	  0	  0	  0	  0	  0	  0	  0	  0	  0	 82	 64	 43	 83	  0	 41	  0	  0	  0	  0	  0	  0	  0	  0	  0	  0	  0	  5	20545	  1
05/07/2018	14:25:16	->	L	00000000	 30	 84	 66	 44	  0	 67	  0	  4	  4	  4	  4	  4	  4	  4	  4	  0	  0	  0	  0	  0	  0	  0	  0	  0	  0	  0	  0	  0	  0	  0	  0	  0	  0	  0	  0	  0	  0	  0	  0	 82	 66	 48	 84	  0	 44	  0	  0	  0	  0	  0	  0	  0	  0	  0	  0	  0	  5	20545	  1
05/07/2018	14:30:16	->	L	00000000	 30	 83	 64	 41	  0	 72	  0	  4	  4	  4	  4	  4	  4	  4	  4	  0	  0	  0	  0	  0	  0	  0	  0	  0	  0	  0	  0	  0	  0	  0	  0	  0	  0	  0	  0	  0	  0	  0	  0	 82	 64	 43	 83	  0	 41	  0	  0	  0	  0	  0	  0	  0	  0	  0	  0	  0	  5	20550	  1
05/07/2018	14:35:16	->	L	00000000	 30	 84	 69	 49	  0	 77	  0	  4	  4	  4	  4	  4	  4	  4	  4	  0	  0	  0	  0	  0	  0	  0	  0	  0	  0	  0	  0	  0	  0	  0	  0	  0	  0	  0	  0	  0	  0	  0	  0	 84	 69	 51	 84	  0	 51	  0	  0	  0	  0	  0	  0	  0	  0	  0	  0	  0	  5	20550	  1
05/07/2018	14:40:17	->	L	00000000	 30	 84	 68	 46	  0	 82	  0	  4	  4	  4	  4	  4	  4	  4	  4	  0	  0	  0	  0	  0	  0	  0	  0	  0	  0	  0	  0	  0	  0	  0	  0	  0	  0	  0	  0	  0	  0	  0	  0	 83	 68	 51	 84	  0	 49	  0	  0	  0	  0	  0	  0	  0	  0	  0	  0	  0	  5	20550	  1
05/07/2018	14:45:17	->	L	00000000	 30	 84	 68	 46	  0	 87	  0	  4	  4	  4	  4	  4	  4	  4	  4	  0	  0	  0	  0	  0	  0	  0	  0	  0	  0	  0	  0	  0	  0	  0	  0	  0	  0	  0	  0	  0	  0	  0	  0	 84	 68	 49	 84	  0	 49	  0	  0	  0	  0	  0	  0	  0	  0	  0	  0	  0	  5	20550	  1
05/07/2018	14:50:16	->	L	00000000	 30	 85	 68	 44	  0	 92	  0	  4	  4	  4	  4	  4	  4	  4	  4	  0	  0	  0	  0	  0	  0	  0	  0	  0	  0	  0	  0	  0	  0	  0	  0	  0	  0	  0	  0	  0	  0	  0	  0	 84	 68	 49	 85	  0	 46	  0	  0	  0	  0	  0	  0	  0	  0	  0	  0	  0	  5	20550	  1
05/07/2018	14:55:17	->	L	00000000	 30	 85	 68	 47	  0	 97	  0	  4	  4	  4	  4	  4	  4	  4	  4	  0	  0	  0	  0	  0	  0	  0	  0	  0	  0	  0	  0	  0	  0	  0	  0	  0	  0	  0	  0	  0	  0	  0	  0	 84	 68	 49	 85	  0	 46	  0	  0	  0	  0	  0	  0	  0	  0	  0	  0	  0	  5	20550	  1
05/07/2018	15:00:17	->	L	00000000	 30	 85	 68	 46	  0	102	  0	  4	  4	  4	  4	  4	  4	  4	  4	  0	  0	  0	  0	  0	  0	  0	  0	  0	  0	  0	  0	  0	  0	  0	  0	  0	  0	  0	  0	  0	  0	  0	  0	 84	 68	 49	 85	  0	 46	  0	  0	  0	  0	  0	  0	  0	  0	  0	  0	  0	  5	20550	  1
05/07/2018	15:05:17	->	L	00000000	 30	 86	 66	 46	  0	107	  0	  4	  4	  4	  4	  4	  4	  4	  4	  0	  0	  0	  0	  0	  0	  0	  0	  0	  0	  0	  0	  0	  0	  0	  0	  0	  0	  0	  0	  0	  0	  0	  0	 84	 66	 44	 86	  0	 40	  0	  0	  0	  0	  0	  0	  0	  0	  0	  0	  0	  5	20550	  1
05/07/2018	15:10:17	->	L	00000000	 30	 85	 66	 40	  0	112	  0	  4	  4	  4	  4	  4	  4	  4	  4	  0	  0	  0	  0	  0	  0	  0	  0	  0	  0	  0	  0	  0	  0	  0	  0	  0	  0	  0	  0	  0	  0	  0	  0	 84	 66	 44	 85	  0	 42	  0	  0	  0	  0	  0	  0	  0	  0	  0	  0	  0	  5	20550	  1
