17/04/2018	19:04:28	<-	L	00000000	 10	 21	 22	100	  0	  4	  0	  5	  5	  5	  5	  5	  5	  5	  5	  0	  0	  0	  0	  0	  0	  0	  0	  0	  0	  0	  0	  0	  0	  0	  0	  0	  0	  0	  0	  0	  0	  0	  0	 21	 22	100	 20	  0	100	  0	  0	  0	  0	  0	  0	  0	  0	  0	  0	  0	  5	6425	  1
17/04/2018	19:09:28	<-	L	00000000	 10	 31	 22	 56	  0	  9	  0	  5	  5	  5	  5	  5	  5	  5	  5	  0	  0	  0	  0	  0	  0	  0	  0	  0	  0	  0	  0	  0	  0	  0	  0	  0	  0	  0	  0	  0	  0	  0	  0	 31	 22	 53	 24	  0	 88	  0	  0	  0	  0	  0	  0	  0	  0	  0	  0	  0	  5	6682	  1
17/04/2018	19:14:28	<-	L	00000000	 10	 31	 24	 57	  0	 14	  0	  5	  5	  5	  5	  5	  5	  5	  5	  0	  0	  0	  0	  0	  0	  0	  0	  0	  0	  0	  0	  0	  0	  0	  0	  0	  0	  0	  0	  0	  0	  0	  0	 31	 24	 61	 26	  0	 88	  0	  0	  0	  0	  0	  0	  0	  0	  0	  0	  0	  5	6682	  1
17/04/2018	19:19:28	<-	L	00000000	 10	 27	 24	 77	  0	 19	  0	  5	  5	  5	  5	  5	  5	  5	  5	  0	  0	  0	  0	  0	  0	  0	  0	  0	  0	  0	  0	  0	  0	  0	  0	  0	  0	  0	  0	  0	  0	  0	  0	 27	 24	 77	 24	  0	100	  0	  0	  0	  0	  0	  0	  0	  0	  0	  0	  0	  5	6939	  1
17/04/2018	19:24:28	<-	L	00000000	 10	 27	 25	 88	  0	 24	  0	  5	  5	  5	  5	  5	  5	  5	  5	  0	  0	  0	  0	  0	  0	  0	  0	  0	  0	  0	  0	  0	  0	  0	  0	  0	  0	  0	  0	  0	  0	  0	  0	 27	 25	 88	 24	  0	100	  0	  0	  0	  0	  0	  0	  0	  0	  0	  0	  0	  5	7196	  1
17/04/2018	19:29:29	<-	L	00000000	 10	 33	 26	 62	  0	 29	  0	  5	  5	  5	  5	  5	  5	  5	  5	  0	  0	  0	  0	  0	  0	  0	  0	  0	  0	  0	  0	  0	  0	  0	  0	  0	  0	  0	  0	  0	  0	  0	  0	 33	 26	 62	 28	  0	 88	  0	  0	  0	  0	  0	  0	  0	  0	  0	  0	  0	  5	7196	  1
17/04/2018	19:34:28	<-	L	00000000	 10	 33	 27	 67	  0	 34	  0	  5	  5	  5	  5	  5	  5	  5	  5	  0	  0	  0	  0	  0	  0	  0	  0	  0	  0	  0	  0	  0	  0	  0	  0	  0	  0	  0	  0	  0	  0	  0	  0	 33	 27	 67	 28	  0	 93	  0	  0	  0	  0	  0	  0	  0	  0	  0	  0	  0	  5	7453	  1
17/04/2018	19:39:28	<-	L	00000000	 10	 32	 28	 74	  0	 39	  0	  5	  4	  4	  4	  5	  5	  5	  5	  0	  0	  0	  0	  0	  0	  0	  0	  0	  0	  0	  0	  0	  0	  0	  0	  0	  0	  0	  0	  0	  0	  0	  0	 32	 28	 77	 29	  0	 93	  0	  0	  0	  0	  0	  0	  0	  0	  0	  0	  0	  5	7453	  1
17/04/2018	19:44:28	<-	L	00000000	 10	 31	 28	 83	  0	 44	  0	  4	  4	  4	  4	  5	  5	  5	  4	  0	  0	  0	  0	  0	  0	  0	  0	  0	  0	  0	  0	  0	  0	  0	  0	  0	  0	  0	  0	  0	  0	  0	  0	 31	 28	 83	 28	  0	100	  0	  0	  0	  0	  0	  0	  0	  0	  0	  0	  0	  5	7710	  1
17/04/2018	19:49:28	<-	L	00000000	 10	 30	 28	 83	  0	 49	  0	  4	  4	  4	  5	  5	  5	  5	  4	  0	  0	  0	  0	  0	  0	  0	  0	  0	  0	  0	  0	  0	  0	  0	  0	  0	  0	  0	  0	  0	  0	  0	  0	 30	 28	 88	 29	  0	 93	  0	  0	  0	  0	  0	  0	  0	  0	  0	  0	  0	  5	7967	  1
17/04/2018	19:54:28	<-	L	00000000	 10	 30	 28	 88	  0	 54	  0	  4	  4	  4	  4	  4	  4	  4	  4	  0	  0	  0	  0	  0	  0	  0	  0	  0	  0	  0	  0	  0	  0	  0	  0	  0	  0	  0	  0	  0	  0	  0	  0	 30	 28	 88	 29	  0	 93	  0	  0	  0	  0	  0	  0	  0	  0	  0	  0	  0	  5	7967	  1
17/04/2018	19:59:28	<-	L	00000000	 10	 31	 29	 88	  0	 59	  0	  4	  4	  4	  4	  4	  4	  4	  4	  0	  0	  0	  0	  0	  0	  0	  0	  0	  0	  0	  0	  0	  0	  0	  0	  0	  0	  0	  0	  0	  0	  0	  0	 31	 29	 88	 30	  0	 93	  0	  0	  0	  0	  0	  0	  0	  0	  0	  0	  0	  5	8224	  1
17/04/2018	20:04:29	<-	L	00000000	 10	 37	 30	 75	  0	 64	  0	  4	  4	  4	  4	  4	  4	  4	  4	  0	  0	  0	  0	  0	  0	  0	  0	  0	  0	  0	  0	  0	  0	  0	  0	  0	  0	  0	  0	  0	  0	  0	  0	 37	 30	 63	 32	  0	 88	  0	  0	  0	  0	  0	  0	  0	  0	  0	  0	  0	  5	8481	  1
17/04/2018	20:09:29	<-	L	00000000	 10	 36	 31	 83	  0	 69	  0	  4	  4	  4	  4	  4	  4	  4	  4	  0	  0	  0	  0	  0	  0	  0	  0	  0	  0	  0	  0	  0	  0	  0	  0	  0	  0	  0	  0	  0	  0	  0	  0	 36	 31	 75	 32	  0	 93	  0	  0	  0	  0	  0	  0	  0	  0	  0	  0	  0	  5	8481	  1
17/04/2018	20:14:29	<-	L	00000000	 10	 39	 32	 63	  0	 74	  0	  4	  4	  4	  4	  4	  4	  4	  4	  0	  0	  0	  0	  0	  0	  0	  0	  0	  0	  0	  0	  0	  0	  0	  0	  0	  0	  0	  0	  0	  0	  0	  0	 39	 32	 63	 35	  0	 83	  0	  0	  0	  0	  0	  0	  0	  0	  0	  0	  0	  5	8738	  1
17/04/2018	20:19:29	<-	L	00000000	 10	 40	 33	 68	  0	 79	  0	  4	  4	  4	  4	  4	  4	  4	  4	  0	  0	  0	  0	  0	  0	  0	  0	  0	  0	  0	  0	  0	  0	  0	  0	  0	  0	  0	  0	  0	  0	  0	  0	 40	 33	 64	 36	  0	 83	  0	  0	  0	  0	  0	  0	  0	  0	  0	  0	  0	  5	8995	  1
17/04/2018	20:24:29	<-	L	00000000	 10	 41	 34	 64	  0	 84	  0	  4	  4	  4	  4	  4	  4	  4	  4	  0	  0	  0	  0	  0	  0	  0	  0	  0	  0	  0	  0	  0	  0	  0	  0	  0	  0	  0	  0	  0	  0	  0	  0	 41	 34	 64	 36	  0	 89	  0	  0	  0	  0	  0	  0	  0	  0	  0	  0	  0	  5	8995	  1
17/04/2018	20:29:29	<-	L	00000000	 10	 42	 35	 60	  0	 89	  0	  4	  4	  4	  4	  4	  4	  4	  4	  0	  0	  0	  0	  0	  0	  0	  0	  0	  0	  0	  0	  0	  0	  0	  0	  0	  0	  0	  0	  0	  0	  0	  0	 42	 35	 64	 37	  0	 89	  0	  0	  0	  0	  0	  0	  0	  0	  0	  0	  0	  5	9252	  1
17/04/2018	20:34:30	<-	L	00000000	 10	 40	 34	 75	  0	 94	  0	  4	  4	  4	  4	  4	  4	  4	  4	  0	  0	  0	  0	  0	  0	  0	  0	  0	  0	  0	  0	  0	  0	  0	  0	  0	  0	  0	  0	  0	  0	  0	  0	 40	 34	 68	 36	  0	 89	  0	  0	  0	  0	  0	  0	  0	  0	  0	  0	  0	  5	9252	  1
17/04/2018	20:39:29	<-	L	00000000	 10	 42	 35	 68	  0	 99	  0	  4	  4	  4	  4	  4	  4	  4	  4	  0	  0	  0	  0	  0	  0	  0	  0	  0	  0	  0	  0	  0	  0	  0	  0	  0	  0	  0	  0	  0	  0	  0	  0	 42	 35	 64	 37	  0	 89	  0	  0	  0	  0	  0	  0	  0	  0	  0	  0	  0	  5	9509	  1
17/04/2018	20:44:29	<-	L	00000000	 10	 42	 36	 78	  0	104	  0	  4	  4	  4	  4	  4	  4	  4	  4	  0	  0	  0	  0	  0	  0	  0	  0	  0	  0	  0	  0	  0	  0	  0	  0	  0	  0	  0	  0	  0	  0	  0	  0	 42	 36	 69	 38	  0	 89	  0	  0	  0	  0	  0	  0	  0	  0	  0	  0	  0	  5	9766	  1
17/04/2018	20:49:29	<-	L	00000000	 10	 38	 36	 94	  0	109	  0	  4	  4	  4	  4	  4	  4	  4	  4	  0	  0	  0	  0	  0	  0	  0	  0	  0	  0	  0	  0	  0	  0	  0	  0	  0	  0	  0	  0	  0	  0	  0	  0	 38	 36	 89	 37	  0	 94	  0	  0	  0	  0	  0	  0	  0	  0	  0	  0	  0	  5	9766	  1
17/04/2018	20:54:29	<-	L	00000000	 10	 39	 37	 89	  0	114	  0	  4	  4	  4	  4	  4	  4	  4	  4	  0	  0	  0	  0	  0	  0	  0	  0	  0	  0	  0	  0	  0	  0	  0	  0	  0	  0	  0	  0	  0	  0	  0	  0	 39	 37	 89	 38	  0	 94	  0	  0	  0	  0	  0	  0	  0	  0	  0	  0	  0	  5	10023	  1
17/04/2018	20:59:29	<-	L	00000000	 10	 40	 38	 89	  0	119	  0	  4	  4	  4	  4	  4	  4	  4	  4	  0	  0	  0	  0	  0	  0	  0	  0	  0	  0	  0	  0	  0	  0	  0	  0	  0	  0	  0	  0	  0	  0	  0	  0	 40	 38	 89	 39	  0	 94	  0	  0	  0	  0	  0	  0	  0	  0	  0	  0	  0	  5	10280	  1
17/04/2018	21:04:29	<-	L	00000000	 10	 41	 39	 89	  0	124	  0	  4	  4	  4	  4	  4	  4	  4	  4	  0	  0	  0	  0	  0	  0	  0	  0	  0	  0	  0	  0	  0	  0	  0	  0	  0	  0	  0	  0	  0	  0	  0	  0	 41	 39	 89	 40	  0	 94	  0	  0	  0	  0	  0	  0	  0	  0	  0	  0	  0	  5	10280	  1
17/04/2018	21:09:29	<-	L	00000000	 10	 43	 40	 79	  0	129	  0	  4	  4	  4	  4	  4	  4	  4	  4	  0	  0	  0	  0	  0	  0	  0	  0	  0	  0	  0	  0	  0	  0	  0	  0	  0	  0	  0	  0	  0	  0	  0	  0	 43	 40	 84	 41	  0	 94	  0	  0	  0	  0	  0	  0	  0	  0	  0	  0	  0	  5	10537	  1
17/04/2018	21:14:29	<-	L	00000000	 10	 46	 41	 70	  0	134	  0	  4	  4	  4	  4	  4	  4	  4	  4	  0	  0	  0	  0	  0	  0	  0	  0	  0	  0	  0	  0	  0	  0	  0	  0	  0	  0	  0	  0	  0	  0	  0	  0	 46	 41	 76	 43	  0	 89	  0	  0	  0	  0	  0	  0	  0	  0	  0	  0	  0	  5	10794	  1
17/04/2018	21:19:30	<-	L	00000000	 10	 47	 41	 70	  0	139	  0	  4	  4	  4	  4	  4	  4	  4	  4	  0	  0	  0	  0	  0	  0	  0	  0	  0	  0	  0	  0	  0	  0	  0	  0	  0	  0	  0	  0	  0	  0	  0	  0	 47	 41	 70	 44	  0	 84	  0	  0	  0	  0	  0	  0	  0	  0	  0	  0	  0	  5	10794	  1
17/04/2018	21:24:30	<-	L	00000000	 10	 49	 42	 66	  0	144	  0	  4	  4	  4	  4	  4	  4	  4	  4	  0	  0	  0	  0	  0	  0	  0	  0	  0	  0	  0	  0	  0	  0	  0	  0	  0	  0	  0	  0	  0	  0	  0	  0	 49	 42	 66	 45	  0	 84	  0	  0	  0	  0	  0	  0	  0	  0	  0	  0	  0	  5	11051	  1
17/04/2018	21:29:30	<-	L	00000000	 10	 42	 41	 94	  0	149	  0	  4	  4	  4	  4	  4	  4	  4	  4	  0	  0	  0	  0	  0	  0	  0	  0	  0	  0	  0	  0	  0	  0	  0	  0	  0	  0	  0	  0	  0	  0	  0	  0	 42	 41	 94	 42	  0	 94	  0	  0	  0	  0	  0	  0	  0	  0	  0	  0	  0	  5	11051	  1
17/04/2018	21:34:30	<-	L	00000000	 10	 44	 42	 89	  0	154	  0	  4	  4	  4	  4	  4	  4	  4	  4	  0	  0	  0	  0	  0	  0	  0	  0	  0	  0	  0	  0	  0	  0	  0	  0	  0	  0	  0	  0	  0	  0	  0	  0	 44	 42	 89	 43	  0	 94	  0	  0	  0	  0	  0	  0	  0	  0	  0	  0	  0	  5	11308	  1
17/04/2018	21:39:30	<-	L	00000000	 10	 46	 43	 79	  0	159	  0	  4	  4	  4	  4	  4	  4	  4	  4	  0	  0	  0	  0	  0	  0	  0	  0	  0	  0	  0	  0	  0	  0	  0	  0	  0	  0	  0	  0	  0	  0	  0	  0	 46	 43	 85	 44	  0	 94	  0	  0	  0	  0	  0	  0	  0	  0	  0	  0	  0	  5	11565	  1
17/04/2018	21:44:30	<-	L	00000000	 10	 48	 44	 79	  0	164	  0	  4	  4	  4	  4	  4	  4	  4	  4	  0	  0	  0	  0	  0	  0	  0	  0	  0	  0	  0	  0	  0	  0	  0	  0	  0	  0	  0	  0	  0	  0	  0	  0	 48	 44	 79	 45	  0	 94	  0	  0	  0	  0	  0	  0	  0	  0	  0	  0	  0	  5	11565	  1
17/04/2018	21:49:30	<-	L	00000000	 10	 49	 44	 79	  0	169	  0	  4	  4	  4	  4	  4	  4	  4	  4	  0	  0	  0	  0	  0	  0	  0	  0	  0	  0	  0	  0	  0	  0	  0	  0	  0	  0	  0	  0	  0	  0	  0	  0	 49	 44	 77	 46	  0	 89	  0	  0	  0	  0	  0	  0	  0	  0	  0	  0	  0	  5	11822	  1
17/04/2018	21:54:30	<-	L	00000000	 10	 53	 45	 63	  0	174	  0	  4	  4	  4	  4	  4	  4	  4	  4	  0	  0	  0	  0	  0	  0	  0	  0	  0	  0	  0	  0	  0	  0	  0	  0	  0	  0	  0	  0	  0	  0	  0	  0	 53	 45	 63	 48	  0	 85	  0	  0	  0	  0	  0	  0	  0	  0	  0	  0	  0	  5	12079	  1
17/04/2018	21:59:30	<-	L	00000000	 10	 52	 45	 70	  0	179	  0	  4	  4	  4	  4	  4	  4	  4	  4	  0	  0	  0	  0	  0	  0	  0	  0	  0	  0	  0	  0	  0	  0	  0	  0	  0	  0	  0	  0	  0	  0	  0	  0	 52	 45	 67	 48	  0	 85	  0	  0	  0	  0	  0	  0	  0	  0	  0	  0	  0	  5	12079	  1
17/04/2018	22:04:30	->	L	00000000	 10	 47	 46	 94	  0	184	  0	  4	  4	  4	  4	  4	  4	  4	  4	  0	  0	  0	  0	  0	  0	  0	  0	  0	  0	  0	  0	  0	  0	  0	  0	  0	  0	  0	  0	  0	  0	  0	  0	 47	 46	 94	 47	  0	 94	  0	  0	  0	  0	  0	  0	  0	  0	  0	  0	  0	  5	12336	  1
17/04/2018	22:19:30	->	L	00000000	 10	 47	 46	 94	  0	190	  0	  4	  4	  4	  4	  4	  4	  4	  4	  0	  0	  0	  0	  0	  0	  0	  0	  0	  0	  0	  0	  0	  0	  0	  0	  0	  0	  0	  0	  0	  0	  0	  0	 46	 46	100	 47	  0	 94	  0	  0	  0	  0	  0	  0	  0	  0	  0	  0	  0	  5	12593	  1
17/04/2018	22:24:31	->	L	00000000	 10	 49	 46	 85	  0	195	  0	  4	  4	  4	  4	  4	  4	  4	  4	  0	  0	  0	  0	  0	  0	  0	  0	  0	  0	  0	  0	  0	  0	  0	  0	  0	  0	  0	  0	  0	  0	  0	  0	 47	 46	 94	 49	  0	 85	  0	  0	  0	  0	  0	  0	  0	  0	  0	  0	  0	  5	12593	  1
17/04/2018	22:29:31	->	L	00000000	 10	 52	 47	 77	  0	200	  0	  4	  4	  4	  4	  4	  4	  4	  4	  0	  0	  0	  0	  0	  0	  0	  0	  0	  0	  0	  0	  0	  0	  0	  0	  0	  0	  0	  0	  0	  0	  0	  0	 48	 47	 94	 52	  0	 77	  0	  0	  0	  0	  0	  0	  0	  0	  0	  0	  0	  5	12850	  1
17/04/2018	22:34:31	->	L	00000000	 10	 52	 48	 80	  0	205	  0	  4	  4	  4	  4	  4	  4	  4	  4	  0	  0	  0	  0	  0	  0	  0	  0	  0	  0	  0	  0	  0	  0	  0	  0	  0	  0	  0	  0	  0	  0	  0	  0	 49	 48	 94	 52	  0	 80	  0	  0	  0	  0	  0	  0	  0	  0	  0	  0	  0	  5	13107	  1
17/04/2018	22:39:31	->	L	00000000	 10	 53	 49	 80	  0	210	  0	  4	  4	  4	  4	  4	  4	  4	  4	  0	  0	  0	  0	  0	  0	  0	  0	  0	  0	  0	  0	  0	  0	  0	  0	  0	  0	  0	  0	  0	  0	  0	  0	 50	 49	 94	 53	  0	 80	  0	  0	  0	  0	  0	  0	  0	  0	  0	  0	  0	  5	13107	  1
17/04/2018	22:44:31	->	L	00000000	 10	 54	 50	 77	  0	215	  0	  4	  4	  4	  4	  4	  4	  4	  4	  0	  0	  0	  0	  0	  0	  0	  0	  0	  0	  0	  0	  0	  0	  0	  0	  0	  0	  0	  0	  0	  0	  0	  0	 50	 50	100	 54	  0	 80	  0	  0	  0	  0	  0	  0	  0	  0	  0	  0	  0	  5	13364	  1
17/04/2018	22:49:31	->	L	00000000	 10	 55	 50	 77	  0	220	  0	  4	  4	  4	  4	  4	  4	  4	  4	  0	  0	  0	  0	  0	  0	  0	  0	  0	  0	  0	  0	  0	  0	  0	  0	  0	  0	  0	  0	  0	  0	  0	  0	 51	 50	 94	 55	  0	 77	  0	  0	  0	  0	  0	  0	  0	  0	  0	  0	  0	  5	13621	  1
17/04/2018	22:54:31	->	L	00000000	 10	 55	 51	 78	  0	225	  0	  4	  4	  4	  4	  4	  4	  4	  4	  0	  0	  0	  0	  0	  0	  0	  0	  0	  0	  0	  0	  0	  0	  0	  0	  0	  0	  0	  0	  0	  0	  0	  0	 52	 51	 94	 55	  0	 80	  0	  0	  0	  0	  0	  0	  0	  0	  0	  0	  0	  5	13621	  1
17/04/2018	22:59:31	->	L	00000000	 10	 55	 51	 80	  0	230	  0	  4	  4	  4	  4	  4	  4	  4	  4	  0	  0	  0	  0	  0	  0	  0	  0	  0	  0	  0	  0	  0	  0	  0	  0	  0	  0	  0	  0	  0	  0	  0	  0	 52	 51	 94	 55	  0	 80	  0	  0	  0	  0	  0	  0	  0	  0	  0	  0	  0	  5	13878	  1
17/04/2018	23:04:31	->	L	00000000	 10	 54	 51	 86	  0	235	  0	  4	  4	  4	  4	  4	  4	  4	  4	  0	  0	  0	  0	  0	  0	  0	  0	  0	  0	  0	  0	  0	  0	  0	  0	  0	  0	  0	  0	  0	  0	  0	  0	 52	 51	 94	 54	  0	 85	  0	  0	  0	  0	  0	  0	  0	  0	  0	  0	  0	  5	13878	  1
17/04/2018	23:09:31	->	L	00000000	 10	 54	 52	 86	  0	240	  0	  4	  4	  4	  4	  4	  4	  4	  4	  0	  0	  0	  0	  0	  0	  0	  0	  0	  0	  0	  0	  0	  0	  0	  0	  0	  0	  0	  0	  0	  0	  0	  0	 52	 52	100	 54	  0	 86	  0	  0	  0	  0	  0	  0	  0	  0	  0	  0	  0	  5	14135	  1
17/04/2018	23:14:31	->	L	00000000	 10	 55	 52	 86	  0	245	  0	  4	  4	  4	  4	  4	  4	  4	  4	  0	  0	  0	  0	  0	  0	  0	  0	  0	  0	  0	  0	  0	  0	  0	  0	  0	  0	  0	  0	  0	  0	  0	  0	 53	 52	 94	 55	  0	 86	  0	  0	  0	  0	  0	  0	  0	  0	  0	  0	  0	  5	14392	  1
17/04/2018	23:19:31	->	L	00000000	 10	 57	 53	 90	  0	250	  0	  4	  4	  4	  4	  4	  4	  4	  4	  0	  0	  0	  0	  0	  0	  0	  0	  0	  0	  0	  0	  0	  0	  0	  0	  0	  0	  0	  0	  0	  0	  0	  0	 54	 53	 94	 57	  0	 80	  0	  0	  0	  0	  0	  0	  0	  0	  0	  0	  0	  5	14392	  1
17/04/2018	23:24:31	->	L	00000000	 10	 63	 54	 58	  0	255	  0	  4	  4	  4	  4	  4	  4	  4	  4	  0	  0	  0	  0	  0	  0	  0	  0	  0	  0	  0	  0	  0	  0	  0	  0	  0	  0	  0	  0	  0	  0	  0	  0	 56	 54	 90	 63	  0	 62	  0	  0	  0	  0	  0	  0	  0	  0	  0	  0	  0	  5	14649	  1
17/04/2018	23:29:31	->	L	00000000	 10	 63	 54	 62	  0	260	  0	  4	  4	  4	  4	  4	  4	  4	  4	  0	  0	  0	  0	  0	  0	  0	  0	  0	  0	  0	  0	  0	  0	  0	  0	  0	  0	  0	  0	  0	  0	  0	  0	 56	 54	 90	 63	  0	 62	  0	  0	  0	  0	  0	  0	  0	  0	  0	  0	  0	  5	14906	  1
17/04/2018	23:34:31	->	L	00000000	 10	 60	 55	 72	  0	265	  0	  4	  4	  4	  4	  4	  4	  4	  4	  0	  0	  0	  0	  0	  0	  0	  0	  0	  0	  0	  0	  0	  0	  0	  0	  0	  0	  0	  0	  0	  0	  0	  0	 56	 55	 94	 60	  0	 78	  0	  0	  0	  0	  0	  0	  0	  0	  0	  0	  0	  5	14906	  1
17/04/2018	23:39:32	->	L	00000000	 10	 61	 55	 72	  0	270	  0	  4	  4	  4	  4	  4	  4	  4	  4	  0	  0	  0	  0	  0	  0	  0	  0	  0	  0	  0	  0	  0	  0	  0	  0	  0	  0	  0	  0	  0	  0	  0	  0	 56	 55	 94	 61	  0	 72	  0	  0	  0	  0	  0	  0	  0	  0	  0	  0	  0	  5	15163	  1
17/04/2018	23:44:32	->	L	00000000	 10	 59	 55	 81	  0	275	  0	  4	  4	  4	  4	  4	  4	  4	  4	  0	  0	  0	  0	  0	  0	  0	  0	  0	  0	  0	  0	  0	  0	  0	  0	  0	  0	  0	  0	  0	  0	  0	  0	 56	 55	 94	 59	  0	 81	  0	  0	  0	  0	  0	  0	  0	  0	  0	  0	  0	  5	15420	  1
17/04/2018	23:49:32	->	L	00000000	 10	 59	 56	 86	  0	280	  0	  4	  4	  4	  4	  4	  4	  4	  4	  0	  0	  0	  0	  0	  0	  0	  0	  0	  0	  0	  0	  0	  0	  0	  0	  0	  0	  0	  0	  0	  0	  0	  0	 57	 56	 94	 59	  0	 86	  0	  0	  0	  0	  0	  0	  0	  0	  0	  0	  0	  5	15420	  1
17/04/2018	23:54:32	->	L	00000000	 10	 65	 57	 73	  0	285	  0	  4	  4	  4	  4	  4	  4	  4	  4	  0	  0	  0	  0	  0	  0	  0	  0	  0	  0	  0	  0	  0	  0	  0	  0	  0	  0	  0	  0	  0	  0	  0	  0	 59	 57	 90	 65	  0	 66	  0	  0	  0	  0	  0	  0	  0	  0	  0	  0	  0	  5	15677	  1
17/04/2018	23:59:32	->	L	00000000	 10	 68	 57	 60	  0	290	  0	  4	  4	  4	  4	  4	  4	  4	  4	  0	  0	  0	  0	  0	  0	  0	  0	  0	  0	  0	  0	  0	  0	  0	  0	  0	  0	  0	  0	  0	  0	  0	  0	 60	 57	 86	 68	  0	 57	  0	  0	  0	  0	  0	  0	  0	  0	  0	  0	  0	  5	15677	  1
18/04/2018	00:04:32	->	L	00000000	 10	 66	 58	 63	  0	295	  0	  4	  4	  4	  4	  4	  4	  4	  4	  0	  0	  0	  0	  0	  0	  0	  0	  0	  0	  0	  0	  0	  0	  0	  0	  0	  0	  0	  0	  0	  0	  0	  0	 60	 58	 90	 66	  0	 66	  0	  0	  0	  0	  0	  0	  0	  0	  0	  0	  0	  5	15934	  1
18/04/2018	00:09:32	->	L	00000000	 10	 65	 58	 66	  0	300	  0	  4	  4	  4	  4	  4	  4	  4	  4	  0	  0	  0	  0	  0	  0	  0	  0	  0	  0	  0	  0	  0	  0	  0	  0	  0	  0	  0	  0	  0	  0	  0	  0	 60	 58	 90	 65	  0	 70	  0	  0	  0	  0	  0	  0	  0	  0	  0	  0	  0	  5	16191	  1
18/04/2018	00:14:32	->	L	00000000	 10	 62	 58	 79	  0	305	  0	  4	  4	  4	  4	  4	  4	  4	  4	  0	  0	  0	  0	  0	  0	  0	  0	  0	  0	  0	  0	  0	  0	  0	  0	  0	  0	  0	  0	  0	  0	  0	  0	 59	 58	 95	 62	  0	 81	  0	  0	  0	  0	  0	  0	  0	  0	  0	  0	  0	  5	16191	  1
18/04/2018	00:19:32	->	L	00000000	 10	 68	 59	 70	  0	310	  0	  4	  4	  4	  4	  4	  4	  4	  4	  0	  0	  0	  0	  0	  0	  0	  0	  0	  0	  0	  0	  0	  0	  0	  0	  0	  0	  0	  0	  0	  0	  0	  0	 61	 59	 90	 68	  0	 63	  0	  0	  0	  0	  0	  0	  0	  0	  0	  0	  0	  5	16448	  1
18/04/2018	00:24:33	->	L	00000000	 10	 68	 60	 67	  0	315	  0	  4	  4	  4	  4	  4	  4	  4	  4	  0	  0	  0	  0	  0	  0	  0	  0	  0	  0	  0	  0	  0	  0	  0	  0	  0	  0	  0	  0	  0	  0	  0	  0	 61	 60	 95	 68	  0	 67	  0	  0	  0	  0	  0	  0	  0	  0	  0	  0	  0	  5	16705	  1
18/04/2018	00:29:32	->	L	00000000	 10	 65	 60	 79	  0	320	  0	  4	  4	  4	  4	  4	  4	  4	  4	  0	  0	  0	  0	  0	  0	  0	  0	  0	  0	  0	  0	  0	  0	  0	  0	  0	  0	  0	  0	  0	  0	  0	  0	 61	 60	 95	 65	  0	 79	  0	  0	  0	  0	  0	  0	  0	  0	  0	  0	  0	  5	16705	  1
18/04/2018	00:34:32	->	L	00000000	 10	 66	 60	 79	  0	325	  0	  4	  4	  4	  4	  4	  4	  4	  4	  0	  0	  0	  0	  0	  0	  0	  0	  0	  0	  0	  0	  0	  0	  0	  0	  0	  0	  0	  0	  0	  0	  0	  0	 62	 60	 95	 66	  0	 79	  0	  0	  0	  0	  0	  0	  0	  0	  0	  0	  0	  5	16962	  1
18/04/2018	00:39:32	->	L	00000000	 10	 72	 61	 58	  0	330	  0	  4	  4	  4	  4	  4	  4	  4	  4	  0	  0	  0	  0	  0	  0	  0	  0	  0	  0	  0	  0	  0	  0	  0	  0	  0	  0	  0	  0	  0	  0	  0	  0	 63	 61	 90	 72	  0	 58	  0	  0	  0	  0	  0	  0	  0	  0	  0	  0	  0	  5	17219	  1
18/04/2018	00:44:33	->	L	00000000	 10	 67	 61	 71	  0	335	  0	  4	  4	  4	  4	  4	  4	  4	  4	  0	  0	  0	  0	  0	  0	  0	  0	  0	  0	  0	  0	  0	  0	  0	  0	  0	  0	  0	  0	  0	  0	  0	  0	 63	 61	 90	 67	  0	 74	  0	  0	  0	  0	  0	  0	  0	  0	  0	  0	  0	  5	17219	  1
18/04/2018	00:49:33	->	L	00000000	 10	 68	 61	 74	  0	340	  0	  4	  4	  4	  4	  4	  4	  4	  4	  0	  0	  0	  0	  0	  0	  0	  0	  0	  0	  0	  0	  0	  0	  0	  0	  0	  0	  0	  0	  0	  0	  0	  0	 64	 61	 90	 70	  0	 71	  0	  0	  0	  0	  0	  0	  0	  0	  0	  0	  0	  5	17476	  1
18/04/2018	00:54:33	->	L	00000000	 10	 72	 62	 61	  0	345	  0	  4	  4	  4	  4	  4	  4	  4	  4	  0	  0	  0	  0	  0	  0	  0	  0	  0	  0	  0	  0	  0	  0	  0	  0	  0	  0	  0	  0	  0	  0	  0	  0	 64	 62	 90	 72	  0	 61	  0	  0	  0	  0	  0	  0	  0	  0	  0	  0	  0	  5	17476	  1
18/04/2018	00:59:33	->	L	00000000	 10	 67	 62	 79	  0	350	  0	  4	  4	  4	  4	  4	  4	  4	  4	  0	  0	  0	  0	  0	  0	  0	  0	  0	  0	  0	  0	  0	  0	  0	  0	  0	  0	  0	  0	  0	  0	  0	  0	 63	 62	 95	 67	  0	 79	  0	  0	  0	  0	  0	  0	  0	  0	  0	  0	  0	  5	17733	  1
18/04/2018	01:04:33	->	L	00000000	 10	 74	 63	 61	  0	355	  0	  4	  4	  4	  4	  4	  4	  4	  4	  0	  0	  0	  0	  0	  0	  0	  0	  0	  0	  0	  0	  0	  0	  0	  0	  0	  0	  0	  0	  0	  0	  0	  0	 65	 63	 90	 74	  0	 58	  0	  0	  0	  0	  0	  0	  0	  0	  0	  0	  0	  5	17990	  1
18/04/2018	01:09:33	->	L	00000000	 10	 68	 63	 74	  0	360	  0	  4	  4	  4	  4	  4	  4	  4	  4	  0	  0	  0	  0	  0	  0	  0	  0	  0	  0	  0	  0	  0	  0	  0	  0	  0	  0	  0	  0	  0	  0	  0	  0	 64	 63	 95	 68	  0	 79	  0	  0	  0	  0	  0	  0	  0	  0	  0	  0	  0	  5	17990	  1
18/04/2018	01:14:33	->	L	00000000	 21	 79	 64	 49	  0	  4	  0	  4	  4	  4	  4	  4	  4	  4	  4	  0	  0	  0	  0	  0	  0	  0	  0	  0	  0	  0	  0	  0	  0	  0	  0	  0	  0	  0	  0	  0	  0	  0	  0	 68	 64	 82	 80	  0	 49	  0	  0	  0	  0	  0	  0	  0	  0	  0	  0	  0	  5	23115	  0
18/04/2018	01:19:33	->	L	00000000	 21	 80	 65	 50	  0	  9	  0	  4	  4	  4	  4	  4	  4	  4	  4	  0	  0	  0	  0	  0	  0	  0	  0	  0	  0	  0	  0	  0	  0	  0	  0	  0	  0	  0	  0	  0	  0	  0	  0	 69	 65	 82	 80	  0	 50	  0	  0	  0	  0	  0	  0	  0	  0	  0	  0	  0	  5	23115	  0
18/04/2018	01:24:33	->	L	00000000	 21	 81	 66	 50	  0	 14	  0	  4	  4	  4	  4	  4	  4	  4	  4	  0	  0	  0	  0	  0	  0	  0	  0	  0	  0	  0	  0	  0	  0	  0	  0	  0	  0	  0	  0	  0	  0	  0	  0	 69	 66	 87	 81	  0	 50	  0	  0	  0	  0	  0	  0	  0	  0	  0	  0	  0	  5	23115	  0
18/04/2018	01:29:33	->	L	00000000	 21	 81	 66	 50	  0	 19	  0	  4	  4	  4	  4	  4	  4	  4	  4	  0	  0	  0	  0	  0	  0	  0	  0	  0	  0	  0	  0	  0	  0	  0	  0	  0	  0	  0	  0	  0	  0	  0	  0	 70	 66	 82	 81	  0	 50	  0	  0	  0	  0	  0	  0	  0	  0	  0	  0	  0	  5	23115	  0
18/04/2018	01:34:34	->	L	00000000	 21	 81	 67	 52	  0	 24	  0	  4	  4	  4	  4	  4	  4	  4	  4	  0	  0	  0	  0	  0	  0	  0	  0	  0	  0	  0	  0	  0	  0	  0	  0	  0	  0	  0	  0	  0	  0	  0	  0	 70	 67	 87	 81	  0	 52	  0	  0	  0	  0	  0	  0	  0	  0	  0	  0	  0	  5	23115	  0
18/04/2018	01:39:34	->	L	00000000	 21	 81	 67	 52	  0	 29	  0	  4	  4	  4	  4	  4	  4	  4	  4	  0	  0	  0	  0	  0	  0	  0	  0	  0	  0	  0	  0	  0	  0	  0	  0	  0	  0	  0	  0	  0	  0	  0	  0	 71	 67	 82	 81	  0	 52	  0	  0	  0	  0	  0	  0	  0	  0	  0	  0	  0	  5	23115	  0
18/04/2018	01:44:33	->	L	00000000	 21	 80	 68	 58	  0	 34	  0	  4	  4	  4	  4	  4	  4	  4	  4	  0	  0	  0	  0	  0	  0	  0	  0	  0	  0	  0	  0	  0	  0	  0	  0	  0	  0	  0	  0	  0	  0	  0	  0	 71	 68	 87	 80	  0	 58	  0	  0	  0	  0	  0	  0	  0	  0	  0	  0	  0	  5	20555	  0
18/04/2018	01:49:33	->	L	00000000	 21	 79	 67	 60	  0	 39	  0	  4	  4	  4	  4	  4	  4	  4	  4	  0	  0	  0	  0	  0	  0	  0	  0	  0	  0	  0	  0	  0	  0	  0	  0	  0	  0	  0	  0	  0	  0	  0	  0	 70	 67	 87	 79	  0	 57	  0	  0	  0	  0	  0	  0	  0	  0	  0	  0	  0	  5	20555	  0
18/04/2018	01:54:33	->	L	00000000	 21	 79	 68	 58	  0	 44	  0	  4	  4	  4	  4	  4	  4	  4	  4	  0	  0	  0	  0	  0	  0	  0	  0	  0	  0	  0	  0	  0	  0	  0	  0	  0	  0	  0	  0	  0	  0	  0	  0	 71	 68	 87	 79	  0	 60	  0	  0	  0	  0	  0	  0	  0	  0	  0	  0	  0	  5	20555	  0
18/04/2018	01:59:33	->	L	00000000	 21	 80	 68	 58	  0	 49	  0	  4	  4	  4	  4	  4	  4	  4	  4	  0	  0	  0	  0	  0	  0	  0	  0	  0	  0	  0	  0	  0	  0	  0	  0	  0	  0	  0	  0	  0	  0	  0	  0	 71	 68	 87	 80	  0	 58	  0	  0	  0	  0	  0	  0	  0	  0	  0	  0	  0	  5	20555	  0
18/04/2018	02:04:33	->	L	00000000	 21	 78	 68	 63	  0	 54	  0	  4	  4	  4	  4	  4	  4	  4	  4	  0	  0	  0	  0	  0	  0	  0	  0	  0	  0	  0	  0	  0	  0	  0	  0	  0	  0	  0	  0	  0	  0	  0	  0	 70	 68	 91	 78	  0	 63	  0	  0	  0	  0	  0	  0	  0	  0	  0	  0	  0	  5	20555	  0
18/04/2018	02:09:34	->	L	00000000	 21	 80	 68	 58	  0	 59	  0	  4	  4	  4	  4	  4	  4	  4	  4	  0	  0	  0	  0	  0	  0	  0	  0	  0	  0	  0	  0	  0	  0	  0	  0	  0	  0	  0	  0	  0	  0	  0	  0	 71	 68	 87	 80	  0	 58	  0	  0	  0	  0	  0	  0	  0	  0	  0	  0	  0	  5	20555	  0
18/04/2018	02:14:34	<-	L	00000000	 21	 75	 68	 72	  0	 64	  0	  4	  4	  4	  4	  4	  4	  4	  4	  0	  0	  0	  0	  0	  0	  0	  0	  0	  0	  0	  0	  0	  0	  0	  0	  0	  0	  0	  0	  0	  0	  0	  0	 75	 68	 72	 73	  0	 80	  0	  0	  0	  0	  0	  0	  0	  0	  0	  0	  0	  5	20555	  0
18/04/2018	02:19:35	<-	L	00000000	 21	 78	 69	 66	  0	 69	  0	  4	  4	  4	  4	  4	  4	  4	  4	  0	  0	  0	  0	  0	  0	  0	  0	  0	  0	  0	  0	  0	  0	  0	  0	  0	  0	  0	  0	  0	  0	  0	  0	 78	 69	 66	 74	  0	 80	  0	  0	  0	  0	  0	  0	  0	  0	  0	  0	  0	  5	20555	  0
18/04/2018	02:24:34	<-	L	00000000	 21	 80	 70	 63	  0	 74	  0	  4	  4	  4	  4	  4	  4	  4	  4	  0	  0	  0	  0	  0	  0	  0	  0	  0	  0	  0	  0	  0	  0	  0	  0	  0	  0	  0	  0	  0	  0	  0	  0	 80	 70	 63	 75	  0	 80	  0	  0	  0	  0	  0	  0	  0	  0	  0	  0	  0	  5	20555	  0
18/04/2018	02:29:34	<-	L	00000000	 21	 78	 70	 70	  0	 79	  0	  4	  4	  4	  4	  4	  4	  4	  4	  0	  0	  0	  0	  0	  0	  0	  0	  0	  0	  0	  0	  0	  0	  0	  0	  0	  0	  0	  0	  0	  0	  0	  0	 78	 70	 70	 74	  0	 83	  0	  0	  0	  0	  0	  0	  0	  0	  0	  0	  0	  5	20555	  0
18/04/2018	02:34:34	<-	L	00000000	 21	 79	 70	 67	  0	 84	  0	  4	  4	  4	  4	  4	  4	  4	  4	  0	  0	  0	  0	  0	  0	  0	  0	  0	  0	  0	  0	  0	  0	  0	  0	  0	  0	  0	  0	  0	  0	  0	  0	 79	 70	 67	 75	  0	 80	  0	  0	  0	  0	  0	  0	  0	  0	  0	  0	  0	  5	20555	  0
18/04/2018	02:39:34	<-	L	00000000	 21	 80	 71	 67	  0	 89	  0	  4	  4	  4	  4	  4	  4	  4	  4	  0	  0	  0	  0	  0	  0	  0	  0	  0	  0	  0	  0	  0	  0	  0	  0	  0	  0	  0	  0	  0	  0	  0	  0	 80	 71	 67	 75	  0	 83	  0	  0	  0	  0	  0	  0	  0	  0	  0	  0	  0	  5	20555	  0
18/04/2018	02:44:34	<-	L	00000000	 21	 79	 71	 73	  0	 94	  0	  4	  4	  4	  4	  4	  4	  4	  4	  0	  0	  0	  0	  0	  0	  0	  0	  0	  0	  0	  0	  0	  0	  0	  0	  0	  0	  0	  0	  0	  0	  0	  0	 79	 71	 70	 75	  0	 83	  0	  0	  0	  0	  0	  0	  0	  0	  0	  0	  0	  5	20555	  0
18/04/2018	02:49:34	<-	L	00000000	 21	 79	 71	 70	  0	 99	  0	  4	  4	  4	  4	  4	  4	  4	  4	  0	  0	  0	  0	  0	  0	  0	  0	  0	  0	  0	  0	  0	  0	  0	  0	  0	  0	  0	  0	  0	  0	  0	  0	 79	 71	 70	 75	  0	 83	  0	  0	  0	  0	  0	  0	  0	  0	  0	  0	  0	  5	20555	  0
18/04/2018	02:54:34	<-	L	00000000	 21	 81	 71	 64	  0	104	  0	  4	  4	  4	  4	  4	  4	  4	  4	  0	  0	  0	  0	  0	  0	  0	  0	  0	  0	  0	  0	  0	  0	  0	  0	  0	  0	  0	  0	  0	  0	  0	  0	 81	 71	 64	 76	  0	 80	  0	  0	  0	  0	  0	  0	  0	  0	  0	  0	  0	  5	20555	  0
18/04/2018	02:59:45	<-	L	00000000	 21	 80	 71	 70	  0	109	  0	  4	  4	  4	  4	  4	  4	  4	  4	  0	  0	  0	  0	  0	  0	  0	  0	  0	  0	  0	  0	  0	  0	  0	  0	  0	  0	  0	  0	  0	  0	  0	  0	 80	 71	 67	 75	  0	 83	  0	  0	  0	  0	  0	  0	  0	  0	  0	  0	  0	  5	20555	  0
18/04/2018	03:04:34	<-	L	00000000	 21	 80	 72	 70	  0	114	  0	  4	  4	  4	  4	  4	  4	  4	  4	  0	  0	  0	  0	  0	  0	  0	  0	  0	  0	  0	  0	  0	  0	  0	  0	  0	  0	  0	  0	  0	  0	  0	  0	 80	 72	 70	 76	  0	 83	  0	  0	  0	  0	  0	  0	  0	  0	  0	  0	  0	  5	20555	  0
18/04/2018	03:09:35	<-	L	00000000	 21	 81	 72	 70	  0	119	  0	  4	  4	  4	  4	  4	  4	  4	  4	  0	  0	  0	  0	  0	  0	  0	  0	  0	  0	  0	  0	  0	  0	  0	  0	  0	  0	  0	  0	  0	  0	  0	  0	 81	 72	 67	 76	  0	 83	  0	  0	  0	  0	  0	  0	  0	  0	  0	  0	  0	  5	20555	  0
18/04/2018	03:14:35	<-	L	00000000	 21	 80	 72	 67	  0	124	  0	  4	  4	  4	  4	  4	  4	  4	  4	  0	  0	  0	  0	  0	  0	  0	  0	  0	  0	  0	  0	  0	  0	  0	  0	  0	  0	  0	  0	  0	  0	  0	  0	 80	 72	 70	 76	  0	 83	  0	  0	  0	  0	  0	  0	  0	  0	  0	  0	  0	  5	20555	  0
18/04/2018	03:19:34	<-	L	00000000	 21	 81	 72	 67	  0	129	  0	  4	  4	  4	  4	  4	  4	  4	  4	  0	  0	  0	  0	  0	  0	  0	  0	  0	  0	  0	  0	  0	  0	  0	  0	  0	  0	  0	  0	  0	  0	  0	  0	 81	 72	 67	 77	  0	 81	  0	  0	  0	  0	  0	  0	  0	  0	  0	  0	  0	  5	20555	  0
18/04/2018	03:24:34	<-	L	00000000	 21	 81	 73	 67	  0	134	  0	  4	  4	  4	  4	  4	  4	  4	  4	  0	  0	  0	  0	  0	  0	  0	  0	  0	  0	  0	  0	  0	  0	  0	  0	  0	  0	  0	  0	  0	  0	  0	  0	 81	 73	 70	 77	  0	 83	  0	  0	  0	  0	  0	  0	  0	  0	  0	  0	  0	  5	20555	  0
18/04/2018	03:29:35	<-	L	00000000	 21	 79	 72	 73	  0	139	  0	  4	  4	  4	  4	  4	  4	  4	  4	  0	  0	  0	  0	  0	  0	  0	  0	  0	  0	  0	  0	  0	  0	  0	  0	  0	  0	  0	  0	  0	  0	  0	  0	 79	 72	 73	 76	  0	 83	  0	  0	  0	  0	  0	  0	  0	  0	  0	  0	  0	  5	20555	  0
18/04/2018	03:34:35	<-	L	00000000	 21	 82	 73	 64	  0	144	  0	  4	  4	  4	  4	  4	  4	  4	  4	  0	  0	  0	  0	  0	  0	  0	  0	  0	  0	  0	  0	  0	  0	  0	  0	  0	  0	  0	  0	  0	  0	  0	  0	 82	 73	 67	 78	  0	 81	  0	  0	  0	  0	  0	  0	  0	  0	  0	  0	  0	  5	20555	  0
18/04/2018	03:39:35	<-	L	00000000	 21	 78	 73	 76	  0	149	  0	  4	  4	  4	  4	  4	  4	  4	  4	  0	  0	  0	  0	  0	  0	  0	  0	  0	  0	  0	  0	  0	  0	  0	  0	  0	  0	  0	  0	  0	  0	  0	  0	 78	 73	 81	 76	  0	 88	  0	  0	  0	  0	  0	  0	  0	  0	  0	  0	  0	  5	20555	  0
18/04/2018	03:44:36	<-	L	00000000	 21	 80	 73	 76	  0	154	  0	  4	  4	  4	  4	  4	  4	  4	  4	  0	  0	  0	  0	  0	  0	  0	  0	  0	  0	  0	  0	  0	  0	  0	  0	  0	  0	  0	  0	  0	  0	  0	  0	 80	 73	 74	 76	  0	 88	  0	  0	  0	  0	  0	  0	  0	  0	  0	  0	  0	  5	20555	  0
18/04/2018	03:49:35	<-	L	00000000	 21	 83	 74	 68	  0	159	  0	  4	  4	  4	  4	  4	  4	  4	  4	  0	  0	  0	  0	  0	  0	  0	  0	  0	  0	  0	  0	  0	  0	  0	  0	  0	  0	  0	  0	  0	  0	  0	  0	 83	 74	 68	 78	  0	 83	  0	  0	  0	  0	  0	  0	  0	  0	  0	  0	  0	  5	20555	  0
18/04/2018	03:54:35	<-	L	00000000	 21	 80	 73	 76	  0	164	  0	  4	  4	  4	  4	  4	  4	  4	  4	  0	  0	  0	  0	  0	  0	  0	  0	  0	  0	  0	  0	  0	  0	  0	  0	  0	  0	  0	  0	  0	  0	  0	  0	 80	 73	 74	 77	  0	 83	  0	  0	  0	  0	  0	  0	  0	  0	  0	  0	  0	  5	20555	  0
18/04/2018	03:59:35	<-	L	00000000	 21	 81	 73	 74	  0	169	  0	  4	  4	  4	  4	  4	  4	  4	  4	  0	  0	  0	  0	  0	  0	  0	  0	  0	  0	  0	  0	  0	  0	  0	  0	  0	  0	  0	  0	  0	  0	  0	  0	 81	 73	 70	 77	  0	 83	  0	  0	  0	  0	  0	  0	  0	  0	  0	  0	  0	  5	20555	  0
18/04/2018	04:04:35	<-	L	00000000	 21	 83	 74	 68	  0	174	  0	  4	  4	  4	  4	  4	  4	  4	  4	  0	  0	  0	  0	  0	  0	  0	  0	  0	  0	  0	  0	  0	  0	  0	  0	  0	  0	  0	  0	  0	  0	  0	  0	 83	 74	 68	 78	  0	 83	  0	  0	  0	  0	  0	  0	  0	  0	  0	  0	  0	  5	20555	  0
18/04/2018	04:09:35	<-	L	00000000	 21	 79	 74	 81	  0	179	  0	  4	  4	  4	  4	  4	  4	  4	  4	  0	  0	  0	  0	  0	  0	  0	  0	  0	  0	  0	  0	  0	  0	  0	  0	  0	  0	  0	  0	  0	  0	  0	  0	 79	 74	 81	 77	  0	 88	  0	  0	  0	  0	  0	  0	  0	  0	  0	  0	  0	  5	20555	  0
18/04/2018	04:14:35	<-	L	00000000	 21	 80	 74	 81	  0	184	  0	  4	  4	  4	  4	  4	  4	  4	  4	  0	  0	  0	  0	  0	  0	  0	  0	  0	  0	  0	  0	  0	  0	  0	  0	  0	  0	  0	  0	  0	  0	  0	  0	 80	 74	 76	 77	  0	 88	  0	  0	  0	  0	  0	  0	  0	  0	  0	  0	  0	  5	20555	  0
18/04/2018	04:19:35	<-	L	00000000	 21	 82	 74	 71	  0	189	  0	  4	  4	  4	  4	  4	  4	  4	  4	  0	  0	  0	  0	  0	  0	  0	  0	  0	  0	  0	  0	  0	  0	  0	  0	  0	  0	  0	  0	  0	  0	  0	  0	 82	 74	 71	 78	  0	 83	  0	  0	  0	  0	  0	  0	  0	  0	  0	  0	  0	  5	20555	  0
18/04/2018	04:24:35	<-	L	00000000	 21	 79	 74	 81	  0	194	  0	  4	  4	  4	  4	  4	  4	  4	  4	  0	  0	  0	  0	  0	  0	  0	  0	  0	  0	  0	  0	  0	  0	  0	  0	  0	  0	  0	  0	  0	  0	  0	  0	 79	 74	 81	 77	  0	 88	  0	  0	  0	  0	  0	  0	  0	  0	  0	  0	  0	  5	20555	  0
18/04/2018	04:29:35	<-	L	00000000	 21	 81	 74	 76	  0	199	  0	  4	  4	  4	  4	  4	  4	  4	  4	  0	  0	  0	  0	  0	  0	  0	  0	  0	  0	  0	  0	  0	  0	  0	  0	  0	  0	  0	  0	  0	  0	  0	  0	 81	 74	 74	 77	  0	 88	  0	  0	  0	  0	  0	  0	  0	  0	  0	  0	  0	  5	20555	  0
18/04/2018	04:34:36	<-	L	00000000	 21	 81	 74	 74	  0	204	  0	  4	  4	  4	  4	  4	  4	  4	  4	  0	  0	  0	  0	  0	  0	  0	  0	  0	  0	  0	  0	  0	  0	  0	  0	  0	  0	  0	  0	  0	  0	  0	  0	 81	 74	 74	 78	  0	 83	  0	  0	  0	  0	  0	  0	  0	  0	  0	  0	  0	  5	20555	  0
18/04/2018	04:39:36	<-	L	00000000	 21	 79	 74	 81	  0	209	  0	  4	  4	  4	  4	  4	  4	  4	  4	  0	  0	  0	  0	  0	  0	  0	  0	  0	  0	  0	  0	  0	  0	  0	  0	  0	  0	  0	  0	  0	  0	  0	  0	 79	 74	 81	 77	  0	 88	  0	  0	  0	  0	  0	  0	  0	  0	  0	  0	  0	  5	20555	  0
18/04/2018	04:44:37	<-	L	00000000	 21	 82	 74	 71	  0	214	  0	  4	  4	  4	  4	  4	  4	  4	  4	  0	  0	  0	  0	  0	  0	  0	  0	  0	  0	  0	  0	  0	  0	  0	  0	  0	  0	  0	  0	  0	  0	  0	  0	 82	 74	 71	 78	  0	 83	  0	  0	  0	  0	  0	  0	  0	  0	  0	  0	  0	  5	20555	  0
18/04/2018	04:49:36	<-	L	00000000	 21	 79	 74	 83	  0	219	  0	  4	  4	  4	  4	  4	  4	  4	  4	  0	  0	  0	  0	  0	  0	  0	  0	  0	  0	  0	  0	  0	  0	  0	  0	  0	  0	  0	  0	  0	  0	  0	  0	 79	 74	 81	 77	  0	 88	  0	  0	  0	  0	  0	  0	  0	  0	  0	  0	  0	  5	20555	  0
18/04/2018	04:54:36	<-	L	00000000	 21	 81	 74	 71	  0	224	  0	  4	  4	  4	  4	  4	  4	  4	  4	  0	  0	  0	  0	  0	  0	  0	  0	  0	  0	  0	  0	  0	  0	  0	  0	  0	  0	  0	  0	  0	  0	  0	  0	 81	 74	 74	 78	  0	 83	  0	  0	  0	  0	  0	  0	  0	  0	  0	  0	  0	  5	20555	  0
18/04/2018	04:59:36	<-	L	00000000	 21	 78	 74	 81	  0	229	  0	  4	  4	  4	  4	  4	  4	  4	  4	  0	  0	  0	  0	  0	  0	  0	  0	  0	  0	  0	  0	  0	  0	  0	  0	  0	  0	  0	  0	  0	  0	  0	  0	 78	 74	 83	 77	  0	 88	  0	  0	  0	  0	  0	  0	  0	  0	  0	  0	  0	  5	20555	  0
18/04/2018	05:04:36	<-	L	00000000	 21	 81	 74	 74	  0	234	  0	  4	  4	  4	  4	  4	  4	  4	  4	  0	  0	  0	  0	  0	  0	  0	  0	  0	  0	  0	  0	  0	  0	  0	  0	  0	  0	  0	  0	  0	  0	  0	  0	 81	 74	 74	 78	  0	 83	  0	  0	  0	  0	  0	  0	  0	  0	  0	  0	  0	  5	20555	  0
18/04/2018	05:09:36	<-	L	00000000	 21	 78	 74	 81	  0	239	  0	  4	  4	  4	  4	  4	  4	  4	  4	  0	  0	  0	  0	  0	  0	  0	  0	  0	  0	  0	  0	  0	  0	  0	  0	  0	  0	  0	  0	  0	  0	  0	  0	 78	 74	 83	 77	  0	 88	  0	  0	  0	  0	  0	  0	  0	  0	  0	  0	  0	  5	20555	  0
18/04/2018	05:14:36	<-	L	00000000	 21	 82	 75	 71	  0	244	  0	  4	  4	  4	  4	  4	  4	  4	  4	  0	  0	  0	  0	  0	  0	  0	  0	  0	  0	  0	  0	  0	  0	  0	  0	  0	  0	  0	  0	  0	  0	  0	  0	 82	 75	 74	 78	  0	 88	  0	  0	  0	  0	  0	  0	  0	  0	  0	  0	  0	  5	20555	  0
18/04/2018	05:19:36	<-	L	00000000	 21	 79	 74	 81	  0	249	  0	  4	  4	  4	  4	  4	  4	  4	  4	  0	  0	  0	  0	  0	  0	  0	  0	  0	  0	  0	  0	  0	  0	  0	  0	  0	  0	  0	  0	  0	  0	  0	  0	 79	 74	 81	 77	  0	 88	  0	  0	  0	  0	  0	  0	  0	  0	  0	  0	  0	  5	20555	  0
18/04/2018	05:24:36	<-	L	00000000	 21	 82	 74	 74	  0	254	  0	  4	  4	  4	  4	  4	  4	  4	  4	  0	  0	  0	  0	  0	  0	  0	  0	  0	  0	  0	  0	  0	  0	  0	  0	  0	  0	  0	  0	  0	  0	  0	  0	 82	 74	 71	 78	  0	 83	  0	  0	  0	  0	  0	  0	  0	  0	  0	  0	  0	  5	20555	  0
18/04/2018	05:29:36	<-	L	00000000	 21	 81	 75	 76	  0	259	  0	  4	  4	  4	  4	  4	  4	  4	  4	  0	  0	  0	  0	  0	  0	  0	  0	  0	  0	  0	  0	  0	  0	  0	  0	  0	  0	  0	  0	  0	  0	  0	  0	 81	 75	 76	 78	  0	 88	  0	  0	  0	  0	  0	  0	  0	  0	  0	  0	  0	  5	20555	  0
18/04/2018	05:34:36	<-	L	00000000	 21	 80	 74	 81	  0	264	  0	  4	  4	  4	  4	  4	  4	  4	  4	  0	  0	  0	  0	  0	  0	  0	  0	  0	  0	  0	  0	  0	  0	  0	  0	  0	  0	  0	  0	  0	  0	  0	  0	 80	 74	 76	 77	  0	 88	  0	  0	  0	  0	  0	  0	  0	  0	  0	  0	  0	  5	20555	  0
18/04/2018	05:39:37	<-	L	00000000	 21	 81	 75	 76	  0	269	  0	  4	  4	  4	  4	  4	  4	  4	  4	  0	  0	  0	  0	  0	  0	  0	  0	  0	  0	  0	  0	  0	  0	  0	  0	  0	  0	  0	  0	  0	  0	  0	  0	 81	 75	 76	 78	  0	 88	  0	  0	  0	  0	  0	  0	  0	  0	  0	  0	  0	  5	20555	  0
18/04/2018	05:44:37	<-	L	00000000	 21	 79	 74	 83	  0	274	  0	  4	  4	  4	  4	  4	  4	  4	  4	  0	  0	  0	  0	  0	  0	  0	  0	  0	  0	  0	  0	  0	  0	  0	  0	  0	  0	  0	  0	  0	  0	  0	  0	 79	 74	 81	 77	  0	 88	  0	  0	  0	  0	  0	  0	  0	  0	  0	  0	  0	  5	20555	  0
18/04/2018	05:49:37	<-	L	00000000	 21	 82	 75	 74	  0	279	  0	  4	  4	  4	  4	  4	  4	  4	  4	  0	  0	  0	  0	  0	  0	  0	  0	  0	  0	  0	  0	  0	  0	  0	  0	  0	  0	  0	  0	  0	  0	  0	  0	 82	 75	 74	 79	  0	 83	  0	  0	  0	  0	  0	  0	  0	  0	  0	  0	  0	  5	20555	  0
18/04/2018	05:54:37	<-	L	00000000	 21	 79	 74	 81	  0	284	  0	  4	  4	  4	  4	  4	  4	  4	  4	  0	  0	  0	  0	  0	  0	  0	  0	  0	  0	  0	  0	  0	  0	  0	  0	  0	  0	  0	  0	  0	  0	  0	  0	 79	 74	 81	 77	  0	 88	  0	  0	  0	  0	  0	  0	  0	  0	  0	  0	  0	  5	20555	  0
18/04/2018	05:59:37	<-	L	00000000	 21	 81	 75	 74	  0	289	  0	  4	  4	  4	  4	  4	  4	  4	  4	  0	  0	  0	  0	  0	  0	  0	  0	  0	  0	  0	  0	  0	  0	  0	  0	  0	  0	  0	  0	  0	  0	  0	  0	 81	 75	 76	 78	  0	 88	  0	  0	  0	  0	  0	  0	  0	  0	  0	  0	  0	  5	20555	  0
18/04/2018	06:04:37	<-	L	00000000	 21	 81	 75	 76	  0	294	  0	  4	  4	  4	  4	  4	  4	  4	  4	  0	  0	  0	  0	  0	  0	  0	  0	  0	  0	  0	  0	  0	  0	  0	  0	  0	  0	  0	  0	  0	  0	  0	  0	 81	 75	 76	 78	  0	 88	  0	  0	  0	  0	  0	  0	  0	  0	  0	  0	  0	  5	20555	  0
18/04/2018	06:09:37	<-	L	00000000	 21	 78	 74	 83	  0	299	  0	  4	  4	  4	  4	  4	  4	  4	  4	  0	  0	  0	  0	  0	  0	  0	  0	  0	  0	  0	  0	  0	  0	  0	  0	  0	  0	  0	  0	  0	  0	  0	  0	 78	 74	 83	 77	  0	 88	  0	  0	  0	  0	  0	  0	  0	  0	  0	  0	  0	  5	20555	  0
18/04/2018	06:14:37	->	L	00000000	 21	 78	 74	 83	  0	304	  0	  4	  4	  4	  4	  4	  4	  4	  4	  0	  0	  0	  0	  0	  0	  0	  0	  0	  0	  0	  0	  0	  0	  0	  0	  0	  0	  0	  0	  0	  0	  0	  0	 78	 74	 83	 76	  0	 91	  0	  0	  0	  0	  0	  0	  0	  0	  0	  0	  0	  5	20555	  0
18/04/2018	06:19:37	->	L	00000000	 21	 79	 74	 81	  0	309	  0	  4	  4	  4	  4	  4	  4	  4	  4	  0	  0	  0	  0	  0	  0	  0	  0	  0	  0	  0	  0	  0	  0	  0	  0	  0	  0	  0	  0	  0	  0	  0	  0	 76	 74	 91	 79	  0	 81	  0	  0	  0	  0	  0	  0	  0	  0	  0	  0	  0	  5	20555	  0
18/04/2018	06:24:37	->	L	00000000	 21	 84	 74	 68	  0	314	  0	  4	  4	  4	  4	  4	  4	  4	  4	  0	  0	  0	  0	  0	  0	  0	  0	  0	  0	  0	  0	  0	  0	  0	  0	  0	  0	  0	  0	  0	  0	  0	  0	 77	 74	 88	 84	  0	 65	  0	  0	  0	  0	  0	  0	  0	  0	  0	  0	  0	  5	20555	  0
18/04/2018	06:29:37	->	L	00000000	 21	 84	 74	 65	  0	319	  0	  4	  4	  4	  4	  4	  4	  4	  4	  0	  0	  0	  0	  0	  0	  0	  0	  0	  0	  0	  0	  0	  0	  0	  0	  0	  0	  0	  0	  0	  0	  0	  0	 77	 74	 88	 84	  0	 65	  0	  0	  0	  0	  0	  0	  0	  0	  0	  0	  0	  5	20555	  0
18/04/2018	06:34:37	->	L	00000000	 21	 80	 74	 74	  0	324	  0	  4	  4	  4	  4	  4	  4	  4	  4	  0	  0	  0	  0	  0	  0	  0	  0	  0	  0	  0	  0	  0	  0	  0	  0	  0	  0	  0	  0	  0	  0	  0	  0	 76	 74	 91	 80	  0	 76	  0	  0	  0	  0	  0	  0	  0	  0	  0	  0	  0	  5	20555	  0
18/04/2018	06:39:37	->	L	00000000	 21	 79	 74	 81	  0	329	  0	  4	  4	  4	  4	  4	  4	  4	  4	  0	  0	  0	  0	  0	  0	  0	  0	  0	  0	  0	  0	  0	  0	  0	  0	  0	  0	  0	  0	  0	  0	  0	  0	 75	 74	 95	 79	  0	 81	  0	  0	  0	  0	  0	  0	  0	  0	  0	  0	  0	  5	20555	  0
18/04/2018	06:44:38	->	L	00000000	 21	 85	 74	 65	  0	334	  0	  4	  4	  4	  4	  4	  4	  4	  4	  0	  0	  0	  0	  0	  0	  0	  0	  0	  0	  0	  0	  0	  0	  0	  0	  0	  0	  0	  0	  0	  0	  0	  0	 77	 74	 88	 85	  0	 62	  0	  0	  0	  0	  0	  0	  0	  0	  0	  0	  0	  5	20555	  0
18/04/2018	06:49:37	->	L	00000000	 21	 90	 75	 53	  0	339	  0	  4	  4	  4	  4	  4	  4	  4	  4	  0	  0	  0	  0	  0	  0	  0	  0	  0	  0	  0	  0	  0	  0	  0	  0	  0	  0	  0	  0	  0	  0	  0	  0	 78	 75	 88	 90	  0	 53	  0	  0	  0	  0	  0	  0	  0	  0	  0	  0	  0	  5	23115	  0
18/04/2018	06:54:37	->	L	00000000	 21	 87	 75	 57	  0	344	  0	  4	  4	  4	  4	  4	  4	  4	  4	  0	  0	  0	  0	  0	  0	  0	  0	  0	  0	  0	  0	  0	  0	  0	  0	  0	  0	  0	  0	  0	  0	  0	  0	 78	 75	 88	 87	  0	 60	  0	  0	  0	  0	  0	  0	  0	  0	  0	  0	  0	  5	23115	  0
18/04/2018	06:59:37	->	L	00000000	 21	 92	 76	 52	  0	349	  0	  4	  4	  4	  4	  4	  4	  4	  4	  0	  0	  0	  0	  0	  0	  0	  0	  0	  0	  0	  0	  0	  0	  0	  0	  0	  0	  0	  0	  0	  0	  0	  0	 80	 76	 83	 92	  0	 52	  0	  0	  0	  0	  0	  0	  0	  0	  0	  0	  0	  5	23115	  0
18/04/2018	07:04:38	->	L	00000000	 21	 87	 75	 62	  0	354	  0	  4	  4	  4	  4	  4	  4	  4	  4	  0	  0	  0	  0	  0	  0	  0	  0	  0	  0	  0	  0	  0	  0	  0	  0	  0	  0	  0	  0	  0	  0	  0	  0	 79	 75	 83	 87	  0	 60	  0	  0	  0	  0	  0	  0	  0	  0	  0	  0	  0	  5	23115	  0
18/04/2018	07:09:38	->	L	00000000	 21	 92	 76	 49	  0	359	  0	  4	  4	  4	  4	  4	  4	  4	  4	  0	  0	  0	  0	  0	  0	  0	  0	  0	  0	  0	  0	  0	  0	  0	  0	  0	  0	  0	  0	  0	  0	  0	  0	 80	 76	 83	 92	  0	 52	  0	  0	  0	  0	  0	  0	  0	  0	  0	  0	  0	  5	23115	  0
18/04/2018	07:14:38	->	L	00000000	 21	 87	 76	 63	  0	364	  0	  4	  4	  4	  4	  4	  4	  4	  4	  0	  0	  0	  0	  0	  0	  0	  0	  0	  0	  0	  0	  0	  0	  0	  0	  0	  0	  0	  0	  0	  0	  0	  0	 79	 76	 88	 87	  0	 63	  0	  0	  0	  0	  0	  0	  0	  0	  0	  0	  0	  5	23115	  0
18/04/2018	07:19:38	->	L	00000000	 21	 92	 75	 49	  0	369	  0	  4	  4	  4	  4	  4	  4	  4	  4	  0	  0	  0	  0	  0	  0	  0	  0	  0	  0	  0	  0	  0	  0	  0	  0	  0	  0	  0	  0	  0	  0	  0	  0	 80	 75	 81	 92	  0	 49	  0	  0	  0	  0	  0	  0	  0	  0	  0	  0	  0	  5	23115	  0
18/04/2018	07:29:38	->	L	00000000	 21	 76	 67	 66	  0	376	  0	  4	  4	  4	  4	  4	  4	  4	  4	  0	  0	  0	  0	  0	  0	  0	  0	  0	  0	  0	  0	  0	  0	  0	  0	  0	  0	  0	  0	  0	  0	  0	  0	 71	 67	 82	 76	  0	 66	  0	  0	  0	  0	  0	  0	  0	  0	  0	  0	  0	  5	23115	  0
18/04/2018	07:34:37	->	L	00000000	 21	 90	 74	 49	  0	381	  0	  4	  4	  4	  4	  4	  4	  4	  4	  0	  0	  0	  0	  0	  0	  0	  0	  0	  0	  0	  0	  0	  0	  0	  0	  0	  0	  0	  0	  0	  0	  0	  0	 78	 74	 83	 90	  0	 51	  0	  0	  0	  0	  0	  0	  0	  0	  0	  0	  0	  5	23115	  0
18/04/2018	07:39:38	->	L	00000000	 21	 90	 75	 53	  0	386	  0	  4	  4	  4	  4	  4	  4	  4	  4	  0	  0	  0	  0	  0	  0	  0	  0	  0	  0	  0	  0	  0	  0	  0	  0	  0	  0	  0	  0	  0	  0	  0	  0	 79	 75	 83	 90	  0	 53	  0	  0	  0	  0	  0	  0	  0	  0	  0	  0	  0	  5	23115	  0
18/04/2018	07:44:38	->	L	00000000	 21	 87	 75	 60	  0	391	  0	  4	  4	  4	  4	  4	  4	  4	  4	  0	  0	  0	  0	  0	  0	  0	  0	  0	  0	  0	  0	  0	  0	  0	  0	  0	  0	  0	  0	  0	  0	  0	  0	 79	 75	 83	 87	  0	 60	  0	  0	  0	  0	  0	  0	  0	  0	  0	  0	  0	  5	23115	  0
18/04/2018	07:49:38	->	L	00000000	 21	 90	 76	 55	  0	396	  0	  4	  4	  4	  4	  4	  4	  4	  4	  0	  0	  0	  0	  0	  0	  0	  0	  0	  0	  0	  0	  0	  0	  0	  0	  0	  0	  0	  0	  0	  0	  0	  0	 80	 76	 83	 90	  0	 55	  0	  0	  0	  0	  0	  0	  0	  0	  0	  0	  0	  5	23115	  0
18/04/2018	07:54:38	->	L	00000000	 21	 88	 76	 58	  0	401	  0	  4	  4	  4	  4	  4	  4	  4	  4	  0	  0	  0	  0	  0	  0	  0	  0	  0	  0	  0	  0	  0	  0	  0	  0	  0	  0	  0	  0	  0	  0	  0	  0	 79	 76	 88	 88	  0	 60	  0	  0	  0	  0	  0	  0	  0	  0	  0	  0	  0	  5	23115	  0
18/04/2018	07:59:38	->	L	00000000	 21	 91	 76	 54	  0	406	  0	  4	  4	  4	  4	  4	  4	  4	  4	  0	  0	  0	  0	  0	  0	  0	  0	  0	  0	  0	  0	  0	  0	  0	  0	  0	  0	  0	  0	  0	  0	  0	  0	 80	 76	 83	 91	  0	 54	  0	  0	  0	  0	  0	  0	  0	  0	  0	  0	  0	  5	23115	  0
18/04/2018	08:04:38	->	L	00000000	 21	 88	 76	 63	  0	411	  0	  4	  4	  4	  4	  4	  4	  4	  4	  0	  0	  0	  0	  0	  0	  0	  0	  0	  0	  0	  0	  0	  0	  0	  0	  0	  0	  0	  0	  0	  0	  0	  0	 80	 76	 83	 88	  0	 60	  0	  0	  0	  0	  0	  0	  0	  0	  0	  0	  0	  5	23115	  0
18/04/2018	08:09:39	->	L	00000000	 21	 91	 76	 52	  0	416	  0	  4	  4	  4	  4	  4	  4	  4	  4	  0	  0	  0	  0	  0	  0	  0	  0	  0	  0	  0	  0	  0	  0	  0	  0	  0	  0	  0	  0	  0	  0	  0	  0	 80	 76	 83	 91	  0	 54	  0	  0	  0	  0	  0	  0	  0	  0	  0	  0	  0	  5	23115	  0
18/04/2018	08:14:38	->	L	00000000	 22	 89	 76	 60	  0	  0	  0	  4	  4	  4	  4	  4	  4	  4	  4	  0	  0	  0	  0	  0	  0	  0	  0	  0	  0	  0	  0	  0	  0	  0	  0	  0	  0	  0	  0	  0	  0	  0	  0	 80	 76	 83	 89	  0	 58	  0	  0	  0	  0	  0	  0	  0	  0	  0	  0	  0	  5	23113	  0
18/04/2018	08:19:38	->	L	00000000	 22	 91	 75	 49	  0	  5	  0	  4	  4	  4	  4	  4	  4	  4	  4	  0	  0	  0	  0	  0	  0	  0	  0	  0	  0	  0	  0	  0	  0	  0	  0	  0	  0	  0	  0	  0	  0	  0	  0	 80	 75	 81	 91	  0	 52	  0	  0	  0	  0	  0	  0	  0	  0	  0	  0	  0	  5	23113	  0
18/04/2018	08:24:38	->	L	00000000	 22	 88	 75	 60	  0	 10	  0	  4	  4	  4	  4	  4	  4	  4	  4	  0	  0	  0	  0	  0	  0	  0	  0	  0	  0	  0	  0	  0	  0	  0	  0	  0	  0	  0	  0	  0	  0	  0	  0	 79	 75	 83	 88	  0	 57	  0	  0	  0	  0	  0	  0	  0	  0	  0	  0	  0	  5	23113	  0
18/04/2018	08:29:38	->	L	00000000	 22	 90	 75	 52	  0	 15	  0	  4	  4	  4	  4	  4	  4	  4	  4	  0	  0	  0	  0	  0	  0	  0	  0	  0	  0	  0	  0	  0	  0	  0	  0	  0	  0	  0	  0	  0	  0	  0	  0	 79	 75	 83	 90	  0	 53	  0	  0	  0	  0	  0	  0	  0	  0	  0	  0	  0	  5	23113	  0
18/04/2018	08:34:38	->	L	00000000	 22	 90	 75	 53	  0	 20	  0	  4	  4	  4	  4	  4	  4	  4	  4	  0	  0	  0	  0	  0	  0	  0	  0	  0	  0	  0	  0	  0	  0	  0	  0	  0	  0	  0	  0	  0	  0	  0	  0	 79	 75	 83	 90	  0	 53	  0	  0	  0	  0	  0	  0	  0	  0	  0	  0	  0	  5	23113	  0
18/04/2018	08:39:38	->	L	00000000	 22	 88	 75	 55	  0	 25	  0	  4	  4	  4	  4	  4	  4	  4	  4	  0	  0	  0	  0	  0	  0	  0	  0	  0	  0	  0	  0	  0	  0	  0	  0	  0	  0	  0	  0	  0	  0	  0	  0	 79	 75	 83	 88	  0	 57	  0	  0	  0	  0	  0	  0	  0	  0	  0	  0	  0	  5	23113	  0
18/04/2018	08:44:38	->	L	00000000	 22	 92	 75	 52	  0	 30	  0	  4	  4	  4	  4	  4	  4	  4	  4	  0	  0	  0	  0	  0	  0	  0	  0	  0	  0	  0	  0	  0	  0	  0	  0	  0	  0	  0	  0	  0	  0	  0	  0	 80	 75	 81	 92	  0	 49	  0	  0	  0	  0	  0	  0	  0	  0	  0	  0	  0	  5	23113	  0
18/04/2018	08:49:38	->	L	00000000	 22	 87	 74	 57	  0	 35	  0	  4	  4	  4	  4	  4	  4	  4	  4	  0	  0	  0	  0	  0	  0	  0	  0	  0	  0	  0	  0	  0	  0	  0	  0	  0	  0	  0	  0	  0	  0	  0	  0	 79	 74	 81	 87	  0	 57	  0	  0	  0	  0	  0	  0	  0	  0	  0	  0	  0	  5	23113	  0
18/04/2018	08:54:39	->	L	00000000	 22	 91	 75	 52	  0	 40	  0	  4	  4	  4	  4	  4	  4	  4	  4	  0	  0	  0	  0	  0	  0	  0	  0	  0	  0	  0	  0	  0	  0	  0	  0	  0	  0	  0	  0	  0	  0	  0	  0	 79	 75	 83	 91	  0	 52	  0	  0	  0	  0	  0	  0	  0	  0	  0	  0	  0	  5	23113	  0
18/04/2018	08:59:39	->	L	00000000	 22	 88	 74	 57	  0	 45	  0	  4	  4	  4	  4	  4	  4	  4	  4	  0	  0	  0	  0	  0	  0	  0	  0	  0	  0	  0	  0	  0	  0	  0	  0	  0	  0	  0	  0	  0	  0	  0	  0	 79	 74	 81	 88	  0	 54	  0	  0	  0	  0	  0	  0	  0	  0	  0	  0	  0	  5	23113	  0
18/04/2018	09:04:39	->	L	00000000	 22	 90	 75	 52	  0	 50	  0	  4	  4	  4	  4	  4	  4	  4	  4	  0	  0	  0	  0	  0	  0	  0	  0	  0	  0	  0	  0	  0	  0	  0	  0	  0	  0	  0	  0	  0	  0	  0	  0	 79	 75	 83	 90	  0	 53	  0	  0	  0	  0	  0	  0	  0	  0	  0	  0	  0	  5	23113	  0
18/04/2018	09:09:39	->	L	00000000	 22	 88	 74	 54	  0	 55	  0	  4	  4	  4	  4	  4	  4	  4	  4	  0	  0	  0	  0	  0	  0	  0	  0	  0	  0	  0	  0	  0	  0	  0	  0	  0	  0	  0	  0	  0	  0	  0	  0	 79	 74	 81	 88	  0	 54	  0	  0	  0	  0	  0	  0	  0	  0	  0	  0	  0	  5	23113	  0
18/04/2018	09:14:39	->	L	00000000	 22	 90	 75	 53	  0	 60	  0	  4	  4	  4	  4	  4	  4	  4	  4	  0	  0	  0	  0	  0	  0	  0	  0	  0	  0	  0	  0	  0	  0	  0	  0	  0	  0	  0	  0	  0	  0	  0	  0	 79	 75	 83	 90	  0	 53	  0	  0	  0	  0	  0	  0	  0	  0	  0	  0	  0	  5	23113	  0
18/04/2018	09:19:39	->	L	00000000	 22	 88	 74	 54	  0	 65	  0	  4	  4	  4	  4	  4	  4	  4	  4	  0	  0	  0	  0	  0	  0	  0	  0	  0	  0	  0	  0	  0	  0	  0	  0	  0	  0	  0	  0	  0	  0	  0	  0	 79	 74	 81	 88	  0	 54	  0	  0	  0	  0	  0	  0	  0	  0	  0	  0	  0	  5	23113	  0
18/04/2018	09:24:39	->	L	00000000	 22	 90	 75	 53	  0	 70	  0	  4	  4	  4	  4	  4	  4	  4	  4	  0	  0	  0	  0	  0	  0	  0	  0	  0	  0	  0	  0	  0	  0	  0	  0	  0	  0	  0	  0	  0	  0	  0	  0	 79	 75	 83	 90	  0	 53	  0	  0	  0	  0	  0	  0	  0	  0	  0	  0	  0	  5	23113	  0
18/04/2018	09:29:39	->	L	00000000	 22	 88	 74	 54	  0	 75	  0	  4	  4	  4	  4	  4	  4	  4	  4	  0	  0	  0	  0	  0	  0	  0	  0	  0	  0	  0	  0	  0	  0	  0	  0	  0	  0	  0	  0	  0	  0	  0	  0	 79	 74	 81	 88	  0	 54	  0	  0	  0	  0	  0	  0	  0	  0	  0	  0	  0	  5	23113	  0
18/04/2018	09:34:39	->	L	00000000	 22	 89	 75	 53	  0	 80	  0	  4	  4	  4	  4	  4	  4	  4	  4	  0	  0	  0	  0	  0	  0	  0	  0	  0	  0	  0	  0	  0	  0	  0	  0	  0	  0	  0	  0	  0	  0	  0	  0	 79	 75	 83	 89	  0	 55	  0	  0	  0	  0	  0	  0	  0	  0	  0	  0	  0	  5	23113	  0
18/04/2018	09:39:39	->	L	00000000	 22	 88	 74	 54	  0	 85	  0	  4	  4	  4	  4	  4	  4	  4	  4	  0	  0	  0	  0	  0	  0	  0	  0	  0	  0	  0	  0	  0	  0	  0	  0	  0	  0	  0	  0	  0	  0	  0	  0	 78	 74	 83	 88	  0	 54	  0	  0	  0	  0	  0	  0	  0	  0	  0	  0	  0	  5	23113	  0
18/04/2018	09:44:39	->	L	00000000	 22	 90	 75	 53	  0	 90	  0	  4	  4	  4	  4	  4	  4	  4	  4	  0	  0	  0	  0	  0	  0	  0	  0	  0	  0	  0	  0	  0	  0	  0	  0	  0	  0	  0	  0	  0	  0	  0	  0	 79	 75	 83	 90	  0	 53	  0	  0	  0	  0	  0	  0	  0	  0	  0	  0	  0	  5	23113	  0
