28/02/2018	13:52:13	<-	L	00000000	 23	 85	 70	 53	  0	 90	  0	  4	  4	  4	  4	  4	  4	  4	  4	  0	  0	  0	  0	  0	  0	  0	  0	  0	  0	  0	  0	  0	  0	  0	  0	  0	  0	  0	  0	  0	  0	  0	  0	 85	 70	 51	 77	  0	 73	  0	  0	  0	  0	  0	  0	  0	  0	  0	  0	  0	  5	21827	  0
28/02/2018	13:57:09	<-	L	00000000	 23	 83	 70	 55	  0	 95	  0	  4	  4	  4	  4	  4	  4	  4	  4	  0	  0	  0	  0	  0	  0	  0	  0	  0	  0	  0	  0	  0	  0	  0	  0	  0	  0	  0	  0	  0	  0	  0	  0	 83	 70	 55	 77	  0	 73	  0	  0	  0	  0	  0	  0	  0	  0	  0	  0	  0	  5	21827	  0
28/02/2018	14:02:09	<-	L	00000000	 23	 85	 70	 51	  0	100	  0	  4	  4	  4	  4	  4	  4	  4	  4	  0	  0	  0	  0	  0	  0	  0	  0	  0	  0	  0	  0	  0	  0	  0	  0	  0	  0	  0	  0	  0	  0	  0	  0	 85	 70	 51	 78	  0	 70	  0	  0	  0	  0	  0	  0	  0	  0	  0	  0	  0	  5	21827	  0
28/02/2018	14:07:09	<-	L	00000000	 23	 84	 70	 55	  0	105	  0	  4	  4	  4	  4	  4	  4	  4	  4	  0	  0	  0	  0	  0	  0	  0	  0	  0	  0	  0	  0	  0	  0	  0	  0	  0	  0	  0	  0	  0	  0	  0	  0	 84	 70	 53	 77	  0	 73	  0	  0	  0	  0	  0	  0	  0	  0	  0	  0	  0	  5	21827	  0
28/02/2018	14:12:09	<-	L	00000000	 23	 84	 70	 53	  0	110	  0	  4	  4	  4	  4	  4	  4	  4	  4	  0	  0	  0	  0	  0	  0	  0	  0	  0	  0	  0	  0	  0	  0	  0	  0	  0	  0	  0	  0	  0	  0	  0	  0	 84	 70	 53	 77	  0	 73	  0	  0	  0	  0	  0	  0	  0	  0	  0	  0	  0	  5	21827	  0
28/02/2018	14:17:09	<-	L	00000000	 23	 86	 70	 49	  0	115	  0	  4	  4	  4	  4	  4	  4	  4	  4	  0	  0	  0	  0	  0	  0	  0	  0	  0	  0	  0	  0	  0	  0	  0	  0	  0	  0	  0	  0	  0	  0	  0	  0	 86	 70	 49	 78	  0	 70	  0	  0	  0	  0	  0	  0	  0	  0	  0	  0	  0	  5	21827	  0
28/02/2018	14:22:09	<-	L	00000000	 23	 83	 70	 55	  0	120	  0	  4	  4	  4	  4	  4	  4	  4	  4	  0	  0	  0	  0	  0	  0	  0	  0	  0	  0	  0	  0	  0	  0	  0	  0	  0	  0	  0	  0	  0	  0	  0	  0	 83	 70	 55	 77	  0	 73	  0	  0	  0	  0	  0	  0	  0	  0	  0	  0	  0	  5	21827	  0
28/02/2018	14:27:09	<-	L	00000000	 23	 85	 70	 51	  0	125	  0	  4	  4	  4	  4	  4	  4	  4	  4	  0	  0	  0	  0	  0	  0	  0	  0	  0	  0	  0	  0	  0	  0	  0	  0	  0	  0	  0	  0	  0	  0	  0	  0	 85	 70	 51	 77	  0	 73	  0	  0	  0	  0	  0	  0	  0	  0	  0	  0	  0	  5	21827	  0
28/02/2018	14:32:09	<-	L	00000000	 23	 84	 70	 53	  0	130	  0	  4	  4	  4	  4	  4	  4	  4	  4	  0	  0	  0	  0	  0	  0	  0	  0	  0	  0	  0	  0	  0	  0	  0	  0	  0	  0	  0	  0	  0	  0	  0	  0	 84	 70	 53	 77	  0	 73	  0	  0	  0	  0	  0	  0	  0	  0	  0	  0	  0	  5	21827	  0
28/02/2018	14:37:09	<-	L	00000000	 23	 83	 69	 55	  0	135	  0	  4	  4	  4	  4	  4	  4	  4	  4	  0	  0	  0	  0	  0	  0	  0	  0	  0	  0	  0	  0	  0	  0	  0	  0	  0	  0	  0	  0	  0	  0	  0	  0	 83	 69	 52	 77	  0	 69	  0	  0	  0	  0	  0	  0	  0	  0	  0	  0	  0	  5	21827	  0
28/02/2018	14:42:10	<-	L	00000000	 23	 85	 70	 51	  0	140	  0	  4	  4	  4	  4	  4	  4	  4	  4	  0	  0	  0	  0	  0	  0	  0	  0	  0	  0	  0	  0	  0	  0	  0	  0	  0	  0	  0	  0	  0	  0	  0	  0	 85	 70	 51	 77	  0	 73	  0	  0	  0	  0	  0	  0	  0	  0	  0	  0	  0	  5	21827	  0
28/02/2018	14:47:10	->	L	00000000	 23	 87	 72	 53	  0	145	  0	  4	  4	  4	  4	  4	  4	  4	  4	  0	  0	  0	  0	  0	  0	  0	  0	  0	  0	  0	  0	  0	  0	  0	  0	  0	  0	  0	  0	  0	  0	  0	  0	 80	 72	 70	 87	  0	 52	  0	  0	  0	  0	  0	  0	  0	  0	  0	  0	  0	  5	21827	  0
28/02/2018	14:52:09	->	L	00000000	 23	 84	 69	 52	  0	150	  0	  4	  4	  4	  4	  4	  4	  4	  4	  0	  0	  0	  0	  0	  0	  0	  0	  0	  0	  0	  0	  0	  0	  0	  0	  0	  0	  0	  0	  0	  0	  0	  0	 77	 69	 69	 84	  0	 51	  0	  0	  0	  0	  0	  0	  0	  0	  0	  0	  0	  5	21827	  0
28/02/2018	14:57:09	->	L	00000000	 23	 84	 69	 49	  0	155	  0	  4	  4	  4	  4	  4	  4	  4	  4	  0	  0	  0	  0	  0	  0	  0	  0	  0	  0	  0	  0	  0	  0	  0	  0	  0	  0	  0	  0	  0	  0	  0	  0	 77	 69	 69	 84	  0	 51	  0	  0	  0	  0	  0	  0	  0	  0	  0	  0	  0	  5	21827	  0
28/02/2018	15:02:10	->	L	00000000	 23	 87	 70	 45	  0	160	  0	  4	  4	  4	  4	  4	  4	  4	  4	  0	  0	  0	  0	  0	  0	  0	  0	  0	  0	  0	  0	  0	  0	  0	  0	  0	  0	  0	  0	  0	  0	  0	  0	 78	 70	 70	 87	  0	 47	  0	  0	  0	  0	  0	  0	  0	  0	  0	  0	  0	  5	21827	  0
28/02/2018	15:07:10	->	L	00000000	 23	 84	 69	 52	  0	165	  0	  4	  4	  4	  4	  4	  4	  4	  4	  0	  0	  0	  0	  0	  0	  0	  0	  0	  0	  0	  0	  0	  0	  0	  0	  0	  0	  0	  0	  0	  0	  0	  0	 77	 69	 69	 84	  0	 51	  0	  0	  0	  0	  0	  0	  0	  0	  0	  0	  0	  5	21827	  0
28/02/2018	15:12:10	->	L	00000000	 23	 85	 70	 49	  0	170	  0	  4	  4	  4	  4	  4	  4	  4	  4	  0	  0	  0	  0	  0	  0	  0	  0	  0	  0	  0	  0	  0	  0	  0	  0	  0	  0	  0	  0	  0	  0	  0	  0	 78	 70	 70	 85	  0	 51	  0	  0	  0	  0	  0	  0	  0	  0	  0	  0	  0	  5	21827	  0
28/02/2018	15:17:10	->	L	00000000	 23	 86	 69	 47	  0	175	  0	  4	  4	  4	  4	  4	  4	  4	  4	  0	  0	  0	  0	  0	  0	  0	  0	  0	  0	  0	  0	  0	  0	  0	  0	  0	  0	  0	  0	  0	  0	  0	  0	 77	 69	 69	 86	  0	 47	  0	  0	  0	  0	  0	  0	  0	  0	  0	  0	  0	  5	21827	  0
28/02/2018	15:22:10	->	L	00000000	 23	 82	 69	 55	  0	180	  0	  4	  4	  4	  4	  4	  4	  4	  4	  0	  0	  0	  0	  0	  0	  0	  0	  0	  0	  0	  0	  0	  0	  0	  0	  0	  0	  0	  0	  0	  0	  0	  0	 76	 69	 73	 82	  0	 55	  0	  0	  0	  0	  0	  0	  0	  0	  0	  0	  0	  5	21827	  0
28/02/2018	15:27:10	->	L	00000000	 23	 86	 70	 47	  0	185	  0	  4	  4	  4	  4	  4	  4	  4	  4	  0	  0	  0	  0	  0	  0	  0	  0	  0	  0	  0	  0	  0	  0	  0	  0	  0	  0	  0	  0	  0	  0	  0	  0	 78	 70	 70	 86	  0	 49	  0	  0	  0	  0	  0	  0	  0	  0	  0	  0	  0	  5	21827	  0
28/02/2018	15:32:10	->	L	00000000	 23	 85	 69	 51	  0	190	  0	  4	  4	  4	  4	  4	  4	  4	  4	  0	  0	  0	  0	  0	  0	  0	  0	  0	  0	  0	  0	  0	  0	  0	  0	  0	  0	  0	  0	  0	  0	  0	  0	 77	 69	 69	 85	  0	 49	  0	  0	  0	  0	  0	  0	  0	  0	  0	  0	  0	  5	21827	  0
28/02/2018	15:37:10	->	L	00000000	 23	 82	 69	 55	  0	195	  0	  4	  4	  4	  4	  4	  4	  4	  4	  0	  0	  0	  0	  0	  0	  0	  0	  0	  0	  0	  0	  0	  0	  0	  0	  0	  0	  0	  0	  0	  0	  0	  0	 76	 69	 73	 82	  0	 55	  0	  0	  0	  0	  0	  0	  0	  0	  0	  0	  0	  5	21827	  0
28/02/2018	15:42:10	->	L	00000000	 23	 86	 69	 47	  0	200	  0	  4	  4	  4	  4	  4	  4	  4	  4	  0	  0	  0	  0	  0	  0	  0	  0	  0	  0	  0	  0	  0	  0	  0	  0	  0	  0	  0	  0	  0	  0	  0	  0	 78	 69	 66	 86	  0	 47	  0	  0	  0	  0	  0	  0	  0	  0	  0	  0	  0	  5	21827	  0
28/02/2018	15:47:11	->	L	00000000	 23	 84	 69	 52	  0	205	  0	  4	  4	  4	  4	  4	  4	  4	  4	  0	  0	  0	  0	  0	  0	  0	  0	  0	  0	  0	  0	  0	  0	  0	  0	  0	  0	  0	  0	  0	  0	  0	  0	 77	 69	 69	 84	  0	 51	  0	  0	  0	  0	  0	  0	  0	  0	  0	  0	  0	  5	21827	  0
28/02/2018	15:52:11	->	L	00000000	 23	 82	 69	 55	  0	210	  0	  4	  4	  4	  4	  4	  4	  4	  4	  0	  0	  0	  0	  0	  0	  0	  0	  0	  0	  0	  0	  0	  0	  0	  0	  0	  0	  0	  0	  0	  0	  0	  0	 76	 69	 73	 82	  0	 55	  0	  0	  0	  0	  0	  0	  0	  0	  0	  0	  0	  5	21827	  0
28/02/2018	15:57:10	->	L	00000000	 23	 86	 69	 47	  0	215	  0	  4	  4	  4	  4	  4	  4	  4	  4	  0	  0	  0	  0	  0	  0	  0	  0	  0	  0	  0	  0	  0	  0	  0	  0	  0	  0	  0	  0	  0	  0	  0	  0	 77	 69	 69	 86	  0	 47	  0	  0	  0	  0	  0	  0	  0	  0	  0	  0	  0	  5	21827	  0
28/02/2018	16:02:10	->	L	00000000	 23	 86	 69	 47	  0	220	  0	  4	  4	  4	  4	  4	  4	  4	  4	  0	  0	  0	  0	  0	  0	  0	  0	  0	  0	  0	  0	  0	  0	  0	  0	  0	  0	  0	  0	  0	  0	  0	  0	 77	 69	 69	 86	  0	 47	  0	  0	  0	  0	  0	  0	  0	  0	  0	  0	  0	  5	21827	  0
28/02/2018	16:07:10	->	L	00000000	 23	 82	 69	 55	  0	225	  0	  4	  4	  4	  4	  4	  4	  4	  4	  0	  0	  0	  0	  0	  0	  0	  0	  0	  0	  0	  0	  0	  0	  0	  0	  0	  0	  0	  0	  0	  0	  0	  0	 76	 69	 73	 82	  0	 55	  0	  0	  0	  0	  0	  0	  0	  0	  0	  0	  0	  5	21827	  0
28/02/2018	16:12:10	->	L	00000000	 23	 87	 70	 45	  0	230	  0	  4	  4	  4	  4	  4	  4	  4	  4	  0	  0	  0	  0	  0	  0	  0	  0	  0	  0	  0	  0	  0	  0	  0	  0	  0	  0	  0	  0	  0	  0	  0	  0	 78	 70	 70	 87	  0	 47	  0	  0	  0	  0	  0	  0	  0	  0	  0	  0	  0	  5	21827	  0
28/02/2018	16:17:11	->	L	00000000	 23	 86	 69	 49	  0	235	  0	  4	  4	  4	  4	  4	  4	  4	  4	  0	  0	  0	  0	  0	  0	  0	  0	  0	  0	  0	  0	  0	  0	  0	  0	  0	  0	  0	  0	  0	  0	  0	  0	 77	 69	 69	 86	  0	 47	  0	  0	  0	  0	  0	  0	  0	  0	  0	  0	  0	  5	21827	  0
28/02/2018	16:22:11	->	L	00000000	 23	 82	 69	 55	  0	240	  0	  4	  4	  4	  4	  4	  4	  4	  4	  0	  0	  0	  0	  0	  0	  0	  0	  0	  0	  0	  0	  0	  0	  0	  0	  0	  0	  0	  0	  0	  0	  0	  0	 76	 69	 73	 82	  0	 55	  0	  0	  0	  0	  0	  0	  0	  0	  0	  0	  0	  5	21827	  0
28/02/2018	16:27:11	->	L	00000000	 24	 86	 67	 42	  0	  4	  0	  4	  4	  4	  4	  4	  4	  4	  4	  0	  0	  0	  0	  0	  0	  0	  0	  0	  0	  0	  0	  0	  0	  0	  0	  0	  0	  0	  0	  0	  0	  0	  0	 77	 67	 62	 86	  0	 42	  0	  0	  0	  0	  0	  0	  0	  0	  0	  0	  0	  5	21824	  0
28/02/2018	16:32:11	->	L	00000000	 24	 84	 67	 46	  0	  9	  0	  4	  4	  4	  4	  4	  4	  4	  4	  0	  0	  0	  0	  0	  0	  0	  0	  0	  0	  0	  0	  0	  0	  0	  0	  0	  0	  0	  0	  0	  0	  0	  0	 76	 67	 66	 84	  0	 46	  0	  0	  0	  0	  0	  0	  0	  0	  0	  0	  0	  5	21824	  0
28/02/2018	16:37:11	->	L	00000000	 24	 82	 67	 50	  0	 14	  0	  4	  4	  4	  4	  4	  4	  4	  4	  0	  0	  0	  0	  0	  0	  0	  0	  0	  0	  0	  0	  0	  0	  0	  0	  0	  0	  0	  0	  0	  0	  0	  0	 75	 67	 69	 82	  0	 50	  0	  0	  0	  0	  0	  0	  0	  0	  0	  0	  0	  5	21824	  0
28/02/2018	16:42:11	->	L	00000000	 24	 85	 67	 44	  0	 19	  0	  4	  4	  4	  4	  4	  4	  4	  4	  0	  0	  0	  0	  0	  0	  0	  0	  0	  0	  0	  0	  0	  0	  0	  0	  0	  0	  0	  0	  0	  0	  0	  0	 76	 67	 66	 85	  0	 44	  0	  0	  0	  0	  0	  0	  0	  0	  0	  0	  0	  5	21824	  0
28/02/2018	16:47:11	->	L	00000000	 24	 86	 67	 42	  0	 24	  0	  4	  4	  4	  4	  4	  4	  4	  4	  0	  0	  0	  0	  0	  0	  0	  0	  0	  0	  0	  0	  0	  0	  0	  0	  0	  0	  0	  0	  0	  0	  0	  0	 76	 67	 66	 86	  0	 42	  0	  0	  0	  0	  0	  0	  0	  0	  0	  0	  0	  5	21824	  0
28/02/2018	16:52:12	->	L	00000000	 24	 82	 66	 50	  0	 29	  0	  4	  4	  4	  4	  4	  4	  4	  4	  0	  0	  0	  0	  0	  0	  0	  0	  0	  0	  0	  0	  0	  0	  0	  0	  0	  0	  0	  0	  0	  0	  0	  0	 75	 66	 65	 82	  0	 48	  0	  0	  0	  0	  0	  0	  0	  0	  0	  0	  0	  5	21824	  0
28/02/2018	16:57:11	->	L	00000000	 24	 86	 67	 42	  0	 34	  0	  4	  4	  4	  4	  4	  4	  4	  4	  0	  0	  0	  0	  0	  0	  0	  0	  0	  0	  0	  0	  0	  0	  0	  0	  0	  0	  0	  0	  0	  0	  0	  0	 77	 67	 62	 86	  0	 42	  0	  0	  0	  0	  0	  0	  0	  0	  0	  0	  0	  5	21824	  0
28/02/2018	17:02:11	->	L	00000000	 24	 85	 67	 44	  0	 39	  0	  4	  4	  4	  4	  4	  4	  4	  4	  0	  0	  0	  0	  0	  0	  0	  0	  0	  0	  0	  0	  0	  0	  0	  0	  0	  0	  0	  0	  0	  0	  0	  0	 76	 67	 66	 85	  0	 44	  0	  0	  0	  0	  0	  0	  0	  0	  0	  0	  0	  5	21824	  0
28/02/2018	17:07:11	->	L	00000000	 24	 81	 66	 50	  0	 44	  0	  4	  4	  4	  4	  4	  4	  4	  4	  0	  0	  0	  0	  0	  0	  0	  0	  0	  0	  0	  0	  0	  0	  0	  0	  0	  0	  0	  0	  0	  0	  0	  0	 75	 66	 65	 81	  0	 50	  0	  0	  0	  0	  0	  0	  0	  0	  0	  0	  0	  5	21824	  0
28/02/2018	17:12:11	->	L	00000000	 24	 86	 67	 41	  0	 49	  0	  4	  4	  4	  4	  4	  4	  4	  4	  0	  0	  0	  0	  0	  0	  0	  0	  0	  0	  0	  0	  0	  0	  0	  0	  0	  0	  0	  0	  0	  0	  0	  0	 77	 67	 62	 86	  0	 42	  0	  0	  0	  0	  0	  0	  0	  0	  0	  0	  0	  5	21824	  0
28/02/2018	17:17:11	->	L	00000000	 24	 87	 67	 42	  0	 54	  0	  4	  4	  4	  4	  4	  4	  4	  4	  0	  0	  0	  0	  0	  0	  0	  0	  0	  0	  0	  0	  0	  0	  0	  0	  0	  0	  0	  0	  0	  0	  0	  0	 77	 67	 62	 87	  0	 41	  0	  0	  0	  0	  0	  0	  0	  0	  0	  0	  0	  5	21824	  0
28/02/2018	17:22:11	->	L	00000000	 24	 83	 66	 48	  0	 59	  0	  4	  4	  4	  4	  4	  4	  4	  4	  0	  0	  0	  0	  0	  0	  0	  0	  0	  0	  0	  0	  0	  0	  0	  0	  0	  0	  0	  0	  0	  0	  0	  0	 75	 66	 65	 83	  0	 45	  0	  0	  0	  0	  0	  0	  0	  0	  0	  0	  0	  5	21824	  0
28/02/2018	17:27:12	->	L	00000000	 24	 83	 67	 46	  0	 64	  0	  4	  4	  4	  4	  4	  4	  4	  4	  0	  0	  0	  0	  0	  0	  0	  0	  0	  0	  0	  0	  0	  0	  0	  0	  0	  0	  0	  0	  0	  0	  0	  0	 76	 67	 66	 83	  0	 48	  0	  0	  0	  0	  0	  0	  0	  0	  0	  0	  0	  5	21824	  0
28/02/2018	17:32:12	->	L	00000000	 24	 87	 67	 41	  0	 69	  0	  4	  4	  4	  4	  4	  4	  4	  4	  0	  0	  0	  0	  0	  0	  0	  0	  0	  0	  0	  0	  0	  0	  0	  0	  0	  0	  0	  0	  0	  0	  0	  0	 77	 67	 62	 87	  0	 41	  0	  0	  0	  0	  0	  0	  0	  0	  0	  0	  0	  5	21824	  0
28/02/2018	17:37:12	->	L	00000000	 24	 81	 66	 50	  0	 74	  0	  4	  4	  4	  4	  4	  4	  4	  4	  0	  0	  0	  0	  0	  0	  0	  0	  0	  0	  0	  0	  0	  0	  0	  0	  0	  0	  0	  0	  0	  0	  0	  0	 75	 66	 65	 81	  0	 50	  0	  0	  0	  0	  0	  0	  0	  0	  0	  0	  0	  5	21824	  0
28/02/2018	17:42:12	->	L	00000000	 24	 87	 67	 41	  0	 79	  0	  4	  4	  4	  4	  4	  4	  4	  4	  0	  0	  0	  0	  0	  0	  0	  0	  0	  0	  0	  0	  0	  0	  0	  0	  0	  0	  0	  0	  0	  0	  0	  0	 77	 67	 62	 87	  0	 41	  0	  0	  0	  0	  0	  0	  0	  0	  0	  0	  0	  5	21824	  0
28/02/2018	17:47:12	->	L	00000000	 24	 86	 67	 42	  0	 84	  0	  4	  4	  4	  4	  4	  4	  4	  4	  0	  0	  0	  0	  0	  0	  0	  0	  0	  0	  0	  0	  0	  0	  0	  0	  0	  0	  0	  0	  0	  0	  0	  0	 76	 67	 66	 86	  0	 42	  0	  0	  0	  0	  0	  0	  0	  0	  0	  0	  0	  5	21824	  0
28/02/2018	17:52:12	->	L	00000000	 24	 81	 66	 50	  0	 89	  0	  4	  4	  4	  4	  4	  4	  4	  4	  0	  0	  0	  0	  0	  0	  0	  0	  0	  0	  0	  0	  0	  0	  0	  0	  0	  0	  0	  0	  0	  0	  0	  0	 75	 66	 65	 81	  0	 50	  0	  0	  0	  0	  0	  0	  0	  0	  0	  0	  0	  5	21824	  0
28/02/2018	17:57:13	->	L	00000000	 24	 86	 67	 41	  0	 94	  0	  4	  4	  4	  4	  4	  4	  4	  4	  0	  0	  0	  0	  0	  0	  0	  0	  0	  0	  0	  0	  0	  0	  0	  0	  0	  0	  0	  0	  0	  0	  0	  0	 77	 67	 62	 86	  0	 42	  0	  0	  0	  0	  0	  0	  0	  0	  0	  0	  0	  5	21824	  0
28/02/2018	18:02:12	->	L	00000000	 24	 84	 66	 45	  0	 99	  0	  4	  4	  4	  4	  4	  4	  4	  4	  0	  0	  0	  0	  0	  0	  0	  0	  0	  0	  0	  0	  0	  0	  0	  0	  0	  0	  0	  0	  0	  0	  0	  0	 76	 66	 62	 84	  0	 44	  0	  0	  0	  0	  0	  0	  0	  0	  0	  0	  0	  5	21824	  0
28/02/2018	18:07:12	->	L	00000000	 24	 83	 67	 46	  0	104	  0	  4	  4	  4	  4	  4	  4	  4	  4	  0	  0	  0	  0	  0	  0	  0	  0	  0	  0	  0	  0	  0	  0	  0	  0	  0	  0	  0	  0	  0	  0	  0	  0	 76	 67	 66	 83	  0	 48	  0	  0	  0	  0	  0	  0	  0	  0	  0	  0	  0	  5	21824	  0
28/02/2018	18:12:12	->	L	00000000	 24	 87	 67	 41	  0	109	  0	  4	  4	  4	  4	  4	  4	  4	  4	  0	  0	  0	  0	  0	  0	  0	  0	  0	  0	  0	  0	  0	  0	  0	  0	  0	  0	  0	  0	  0	  0	  0	  0	 77	 67	 62	 87	  0	 41	  0	  0	  0	  0	  0	  0	  0	  0	  0	  0	  0	  5	21824	  0
28/02/2018	18:17:12	->	L	00000000	 24	 85	 67	 44	  0	114	  0	  4	  4	  4	  4	  4	  4	  4	  4	  0	  0	  0	  0	  0	  0	  0	  0	  0	  0	  0	  0	  0	  0	  0	  0	  0	  0	  0	  0	  0	  0	  0	  0	 76	 67	 66	 85	  0	 44	  0	  0	  0	  0	  0	  0	  0	  0	  0	  0	  0	  5	21824	  0
28/02/2018	18:22:12	->	L	00000000	 24	 82	 67	 48	  0	119	  0	  4	  4	  4	  4	  4	  4	  4	  4	  0	  0	  0	  0	  0	  0	  0	  0	  0	  0	  0	  0	  0	  0	  0	  0	  0	  0	  0	  0	  0	  0	  0	  0	 76	 67	 66	 82	  0	 50	  0	  0	  0	  0	  0	  0	  0	  0	  0	  0	  0	  5	21824	  0
28/02/2018	18:27:12	->	L	00000000	 24	 87	 67	 41	  0	124	  0	  4	  4	  4	  4	  4	  4	  4	  4	  0	  0	  0	  0	  0	  0	  0	  0	  0	  0	  0	  0	  0	  0	  0	  0	  0	  0	  0	  0	  0	  0	  0	  0	 77	 67	 62	 87	  0	 41	  0	  0	  0	  0	  0	  0	  0	  0	  0	  0	  0	  5	21824	  0
28/02/2018	18:32:12	->	L	00000000	 24	 85	 66	 42	  0	129	  0	  4	  4	  4	  4	  4	  4	  4	  4	  0	  0	  0	  0	  0	  0	  0	  0	  0	  0	  0	  0	  0	  0	  0	  0	  0	  0	  0	  0	  0	  0	  0	  0	 76	 66	 62	 85	  0	 42	  0	  0	  0	  0	  0	  0	  0	  0	  0	  0	  0	  5	21824	  0
28/02/2018	18:37:12	->	L	00000000	 24	 80	 66	 50	  0	134	  0	  4	  4	  4	  4	  4	  4	  4	  4	  0	  0	  0	  0	  0	  0	  0	  0	  0	  0	  0	  0	  0	  0	  0	  0	  0	  0	  0	  0	  0	  0	  0	  0	 75	 66	 65	 80	  0	 51	  0	  0	  0	  0	  0	  0	  0	  0	  0	  0	  0	  5	21824	  0
28/02/2018	18:42:13	->	L	00000000	 24	 87	 67	 41	  0	139	  0	  4	  4	  4	  4	  4	  4	  4	  4	  0	  0	  0	  0	  0	  0	  0	  0	  0	  0	  0	  0	  0	  0	  0	  0	  0	  0	  0	  0	  0	  0	  0	  0	 77	 67	 62	 87	  0	 41	  0	  0	  0	  0	  0	  0	  0	  0	  0	  0	  0	  5	21824	  0
28/02/2018	18:47:13	<-	L	00000000	 24	 84	 68	 51	  0	144	  0	  4	  4	  4	  4	  4	  4	  4	  4	  0	  0	  0	  0	  0	  0	  0	  0	  0	  0	  0	  0	  0	  0	  0	  0	  0	  0	  0	  0	  0	  0	  0	  0	 84	 68	 49	 79	  0	 60	  0	  0	  0	  0	  0	  0	  0	  0	  0	  0	  0	  5	21824	  0
28/02/2018	18:52:13	<-	L	00000000	 24	 85	 67	 42	  0	149	  0	  4	  4	  4	  4	  4	  4	  4	  4	  0	  0	  0	  0	  0	  0	  0	  0	  0	  0	  0	  0	  0	  0	  0	  0	  0	  0	  0	  0	  0	  0	  0	  0	 85	 67	 44	 78	  0	 60	  0	  0	  0	  0	  0	  0	  0	  0	  0	  0	  0	  5	21824	  0
28/02/2018	18:57:13	<-	L	00000000	 24	 84	 67	 48	  0	154	  0	  4	  4	  4	  4	  4	  4	  4	  4	  0	  0	  0	  0	  0	  0	  0	  0	  0	  0	  0	  0	  0	  0	  0	  0	  0	  0	  0	  0	  0	  0	  0	  0	 84	 67	 46	 77	  0	 62	  0	  0	  0	  0	  0	  0	  0	  0	  0	  0	  0	  5	21824	  0
28/02/2018	19:02:13	<-	L	00000000	 24	 84	 67	 44	  0	159	  0	  4	  4	  4	  4	  4	  4	  4	  4	  0	  0	  0	  0	  0	  0	  0	  0	  0	  0	  0	  0	  0	  0	  0	  0	  0	  0	  0	  0	  0	  0	  0	  0	 84	 67	 46	 77	  0	 62	  0	  0	  0	  0	  0	  0	  0	  0	  0	  0	  0	  5	21824	  0
28/02/2018	19:07:13	<-	L	00000000	 24	 84	 67	 46	  0	164	  0	  4	  4	  4	  4	  4	  4	  4	  4	  0	  0	  0	  0	  0	  0	  0	  0	  0	  0	  0	  0	  0	  0	  0	  0	  0	  0	  0	  0	  0	  0	  0	  0	 84	 67	 46	 77	  0	 62	  0	  0	  0	  0	  0	  0	  0	  0	  0	  0	  0	  5	21824	  0
28/02/2018	19:12:13	<-	L	00000000	 24	 83	 67	 46	  0	169	  0	  4	  4	  4	  4	  4	  4	  4	  4	  0	  0	  0	  0	  0	  0	  0	  0	  0	  0	  0	  0	  0	  0	  0	  0	  0	  0	  0	  0	  0	  0	  0	  0	 83	 67	 48	 76	  0	 66	  0	  0	  0	  0	  0	  0	  0	  0	  0	  0	  0	  5	21824	  0
28/02/2018	19:17:13	<-	L	00000000	 24	 85	 67	 44	  0	174	  0	  4	  4	  4	  4	  4	  4	  4	  4	  0	  0	  0	  0	  0	  0	  0	  0	  0	  0	  0	  0	  0	  0	  0	  0	  0	  0	  0	  0	  0	  0	  0	  0	 85	 67	 44	 77	  0	 62	  0	  0	  0	  0	  0	  0	  0	  0	  0	  0	  0	  5	23104	  0
28/02/2018	19:22:13	<-	L	00000000	 24	 86	 67	 42	  0	179	  0	  4	  4	  4	  4	  4	  4	  4	  4	  0	  0	  0	  0	  0	  0	  0	  0	  0	  0	  0	  0	  0	  0	  0	  0	  0	  0	  0	  0	  0	  0	  0	  0	 86	 67	 42	 77	  0	 62	  0	  0	  0	  0	  0	  0	  0	  0	  0	  0	  0	  5	23104	  0
28/02/2018	19:27:14	<-	L	00000000	 24	 85	 67	 44	  0	184	  0	  4	  4	  4	  4	  4	  4	  4	  4	  0	  0	  0	  0	  0	  0	  0	  0	  0	  0	  0	  0	  0	  0	  0	  0	  0	  0	  0	  0	  0	  0	  0	  0	 85	 67	 44	 77	  0	 62	  0	  0	  0	  0	  0	  0	  0	  0	  0	  0	  0	  5	23104	  0
28/02/2018	19:32:14	<-	L	00000000	 24	 84	 67	 46	  0	189	  0	  4	  4	  4	  4	  4	  4	  4	  4	  0	  0	  0	  0	  0	  0	  0	  0	  0	  0	  0	  0	  0	  0	  0	  0	  0	  0	  0	  0	  0	  0	  0	  0	 84	 67	 46	 77	  0	 62	  0	  0	  0	  0	  0	  0	  0	  0	  0	  0	  0	  5	23104	  0
28/02/2018	19:37:13	<-	L	00000000	 24	 84	 67	 46	  0	194	  0	  4	  4	  4	  4	  4	  4	  4	  4	  0	  0	  0	  0	  0	  0	  0	  0	  0	  0	  0	  0	  0	  0	  0	  0	  0	  0	  0	  0	  0	  0	  0	  0	 84	 67	 46	 77	  0	 62	  0	  0	  0	  0	  0	  0	  0	  0	  0	  0	  0	  5	23104	  0
28/02/2018	19:42:13	<-	L	00000000	 24	 84	 67	 46	  0	199	  0	  4	  4	  4	  4	  4	  4	  4	  4	  0	  0	  0	  0	  0	  0	  0	  0	  0	  0	  0	  0	  0	  0	  0	  0	  0	  0	  0	  0	  0	  0	  0	  0	 84	 67	 46	 77	  0	 62	  0	  0	  0	  0	  0	  0	  0	  0	  0	  0	  0	  5	23104	  0
28/02/2018	19:47:13	<-	L	00000000	 24	 84	 66	 46	  0	204	  0	  4	  4	  4	  4	  4	  4	  4	  4	  0	  0	  0	  0	  0	  0	  0	  0	  0	  0	  0	  0	  0	  0	  0	  0	  0	  0	  0	  0	  0	  0	  0	  0	 84	 66	 44	 77	  0	 59	  0	  0	  0	  0	  0	  0	  0	  0	  0	  0	  0	  5	23104	  0
28/02/2018	19:52:13	<-	L	00000000	 24	 85	 67	 44	  0	209	  0	  4	  4	  4	  4	  4	  4	  4	  4	  0	  0	  0	  0	  0	  0	  0	  0	  0	  0	  0	  0	  0	  0	  0	  0	  0	  0	  0	  0	  0	  0	  0	  0	 85	 67	 44	 77	  0	 62	  0	  0	  0	  0	  0	  0	  0	  0	  0	  0	  0	  5	23104	  0
28/02/2018	19:57:14	<-	L	00000000	 24	 85	 66	 44	  0	214	  0	  4	  4	  4	  4	  4	  4	  4	  4	  0	  0	  0	  0	  0	  0	  0	  0	  0	  0	  0	  0	  0	  0	  0	  0	  0	  0	  0	  0	  0	  0	  0	  0	 85	 66	 42	 77	  0	 59	  0	  0	  0	  0	  0	  0	  0	  0	  0	  0	  0	  5	23104	  0
28/02/2018	20:02:14	<-	L	00000000	 24	 85	 67	 44	  0	219	  0	  4	  4	  4	  4	  4	  4	  4	  4	  0	  0	  0	  0	  0	  0	  0	  0	  0	  0	  0	  0	  0	  0	  0	  0	  0	  0	  0	  0	  0	  0	  0	  0	 85	 67	 44	 77	  0	 62	  0	  0	  0	  0	  0	  0	  0	  0	  0	  0	  0	  5	23104	  0
28/02/2018	20:07:14	<-	L	00000000	 24	 85	 67	 44	  0	224	  0	  4	  4	  4	  4	  4	  4	  4	  4	  0	  0	  0	  0	  0	  0	  0	  0	  0	  0	  0	  0	  0	  0	  0	  0	  0	  0	  0	  0	  0	  0	  0	  0	 85	 67	 44	 77	  0	 62	  0	  0	  0	  0	  0	  0	  0	  0	  0	  0	  0	  5	23104	  0
28/02/2018	20:12:14	<-	L	00000000	 24	 85	 67	 44	  0	229	  0	  4	  4	  4	  4	  4	  4	  4	  4	  0	  0	  0	  0	  0	  0	  0	  0	  0	  0	  0	  0	  0	  0	  0	  0	  0	  0	  0	  0	  0	  0	  0	  0	 85	 67	 44	 77	  0	 62	  0	  0	  0	  0	  0	  0	  0	  0	  0	  0	  0	  5	23104	  0
28/02/2018	20:17:14	<-	L	00000000	 24	 85	 67	 44	  0	234	  0	  4	  4	  4	  4	  4	  4	  4	  4	  0	  0	  0	  0	  0	  0	  0	  0	  0	  0	  0	  0	  0	  0	  0	  0	  0	  0	  0	  0	  0	  0	  0	  0	 85	 67	 44	 77	  0	 62	  0	  0	  0	  0	  0	  0	  0	  0	  0	  0	  0	  5	23104	  0
28/02/2018	20:22:14	<-	L	00000000	 24	 85	 67	 42	  0	239	  0	  4	  4	  4	  4	  4	  4	  4	  4	  0	  0	  0	  0	  0	  0	  0	  0	  0	  0	  0	  0	  0	  0	  0	  0	  0	  0	  0	  0	  0	  0	  0	  0	 85	 67	 44	 77	  0	 62	  0	  0	  0	  0	  0	  0	  0	  0	  0	  0	  0	  5	23104	  0
28/02/2018	20:27:14	<-	L	00000000	 25	 85	 65	 40	  0	  3	  0	  4	  4	  4	  4	  4	  4	  4	  4	  0	  0	  0	  0	  0	  0	  0	  0	  0	  0	  0	  0	  0	  0	  0	  0	  0	  0	  0	  0	  0	  0	  0	  0	 85	 65	 40	 77	  0	 57	  0	  0	  0	  0	  0	  0	  0	  0	  0	  0	  0	  5	23101	  0
28/02/2018	20:32:15	<-	L	00000000	 25	 84	 64	 37	  0	  8	  0	  4	  4	  4	  4	  4	  4	  4	  4	  0	  0	  0	  0	  0	  0	  0	  0	  0	  0	  0	  0	  0	  0	  0	  0	  0	  0	  0	  0	  0	  0	  0	  0	 84	 64	 39	 77	  0	 53	  0	  0	  0	  0	  0	  0	  0	  0	  0	  0	  0	  5	23101	  0
28/02/2018	20:37:14	<-	L	00000000	 25	 85	 65	 40	  0	 13	  0	  4	  4	  4	  4	  4	  4	  4	  4	  0	  0	  0	  0	  0	  0	  0	  0	  0	  0	  0	  0	  0	  0	  0	  0	  0	  0	  0	  0	  0	  0	  0	  0	 85	 65	 40	 77	  0	 57	  0	  0	  0	  0	  0	  0	  0	  0	  0	  0	  0	  5	23101	  0
28/02/2018	20:42:14	<-	L	00000000	 25	 85	 64	 37	  0	 18	  0	  4	  4	  4	  4	  4	  4	  4	  4	  0	  0	  0	  0	  0	  0	  0	  0	  0	  0	  0	  0	  0	  0	  0	  0	  0	  0	  0	  0	  0	  0	  0	  0	 85	 64	 37	 76	  0	 56	  0	  0	  0	  0	  0	  0	  0	  0	  0	  0	  0	  5	23101	  0
28/02/2018	20:47:14	<-	L	00000000	 25	 85	 64	 37	  0	 23	  0	  4	  4	  4	  4	  4	  4	  4	  4	  0	  0	  0	  0	  0	  0	  0	  0	  0	  0	  0	  0	  0	  0	  0	  0	  0	  0	  0	  0	  0	  0	  0	  0	 85	 64	 37	 76	  0	 56	  0	  0	  0	  0	  0	  0	  0	  0	  0	  0	  0	  5	23101	  0
28/02/2018	20:52:14	<-	L	00000000	 25	 85	 64	 36	  0	 28	  0	  4	  4	  4	  4	  4	  4	  4	  4	  0	  0	  0	  0	  0	  0	  0	  0	  0	  0	  0	  0	  0	  0	  0	  0	  0	  0	  0	  0	  0	  0	  0	  0	 85	 64	 37	 77	  0	 53	  0	  0	  0	  0	  0	  0	  0	  0	  0	  0	  0	  5	23101	  0
28/02/2018	20:57:14	<-	L	00000000	 25	 85	 64	 37	  0	 33	  0	  4	  4	  4	  4	  4	  4	  4	  4	  0	  0	  0	  0	  0	  0	  0	  0	  0	  0	  0	  0	  0	  0	  0	  0	  0	  0	  0	  0	  0	  0	  0	  0	 85	 64	 37	 77	  0	 53	  0	  0	  0	  0	  0	  0	  0	  0	  0	  0	  0	  5	23101	  0
28/02/2018	21:02:14	<-	L	00000000	 25	 85	 64	 37	  0	 38	  0	  4	  4	  4	  4	  4	  4	  4	  4	  0	  0	  0	  0	  0	  0	  0	  0	  0	  0	  0	  0	  0	  0	  0	  0	  0	  0	  0	  0	  0	  0	  0	  0	 85	 64	 37	 77	  0	 53	  0	  0	  0	  0	  0	  0	  0	  0	  0	  0	  0	  5	23101	  0
28/02/2018	21:07:15	<-	L	00000000	 25	 86	 64	 36	  0	 43	  0	  4	  4	  4	  4	  4	  4	  4	  4	  0	  0	  0	  0	  0	  0	  0	  0	  0	  0	  0	  0	  0	  0	  0	  0	  0	  0	  0	  0	  0	  0	  0	  0	 86	 64	 36	 77	  0	 53	  0	  0	  0	  0	  0	  0	  0	  0	  0	  0	  0	  5	23101	  0
28/02/2018	21:12:15	<-	L	00000000	 25	 85	 64	 37	  0	 48	  0	  4	  4	  4	  4	  4	  4	  4	  4	  0	  0	  0	  0	  0	  0	  0	  0	  0	  0	  0	  0	  0	  0	  0	  0	  0	  0	  0	  0	  0	  0	  0	  0	 85	 64	 37	 77	  0	 53	  0	  0	  0	  0	  0	  0	  0	  0	  0	  0	  0	  5	23101	  0
28/02/2018	21:17:15	<-	L	00000000	 25	 85	 64	 37	  0	 53	  0	  4	  4	  4	  4	  4	  4	  4	  4	  0	  0	  0	  0	  0	  0	  0	  0	  0	  0	  0	  0	  0	  0	  0	  0	  0	  0	  0	  0	  0	  0	  0	  0	 85	 64	 37	 76	  0	 56	  0	  0	  0	  0	  0	  0	  0	  0	  0	  0	  0	  5	23101	  0
28/02/2018	21:22:15	<-	L	00000000	 25	 85	 64	 37	  0	 58	  0	  4	  4	  4	  4	  4	  4	  4	  4	  0	  0	  0	  0	  0	  0	  0	  0	  0	  0	  0	  0	  0	  0	  0	  0	  0	  0	  0	  0	  0	  0	  0	  0	 85	 64	 37	 76	  0	 56	  0	  0	  0	  0	  0	  0	  0	  0	  0	  0	  0	  5	23101	  0
28/02/2018	21:27:15	<-	L	00000000	 25	 85	 64	 37	  0	 63	  0	  4	  4	  4	  4	  4	  4	  4	  4	  0	  0	  0	  0	  0	  0	  0	  0	  0	  0	  0	  0	  0	  0	  0	  0	  0	  0	  0	  0	  0	  0	  0	  0	 85	 64	 37	 76	  0	 56	  0	  0	  0	  0	  0	  0	  0	  0	  0	  0	  0	  5	23101	  0
28/02/2018	21:32:15	<-	L	00000000	 25	 85	 64	 37	  0	 68	  0	  4	  4	  4	  4	  4	  4	  4	  4	  0	  0	  0	  0	  0	  0	  0	  0	  0	  0	  0	  0	  0	  0	  0	  0	  0	  0	  0	  0	  0	  0	  0	  0	 85	 64	 37	 76	  0	 56	  0	  0	  0	  0	  0	  0	  0	  0	  0	  0	  0	  5	23101	  0
28/02/2018	21:37:16	<-	L	00000000	 25	 85	 64	 37	  0	 73	  0	  4	  4	  4	  4	  4	  4	  4	  4	  0	  0	  0	  0	  0	  0	  0	  0	  0	  0	  0	  0	  0	  0	  0	  0	  0	  0	  0	  0	  0	  0	  0	  0	 85	 64	 37	 77	  0	 53	  0	  0	  0	  0	  0	  0	  0	  0	  0	  0	  0	  5	23101	  0
28/02/2018	21:42:15	<-	L	00000000	 25	 85	 64	 37	  0	 78	  0	  4	  4	  4	  4	  4	  4	  4	  4	  0	  0	  0	  0	  0	  0	  0	  0	  0	  0	  0	  0	  0	  0	  0	  0	  0	  0	  0	  0	  0	  0	  0	  0	 85	 64	 37	 76	  0	 56	  0	  0	  0	  0	  0	  0	  0	  0	  0	  0	  0	  5	23101	  0
28/02/2018	21:47:15	<-	L	00000000	 25	 85	 64	 40	  0	 83	  0	  4	  4	  4	  4	  4	  4	  4	  4	  0	  0	  0	  0	  0	  0	  0	  0	  0	  0	  0	  0	  0	  0	  0	  0	  0	  0	  0	  0	  0	  0	  0	  0	 85	 64	 37	 77	  0	 53	  0	  0	  0	  0	  0	  0	  0	  0	  0	  0	  0	  5	23101	  0
28/02/2018	21:52:15	<-	L	00000000	 25	 86	 64	 36	  0	 88	  0	  4	  4	  4	  4	  4	  4	  4	  4	  0	  0	  0	  0	  0	  0	  0	  0	  0	  0	  0	  0	  0	  0	  0	  0	  0	  0	  0	  0	  0	  0	  0	  0	 86	 64	 36	 77	  0	 53	  0	  0	  0	  0	  0	  0	  0	  0	  0	  0	  0	  5	23101	  0
28/02/2018	21:57:15	<-	L	00000000	 25	 86	 64	 36	  0	 93	  0	  4	  4	  4	  4	  4	  4	  4	  4	  0	  0	  0	  0	  0	  0	  0	  0	  0	  0	  0	  0	  0	  0	  0	  0	  0	  0	  0	  0	  0	  0	  0	  0	 86	 64	 36	 77	  0	 53	  0	  0	  0	  0	  0	  0	  0	  0	  0	  0	  0	  5	23101	  0
28/02/2018	22:02:15	<-	L	00000000	 25	 86	 64	 36	  0	 98	  0	  4	  4	  4	  4	  4	  4	  4	  4	  0	  0	  0	  0	  0	  0	  0	  0	  0	  0	  0	  0	  0	  0	  0	  0	  0	  0	  0	  0	  0	  0	  0	  0	 86	 64	 36	 77	  0	 53	  0	  0	  0	  0	  0	  0	  0	  0	  0	  0	  0	  5	23101	  0
28/02/2018	22:07:15	<-	L	00000000	 25	 86	 64	 36	  0	103	  0	  4	  4	  4	  4	  4	  4	  4	  4	  0	  0	  0	  0	  0	  0	  0	  0	  0	  0	  0	  0	  0	  0	  0	  0	  0	  0	  0	  0	  0	  0	  0	  0	 86	 64	 36	 77	  0	 53	  0	  0	  0	  0	  0	  0	  0	  0	  0	  0	  0	  5	23101	  0
28/02/2018	22:12:15	<-	L	00000000	 25	 86	 64	 36	  0	108	  0	  4	  4	  4	  4	  4	  4	  4	  4	  0	  0	  0	  0	  0	  0	  0	  0	  0	  0	  0	  0	  0	  0	  0	  0	  0	  0	  0	  0	  0	  0	  0	  0	 86	 64	 36	 77	  0	 53	  0	  0	  0	  0	  0	  0	  0	  0	  0	  0	  0	  5	23101	  0
28/02/2018	22:17:15	<-	L	00000000	 25	 86	 64	 36	  0	113	  0	  4	  4	  4	  4	  4	  4	  4	  4	  0	  0	  0	  0	  0	  0	  0	  0	  0	  0	  0	  0	  0	  0	  0	  0	  0	  0	  0	  0	  0	  0	  0	  0	 86	 64	 36	 77	  0	 53	  0	  0	  0	  0	  0	  0	  0	  0	  0	  0	  0	  5	23101	  0
28/02/2018	22:22:16	<-	L	00000000	 25	 86	 64	 36	  0	118	  0	  4	  4	  4	  4	  4	  4	  4	  4	  0	  0	  0	  0	  0	  0	  0	  0	  0	  0	  0	  0	  0	  0	  0	  0	  0	  0	  0	  0	  0	  0	  0	  0	 86	 64	 36	 78	  0	 51	  0	  0	  0	  0	  0	  0	  0	  0	  0	  0	  0	  5	23101	  0
28/02/2018	22:27:16	<-	L	00000000	 25	 87	 64	 33	  0	123	  0	  4	  4	  4	  4	  4	  4	  4	  4	  0	  0	  0	  0	  0	  0	  0	  0	  0	  0	  0	  0	  0	  0	  0	  0	  0	  0	  0	  0	  0	  0	  0	  0	 87	 64	 33	 78	  0	 51	  0	  0	  0	  0	  0	  0	  0	  0	  0	  0	  0	  5	23101	  0
28/02/2018	22:32:16	<-	L	00000000	 25	 87	 64	 36	  0	128	  0	  4	  4	  4	  4	  4	  4	  4	  4	  0	  0	  0	  0	  0	  0	  0	  0	  0	  0	  0	  0	  0	  0	  0	  0	  0	  0	  0	  0	  0	  0	  0	  0	 87	 64	 33	 78	  0	 51	  0	  0	  0	  0	  0	  0	  0	  0	  0	  0	  0	  5	23101	  0
28/02/2018	22:37:16	<-	L	00000000	 25	 87	 64	 33	  0	133	  0	  4	  4	  4	  4	  4	  4	  4	  4	  0	  0	  0	  0	  0	  0	  0	  0	  0	  0	  0	  0	  0	  0	  0	  0	  0	  0	  0	  0	  0	  0	  0	  0	 87	 64	 33	 77	  0	 53	  0	  0	  0	  0	  0	  0	  0	  0	  0	  0	  0	  5	23101	  0
28/02/2018	22:42:16	<-	L	00000000	 25	 87	 64	 33	  0	138	  0	  4	  4	  4	  4	  4	  4	  4	  4	  0	  0	  0	  0	  0	  0	  0	  0	  0	  0	  0	  0	  0	  0	  0	  0	  0	  0	  0	  0	  0	  0	  0	  0	 87	 64	 33	 78	  0	 51	  0	  0	  0	  0	  0	  0	  0	  0	  0	  0	  0	  5	23101	  0
28/02/2018	22:47:16	->	L	00000000	 25	 85	 65	 40	  0	143	  0	  4	  4	  4	  4	  4	  4	  4	  4	  0	  0	  0	  0	  0	  0	  0	  0	  0	  0	  0	  0	  0	  0	  0	  0	  0	  0	  0	  0	  0	  0	  0	  0	 81	 65	 47	 85	  0	 40	  0	  0	  0	  0	  0	  0	  0	  0	  0	  0	  0	  5	23101	  0
28/02/2018	22:52:16	->	L	00000000	 25	 90	 65	 32	  0	148	  0	  4	  4	  4	  4	  4	  4	  4	  4	  0	  0	  0	  0	  0	  0	  0	  0	  0	  0	  0	  0	  0	  0	  0	  0	  0	  0	  0	  0	  0	  0	  0	  0	 80	 65	 50	 90	  0	 32	  0	  0	  0	  0	  0	  0	  0	  0	  0	  0	  0	  5	23101	  0
28/02/2018	22:57:16	->	L	00000000	 25	 87	 65	 37	  0	153	  0	  4	  4	  4	  4	  4	  4	  4	  4	  0	  0	  0	  0	  0	  0	  0	  0	  0	  0	  0	  0	  0	  0	  0	  0	  0	  0	  0	  0	  0	  0	  0	  0	 78	 65	 54	 87	  0	 37	  0	  0	  0	  0	  0	  0	  0	  0	  0	  0	  0	  5	23101	  0
28/02/2018	23:02:16	->	L	00000000	 25	 88	 65	 34	  0	158	  0	  4	  4	  4	  4	  4	  4	  4	  4	  0	  0	  0	  0	  0	  0	  0	  0	  0	  0	  0	  0	  0	  0	  0	  0	  0	  0	  0	  0	  0	  0	  0	  0	 79	 65	 51	 88	  0	 34	  0	  0	  0	  0	  0	  0	  0	  0	  0	  0	  0	  5	23101	  0
28/02/2018	23:07:16	->	L	00000000	 25	 90	 65	 32	  0	163	  0	  4	  4	  4	  4	  4	  4	  4	  4	  0	  0	  0	  0	  0	  0	  0	  0	  0	  0	  0	  0	  0	  0	  0	  0	  0	  0	  0	  0	  0	  0	  0	  0	 79	 65	 51	 90	  0	 32	  0	  0	  0	  0	  0	  0	  0	  0	  0	  0	  0	  5	23101	  0
28/02/2018	23:12:16	->	L	00000000	 25	 88	 64	 33	  0	168	  0	  4	  4	  4	  4	  4	  4	  4	  4	  0	  0	  0	  0	  0	  0	  0	  0	  0	  0	  0	  0	  0	  0	  0	  0	  0	  0	  0	  0	  0	  0	  0	  0	 78	 64	 51	 88	  0	 34	  0	  0	  0	  0	  0	  0	  0	  0	  0	  0	  0	  5	23101	  0
28/02/2018	23:17:16	->	L	00000000	 25	 89	 65	 32	  0	173	  0	  4	  4	  4	  4	  4	  4	  4	  4	  0	  0	  0	  0	  0	  0	  0	  0	  0	  0	  0	  0	  0	  0	  0	  0	  0	  0	  0	  0	  0	  0	  0	  0	 79	 65	 51	 89	  0	 34	  0	  0	  0	  0	  0	  0	  0	  0	  0	  0	  0	  5	23101	  0
28/02/2018	23:22:16	->	L	00000000	 25	 89	 65	 34	  0	178	  0	  4	  4	  4	  4	  4	  4	  4	  4	  0	  0	  0	  0	  0	  0	  0	  0	  0	  0	  0	  0	  0	  0	  0	  0	  0	  0	  0	  0	  0	  0	  0	  0	 79	 65	 51	 89	  0	 34	  0	  0	  0	  0	  0	  0	  0	  0	  0	  0	  0	  5	23101	  0
28/02/2018	23:27:16	->	L	00000000	 25	 86	 65	 37	  0	183	  0	  4	  4	  4	  4	  4	  4	  4	  4	  0	  0	  0	  0	  0	  0	  0	  0	  0	  0	  0	  0	  0	  0	  0	  0	  0	  0	  0	  0	  0	  0	  0	  0	 78	 65	 54	 86	  0	 37	  0	  0	  0	  0	  0	  0	  0	  0	  0	  0	  0	  5	23101	  0
28/02/2018	23:32:16	->	L	00000000	 25	 91	 65	 32	  0	188	  0	  4	  4	  4	  4	  4	  4	  4	  4	  0	  0	  0	  0	  0	  0	  0	  0	  0	  0	  0	  0	  0	  0	  0	  0	  0	  0	  0	  0	  0	  0	  0	  0	 80	 65	 50	 91	  0	 32	  0	  0	  0	  0	  0	  0	  0	  0	  0	  0	  0	  5	23101	  0
28/02/2018	23:37:17	->	L	00000000	 25	 86	 64	 37	  0	193	  0	  4	  4	  4	  4	  4	  4	  4	  4	  0	  0	  0	  0	  0	  0	  0	  0	  0	  0	  0	  0	  0	  0	  0	  0	  0	  0	  0	  0	  0	  0	  0	  0	 78	 64	 51	 86	  0	 36	  0	  0	  0	  0	  0	  0	  0	  0	  0	  0	  0	  5	23101	  0
28/02/2018	23:42:17	->	L	00000000	 25	 88	 65	 34	  0	198	  0	  4	  4	  4	  4	  4	  4	  4	  4	  0	  0	  0	  0	  0	  0	  0	  0	  0	  0	  0	  0	  0	  0	  0	  0	  0	  0	  0	  0	  0	  0	  0	  0	 79	 65	 51	 88	  0	 34	  0	  0	  0	  0	  0	  0	  0	  0	  0	  0	  0	  5	23101	  0
28/02/2018	23:47:17	->	L	00000000	 25	 91	 65	 32	  0	203	  0	  4	  4	  4	  4	  4	  4	  4	  4	  0	  0	  0	  0	  0	  0	  0	  0	  0	  0	  0	  0	  0	  0	  0	  0	  0	  0	  0	  0	  0	  0	  0	  0	 80	 65	 50	 91	  0	 32	  0	  0	  0	  0	  0	  0	  0	  0	  0	  0	  0	  5	23101	  0
28/02/2018	23:52:17	->	L	00000000	 25	 87	 64	 36	  0	208	  0	  4	  4	  4	  4	  4	  4	  4	  4	  0	  0	  0	  0	  0	  0	  0	  0	  0	  0	  0	  0	  0	  0	  0	  0	  0	  0	  0	  0	  0	  0	  0	  0	 78	 64	 51	 87	  0	 33	  0	  0	  0	  0	  0	  0	  0	  0	  0	  0	  0	  5	23101	  0
28/02/2018	23:57:17	->	L	00000000	 25	 89	 65	 32	  0	213	  0	  4	  4	  4	  4	  4	  4	  4	  4	  0	  0	  0	  0	  0	  0	  0	  0	  0	  0	  0	  0	  0	  0	  0	  0	  0	  0	  0	  0	  0	  0	  0	  0	 79	 65	 51	 89	  0	 34	  0	  0	  0	  0	  0	  0	  0	  0	  0	  0	  0	  5	23101	  0
01/03/2018	00:02:17	->	L	00000000	 25	 90	 65	 32	  0	218	  0	  4	  4	  4	  4	  4	  4	  4	  4	  0	  0	  0	  0	  0	  0	  0	  0	  0	  0	  0	  0	  0	  0	  0	  0	  0	  0	  0	  0	  0	  0	  0	  0	 79	 65	 51	 90	  0	 32	  0	  0	  0	  0	  0	  0	  0	  0	  0	  0	  0	  5	23101	  0
01/03/2018	00:07:17	->	L	00000000	 25	 86	 64	 37	  0	223	  0	  4	  4	  4	  4	  4	  4	  4	  4	  0	  0	  0	  0	  0	  0	  0	  0	  0	  0	  0	  0	  0	  0	  0	  0	  0	  0	  0	  0	  0	  0	  0	  0	 78	 64	 51	 86	  0	 36	  0	  0	  0	  0	  0	  0	  0	  0	  0	  0	  0	  5	23101	  0
01/03/2018	00:12:17	->	L	00000000	 25	 88	 65	 32	  0	228	  0	  4	  4	  4	  4	  4	  4	  4	  4	  0	  0	  0	  0	  0	  0	  0	  0	  0	  0	  0	  0	  0	  0	  0	  0	  0	  0	  0	  0	  0	  0	  0	  0	 79	 65	 51	 88	  0	 34	  0	  0	  0	  0	  0	  0	  0	  0	  0	  0	  0	  5	23101	  0
01/03/2018	00:17:17	->	L	00000000	 25	 90	 65	 32	  0	233	  0	  4	  4	  4	  4	  4	  4	  4	  4	  0	  0	  0	  0	  0	  0	  0	  0	  0	  0	  0	  0	  0	  0	  0	  0	  0	  0	  0	  0	  0	  0	  0	  0	 80	 65	 50	 90	  0	 32	  0	  0	  0	  0	  0	  0	  0	  0	  0	  0	  0	  5	23101	  0
01/03/2018	00:22:17	->	L	00000000	 25	 88	 64	 33	  0	238	  0	  4	  4	  4	  4	  4	  4	  4	  4	  0	  0	  0	  0	  0	  0	  0	  0	  0	  0	  0	  0	  0	  0	  0	  0	  0	  0	  0	  0	  0	  0	  0	  0	 79	 64	 49	 88	  0	 34	  0	  0	  0	  0	  0	  0	  0	  0	  0	  0	  0	  5	23101	  0
01/03/2018	00:27:17	->	L	00000000	 26	 89	 62	 29	  0	  2	  0	  4	  4	  4	  4	  4	  4	  4	  4	  0	  0	  0	  0	  0	  0	  0	  0	  0	  0	  0	  0	  0	  0	  0	  0	  0	  0	  0	  0	  0	  0	  0	  0	 79	 62	 44	 89	  0	 29	  0	  0	  0	  0	  0	  0	  0	  0	  0	  0	  0	  5	23098	  0
01/03/2018	00:32:17	->	L	00000000	 26	 90	 63	 28	  0	  7	  0	  4	  4	  4	  4	  4	  4	  4	  4	  0	  0	  0	  0	  0	  0	  0	  0	  0	  0	  0	  0	  0	  0	  0	  0	  0	  0	  0	  0	  0	  0	  0	  0	 79	 63	 47	 90	  0	 29	  0	  0	  0	  0	  0	  0	  0	  0	  0	  0	  0	  5	23098	  0
01/03/2018	00:37:17	->	L	00000000	 26	 86	 62	 33	  0	 12	  0	  4	  4	  4	  4	  4	  4	  4	  4	  0	  0	  0	  0	  0	  0	  0	  0	  0	  0	  0	  0	  0	  0	  0	  0	  0	  0	  0	  0	  0	  0	  0	  0	 77	 62	 48	 86	  0	 33	  0	  0	  0	  0	  0	  0	  0	  0	  0	  0	  0	  5	23098	  0
01/03/2018	00:42:18	->	L	00000000	 26	 90	 62	 28	  0	 17	  0	  4	  4	  4	  4	  4	  4	  4	  4	  0	  0	  0	  0	  0	  0	  0	  0	  0	  0	  0	  0	  0	  0	  0	  0	  0	  0	  0	  0	  0	  0	  0	  0	 79	 62	 44	 90	  0	 28	  0	  0	  0	  0	  0	  0	  0	  0	  0	  0	  0	  5	23098	  0
01/03/2018	00:47:17	->	L	00000000	 26	 87	 62	 33	  0	 22	  0	  4	  4	  4	  4	  4	  4	  4	  4	  0	  0	  0	  0	  0	  0	  0	  0	  0	  0	  0	  0	  0	  0	  0	  0	  0	  0	  0	  0	  0	  0	  0	  0	 78	 62	 46	 87	  0	 31	  0	  0	  0	  0	  0	  0	  0	  0	  0	  0	  0	  5	23098	  0
01/03/2018	00:52:18	->	L	00000000	 26	 90	 62	 28	  0	 27	  0	  4	  4	  4	  4	  4	  4	  4	  4	  0	  0	  0	  0	  0	  0	  0	  0	  0	  0	  0	  0	  0	  0	  0	  0	  0	  0	  0	  0	  0	  0	  0	  0	 79	 62	 44	 90	  0	 28	  0	  0	  0	  0	  0	  0	  0	  0	  0	  0	  0	  5	23098	  0
01/03/2018	00:57:18	->	L	00000000	 26	 87	 62	 33	  0	 32	  0	  4	  4	  4	  4	  4	  4	  4	  4	  0	  0	  0	  0	  0	  0	  0	  0	  0	  0	  0	  0	  0	  0	  0	  0	  0	  0	  0	  0	  0	  0	  0	  0	 78	 62	 46	 87	  0	 31	  0	  0	  0	  0	  0	  0	  0	  0	  0	  0	  0	  5	23098	  0
01/03/2018	01:02:18	->	L	00000000	 26	 88	 62	 29	  0	 37	  0	  4	  4	  4	  4	  4	  4	  4	  4	  0	  0	  0	  0	  0	  0	  0	  0	  0	  0	  0	  0	  0	  0	  0	  0	  0	  0	  0	  0	  0	  0	  0	  0	 78	 62	 46	 88	  0	 31	  0	  0	  0	  0	  0	  0	  0	  0	  0	  0	  0	  5	23098	  0
01/03/2018	01:07:18	->	L	00000000	 26	 89	 62	 29	  0	 42	  0	  4	  4	  4	  4	  4	  4	  4	  4	  0	  0	  0	  0	  0	  0	  0	  0	  0	  0	  0	  0	  0	  0	  0	  0	  0	  0	  0	  0	  0	  0	  0	  0	 78	 62	 46	 89	  0	 29	  0	  0	  0	  0	  0	  0	  0	  0	  0	  0	  0	  5	23098	  0
01/03/2018	01:12:18	->	L	00000000	 26	 86	 62	 31	  0	 47	  0	  4	  4	  4	  4	  4	  4	  4	  4	  0	  0	  0	  0	  0	  0	  0	  0	  0	  0	  0	  0	  0	  0	  0	  0	  0	  0	  0	  0	  0	  0	  0	  0	 78	 62	 46	 86	  0	 33	  0	  0	  0	  0	  0	  0	  0	  0	  0	  0	  0	  5	23098	  0
01/03/2018	01:17:18	->	L	00000000	 26	 91	 62	 28	  0	 52	  0	  4	  4	  4	  4	  4	  4	  4	  4	  0	  0	  0	  0	  0	  0	  0	  0	  0	  0	  0	  0	  0	  0	  0	  0	  0	  0	  0	  0	  0	  0	  0	  0	 79	 62	 44	 91	  0	 27	  0	  0	  0	  0	  0	  0	  0	  0	  0	  0	  0	  5	23098	  0
01/03/2018	01:22:18	->	L	00000000	 26	 88	 62	 31	  0	 57	  0	  4	  4	  4	  4	  4	  4	  4	  4	  0	  0	  0	  0	  0	  0	  0	  0	  0	  0	  0	  0	  0	  0	  0	  0	  0	  0	  0	  0	  0	  0	  0	  0	 78	 62	 46	 88	  0	 31	  0	  0	  0	  0	  0	  0	  0	  0	  0	  0	  0	  5	23098	  0
01/03/2018	01:27:18	->	L	00000000	 26	 89	 63	 29	  0	 62	  0	  4	  4	  4	  4	  4	  4	  4	  4	  0	  0	  0	  0	  0	  0	  0	  0	  0	  0	  0	  0	  0	  0	  0	  0	  0	  0	  0	  0	  0	  0	  0	  0	 79	 63	 47	 89	  0	 31	  0	  0	  0	  0	  0	  0	  0	  0	  0	  0	  0	  5	23098	  0
01/03/2018	01:32:18	->	L	00000000	 26	 90	 62	 29	  0	 67	  0	  4	  4	  4	  4	  4	  4	  4	  4	  0	  0	  0	  0	  0	  0	  0	  0	  0	  0	  0	  0	  0	  0	  0	  0	  0	  0	  0	  0	  0	  0	  0	  0	 79	 62	 44	 90	  0	 28	  0	  0	  0	  0	  0	  0	  0	  0	  0	  0	  0	  5	23098	  0
01/03/2018	01:37:18	->	L	00000000	 26	 86	 62	 31	  0	 72	  0	  4	  4	  4	  4	  4	  4	  4	  4	  0	  0	  0	  0	  0	  0	  0	  0	  0	  0	  0	  0	  0	  0	  0	  0	  0	  0	  0	  0	  0	  0	  0	  0	 78	 62	 46	 86	  0	 33	  0	  0	  0	  0	  0	  0	  0	  0	  0	  0	  0	  5	23098	  0
01/03/2018	01:42:18	->	L	00000000	 26	 90	 62	 28	  0	 77	  0	  4	  4	  4	  4	  4	  4	  4	  4	  0	  0	  0	  0	  0	  0	  0	  0	  0	  0	  0	  0	  0	  0	  0	  0	  0	  0	  0	  0	  0	  0	  0	  0	 79	 62	 44	 90	  0	 28	  0	  0	  0	  0	  0	  0	  0	  0	  0	  0	  0	  5	23098	  0
01/03/2018	01:47:19	->	L	00000000	 26	 88	 62	 31	  0	 82	  0	  4	  4	  4	  4	  4	  4	  4	  4	  0	  0	  0	  0	  0	  0	  0	  0	  0	  0	  0	  0	  0	  0	  0	  0	  0	  0	  0	  0	  0	  0	  0	  0	 78	 62	 46	 88	  0	 31	  0	  0	  0	  0	  0	  0	  0	  0	  0	  0	  0	  5	23098	  0
01/03/2018	01:52:18	->	L	00000000	 26	 89	 62	 28	  0	 87	  0	  4	  4	  4	  4	  4	  4	  4	  4	  0	  0	  0	  0	  0	  0	  0	  0	  0	  0	  0	  0	  0	  0	  0	  0	  0	  0	  0	  0	  0	  0	  0	  0	 79	 62	 44	 89	  0	 29	  0	  0	  0	  0	  0	  0	  0	  0	  0	  0	  0	  5	23098	  0
01/03/2018	01:57:18	->	L	00000000	 26	 90	 62	 29	  0	 92	  0	  4	  4	  4	  4	  4	  4	  4	  4	  0	  0	  0	  0	  0	  0	  0	  0	  0	  0	  0	  0	  0	  0	  0	  0	  0	  0	  0	  0	  0	  0	  0	  0	 79	 62	 44	 90	  0	 28	  0	  0	  0	  0	  0	  0	  0	  0	  0	  0	  0	  5	23098	  0
01/03/2018	02:02:19	->	L	00000000	 26	 87	 62	 33	  0	 97	  0	  4	  4	  4	  4	  4	  4	  4	  4	  0	  0	  0	  0	  0	  0	  0	  0	  0	  0	  0	  0	  0	  0	  0	  0	  0	  0	  0	  0	  0	  0	  0	  0	 78	 62	 46	 87	  0	 31	  0	  0	  0	  0	  0	  0	  0	  0	  0	  0	  0	  5	23098	  0
01/03/2018	02:07:19	->	L	00000000	 26	 90	 62	 27	  0	102	  0	  4	  4	  4	  4	  4	  4	  4	  4	  0	  0	  0	  0	  0	  0	  0	  0	  0	  0	  0	  0	  0	  0	  0	  0	  0	  0	  0	  0	  0	  0	  0	  0	 80	 62	 42	 90	  0	 28	  0	  0	  0	  0	  0	  0	  0	  0	  0	  0	  0	  5	23098	  0
01/03/2018	02:12:19	->	L	00000000	 26	 90	 62	 29	  0	107	  0	  4	  4	  4	  4	  4	  4	  4	  4	  0	  0	  0	  0	  0	  0	  0	  0	  0	  0	  0	  0	  0	  0	  0	  0	  0	  0	  0	  0	  0	  0	  0	  0	 79	 62	 44	 90	  0	 28	  0	  0	  0	  0	  0	  0	  0	  0	  0	  0	  0	  5	23098	  0
01/03/2018	02:17:19	->	L	00000000	 26	 88	 62	 31	  0	112	  0	  4	  4	  4	  4	  4	  4	  4	  4	  0	  0	  0	  0	  0	  0	  0	  0	  0	  0	  0	  0	  0	  0	  0	  0	  0	  0	  0	  0	  0	  0	  0	  0	 79	 62	 44	 88	  0	 31	  0	  0	  0	  0	  0	  0	  0	  0	  0	  0	  0	  5	23098	  0
01/03/2018	02:22:19	->	L	00000000	 26	 89	 62	 28	  0	117	  0	  4	  4	  4	  4	  4	  4	  4	  4	  0	  0	  0	  0	  0	  0	  0	  0	  0	  0	  0	  0	  0	  0	  0	  0	  0	  0	  0	  0	  0	  0	  0	  0	 79	 62	 44	 89	  0	 29	  0	  0	  0	  0	  0	  0	  0	  0	  0	  0	  0	  5	23098	  0
01/03/2018	02:27:19	->	L	00000000	 26	 90	 62	 29	  0	122	  0	  4	  4	  4	  4	  4	  4	  4	  4	  0	  0	  0	  0	  0	  0	  0	  0	  0	  0	  0	  0	  0	  0	  0	  0	  0	  0	  0	  0	  0	  0	  0	  0	 79	 62	 44	 90	  0	 28	  0	  0	  0	  0	  0	  0	  0	  0	  0	  0	  0	  5	23098	  0
01/03/2018	02:32:19	->	L	00000000	 26	 86	 62	 31	  0	127	  0	  4	  4	  4	  4	  4	  4	  4	  4	  0	  0	  0	  0	  0	  0	  0	  0	  0	  0	  0	  0	  0	  0	  0	  0	  0	  0	  0	  0	  0	  0	  0	  0	 78	 62	 46	 86	  0	 33	  0	  0	  0	  0	  0	  0	  0	  0	  0	  0	  0	  5	23098	  0
01/03/2018	02:37:19	->	L	00000000	 26	 91	 62	 27	  0	132	  0	  4	  4	  4	  4	  4	  4	  4	  4	  0	  0	  0	  0	  0	  0	  0	  0	  0	  0	  0	  0	  0	  0	  0	  0	  0	  0	  0	  0	  0	  0	  0	  0	 80	 62	 42	 91	  0	 27	  0	  0	  0	  0	  0	  0	  0	  0	  0	  0	  0	  5	23098	  0
01/03/2018	02:42:19	->	L	00000000	 26	 88	 62	 31	  0	137	  0	  4	  4	  4	  4	  4	  4	  4	  4	  0	  0	  0	  0	  0	  0	  0	  0	  0	  0	  0	  0	  0	  0	  0	  0	  0	  0	  0	  0	  0	  0	  0	  0	 79	 62	 44	 88	  0	 31	  0	  0	  0	  0	  0	  0	  0	  0	  0	  0	  0	  5	23098	  0
01/03/2018	02:47:19	<-	L	00000000	 26	 89	 62	 29	  0	142	  0	  4	  4	  4	  4	  4	  4	  4	  4	  0	  0	  0	  0	  0	  0	  0	  0	  0	  0	  0	  0	  0	  0	  0	  0	  0	  0	  0	  0	  0	  0	  0	  0	 79	 62	 44	 89	  0	 29	  0	  0	  0	  0	  0	  0	  0	  0	  0	  0	  0	  5	23098	  0
01/03/2018	02:52:20	<-	L	00000000	 26	 86	 63	 36	  0	147	  0	  4	  4	  4	  4	  4	  4	  4	  4	  0	  0	  0	  0	  0	  0	  0	  0	  0	  0	  0	  0	  0	  0	  0	  0	  0	  0	  0	  0	  0	  0	  0	  0	 86	 63	 33	 81	  0	 43	  0	  0	  0	  0	  0	  0	  0	  0	  0	  0	  0	  5	23098	  0
01/03/2018	02:57:19	<-	L	00000000	 26	 90	 63	 28	  0	152	  0	  4	  4	  4	  4	  4	  4	  4	  4	  0	  0	  0	  0	  0	  0	  0	  0	  0	  0	  0	  0	  0	  0	  0	  0	  0	  0	  0	  0	  0	  0	  0	  0	 90	 63	 29	 81	  0	 43	  0	  0	  0	  0	  0	  0	  0	  0	  0	  0	  0	  5	23098	  0
01/03/2018	03:02:19	<-	L	00000000	 26	 89	 63	 29	  0	157	  0	  4	  4	  4	  4	  4	  4	  4	  4	  0	  0	  0	  0	  0	  0	  0	  0	  0	  0	  0	  0	  0	  0	  0	  0	  0	  0	  0	  0	  0	  0	  0	  0	 89	 63	 31	 81	  0	 43	  0	  0	  0	  0	  0	  0	  0	  0	  0	  0	  0	  5	23098	  0
01/03/2018	03:07:19	<-	L	00000000	 26	 89	 62	 29	  0	162	  0	  4	  4	  4	  4	  4	  4	  4	  4	  0	  0	  0	  0	  0	  0	  0	  0	  0	  0	  0	  0	  0	  0	  0	  0	  0	  0	  0	  0	  0	  0	  0	  0	 89	 62	 29	 81	  0	 40	  0	  0	  0	  0	  0	  0	  0	  0	  0	  0	  0	  5	23098	  0
01/03/2018	03:12:19	<-	L	00000000	 26	 89	 62	 29	  0	167	  0	  4	  4	  4	  4	  4	  4	  4	  4	  0	  0	  0	  0	  0	  0	  0	  0	  0	  0	  0	  0	  0	  0	  0	  0	  0	  0	  0	  0	  0	  0	  0	  0	 89	 62	 29	 81	  0	 40	  0	  0	  0	  0	  0	  0	  0	  0	  0	  0	  0	  5	23098	  0
01/03/2018	03:17:20	<-	L	00000000	 26	 88	 62	 31	  0	172	  0	  4	  4	  4	  4	  4	  4	  4	  4	  0	  0	  0	  0	  0	  0	  0	  0	  0	  0	  0	  0	  0	  0	  0	  0	  0	  0	  0	  0	  0	  0	  0	  0	 88	 62	 31	 80	  0	 42	  0	  0	  0	  0	  0	  0	  0	  0	  0	  0	  0	  5	23098	  0
01/03/2018	03:22:20	<-	L	00000000	 26	 88	 63	 31	  0	177	  0	  4	  4	  4	  4	  4	  4	  4	  4	  0	  0	  0	  0	  0	  0	  0	  0	  0	  0	  0	  0	  0	  0	  0	  0	  0	  0	  0	  0	  0	  0	  0	  0	 88	 63	 31	 81	  0	 43	  0	  0	  0	  0	  0	  0	  0	  0	  0	  0	  0	  5	23098	  0
01/03/2018	03:27:20	<-	L	00000000	 26	 88	 62	 31	  0	182	  0	  4	  4	  4	  4	  4	  4	  4	  4	  0	  0	  0	  0	  0	  0	  0	  0	  0	  0	  0	  0	  0	  0	  0	  0	  0	  0	  0	  0	  0	  0	  0	  0	 88	 62	 31	 80	  0	 42	  0	  0	  0	  0	  0	  0	  0	  0	  0	  0	  0	  5	23098	  0
01/03/2018	03:32:20	<-	L	00000000	 26	 89	 62	 31	  0	187	  0	  4	  4	  4	  4	  4	  4	  4	  4	  0	  0	  0	  0	  0	  0	  0	  0	  0	  0	  0	  0	  0	  0	  0	  0	  0	  0	  0	  0	  0	  0	  0	  0	 89	 62	 29	 81	  0	 40	  0	  0	  0	  0	  0	  0	  0	  0	  0	  0	  0	  5	23098	  0
01/03/2018	03:37:20	<-	L	00000000	 26	 88	 62	 31	  0	192	  0	  4	  4	  4	  4	  4	  4	  4	  4	  0	  0	  0	  0	  0	  0	  0	  0	  0	  0	  0	  0	  0	  0	  0	  0	  0	  0	  0	  0	  0	  0	  0	  0	 88	 62	 31	 81	  0	 40	  0	  0	  0	  0	  0	  0	  0	  0	  0	  0	  0	  5	23098	  0
01/03/2018	03:42:20	<-	L	00000000	 26	 88	 62	 31	  0	197	  0	  4	  4	  4	  4	  4	  4	  4	  4	  0	  0	  0	  0	  0	  0	  0	  0	  0	  0	  0	  0	  0	  0	  0	  0	  0	  0	  0	  0	  0	  0	  0	  0	 88	 62	 31	 81	  0	 40	  0	  0	  0	  0	  0	  0	  0	  0	  0	  0	  0	  5	23098	  0
01/03/2018	03:47:20	<-	L	00000000	 26	 89	 62	 31	  0	202	  0	  4	  4	  4	  4	  4	  4	  4	  4	  0	  0	  0	  0	  0	  0	  0	  0	  0	  0	  0	  0	  0	  0	  0	  0	  0	  0	  0	  0	  0	  0	  0	  0	 89	 62	 29	 81	  0	 40	  0	  0	  0	  0	  0	  0	  0	  0	  0	  0	  0	  5	23098	  0
01/03/2018	03:52:20	<-	L	00000000	 26	 89	 62	 29	  0	207	  0	  4	  4	  4	  4	  4	  4	  4	  4	  0	  0	  0	  0	  0	  0	  0	  0	  0	  0	  0	  0	  0	  0	  0	  0	  0	  0	  0	  0	  0	  0	  0	  0	 89	 62	 29	 81	  0	 40	  0	  0	  0	  0	  0	  0	  0	  0	  0	  0	  0	  5	23098	  0
01/03/2018	03:57:21	<-	L	00000000	 26	 89	 62	 29	  0	212	  0	  4	  4	  4	  4	  4	  4	  4	  4	  0	  0	  0	  0	  0	  0	  0	  0	  0	  0	  0	  0	  0	  0	  0	  0	  0	  0	  0	  0	  0	  0	  0	  0	 89	 62	 29	 81	  0	 40	  0	  0	  0	  0	  0	  0	  0	  0	  0	  0	  0	  5	23098	  0
01/03/2018	04:02:20	<-	L	00000000	 26	 89	 62	 29	  0	217	  0	  4	  4	  4	  4	  4	  4	  4	  4	  0	  0	  0	  0	  0	  0	  0	  0	  0	  0	  0	  0	  0	  0	  0	  0	  0	  0	  0	  0	  0	  0	  0	  0	 89	 62	 29	 81	  0	 40	  0	  0	  0	  0	  0	  0	  0	  0	  0	  0	  0	  5	23098	  0
01/03/2018	04:07:20	<-	L	00000000	 26	 89	 62	 29	  0	222	  0	  4	  4	  4	  4	  4	  4	  4	  4	  0	  0	  0	  0	  0	  0	  0	  0	  0	  0	  0	  0	  0	  0	  0	  0	  0	  0	  0	  0	  0	  0	  0	  0	 89	 62	 29	 81	  0	 40	  0	  0	  0	  0	  0	  0	  0	  0	  0	  0	  0	  5	23098	  0
01/03/2018	04:12:20	<-	L	00000000	 26	 88	 62	 31	  0	227	  0	  4	  4	  4	  4	  4	  4	  4	  4	  0	  0	  0	  0	  0	  0	  0	  0	  0	  0	  0	  0	  0	  0	  0	  0	  0	  0	  0	  0	  0	  0	  0	  0	 88	 62	 31	 81	  0	 40	  0	  0	  0	  0	  0	  0	  0	  0	  0	  0	  0	  5	23098	  0
01/03/2018	04:17:20	<-	L	00000000	 26	 90	 62	 28	  0	232	  0	  4	  4	  4	  4	  4	  4	  4	  4	  0	  0	  0	  0	  0	  0	  0	  0	  0	  0	  0	  0	  0	  0	  0	  0	  0	  0	  0	  0	  0	  0	  0	  0	 90	 62	 28	 82	  0	 38	  0	  0	  0	  0	  0	  0	  0	  0	  0	  0	  0	  5	23098	  0
01/03/2018	04:22:20	<-	L	00000000	 26	 87	 62	 31	  0	237	  0	  4	  4	  4	  4	  4	  4	  4	  4	  0	  0	  0	  0	  0	  0	  0	  0	  0	  0	  0	  0	  0	  0	  0	  0	  0	  0	  0	  0	  0	  0	  0	  0	 87	 62	 31	 81	  0	 40	  0	  0	  0	  0	  0	  0	  0	  0	  0	  0	  0	  5	23098	  0
01/03/2018	04:27:20	<-	L	00000000	 27	 88	 60	 29	  0	  1	  0	  4	  4	  4	  4	  4	  4	  4	  4	  0	  0	  0	  0	  0	  0	  0	  0	  0	  0	  0	  0	  0	  0	  0	  0	  0	  0	  0	  0	  0	  0	  0	  0	 88	 60	 28	 81	  0	 35	  0	  0	  0	  0	  0	  0	  0	  0	  0	  0	  0	  5	23095	  0
01/03/2018	04:32:21	<-	L	00000000	 27	 89	 60	 26	  0	  6	  0	  4	  4	  4	  4	  4	  4	  4	  4	  0	  0	  0	  0	  0	  0	  0	  0	  0	  0	  0	  0	  0	  0	  0	  0	  0	  0	  0	  0	  0	  0	  0	  0	 89	 60	 26	 82	  0	 34	  0	  0	  0	  0	  0	  0	  0	  0	  0	  0	  0	  5	23095	  0
01/03/2018	04:37:21	<-	L	00000000	 27	 89	 59	 26	  0	 11	  0	  4	  4	  4	  4	  4	  4	  4	  4	  0	  0	  0	  0	  0	  0	  0	  0	  0	  0	  0	  0	  0	  0	  0	  0	  0	  0	  0	  0	  0	  0	  0	  0	 89	 59	 25	 82	  0	 31	  0	  0	  0	  0	  0	  0	  0	  0	  0	  0	  0	  5	23095	  0
01/03/2018	04:42:21	<-	L	00000000	 27	 90	 60	 27	  0	 16	  0	  4	  4	  4	  4	  4	  4	  4	  4	  0	  0	  0	  0	  0	  0	  0	  0	  0	  0	  0	  0	  0	  0	  0	  0	  0	  0	  0	  0	  0	  0	  0	  0	 90	 60	 26	 82	  0	 34	  0	  0	  0	  0	  0	  0	  0	  0	  0	  0	  0	  5	23095	  0
01/03/2018	04:47:21	<-	L	00000000	 27	 88	 59	 27	  0	 21	  0	  4	  4	  4	  4	  4	  4	  4	  4	  0	  0	  0	  0	  0	  0	  0	  0	  0	  0	  0	  0	  0	  0	  0	  0	  0	  0	  0	  0	  0	  0	  0	  0	 88	 59	 26	 81	  0	 34	  0	  0	  0	  0	  0	  0	  0	  0	  0	  0	  0	  5	23095	  0
01/03/2018	04:52:21	<-	L	00000000	 27	 89	 60	 26	  0	 26	  0	  4	  4	  4	  4	  4	  4	  4	  4	  0	  0	  0	  0	  0	  0	  0	  0	  0	  0	  0	  0	  0	  0	  0	  0	  0	  0	  0	  0	  0	  0	  0	  0	 89	 60	 26	 81	  0	 35	  0	  0	  0	  0	  0	  0	  0	  0	  0	  0	  0	  5	23095	  0
01/03/2018	04:57:21	<-	L	00000000	 27	 89	 60	 26	  0	 31	  0	  4	  4	  4	  4	  4	  4	  4	  4	  0	  0	  0	  0	  0	  0	  0	  0	  0	  0	  0	  0	  0	  0	  0	  0	  0	  0	  0	  0	  0	  0	  0	  0	 89	 60	 26	 81	  0	 35	  0	  0	  0	  0	  0	  0	  0	  0	  0	  0	  0	  5	23095	  0
01/03/2018	05:02:21	<-	L	00000000	 27	 90	 60	 26	  0	 36	  0	  4	  4	  4	  4	  4	  4	  4	  4	  0	  0	  0	  0	  0	  0	  0	  0	  0	  0	  0	  0	  0	  0	  0	  0	  0	  0	  0	  0	  0	  0	  0	  0	 90	 60	 26	 82	  0	 34	  0	  0	  0	  0	  0	  0	  0	  0	  0	  0	  0	  5	23095	  0
01/03/2018	05:07:21	<-	L	00000000	 27	 89	 60	 28	  0	 41	  0	  4	  4	  4	  4	  4	  4	  4	  4	  0	  0	  0	  0	  0	  0	  0	  0	  0	  0	  0	  0	  0	  0	  0	  0	  0	  0	  0	  0	  0	  0	  0	  0	 89	 60	 26	 81	  0	 35	  0	  0	  0	  0	  0	  0	  0	  0	  0	  0	  0	  5	23095	  0
01/03/2018	05:12:21	<-	L	00000000	 27	 89	 61	 28	  0	 46	  0	  4	  4	  4	  4	  4	  4	  4	  4	  0	  0	  0	  0	  0	  0	  0	  0	  0	  0	  0	  0	  0	  0	  0	  0	  0	  0	  0	  0	  0	  0	  0	  0	 89	 61	 28	 82	  0	 35	  0	  0	  0	  0	  0	  0	  0	  0	  0	  0	  0	  5	23096	  0
01/03/2018	05:17:21	<-	L	00000000	 27	 91	 61	 26	  0	 51	  0	  4	  4	  4	  4	  4	  4	  4	  4	  0	  0	  0	  0	  0	  0	  0	  0	  0	  0	  0	  0	  0	  0	  0	  0	  0	  0	  0	  0	  0	  0	  0	  0	 91	 61	 26	 82	  0	 35	  0	  0	  0	  0	  0	  0	  0	  0	  0	  0	  0	  5	23096	  0
01/03/2018	05:22:21	<-	L	00000000	 27	 88	 61	 28	  0	 56	  0	  4	  4	  4	  4	  4	  4	  4	  4	  0	  0	  0	  0	  0	  0	  0	  0	  0	  0	  0	  0	  0	  0	  0	  0	  0	  0	  0	  0	  0	  0	  0	  0	 88	 61	 29	 81	  0	 38	  0	  0	  0	  0	  0	  0	  0	  0	  0	  0	  0	  5	23097	  0
01/03/2018	05:27:21	<-	L	00000000	 27	 90	 62	 27	  0	 61	  0	  4	  4	  4	  4	  4	  4	  4	  4	  0	  0	  0	  0	  0	  0	  0	  0	  0	  0	  0	  0	  0	  0	  0	  0	  0	  0	  0	  0	  0	  0	  0	  0	 90	 62	 28	 83	  0	 36	  0	  0	  0	  0	  0	  0	  0	  0	  0	  0	  0	  5	23097	  0
01/03/2018	05:32:21	<-	L	00000000	 27	 90	 61	 28	  0	 66	  0	  4	  4	  4	  4	  4	  4	  4	  4	  0	  0	  0	  0	  0	  0	  0	  0	  0	  0	  0	  0	  0	  0	  0	  0	  0	  0	  0	  0	  0	  0	  0	  0	 90	 61	 27	 83	  0	 35	  0	  0	  0	  0	  0	  0	  0	  0	  0	  0	  0	  5	23097	  0
01/03/2018	05:37:21	<-	L	00000000	 27	 87	 61	 29	  0	 71	  0	  4	  4	  4	  4	  4	  4	  4	  4	  0	  0	  0	  0	  0	  0	  0	  0	  0	  0	  0	  0	  0	  0	  0	  0	  0	  0	  0	  0	  0	  0	  0	  0	 87	 61	 30	 82	  0	 35	  0	  0	  0	  0	  0	  0	  0	  0	  0	  0	  0	  5	23097	  0
01/03/2018	05:42:21	<-	L	00000000	 27	 91	 62	 27	  0	 76	  0	  4	  4	  4	  4	  4	  4	  4	  4	  0	  0	  0	  0	  0	  0	  0	  0	  0	  0	  0	  0	  0	  0	  0	  0	  0	  0	  0	  0	  0	  0	  0	  0	 91	 62	 27	 83	  0	 36	  0	  0	  0	  0	  0	  0	  0	  0	  0	  0	  0	  5	23097	  0
01/03/2018	05:47:22	<-	L	00000000	 27	 88	 61	 30	  0	 81	  0	  4	  4	  4	  4	  4	  4	  4	  4	  0	  0	  0	  0	  0	  0	  0	  0	  0	  0	  0	  0	  0	  0	  0	  0	  0	  0	  0	  0	  0	  0	  0	  0	 88	 61	 29	 82	  0	 35	  0	  0	  0	  0	  0	  0	  0	  0	  0	  0	  0	  5	23097	  0
01/03/2018	05:52:22	<-	L	00000000	 27	 89	 61	 28	  0	 86	  0	  4	  4	  4	  4	  4	  4	  4	  4	  0	  0	  0	  0	  0	  0	  0	  0	  0	  0	  0	  0	  0	  0	  0	  0	  0	  0	  0	  0	  0	  0	  0	  0	 89	 61	 28	 83	  0	 35	  0	  0	  0	  0	  0	  0	  0	  0	  0	  0	  0	  5	23097	  0
01/03/2018	05:57:22	<-	L	00000000	 27	 89	 61	 29	  0	 91	  0	  4	  4	  4	  4	  4	  4	  4	  4	  0	  0	  0	  0	  0	  0	  0	  0	  0	  0	  0	  0	  0	  0	  0	  0	  0	  0	  0	  0	  0	  0	  0	  0	 89	 61	 28	 83	  0	 35	  0	  0	  0	  0	  0	  0	  0	  0	  0	  0	  0	  5	23097	  0
01/03/2018	06:02:22	<-	L	00000000	 27	 89	 61	 28	  0	 96	  0	  4	  4	  4	  4	  4	  4	  4	  4	  0	  0	  0	  0	  0	  0	  0	  0	  0	  0	  0	  0	  0	  0	  0	  0	  0	  0	  0	  0	  0	  0	  0	  0	 89	 61	 28	 82	  0	 35	  0	  0	  0	  0	  0	  0	  0	  0	  0	  0	  0	  5	23097	  0
01/03/2018	06:07:22	<-	L	00000000	 27	 89	 61	 29	  0	101	  0	  4	  4	  4	  4	  4	  4	  4	  4	  0	  0	  0	  0	  0	  0	  0	  0	  0	  0	  0	  0	  0	  0	  0	  0	  0	  0	  0	  0	  0	  0	  0	  0	 89	 61	 28	 83	  0	 35	  0	  0	  0	  0	  0	  0	  0	  0	  0	  0	  0	  5	23097	  0
01/03/2018	06:12:22	<-	L	00000000	 27	 90	 61	 27	  0	106	  0	  4	  4	  4	  4	  4	  4	  4	  4	  0	  0	  0	  0	  0	  0	  0	  0	  0	  0	  0	  0	  0	  0	  0	  0	  0	  0	  0	  0	  0	  0	  0	  0	 90	 61	 27	 83	  0	 35	  0	  0	  0	  0	  0	  0	  0	  0	  0	  0	  0	  5	23097	  0
01/03/2018	06:17:22	<-	L	00000000	 27	 88	 61	 28	  0	111	  0	  4	  4	  4	  4	  4	  4	  4	  4	  0	  0	  0	  0	  0	  0	  0	  0	  0	  0	  0	  0	  0	  0	  0	  0	  0	  0	  0	  0	  0	  0	  0	  0	 88	 61	 29	 83	  0	 35	  0	  0	  0	  0	  0	  0	  0	  0	  0	  0	  0	  5	23097	  0
01/03/2018	06:22:22	<-	L	00000000	 27	 89	 61	 28	  0	116	  0	  4	  4	  4	  4	  4	  4	  4	  4	  0	  0	  0	  0	  0	  0	  0	  0	  0	  0	  0	  0	  0	  0	  0	  0	  0	  0	  0	  0	  0	  0	  0	  0	 89	 61	 28	 83	  0	 35	  0	  0	  0	  0	  0	  0	  0	  0	  0	  0	  0	  5	23097	  0
01/03/2018	06:27:22	<-	L	00000000	 27	 90	 61	 27	  0	121	  0	  4	  4	  4	  4	  4	  4	  4	  4	  0	  0	  0	  0	  0	  0	  0	  0	  0	  0	  0	  0	  0	  0	  0	  0	  0	  0	  0	  0	  0	  0	  0	  0	 90	 61	 27	 84	  0	 32	  0	  0	  0	  0	  0	  0	  0	  0	  0	  0	  0	  5	23097	  0
01/03/2018	06:32:22	<-	L	00000000	 27	 88	 61	 29	  0	126	  0	  4	  4	  4	  4	  4	  4	  4	  4	  0	  0	  0	  0	  0	  0	  0	  0	  0	  0	  0	  0	  0	  0	  0	  0	  0	  0	  0	  0	  0	  0	  0	  0	 88	 61	 29	 83	  0	 35	  0	  0	  0	  0	  0	  0	  0	  0	  0	  0	  0	  5	23097	  0
01/03/2018	06:37:22	<-	L	00000000	 27	 90	 61	 27	  0	131	  0	  4	  4	  4	  4	  4	  4	  4	  4	  0	  0	  0	  0	  0	  0	  0	  0	  0	  0	  0	  0	  0	  0	  0	  0	  0	  0	  0	  0	  0	  0	  0	  0	 90	 61	 27	 84	  0	 32	  0	  0	  0	  0	  0	  0	  0	  0	  0	  0	  0	  5	23097	  0
01/03/2018	06:42:22	<-	L	00000000	 27	 88	 61	 29	  0	136	  0	  4	  4	  4	  4	  4	  4	  4	  4	  0	  0	  0	  0	  0	  0	  0	  0	  0	  0	  0	  0	  0	  0	  0	  0	  0	  0	  0	  0	  0	  0	  0	  0	 88	 61	 29	 83	  0	 35	  0	  0	  0	  0	  0	  0	  0	  0	  0	  0	  0	  5	23097	  0
01/03/2018	06:47:23	  	L	00000000	 27	 90	 62	 27	  0	141	  0	  4	  4	  4	  4	  4	  4	  4	  4	  0	  0	  0	  0	  0	  0	  0	  0	  0	  0	  0	  0	  0	  0	  0	  0	  0	  0	  0	  0	  0	  0	  0	  0	 90	 62	 28	 83	  0	 36	  0	  0	  0	  0	  0	  0	  0	  0	  0	  0	  0	  5	23097	  0
01/03/2018	06:52:23	->	L	00000000	 27	 87	 64	 34	  0	146	  0	  4	  4	  4	  4	  4	  4	  4	  4	  0	  0	  0	  0	  0	  0	  0	  0	  0	  0	  0	  0	  0	  0	  0	  0	  0	  0	  0	  0	  0	  0	  0	  0	 83	 64	 41	 87	  0	 33	  0	  0	  0	  0	  0	  0	  0	  0	  0	  0	  0	  5	23097	  0
01/03/2018	06:57:23	->	L	00000000	 27	 93	 61	 25	  0	151	  0	  4	  4	  4	  4	  4	  4	  4	  4	  0	  0	  0	  0	  0	  0	  0	  0	  0	  0	  0	  0	  0	  0	  0	  0	  0	  0	  0	  0	  0	  0	  0	  0	 83	 61	 35	 93	  0	 25	  0	  0	  0	  0	  0	  0	  0	  0	  0	  0	  0	  5	23097	  0
01/03/2018	07:02:23	->	L	00000000	 27	 89	 60	 28	  0	156	  0	  4	  4	  4	  4	  4	  4	  4	  4	  0	  0	  0	  0	  0	  0	  0	  0	  0	  0	  0	  0	  0	  0	  0	  0	  0	  0	  0	  0	  0	  0	  0	  0	 82	 60	 34	 89	  0	 26	  0	  0	  0	  0	  0	  0	  0	  0	  0	  0	  0	  5	23097	  0
01/03/2018	07:07:23	->	L	00000000	 27	 88	 61	 28	  0	161	  0	  4	  4	  4	  4	  4	  4	  4	  4	  0	  0	  0	  0	  0	  0	  0	  0	  0	  0	  0	  0	  0	  0	  0	  0	  0	  0	  0	  0	  0	  0	  0	  0	 82	 61	 35	 88	  0	 29	  0	  0	  0	  0	  0	  0	  0	  0	  0	  0	  0	  5	23097	  0
01/03/2018	07:12:23	->	L	00000000	 27	 94	 61	 24	  0	166	  0	  4	  4	  4	  4	  4	  4	  4	  4	  0	  0	  0	  0	  0	  0	  0	  0	  0	  0	  0	  0	  0	  0	  0	  0	  0	  0	  0	  0	  0	  0	  0	  0	 83	 61	 35	 93	  0	 24	  0	  0	  0	  0	  0	  0	  0	  0	  0	  0	  0	  5	23097	  0
01/03/2018	07:17:23	->	L	00000000	 27	 87	 60	 28	  0	171	  0	  4	  4	  4	  4	  4	  4	  4	  4	  0	  0	  0	  0	  0	  0	  0	  0	  0	  0	  0	  0	  0	  0	  0	  0	  0	  0	  0	  0	  0	  0	  0	  0	 81	 60	 35	 87	  0	 28	  0	  0	  0	  0	  0	  0	  0	  0	  0	  0	  0	  5	23097	  0
01/03/2018	07:22:23	->	L	00000000	 27	 91	 61	 25	  0	176	  0	  4	  4	  4	  4	  4	  4	  4	  4	  0	  0	  0	  0	  0	  0	  0	  0	  0	  0	  0	  0	  0	  0	  0	  0	  0	  0	  0	  0	  0	  0	  0	  0	 83	 61	 35	 91	  0	 26	  0	  0	  0	  0	  0	  0	  0	  0	  0	  0	  0	  5	23097	  0
01/03/2018	07:27:23	->	L	00000000	 27	 91	 60	 26	  0	181	  0	  4	  4	  4	  4	  4	  4	  4	  4	  0	  0	  0	  0	  0	  0	  0	  0	  0	  0	  0	  0	  0	  0	  0	  0	  0	  0	  0	  0	  0	  0	  0	  0	 82	 60	 34	 91	  0	 26	  0	  0	  0	  0	  0	  0	  0	  0	  0	  0	  0	  5	23097	  0
01/03/2018	07:32:23	->	L	00000000	 27	 92	 61	 25	  0	186	  0	  4	  4	  4	  4	  4	  4	  4	  4	  0	  0	  0	  0	  0	  0	  0	  0	  0	  0	  0	  0	  0	  0	  0	  0	  0	  0	  0	  0	  0	  0	  0	  0	 83	 61	 35	 92	  0	 25	  0	  0	  0	  0	  0	  0	  0	  0	  0	  0	  0	  5	23097	  0
01/03/2018	07:37:23	->	L	00000000	 27	 89	 60	 28	  0	191	  0	  4	  4	  4	  4	  4	  4	  4	  4	  0	  0	  0	  0	  0	  0	  0	  0	  0	  0	  0	  0	  0	  0	  0	  0	  0	  0	  0	  0	  0	  0	  0	  0	 82	 60	 34	 89	  0	 26	  0	  0	  0	  0	  0	  0	  0	  0	  0	  0	  0	  5	23097	  0
01/03/2018	07:42:24	->	L	00000000	 27	 91	 61	 25	  0	196	  0	  4	  4	  4	  4	  4	  4	  4	  4	  0	  0	  0	  0	  0	  0	  0	  0	  0	  0	  0	  0	  0	  0	  0	  0	  0	  0	  0	  0	  0	  0	  0	  0	 83	 61	 35	 91	  0	 26	  0	  0	  0	  0	  0	  0	  0	  0	  0	  0	  0	  5	23097	  0
01/03/2018	07:47:23	->	L	00000000	 27	 92	 60	 25	  0	201	  0	  4	  4	  4	  4	  4	  4	  4	  4	  0	  0	  0	  0	  0	  0	  0	  0	  0	  0	  0	  0	  0	  0	  0	  0	  0	  0	  0	  0	  0	  0	  0	  0	 83	 60	 32	 92	  0	 24	  0	  0	  0	  0	  0	  0	  0	  0	  0	  0	  0	  5	23097	  0
01/03/2018	07:52:23	->	L	00000000	 27	 87	 60	 28	  0	206	  0	  4	  4	  4	  4	  4	  4	  4	  4	  0	  0	  0	  0	  0	  0	  0	  0	  0	  0	  0	  0	  0	  0	  0	  0	  0	  0	  0	  0	  0	  0	  0	  0	 82	 60	 34	 87	  0	 28	  0	  0	  0	  0	  0	  0	  0	  0	  0	  0	  0	  5	23097	  0
01/03/2018	07:57:23	->	L	00000000	 27	 93	 61	 25	  0	211	  0	  4	  4	  4	  4	  4	  4	  4	  4	  0	  0	  0	  0	  0	  0	  0	  0	  0	  0	  0	  0	  0	  0	  0	  0	  0	  0	  0	  0	  0	  0	  0	  0	 83	 61	 35	 93	  0	 25	  0	  0	  0	  0	  0	  0	  0	  0	  0	  0	  0	  5	23097	  0
01/03/2018	08:02:23	->	L	00000000	 27	 88	 60	 28	  0	216	  0	  4	  4	  4	  4	  4	  4	  4	  4	  0	  0	  0	  0	  0	  0	  0	  0	  0	  0	  0	  0	  0	  0	  0	  0	  0	  0	  0	  0	  0	  0	  0	  0	 82	 60	 34	 88	  0	 28	  0	  0	  0	  0	  0	  0	  0	  0	  0	  0	  0	  5	23097	  0
01/03/2018	08:07:23	->	L	00000000	 27	 90	 61	 25	  0	221	  0	  4	  4	  4	  4	  4	  4	  4	  4	  0	  0	  0	  0	  0	  0	  0	  0	  0	  0	  0	  0	  0	  0	  0	  0	  0	  0	  0	  0	  0	  0	  0	  0	 83	 61	 35	 90	  0	 27	  0	  0	  0	  0	  0	  0	  0	  0	  0	  0	  0	  5	23097	  0
01/03/2018	08:12:24	->	L	00000000	 27	 92	 60	 24	  0	226	  0	  4	  4	  4	  4	  4	  4	  4	  4	  0	  0	  0	  0	  0	  0	  0	  0	  0	  0	  0	  0	  0	  0	  0	  0	  0	  0	  0	  0	  0	  0	  0	  0	 83	 60	 32	 92	  0	 24	  0	  0	  0	  0	  0	  0	  0	  0	  0	  0	  0	  5	23097	  0
01/03/2018	08:17:24	->	L	00000000	 27	 88	 60	 26	  0	231	  0	  4	  4	  4	  4	  4	  4	  4	  4	  0	  0	  0	  0	  0	  0	  0	  0	  0	  0	  0	  0	  0	  0	  0	  0	  0	  0	  0	  0	  0	  0	  0	  0	 82	 60	 34	 88	  0	 28	  0	  0	  0	  0	  0	  0	  0	  0	  0	  0	  0	  5	23097	  0
01/03/2018	08:22:24	->	L	00000000	 27	 93	 61	 24	  0	236	  0	  4	  4	  4	  4	  4	  4	  4	  4	  0	  0	  0	  0	  0	  0	  0	  0	  0	  0	  0	  0	  0	  0	  0	  0	  0	  0	  0	  0	  0	  0	  0	  0	 83	 61	 35	 93	  0	 25	  0	  0	  0	  0	  0	  0	  0	  0	  0	  0	  0	  5	23097	  0
01/03/2018	08:27:24	->	L	00000000	 28	 88	 60	 28	  0	  0	  0	  4	  4	  4	  4	  4	  4	  4	  4	  0	  0	  0	  0	  0	  0	  0	  0	  0	  0	  0	  0	  0	  0	  0	  0	  0	  0	  0	  0	  0	  0	  0	  0	 82	 60	 34	 88	  0	 28	  0	  0	  0	  0	  0	  0	  0	  0	  0	  0	  0	  5	23093	  0
01/03/2018	08:32:24	->	L	00000000	 28	 89	 58	 24	  0	  5	  0	  4	  4	  4	  4	  4	  4	  4	  4	  0	  0	  0	  0	  0	  0	  0	  0	  0	  0	  0	  0	  0	  0	  0	  0	  0	  0	  0	  0	  0	  0	  0	  0	 82	 58	 31	 89	  0	 24	  0	  0	  0	  0	  0	  0	  0	  0	  0	  0	  0	  5	23093	  0
01/03/2018	08:37:24	->	L	00000000	 28	 93	 58	 22	  0	 10	  0	  4	  4	  4	  4	  4	  4	  4	  4	  0	  0	  0	  0	  0	  0	  0	  0	  0	  0	  0	  0	  0	  0	  0	  0	  0	  0	  0	  0	  0	  0	  0	  0	 83	 58	 29	 93	  0	 22	  0	  0	  0	  0	  0	  0	  0	  0	  0	  0	  0	  5	23093	  0
01/03/2018	08:42:24	->	L	00000000	 28	 87	 57	 24	  0	 15	  0	  4	  4	  4	  4	  4	  4	  4	  4	  0	  0	  0	  0	  0	  0	  0	  0	  0	  0	  0	  0	  0	  0	  0	  0	  0	  0	  0	  0	  0	  0	  0	  0	 81	 57	 31	 87	  0	 24	  0	  0	  0	  0	  0	  0	  0	  0	  0	  0	  0	  5	23093	  0
01/03/2018	08:47:24	->	L	00000000	 28	 91	 58	 22	  0	 20	  0	  4	  4	  4	  4	  4	  4	  4	  4	  0	  0	  0	  0	  0	  0	  0	  0	  0	  0	  0	  0	  0	  0	  0	  0	  0	  0	  0	  0	  0	  0	  0	  0	 83	 58	 29	 91	  0	 23	  0	  0	  0	  0	  0	  0	  0	  0	  0	  0	  0	  5	23093	  0
01/03/2018	08:52:24	->	L	00000000	 28	 90	 57	 23	  0	 25	  0	  4	  4	  4	  4	  4	  4	  4	  4	  0	  0	  0	  0	  0	  0	  0	  0	  0	  0	  0	  0	  0	  0	  0	  0	  0	  0	  0	  0	  0	  0	  0	  0	 82	 57	 29	 90	  0	 23	  0	  0	  0	  0	  0	  0	  0	  0	  0	  0	  0	  5	23093	  0
01/03/2018	08:57:24	->	L	00000000	 28	 89	 58	 24	  0	 30	  0	  4	  4	  4	  4	  4	  4	  4	  4	  0	  0	  0	  0	  0	  0	  0	  0	  0	  0	  0	  0	  0	  0	  0	  0	  0	  0	  0	  0	  0	  0	  0	  0	 83	 58	 29	 89	  0	 24	  0	  0	  0	  0	  0	  0	  0	  0	  0	  0	  0	  5	23093	  0
01/03/2018	09:02:24	->	L	00000000	 28	 92	 57	 22	  0	 35	  0	  4	  4	  4	  4	  4	  4	  4	  4	  0	  0	  0	  0	  0	  0	  0	  0	  0	  0	  0	  0	  0	  0	  0	  0	  0	  0	  0	  0	  0	  0	  0	  0	 83	 57	 29	 92	  0	 21	  0	  0	  0	  0	  0	  0	  0	  0	  0	  0	  0	  5	23093	  0
01/03/2018	09:07:24	->	L	00000000	 28	 89	 57	 24	  0	 40	  0	  4	  4	  4	  4	  4	  4	  4	  4	  0	  0	  0	  0	  0	  0	  0	  0	  0	  0	  0	  0	  0	  0	  0	  0	  0	  0	  0	  0	  0	  0	  0	  0	 82	 57	 29	 89	  0	 23	  0	  0	  0	  0	  0	  0	  0	  0	  0	  0	  0	  5	23093	  0
01/03/2018	09:12:24	->	L	00000000	 28	 93	 57	 21	  0	 45	  0	  4	  4	  4	  4	  4	  4	  4	  4	  0	  0	  0	  0	  0	  0	  0	  0	  0	  0	  0	  0	  0	  0	  0	  0	  0	  0	  0	  0	  0	  0	  0	  0	 83	 57	 29	 93	  0	 21	  0	  0	  0	  0	  0	  0	  0	  0	  0	  0	  0	  5	23093	  0
01/03/2018	09:17:24	->	L	00000000	 28	 90	 58	 23	  0	 50	  0	  4	  4	  4	  4	  4	  4	  4	  4	  0	  0	  0	  0	  0	  0	  0	  0	  0	  0	  0	  0	  0	  0	  0	  0	  0	  0	  0	  0	  0	  0	  0	  0	 83	 58	 29	 90	  0	 24	  0	  0	  0	  0	  0	  0	  0	  0	  0	  0	  0	  5	23093	  0
01/03/2018	09:22:25	->	L	00000000	 28	 94	 57	 21	  0	 55	  0	  4	  4	  4	  4	  4	  4	  4	  4	  0	  0	  0	  0	  0	  0	  0	  0	  0	  0	  0	  0	  0	  0	  0	  0	  0	  0	  0	  0	  0	  0	  0	  0	 83	 57	 29	 94	  0	 20	  0	  0	  0	  0	  0	  0	  0	  0	  0	  0	  0	  5	23093	  0
01/03/2018	09:27:25	->	L	00000000	 28	 87	 57	 24	  0	 60	  0	  4	  4	  4	  4	  4	  4	  4	  4	  0	  0	  0	  0	  0	  0	  0	  0	  0	  0	  0	  0	  0	  0	  0	  0	  0	  0	  0	  0	  0	  0	  0	  0	 82	 57	 29	 87	  0	 24	  0	  0	  0	  0	  0	  0	  0	  0	  0	  0	  0	  5	23093	  0
01/03/2018	09:32:25	->	L	00000000	 28	 94	 57	 21	  0	 65	  0	  4	  4	  4	  4	  4	  4	  4	  4	  0	  0	  0	  0	  0	  0	  0	  0	  0	  0	  0	  0	  0	  0	  0	  0	  0	  0	  0	  0	  0	  0	  0	  0	 84	 57	 27	 94	  0	 20	  0	  0	  0	  0	  0	  0	  0	  0	  0	  0	  0	  5	23093	  0
01/03/2018	09:37:25	->	L	00000000	 28	 87	 57	 24	  0	 70	  0	  4	  4	  4	  4	  4	  4	  4	  4	  0	  0	  0	  0	  0	  0	  0	  0	  0	  0	  0	  0	  0	  0	  0	  0	  0	  0	  0	  0	  0	  0	  0	  0	 82	 57	 29	 87	  0	 24	  0	  0	  0	  0	  0	  0	  0	  0	  0	  0	  0	  5	23093	  0
01/03/2018	09:42:25	->	L	00000000	 28	 92	 57	 21	  0	 75	  0	  4	  4	  4	  4	  4	  4	  4	  4	  0	  0	  0	  0	  0	  0	  0	  0	  0	  0	  0	  0	  0	  0	  0	  0	  0	  0	  0	  0	  0	  0	  0	  0	 84	 57	 27	 92	  0	 21	  0	  0	  0	  0	  0	  0	  0	  0	  0	  0	  0	  5	23093	  0
01/03/2018	09:47:25	->	L	00000000	 28	 90	 57	 23	  0	 80	  0	  4	  4	  4	  4	  4	  4	  4	  4	  0	  0	  0	  0	  0	  0	  0	  0	  0	  0	  0	  0	  0	  0	  0	  0	  0	  0	  0	  0	  0	  0	  0	  0	 82	 57	 29	 90	  0	 23	  0	  0	  0	  0	  0	  0	  0	  0	  0	  0	  0	  5	23093	  0
01/03/2018	09:52:25	->	L	00000000	 28	 90	 57	 23	  0	 85	  0	  4	  4	  4	  4	  4	  4	  4	  4	  0	  0	  0	  0	  0	  0	  0	  0	  0	  0	  0	  0	  0	  0	  0	  0	  0	  0	  0	  0	  0	  0	  0	  0	 83	 57	 29	 90	  0	 23	  0	  0	  0	  0	  0	  0	  0	  0	  0	  0	  0	  5	23093	  0
01/03/2018	09:57:25	->	L	00000000	 28	 93	 57	 21	  0	 90	  0	  4	  4	  4	  4	  4	  4	  4	  4	  0	  0	  0	  0	  0	  0	  0	  0	  0	  0	  0	  0	  0	  0	  0	  0	  0	  0	  0	  0	  0	  0	  0	  0	 83	 57	 29	 93	  0	 21	  0	  0	  0	  0	  0	  0	  0	  0	  0	  0	  0	  5	23093	  0
01/03/2018	10:02:25	->	L	00000000	 28	 87	 57	 24	  0	 95	  0	  4	  4	  4	  4	  4	  4	  4	  4	  0	  0	  0	  0	  0	  0	  0	  0	  0	  0	  0	  0	  0	  0	  0	  0	  0	  0	  0	  0	  0	  0	  0	  0	 82	 57	 29	 87	  0	 24	  0	  0	  0	  0	  0	  0	  0	  0	  0	  0	  0	  5	23093	  0
01/03/2018	10:07:25	->	L	00000000	 28	 93	 57	 21	  0	100	  0	  4	  4	  4	  4	  4	  4	  4	  4	  0	  0	  0	  0	  0	  0	  0	  0	  0	  0	  0	  0	  0	  0	  0	  0	  0	  0	  0	  0	  0	  0	  0	  0	 83	 57	 29	 93	  0	 21	  0	  0	  0	  0	  0	  0	  0	  0	  0	  0	  0	  5	23093	  0
01/03/2018	10:12:26	->	L	00000000	 28	 89	 57	 24	  0	105	  0	  4	  4	  4	  4	  4	  4	  4	  4	  0	  0	  0	  0	  0	  0	  0	  0	  0	  0	  0	  0	  0	  0	  0	  0	  0	  0	  0	  0	  0	  0	  0	  0	 82	 57	 29	 89	  0	 23	  0	  0	  0	  0	  0	  0	  0	  0	  0	  0	  0	  5	23093	  0
01/03/2018	10:17:26	->	L	00000000	 28	 92	 58	 22	  0	110	  0	  4	  4	  4	  4	  4	  4	  4	  4	  0	  0	  0	  0	  0	  0	  0	  0	  0	  0	  0	  0	  0	  0	  0	  0	  0	  0	  0	  0	  0	  0	  0	  0	 84	 58	 29	 92	  0	 22	  0	  0	  0	  0	  0	  0	  0	  0	  0	  0	  0	  5	23093	  0
01/03/2018	10:22:25	->	L	00000000	 28	 89	 57	 24	  0	115	  0	  4	  4	  4	  4	  4	  4	  4	  4	  0	  0	  0	  0	  0	  0	  0	  0	  0	  0	  0	  0	  0	  0	  0	  0	  0	  0	  0	  0	  0	  0	  0	  0	 82	 57	 29	 89	  0	 23	  0	  0	  0	  0	  0	  0	  0	  0	  0	  0	  0	  5	23093	  0
01/03/2018	10:27:25	->	L	00000000	 28	 91	 57	 23	  0	120	  0	  4	  4	  4	  4	  4	  4	  4	  4	  0	  0	  0	  0	  0	  0	  0	  0	  0	  0	  0	  0	  0	  0	  0	  0	  0	  0	  0	  0	  0	  0	  0	  0	 83	 57	 29	 91	  0	 22	  0	  0	  0	  0	  0	  0	  0	  0	  0	  0	  0	  5	23093	  0
01/03/2018	10:32:25	->	L	00000000	 28	 90	 57	 23	  0	125	  0	  4	  4	  4	  4	  4	  4	  4	  4	  0	  0	  0	  0	  0	  0	  0	  0	  0	  0	  0	  0	  0	  0	  0	  0	  0	  0	  0	  0	  0	  0	  0	  0	 83	 57	 29	 90	  0	 23	  0	  0	  0	  0	  0	  0	  0	  0	  0	  0	  0	  5	23093	  0
01/03/2018	10:37:26	->	L	00000000	 28	 91	 57	 22	  0	130	  0	  4	  4	  4	  4	  4	  4	  4	  4	  0	  0	  0	  0	  0	  0	  0	  0	  0	  0	  0	  0	  0	  0	  0	  0	  0	  0	  0	  0	  0	  0	  0	  0	 83	 57	 29	 91	  0	 22	  0	  0	  0	  0	  0	  0	  0	  0	  0	  0	  0	  5	23093	  0
01/03/2018	10:47:26	  	L	00000000	 28	 56	 45	 60	  0	133	  0	  4	  4	  4	  4	  4	  4	  4	  4	  0	  0	  0	  0	  0	  0	  0	  0	  0	  0	  0	  0	  0	  0	  0	  0	  0	  0	  0	  0	  0	  0	  0	  0	 54	 45	 60	 56	  0	 53	  0	  0	  0	  0	  0	  0	  0	  0	  0	  0	  0	  5	23093	  0
01/03/2018	10:52:26	->	L	00000000	 28	 91	 54	 19	  0	138	  0	  4	  4	  4	  4	  4	  4	  4	  4	  0	  0	  0	  0	  0	  0	  0	  0	  0	  0	  0	  0	  0	  0	  0	  0	  0	  0	  0	  0	  0	  0	  0	  0	 78	 54	 29	 91	  0	 19	  0	  0	  0	  0	  0	  0	  0	  0	  0	  0	  0	  5	23093	  0
01/03/2018	10:57:26	<-	L	00000000	 28	 84	 56	 26	  0	143	  0	  4	  4	  4	  4	  4	  4	  4	  4	  0	  0	  0	  0	  0	  0	  0	  0	  0	  0	  0	  0	  0	  0	  0	  0	  0	  0	  0	  0	  0	  0	  0	  0	 84	 56	 26	 84	  0	 26	  0	  0	  0	  0	  0	  0	  0	  0	  0	  0	  0	  5	23093	  0
01/03/2018	11:02:26	<-	L	00000000	 28	 91	 56	 21	  0	148	  0	  4	  4	  4	  4	  4	  4	  4	  4	  0	  0	  0	  0	  0	  0	  0	  0	  0	  0	  0	  0	  0	  0	  0	  0	  0	  0	  0	  0	  0	  0	  0	  0	 91	 56	 21	 86	  0	 24	  0	  0	  0	  0	  0	  0	  0	  0	  0	  0	  0	  5	23093	  0
01/03/2018	11:07:26	<-	L	00000000	 28	 88	 56	 22	  0	153	  0	  4	  4	  4	  4	  4	  4	  4	  4	  0	  0	  0	  0	  0	  0	  0	  0	  0	  0	  0	  0	  0	  0	  0	  0	  0	  0	  0	  0	  0	  0	  0	  0	 88	 56	 23	 85	  0	 25	  0	  0	  0	  0	  0	  0	  0	  0	  0	  0	  0	  5	23093	  0
01/03/2018	11:12:26	<-	L	00000000	 28	 92	 57	 21	  0	158	  0	  4	  4	  4	  4	  4	  4	  4	  4	  0	  0	  0	  0	  0	  0	  0	  0	  0	  0	  0	  0	  0	  0	  0	  0	  0	  0	  0	  0	  0	  0	  0	  0	 92	 57	 21	 87	  0	 24	  0	  0	  0	  0	  0	  0	  0	  0	  0	  0	  0	  5	23093	  0
01/03/2018	11:17:26	<-	L	00000000	 28	 88	 55	 22	  0	163	  0	  4	  4	  4	  4	  4	  4	  4	  4	  0	  0	  0	  0	  0	  0	  0	  0	  0	  0	  0	  0	  0	  0	  0	  0	  0	  0	  0	  0	  0	  0	  0	  0	 88	 55	 22	 85	  0	 24	  0	  0	  0	  0	  0	  0	  0	  0	  0	  0	  0	  5	23093	  0
01/03/2018	11:22:26	<-	L	00000000	 28	 92	 57	 21	  0	168	  0	  4	  4	  4	  4	  4	  4	  4	  4	  0	  0	  0	  0	  0	  0	  0	  0	  0	  0	  0	  0	  0	  0	  0	  0	  0	  0	  0	  0	  0	  0	  0	  0	 92	 57	 21	 87	  0	 24	  0	  0	  0	  0	  0	  0	  0	  0	  0	  0	  0	  5	23093	  0
01/03/2018	11:27:26	<-	L	00000000	 28	 88	 56	 22	  0	173	  0	  4	  4	  4	  4	  4	  4	  4	  4	  0	  0	  0	  0	  0	  0	  0	  0	  0	  0	  0	  0	  0	  0	  0	  0	  0	  0	  0	  0	  0	  0	  0	  0	 88	 56	 23	 86	  0	 24	  0	  0	  0	  0	  0	  0	  0	  0	  0	  0	  0	  5	23093	  0
01/03/2018	11:32:26	<-	L	00000000	 28	 93	 57	 21	  0	178	  0	  4	  4	  4	  4	  4	  4	  4	  4	  0	  0	  0	  0	  0	  0	  0	  0	  0	  0	  0	  0	  0	  0	  0	  0	  0	  0	  0	  0	  0	  0	  0	  0	 93	 57	 21	 88	  0	 24	  0	  0	  0	  0	  0	  0	  0	  0	  0	  0	  0	  5	23093	  0
01/03/2018	11:37:27	<-	L	00000000	 29	 88	 54	 20	  0	  2	  0	  4	  4	  4	  4	  4	  4	  4	  4	  0	  0	  0	  0	  0	  0	  0	  0	  0	  0	  0	  0	  0	  0	  0	  0	  0	  0	  0	  0	  0	  0	  0	  0	 88	 54	 21	 86	  0	 22	  0	  0	  0	  0	  0	  0	  0	  0	  0	  0	  0	  5	23091	  0
01/03/2018	11:42:27	<-	L	00000000	 29	 92	 55	 19	  0	  7	  0	  4	  4	  4	  4	  4	  4	  4	  4	  0	  0	  0	  0	  0	  0	  0	  0	  0	  0	  0	  0	  0	  0	  0	  0	  0	  0	  0	  0	  0	  0	  0	  0	 92	 55	 19	 87	  0	 22	  0	  0	  0	  0	  0	  0	  0	  0	  0	  0	  0	  5	23091	  0
01/03/2018	11:47:26	<-	L	00000000	 29	 88	 55	 21	  0	 12	  0	  4	  4	  4	  4	  4	  4	  4	  4	  0	  0	  0	  0	  0	  0	  0	  0	  0	  0	  0	  0	  0	  0	  0	  0	  0	  0	  0	  0	  0	  0	  0	  0	 88	 55	 22	 86	  0	 23	  0	  0	  0	  0	  0	  0	  0	  0	  0	  0	  0	  5	23091	  0
01/03/2018	11:52:27	<-	L	00000000	 29	 92	 55	 20	  0	 17	  0	  4	  4	  4	  4	  4	  4	  4	  4	  0	  0	  0	  0	  0	  0	  0	  0	  0	  0	  0	  0	  0	  0	  0	  0	  0	  0	  0	  0	  0	  0	  0	  0	 92	 55	 19	 87	  0	 22	  0	  0	  0	  0	  0	  0	  0	  0	  0	  0	  0	  5	23091	  0
01/03/2018	11:57:27	<-	L	00000000	 29	 88	 54	 21	  0	 22	  0	  4	  4	  4	  4	  4	  4	  4	  4	  0	  0	  0	  0	  0	  0	  0	  0	  0	  0	  0	  0	  0	  0	  0	  0	  0	  0	  0	  0	  0	  0	  0	  0	 88	 54	 21	 86	  0	 22	  0	  0	  0	  0	  0	  0	  0	  0	  0	  0	  0	  5	23091	  0
01/03/2018	12:02:27	<-	L	00000000	 29	 91	 55	 20	  0	 27	  0	  4	  4	  4	  4	  4	  4	  4	  4	  0	  0	  0	  0	  0	  0	  0	  0	  0	  0	  0	  0	  0	  0	  0	  0	  0	  0	  0	  0	  0	  0	  0	  0	 91	 55	 20	 87	  0	 22	  0	  0	  0	  0	  0	  0	  0	  0	  0	  0	  0	  5	23091	  0
01/03/2018	12:07:27	<-	L	00000000	 29	 89	 54	 21	  0	 32	  0	  4	  4	  4	  4	  4	  4	  4	  4	  0	  0	  0	  0	  0	  0	  0	  0	  0	  0	  0	  0	  0	  0	  0	  0	  0	  0	  0	  0	  0	  0	  0	  0	 89	 54	 20	 86	  0	 22	  0	  0	  0	  0	  0	  0	  0	  0	  0	  0	  0	  5	23091	  0
01/03/2018	12:12:27	<-	L	00000000	 29	 92	 55	 19	  0	 37	  0	  4	  4	  4	  4	  4	  4	  4	  4	  0	  0	  0	  0	  0	  0	  0	  0	  0	  0	  0	  0	  0	  0	  0	  0	  0	  0	  0	  0	  0	  0	  0	  0	 92	 55	 19	 87	  0	 22	  0	  0	  0	  0	  0	  0	  0	  0	  0	  0	  0	  5	23091	  0
01/03/2018	12:17:27	<-	L	00000000	 29	 88	 54	 21	  0	 42	  0	  4	  4	  4	  4	  4	  4	  4	  4	  0	  0	  0	  0	  0	  0	  0	  0	  0	  0	  0	  0	  0	  0	  0	  0	  0	  0	  0	  0	  0	  0	  0	  0	 88	 54	 21	 86	  0	 22	  0	  0	  0	  0	  0	  0	  0	  0	  0	  0	  0	  5	23091	  0
01/03/2018	12:22:28	<-	L	00000000	 29	 92	 55	 19	  0	 47	  0	  4	  4	  4	  4	  4	  4	  4	  4	  0	  0	  0	  0	  0	  0	  0	  0	  0	  0	  0	  0	  0	  0	  0	  0	  0	  0	  0	  0	  0	  0	  0	  0	 92	 55	 19	 88	  0	 22	  0	  0	  0	  0	  0	  0	  0	  0	  0	  0	  0	  5	23091	  0
01/03/2018	12:27:27	<-	L	00000000	 29	 88	 54	 21	  0	 52	  0	  4	  4	  4	  4	  4	  4	  4	  4	  0	  0	  0	  0	  0	  0	  0	  0	  0	  0	  0	  0	  0	  0	  0	  0	  0	  0	  0	  0	  0	  0	  0	  0	 88	 54	 21	 86	  0	 22	  0	  0	  0	  0	  0	  0	  0	  0	  0	  0	  0	  5	23091	  0
01/03/2018	12:32:27	<-	L	00000000	 29	 92	 55	 19	  0	 57	  0	  4	  4	  4	  4	  4	  4	  4	  4	  0	  0	  0	  0	  0	  0	  0	  0	  0	  0	  0	  0	  0	  0	  0	  0	  0	  0	  0	  0	  0	  0	  0	  0	 92	 55	 19	 88	  0	 22	  0	  0	  0	  0	  0	  0	  0	  0	  0	  0	  0	  5	23091	  0
01/03/2018	12:37:27	<-	L	00000000	 29	 88	 54	 20	  0	 62	  0	  4	  4	  4	  4	  4	  4	  4	  4	  0	  0	  0	  0	  0	  0	  0	  0	  0	  0	  0	  0	  0	  0	  0	  0	  0	  0	  0	  0	  0	  0	  0	  0	 88	 54	 21	 87	  0	 21	  0	  0	  0	  0	  0	  0	  0	  0	  0	  0	  0	  5	23091	  0
01/03/2018	12:42:27	<-	L	00000000	 29	 92	 55	 19	  0	 67	  0	  4	  4	  4	  4	  4	  4	  4	  4	  0	  0	  0	  0	  0	  0	  0	  0	  0	  0	  0	  0	  0	  0	  0	  0	  0	  0	  0	  0	  0	  0	  0	  0	 92	 55	 19	 88	  0	 22	  0	  0	  0	  0	  0	  0	  0	  0	  0	  0	  0	  5	23091	  0
01/03/2018	12:47:27	<-	L	00000000	 29	 90	 54	 21	  0	 72	  0	  4	  4	  4	  4	  4	  4	  4	  4	  0	  0	  0	  0	  0	  0	  0	  0	  0	  0	  0	  0	  0	  0	  0	  0	  0	  0	  0	  0	  0	  0	  0	  0	 90	 54	 20	 87	  0	 21	  0	  0	  0	  0	  0	  0	  0	  0	  0	  0	  0	  5	23091	  0
01/03/2018	12:52:27	<-	L	00000000	 29	 90	 54	 20	  0	 77	  0	  4	  4	  4	  4	  4	  4	  4	  4	  0	  0	  0	  0	  0	  0	  0	  0	  0	  0	  0	  0	  0	  0	  0	  0	  0	  0	  0	  0	  0	  0	  0	  0	 90	 54	 20	 87	  0	 21	  0	  0	  0	  0	  0	  0	  0	  0	  0	  0	  0	  5	23091	  0
01/03/2018	12:57:27	<-	L	00000000	 29	 91	 55	 19	  0	 82	  0	  4	  4	  4	  4	  4	  4	  4	  4	  0	  0	  0	  0	  0	  0	  0	  0	  0	  0	  0	  0	  0	  0	  0	  0	  0	  0	  0	  0	  0	  0	  0	  0	 91	 55	 20	 88	  0	 22	  0	  0	  0	  0	  0	  0	  0	  0	  0	  0	  0	  5	23091	  0
01/03/2018	13:02:27	<-	L	00000000	 29	 88	 54	 21	  0	 87	  0	  4	  4	  4	  4	  4	  4	  4	  4	  0	  0	  0	  0	  0	  0	  0	  0	  0	  0	  0	  0	  0	  0	  0	  0	  0	  0	  0	  0	  0	  0	  0	  0	 88	 54	 21	 87	  0	 21	  0	  0	  0	  0	  0	  0	  0	  0	  0	  0	  0	  5	23091	  0
01/03/2018	13:07:28	<-	L	00000000	 29	 92	 55	 19	  0	 92	  0	  4	  4	  4	  4	  4	  4	  4	  4	  0	  0	  0	  0	  0	  0	  0	  0	  0	  0	  0	  0	  0	  0	  0	  0	  0	  0	  0	  0	  0	  0	  0	  0	 92	 55	 19	 88	  0	 22	  0	  0	  0	  0	  0	  0	  0	  0	  0	  0	  0	  5	23091	  0
01/03/2018	13:12:28	<-	L	00000000	 29	 91	 55	 20	  0	 97	  0	  4	  4	  4	  4	  4	  4	  4	  4	  0	  0	  0	  0	  0	  0	  0	  0	  0	  0	  0	  0	  0	  0	  0	  0	  0	  0	  0	  0	  0	  0	  0	  0	 91	 55	 20	 88	  0	 22	  0	  0	  0	  0	  0	  0	  0	  0	  0	  0	  0	  5	23091	  0
01/03/2018	13:17:28	<-	L	00000000	 29	 89	 54	 20	  0	102	  0	  4	  4	  4	  4	  4	  4	  4	  4	  0	  0	  0	  0	  0	  0	  0	  0	  0	  0	  0	  0	  0	  0	  0	  0	  0	  0	  0	  0	  0	  0	  0	  0	 89	 54	 20	 87	  0	 21	  0	  0	  0	  0	  0	  0	  0	  0	  0	  0	  0	  5	23091	  0
01/03/2018	13:22:28	<-	L	00000000	 29	 93	 55	 19	  0	107	  0	  4	  4	  4	  4	  4	  4	  4	  4	  0	  0	  0	  0	  0	  0	  0	  0	  0	  0	  0	  0	  0	  0	  0	  0	  0	  0	  0	  0	  0	  0	  0	  0	 93	 55	 19	 89	  0	 21	  0	  0	  0	  0	  0	  0	  0	  0	  0	  0	  0	  5	23091	  0
01/03/2018	13:27:28	<-	L	00000000	 29	 90	 54	 20	  0	112	  0	  4	  4	  4	  4	  4	  4	  4	  4	  0	  0	  0	  0	  0	  0	  0	  0	  0	  0	  0	  0	  0	  0	  0	  0	  0	  0	  0	  0	  0	  0	  0	  0	 90	 54	 20	 88	  0	 21	  0	  0	  0	  0	  0	  0	  0	  0	  0	  0	  0	  5	23091	  0
01/03/2018	13:32:28	<-	L	00000000	 29	 91	 54	 20	  0	117	  0	  4	  4	  4	  4	  4	  4	  4	  4	  0	  0	  0	  0	  0	  0	  0	  0	  0	  0	  0	  0	  0	  0	  0	  0	  0	  0	  0	  0	  0	  0	  0	  0	 91	 54	 19	 88	  0	 21	  0	  0	  0	  0	  0	  0	  0	  0	  0	  0	  0	  5	23091	  0
01/03/2018	13:37:28	<-	L	00000000	 30	 91	 56	 19	  0	  1	  0	  4	  4	  4	  4	  4	  4	  4	  4	  0	  0	  0	  0	  0	  0	  0	  0	  0	  0	  0	  0	  0	  0	  0	  0	  0	  0	  0	  0	  0	  0	  0	  0	 91	 56	 21	 88	  0	 23	  0	  0	  0	  0	  0	  0	  0	  0	  0	  0	  0	  5	20560	  1
01/03/2018	13:42:28	<-	L	00000000	 30	 87	 59	 27	  0	  6	  0	  4	  4	  4	  4	  4	  4	  4	  4	  0	  0	  0	  0	  0	  0	  0	  0	  0	  0	  0	  0	  0	  0	  0	  0	  0	  0	  0	  0	  0	  0	  0	  0	 87	 59	 27	 87	  0	 27	  0	  0	  0	  0	  0	  0	  0	  0	  0	  0	  0	  5	20560	  1
01/03/2018	13:47:28	<-	L	00000000	 30	 88	 67	 38	  0	 11	  0	  4	  4	  4	  4	  4	  4	  4	  4	  0	  0	  0	  0	  0	  0	  0	  0	  0	  0	  0	  0	  0	  0	  0	  0	  0	  0	  0	  0	  0	  0	  0	  0	 88	 67	 38	 88	  0	 38	  0	  0	  0	  0	  0	  0	  0	  0	  0	  0	  0	  5	20560	  1
01/03/2018	13:52:28	<-	L	00000000	 30	 89	 70	 43	  0	 16	  0	  4	  4	  4	  4	  4	  4	  4	  4	  0	  0	  0	  0	  0	  0	  0	  0	  0	  0	  0	  0	  0	  0	  0	  0	  0	  0	  0	  0	  0	  0	  0	  0	 89	 70	 43	 89	  0	 43	  0	  0	  0	  0	  0	  0	  0	  0	  0	  0	  0	  5	20560	  1
01/03/2018	13:59:14	->	L	00000000	 30	 88	 70	 46	  0	 23	  0	  4	  4	  4	  4	  4	  4	  4	  4	  0	  0	  0	  0	  0	  0	  0	  0	  0	  0	  0	  0	  0	  0	  0	  0	  0	  0	  0	  0	  0	  0	  0	  0	 86	 70	 49	 88	  0	 46	  0	  0	  0	  0	  0	  0	  0	  0	  0	  0	  0	  5	20560	  1
01/03/2018	14:04:14	->	L	00000000	 30	 89	 73	 48	  0	 28	  0	  4	  4	  4	  4	  4	  4	  4	  4	  0	  0	  0	  0	  0	  0	  0	  0	  0	  0	  0	  0	  0	  0	  0	  0	  0	  0	  0	  0	  0	  0	  0	  0	 86	 73	 56	 89	  0	 51	  0	  0	  0	  0	  0	  0	  0	  0	  0	  0	  0	  5	20560	  1
01/03/2018	14:09:14	->	L	00000000	 30	 90	 76	 53	  0	 33	  0	  4	  4	  4	  4	  4	  4	  4	  4	  0	  0	  0	  0	  0	  0	  0	  0	  0	  0	  0	  0	  0	  0	  0	  0	  0	  0	  0	  0	  0	  0	  0	  0	 87	 76	 63	 90	  0	 55	  0	  0	  0	  0	  0	  0	  0	  0	  0	  0	  0	  5	20560	  1
01/03/2018	14:14:14	->	L	00000000	 30	 91	 76	 54	  0	 38	  0	  4	  4	  4	  4	  4	  4	  4	  4	  0	  0	  0	  0	  0	  0	  0	  0	  0	  0	  0	  0	  0	  0	  0	  0	  0	  0	  0	  0	  0	  0	  0	  0	 88	 76	 60	 91	  0	 54	  0	  0	  0	  0	  0	  0	  0	  0	  0	  0	  0	  5	20560	  1
01/03/2018	14:19:14	->	L	00000000	 30	 90	 73	 48	  0	 43	  0	  4	  4	  4	  4	  4	  4	  4	  4	  0	  0	  0	  0	  0	  0	  0	  0	  0	  0	  0	  0	  0	  0	  0	  0	  0	  0	  0	  0	  0	  0	  0	  0	 87	 73	 54	 90	  0	 48	  0	  0	  0	  0	  0	  0	  0	  0	  0	  0	  0	  5	20560	  1
01/03/2018	14:24:14	->	L	00000000	 30	 90	 72	 46	  0	 48	  0	  4	  4	  4	  4	  4	  4	  4	  4	  0	  0	  0	  0	  0	  0	  0	  0	  0	  0	  0	  0	  0	  0	  0	  0	  0	  0	  0	  0	  0	  0	  0	  0	 86	 72	 53	 90	  0	 46	  0	  0	  0	  0	  0	  0	  0	  0	  0	  0	  0	  5	20560	  1
01/03/2018	14:29:14	->	L	00000000	 30	 91	 76	 54	  0	 53	  0	  4	  4	  4	  4	  4	  4	  4	  4	  0	  0	  0	  0	  0	  0	  0	  0	  0	  0	  0	  0	  0	  0	  0	  0	  0	  0	  0	  0	  0	  0	  0	  0	 88	 76	 60	 91	  0	 54	  0	  0	  0	  0	  0	  0	  0	  0	  0	  0	  0	  5	20560	  1
01/03/2018	14:34:15	->	L	00000000	 30	 90	 73	 48	  0	 58	  0	  4	  4	  4	  4	  4	  4	  4	  4	  0	  0	  0	  0	  0	  0	  0	  0	  0	  0	  0	  0	  0	  0	  0	  0	  0	  0	  0	  0	  0	  0	  0	  0	 87	 73	 54	 90	  0	 48	  0	  0	  0	  0	  0	  0	  0	  0	  0	  0	  0	  5	20560	  1
01/03/2018	14:39:14	->	L	00000000	 30	 90	 72	 46	  0	 63	  0	  4	  4	  4	  4	  4	  4	  4	  4	  0	  0	  0	  0	  0	  0	  0	  0	  0	  0	  0	  0	  0	  0	  0	  0	  0	  0	  0	  0	  0	  0	  0	  0	 86	 72	 53	 90	  0	 46	  0	  0	  0	  0	  0	  0	  0	  0	  0	  0	  0	  5	20560	  1
01/03/2018	14:44:14	->	L	00000000	 30	 90	 77	 55	  0	 68	  0	  4	  4	  4	  4	  4	  4	  4	  4	  0	  0	  0	  0	  0	  0	  0	  0	  0	  0	  0	  0	  0	  0	  0	  0	  0	  0	  0	  0	  0	  0	  0	  0	 88	 77	 63	 90	  0	 58	  0	  0	  0	  0	  0	  0	  0	  0	  0	  0	  0	  5	20560	  1
01/03/2018	14:49:14	->	L	00000000	 30	 90	 75	 53	  0	 73	  0	  4	  4	  4	  4	  4	  4	  4	  4	  0	  0	  0	  0	  0	  0	  0	  0	  0	  0	  0	  0	  0	  0	  0	  0	  0	  0	  0	  0	  0	  0	  0	  0	 88	 75	 57	 90	  0	 53	  0	  0	  0	  0	  0	  0	  0	  0	  0	  0	  0	  5	20560	  1
01/03/2018	14:54:14	->	L	00000000	 30	 90	 73	 51	  0	 78	  0	  4	  4	  4	  4	  4	  4	  4	  4	  0	  0	  0	  0	  0	  0	  0	  0	  0	  0	  0	  0	  0	  0	  0	  0	  0	  0	  0	  0	  0	  0	  0	  0	 87	 73	 54	 90	  0	 48	  0	  0	  0	  0	  0	  0	  0	  0	  0	  0	  0	  5	20560	  1
01/03/2018	14:59:14	->	L	00000000	 30	 89	 74	 51	  0	 83	  0	  4	  4	  4	  4	  4	  4	  4	  4	  0	  0	  0	  0	  0	  0	  0	  0	  0	  0	  0	  0	  0	  0	  0	  0	  0	  0	  0	  0	  0	  0	  0	  0	 87	 74	 57	 89	  0	 53	  0	  0	  0	  0	  0	  0	  0	  0	  0	  0	  0	  5	20560	  1
01/03/2018	15:04:14	->	L	00000000	 30	 91	 77	 58	  0	 88	  0	  4	  4	  4	  4	  4	  4	  4	  4	  0	  0	  0	  0	  0	  0	  0	  0	  0	  0	  0	  0	  0	  0	  0	  0	  0	  0	  0	  0	  0	  0	  0	  0	 88	 77	 63	 91	  0	 55	  0	  0	  0	  0	  0	  0	  0	  0	  0	  0	  0	  5	20560	  1
01/03/2018	15:09:14	->	L	00000000	 30	 90	 75	 53	  0	 93	  0	  4	  4	  4	  4	  4	  4	  4	  4	  0	  0	  0	  0	  0	  0	  0	  0	  0	  0	  0	  0	  0	  0	  0	  0	  0	  0	  0	  0	  0	  0	  0	  0	 87	 75	 60	 90	  0	 53	  0	  0	  0	  0	  0	  0	  0	  0	  0	  0	  0	  5	20560	  1
01/03/2018	15:14:14	->	L	00000000	 30	 89	 74	 53	  0	 98	  0	  4	  4	  4	  4	  4	  4	  4	  4	  0	  0	  0	  0	  0	  0	  0	  0	  0	  0	  0	  0	  0	  0	  0	  0	  0	  0	  0	  0	  0	  0	  0	  0	 87	 74	 57	 89	  0	 53	  0	  0	  0	  0	  0	  0	  0	  0	  0	  0	  0	  5	20560	  1
01/03/2018	15:19:14	->	L	00000000	 30	 91	 79	 61	  0	103	  0	  4	  4	  4	  4	  4	  4	  4	  4	  0	  0	  0	  0	  0	  0	  0	  0	  0	  0	  0	  0	  0	  0	  0	  0	  0	  0	  0	  0	  0	  0	  0	  0	 88	 79	 69	 91	  0	 61	  0	  0	  0	  0	  0	  0	  0	  0	  0	  0	  0	  5	20560	  1
01/03/2018	15:24:14	->	L	00000000	 30	 90	 75	 53	  0	108	  0	  4	  4	  4	  4	  4	  4	  4	  4	  0	  0	  0	  0	  0	  0	  0	  0	  0	  0	  0	  0	  0	  0	  0	  0	  0	  0	  0	  0	  0	  0	  0	  0	 87	 75	 60	 90	  0	 53	  0	  0	  0	  0	  0	  0	  0	  0	  0	  0	  0	  5	20560	  1
01/03/2018	15:29:14	->	L	00000000	 30	 90	 74	 51	  0	113	  0	  4	  4	  4	  4	  4	  4	  4	  4	  0	  0	  0	  0	  0	  0	  0	  0	  0	  0	  0	  0	  0	  0	  0	  0	  0	  0	  0	  0	  0	  0	  0	  0	 87	 74	 57	 90	  0	 51	  0	  0	  0	  0	  0	  0	  0	  0	  0	  0	  0	  5	20560	  1
01/03/2018	15:34:14	->	L	00000000	 30	 90	 80	 64	  0	118	  0	  4	  4	  4	  4	  4	  4	  4	  4	  0	  0	  0	  0	  0	  0	  0	  0	  0	  0	  0	  0	  0	  0	  0	  0	  0	  0	  0	  0	  0	  0	  0	  0	 88	 80	 72	 90	  0	 66	  0	  0	  0	  0	  0	  0	  0	  0	  0	  0	  0	  5	20560	  1
01/03/2018	15:39:15	->	L	00000000	 40	 87	 70	 50	  0	  2	  0	  4	  4	  4	  4	  4	  4	  4	  4	  0	  0	  0	  0	  0	  0	  0	  0	  0	  0	  0	  0	  0	  0	  0	  0	  0	  0	  0	  0	  0	  0	  0	  0	 85	 70	 51	 87	  0	 47	  0	  0	  0	  0	  0	  0	  0	  0	  0	  0	  0	  5	15400	  0
01/03/2018	15:44:15	->	L	00000000	 40	 82	 59	 31	  0	  7	  0	  4	  4	  4	  4	  4	  4	  4	  4	  0	  0	  0	  0	  0	  0	  0	  0	  0	  0	  0	  0	  0	  0	  0	  0	  0	  0	  0	  0	  0	  0	  0	  0	 81	 59	 34	 82	  0	 31	  0	  0	  0	  0	  0	  0	  0	  0	  0	  0	  0	  5	15400	  0
01/03/2018	15:49:14	->	L	00000000	 40	 79	 54	 27	  0	 12	  0	  4	  4	  4	  4	  4	  4	  4	  4	  0	  0	  0	  0	  0	  0	  0	  0	  0	  0	  0	  0	  0	  0	  0	  0	  0	  0	  0	  0	  0	  0	  0	  0	 78	 54	 29	 79	  0	 27	  0	  0	  0	  0	  0	  0	  0	  0	  0	  0	  0	  5	15400	  0
01/03/2018	15:54:14	->	L	00000000	 40	 77	 51	 27	  0	 17	  0	  4	  4	  4	  4	  4	  4	  4	  4	  0	  0	  0	  0	  0	  0	  0	  0	  0	  0	  0	  0	  0	  0	  0	  0	  0	  0	  0	  0	  0	  0	  0	  0	 76	 51	 26	 77	  0	 27	  0	  0	  0	  0	  0	  0	  0	  0	  0	  0	  0	  5	15400	  0
01/03/2018	15:59:15	->	L	00000000	 40	 75	 49	 26	  0	 22	  0	  4	  4	  4	  4	  4	  4	  4	  4	  0	  0	  0	  0	  0	  0	  0	  0	  0	  0	  0	  0	  0	  0	  0	  0	  0	  0	  0	  0	  0	  0	  0	  0	 74	 49	 25	 75	  0	 26	  0	  0	  0	  0	  0	  0	  0	  0	  0	  0	  0	  5	15400	  0
01/03/2018	16:04:15	->	L	00000000	 40	 74	 47	 23	  0	 27	  0	  4	  4	  4	  4	  4	  4	  4	  4	  0	  0	  0	  0	  0	  0	  0	  0	  0	  0	  0	  0	  0	  0	  0	  0	  0	  0	  0	  0	  0	  0	  0	  0	 73	 47	 25	 74	  0	 23	  0	  0	  0	  0	  0	  0	  0	  0	  0	  0	  0	  5	15400	  0
01/03/2018	16:09:15	->	L	00000000	 40	 73	 46	 23	  0	 32	  0	  4	  4	  4	  4	  4	  4	  4	  4	  0	  0	  0	  0	  0	  0	  0	  0	  0	  0	  0	  0	  0	  0	  0	  0	  0	  0	  0	  0	  0	  0	  0	  0	 71	 46	 23	 73	  0	 23	  0	  0	  0	  0	  0	  0	  0	  0	  0	  0	  0	  5	15400	  0
01/03/2018	16:14:15	->	L	00000000	 40	 73	 46	 23	  0	 37	  0	  4	  4	  4	  4	  4	  4	  4	  4	  0	  0	  0	  0	  0	  0	  0	  0	  0	  0	  0	  0	  0	  0	  0	  0	  0	  0	  0	  0	  0	  0	  0	  0	 71	 46	 23	 73	  0	 23	  0	  0	  0	  0	  0	  0	  0	  0	  0	  0	  0	  5	15400	  0
01/03/2018	16:19:15	->	L	00000000	 40	 72	 45	 22	  0	 42	  0	  4	  4	  4	  4	  4	  4	  4	  4	  0	  0	  0	  0	  0	  0	  0	  0	  0	  0	  0	  0	  0	  0	  0	  0	  0	  0	  0	  0	  0	  0	  0	  0	 70	 45	 23	 72	  0	 22	  0	  0	  0	  0	  0	  0	  0	  0	  0	  0	  0	  5	15400	  0
01/03/2018	16:24:15	->	L	00000000	 40	 71	 45	 24	  0	 47	  0	  4	  4	  4	  4	  4	  4	  4	  4	  0	  0	  0	  0	  0	  0	  0	  0	  0	  0	  0	  0	  0	  0	  0	  0	  0	  0	  0	  0	  0	  0	  0	  0	 69	 45	 25	 71	  0	 24	  0	  0	  0	  0	  0	  0	  0	  0	  0	  0	  0	  5	15400	  0
01/03/2018	16:29:15	->	L	00000000	 40	 71	 44	 22	  0	 52	  0	  4	  4	  4	  4	  4	  4	  4	  4	  0	  0	  0	  0	  0	  0	  0	  0	  0	  0	  0	  0	  0	  0	  0	  0	  0	  0	  0	  0	  0	  0	  0	  0	 69	 44	 23	 71	  0	 22	  0	  0	  0	  0	  0	  0	  0	  0	  0	  0	  0	  5	15400	  0
01/03/2018	16:34:15	->	L	00000000	 40	 71	 45	 24	  0	 57	  0	  4	  4	  4	  4	  4	  4	  4	  4	  0	  0	  0	  0	  0	  0	  0	  0	  0	  0	  0	  0	  0	  0	  0	  0	  0	  0	  0	  0	  0	  0	  0	  0	 69	 45	 25	 71	  0	 24	  0	  0	  0	  0	  0	  0	  0	  0	  0	  0	  0	  5	15400	  0
01/03/2018	16:39:15	->	L	00000000	 50	 70	 45	 23	  0	  1	  0	  4	  4	  4	  4	  4	  4	  4	  4	  0	  0	  0	  0	  0	  0	  0	  0	  0	  0	  0	  0	  0	  0	  0	  0	  0	  0	  0	  0	  0	  0	  0	  0	 68	 45	 25	 70	  0	 23	  0	  0	  0	  0	  0	  0	  0	  0	  0	  0	  0	  5	17965	  0
01/03/2018	16:44:16	->	L	00000000	 50	 71	 46	 23	  0	  6	  0	  4	  4	  4	  4	  4	  4	  4	  4	  0	  0	  0	  0	  0	  0	  0	  0	  0	  0	  0	  0	  0	  0	  0	  0	  0	  0	  0	  0	  0	  0	  0	  0	 68	 46	 27	 71	  0	 23	  0	  0	  0	  0	  0	  0	  0	  0	  0	  0	  0	  5	17451	  0
01/03/2018	16:49:16	->	L	00000000	 50	 69	 44	 23	  0	 11	  0	  4	  4	  4	  4	  4	  4	  4	  4	  0	  0	  0	  0	  0	  0	  0	  0	  0	  0	  0	  0	  0	  0	  0	  0	  0	  0	  0	  0	  0	  0	  0	  0	 67	 44	 24	 69	  0	 23	  0	  0	  0	  0	  0	  0	  0	  0	  0	  0	  0	  5	17194	  0
01/03/2018	16:54:15	->	L	00000000	 50	 68	 43	 22	  0	 16	  0	  4	  4	  4	  4	  4	  4	  4	  4	  0	  0	  0	  0	  0	  0	  0	  0	  0	  0	  0	  0	  0	  0	  0	  0	  0	  0	  0	  0	  0	  0	  0	  0	 66	 43	 24	 68	  0	 22	  0	  0	  0	  0	  0	  0	  0	  0	  0	  0	  0	  5	16680	  0
01/03/2018	16:59:15	<-	L	00000000	 50	 67	 42	 22	  0	 21	  0	  4	  4	  4	  4	  4	  4	  4	  4	  0	  0	  0	  0	  0	  0	  0	  0	  0	  0	  0	  0	  0	  0	  0	  0	  0	  0	  0	  0	  0	  0	  0	  0	 66	 42	 24	 67	  0	 22	  0	  0	  0	  0	  0	  0	  0	  0	  0	  0	  0	  5	16166	  0
01/03/2018	17:04:15	<-	L	00000000	 50	 68	 42	 23	  0	 26	  0	  4	  4	  4	  4	  4	  4	  4	  4	  0	  0	  0	  0	  0	  0	  0	  0	  0	  0	  0	  0	  0	  0	  0	  0	  0	  0	  0	  0	  0	  0	  0	  0	 67	 42	 22	 68	  0	 23	  0	  0	  0	  0	  0	  0	  0	  0	  0	  0	  0	  5	15909	  0
01/03/2018	17:09:25	<-	L	00000000	 50	 67	 40	 19	  0	 31	  0	  4	  4	  4	  4	  4	  4	  4	  4	  0	  0	  0	  0	  0	  0	  0	  0	  0	  0	  0	  0	  0	  0	  0	  0	  0	  0	  0	  0	  0	  0	  0	  0	 66	 40	 21	 67	  0	 19	  0	  0	  0	  0	  0	  0	  0	  0	  0	  0	  0	  5	15395	  0
01/03/2018	17:14:16	<-	L	00000000	 50	 67	 39	 18	  0	 36	  0	  4	  4	  4	  4	  4	  4	  4	  4	  0	  0	  0	  0	  0	  0	  0	  0	  0	  0	  0	  0	  0	  0	  0	  0	  0	  0	  0	  0	  0	  0	  0	  0	 65	 39	 21	 67	  0	 18	  0	  0	  0	  0	  0	  0	  0	  0	  0	  0	  0	  5	14881	  0
01/03/2018	17:19:16	<-	L	00000000	 50	 66	 38	 17	  0	 41	  0	  4	  4	  4	  4	  4	  4	  4	  4	  0	  0	  0	  0	  0	  0	  0	  0	  0	  0	  0	  0	  0	  0	  0	  0	  0	  0	  0	  0	  0	  0	  0	  0	 64	 38	 20	 66	  0	 17	  0	  0	  0	  0	  0	  0	  0	  0	  0	  0	  0	  5	14624	  0
01/03/2018	17:24:16	<-	L	00000000	 50	 65	 36	 15	  0	 46	  0	  4	  4	  4	  4	  4	  4	  4	  4	  0	  0	  0	  0	  0	  0	  0	  0	  0	  0	  0	  0	  0	  0	  0	  0	  0	  0	  0	  0	  0	  0	  0	  0	 63	 36	 17	 65	  0	 15	  0	  0	  0	  0	  0	  0	  0	  0	  0	  0	  0	  5	14110	  0
01/03/2018	17:29:16	<-	L	00000000	 50	 64	 35	 15	  0	 51	  0	  4	  4	  4	  4	  4	  4	  4	  4	  0	  0	  0	  0	  0	  0	  0	  0	  0	  0	  0	  0	  0	  0	  0	  0	  0	  0	  0	  0	  0	  0	  0	  0	 62	 35	 17	 64	  0	 15	  0	  0	  0	  0	  0	  0	  0	  0	  0	  0	  0	  5	13596	  0
01/03/2018	17:34:16	<-	L	00000000	 50	 63	 35	 16	  0	 56	  0	  4	  4	  4	  4	  4	  4	  4	  4	  0	  0	  0	  0	  0	  0	  0	  0	  0	  0	  0	  0	  0	  0	  0	  0	  0	  0	  0	  0	  0	  0	  0	  0	 62	 35	 17	 63	  0	 16	  0	  0	  0	  0	  0	  0	  0	  0	  0	  0	  0	  5	13339	  0
