22/03/2018	17:26:11	  	L	00000000	 10	 24	 18	 60	  0	  3	  0	  4	  4	  4	  4	  4	  4	  4	  4	  0	  0	  0	  0	  0	  0	  0	  0	  0	  0	  0	  0	  0	  0	  0	  0	  0	  0	  0	  0	  0	  0	  0	  0	 22	 18	 76	 24	  0	 65	  0	  0	  0	  0	  0	  0	  0	  0	  0	  0	  0	  5	6163	  1
22/03/2018	17:31:11	<-	L	00000000	 10	 29	 21	 56	  0	  8	  0	  5	  5	  5	  5	  5	  5	  5	  5	  0	  0	  0	  0	  0	  0	  0	  0	  0	  0	  0	  0	  0	  0	  0	  0	  0	  0	  0	  0	  0	  0	  0	  0	 29	 21	 56	 24	  0	 82	  0	  0	  0	  0	  0	  0	  0	  0	  0	  0	  0	  5	6420	  1
22/03/2018	17:36:11	<-	L	00000000	 10	 26	 21	 73	  0	 13	  0	  5	  5	  5	  5	  5	  5	  5	  5	  0	  0	  0	  0	  0	  0	  0	  0	  0	  0	  0	  0	  0	  0	  0	  0	  0	  0	  0	  0	  0	  0	  0	  0	 26	 21	 73	 24	  0	 82	  0	  0	  0	  0	  0	  0	  0	  0	  0	  0	  0	  5	6420	  1
22/03/2018	17:41:11	<-	L	00000000	 10	 26	 21	 76	  0	 18	  0	  5	  5	  5	  5	  5	  5	  5	  5	  0	  0	  0	  0	  0	  0	  0	  0	  0	  0	  0	  0	  0	  0	  0	  0	  0	  0	  0	  0	  0	  0	  0	  0	 26	 21	 73	 24	  0	 82	  0	  0	  0	  0	  0	  0	  0	  0	  0	  0	  0	  5	6677	  1
22/03/2018	17:46:11	<-	L	00000000	 10	 26	 22	 76	  0	 23	  0	  5	  5	  5	  5	  5	  5	  5	  5	  0	  0	  0	  0	  0	  0	  0	  0	  0	  0	  0	  0	  0	  0	  0	  0	  0	  0	  0	  0	  0	  0	  0	  0	 26	 22	 76	 24	  0	 88	  0	  0	  0	  0	  0	  0	  0	  0	  0	  0	  0	  5	6934	  1
22/03/2018	17:51:11	<-	L	00000000	 10	 28	 22	 74	  0	 28	  0	  5	  5	  5	  5	  5	  5	  5	  5	  0	  0	  0	  0	  0	  0	  0	  0	  0	  0	  0	  0	  0	  0	  0	  0	  0	  0	  0	  0	  0	  0	  0	  0	 28	 22	 66	 25	  0	 82	  0	  0	  0	  0	  0	  0	  0	  0	  0	  0	  0	  5	6934	  1
22/03/2018	17:56:11	<-	L	00000000	 10	 32	 24	 57	  0	 33	  0	  5	  5	  5	  5	  5	  5	  5	  5	  0	  0	  0	  0	  0	  0	  0	  0	  0	  0	  0	  0	  0	  0	  0	  0	  0	  0	  0	  0	  0	  0	  0	  0	 32	 24	 57	 28	  0	 77	  0	  0	  0	  0	  0	  0	  0	  0	  0	  0	  0	  5	7191	  1
22/03/2018	18:01:12	<-	L	00000000	 10	 30	 24	 66	  0	 38	  0	  5	  5	  5	  5	  5	  5	  5	  5	  0	  0	  0	  0	  0	  0	  0	  0	  0	  0	  0	  0	  0	  0	  0	  0	  0	  0	  0	  0	  0	  0	  0	  0	 30	 24	 66	 27	  0	 82	  0	  0	  0	  0	  0	  0	  0	  0	  0	  0	  0	  5	7448	  1
22/03/2018	18:06:12	<-	L	00000000	 10	 27	 24	 77	  0	 43	  0	  5	  5	  5	  5	  5	  5	  5	  5	  0	  0	  0	  0	  0	  0	  0	  0	  0	  0	  0	  0	  0	  0	  0	  0	  0	  0	  0	  0	  0	  0	  0	  0	 27	 24	 82	 26	  0	 88	  0	  0	  0	  0	  0	  0	  0	  0	  0	  0	  0	  5	7705	  1
22/03/2018	18:11:11	<-	L	00000000	 10	 33	 25	 57	  0	 48	  0	  5	  5	  5	  5	  5	  5	  5	  5	  0	  0	  0	  0	  0	  0	  0	  0	  0	  0	  0	  0	  0	  0	  0	  0	  0	  0	  0	  0	  0	  0	  0	  0	 33	 25	 57	 29	  0	 77	  0	  0	  0	  0	  0	  0	  0	  0	  0	  0	  0	  5	7705	  1
22/03/2018	18:16:11	<-	L	00000000	 10	 31	 25	 67	  0	 53	  0	  5	  5	  5	  5	  5	  5	  5	  5	  0	  0	  0	  0	  0	  0	  0	  0	  0	  0	  0	  0	  0	  0	  0	  0	  0	  0	  0	  0	  0	  0	  0	  0	 31	 25	 66	 28	  0	 83	  0	  0	  0	  0	  0	  0	  0	  0	  0	  0	  0	  5	7962	  1
22/03/2018	18:21:11	<-	L	00000000	 10	 33	 26	 67	  0	 58	  0	  5	  5	  5	  5	  5	  4	  4	  5	  0	  0	  0	  0	  0	  0	  0	  0	  0	  0	  0	  0	  0	  0	  0	  0	  0	  0	  0	  0	  0	  0	  0	  0	 33	 26	 62	 29	  0	 83	  0	  0	  0	  0	  0	  0	  0	  0	  0	  0	  0	  5	8219	  1
22/03/2018	18:26:11	<-	L	00000000	 10	 35	 27	 55	  0	 63	  0	  4	  4	  5	  5	  5	  4	  4	  4	  0	  0	  0	  0	  0	  0	  0	  0	  0	  0	  0	  0	  0	  0	  0	  0	  0	  0	  0	  0	  0	  0	  0	  0	 35	 27	 58	 31	  0	 77	  0	  0	  0	  0	  0	  0	  0	  0	  0	  0	  0	  5	8219	  1
22/03/2018	18:31:12	<-	L	00000000	 10	 32	 27	 74	  0	 68	  0	  4	  4	  4	  4	  4	  4	  4	  4	  0	  0	  0	  0	  0	  0	  0	  0	  0	  0	  0	  0	  0	  0	  0	  0	  0	  0	  0	  0	  0	  0	  0	  0	 32	 27	 74	 30	  0	 83	  0	  0	  0	  0	  0	  0	  0	  0	  0	  0	  0	  5	8476	  1
22/03/2018	18:36:12	<-	L	00000000	 10	 37	 28	 55	  0	 73	  0	  4	  4	  4	  4	  4	  4	  4	  4	  0	  0	  0	  0	  0	  0	  0	  0	  0	  0	  0	  0	  0	  0	  0	  0	  0	  0	  0	  0	  0	  0	  0	  0	 37	 28	 55	 32	  0	 77	  0	  0	  0	  0	  0	  0	  0	  0	  0	  0	  0	  5	8733	  1
22/03/2018	18:41:12	<-	L	00000000	 10	 34	 29	 67	  0	 78	  0	  4	  4	  4	  4	  4	  4	  4	  4	  0	  0	  0	  0	  0	  0	  0	  0	  0	  0	  0	  0	  0	  0	  0	  0	  0	  0	  0	  0	  0	  0	  0	  0	 34	 29	 75	 31	  0	 88	  0	  0	  0	  0	  0	  0	  0	  0	  0	  0	  0	  5	8990	  1
22/03/2018	18:46:12	<-	L	00000000	 10	 36	 29	 63	  0	 83	  0	  4	  4	  4	  4	  4	  4	  4	  4	  0	  0	  0	  0	  0	  0	  0	  0	  0	  0	  0	  0	  0	  0	  0	  0	  0	  0	  0	  0	  0	  0	  0	  0	 36	 29	 63	 32	  0	 83	  0	  0	  0	  0	  0	  0	  0	  0	  0	  0	  0	  5	8990	  1
