01/02/2017	18:11:00	->	L	00000000	 10	 29	 19	 49	  0	  3	  0	  5	  5	  5	  5	  5	  5	  5	  5	  0	  0	  0	  0	  0	  0	  0	  0	  0	  0	  0	  0	  0	  0	  0	  0	  0	  0	  0	  0	  0	  0	  0	  0	 29	 19	 49	 27	  0	 56	  0	  0	  0	  0	  0	  0	  0	  0	  0	  0	  0	  5	7453	  1
01/02/2017	18:16:00	->	L	00000000	 10	 31	 20	 45	  0	  8	  0	  4	  4	  5	  5	  5	  4	  4	  4	  0	  0	  0	  0	  0	  0	  0	  0	  0	  0	  0	  0	  0	  0	  0	  0	  0	  0	  0	  0	  0	  0	  0	  0	 29	 20	 53	 31	  0	 45	  0	  0	  0	  0	  0	  0	  0	  0	  0	  0	  0	  5	7710	  1
01/02/2017	18:21:00	->	L	00000000	 10	 31	 21	 45	  0	 13	  0	  4	  4	  4	  5	  5	  4	  4	  4	  0	  0	  0	  0	  0	  0	  0	  0	  0	  0	  0	  0	  0	  0	  0	  0	  0	  0	  0	  0	  0	  0	  0	  0	 29	 21	 56	 31	  0	 49	  0	  0	  0	  0	  0	  0	  0	  0	  0	  0	  0	  5	7710	  1
01/02/2017	18:26:00	->	L	00000000	 10	 32	 21	 45	  0	 18	  0	  4	  4	  4	  4	  4	  4	  4	  4	  0	  0	  0	  0	  0	  0	  0	  0	  0	  0	  0	  0	  0	  0	  0	  0	  0	  0	  0	  0	  0	  0	  0	  0	 30	 21	 53	 32	  0	 45	  0	  0	  0	  0	  0	  0	  0	  0	  0	  0	  0	  5	7967	  1
01/02/2017	18:31:00	->	L	00000000	 10	 32	 21	 42	  0	 23	  0	  4	  4	  4	  4	  4	  4	  4	  4	  0	  0	  0	  0	  0	  0	  0	  0	  0	  0	  0	  0	  0	  0	  0	  0	  0	  0	  0	  0	  0	  0	  0	  0	 30	 21	 53	 32	  0	 45	  0	  0	  0	  0	  0	  0	  0	  0	  0	  0	  0	  5	8224	  1
01/02/2017	18:36:00	->	L	00000000	 10	 32	 22	 49	  0	 28	  0	  4	  4	  4	  4	  4	  4	  4	  4	  0	  0	  0	  0	  0	  0	  0	  0	  0	  0	  0	  0	  0	  0	  0	  0	  0	  0	  0	  0	  0	  0	  0	  0	 30	 22	 57	 32	  0	 49	  0	  0	  0	  0	  0	  0	  0	  0	  0	  0	  0	  5	8481	  1
01/02/2017	18:41:00	->	L	00000000	 10	 35	 22	 43	  0	 33	  0	  4	  4	  4	  4	  4	  4	  4	  4	  0	  0	  0	  0	  0	  0	  0	  0	  0	  0	  0	  0	  0	  0	  0	  0	  0	  0	  0	  0	  0	  0	  0	  0	 31	 22	 53	 35	  0	 38	  0	  0	  0	  0	  0	  0	  0	  0	  0	  0	  0	  5	8481	  1
01/02/2017	18:46:00	->	L	00000000	 10	 37	 23	 36	  0	 38	  0	  4	  4	  4	  4	  4	  4	  4	  4	  0	  0	  0	  0	  0	  0	  0	  0	  0	  0	  0	  0	  0	  0	  0	  0	  0	  0	  0	  0	  0	  0	  0	  0	 31	 23	 53	 37	  0	 36	  0	  0	  0	  0	  0	  0	  0	  0	  0	  0	  0	  5	8481	  1
01/02/2017	18:51:00	->	L	00000000	 10	 39	 23	 30	  0	 43	  0	  4	  4	  4	  4	  4	  4	  4	  4	  0	  0	  0	  0	  0	  0	  0	  0	  0	  0	  0	  0	  0	  0	  0	  0	  0	  0	  0	  0	  0	  0	  0	  0	 32	 23	 53	 39	  0	 30	  0	  0	  0	  0	  0	  0	  0	  0	  0	  0	  0	  5	8738	  1
01/02/2017	18:56:01	->	L	00000000	 10	 39	 24	 30	  0	 48	  0	  4	  4	  4	  4	  4	  4	  4	  4	  0	  0	  0	  0	  0	  0	  0	  0	  0	  0	  0	  0	  0	  0	  0	  0	  0	  0	  0	  0	  0	  0	  0	  0	 32	 24	 57	 39	  0	 34	  0	  0	  0	  0	  0	  0	  0	  0	  0	  0	  0	  5	8995	  1
01/02/2017	19:01:00	->	L	00000000	 10	 39	 24	 34	  0	 53	  0	  4	  4	  4	  4	  4	  4	  4	  4	  0	  0	  0	  0	  0	  0	  0	  0	  0	  0	  0	  0	  0	  0	  0	  0	  0	  0	  0	  0	  0	  0	  0	  0	 33	 24	 54	 39	  0	 34	  0	  0	  0	  0	  0	  0	  0	  0	  0	  0	  0	  5	8995	  1
01/02/2017	19:06:00	->	L	00000000	 10	 40	 25	 35	  0	 58	  0	  4	  4	  4	  4	  4	  4	  4	  4	  0	  0	  0	  0	  0	  0	  0	  0	  0	  0	  0	  0	  0	  0	  0	  0	  0	  0	  0	  0	  0	  0	  0	  0	 34	 25	 54	 40	  0	 35	  0	  0	  0	  0	  0	  0	  0	  0	  0	  0	  0	  5	9252	  1
01/02/2017	19:11:00	->	L	00000000	 10	 41	 25	 31	  0	 63	  0	  4	  4	  4	  4	  4	  4	  4	  4	  0	  0	  0	  0	  0	  0	  0	  0	  0	  0	  0	  0	  0	  0	  0	  0	  0	  0	  0	  0	  0	  0	  0	  0	 34	 25	 54	 41	  0	 31	  0	  0	  0	  0	  0	  0	  0	  0	  0	  0	  0	  5	9509	  1
01/02/2017	19:16:00	->	L	00000000	 10	 41	 25	 28	  0	 68	  0	  4	  4	  4	  4	  4	  4	  4	  4	  0	  0	  0	  0	  0	  0	  0	  0	  0	  0	  0	  0	  0	  0	  0	  0	  0	  0	  0	  0	  0	  0	  0	  0	 34	 25	 54	 41	  0	 31	  0	  0	  0	  0	  0	  0	  0	  0	  0	  0	  0	  5	9509	  1
01/02/2017	19:21:00	->	L	00000000	 10	 39	 25	 37	  0	 73	  0	  4	  4	  4	  4	  4	  4	  4	  4	  0	  0	  0	  0	  0	  0	  0	  0	  0	  0	  0	  0	  0	  0	  0	  0	  0	  0	  0	  0	  0	  0	  0	  0	 34	 25	 54	 39	  0	 37	  0	  0	  0	  0	  0	  0	  0	  0	  0	  0	  0	  5	9766	  1
01/02/2017	19:26:00	->	L	00000000	 10	 38	 26	 40	  0	 78	  0	  4	  4	  4	  4	  4	  4	  4	  4	  0	  0	  0	  0	  0	  0	  0	  0	  0	  0	  0	  0	  0	  0	  0	  0	  0	  0	  0	  0	  0	  0	  0	  0	 34	 26	 58	 38	  0	 44	  0	  0	  0	  0	  0	  0	  0	  0	  0	  0	  0	  5	9766	  1
01/02/2017	19:31:00	->	L	00000000	 10	 40	 27	 37	  0	 83	  0	  4	  4	  4	  4	  4	  4	  4	  4	  0	  0	  0	  0	  0	  0	  0	  0	  0	  0	  0	  0	  0	  0	  0	  0	  0	  0	  0	  0	  0	  0	  0	  0	 35	 27	 58	 40	  0	 40	  0	  0	  0	  0	  0	  0	  0	  0	  0	  0	  0	  5	10023	  1
01/02/2017	19:36:00	->	L	00000000	 10	 39	 27	 44	  0	 88	  0	  4	  4	  4	  4	  4	  4	  4	  4	  0	  0	  0	  0	  0	  0	  0	  0	  0	  0	  0	  0	  0	  0	  0	  0	  0	  0	  0	  0	  0	  0	  0	  0	 35	 27	 58	 39	  0	 44	  0	  0	  0	  0	  0	  0	  0	  0	  0	  0	  0	  5	10280	  1
01/02/2017	19:41:00	->	L	00000000	 10	 44	 27	 29	  0	 93	  0	  4	  4	  4	  4	  4	  4	  4	  4	  0	  0	  0	  0	  0	  0	  0	  0	  0	  0	  0	  0	  0	  0	  0	  0	  0	  0	  0	  0	  0	  0	  0	  0	 36	 27	 55	 44	  0	 29	  0	  0	  0	  0	  0	  0	  0	  0	  0	  0	  0	  5	10280	  1
01/02/2017	19:46:00	->	L	00000000	 10	 44	 28	 29	  0	 98	  0	  4	  4	  4	  4	  4	  4	  4	  4	  0	  0	  0	  0	  0	  0	  0	  0	  0	  0	  0	  0	  0	  0	  0	  0	  0	  0	  0	  0	  0	  0	  0	  0	 36	 28	 58	 44	  0	 32	  0	  0	  0	  0	  0	  0	  0	  0	  0	  0	  0	  5	10537	  1
01/02/2017	19:51:00	->	L	00000000	 10	 41	 28	 40	  0	103	  0	  4	  4	  4	  4	  4	  4	  4	  4	  0	  0	  0	  0	  0	  0	  0	  0	  0	  0	  0	  0	  0	  0	  0	  0	  0	  0	  0	  0	  0	  0	  0	  0	 36	 28	 58	 41	  0	 40	  0	  0	  0	  0	  0	  0	  0	  0	  0	  0	  0	  5	10794	  1
01/02/2017	19:56:00	->	L	00000000	 10	 43	 28	 38	  0	108	  0	  4	  4	  4	  4	  4	  4	  4	  4	  0	  0	  0	  0	  0	  0	  0	  0	  0	  0	  0	  0	  0	  0	  0	  0	  0	  0	  0	  0	  0	  0	  0	  0	 36	 28	 58	 43	  0	 38	  0	  0	  0	  0	  0	  0	  0	  0	  0	  0	  0	  5	10794	  1
01/02/2017	20:01:00	->	L	00000000	 10	 46	 29	 28	  0	113	  0	  4	  4	  4	  4	  4	  4	  4	  4	  0	  0	  0	  0	  0	  0	  0	  0	  0	  0	  0	  0	  0	  0	  0	  0	  0	  0	  0	  0	  0	  0	  0	  0	 37	 29	 59	 46	  0	 30	  0	  0	  0	  0	  0	  0	  0	  0	  0	  0	  0	  5	11051	  1
01/02/2017	20:06:00	->	L	00000000	 10	 43	 29	 36	  0	118	  0	  4	  4	  4	  4	  4	  4	  4	  4	  0	  0	  0	  0	  0	  0	  0	  0	  0	  0	  0	  0	  0	  0	  0	  0	  0	  0	  0	  0	  0	  0	  0	  0	 37	 29	 59	 43	  0	 38	  0	  0	  0	  0	  0	  0	  0	  0	  0	  0	  0	  5	11308	  1
01/02/2017	20:11:00	<-	L	00000000	 10	 42	 30	 45	  0	123	  0	  4	  4	  4	  4	  4	  4	  4	  4	  0	  0	  0	  0	  0	  0	  0	  0	  0	  0	  0	  0	  0	  0	  0	  0	  0	  0	  0	  0	  0	  0	  0	  0	 37	 30	 63	 42	  0	 45	  0	  0	  0	  0	  0	  0	  0	  0	  0	  0	  0	  5	11308	  1
01/02/2017	20:16:00	<-	L	00000000	 10	 45	 35	 47	  0	128	  0	  4	  4	  4	  4	  4	  4	  4	  4	  0	  0	  0	  0	  0	  0	  0	  0	  0	  0	  0	  0	  0	  0	  0	  0	  0	  0	  0	  0	  0	  0	  0	  0	 45	 35	 53	 42	  0	 64	  0	  0	  0	  0	  0	  0	  0	  0	  0	  0	  0	  5	11565	  1
01/02/2017	20:21:00	<-	L	00000000	 10	 44	 34	 56	  0	133	  0	  4	  4	  4	  4	  4	  4	  4	  4	  0	  0	  0	  0	  0	  0	  0	  0	  0	  0	  0	  0	  0	  0	  0	  0	  0	  0	  0	  0	  0	  0	  0	  0	 44	 34	 56	 41	  0	 68	  0	  0	  0	  0	  0	  0	  0	  0	  0	  0	  0	  5	11565	  1
01/02/2017	20:26:00	<-	L	00000000	 10	 48	 35	 47	  0	138	  0	  4	  4	  4	  4	  4	  4	  4	  4	  0	  0	  0	  0	  0	  0	  0	  0	  0	  0	  0	  0	  0	  0	  0	  0	  0	  0	  0	  0	  0	  0	  0	  0	 48	 35	 43	 43	  0	 60	  0	  0	  0	  0	  0	  0	  0	  0	  0	  0	  0	  5	11822	  1
01/02/2017	20:31:00	<-	L	00000000	 10	 51	 36	 39	  0	143	  0	  4	  4	  4	  4	  4	  4	  4	  4	  0	  0	  0	  0	  0	  0	  0	  0	  0	  0	  0	  0	  0	  0	  0	  0	  0	  0	  0	  0	  0	  0	  0	  0	 51	 36	 39	 44	  0	 60	  0	  0	  0	  0	  0	  0	  0	  0	  0	  0	  0	  5	12079	  1
01/02/2017	20:36:00	<-	L	00000000	 10	 49	 36	 47	  0	148	  0	  4	  4	  4	  4	  4	  4	  4	  4	  0	  0	  0	  0	  0	  0	  0	  0	  0	  0	  0	  0	  0	  0	  0	  0	  0	  0	  0	  0	  0	  0	  0	  0	 49	 36	 43	 43	  0	 64	  0	  0	  0	  0	  0	  0	  0	  0	  0	  0	  0	  5	12079	  1
01/02/2017	20:41:00	<-	L	00000000	 10	 47	 37	 54	  0	153	  0	  4	  4	  4	  4	  4	  4	  4	  4	  0	  0	  0	  0	  0	  0	  0	  0	  0	  0	  0	  0	  0	  0	  0	  0	  0	  0	  0	  0	  0	  0	  0	  0	 47	 37	 54	 43	  0	 69	  0	  0	  0	  0	  0	  0	  0	  0	  0	  0	  0	  5	12336	  1
01/02/2017	20:46:00	<-	L	00000000	 10	 49	 37	 54	  0	158	  0	  4	  4	  4	  4	  4	  4	  4	  4	  0	  0	  0	  0	  0	  0	  0	  0	  0	  0	  0	  0	  0	  0	  0	  0	  0	  0	  0	  0	  0	  0	  0	  0	 49	 37	 47	 44	  0	 65	  0	  0	  0	  0	  0	  0	  0	  0	  0	  0	  0	  5	12593	  1
01/02/2017	20:51:00	<-	L	00000000	 10	 54	 38	 36	  0	163	  0	  4	  4	  4	  4	  4	  4	  4	  4	  0	  0	  0	  0	  0	  0	  0	  0	  0	  0	  0	  0	  0	  0	  0	  0	  0	  0	  0	  0	  0	  0	  0	  0	 54	 38	 36	 46	  0	 61	  0	  0	  0	  0	  0	  0	  0	  0	  0	  0	  0	  5	12593	  1
01/02/2017	20:56:00	<-	L	00000000	 10	 53	 39	 42	  0	168	  0	  4	  4	  4	  4	  4	  4	  4	  4	  0	  0	  0	  0	  0	  0	  0	  0	  0	  0	  0	  0	  0	  0	  0	  0	  0	  0	  0	  0	  0	  0	  0	  0	 53	 39	 42	 46	  0	 65	  0	  0	  0	  0	  0	  0	  0	  0	  0	  0	  0	  5	12850	  1
01/02/2017	21:01:00	<-	L	00000000	 10	 51	 39	 44	  0	173	  0	  4	  4	  4	  4	  4	  4	  4	  4	  0	  0	  0	  0	  0	  0	  0	  0	  0	  0	  0	  0	  0	  0	  0	  0	  0	  0	  0	  0	  0	  0	  0	  0	 51	 39	 48	 45	  0	 69	  0	  0	  0	  0	  0	  0	  0	  0	  0	  0	  0	  5	13107	  1
01/02/2017	21:06:01	<-	L	00000000	 10	 51	 39	 51	  0	178	  0	  4	  4	  4	  4	  4	  4	  4	  4	  0	  0	  0	  0	  0	  0	  0	  0	  0	  0	  0	  0	  0	  0	  0	  0	  0	  0	  0	  0	  0	  0	  0	  0	 52	 39	 48	 46	  0	 69	  0	  0	  0	  0	  0	  0	  0	  0	  0	  0	  0	  5	13107	  1
01/02/2017	21:11:00	<-	L	00000000	 10	 56	 40	 34	  0	183	  0	  4	  4	  4	  4	  4	  4	  4	  4	  0	  0	  0	  0	  0	  0	  0	  0	  0	  0	  0	  0	  0	  0	  0	  0	  0	  0	  0	  0	  0	  0	  0	  0	 56	 40	 37	 48	  0	 62	  0	  0	  0	  0	  0	  0	  0	  0	  0	  0	  0	  5	13364	  1
01/02/2017	21:16:00	<-	L	00000000	 10	 53	 40	 45	  0	188	  0	  4	  4	  4	  4	  4	  4	  4	  4	  0	  0	  0	  0	  0	  0	  0	  0	  0	  0	  0	  0	  0	  0	  0	  0	  0	  0	  0	  0	  0	  0	  0	  0	 53	 40	 45	 47	  0	 65	  0	  0	  0	  0	  0	  0	  0	  0	  0	  0	  0	  5	13621	  1
01/02/2017	21:21:00	<-	L	00000000	 10	 53	 40	 48	  0	193	  0	  4	  4	  4	  4	  4	  4	  4	  4	  0	  0	  0	  0	  0	  0	  0	  0	  0	  0	  0	  0	  0	  0	  0	  0	  0	  0	  0	  0	  0	  0	  0	  0	 53	 40	 45	 47	  0	 65	  0	  0	  0	  0	  0	  0	  0	  0	  0	  0	  0	  5	13621	  1
01/02/2017	21:26:00	<-	L	00000000	 10	 59	 41	 33	  0	198	  0	  4	  4	  4	  4	  4	  4	  4	  4	  0	  0	  0	  0	  0	  0	  0	  0	  0	  0	  0	  0	  0	  0	  0	  0	  0	  0	  0	  0	  0	  0	  0	  0	 59	 41	 33	 49	  0	 62	  0	  0	  0	  0	  0	  0	  0	  0	  0	  0	  0	  5	13878	  1
01/02/2017	21:31:00	<-	L	00000000	 10	 56	 42	 41	  0	203	  0	  4	  4	  4	  4	  4	  4	  4	  4	  0	  0	  0	  0	  0	  0	  0	  0	  0	  0	  0	  0	  0	  0	  0	  0	  0	  0	  0	  0	  0	  0	  0	  0	 56	 42	 43	 49	  0	 66	  0	  0	  0	  0	  0	  0	  0	  0	  0	  0	  0	  5	13878	  1
01/02/2017	21:36:00	<-	L	00000000	 10	 53	 41	 49	  0	208	  0	  4	  4	  4	  4	  4	  4	  4	  4	  0	  0	  0	  0	  0	  0	  0	  0	  0	  0	  0	  0	  0	  0	  0	  0	  0	  0	  0	  0	  0	  0	  0	  0	 53	 41	 49	 48	  0	 66	  0	  0	  0	  0	  0	  0	  0	  0	  0	  0	  0	  5	14135	  1
01/02/2017	21:41:00	<-	L	00000000	 10	 55	 42	 49	  0	213	  0	  4	  4	  4	  4	  4	  4	  4	  4	  0	  0	  0	  0	  0	  0	  0	  0	  0	  0	  0	  0	  0	  0	  0	  0	  0	  0	  0	  0	  0	  0	  0	  0	 55	 42	 45	 49	  0	 66	  0	  0	  0	  0	  0	  0	  0	  0	  0	  0	  0	  5	14392	  1
01/02/2017	21:46:00	<-	L	00000000	 10	 61	 43	 34	  0	218	  0	  4	  4	  4	  4	  4	  4	  4	  4	  0	  0	  0	  0	  0	  0	  0	  0	  0	  0	  0	  0	  0	  0	  0	  0	  0	  0	  0	  0	  0	  0	  0	  0	 61	 43	 34	 51	  0	 62	  0	  0	  0	  0	  0	  0	  0	  0	  0	  0	  0	  5	14392	  1
01/02/2017	21:51:00	<-	L	00000000	 10	 60	 44	 36	  0	223	  0	  4	  4	  4	  4	  4	  4	  4	  4	  0	  0	  0	  0	  0	  0	  0	  0	  0	  0	  0	  0	  0	  0	  0	  0	  0	  0	  0	  0	  0	  0	  0	  0	 60	 44	 39	 51	  0	 66	  0	  0	  0	  0	  0	  0	  0	  0	  0	  0	  0	  5	14649	  1
01/02/2017	21:56:01	<-	L	00000000	 10	 56	 43	 46	  0	228	  0	  4	  4	  4	  4	  4	  4	  4	  4	  0	  0	  0	  0	  0	  0	  0	  0	  0	  0	  0	  0	  0	  0	  0	  0	  0	  0	  0	  0	  0	  0	  0	  0	 56	 43	 46	 50	  0	 66	  0	  0	  0	  0	  0	  0	  0	  0	  0	  0	  0	  5	14906	  1
01/02/2017	22:01:01	<-	L	00000000	 10	 50	 42	 66	  0	233	  0	  4	  4	  4	  4	  4	  4	  4	  4	  0	  0	  0	  0	  0	  0	  0	  0	  0	  0	  0	  0	  0	  0	  0	  0	  0	  0	  0	  0	  0	  0	  0	  0	 50	 42	 62	 47	  0	 76	  0	  0	  0	  0	  0	  0	  0	  0	  0	  0	  0	  5	14906	  1
01/02/2017	22:06:01	<-	L	00000000	 10	 60	 44	 42	  0	238	  0	  4	  4	  4	  4	  4	  4	  4	  4	  0	  0	  0	  0	  0	  0	  0	  0	  0	  0	  0	  0	  0	  0	  0	  0	  0	  0	  0	  0	  0	  0	  0	  0	 60	 44	 39	 52	  0	 63	  0	  0	  0	  0	  0	  0	  0	  0	  0	  0	  0	  5	15163	  1
01/02/2017	22:11:01	  	L	00000000	 10	 63	 45	 35	  0	243	  0	  4	  4	  4	  4	  4	  4	  4	  4	  0	  0	  0	  0	  0	  0	  0	  0	  0	  0	  0	  0	  0	  0	  0	  0	  0	  0	  0	  0	  0	  0	  0	  0	 63	 45	 35	 53	  0	 63	  0	  0	  0	  0	  0	  0	  0	  0	  0	  0	  0	  5	15420	  1
01/02/2017	22:16:00	->	L	00000000	 10	 61	 41	 30	  0	248	  0	  4	  4	  4	  4	  4	  4	  4	  4	  0	  0	  0	  0	  0	  0	  0	  0	  0	  0	  0	  0	  0	  0	  0	  0	  0	  0	  0	  0	  0	  0	  0	  0	 52	 41	 51	 61	  0	 29	  0	  0	  0	  0	  0	  0	  0	  0	  0	  0	  0	  5	15420	  1
01/02/2017	22:21:00	->	L	00000000	 10	 61	 41	 31	  0	253	  0	  4	  4	  4	  4	  4	  4	  4	  4	  0	  0	  0	  0	  0	  0	  0	  0	  0	  0	  0	  0	  0	  0	  0	  0	  0	  0	  0	  0	  0	  0	  0	  0	 50	 41	 58	 61	  0	 29	  0	  0	  0	  0	  0	  0	  0	  0	  0	  0	  0	  5	15677	  1
01/02/2017	22:26:01	->	L	00000000	 10	 62	 41	 26	  0	258	  0	  4	  4	  4	  4	  4	  4	  4	  4	  0	  0	  0	  0	  0	  0	  0	  0	  0	  0	  0	  0	  0	  0	  0	  0	  0	  0	  0	  0	  0	  0	  0	  0	 49	 41	 62	 62	  0	 26	  0	  0	  0	  0	  0	  0	  0	  0	  0	  0	  0	  5	15677	  1
01/02/2017	22:31:01	->	L	00000000	 10	 62	 41	 29	  0	263	  0	  4	  4	  4	  4	  4	  4	  4	  4	  0	  0	  0	  0	  0	  0	  0	  0	  0	  0	  0	  0	  0	  0	  0	  0	  0	  0	  0	  0	  0	  0	  0	  0	 49	 41	 62	 62	  0	 26	  0	  0	  0	  0	  0	  0	  0	  0	  0	  0	  0	  5	15934	  1
01/02/2017	22:36:01	->	L	00000000	 10	 63	 42	 25	  0	268	  0	  4	  4	  4	  4	  4	  4	  4	  4	  0	  0	  0	  0	  0	  0	  0	  0	  0	  0	  0	  0	  0	  0	  0	  0	  0	  0	  0	  0	  0	  0	  0	  0	 49	 42	 66	 63	  0	 26	  0	  0	  0	  0	  0	  0	  0	  0	  0	  0	  0	  5	16191	  1
01/02/2017	22:41:01	->	L	00000000	 10	 63	 42	 30	  0	273	  0	  4	  4	  4	  4	  4	  4	  4	  4	  0	  0	  0	  0	  0	  0	  0	  0	  0	  0	  0	  0	  0	  0	  0	  0	  0	  0	  0	  0	  0	  0	  0	  0	 49	 42	 66	 63	  0	 26	  0	  0	  0	  0	  0	  0	  0	  0	  0	  0	  0	  5	16191	  1
01/02/2017	22:46:01	->	L	00000000	 10	 63	 42	 25	  0	278	  0	  4	  4	  4	  4	  4	  4	  4	  4	  0	  0	  0	  0	  0	  0	  0	  0	  0	  0	  0	  0	  0	  0	  0	  0	  0	  0	  0	  0	  0	  0	  0	  0	 50	 42	 62	 63	  0	 26	  0	  0	  0	  0	  0	  0	  0	  0	  0	  0	  0	  5	16448	  1
01/02/2017	22:51:01	->	L	00000000	 10	 66	 43	 24	  0	283	  0	  4	  4	  4	  4	  4	  4	  4	  4	  0	  0	  0	  0	  0	  0	  0	  0	  0	  0	  0	  0	  0	  0	  0	  0	  0	  0	  0	  0	  0	  0	  0	  0	 51	 43	 66	 66	  0	 24	  0	  0	  0	  0	  0	  0	  0	  0	  0	  0	  0	  5	16705	  1
01/02/2017	22:56:01	->	L	00000000	 10	 64	 43	 26	  0	288	  0	  4	  4	  4	  4	  4	  4	  4	  4	  0	  0	  0	  0	  0	  0	  0	  0	  0	  0	  0	  0	  0	  0	  0	  0	  0	  0	  0	  0	  0	  0	  0	  0	 50	 43	 66	 64	  0	 27	  0	  0	  0	  0	  0	  0	  0	  0	  0	  0	  0	  5	16705	  1
01/02/2017	23:01:01	->	L	00000000	 10	 68	 44	 24	  0	293	  0	  4	  4	  4	  4	  4	  4	  4	  4	  0	  0	  0	  0	  0	  0	  0	  0	  0	  0	  0	  0	  0	  0	  0	  0	  0	  0	  0	  0	  0	  0	  0	  0	 52	 44	 63	 68	  0	 25	  0	  0	  0	  0	  0	  0	  0	  0	  0	  0	  0	  5	16962	  1
01/02/2017	23:06:01	->	L	00000000	 10	 64	 44	 31	  0	298	  0	  4	  4	  4	  4	  4	  4	  4	  4	  0	  0	  0	  0	  0	  0	  0	  0	  0	  0	  0	  0	  0	  0	  0	  0	  0	  0	  0	  0	  0	  0	  0	  0	 51	 44	 66	 64	  0	 31	  0	  0	  0	  0	  0	  0	  0	  0	  0	  0	  0	  5	17219	  1
01/02/2017	23:11:01	->	L	00000000	 21	 70	 44	 24	  0	  2	  0	  4	  4	  4	  4	  4	  4	  4	  4	  0	  0	  0	  0	  0	  0	  0	  0	  0	  0	  0	  0	  0	  0	  0	  0	  0	  0	  0	  0	  0	  0	  0	  0	 52	 44	 63	 70	  0	 24	  0	  0	  0	  0	  0	  0	  0	  0	  0	  0	  0	  5	21826	  0
01/02/2017	23:16:01	->	L	00000000	 21	 74	 45	 20	  0	  7	  0	  4	  4	  4	  4	  4	  4	  4	  4	  0	  0	  0	  0	  0	  0	  0	  0	  0	  0	  0	  0	  0	  0	  0	  0	  0	  0	  0	  0	  0	  0	  0	  0	 54	 45	 60	 74	  0	 20	  0	  0	  0	  0	  0	  0	  0	  0	  0	  0	  0	  5	21826	  0
01/02/2017	23:21:01	->	L	00000000	 21	 74	 45	 20	  0	 12	  0	  4	  4	  4	  4	  4	  4	  4	  4	  0	  0	  0	  0	  0	  0	  0	  0	  0	  0	  0	  0	  0	  0	  0	  0	  0	  0	  0	  0	  0	  0	  0	  0	 55	 45	 56	 74	  0	 20	  0	  0	  0	  0	  0	  0	  0	  0	  0	  0	  0	  5	21826	  0
01/02/2017	23:26:01	->	L	00000000	 21	 74	 46	 22	  0	 17	  0	  4	  4	  4	  4	  4	  4	  4	  4	  0	  0	  0	  0	  0	  0	  0	  0	  0	  0	  0	  0	  0	  0	  0	  0	  0	  0	  0	  0	  0	  0	  0	  0	 55	 46	 60	 74	  0	 22	  0	  0	  0	  0	  0	  0	  0	  0	  0	  0	  0	  5	21826	  0
01/02/2017	23:31:01	->	L	00000000	 21	 74	 47	 23	  0	 22	  0	  4	  4	  4	  4	  4	  4	  4	  4	  0	  0	  0	  0	  0	  0	  0	  0	  0	  0	  0	  0	  0	  0	  0	  0	  0	  0	  0	  0	  0	  0	  0	  0	 56	 47	 60	 74	  0	 23	  0	  0	  0	  0	  0	  0	  0	  0	  0	  0	  0	  5	21826	  0
01/02/2017	23:36:01	->	L	00000000	 21	 74	 47	 23	  0	 27	  0	  4	  4	  4	  4	  4	  4	  4	  4	  0	  0	  0	  0	  0	  0	  0	  0	  0	  0	  0	  0	  0	  0	  0	  0	  0	  0	  0	  0	  0	  0	  0	  0	 55	 47	 63	 74	  0	 23	  0	  0	  0	  0	  0	  0	  0	  0	  0	  0	  0	  5	19266	  0
01/02/2017	23:41:01	->	L	00000000	 21	 74	 47	 23	  0	 32	  0	  4	  4	  4	  4	  4	  4	  4	  4	  0	  0	  0	  0	  0	  0	  0	  0	  0	  0	  0	  0	  0	  0	  0	  0	  0	  0	  0	  0	  0	  0	  0	  0	 56	 47	 60	 74	  0	 23	  0	  0	  0	  0	  0	  0	  0	  0	  0	  0	  0	  5	19260	  0
01/02/2017	23:46:01	->	L	00000000	 21	 74	 48	 25	  0	 37	  0	  4	  4	  4	  4	  4	  4	  4	  4	  0	  0	  0	  0	  0	  0	  0	  0	  0	  0	  0	  0	  0	  0	  0	  0	  0	  0	  0	  0	  0	  0	  0	  0	 56	 48	 64	 74	  0	 25	  0	  0	  0	  0	  0	  0	  0	  0	  0	  0	  0	  5	19260	  0
01/02/2017	23:51:01	->	L	00000000	 21	 75	 48	 23	  0	 42	  0	  4	  4	  4	  4	  4	  4	  4	  4	  0	  0	  0	  0	  0	  0	  0	  0	  0	  0	  0	  0	  0	  0	  0	  0	  0	  0	  0	  0	  0	  0	  0	  0	 56	 48	 64	 75	  0	 23	  0	  0	  0	  0	  0	  0	  0	  0	  0	  0	  0	  5	19260	  0
01/02/2017	23:56:01	->	L	00000000	 21	 76	 48	 22	  0	 47	  0	  4	  4	  4	  4	  4	  4	  4	  4	  0	  0	  0	  0	  0	  0	  0	  0	  0	  0	  0	  0	  0	  0	  0	  0	  0	  0	  0	  0	  0	  0	  0	  0	 56	 48	 64	 76	  0	 22	  0	  0	  0	  0	  0	  0	  0	  0	  0	  0	  0	  5	20540	  0
02/02/2017	00:01:01	->	L	00000000	 21	 77	 49	 23	  0	 52	  0	  4	  4	  4	  4	  4	  4	  4	  4	  0	  0	  0	  0	  0	  0	  0	  0	  0	  0	  0	  0	  0	  0	  0	  0	  0	  0	  0	  0	  0	  0	  0	  0	 57	 49	 64	 77	  0	 23	  0	  0	  0	  0	  0	  0	  0	  0	  0	  0	  0	  5	20540	  0
02/02/2017	00:06:01	->	L	00000000	 21	 78	 49	 22	  0	 57	  0	  4	  4	  4	  4	  4	  4	  4	  4	  0	  0	  0	  0	  0	  0	  0	  0	  0	  0	  0	  0	  0	  0	  0	  0	  0	  0	  0	  0	  0	  0	  0	  0	 58	 49	 61	 78	  0	 22	  0	  0	  0	  0	  0	  0	  0	  0	  0	  0	  0	  5	20540	  0
02/02/2017	00:11:01	->	L	00000000	 21	 79	 49	 21	  0	 62	  0	  4	  4	  4	  4	  4	  4	  4	  4	  0	  0	  0	  0	  0	  0	  0	  0	  0	  0	  0	  0	  0	  0	  0	  0	  0	  0	  0	  0	  0	  0	  0	  0	 59	 49	 57	 79	  0	 21	  0	  0	  0	  0	  0	  0	  0	  0	  0	  0	  0	  5	20540	  0
02/02/2017	00:16:01	->	L	00000000	 21	 80	 50	 22	  0	 67	  0	  4	  4	  4	  4	  4	  4	  4	  4	  0	  0	  0	  0	  0	  0	  0	  0	  0	  0	  0	  0	  0	  0	  0	  0	  0	  0	  0	  0	  0	  0	  0	  0	 59	 50	 61	 80	  0	 22	  0	  0	  0	  0	  0	  0	  0	  0	  0	  0	  0	  5	20540	  0
02/02/2017	00:21:01	->	L	00000000	 21	 78	 50	 24	  0	 72	  0	  4	  4	  4	  4	  4	  4	  4	  4	  0	  0	  0	  0	  0	  0	  0	  0	  0	  0	  0	  0	  0	  0	  0	  0	  0	  0	  0	  0	  0	  0	  0	  0	 59	 50	 61	 78	  0	 23	  0	  0	  0	  0	  0	  0	  0	  0	  0	  0	  0	  5	20540	  0
02/02/2017	00:26:01	->	L	00000000	 21	 79	 51	 24	  0	 77	  0	  4	  4	  4	  4	  4	  4	  4	  4	  0	  0	  0	  0	  0	  0	  0	  0	  0	  0	  0	  0	  0	  0	  0	  0	  0	  0	  0	  0	  0	  0	  0	  0	 60	 51	 61	 79	  0	 24	  0	  0	  0	  0	  0	  0	  0	  0	  0	  0	  0	  5	20540	  0
02/02/2017	00:31:01	->	L	00000000	 21	 79	 51	 23	  0	 82	  0	  4	  4	  4	  4	  4	  4	  4	  4	  0	  0	  0	  0	  0	  0	  0	  0	  0	  0	  0	  0	  0	  0	  0	  0	  0	  0	  0	  0	  0	  0	  0	  0	 61	 51	 58	 79	  0	 24	  0	  0	  0	  0	  0	  0	  0	  0	  0	  0	  0	  5	20540	  0
02/02/2017	00:36:01	->	L	00000000	 21	 79	 51	 24	  0	 87	  0	  4	  4	  4	  4	  4	  4	  4	  4	  0	  0	  0	  0	  0	  0	  0	  0	  0	  0	  0	  0	  0	  0	  0	  0	  0	  0	  0	  0	  0	  0	  0	  0	 60	 51	 61	 79	  0	 24	  0	  0	  0	  0	  0	  0	  0	  0	  0	  0	  0	  5	20540	  0
02/02/2017	00:41:01	->	L	00000000	 21	 77	 52	 27	  0	 92	  0	  4	  4	  4	  4	  4	  4	  4	  4	  0	  0	  0	  0	  0	  0	  0	  0	  0	  0	  0	  0	  0	  0	  0	  0	  0	  0	  0	  0	  0	  0	  0	  0	 60	 52	 65	 77	  0	 26	  0	  0	  0	  0	  0	  0	  0	  0	  0	  0	  0	  5	20540	  0
02/02/2017	00:46:01	->	L	00000000	 21	 81	 52	 24	  0	 97	  0	  4	  4	  4	  4	  4	  4	  4	  4	  0	  0	  0	  0	  0	  0	  0	  0	  0	  0	  0	  0	  0	  0	  0	  0	  0	  0	  0	  0	  0	  0	  0	  0	 61	 52	 62	 81	  0	 23	  0	  0	  0	  0	  0	  0	  0	  0	  0	  0	  0	  5	20540	  0
02/02/2017	00:51:01	->	L	00000000	 21	 77	 52	 26	  0	102	  0	  4	  4	  4	  4	  4	  4	  4	  4	  0	  0	  0	  0	  0	  0	  0	  0	  0	  0	  0	  0	  0	  0	  0	  0	  0	  0	  0	  0	  0	  0	  0	  0	 60	 52	 65	 77	  0	 26	  0	  0	  0	  0	  0	  0	  0	  0	  0	  0	  0	  5	20540	  0
02/02/2017	00:56:01	->	L	00000000	 21	 80	 52	 24	  0	107	  0	  4	  4	  4	  4	  4	  4	  4	  4	  0	  0	  0	  0	  0	  0	  0	  0	  0	  0	  0	  0	  0	  0	  0	  0	  0	  0	  0	  0	  0	  0	  0	  0	 61	 52	 62	 80	  0	 24	  0	  0	  0	  0	  0	  0	  0	  0	  0	  0	  0	  5	20540	  0
02/02/2017	01:01:01	->	L	00000000	 21	 77	 52	 29	  0	112	  0	  4	  4	  4	  4	  4	  4	  4	  4	  0	  0	  0	  0	  0	  0	  0	  0	  0	  0	  0	  0	  0	  0	  0	  0	  0	  0	  0	  0	  0	  0	  0	  0	 61	 52	 62	 77	  0	 26	  0	  0	  0	  0	  0	  0	  0	  0	  0	  0	  0	  5	20540	  0
02/02/2017	01:06:01	->	L	00000000	 21	 80	 53	 26	  0	117	  0	  4	  4	  4	  4	  4	  4	  4	  4	  0	  0	  0	  0	  0	  0	  0	  0	  0	  0	  0	  0	  0	  0	  0	  0	  0	  0	  0	  0	  0	  0	  0	  0	 62	 53	 62	 80	  0	 26	  0	  0	  0	  0	  0	  0	  0	  0	  0	  0	  0	  5	20540	  0
02/02/2017	01:11:01	->	L	00000000	 21	 78	 52	 29	  0	122	  0	  4	  4	  4	  4	  4	  4	  4	  4	  0	  0	  0	  0	  0	  0	  0	  0	  0	  0	  0	  0	  0	  0	  0	  0	  0	  0	  0	  0	  0	  0	  0	  0	 61	 52	 62	 78	  0	 27	  0	  0	  0	  0	  0	  0	  0	  0	  0	  0	  0	  5	20540	  0
02/02/2017	01:16:01	->	L	00000000	 21	 80	 53	 26	  0	127	  0	  4	  4	  4	  4	  4	  4	  4	  4	  0	  0	  0	  0	  0	  0	  0	  0	  0	  0	  0	  0	  0	  0	  0	  0	  0	  0	  0	  0	  0	  0	  0	  0	 61	 53	 65	 80	  0	 26	  0	  0	  0	  0	  0	  0	  0	  0	  0	  0	  0	  5	20540	  0
02/02/2017	01:21:02	->	L	00000000	 21	 77	 53	 29	  0	132	  0	  4	  4	  4	  4	  4	  4	  4	  4	  0	  0	  0	  0	  0	  0	  0	  0	  0	  0	  0	  0	  0	  0	  0	  0	  0	  0	  0	  0	  0	  0	  0	  0	 61	 53	 65	 77	  0	 29	  0	  0	  0	  0	  0	  0	  0	  0	  0	  0	  0	  5	20540	  0
02/02/2017	01:26:02	->	L	00000000	 21	 80	 53	 26	  0	137	  0	  4	  4	  4	  4	  4	  4	  4	  4	  0	  0	  0	  0	  0	  0	  0	  0	  0	  0	  0	  0	  0	  0	  0	  0	  0	  0	  0	  0	  0	  0	  0	  0	 62	 53	 62	 80	  0	 26	  0	  0	  0	  0	  0	  0	  0	  0	  0	  0	  0	  5	20540	  0
02/02/2017	01:31:02	->	L	00000000	 21	 78	 53	 27	  0	142	  0	  4	  4	  4	  4	  4	  4	  4	  4	  0	  0	  0	  0	  0	  0	  0	  0	  0	  0	  0	  0	  0	  0	  0	  0	  0	  0	  0	  0	  0	  0	  0	  0	 61	 53	 65	 78	  0	 27	  0	  0	  0	  0	  0	  0	  0	  0	  0	  0	  0	  5	20540	  0
02/02/2017	01:36:02	->	L	00000000	 21	 79	 53	 28	  0	147	  0	  4	  4	  4	  4	  4	  4	  4	  4	  0	  0	  0	  0	  0	  0	  0	  0	  0	  0	  0	  0	  0	  0	  0	  0	  0	  0	  0	  0	  0	  0	  0	  0	 61	 53	 65	 79	  0	 28	  0	  0	  0	  0	  0	  0	  0	  0	  0	  0	  0	  5	20540	  0
02/02/2017	01:41:01	->	L	00000000	 21	 79	 53	 28	  0	152	  0	  4	  4	  4	  4	  4	  4	  4	  4	  0	  0	  0	  0	  0	  0	  0	  0	  0	  0	  0	  0	  0	  0	  0	  0	  0	  0	  0	  0	  0	  0	  0	  0	 62	 53	 62	 79	  0	 28	  0	  0	  0	  0	  0	  0	  0	  0	  0	  0	  0	  5	20540	  0
02/02/2017	01:46:01	->	L	00000000	 21	 78	 54	 28	  0	157	  0	  4	  4	  4	  4	  4	  4	  4	  4	  0	  0	  0	  0	  0	  0	  0	  0	  0	  0	  0	  0	  0	  0	  0	  0	  0	  0	  0	  0	  0	  0	  0	  0	 62	 54	 65	 78	  0	 29	  0	  0	  0	  0	  0	  0	  0	  0	  0	  0	  0	  5	20540	  0
02/02/2017	01:51:01	->	L	00000000	 21	 79	 54	 28	  0	162	  0	  4	  4	  4	  4	  4	  4	  4	  4	  0	  0	  0	  0	  0	  0	  0	  0	  0	  0	  0	  0	  0	  0	  0	  0	  0	  0	  0	  0	  0	  0	  0	  0	 63	 54	 62	 79	  0	 27	  0	  0	  0	  0	  0	  0	  0	  0	  0	  0	  0	  5	20540	  0
02/02/2017	01:56:01	->	L	00000000	 21	 79	 53	 27	  0	167	  0	  4	  4	  4	  4	  4	  4	  4	  4	  0	  0	  0	  0	  0	  0	  0	  0	  0	  0	  0	  0	  0	  0	  0	  0	  0	  0	  0	  0	  0	  0	  0	  0	 62	 53	 62	 79	  0	 28	  0	  0	  0	  0	  0	  0	  0	  0	  0	  0	  0	  5	20540	  0
02/02/2017	02:01:01	->	L	00000000	 21	 79	 54	 27	  0	172	  0	  4	  4	  4	  4	  4	  4	  4	  4	  0	  0	  0	  0	  0	  0	  0	  0	  0	  0	  0	  0	  0	  0	  0	  0	  0	  0	  0	  0	  0	  0	  0	  0	 63	 54	 62	 79	  0	 27	  0	  0	  0	  0	  0	  0	  0	  0	  0	  0	  0	  5	20540	  0
02/02/2017	02:06:01	->	L	00000000	 21	 79	 54	 27	  0	177	  0	  4	  4	  4	  4	  4	  4	  4	  4	  0	  0	  0	  0	  0	  0	  0	  0	  0	  0	  0	  0	  0	  0	  0	  0	  0	  0	  0	  0	  0	  0	  0	  0	 63	 54	 62	 79	  0	 27	  0	  0	  0	  0	  0	  0	  0	  0	  0	  0	  0	  5	20540	  0
02/02/2017	02:11:01	->	L	00000000	 21	 78	 54	 27	  0	182	  0	  4	  4	  4	  4	  4	  4	  4	  4	  0	  0	  0	  0	  0	  0	  0	  0	  0	  0	  0	  0	  0	  0	  0	  0	  0	  0	  0	  0	  0	  0	  0	  0	 63	 54	 62	 78	  0	 29	  0	  0	  0	  0	  0	  0	  0	  0	  0	  0	  0	  5	19260	  0
02/02/2017	02:16:01	<-	L	00000000	 21	 75	 58	 45	  0	187	  0	  4	  4	  4	  4	  4	  4	  4	  4	  0	  0	  0	  0	  0	  0	  0	  0	  0	  0	  0	  0	  0	  0	  0	  0	  0	  0	  0	  0	  0	  0	  0	  0	 75	 58	 42	 69	  0	 57	  0	  0	  0	  0	  0	  0	  0	  0	  0	  0	  0	  5	19260	  0
02/02/2017	02:21:01	<-	L	00000000	 21	 76	 58	 38	  0	192	  0	  4	  4	  4	  4	  4	  4	  4	  4	  0	  0	  0	  0	  0	  0	  0	  0	  0	  0	  0	  0	  0	  0	  0	  0	  0	  0	  0	  0	  0	  0	  0	  0	 76	 58	 41	 68	  0	 60	  0	  0	  0	  0	  0	  0	  0	  0	  0	  0	  0	  5	19260	  0
02/02/2017	02:26:01	<-	L	00000000	 21	 72	 57	 47	  0	197	  0	  4	  4	  4	  4	  4	  4	  4	  4	  0	  0	  0	  0	  0	  0	  0	  0	  0	  0	  0	  0	  0	  0	  0	  0	  0	  0	  0	  0	  0	  0	  0	  0	 72	 57	 47	 66	  0	 63	  0	  0	  0	  0	  0	  0	  0	  0	  0	  0	  0	  5	19260	  0
02/02/2017	02:31:01	<-	L	00000000	 21	 77	 58	 41	  0	202	  0	  4	  4	  4	  4	  4	  4	  4	  4	  0	  0	  0	  0	  0	  0	  0	  0	  0	  0	  0	  0	  0	  0	  0	  0	  0	  0	  0	  0	  0	  0	  0	  0	 77	 58	 38	 68	  0	 60	  0	  0	  0	  0	  0	  0	  0	  0	  0	  0	  0	  5	19260	  0
02/02/2017	02:36:02	<-	L	00000000	 21	 73	 57	 44	  0	207	  0	  4	  4	  4	  4	  4	  4	  4	  4	  0	  0	  0	  0	  0	  0	  0	  0	  0	  0	  0	  0	  0	  0	  0	  0	  0	  0	  0	  0	  0	  0	  0	  0	 73	 57	 44	 66	  0	 63	  0	  0	  0	  0	  0	  0	  0	  0	  0	  0	  0	  5	19260	  0
02/02/2017	02:41:02	<-	L	00000000	 21	 74	 57	 41	  0	212	  0	  4	  4	  4	  4	  4	  4	  4	  4	  0	  0	  0	  0	  0	  0	  0	  0	  0	  0	  0	  0	  0	  0	  0	  0	  0	  0	  0	  0	  0	  0	  0	  0	 74	 57	 41	 67	  0	 60	  0	  0	  0	  0	  0	  0	  0	  0	  0	  0	  0	  5	19260	  0
02/02/2017	02:46:01	<-	L	00000000	 21	 77	 58	 38	  0	217	  0	  4	  4	  4	  4	  4	  4	  4	  4	  0	  0	  0	  0	  0	  0	  0	  0	  0	  0	  0	  0	  0	  0	  0	  0	  0	  0	  0	  0	  0	  0	  0	  0	 77	 58	 38	 68	  0	 60	  0	  0	  0	  0	  0	  0	  0	  0	  0	  0	  0	  5	19260	  0
02/02/2017	02:51:01	<-	L	00000000	 21	 72	 57	 47	  0	222	  0	  4	  4	  4	  4	  4	  4	  4	  4	  0	  0	  0	  0	  0	  0	  0	  0	  0	  0	  0	  0	  0	  0	  0	  0	  0	  0	  0	  0	  0	  0	  0	  0	 72	 57	 47	 66	  0	 63	  0	  0	  0	  0	  0	  0	  0	  0	  0	  0	  0	  5	19260	  0
02/02/2017	02:56:01	<-	L	00000000	 21	 76	 58	 38	  0	227	  0	  4	  4	  4	  4	  4	  4	  4	  4	  0	  0	  0	  0	  0	  0	  0	  0	  0	  0	  0	  0	  0	  0	  0	  0	  0	  0	  0	  0	  0	  0	  0	  0	 76	 58	 41	 68	  0	 60	  0	  0	  0	  0	  0	  0	  0	  0	  0	  0	  0	  5	19260	  0
02/02/2017	03:01:01	<-	L	00000000	 21	 72	 57	 47	  0	232	  0	  4	  4	  4	  4	  4	  4	  4	  4	  0	  0	  0	  0	  0	  0	  0	  0	  0	  0	  0	  0	  0	  0	  0	  0	  0	  0	  0	  0	  0	  0	  0	  0	 72	 57	 47	 66	  0	 63	  0	  0	  0	  0	  0	  0	  0	  0	  0	  0	  0	  5	19260	  0
02/02/2017	03:06:01	<-	L	00000000	 21	 77	 58	 38	  0	237	  0	  4	  4	  4	  4	  4	  4	  4	  4	  0	  0	  0	  0	  0	  0	  0	  0	  0	  0	  0	  0	  0	  0	  0	  0	  0	  0	  0	  0	  0	  0	  0	  0	 77	 58	 38	 68	  0	 60	  0	  0	  0	  0	  0	  0	  0	  0	  0	  0	  0	  5	19260	  0
02/02/2017	03:11:01	<-	L	00000000	 21	 72	 57	 44	  0	242	  0	  4	  4	  4	  4	  4	  4	  4	  4	  0	  0	  0	  0	  0	  0	  0	  0	  0	  0	  0	  0	  0	  0	  0	  0	  0	  0	  0	  0	  0	  0	  0	  0	 72	 57	 47	 66	  0	 63	  0	  0	  0	  0	  0	  0	  0	  0	  0	  0	  0	  5	19260	  0
02/02/2017	03:16:01	<-	L	00000000	 21	 77	 57	 38	  0	247	  0	  4	  4	  4	  4	  4	  4	  4	  4	  0	  0	  0	  0	  0	  0	  0	  0	  0	  0	  0	  0	  0	  0	  0	  0	  0	  0	  0	  0	  0	  0	  0	  0	 77	 57	 36	 68	  0	 57	  0	  0	  0	  0	  0	  0	  0	  0	  0	  0	  0	  5	19260	  0
02/02/2017	03:21:01	<-	L	00000000	 21	 77	 58	 38	  0	252	  0	  4	  4	  4	  4	  4	  4	  4	  4	  0	  0	  0	  0	  0	  0	  0	  0	  0	  0	  0	  0	  0	  0	  0	  0	  0	  0	  0	  0	  0	  0	  0	  0	 77	 58	 38	 68	  0	 60	  0	  0	  0	  0	  0	  0	  0	  0	  0	  0	  0	  5	19260	  0
02/02/2017	03:26:01	<-	L	00000000	 21	 73	 57	 47	  0	257	  0	  4	  4	  4	  4	  4	  4	  4	  4	  0	  0	  0	  0	  0	  0	  0	  0	  0	  0	  0	  0	  0	  0	  0	  0	  0	  0	  0	  0	  0	  0	  0	  0	 73	 57	 44	 66	  0	 63	  0	  0	  0	  0	  0	  0	  0	  0	  0	  0	  0	  5	19260	  0
02/02/2017	03:31:01	<-	L	00000000	 21	 78	 58	 37	  0	262	  0	  4	  4	  4	  4	  4	  4	  4	  4	  0	  0	  0	  0	  0	  0	  0	  0	  0	  0	  0	  0	  0	  0	  0	  0	  0	  0	  0	  0	  0	  0	  0	  0	 78	 58	 37	 68	  0	 60	  0	  0	  0	  0	  0	  0	  0	  0	  0	  0	  0	  5	19260	  0
02/02/2017	03:36:01	<-	L	00000000	 21	 73	 57	 41	  0	267	  0	  4	  4	  4	  4	  4	  4	  4	  4	  0	  0	  0	  0	  0	  0	  0	  0	  0	  0	  0	  0	  0	  0	  0	  0	  0	  0	  0	  0	  0	  0	  0	  0	 73	 57	 44	 66	  0	 63	  0	  0	  0	  0	  0	  0	  0	  0	  0	  0	  0	  5	19260	  0
02/02/2017	03:41:01	<-	L	00000000	 21	 75	 57	 41	  0	272	  0	  4	  4	  4	  4	  4	  4	  4	  4	  0	  0	  0	  0	  0	  0	  0	  0	  0	  0	  0	  0	  0	  0	  0	  0	  0	  0	  0	  0	  0	  0	  0	  0	 75	 57	 40	 67	  0	 60	  0	  0	  0	  0	  0	  0	  0	  0	  0	  0	  0	  5	19260	  0
02/02/2017	03:46:01	<-	L	00000000	 21	 78	 58	 37	  0	277	  0	  4	  4	  4	  4	  4	  4	  4	  4	  0	  0	  0	  0	  0	  0	  0	  0	  0	  0	  0	  0	  0	  0	  0	  0	  0	  0	  0	  0	  0	  0	  0	  0	 78	 58	 37	 68	  0	 60	  0	  0	  0	  0	  0	  0	  0	  0	  0	  0	  0	  5	19260	  0
02/02/2017	03:51:01	<-	L	00000000	 21	 73	 57	 44	  0	282	  0	  4	  4	  4	  4	  4	  4	  4	  4	  0	  0	  0	  0	  0	  0	  0	  0	  0	  0	  0	  0	  0	  0	  0	  0	  0	  0	  0	  0	  0	  0	  0	  0	 73	 57	 44	 66	  0	 63	  0	  0	  0	  0	  0	  0	  0	  0	  0	  0	  0	  5	19260	  0
02/02/2017	03:56:01	<-	L	00000000	 21	 77	 58	 41	  0	287	  0	  4	  4	  4	  4	  4	  4	  4	  4	  0	  0	  0	  0	  0	  0	  0	  0	  0	  0	  0	  0	  0	  0	  0	  0	  0	  0	  0	  0	  0	  0	  0	  0	 77	 58	 38	 68	  0	 60	  0	  0	  0	  0	  0	  0	  0	  0	  0	  0	  0	  5	19260	  0
02/02/2017	04:01:01	<-	L	00000000	 21	 74	 57	 41	  0	292	  0	  4	  4	  4	  4	  4	  4	  4	  4	  0	  0	  0	  0	  0	  0	  0	  0	  0	  0	  0	  0	  0	  0	  0	  0	  0	  0	  0	  0	  0	  0	  0	  0	 74	 57	 41	 67	  0	 60	  0	  0	  0	  0	  0	  0	  0	  0	  0	  0	  0	  5	19260	  0
02/02/2017	04:06:01	<-	L	00000000	 21	 75	 57	 41	  0	297	  0	  4	  4	  4	  4	  4	  4	  4	  4	  0	  0	  0	  0	  0	  0	  0	  0	  0	  0	  0	  0	  0	  0	  0	  0	  0	  0	  0	  0	  0	  0	  0	  0	 75	 57	 40	 67	  0	 60	  0	  0	  0	  0	  0	  0	  0	  0	  0	  0	  0	  5	19260	  0
02/02/2017	04:11:01	<-	L	00000000	 21	 78	 58	 37	  0	302	  0	  4	  4	  4	  4	  4	  4	  4	  4	  0	  0	  0	  0	  0	  0	  0	  0	  0	  0	  0	  0	  0	  0	  0	  0	  0	  0	  0	  0	  0	  0	  0	  0	 78	 58	 37	 68	  0	 60	  0	  0	  0	  0	  0	  0	  0	  0	  0	  0	  0	  5	19260	  0
02/02/2017	04:16:01	<-	L	00000000	 21	 73	 57	 44	  0	307	  0	  4	  4	  4	  4	  4	  4	  4	  4	  0	  0	  0	  0	  0	  0	  0	  0	  0	  0	  0	  0	  0	  0	  0	  0	  0	  0	  0	  0	  0	  0	  0	  0	 73	 57	 44	 66	  0	 63	  0	  0	  0	  0	  0	  0	  0	  0	  0	  0	  0	  5	19260	  0
02/02/2017	04:21:02	<-	L	00000000	 21	 76	 58	 40	  0	312	  0	  4	  4	  4	  4	  4	  4	  4	  4	  0	  0	  0	  0	  0	  0	  0	  0	  0	  0	  0	  0	  0	  0	  0	  0	  0	  0	  0	  0	  0	  0	  0	  0	 76	 58	 41	 68	  0	 60	  0	  0	  0	  0	  0	  0	  0	  0	  0	  0	  0	  5	19260	  0
02/02/2017	04:26:02	<-	L	00000000	 21	 75	 57	 41	  0	317	  0	  4	  4	  4	  4	  4	  4	  4	  4	  0	  0	  0	  0	  0	  0	  0	  0	  0	  0	  0	  0	  0	  0	  0	  0	  0	  0	  0	  0	  0	  0	  0	  0	 75	 57	 40	 67	  0	 60	  0	  0	  0	  0	  0	  0	  0	  0	  0	  0	  0	  5	19260	  0
02/02/2017	04:31:02	<-	L	00000000	 21	 74	 57	 41	  0	322	  0	  4	  4	  4	  4	  4	  4	  4	  4	  0	  0	  0	  0	  0	  0	  0	  0	  0	  0	  0	  0	  0	  0	  0	  0	  0	  0	  0	  0	  0	  0	  0	  0	 74	 57	 41	 67	  0	 60	  0	  0	  0	  0	  0	  0	  0	  0	  0	  0	  0	  5	19260	  0
02/02/2017	04:36:02	<-	L	00000000	 21	 77	 58	 38	  0	327	  0	  4	  4	  4	  4	  4	  4	  4	  4	  0	  0	  0	  0	  0	  0	  0	  0	  0	  0	  0	  0	  0	  0	  0	  0	  0	  0	  0	  0	  0	  0	  0	  0	 77	 58	 38	 68	  0	 60	  0	  0	  0	  0	  0	  0	  0	  0	  0	  0	  0	  5	19260	  0
02/02/2017	04:41:02	<-	L	00000000	 21	 73	 57	 41	  0	332	  0	  4	  4	  4	  4	  4	  4	  4	  4	  0	  0	  0	  0	  0	  0	  0	  0	  0	  0	  0	  0	  0	  0	  0	  0	  0	  0	  0	  0	  0	  0	  0	  0	 73	 57	 44	 66	  0	 63	  0	  0	  0	  0	  0	  0	  0	  0	  0	  0	  0	  5	19260	  0
02/02/2017	04:46:02	<-	L	00000000	 21	 75	 58	 40	  0	337	  0	  4	  4	  4	  4	  4	  4	  4	  4	  0	  0	  0	  0	  0	  0	  0	  0	  0	  0	  0	  0	  0	  0	  0	  0	  0	  0	  0	  0	  0	  0	  0	  0	 75	 58	 42	 67	  0	 63	  0	  0	  0	  0	  0	  0	  0	  0	  0	  0	  0	  5	19260	  0
02/02/2017	04:51:02	<-	L	00000000	 21	 75	 57	 38	  0	342	  0	  4	  4	  4	  4	  4	  4	  4	  4	  0	  0	  0	  0	  0	  0	  0	  0	  0	  0	  0	  0	  0	  0	  0	  0	  0	  0	  0	  0	  0	  0	  0	  0	 75	 57	 40	 67	  0	 60	  0	  0	  0	  0	  0	  0	  0	  0	  0	  0	  0	  5	19260	  0
02/02/2017	04:56:02	<-	L	00000000	 21	 72	 57	 47	  0	347	  0	  4	  4	  4	  4	  4	  4	  4	  4	  0	  0	  0	  0	  0	  0	  0	  0	  0	  0	  0	  0	  0	  0	  0	  0	  0	  0	  0	  0	  0	  0	  0	  0	 72	 57	 47	 66	  0	 63	  0	  0	  0	  0	  0	  0	  0	  0	  0	  0	  0	  5	19260	  0
02/02/2017	05:01:02	<-	L	00000000	 21	 76	 57	 38	  0	352	  0	  4	  4	  4	  4	  4	  4	  4	  4	  0	  0	  0	  0	  0	  0	  0	  0	  0	  0	  0	  0	  0	  0	  0	  0	  0	  0	  0	  0	  0	  0	  0	  0	 76	 57	 38	 68	  0	 57	  0	  0	  0	  0	  0	  0	  0	  0	  0	  0	  0	  5	19260	  0
02/02/2017	05:06:02	<-	L	00000000	 21	 72	 57	 44	  0	357	  0	  4	  4	  4	  4	  4	  4	  4	  4	  0	  0	  0	  0	  0	  0	  0	  0	  0	  0	  0	  0	  0	  0	  0	  0	  0	  0	  0	  0	  0	  0	  0	  0	 72	 57	 47	 66	  0	 63	  0	  0	  0	  0	  0	  0	  0	  0	  0	  0	  0	  5	19260	  0
02/02/2017	05:11:02	<-	L	00000000	 22	 74	 57	 41	  0	  1	  0	  4	  4	  4	  4	  4	  4	  4	  4	  0	  0	  0	  0	  0	  0	  0	  0	  0	  0	  0	  0	  0	  0	  0	  0	  0	  0	  0	  0	  0	  0	  0	  0	 74	 57	 41	 67	  0	 60	  0	  0	  0	  0	  0	  0	  0	  0	  0	  0	  0	  5	21824	  0
02/02/2017	05:16:02	<-	L	00000000	 22	 78	 58	 37	  0	  6	  0	  4	  4	  4	  4	  4	  4	  4	  4	  0	  0	  0	  0	  0	  0	  0	  0	  0	  0	  0	  0	  0	  0	  0	  0	  0	  0	  0	  0	  0	  0	  0	  0	 78	 58	 37	 69	  0	 57	  0	  0	  0	  0	  0	  0	  0	  0	  0	  0	  0	  5	21824	  0
02/02/2017	05:21:02	<-	L	00000000	 22	 78	 58	 37	  0	 11	  0	  4	  4	  4	  4	  4	  4	  4	  4	  0	  0	  0	  0	  0	  0	  0	  0	  0	  0	  0	  0	  0	  0	  0	  0	  0	  0	  0	  0	  0	  0	  0	  0	 78	 58	 37	 69	  0	 57	  0	  0	  0	  0	  0	  0	  0	  0	  0	  0	  0	  5	21824	  0
02/02/2017	05:26:02	<-	L	00000000	 22	 78	 58	 37	  0	 16	  0	  4	  4	  4	  4	  4	  4	  4	  4	  0	  0	  0	  0	  0	  0	  0	  0	  0	  0	  0	  0	  0	  0	  0	  0	  0	  0	  0	  0	  0	  0	  0	  0	 78	 58	 37	 69	  0	 57	  0	  0	  0	  0	  0	  0	  0	  0	  0	  0	  0	  5	21824	  0
02/02/2017	05:31:02	<-	L	00000000	 22	 78	 58	 37	  0	 21	  0	  4	  4	  4	  4	  4	  4	  4	  4	  0	  0	  0	  0	  0	  0	  0	  0	  0	  0	  0	  0	  0	  0	  0	  0	  0	  0	  0	  0	  0	  0	  0	  0	 78	 58	 37	 69	  0	 57	  0	  0	  0	  0	  0	  0	  0	  0	  0	  0	  0	  5	21824	  0
02/02/2017	05:36:02	<-	L	00000000	 22	 78	 58	 37	  0	 26	  0	  4	  4	  4	  4	  4	  4	  4	  4	  0	  0	  0	  0	  0	  0	  0	  0	  0	  0	  0	  0	  0	  0	  0	  0	  0	  0	  0	  0	  0	  0	  0	  0	 78	 58	 37	 69	  0	 57	  0	  0	  0	  0	  0	  0	  0	  0	  0	  0	  0	  5	21824	  0
02/02/2017	05:41:02	<-	L	00000000	 22	 78	 58	 37	  0	 31	  0	  4	  4	  4	  4	  4	  4	  4	  4	  0	  0	  0	  0	  0	  0	  0	  0	  0	  0	  0	  0	  0	  0	  0	  0	  0	  0	  0	  0	  0	  0	  0	  0	 78	 58	 37	 69	  0	 57	  0	  0	  0	  0	  0	  0	  0	  0	  0	  0	  0	  5	21824	  0
02/02/2017	05:46:02	<-	L	00000000	 22	 78	 58	 37	  0	 36	  0	  4	  4	  4	  4	  4	  4	  4	  4	  0	  0	  0	  0	  0	  0	  0	  0	  0	  0	  0	  0	  0	  0	  0	  0	  0	  0	  0	  0	  0	  0	  0	  0	 78	 58	 37	 69	  0	 57	  0	  0	  0	  0	  0	  0	  0	  0	  0	  0	  0	  5	21824	  0
02/02/2017	05:51:03	<-	L	00000000	 22	 78	 58	 38	  0	 41	  0	  4	  4	  4	  4	  4	  4	  4	  4	  0	  0	  0	  0	  0	  0	  0	  0	  0	  0	  0	  0	  0	  0	  0	  0	  0	  0	  0	  0	  0	  0	  0	  0	 78	 58	 37	 69	  0	 57	  0	  0	  0	  0	  0	  0	  0	  0	  0	  0	  0	  5	21824	  0
02/02/2017	05:56:02	<-	L	00000000	 22	 78	 58	 37	  0	 46	  0	  4	  4	  4	  4	  4	  4	  4	  4	  0	  0	  0	  0	  0	  0	  0	  0	  0	  0	  0	  0	  0	  0	  0	  0	  0	  0	  0	  0	  0	  0	  0	  0	 78	 58	 37	 69	  0	 57	  0	  0	  0	  0	  0	  0	  0	  0	  0	  0	  0	  5	21824	  0
02/02/2017	06:01:02	<-	L	00000000	 22	 79	 58	 37	  0	 51	  0	  4	  4	  4	  4	  4	  4	  4	  4	  0	  0	  0	  0	  0	  0	  0	  0	  0	  0	  0	  0	  0	  0	  0	  0	  0	  0	  0	  0	  0	  0	  0	  0	 79	 58	 34	 70	  0	 54	  0	  0	  0	  0	  0	  0	  0	  0	  0	  0	  0	  5	21824	  0
02/02/2017	06:06:02	<-	L	00000000	 22	 80	 59	 34	  0	 56	  0	  4	  4	  4	  4	  4	  4	  4	  4	  0	  0	  0	  0	  0	  0	  0	  0	  0	  0	  0	  0	  0	  0	  0	  0	  0	  0	  0	  0	  0	  0	  0	  0	 80	 59	 34	 70	  0	 57	  0	  0	  0	  0	  0	  0	  0	  0	  0	  0	  0	  5	21824	  0
02/02/2017	06:11:02	<-	L	00000000	 22	 80	 59	 34	  0	 61	  0	  4	  4	  4	  4	  4	  4	  4	  4	  0	  0	  0	  0	  0	  0	  0	  0	  0	  0	  0	  0	  0	  0	  0	  0	  0	  0	  0	  0	  0	  0	  0	  0	 80	 59	 34	 71	  0	 55	  0	  0	  0	  0	  0	  0	  0	  0	  0	  0	  0	  5	21824	  0
02/02/2017	06:16:02	->	L	00000000	 22	 77	 58	 38	  0	 66	  0	  4	  4	  4	  4	  4	  4	  4	  4	  0	  0	  0	  0	  0	  0	  0	  0	  0	  0	  0	  0	  0	  0	  0	  0	  0	  0	  0	  0	  0	  0	  0	  0	 74	 58	 45	 77	  0	 38	  0	  0	  0	  0	  0	  0	  0	  0	  0	  0	  0	  5	21824	  0
02/02/2017	06:21:02	->	L	00000000	 22	 81	 57	 31	  0	 71	  0	  4	  4	  4	  4	  4	  4	  4	  4	  0	  0	  0	  0	  0	  0	  0	  0	  0	  0	  0	  0	  0	  0	  0	  0	  0	  0	  0	  0	  0	  0	  0	  0	 70	 57	 51	 81	  0	 31	  0	  0	  0	  0	  0	  0	  0	  0	  0	  0	  0	  5	21824	  0
02/02/2017	06:26:02	->	L	00000000	 22	 81	 57	 31	  0	 76	  0	  4	  4	  4	  4	  4	  4	  4	  4	  0	  0	  0	  0	  0	  0	  0	  0	  0	  0	  0	  0	  0	  0	  0	  0	  0	  0	  0	  0	  0	  0	  0	  0	 69	 57	 54	 81	  0	 31	  0	  0	  0	  0	  0	  0	  0	  0	  0	  0	  0	  5	21824	  0
02/02/2017	06:31:02	->	L	00000000	 22	 81	 57	 31	  0	 81	  0	  4	  4	  4	  4	  4	  4	  4	  4	  0	  0	  0	  0	  0	  0	  0	  0	  0	  0	  0	  0	  0	  0	  0	  0	  0	  0	  0	  0	  0	  0	  0	  0	 69	 57	 54	 81	  0	 31	  0	  0	  0	  0	  0	  0	  0	  0	  0	  0	  0	  5	21824	  0
02/02/2017	06:36:02	->	L	00000000	 22	 81	 57	 31	  0	 86	  0	  4	  4	  4	  4	  4	  4	  4	  4	  0	  0	  0	  0	  0	  0	  0	  0	  0	  0	  0	  0	  0	  0	  0	  0	  0	  0	  0	  0	  0	  0	  0	  0	 69	 57	 54	 81	  0	 31	  0	  0	  0	  0	  0	  0	  0	  0	  0	  0	  0	  5	21824	  0
02/02/2017	06:41:02	->	L	00000000	 22	 81	 57	 31	  0	 91	  0	  4	  4	  4	  4	  4	  4	  4	  4	  0	  0	  0	  0	  0	  0	  0	  0	  0	  0	  0	  0	  0	  0	  0	  0	  0	  0	  0	  0	  0	  0	  0	  0	 69	 57	 54	 81	  0	 31	  0	  0	  0	  0	  0	  0	  0	  0	  0	  0	  0	  5	21824	  0
02/02/2017	06:46:02	->	L	00000000	 22	 81	 57	 31	  0	 96	  0	  4	  4	  4	  4	  4	  4	  4	  4	  0	  0	  0	  0	  0	  0	  0	  0	  0	  0	  0	  0	  0	  0	  0	  0	  0	  0	  0	  0	  0	  0	  0	  0	 69	 57	 54	 81	  0	 31	  0	  0	  0	  0	  0	  0	  0	  0	  0	  0	  0	  5	21824	  0
02/02/2017	06:51:02	->	L	00000000	 22	 73	 55	 41	  0	101	  0	  4	  4	  4	  4	  4	  4	  4	  4	  0	  0	  0	  0	  0	  0	  0	  0	  0	  0	  0	  0	  0	  0	  0	  0	  0	  0	  0	  0	  0	  0	  0	  0	 65	 55	 59	 73	  0	 39	  0	  0	  0	  0	  0	  0	  0	  0	  0	  0	  0	  5	21824	  0
02/02/2017	06:56:02	->	L	00000000	 22	 80	 56	 30	  0	106	  0	  4	  4	  4	  4	  4	  4	  4	  4	  0	  0	  0	  0	  0	  0	  0	  0	  0	  0	  0	  0	  0	  0	  0	  0	  0	  0	  0	  0	  0	  0	  0	  0	 67	 56	 56	 80	  0	 30	  0	  0	  0	  0	  0	  0	  0	  0	  0	  0	  0	  5	21824	  0
02/02/2017	07:01:02	->	L	00000000	 22	 81	 56	 28	  0	111	  0	  4	  4	  4	  4	  4	  4	  4	  4	  0	  0	  0	  0	  0	  0	  0	  0	  0	  0	  0	  0	  0	  0	  0	  0	  0	  0	  0	  0	  0	  0	  0	  0	 68	 56	 54	 81	  0	 28	  0	  0	  0	  0	  0	  0	  0	  0	  0	  0	  0	  5	21824	  0
02/02/2017	07:06:02	->	L	00000000	 22	 81	 56	 28	  0	116	  0	  4	  4	  4	  4	  4	  4	  4	  4	  0	  0	  0	  0	  0	  0	  0	  0	  0	  0	  0	  0	  0	  0	  0	  0	  0	  0	  0	  0	  0	  0	  0	  0	 68	 56	 54	 81	  0	 28	  0	  0	  0	  0	  0	  0	  0	  0	  0	  0	  0	  5	21824	  0
02/02/2017	07:11:02	->	L	00000000	 22	 81	 56	 28	  0	121	  0	  4	  4	  4	  4	  4	  4	  4	  4	  0	  0	  0	  0	  0	  0	  0	  0	  0	  0	  0	  0	  0	  0	  0	  0	  0	  0	  0	  0	  0	  0	  0	  0	 68	 56	 54	 81	  0	 28	  0	  0	  0	  0	  0	  0	  0	  0	  0	  0	  0	  5	21824	  0
02/02/2017	07:16:02	->	L	00000000	 22	 81	 56	 28	  0	126	  0	  4	  4	  4	  4	  4	  4	  4	  4	  0	  0	  0	  0	  0	  0	  0	  0	  0	  0	  0	  0	  0	  0	  0	  0	  0	  0	  0	  0	  0	  0	  0	  0	 68	 56	 54	 81	  0	 28	  0	  0	  0	  0	  0	  0	  0	  0	  0	  0	  0	  5	21824	  0
02/02/2017	07:21:02	->	L	00000000	 22	 81	 56	 28	  0	131	  0	  4	  4	  4	  4	  4	  4	  4	  4	  0	  0	  0	  0	  0	  0	  0	  0	  0	  0	  0	  0	  0	  0	  0	  0	  0	  0	  0	  0	  0	  0	  0	  0	 68	 56	 54	 81	  0	 28	  0	  0	  0	  0	  0	  0	  0	  0	  0	  0	  0	  5	21824	  0
02/02/2017	07:26:02	->	L	00000000	 22	 81	 56	 28	  0	136	  0	  4	  4	  4	  4	  4	  4	  4	  4	  0	  0	  0	  0	  0	  0	  0	  0	  0	  0	  0	  0	  0	  0	  0	  0	  0	  0	  0	  0	  0	  0	  0	  0	 68	 56	 54	 81	  0	 28	  0	  0	  0	  0	  0	  0	  0	  0	  0	  0	  0	  5	21824	  0
02/02/2017	07:31:02	->	L	00000000	 22	 81	 56	 28	  0	141	  0	  4	  4	  4	  4	  4	  4	  4	  4	  0	  0	  0	  0	  0	  0	  0	  0	  0	  0	  0	  0	  0	  0	  0	  0	  0	  0	  0	  0	  0	  0	  0	  0	 68	 56	 54	 81	  0	 28	  0	  0	  0	  0	  0	  0	  0	  0	  0	  0	  0	  5	21824	  0
02/02/2017	07:36:02	->	L	00000000	 22	 80	 56	 30	  0	146	  0	  4	  4	  4	  4	  4	  4	  4	  4	  0	  0	  0	  0	  0	  0	  0	  0	  0	  0	  0	  0	  0	  0	  0	  0	  0	  0	  0	  0	  0	  0	  0	  0	 68	 56	 54	 80	  0	 30	  0	  0	  0	  0	  0	  0	  0	  0	  0	  0	  0	  5	21824	  0
02/02/2017	07:41:02	->	L	00000000	 22	 80	 56	 30	  0	151	  0	  4	  4	  4	  4	  4	  4	  4	  4	  0	  0	  0	  0	  0	  0	  0	  0	  0	  0	  0	  0	  0	  0	  0	  0	  0	  0	  0	  0	  0	  0	  0	  0	 68	 56	 54	 80	  0	 30	  0	  0	  0	  0	  0	  0	  0	  0	  0	  0	  0	  5	21824	  0
02/02/2017	07:46:02	->	L	00000000	 22	 79	 56	 30	  0	156	  0	  4	  4	  4	  4	  4	  4	  4	  4	  0	  0	  0	  0	  0	  0	  0	  0	  0	  0	  0	  0	  0	  0	  0	  0	  0	  0	  0	  0	  0	  0	  0	  0	 67	 56	 56	 79	  0	 30	  0	  0	  0	  0	  0	  0	  0	  0	  0	  0	  0	  5	21824	  0
02/02/2017	07:51:02	->	L	00000000	 22	 79	 56	 30	  0	161	  0	  4	  4	  4	  4	  4	  4	  4	  4	  0	  0	  0	  0	  0	  0	  0	  0	  0	  0	  0	  0	  0	  0	  0	  0	  0	  0	  0	  0	  0	  0	  0	  0	 68	 56	 54	 79	  0	 30	  0	  0	  0	  0	  0	  0	  0	  0	  0	  0	  0	  5	21824	  0
02/02/2017	07:56:02	->	L	00000000	 22	 79	 56	 30	  0	166	  0	  4	  4	  4	  4	  4	  4	  4	  4	  0	  0	  0	  0	  0	  0	  0	  0	  0	  0	  0	  0	  0	  0	  0	  0	  0	  0	  0	  0	  0	  0	  0	  0	 67	 56	 56	 79	  0	 30	  0	  0	  0	  0	  0	  0	  0	  0	  0	  0	  0	  5	21824	  0
02/02/2017	08:01:02	->	L	00000000	 22	 79	 55	 30	  0	171	  0	  4	  4	  4	  4	  4	  4	  4	  4	  0	  0	  0	  0	  0	  0	  0	  0	  0	  0	  0	  0	  0	  0	  0	  0	  0	  0	  0	  0	  0	  0	  0	  0	 67	 55	 53	 79	  0	 30	  0	  0	  0	  0	  0	  0	  0	  0	  0	  0	  0	  5	21824	  0
02/02/2017	08:06:02	->	L	00000000	 22	 79	 56	 30	  0	176	  0	  4	  4	  4	  4	  4	  4	  4	  4	  0	  0	  0	  0	  0	  0	  0	  0	  0	  0	  0	  0	  0	  0	  0	  0	  0	  0	  0	  0	  0	  0	  0	  0	 68	 56	 54	 79	  0	 30	  0	  0	  0	  0	  0	  0	  0	  0	  0	  0	  0	  5	17984	  0
02/02/2017	08:11:02	->	L	00000000	 22	 72	 55	 41	  0	181	  0	  4	  4	  4	  4	  4	  4	  4	  4	  0	  0	  0	  0	  0	  0	  0	  0	  0	  0	  0	  0	  0	  0	  0	  0	  0	  0	  0	  0	  0	  0	  0	  0	 63	 55	 66	 72	  0	 41	  0	  0	  0	  0	  0	  0	  0	  0	  0	  0	  0	  5	17984	  0
02/02/2017	08:16:02	->	L	00000000	 22	 72	 54	 39	  0	186	  0	  4	  4	  4	  4	  4	  4	  4	  4	  0	  0	  0	  0	  0	  0	  0	  0	  0	  0	  0	  0	  0	  0	  0	  0	  0	  0	  0	  0	  0	  0	  0	  0	 64	 54	 59	 72	  0	 39	  0	  0	  0	  0	  0	  0	  0	  0	  0	  0	  0	  5	17984	  0
02/02/2017	08:21:02	->	L	00000000	 22	 69	 54	 46	  0	191	  0	  4	  4	  4	  4	  4	  4	  4	  4	  0	  0	  0	  0	  0	  0	  0	  0	  0	  0	  0	  0	  0	  0	  0	  0	  0	  0	  0	  0	  0	  0	  0	  0	 62	 54	 65	 69	  0	 46	  0	  0	  0	  0	  0	  0	  0	  0	  0	  0	  0	  5	17984	  0
02/02/2017	08:26:02	->	L	00000000	 22	 72	 54	 40	  0	196	  0	  4	  4	  4	  4	  4	  4	  4	  4	  0	  0	  0	  0	  0	  0	  0	  0	  0	  0	  0	  0	  0	  0	  0	  0	  0	  0	  0	  0	  0	  0	  0	  0	 63	 54	 62	 72	  0	 39	  0	  0	  0	  0	  0	  0	  0	  0	  0	  0	  0	  5	17984	  0
02/02/2017	08:31:02	->	L	00000000	 22	 71	 53	 36	  0	201	  0	  4	  4	  4	  4	  4	  4	  4	  4	  0	  0	  0	  0	  0	  0	  0	  0	  0	  0	  0	  0	  0	  0	  0	  0	  0	  0	  0	  0	  0	  0	  0	  0	 63	 53	 58	 71	  0	 39	  0	  0	  0	  0	  0	  0	  0	  0	  0	  0	  0	  5	17984	  0
02/02/2017	08:36:02	->	L	00000000	 22	 68	 53	 43	  0	206	  0	  4	  4	  4	  4	  4	  4	  4	  4	  0	  0	  0	  0	  0	  0	  0	  0	  0	  0	  0	  0	  0	  0	  0	  0	  0	  0	  0	  0	  0	  0	  0	  0	 62	 53	 62	 68	  0	 45	  0	  0	  0	  0	  0	  0	  0	  0	  0	  0	  0	  5	17984	  0
02/02/2017	08:41:02	->	L	00000000	 22	 73	 53	 36	  0	211	  0	  4	  4	  4	  4	  4	  4	  4	  4	  0	  0	  0	  0	  0	  0	  0	  0	  0	  0	  0	  0	  0	  0	  0	  0	  0	  0	  0	  0	  0	  0	  0	  0	 63	 53	 58	 73	  0	 34	  0	  0	  0	  0	  0	  0	  0	  0	  0	  0	  0	  5	17984	  0
02/02/2017	08:46:02	->	L	00000000	 22	 72	 53	 34	  0	216	  0	  4	  4	  4	  4	  4	  4	  4	  4	  0	  0	  0	  0	  0	  0	  0	  0	  0	  0	  0	  0	  0	  0	  0	  0	  0	  0	  0	  0	  0	  0	  0	  0	 63	 53	 58	 72	  0	 36	  0	  0	  0	  0	  0	  0	  0	  0	  0	  0	  0	  5	17984	  0
02/02/2017	08:51:02	->	L	00000000	 22	 68	 53	 39	  0	221	  0	  4	  4	  4	  4	  4	  4	  4	  4	  0	  0	  0	  0	  0	  0	  0	  0	  0	  0	  0	  0	  0	  0	  0	  0	  0	  0	  0	  0	  0	  0	  0	  0	 62	 53	 62	 68	  0	 45	  0	  0	  0	  0	  0	  0	  0	  0	  0	  0	  0	  5	17984	  0
02/02/2017	08:56:02	->	L	00000000	 22	 73	 53	 36	  0	226	  0	  4	  4	  4	  4	  4	  4	  4	  4	  0	  0	  0	  0	  0	  0	  0	  0	  0	  0	  0	  0	  0	  0	  0	  0	  0	  0	  0	  0	  0	  0	  0	  0	 62	 53	 62	 73	  0	 34	  0	  0	  0	  0	  0	  0	  0	  0	  0	  0	  0	  5	17984	  0
02/02/2017	09:01:02	->	L	00000000	 22	 72	 53	 31	  0	231	  0	  4	  4	  4	  4	  4	  4	  4	  4	  0	  0	  0	  0	  0	  0	  0	  0	  0	  0	  0	  0	  0	  0	  0	  0	  0	  0	  0	  0	  0	  0	  0	  0	 63	 53	 58	 72	  0	 36	  0	  0	  0	  0	  0	  0	  0	  0	  0	  0	  0	  5	17984	  0
02/02/2017	09:06:02	->	L	00000000	 22	 69	 52	 39	  0	236	  0	  4	  4	  4	  4	  4	  4	  4	  4	  0	  0	  0	  0	  0	  0	  0	  0	  0	  0	  0	  0	  0	  0	  0	  0	  0	  0	  0	  0	  0	  0	  0	  0	 62	 52	 58	 69	  0	 39	  0	  0	  0	  0	  0	  0	  0	  0	  0	  0	  0	  5	17984	  0
02/02/2017	09:11:02	->	L	00000000	 22	 73	 52	 34	  0	241	  0	  4	  4	  4	  4	  4	  4	  4	  4	  0	  0	  0	  0	  0	  0	  0	  0	  0	  0	  0	  0	  0	  0	  0	  0	  0	  0	  0	  0	  0	  0	  0	  0	 63	 52	 55	 73	  0	 31	  0	  0	  0	  0	  0	  0	  0	  0	  0	  0	  0	  5	17984	  0
02/02/2017	09:16:02	->	L	00000000	 22	 74	 52	 30	  0	246	  0	  4	  4	  4	  4	  4	  4	  4	  4	  0	  0	  0	  0	  0	  0	  0	  0	  0	  0	  0	  0	  0	  0	  0	  0	  0	  0	  0	  0	  0	  0	  0	  0	 63	 52	 55	 74	  0	 30	  0	  0	  0	  0	  0	  0	  0	  0	  0	  0	  0	  5	17984	  0
02/02/2017	09:21:02	->	L	00000000	 22	 70	 52	 36	  0	251	  0	  4	  4	  4	  4	  4	  4	  4	  4	  0	  0	  0	  0	  0	  0	  0	  0	  0	  0	  0	  0	  0	  0	  0	  0	  0	  0	  0	  0	  0	  0	  0	  0	 62	 52	 58	 70	  0	 38	  0	  0	  0	  0	  0	  0	  0	  0	  0	  0	  0	  5	17984	  0
02/02/2017	09:26:02	->	L	00000000	 22	 69	 52	 42	  0	256	  0	  4	  4	  4	  4	  4	  4	  4	  4	  0	  0	  0	  0	  0	  0	  0	  0	  0	  0	  0	  0	  0	  0	  0	  0	  0	  0	  0	  0	  0	  0	  0	  0	 61	 52	 62	 69	  0	 39	  0	  0	  0	  0	  0	  0	  0	  0	  0	  0	  0	  5	17984	  0
02/02/2017	09:31:02	->	L	00000000	 22	 74	 52	 30	  0	261	  0	  4	  4	  4	  4	  4	  4	  4	  4	  0	  0	  0	  0	  0	  0	  0	  0	  0	  0	  0	  0	  0	  0	  0	  0	  0	  0	  0	  0	  0	  0	  0	  0	 63	 52	 55	 74	  0	 30	  0	  0	  0	  0	  0	  0	  0	  0	  0	  0	  0	  5	17984	  0
02/02/2017	09:36:02	->	L	00000000	 22	 73	 52	 31	  0	266	  0	  4	  4	  4	  4	  4	  4	  4	  4	  0	  0	  0	  0	  0	  0	  0	  0	  0	  0	  0	  0	  0	  0	  0	  0	  0	  0	  0	  0	  0	  0	  0	  0	 63	 52	 55	 73	  0	 31	  0	  0	  0	  0	  0	  0	  0	  0	  0	  0	  0	  5	17984	  0
02/02/2017	09:41:02	->	L	00000000	 22	 70	 52	 38	 52	271	  0	  4	  4	  4	  4	  4	  4	 20	  0	  0	  0	  0	  0	  0	  0	  0	  0	  0	  0	  0	  0	  0	  0	  0	  0	  0	  0	  0	  0	  0	  0	  0	  0	 62	 52	 58	 70	  0	 38	  0	  0	  0	  0	  0	  0	  0	  0	  0	  0	  0	  5	17984	  0
02/02/2017	09:46:02	->	L	00000000	 22	 70	 52	 39	  0	276	  0	  4	  4	  4	  4	  4	  4	  4	  4	  0	  0	  0	  0	  0	  0	  0	  0	  0	  0	  0	  0	  0	  0	  0	  0	  0	  0	  0	  0	  0	  0	  0	  0	 62	 52	 58	 70	  0	 38	  0	  0	  0	  0	  0	  0	  0	  0	  0	  0	  0	  5	17984	  0
02/02/2017	09:51:02	->	L	00000000	 22	 75	 52	 30	  0	281	  0	  4	  4	  4	  4	  4	  4	  4	  4	  0	  0	  0	  0	  0	  0	  0	  0	  0	  0	  0	  0	  0	  0	  0	  0	  0	  0	  0	  0	  0	  0	  0	  0	 63	 52	 55	 75	  0	 28	  0	  0	  0	  0	  0	  0	  0	  0	  0	  0	  0	  5	17984	  0
02/02/2017	09:56:02	->	L	00000000	 22	 71	 52	 34	  0	286	  0	  4	  4	  4	  4	  4	  4	  4	  4	  0	  0	  0	  0	  0	  0	  0	  0	  0	  0	  0	  0	  0	  0	  0	  0	  0	  0	  0	  0	  0	  0	  0	  0	 63	 52	 55	 71	  0	 36	  0	  0	  0	  0	  0	  0	  0	  0	  0	  0	  0	  5	17984	  0
02/02/2017	10:01:02	->	L	00000000	 22	 68	 51	 39	  0	291	  0	  4	  4	  4	  4	  4	  4	  4	  4	  0	  0	  0	  0	  0	  0	  0	  0	  0	  0	  0	  0	  0	  0	  0	  0	  0	  0	  0	  0	  0	  0	  0	  0	 62	 51	 55	 68	  0	 39	  0	  0	  0	  0	  0	  0	  0	  0	  0	  0	  0	  5	17984	  0
02/02/2017	10:06:03	->	L	00000000	 22	 71	 51	 35	  0	296	  0	  4	  4	  4	  4	  4	  4	  4	  4	  0	  0	  0	  0	  0	  0	  0	  0	  0	  0	  0	  0	  0	  0	  0	  0	  0	  0	  0	  0	  0	  0	  0	  0	 62	 51	 55	 71	  0	 34	  0	  0	  0	  0	  0	  0	  0	  0	  0	  0	  0	  5	17984	  0
02/02/2017	10:11:03	->	L	00000000	 22	 74	 51	 30	  0	301	  0	  4	  4	  4	  4	  4	  4	  4	  4	  0	  0	  0	  0	  0	  0	  0	  0	  0	  0	  0	  0	  0	  0	  0	  0	  0	  0	  0	  0	  0	  0	  0	  0	 63	 51	 52	 74	  0	 27	  0	  0	  0	  0	  0	  0	  0	  0	  0	  0	  0	  5	17984	  0
02/02/2017	10:16:03	<-	L	00000000	 22	 71	 54	 40	  0	306	  0	  4	  4	  4	  4	  4	  4	  4	  4	  0	  0	  0	  0	  0	  0	  0	  0	  0	  0	  0	  0	  0	  0	  0	  0	  0	  0	  0	  0	  0	  0	  0	  0	 71	 54	 40	 71	  0	 40	  0	  0	  0	  0	  0	  0	  0	  0	  0	  0	  0	  5	17984	  0
02/02/2017	10:21:03	<-	L	00000000	 22	 71	 54	 40	  0	311	  0	  4	  4	  4	  4	  4	  4	  4	  4	  0	  0	  0	  0	  0	  0	  0	  0	  0	  0	  0	  0	  0	  0	  0	  0	  0	  0	  0	  0	  0	  0	  0	  0	 71	 54	 40	 66	  0	 53	  0	  0	  0	  0	  0	  0	  0	  0	  0	  0	  0	  5	17984	  0
02/02/2017	10:26:03	<-	L	00000000	 22	 68	 54	 46	  0	316	  0	  4	  4	  4	  4	  4	  4	  4	  4	  0	  0	  0	  0	  0	  0	  0	  0	  0	  0	  0	  0	  0	  0	  0	  0	  0	  0	  0	  0	  0	  0	  0	  0	 68	 54	 47	 64	  0	 59	  0	  0	  0	  0	  0	  0	  0	  0	  0	  0	  0	  5	17984	  0
02/02/2017	10:31:03	<-	L	00000000	 22	 69	 54	 47	  0	321	  0	  4	  4	  4	  4	  4	  4	  4	  4	  0	  0	  0	  0	  0	  0	  0	  0	  0	  0	  0	  0	  0	  0	  0	  0	  0	  0	  0	  0	  0	  0	  0	  0	 69	 54	 46	 64	  0	 59	  0	  0	  0	  0	  0	  0	  0	  0	  0	  0	  0	  5	17984	  0
02/02/2017	10:36:03	<-	L	00000000	 22	 74	 55	 39	  0	326	  0	  4	  4	  4	  4	  4	  4	  4	  4	  0	  0	  0	  0	  0	  0	  0	  0	  0	  0	  0	  0	  0	  0	  0	  0	  0	  0	  0	  0	  0	  0	  0	  0	 74	 55	 37	 67	  0	 53	  0	  0	  0	  0	  0	  0	  0	  0	  0	  0	  0	  5	17984	  0
02/02/2017	10:41:02	<-	L	00000000	 22	 75	 55	 32	  0	331	  0	  4	  4	  4	  4	  4	  4	  4	  4	  0	  0	  0	  0	  0	  0	  0	  0	  0	  0	  0	  0	  0	  0	  0	  0	  0	  0	  0	  0	  0	  0	  0	  0	 75	 55	 35	 67	  0	 53	  0	  0	  0	  0	  0	  0	  0	  0	  0	  0	  0	  5	17984	  0
02/02/2017	10:46:02	<-	L	00000000	 22	 74	 55	 37	  0	336	  0	  4	  4	  4	  4	  4	  4	  4	  4	  0	  0	  0	  0	  0	  0	  0	  0	  0	  0	  0	  0	  0	  0	  0	  0	  0	  0	  0	  0	  0	  0	  0	  0	 74	 55	 37	 66	  0	 56	  0	  0	  0	  0	  0	  0	  0	  0	  0	  0	  0	  5	17984	  0
02/02/2017	10:51:02	<-	L	00000000	 22	 70	 55	 43	  0	341	  0	  4	  4	  4	  4	  4	  4	  4	  4	  0	  0	  0	  0	  0	  0	  0	  0	  0	  0	  0	  0	  0	  0	  0	  0	  0	  0	  0	  0	  0	  0	  0	  0	 70	 55	 46	 65	  0	 59	  0	  0	  0	  0	  0	  0	  0	  0	  0	  0	  0	  5	17984	  0
02/02/2017	10:56:02	<-	L	00000000	 22	 68	 54	 48	  0	346	  0	  4	  4	  4	  4	  4	  4	  4	  4	  0	  0	  0	  0	  0	  0	  0	  0	  0	  0	  0	  0	  0	  0	  0	  0	  0	  0	  0	  0	  0	  0	  0	  0	 68	 54	 47	 64	  0	 59	  0	  0	  0	  0	  0	  0	  0	  0	  0	  0	  0	  5	17984	  0
02/02/2017	11:01:02	<-	L	00000000	 22	 69	 55	 50	  0	351	  0	  4	  4	  4	  4	  4	  4	  4	  4	  0	  0	  0	  0	  0	  0	  0	  0	  0	  0	  0	  0	  0	  0	  0	  0	  0	  0	  0	  0	  0	  0	  0	  0	 69	 55	 48	 64	  0	 62	  0	  0	  0	  0	  0	  0	  0	  0	  0	  0	  0	  5	17984	  0
02/02/2017	11:06:02	<-	L	00000000	 22	 71	 55	 48	  0	356	  0	  4	  4	  4	  4	  4	  4	  4	  4	  0	  0	  0	  0	  0	  0	  0	  0	  0	  0	  0	  0	  0	  0	  0	  0	  0	  0	  0	  0	  0	  0	  0	  0	 71	 55	 43	 65	  0	 59	  0	  0	  0	  0	  0	  0	  0	  0	  0	  0	  0	  5	17984	  0
02/02/2017	11:11:02	<-	L	00000000	 23	 73	 55	 41	  0	  0	  0	  4	  4	  4	  4	  4	  4	  4	  4	  0	  0	  0	  0	  0	  0	  0	  0	  0	  0	  0	  0	  0	  0	  0	  0	  0	  0	  0	  0	  0	  0	  0	  0	 73	 55	 39	 66	  0	 56	  0	  0	  0	  0	  0	  0	  0	  0	  0	  0	  0	  5	21822	  0
02/02/2017	11:16:02	<-	L	00000000	 23	 82	 57	 29	  0	  5	  0	  4	  4	  4	  4	  4	  4	  4	  4	  0	  0	  0	  0	  0	  0	  0	  0	  0	  0	  0	  0	  0	  0	  0	  0	  0	  0	  0	  0	  0	  0	  0	  0	 82	 57	 29	 72	  0	 47	  0	  0	  0	  0	  0	  0	  0	  0	  0	  0	  0	  5	21822	  0
02/02/2017	11:21:02	<-	L	00000000	 23	 86	 57	 27	  0	 10	  0	  4	  4	  4	  4	  4	  4	  4	  4	  0	  0	  0	  0	  0	  0	  0	  0	  0	  0	  0	  0	  0	  0	  0	  0	  0	  0	  0	  0	  0	  0	  0	  0	 86	 57	 25	 74	  0	 41	  0	  0	  0	  0	  0	  0	  0	  0	  0	  0	  0	  5	21822	  0
02/02/2017	11:26:02	<-	L	00000000	 23	 78	 57	 33	  0	 15	  0	  4	  4	  4	  4	  4	  4	  4	  4	  0	  0	  0	  0	  0	  0	  0	  0	  0	  0	  0	  0	  0	  0	  0	  0	  0	  0	  0	  0	  0	  0	  0	  0	 78	 57	 33	 70	  0	 51	  0	  0	  0	  0	  0	  0	  0	  0	  0	  0	  0	  5	20542	  0
02/02/2017	11:31:02	<-	L	00000000	 23	 81	 58	 30	  0	 20	  0	  4	  4	  4	  4	  4	  4	  4	  4	  0	  0	  0	  0	  0	  0	  0	  0	  0	  0	  0	  0	  0	  0	  0	  0	  0	  0	  0	  0	  0	  0	  0	  0	 81	 58	 31	 72	  0	 49	  0	  0	  0	  0	  0	  0	  0	  0	  0	  0	  0	  5	20542	  0
02/02/2017	11:36:02	<-	L	00000000	 23	 82	 58	 31	  0	 25	  0	  4	  4	  4	  4	  4	  4	  4	  4	  0	  0	  0	  0	  0	  0	  0	  0	  0	  0	  0	  0	  0	  0	  0	  0	  0	  0	  0	  0	  0	  0	  0	  0	 82	 58	 31	 72	  0	 49	  0	  0	  0	  0	  0	  0	  0	  0	  0	  0	  0	  5	20542	  0
02/02/2017	11:41:02	<-	L	00000000	 23	 83	 58	 29	  0	 30	  0	  4	  4	  4	  4	  4	  4	  4	  4	  0	  0	  0	  0	  0	  0	  0	  0	  0	  0	  0	  0	  0	  0	  0	  0	  0	  0	  0	  0	  0	  0	  0	  0	 83	 58	 29	 73	  0	 47	  0	  0	  0	  0	  0	  0	  0	  0	  0	  0	  0	  5	21822	  0
02/02/2017	11:46:02	<-	L	00000000	 23	 84	 59	 30	  0	 35	  0	  4	  4	  4	  4	  4	  4	  4	  4	  0	  0	  0	  0	  0	  0	  0	  0	  0	  0	  0	  0	  0	  0	  0	  0	  0	  0	  0	  0	  0	  0	  0	  0	 84	 59	 29	 74	  0	 47	  0	  0	  0	  0	  0	  0	  0	  0	  0	  0	  0	  5	21822	  0
02/02/2017	11:51:02	<-	L	00000000	 23	 85	 59	 29	  0	 40	  0	  4	  4	  4	  4	  4	  4	  4	  4	  0	  0	  0	  0	  0	  0	  0	  0	  0	  0	  0	  0	  0	  0	  0	  0	  0	  0	  0	  0	  0	  0	  0	  0	 85	 59	 30	 74	  0	 47	  0	  0	  0	  0	  0	  0	  0	  0	  0	  0	  0	  5	21822	  0
02/02/2017	11:56:02	<-	L	00000000	 23	 83	 59	 29	  0	 45	  0	  4	  4	  4	  4	  4	  4	  4	  4	  0	  0	  0	  0	  0	  0	  0	  0	  0	  0	  0	  0	  0	  0	  0	  0	  0	  0	  0	  0	  0	  0	  0	  0	 83	 59	 31	 74	  0	 47	  0	  0	  0	  0	  0	  0	  0	  0	  0	  0	  0	  5	21822	  0
02/02/2017	12:01:02	<-	L	00000000	 23	 86	 60	 30	  0	 50	  0	  4	  4	  4	  4	  4	  4	  4	  4	  0	  0	  0	  0	  0	  0	  0	  0	  0	  0	  0	  0	  0	  0	  0	  0	  0	  0	  0	  0	  0	  0	  0	  0	 86	 60	 30	 75	  0	 48	  0	  0	  0	  0	  0	  0	  0	  0	  0	  0	  0	  5	21822	  0
02/02/2017	12:06:02	<-	L	00000000	 23	 83	 59	 32	  0	 55	  0	  4	  4	  4	  4	  4	  4	  4	  4	  0	  0	  0	  0	  0	  0	  0	  0	  0	  0	  0	  0	  0	  0	  0	  0	  0	  0	  0	  0	  0	  0	  0	  0	 83	 59	 31	 74	  0	 47	  0	  0	  0	  0	  0	  0	  0	  0	  0	  0	  0	  5	21822	  0
02/02/2017	12:11:02	<-	L	00000000	 23	 86	 60	 30	  0	 60	  0	  4	  4	  4	  4	  4	  4	  4	  4	  0	  0	  0	  0	  0	  0	  0	  0	  0	  0	  0	  0	  0	  0	  0	  0	  0	  0	  0	  0	  0	  0	  0	  0	 86	 60	 30	 75	  0	 48	  0	  0	  0	  0	  0	  0	  0	  0	  0	  0	  0	  5	21822	  0
02/02/2017	12:16:02	<-	L	00000000	 23	 83	 60	 32	  0	 65	  0	  4	  4	  4	  4	  4	  4	  4	  4	  0	  0	  0	  0	  0	  0	  0	  0	  0	  0	  0	  0	  0	  0	  0	  0	  0	  0	  0	  0	  0	  0	  0	  0	 83	 60	 32	 74	  0	 49	  0	  0	  0	  0	  0	  0	  0	  0	  0	  0	  0	  5	21822	  0
02/02/2017	12:21:02	<-	L	00000000	 23	 85	 60	 32	  0	 70	  0	  4	  4	  4	  4	  4	  4	  4	  4	  0	  0	  0	  0	  0	  0	  0	  0	  0	  0	  0	  0	  0	  0	  0	  0	  0	  0	  0	  0	  0	  0	  0	  0	 85	 60	 30	 75	  0	 48	  0	  0	  0	  0	  0	  0	  0	  0	  0	  0	  0	  5	21822	  0
02/02/2017	12:26:02	<-	L	00000000	 23	 83	 60	 32	  0	 75	  0	  4	  4	  4	  4	  4	  4	  4	  4	  0	  0	  0	  0	  0	  0	  0	  0	  0	  0	  0	  0	  0	  0	  0	  0	  0	  0	  0	  0	  0	  0	  0	  0	 83	 60	 32	 75	  0	 48	  0	  0	  0	  0	  0	  0	  0	  0	  0	  0	  0	  5	21822	  0
02/02/2017	12:31:02	<-	L	00000000	 23	 87	 61	 30	  0	 80	  0	  4	  4	  4	  4	  4	  4	  4	  4	  0	  0	  0	  0	  0	  0	  0	  0	  0	  0	  0	  0	  0	  0	  0	  0	  0	  0	  0	  0	  0	  0	  0	  0	 87	 61	 30	 76	  0	 48	  0	  0	  0	  0	  0	  0	  0	  0	  0	  0	  0	  5	21822	  0
02/02/2017	12:36:02	<-	L	00000000	 23	 82	 60	 32	  0	 85	  0	  4	  4	  4	  4	  4	  4	  4	  4	  0	  0	  0	  0	  0	  0	  0	  0	  0	  0	  0	  0	  0	  0	  0	  0	  0	  0	  0	  0	  0	  0	  0	  0	 82	 60	 34	 74	  0	 49	  0	  0	  0	  0	  0	  0	  0	  0	  0	  0	  0	  5	21822	  0
02/02/2017	12:41:02	<-	L	00000000	 23	 87	 61	 29	  0	 90	  0	  4	  4	  4	  4	  4	  4	  4	  4	  0	  0	  0	  0	  0	  0	  0	  0	  0	  0	  0	  0	  0	  0	  0	  0	  0	  0	  0	  0	  0	  0	  0	  0	 87	 61	 30	 77	  0	 46	  0	  0	  0	  0	  0	  0	  0	  0	  0	  0	  0	  5	21822	  0
02/02/2017	12:46:02	<-	L	00000000	 23	 81	 60	 34	  0	 95	  0	  4	  4	  4	  4	  4	  4	  4	  4	  0	  0	  0	  0	  0	  0	  0	  0	  0	  0	  0	  0	  0	  0	  0	  0	  0	  0	  0	  0	  0	  0	  0	  0	 81	 60	 35	 74	  0	 49	  0	  0	  0	  0	  0	  0	  0	  0	  0	  0	  0	  5	21822	  0
02/02/2017	12:51:02	<-	L	00000000	 23	 87	 61	 30	  0	100	  0	  4	  4	  4	  4	  4	  4	  4	  4	  0	  0	  0	  0	  0	  0	  0	  0	  0	  0	  0	  0	  0	  0	  0	  0	  0	  0	  0	  0	  0	  0	  0	  0	 87	 61	 30	 77	  0	 46	  0	  0	  0	  0	  0	  0	  0	  0	  0	  0	  0	  5	21822	  0
02/02/2017	12:56:02	<-	L	00000000	 23	 85	 61	 30	  0	105	  0	  4	  4	  4	  4	  4	  4	  4	  4	  0	  0	  0	  0	  0	  0	  0	  0	  0	  0	  0	  0	  0	  0	  0	  0	  0	  0	  0	  0	  0	  0	  0	  0	 85	 61	 32	 76	  0	 48	  0	  0	  0	  0	  0	  0	  0	  0	  0	  0	  0	  5	21822	  0
02/02/2017	13:01:02	<-	L	00000000	 23	 84	 61	 35	  0	110	  0	  4	  4	  4	  4	  4	  4	  4	  4	  0	  0	  0	  0	  0	  0	  0	  0	  0	  0	  0	  0	  0	  0	  0	  0	  0	  0	  0	  0	  0	  0	  0	  0	 84	 61	 32	 76	  0	 48	  0	  0	  0	  0	  0	  0	  0	  0	  0	  0	  0	  5	21822	  0
02/02/2017	13:06:02	<-	L	00000000	 23	 87	 61	 30	  0	115	  0	  4	  4	  4	  4	  4	  4	  4	  4	  0	  0	  0	  0	  0	  0	  0	  0	  0	  0	  0	  0	  0	  0	  0	  0	  0	  0	  0	  0	  0	  0	  0	  0	 87	 61	 30	 77	  0	 46	  0	  0	  0	  0	  0	  0	  0	  0	  0	  0	  0	  5	21822	  0
02/02/2017	13:11:02	<-	L	00000000	 23	 83	 61	 35	  0	120	  0	  4	  4	  4	  4	  4	  4	  4	  4	  0	  0	  0	  0	  0	  0	  0	  0	  0	  0	  0	  0	  0	  0	  0	  0	  0	  0	  0	  0	  0	  0	  0	  0	 83	 61	 35	 75	  0	 50	  0	  0	  0	  0	  0	  0	  0	  0	  0	  0	  0	  5	21822	  0
02/02/2017	13:16:02	<-	L	00000000	 23	 86	 61	 30	  0	125	  0	  4	  4	  4	  4	  4	  4	  4	  4	  0	  0	  0	  0	  0	  0	  0	  0	  0	  0	  0	  0	  0	  0	  0	  0	  0	  0	  0	  0	  0	  0	  0	  0	 86	 61	 30	 77	  0	 46	  0	  0	  0	  0	  0	  0	  0	  0	  0	  0	  0	  5	21822	  0
02/02/2017	13:21:02	<-	L	00000000	 23	 85	 61	 32	  0	130	  0	  4	  4	  4	  4	  4	  4	  4	  4	  0	  0	  0	  0	  0	  0	  0	  0	  0	  0	  0	  0	  0	  0	  0	  0	  0	  0	  0	  0	  0	  0	  0	  0	 85	 61	 32	 76	  0	 48	  0	  0	  0	  0	  0	  0	  0	  0	  0	  0	  0	  5	21822	  0
02/02/2017	13:26:02	<-	L	00000000	 23	 84	 61	 32	  0	135	  0	  4	  4	  4	  4	  4	  4	  4	  4	  0	  0	  0	  0	  0	  0	  0	  0	  0	  0	  0	  0	  0	  0	  0	  0	  0	  0	  0	  0	  0	  0	  0	  0	 84	 61	 32	 76	  0	 48	  0	  0	  0	  0	  0	  0	  0	  0	  0	  0	  0	  5	21822	  0
02/02/2017	13:31:02	<-	L	00000000	 23	 87	 61	 30	  0	140	  0	  4	  4	  4	  4	  4	  4	  4	  4	  0	  0	  0	  0	  0	  0	  0	  0	  0	  0	  0	  0	  0	  0	  0	  0	  0	  0	  0	  0	  0	  0	  0	  0	 87	 61	 30	 77	  0	 46	  0	  0	  0	  0	  0	  0	  0	  0	  0	  0	  0	  5	21822	  0
02/02/2017	13:36:02	<-	L	00000000	 23	 85	 61	 30	  0	145	  0	  4	  4	  4	  4	  4	  4	  4	  4	  0	  0	  0	  0	  0	  0	  0	  0	  0	  0	  0	  0	  0	  0	  0	  0	  0	  0	  0	  0	  0	  0	  0	  0	 85	 61	 32	 76	  0	 48	  0	  0	  0	  0	  0	  0	  0	  0	  0	  0	  0	  5	21822	  0
02/02/2017	13:41:03	<-	L	00000000	 23	 85	 61	 32	  0	150	  0	  4	  4	  4	  4	  4	  4	  4	  4	  0	  0	  0	  0	  0	  0	  0	  0	  0	  0	  0	  0	  0	  0	  0	  0	  0	  0	  0	  0	  0	  0	  0	  0	 85	 61	 32	 76	  0	 48	  0	  0	  0	  0	  0	  0	  0	  0	  0	  0	  0	  5	21822	  0
02/02/2017	13:46:03	<-	L	00000000	 23	 84	 61	 32	  0	155	  0	  4	  4	  4	  4	  4	  4	  4	  4	  0	  0	  0	  0	  0	  0	  0	  0	  0	  0	  0	  0	  0	  0	  0	  0	  0	  0	  0	  0	  0	  0	  0	  0	 84	 61	 32	 76	  0	 48	  0	  0	  0	  0	  0	  0	  0	  0	  0	  0	  0	  5	21822	  0
02/02/2017	13:51:03	<-	L	00000000	 23	 85	 61	 32	  0	160	  0	  4	  4	  4	  4	  4	  4	  4	  4	  0	  0	  0	  0	  0	  0	  0	  0	  0	  0	  0	  0	  0	  0	  0	  0	  0	  0	  0	  0	  0	  0	  0	  0	 85	 61	 32	 77	  0	 46	  0	  0	  0	  0	  0	  0	  0	  0	  0	  0	  0	  5	21822	  0
02/02/2017	13:56:03	<-	L	00000000	 23	 83	 61	 32	  0	165	  0	  4	  4	  4	  4	  4	  4	  4	  4	  0	  0	  0	  0	  0	  0	  0	  0	  0	  0	  0	  0	  0	  0	  0	  0	  0	  0	  0	  0	  0	  0	  0	  0	 83	 61	 35	 75	  0	 50	  0	  0	  0	  0	  0	  0	  0	  0	  0	  0	  0	  5	21822	  0
02/02/2017	14:01:03	<-	L	00000000	 23	 87	 61	 30	  0	170	  0	  4	  4	  4	  4	  4	  4	  4	  4	  0	  0	  0	  0	  0	  0	  0	  0	  0	  0	  0	  0	  0	  0	  0	  0	  0	  0	  0	  0	  0	  0	  0	  0	 87	 61	 30	 77	  0	 46	  0	  0	  0	  0	  0	  0	  0	  0	  0	  0	  0	  5	21822	  0
02/02/2017	14:06:03	<-	L	00000000	 23	 84	 61	 32	  0	175	  0	  4	  4	  4	  4	  4	  4	  4	  4	  0	  0	  0	  0	  0	  0	  0	  0	  0	  0	  0	  0	  0	  0	  0	  0	  0	  0	  0	  0	  0	  0	  0	  0	 84	 61	 32	 76	  0	 48	  0	  0	  0	  0	  0	  0	  0	  0	  0	  0	  0	  5	21822	  0
02/02/2017	14:11:03	<-	L	00000000	 23	 86	 61	 32	  0	180	  0	  4	  4	  4	  4	  4	  4	  4	  4	  0	  0	  0	  0	  0	  0	  0	  0	  0	  0	  0	  0	  0	  0	  0	  0	  0	  0	  0	  0	  0	  0	  0	  0	 86	 61	 30	 77	  0	 46	  0	  0	  0	  0	  0	  0	  0	  0	  0	  0	  0	  5	21822	  0
02/02/2017	14:16:03	->	L	00000000	 23	 87	 62	 31	  0	185	  0	  4	  4	  4	  4	  4	  4	  4	  4	  0	  0	  0	  0	  0	  0	  0	  0	  0	  0	  0	  0	  0	  0	  0	  0	  0	  0	  0	  0	  0	  0	  0	  0	 87	 62	 31	 77	  0	 48	  0	  0	  0	  0	  0	  0	  0	  0	  0	  0	  0	  5	21822	  0
02/02/2017	14:21:03	->	L	00000000	 23	 83	 60	 32	  0	190	  0	  4	  4	  4	  4	  4	  4	  4	  4	  0	  0	  0	  0	  0	  0	  0	  0	  0	  0	  0	  0	  0	  0	  0	  0	  0	  0	  0	  0	  0	  0	  0	  0	 79	 60	 39	 83	  0	 32	  0	  0	  0	  0	  0	  0	  0	  0	  0	  0	  0	  5	21822	  0
02/02/2017	14:26:03	->	L	00000000	 23	 87	 59	 27	  0	195	  0	  4	  4	  4	  4	  4	  4	  4	  4	  0	  0	  0	  0	  0	  0	  0	  0	  0	  0	  0	  0	  0	  0	  0	  0	  0	  0	  0	  0	  0	  0	  0	  0	 78	 59	 39	 87	  0	 27	  0	  0	  0	  0	  0	  0	  0	  0	  0	  0	  0	  5	21822	  0
02/02/2017	14:31:03	->	L	00000000	 23	 83	 59	 31	  0	200	  0	  4	  4	  4	  4	  4	  4	  4	  4	  0	  0	  0	  0	  0	  0	  0	  0	  0	  0	  0	  0	  0	  0	  0	  0	  0	  0	  0	  0	  0	  0	  0	  0	 76	 59	 42	 83	  0	 31	  0	  0	  0	  0	  0	  0	  0	  0	  0	  0	  0	  5	21822	  0
02/02/2017	14:36:03	->	L	00000000	 23	 87	 59	 27	  0	205	  0	  4	  4	  4	  4	  4	  4	  4	  4	  0	  0	  0	  0	  0	  0	  0	  0	  0	  0	  0	  0	  0	  0	  0	  0	  0	  0	  0	  0	  0	  0	  0	  0	 77	 59	 41	 87	  0	 27	  0	  0	  0	  0	  0	  0	  0	  0	  0	  0	  0	  5	21822	  0
02/02/2017	14:41:04	->	L	00000000	 23	 84	 59	 31	  0	210	  0	  4	  4	  4	  4	  4	  4	  4	  4	  0	  0	  0	  0	  0	  0	  0	  0	  0	  0	  0	  0	  0	  0	  0	  0	  0	  0	  0	  0	  0	  0	  0	  0	 76	 59	 42	 84	  0	 29	  0	  0	  0	  0	  0	  0	  0	  0	  0	  0	  0	  5	21822	  0
02/02/2017	14:46:03	->	L	00000000	 23	 85	 58	 27	  0	215	  0	  4	  4	  4	  4	  4	  4	  4	  4	  0	  0	  0	  0	  0	  0	  0	  0	  0	  0	  0	  0	  0	  0	  0	  0	  0	  0	  0	  0	  0	  0	  0	  0	 76	 58	 41	 85	  0	 28	  0	  0	  0	  0	  0	  0	  0	  0	  0	  0	  0	  5	21822	  0
02/02/2017	14:51:03	->	L	00000000	 23	 87	 58	 27	  0	220	  0	  4	  4	  4	  4	  4	  4	  4	  4	  0	  0	  0	  0	  0	  0	  0	  0	  0	  0	  0	  0	  0	  0	  0	  0	  0	  0	  0	  0	  0	  0	  0	  0	 77	 58	 38	 87	  0	 25	  0	  0	  0	  0	  0	  0	  0	  0	  0	  0	  0	  5	21822	  0
02/02/2017	14:56:03	->	L	00000000	 23	 84	 58	 29	  0	225	  0	  4	  4	  4	  4	  4	  4	  4	  4	  0	  0	  0	  0	  0	  0	  0	  0	  0	  0	  0	  0	  0	  0	  0	  0	  0	  0	  0	  0	  0	  0	  0	  0	 76	 58	 41	 84	  0	 29	  0	  0	  0	  0	  0	  0	  0	  0	  0	  0	  0	  5	21822	  0
02/02/2017	15:01:03	->	L	00000000	 23	 87	 58	 25	  0	230	  0	  4	  4	  4	  4	  4	  4	  4	  4	  0	  0	  0	  0	  0	  0	  0	  0	  0	  0	  0	  0	  0	  0	  0	  0	  0	  0	  0	  0	  0	  0	  0	  0	 76	 58	 41	 87	  0	 25	  0	  0	  0	  0	  0	  0	  0	  0	  0	  0	  0	  5	21822	  0
02/02/2017	15:06:03	->	L	00000000	 23	 82	 58	 29	  0	235	  0	  4	  4	  4	  4	  4	  4	  4	  4	  0	  0	  0	  0	  0	  0	  0	  0	  0	  0	  0	  0	  0	  0	  0	  0	  0	  0	  0	  0	  0	  0	  0	  0	 75	 58	 42	 82	  0	 31	  0	  0	  0	  0	  0	  0	  0	  0	  0	  0	  0	  5	21822	  0
02/02/2017	15:11:03	->	L	00000000	 23	 87	 58	 25	  0	240	  0	  4	  4	  4	  4	  4	  4	  4	  4	  0	  0	  0	  0	  0	  0	  0	  0	  0	  0	  0	  0	  0	  0	  0	  0	  0	  0	  0	  0	  0	  0	  0	  0	 76	 58	 41	 87	  0	 25	  0	  0	  0	  0	  0	  0	  0	  0	  0	  0	  0	  5	21822	  0
02/02/2017	15:16:03	->	L	00000000	 23	 82	 57	 31	  0	245	  0	  4	  4	  4	  4	  4	  4	  4	  4	  0	  0	  0	  0	  0	  0	  0	  0	  0	  0	  0	  0	  0	  0	  0	  0	  0	  0	  0	  0	  0	  0	  0	  0	 75	 57	 40	 82	  0	 29	  0	  0	  0	  0	  0	  0	  0	  0	  0	  0	  0	  5	21822	  0
02/02/2017	15:21:03	->	L	00000000	 23	 87	 58	 25	  0	250	  0	  4	  4	  4	  4	  4	  4	  4	  4	  0	  0	  0	  0	  0	  0	  0	  0	  0	  0	  0	  0	  0	  0	  0	  0	  0	  0	  0	  0	  0	  0	  0	  0	 77	 58	 38	 87	  0	 25	  0	  0	  0	  0	  0	  0	  0	  0	  0	  0	  0	  5	21822	  0
02/02/2017	15:26:03	->	L	00000000	 23	 82	 57	 29	  0	255	  0	  4	  4	  4	  4	  4	  4	  4	  4	  0	  0	  0	  0	  0	  0	  0	  0	  0	  0	  0	  0	  0	  0	  0	  0	  0	  0	  0	  0	  0	  0	  0	  0	 75	 57	 40	 82	  0	 29	  0	  0	  0	  0	  0	  0	  0	  0	  0	  0	  0	  5	21822	  0
02/02/2017	15:31:03	->	L	00000000	 23	 87	 58	 25	  0	260	  0	  4	  4	  4	  4	  4	  4	  4	  4	  0	  0	  0	  0	  0	  0	  0	  0	  0	  0	  0	  0	  0	  0	  0	  0	  0	  0	  0	  0	  0	  0	  0	  0	 76	 58	 41	 87	  0	 25	  0	  0	  0	  0	  0	  0	  0	  0	  0	  0	  0	  5	21822	  0
02/02/2017	15:36:03	->	L	00000000	 23	 82	 57	 29	  0	265	  0	  4	  4	  4	  4	  4	  4	  4	  4	  0	  0	  0	  0	  0	  0	  0	  0	  0	  0	  0	  0	  0	  0	  0	  0	  0	  0	  0	  0	  0	  0	  0	  0	 75	 57	 40	 82	  0	 29	  0	  0	  0	  0	  0	  0	  0	  0	  0	  0	  0	  5	21822	  0
02/02/2017	15:41:03	->	L	00000000	 23	 87	 58	 25	  0	270	  0	  4	  4	  4	  4	  4	  4	  4	  4	  0	  0	  0	  0	  0	  0	  0	  0	  0	  0	  0	  0	  0	  0	  0	  0	  0	  0	  0	  0	  0	  0	  0	  0	 77	 58	 38	 87	  0	 25	  0	  0	  0	  0	  0	  0	  0	  0	  0	  0	  0	  5	21822	  0
02/02/2017	15:46:03	->	L	00000000	 23	 83	 57	 29	  0	275	  0	  4	  4	  4	  4	  4	  4	  4	  4	  0	  0	  0	  0	  0	  0	  0	  0	  0	  0	  0	  0	  0	  0	  0	  0	  0	  0	  0	  0	  0	  0	  0	  0	 75	 57	 40	 83	  0	 29	  0	  0	  0	  0	  0	  0	  0	  0	  0	  0	  0	  5	21822	  0
02/02/2017	15:51:03	->	L	00000000	 23	 87	 58	 25	  0	280	  0	  4	  4	  4	  4	  4	  4	  4	  4	  0	  0	  0	  0	  0	  0	  0	  0	  0	  0	  0	  0	  0	  0	  0	  0	  0	  0	  0	  0	  0	  0	  0	  0	 77	 58	 38	 87	  0	 25	  0	  0	  0	  0	  0	  0	  0	  0	  0	  0	  0	  5	21822	  0
02/02/2017	15:56:03	->	L	00000000	 23	 84	 57	 29	  0	285	  0	  4	  4	  4	  4	  4	  4	  4	  4	  0	  0	  0	  0	  0	  0	  0	  0	  0	  0	  0	  0	  0	  0	  0	  0	  0	  0	  0	  0	  0	  0	  0	  0	 75	 57	 40	 84	  0	 27	  0	  0	  0	  0	  0	  0	  0	  0	  0	  0	  0	  5	21822	  0
02/02/2017	16:01:03	->	L	00000000	 23	 85	 57	 25	  0	290	  0	  4	  4	  4	  4	  4	  4	  4	  4	  0	  0	  0	  0	  0	  0	  0	  0	  0	  0	  0	  0	  0	  0	  0	  0	  0	  0	  0	  0	  0	  0	  0	  0	 77	 57	 36	 85	  0	 27	  0	  0	  0	  0	  0	  0	  0	  0	  0	  0	  0	  5	21822	  0
02/02/2017	16:06:03	->	L	00000000	 23	 85	 57	 27	  0	295	  0	  4	  4	  4	  4	  4	  4	  4	  4	  0	  0	  0	  0	  0	  0	  0	  0	  0	  0	  0	  0	  0	  0	  0	  0	  0	  0	  0	  0	  0	  0	  0	  0	 76	 57	 38	 85	  0	 27	  0	  0	  0	  0	  0	  0	  0	  0	  0	  0	  0	  5	21822	  0
02/02/2017	16:11:03	->	L	00000000	 23	 84	 57	 27	  0	300	  0	  4	  4	  4	  4	  4	  4	  4	  4	  0	  0	  0	  0	  0	  0	  0	  0	  0	  0	  0	  0	  0	  0	  0	  0	  0	  0	  0	  0	  0	  0	  0	  0	 76	 57	 38	 84	  0	 27	  0	  0	  0	  0	  0	  0	  0	  0	  0	  0	  0	  5	21822	  0
02/02/2017	16:16:03	->	L	00000000	 23	 86	 57	 25	  0	305	  0	  4	  4	  4	  4	  4	  4	  4	  4	  0	  0	  0	  0	  0	  0	  0	  0	  0	  0	  0	  0	  0	  0	  0	  0	  0	  0	  0	  0	  0	  0	  0	  0	 76	 57	 38	 86	  0	 25	  0	  0	  0	  0	  0	  0	  0	  0	  0	  0	  0	  5	21822	  0
02/02/2017	16:21:03	->	L	00000000	 23	 84	 57	 27	  0	310	  0	  4	  4	  4	  4	  4	  4	  4	  4	  0	  0	  0	  0	  0	  0	  0	  0	  0	  0	  0	  0	  0	  0	  0	  0	  0	  0	  0	  0	  0	  0	  0	  0	 76	 57	 38	 84	  0	 27	  0	  0	  0	  0	  0	  0	  0	  0	  0	  0	  0	  5	21822	  0
02/02/2017	16:26:04	->	L	00000000	 23	 86	 57	 25	  0	315	  0	  4	  4	  4	  4	  4	  4	  4	  4	  0	  0	  0	  0	  0	  0	  0	  0	  0	  0	  0	  0	  0	  0	  0	  0	  0	  0	  0	  0	  0	  0	  0	  0	 76	 57	 38	 86	  0	 25	  0	  0	  0	  0	  0	  0	  0	  0	  0	  0	  0	  5	21822	  0
02/02/2017	16:31:03	->	L	00000000	 23	 83	 57	 29	  0	320	  0	  4	  4	  4	  4	  4	  4	  4	  4	  0	  0	  0	  0	  0	  0	  0	  0	  0	  0	  0	  0	  0	  0	  0	  0	  0	  0	  0	  0	  0	  0	  0	  0	 75	 57	 40	 83	  0	 29	  0	  0	  0	  0	  0	  0	  0	  0	  0	  0	  0	  5	21822	  0
