17/03/2017	04:26:10	<-	L	00000000	210	 86	 49	 17	  0	 75	  0	  4	  4	  4	  4	  4	  4	  4	  4	  0	  0	  0	  0	  0	  0	  0	  0	  0	  0	  0	  0	  0	  0	  0	  0	  0	  0	  0	  0	  0	  0	  0	  0	 86	 49	 17	 83	  0	 19	  0	  0	  0	  0	  0	  0	  0	  0	  0	  0	  0	  5	21809	  0
17/03/2017	04:31:10	<-	L	00000000	210	 87	 49	 17	  0	 80	  0	  4	  4	  4	  4	  4	  4	  4	  4	  0	  0	  0	  0	  0	  0	  0	  0	  0	  0	  0	  0	  0	  0	  0	  0	  0	  0	  0	  0	  0	  0	  0	  0	 87	 49	 16	 83	  0	 19	  0	  0	  0	  0	  0	  0	  0	  0	  0	  0	  0	  5	21809	  0
17/03/2017	04:36:10	<-	L	00000000	210	 84	 48	 17	  0	 85	  0	  4	  4	  4	  4	  4	  4	  4	  4	  0	  0	  0	  0	  0	  0	  0	  0	  0	  0	  0	  0	  0	  0	  0	  0	  0	  0	  0	  0	  0	  0	  0	  0	 84	 48	 17	 82	  0	 19	  0	  0	  0	  0	  0	  0	  0	  0	  0	  0	  0	  5	21809	  0
17/03/2017	04:41:10	<-	L	00000000	210	 86	 49	 17	  0	 90	  0	  4	  4	  4	  4	  4	  4	  4	  4	  0	  0	  0	  0	  0	  0	  0	  0	  0	  0	  0	  0	  0	  0	  0	  0	  0	  0	  0	  0	  0	  0	  0	  0	 86	 49	 17	 83	  0	 19	  0	  0	  0	  0	  0	  0	  0	  0	  0	  0	  0	  5	21809	  0
17/03/2017	04:46:10	<-	L	00000000	210	 87	 49	 16	  0	 95	  0	  4	  4	  4	  4	  4	  4	  4	  4	  0	  0	  0	  0	  0	  0	  0	  0	  0	  0	  0	  0	  0	  0	  0	  0	  0	  0	  0	  0	  0	  0	  0	  0	 87	 49	 16	 83	  0	 19	  0	  0	  0	  0	  0	  0	  0	  0	  0	  0	  0	  5	21809	  0
17/03/2017	04:51:10	<-	L	00000000	210	 85	 49	 18	  0	100	  0	  4	  4	  4	  4	  4	  4	  4	  4	  0	  0	  0	  0	  0	  0	  0	  0	  0	  0	  0	  0	  0	  0	  0	  0	  0	  0	  0	  0	  0	  0	  0	  0	 85	 49	 18	 83	  0	 19	  0	  0	  0	  0	  0	  0	  0	  0	  0	  0	  0	  5	21809	  0
17/03/2017	04:56:10	<-	L	00000000	210	 89	 49	 15	  0	105	  0	  4	  4	  4	  4	  4	  4	  4	  4	  0	  0	  0	  0	  0	  0	  0	  0	  0	  0	  0	  0	  0	  0	  0	  0	  0	  0	  0	  0	  0	  0	  0	  0	 89	 49	 15	 83	  0	 19	  0	  0	  0	  0	  0	  0	  0	  0	  0	  0	  0	  5	21809	  0
17/03/2017	05:01:10	<-	L	00000000	210	 84	 48	 17	  0	110	  0	  4	  4	  4	  4	  4	  4	  4	  4	  0	  0	  0	  0	  0	  0	  0	  0	  0	  0	  0	  0	  0	  0	  0	  0	  0	  0	  0	  0	  0	  0	  0	  0	 84	 48	 17	 83	  0	 18	  0	  0	  0	  0	  0	  0	  0	  0	  0	  0	  0	  5	21809	  0
17/03/2017	05:06:10	<-	L	00000000	210	 89	 49	 15	  0	115	  0	  4	  4	  4	  4	  4	  4	  4	  4	  0	  0	  0	  0	  0	  0	  0	  0	  0	  0	  0	  0	  0	  0	  0	  0	  0	  0	  0	  0	  0	  0	  0	  0	 89	 49	 15	 84	  0	 18	  0	  0	  0	  0	  0	  0	  0	  0	  0	  0	  0	  5	21809	  0
17/03/2017	05:11:10	<-	L	00000000	210	 85	 49	 18	  0	120	  0	  4	  4	  4	  4	  4	  4	  4	  4	  0	  0	  0	  0	  0	  0	  0	  0	  0	  0	  0	  0	  0	  0	  0	  0	  0	  0	  0	  0	  0	  0	  0	  0	 85	 49	 18	 83	  0	 19	  0	  0	  0	  0	  0	  0	  0	  0	  0	  0	  0	  5	21809	  0
17/03/2017	05:16:10	<-	L	00000000	210	 86	 48	 17	  0	125	  0	  4	  4	  4	  4	  4	  4	  4	  4	  0	  0	  0	  0	  0	  0	  0	  0	  0	  0	  0	  0	  0	  0	  0	  0	  0	  0	  0	  0	  0	  0	  0	  0	 86	 48	 16	 83	  0	 18	  0	  0	  0	  0	  0	  0	  0	  0	  0	  0	  0	  5	21809	  0
17/03/2017	05:21:11	<-	L	00000000	210	 88	 49	 16	  0	130	  0	  4	  4	  4	  4	  4	  4	  4	  4	  0	  0	  0	  0	  0	  0	  0	  0	  0	  0	  0	  0	  0	  0	  0	  0	  0	  0	  0	  0	  0	  0	  0	  0	 88	 49	 16	 84	  0	 18	  0	  0	  0	  0	  0	  0	  0	  0	  0	  0	  0	  5	21809	  0
17/03/2017	05:26:11	<-	L	00000000	210	 84	 48	 17	  0	135	  0	  4	  4	  4	  4	  4	  4	  4	  4	  0	  0	  0	  0	  0	  0	  0	  0	  0	  0	  0	  0	  0	  0	  0	  0	  0	  0	  0	  0	  0	  0	  0	  0	 84	 48	 17	 83	  0	 18	  0	  0	  0	  0	  0	  0	  0	  0	  0	  0	  0	  5	21809	  0
17/03/2017	05:31:11	<-	L	00000000	210	 90	 49	 15	  0	140	  0	  4	  4	  4	  4	  4	  4	  4	  4	  0	  0	  0	  0	  0	  0	  0	  0	  0	  0	  0	  0	  0	  0	  0	  0	  0	  0	  0	  0	  0	  0	  0	  0	 90	 49	 15	 84	  0	 18	  0	  0	  0	  0	  0	  0	  0	  0	  0	  0	  0	  5	21809	  0
17/03/2017	05:36:11	<-	L	00000000	210	 88	 49	 15	  0	145	  0	  4	  4	  4	  4	  4	  4	  4	  4	  0	  0	  0	  0	  0	  0	  0	  0	  0	  0	  0	  0	  0	  0	  0	  0	  0	  0	  0	  0	  0	  0	  0	  0	 88	 49	 16	 84	  0	 18	  0	  0	  0	  0	  0	  0	  0	  0	  0	  0	  0	  5	21809	  0
17/03/2017	05:41:10	<-	L	00000000	210	 84	 48	 17	  0	150	  0	  4	  4	  4	  4	  4	  4	  4	  4	  0	  0	  0	  0	  0	  0	  0	  0	  0	  0	  0	  0	  0	  0	  0	  0	  0	  0	  0	  0	  0	  0	  0	  0	 84	 48	 17	 83	  0	 18	  0	  0	  0	  0	  0	  0	  0	  0	  0	  0	  0	  5	21809	  0
17/03/2017	05:49:36	<-	L	00000000	210	 89	 49	 15	  0	159	  0	  4	  4	  4	  4	  4	  4	  4	  4	  0	  0	  0	  0	  0	  0	  0	  0	  0	  0	  0	  0	  0	  0	  0	  0	  0	  0	  0	  0	  0	  0	  0	  0	 89	 49	 15	 84	  0	 18	  0	  0	  0	  0	  0	  0	  0	  0	  0	  0	  0	  5	21809	  0
17/03/2017	05:54:37	<-	L	00000000	210	 86	 49	 16	  0	164	  0	  4	  4	  4	  4	  4	  4	  4	  4	  0	  0	  0	  0	  0	  0	  0	  0	  0	  0	  0	  0	  0	  0	  0	  0	  0	  0	  0	  0	  0	  0	  0	  0	 86	 49	 17	 84	  0	 18	  0	  0	  0	  0	  0	  0	  0	  0	  0	  0	  0	  5	21809	  0
17/03/2017	05:59:37	<-	L	00000000	210	 84	 48	 17	  0	169	  0	  4	  4	  4	  4	  4	  4	  4	  4	  0	  0	  0	  0	  0	  0	  0	  0	  0	  0	  0	  0	  0	  0	  0	  0	  0	  0	  0	  0	  0	  0	  0	  0	 84	 48	 17	 83	  0	 18	  0	  0	  0	  0	  0	  0	  0	  0	  0	  0	  0	  5	21809	  0
17/03/2017	06:04:37	<-	L	00000000	210	 89	 49	 15	  0	174	  0	  4	  4	  4	  4	  4	  4	  4	  4	  0	  0	  0	  0	  0	  0	  0	  0	  0	  0	  0	  0	  0	  0	  0	  0	  0	  0	  0	  0	  0	  0	  0	  0	 89	 49	 15	 84	  0	 18	  0	  0	  0	  0	  0	  0	  0	  0	  0	  0	  0	  5	21809	  0
17/03/2017	06:09:37	<-	L	00000000	210	 86	 49	 17	  0	179	  0	  4	  4	  4	  4	  4	  4	  4	  4	  0	  0	  0	  0	  0	  0	  0	  0	  0	  0	  0	  0	  0	  0	  0	  0	  0	  0	  0	  0	  0	  0	  0	  0	 86	 49	 17	 84	  0	 18	  0	  0	  0	  0	  0	  0	  0	  0	  0	  0	  0	  5	21809	  0
17/03/2017	06:14:37	<-	L	00000000	210	 84	 48	 17	  0	184	  0	  4	  4	  4	  4	  4	  4	  4	  4	  0	  0	  0	  0	  0	  0	  0	  0	  0	  0	  0	  0	  0	  0	  0	  0	  0	  0	  0	  0	  0	  0	  0	  0	 84	 48	 17	 83	  0	 18	  0	  0	  0	  0	  0	  0	  0	  0	  0	  0	  0	  5	21809	  0
17/03/2017	06:19:36	->	L	00000000	210	 87	 49	 16	  0	189	  0	  4	  4	  4	  4	  4	  4	  4	  4	  0	  0	  0	  0	  0	  0	  0	  0	  0	  0	  0	  0	  0	  0	  0	  0	  0	  0	  0	  0	  0	  0	  0	  0	 87	 49	 16	 84	  0	 18	  0	  0	  0	  0	  0	  0	  0	  0	  0	  0	  0	  5	21809	  0
17/03/2017	06:24:36	->	L	00000000	210	 85	 49	 18	  0	194	  0	  4	  4	  4	  4	  4	  4	  4	  4	  0	  0	  0	  0	  0	  0	  0	  0	  0	  0	  0	  0	  0	  0	  0	  0	  0	  0	  0	  0	  0	  0	  0	  0	 84	 49	 18	 85	  0	 18	  0	  0	  0	  0	  0	  0	  0	  0	  0	  0	  0	  5	21809	  0
17/03/2017	06:29:37	->	L	00000000	210	 88	 48	 15	  0	199	  0	  4	  4	  4	  4	  4	  4	  4	  4	  0	  0	  0	  0	  0	  0	  0	  0	  0	  0	  0	  0	  0	  0	  0	  0	  0	  0	  0	  0	  0	  0	  0	  0	 84	 48	 17	 88	  0	 15	  0	  0	  0	  0	  0	  0	  0	  0	  0	  0	  0	  5	21809	  0
17/03/2017	06:34:37	->	L	00000000	210	 84	 48	 17	  0	204	  0	  4	  4	  4	  4	  4	  4	  4	  4	  0	  0	  0	  0	  0	  0	  0	  0	  0	  0	  0	  0	  0	  0	  0	  0	  0	  0	  0	  0	  0	  0	  0	  0	 84	 48	 17	 84	  0	 17	  0	  0	  0	  0	  0	  0	  0	  0	  0	  0	  0	  5	21809	  0
17/03/2017	06:39:37	->	L	00000000	210	 88	 48	 15	  0	209	  0	  4	  4	  4	  4	  4	  4	  4	  4	  0	  0	  0	  0	  0	  0	  0	  0	  0	  0	  0	  0	  0	  0	  0	  0	  0	  0	  0	  0	  0	  0	  0	  0	 84	 48	 17	 88	  0	 15	  0	  0	  0	  0	  0	  0	  0	  0	  0	  0	  0	  5	21809	  0
17/03/2017	06:44:37	->	L	00000000	210	 86	 48	 15	  0	214	  0	  4	  4	  4	  4	  4	  4	  4	  4	  0	  0	  0	  0	  0	  0	  0	  0	  0	  0	  0	  0	  0	  0	  0	  0	  0	  0	  0	  0	  0	  0	  0	  0	 84	 48	 17	 86	  0	 16	  0	  0	  0	  0	  0	  0	  0	  0	  0	  0	  0	  5	21809	  0
17/03/2017	06:49:37	->	L	00000000	210	 84	 48	 17	  0	219	  0	  4	  4	  4	  4	  4	  4	  4	  4	  0	  0	  0	  0	  0	  0	  0	  0	  0	  0	  0	  0	  0	  0	  0	  0	  0	  0	  0	  0	  0	  0	  0	  0	 84	 48	 17	 84	  0	 17	  0	  0	  0	  0	  0	  0	  0	  0	  0	  0	  0	  5	21809	  0
17/03/2017	06:54:37	->	L	00000000	210	 89	 48	 15	  0	224	  0	  4	  4	  4	  4	  4	  4	  4	  4	  0	  0	  0	  0	  0	  0	  0	  0	  0	  0	  0	  0	  0	  0	  0	  0	  0	  0	  0	  0	  0	  0	  0	  0	 84	 48	 17	 89	  0	 14	  0	  0	  0	  0	  0	  0	  0	  0	  0	  0	  0	  5	21809	  0
17/03/2017	06:59:37	->	L	00000000	210	 86	 48	 15	  0	229	  0	  4	  4	  4	  4	  4	  4	  4	  4	  0	  0	  0	  0	  0	  0	  0	  0	  0	  0	  0	  0	  0	  0	  0	  0	  0	  0	  0	  0	  0	  0	  0	  0	 84	 48	 17	 86	  0	 16	  0	  0	  0	  0	  0	  0	  0	  0	  0	  0	  0	  5	21809	  0
17/03/2017	07:04:37	->	L	00000000	210	 84	 48	 17	  0	234	  0	  4	  4	  4	  4	  4	  4	  4	  4	  0	  0	  0	  0	  0	  0	  0	  0	  0	  0	  0	  0	  0	  0	  0	  0	  0	  0	  0	  0	  0	  0	  0	  0	 84	 48	 17	 84	  0	 17	  0	  0	  0	  0	  0	  0	  0	  0	  0	  0	  0	  5	21809	  0
17/03/2017	07:09:37	->	L	00000000	210	 88	 48	 15	  0	239	  0	  4	  4	  4	  4	  4	  4	  4	  4	  0	  0	  0	  0	  0	  0	  0	  0	  0	  0	  0	  0	  0	  0	  0	  0	  0	  0	  0	  0	  0	  0	  0	  0	 84	 48	 17	 88	  0	 15	  0	  0	  0	  0	  0	  0	  0	  0	  0	  0	  0	  5	21809	  0
17/03/2017	07:14:37	->	L	00000000	210	 87	 48	 15	  0	244	  0	  4	  4	  4	  4	  4	  4	  4	  4	  0	  0	  0	  0	  0	  0	  0	  0	  0	  0	  0	  0	  0	  0	  0	  0	  0	  0	  0	  0	  0	  0	  0	  0	 84	 48	 17	 87	  0	 15	  0	  0	  0	  0	  0	  0	  0	  0	  0	  0	  0	  5	21809	  0
17/03/2017	07:19:37	->	L	00000000	210	 84	 48	 17	  0	249	  0	  4	  4	  4	  4	  4	  4	  4	  4	  0	  0	  0	  0	  0	  0	  0	  0	  0	  0	  0	  0	  0	  0	  0	  0	  0	  0	  0	  0	  0	  0	  0	  0	 84	 48	 17	 84	  0	 17	  0	  0	  0	  0	  0	  0	  0	  0	  0	  0	  0	  5	21809	  0
17/03/2017	07:24:37	->	L	00000000	210	 88	 48	 15	  0	254	  0	  4	  4	  4	  4	  4	  4	  4	  4	  0	  0	  0	  0	  0	  0	  0	  0	  0	  0	  0	  0	  0	  0	  0	  0	  0	  0	  0	  0	  0	  0	  0	  0	 84	 48	 17	 88	  0	 15	  0	  0	  0	  0	  0	  0	  0	  0	  0	  0	  0	  5	21809	  0
17/03/2017	07:29:37	->	L	00000000	210	 87	 48	 15	  0	259	  0	  4	  4	  4	  4	  4	  4	  4	  4	  0	  0	  0	  0	  0	  0	  0	  0	  0	  0	  0	  0	  0	  0	  0	  0	  0	  0	  0	  0	  0	  0	  0	  0	 84	 48	 17	 87	  0	 15	  0	  0	  0	  0	  0	  0	  0	  0	  0	  0	  0	  5	21809	  0
17/03/2017	07:34:37	->	L	00000000	210	 85	 48	 17	  0	264	  0	  4	  4	  4	  4	  4	  4	  4	  4	  0	  0	  0	  0	  0	  0	  0	  0	  0	  0	  0	  0	  0	  0	  0	  0	  0	  0	  0	  0	  0	  0	  0	  0	 84	 48	 17	 85	  0	 17	  0	  0	  0	  0	  0	  0	  0	  0	  0	  0	  0	  5	21809	  0
17/03/2017	07:39:37	->	L	00000000	210	 85	 48	 17	  0	269	  0	  4	  4	  4	  4	  4	  4	  4	  4	  0	  0	  0	  0	  0	  0	  0	  0	  0	  0	  0	  0	  0	  0	  0	  0	  0	  0	  0	  0	  0	  0	  0	  0	 84	 48	 17	 85	  0	 17	  0	  0	  0	  0	  0	  0	  0	  0	  0	  0	  0	  5	21809	  0
17/03/2017	07:44:37	->	L	00000000	210	 88	 48	 15	  0	274	  0	  4	  4	  4	  4	  4	  4	  4	  4	  0	  0	  0	  0	  0	  0	  0	  0	  0	  0	  0	  0	  0	  0	  0	  0	  0	  0	  0	  0	  0	  0	  0	  0	 84	 48	 17	 88	  0	 15	  0	  0	  0	  0	  0	  0	  0	  0	  0	  0	  0	  5	21809	  0
17/03/2017	07:49:37	->	L	00000000	210	 87	 48	 15	  0	279	  0	  4	  4	  4	  4	  4	  4	  4	  4	  0	  0	  0	  0	  0	  0	  0	  0	  0	  0	  0	  0	  0	  0	  0	  0	  0	  0	  0	  0	  0	  0	  0	  0	 85	 48	 17	 87	  0	 15	  0	  0	  0	  0	  0	  0	  0	  0	  0	  0	  0	  5	21809	  0
17/03/2017	07:54:37	->	L	00000000	210	 85	 48	 16	  0	284	  0	  4	  4	  4	  4	  4	  4	  4	  4	  0	  0	  0	  0	  0	  0	  0	  0	  0	  0	  0	  0	  0	  0	  0	  0	  0	  0	  0	  0	  0	  0	  0	  0	 84	 48	 17	 85	  0	 17	  0	  0	  0	  0	  0	  0	  0	  0	  0	  0	  0	  5	21809	  0
17/03/2017	07:59:37	->	L	00000000	210	 85	 48	 17	  0	289	  0	  4	  4	  4	  4	  4	  4	  4	  4	  0	  0	  0	  0	  0	  0	  0	  0	  0	  0	  0	  0	  0	  0	  0	  0	  0	  0	  0	  0	  0	  0	  0	  0	 84	 48	 17	 85	  0	 17	  0	  0	  0	  0	  0	  0	  0	  0	  0	  0	  0	  5	21809	  0
17/03/2017	08:04:37	->	L	00000000	210	 89	 48	 14	  0	294	  0	  4	  4	  4	  4	  4	  4	  4	  4	  0	  0	  0	  0	  0	  0	  0	  0	  0	  0	  0	  0	  0	  0	  0	  0	  0	  0	  0	  0	  0	  0	  0	  0	 85	 48	 17	 89	  0	 14	  0	  0	  0	  0	  0	  0	  0	  0	  0	  0	  0	  5	21809	  0
17/03/2017	08:09:37	->	L	00000000	210	 88	 48	 15	  0	299	  0	  4	  4	  4	  4	  4	  4	  4	  4	  0	  0	  0	  0	  0	  0	  0	  0	  0	  0	  0	  0	  0	  0	  0	  0	  0	  0	  0	  0	  0	  0	  0	  0	 85	 48	 17	 88	  0	 15	  0	  0	  0	  0	  0	  0	  0	  0	  0	  0	  0	  5	21809	  0
17/03/2017	08:14:37	->	L	00000000	210	 87	 49	 16	  0	304	  0	  4	  4	  4	  4	  4	  4	  4	  4	  0	  0	  0	  0	  0	  0	  0	  0	  0	  0	  0	  0	  0	  0	  0	  0	  0	  0	  0	  0	  0	  0	  0	  0	 85	 49	 18	 87	  0	 16	  0	  0	  0	  0	  0	  0	  0	  0	  0	  0	  0	  5	21809	  0
17/03/2017	08:34:37	  	L	00000000	210	 63	 39	 22	  0	307	  0	  4	  4	  4	  4	  4	  4	  4	  4	  0	  0	  0	  0	  0	  0	  0	  0	  0	  0	  0	  0	  0	  0	  0	  0	  0	  0	  0	  0	  0	  0	  0	  0	 62	 39	 22	 63	  0	 22	  0	  0	  0	  0	  0	  0	  0	  0	  0	  0	  0	  5	21809	  0
17/03/2017	08:39:37	->	L	00000000	210	 88	 46	 12	  0	312	  0	  4	  4	  4	  4	  4	  4	  4	  4	  0	  0	  0	  0	  0	  0	  0	  0	  0	  0	  0	  0	  0	  0	  0	  0	  0	  0	  0	  0	  0	  0	  0	  0	 81	 46	 17	 88	  0	 13	  0	  0	  0	  0	  0	  0	  0	  0	  0	  0	  0	  5	21809	  0
17/03/2017	08:44:37	<-	L	00000000	 30	 86	 48	 16	  0	  2	  0	  4	  4	  4	  4	  4	  4	  4	  4	  0	  0	  0	  0	  0	  0	  0	  0	  0	  0	  0	  0	  0	  0	  0	  0	  0	  0	  0	  0	  0	  0	  0	  0	 81	 48	 19	 86	  0	 16	  0	  0	  0	  0	  0	  0	  0	  0	  0	  0	  0	  5	20555	  1
17/03/2017	08:49:37	<-	L	00000000	 30	 83	 48	 18	  0	  7	  0	  4	  4	  4	  4	  4	  4	  4	  4	  0	  0	  0	  0	  0	  0	  0	  0	  0	  0	  0	  0	  0	  0	  0	  0	  0	  0	  0	  0	  0	  0	  0	  0	 83	 48	 18	 82	  0	 19	  0	  0	  0	  0	  0	  0	  0	  0	  0	  0	  0	  5	20555	  1
17/03/2017	08:54:37	<-	L	00000000	 30	 84	 56	 26	  0	 12	  0	  4	  4	  4	  4	  4	  4	  4	  4	  0	  0	  0	  0	  0	  0	  0	  0	  0	  0	  0	  0	  0	  0	  0	  0	  0	  0	  0	  0	  0	  0	  0	  0	 84	 56	 26	 84	  0	 26	  0	  0	  0	  0	  0	  0	  0	  0	  0	  0	  0	  5	20555	  1
17/03/2017	08:59:37	<-	L	00000000	 30	 86	 65	 36	  0	 17	  0	  4	  4	  4	  4	  4	  4	  4	  4	  0	  0	  0	  0	  0	  0	  0	  0	  0	  0	  0	  0	  0	  0	  0	  0	  0	  0	  0	  0	  0	  0	  0	  0	 86	 65	 37	 86	  0	 37	  0	  0	  0	  0	  0	  0	  0	  0	  0	  0	  0	  5	20555	  1
17/03/2017	09:04:37	<-	L	00000000	 30	 88	 68	 41	  0	 22	  0	  4	  4	  4	  4	  4	  4	  4	  4	  0	  0	  0	  0	  0	  0	  0	  0	  0	  0	  0	  0	  0	  0	  0	  0	  0	  0	  0	  0	  0	  0	  0	  0	 87	 68	 43	 88	  0	 41	  0	  0	  0	  0	  0	  0	  0	  0	  0	  0	  0	  5	20555	  1
17/03/2017	09:09:37	<-	L	00000000	 30	 89	 70	 43	  0	 27	  0	  4	  4	  4	  4	  4	  4	  4	  4	  0	  0	  0	  0	  0	  0	  0	  0	  0	  0	  0	  0	  0	  0	  0	  0	  0	  0	  0	  0	  0	  0	  0	  0	 88	 70	 46	 89	  0	 43	  0	  0	  0	  0	  0	  0	  0	  0	  0	  0	  0	  5	20555	  1
17/03/2017	09:14:37	<-	L	00000000	 30	 90	 71	 44	  0	 32	  0	  4	  4	  4	  4	  4	  4	  4	  4	  0	  0	  0	  0	  0	  0	  0	  0	  0	  0	  0	  0	  0	  0	  0	  0	  0	  0	  0	  0	  0	  0	  0	  0	 89	 71	 46	 90	  0	 44	  0	  0	  0	  0	  0	  0	  0	  0	  0	  0	  0	  5	20555	  1
17/03/2017	09:19:37	<-	L	00000000	 30	 91	 72	 44	  0	 37	  0	  4	  4	  4	  4	  4	  4	  4	  4	  0	  0	  0	  0	  0	  0	  0	  0	  0	  0	  0	  0	  0	  0	  0	  0	  0	  0	  0	  0	  0	  0	  0	  0	 90	 72	 46	 91	  0	 44	  0	  0	  0	  0	  0	  0	  0	  0	  0	  0	  0	  5	20555	  1
17/03/2017	09:24:38	<-	L	00000000	 30	 90	 68	 39	  0	 42	  0	  4	  4	  4	  4	  4	  4	  4	  4	  0	  0	  0	  0	  0	  0	  0	  0	  0	  0	  0	  0	  0	  0	  0	  0	  0	  0	  0	  0	  0	  0	  0	  0	 89	 68	 38	 90	  0	 39	  0	  0	  0	  0	  0	  0	  0	  0	  0	  0	  0	  5	20555	  1
17/03/2017	09:29:38	<-	L	00000000	 30	 90	 68	 39	  0	 47	  0	  4	  4	  4	  4	  4	  4	  4	  4	  0	  0	  0	  0	  0	  0	  0	  0	  0	  0	  0	  0	  0	  0	  0	  0	  0	  0	  0	  0	  0	  0	  0	  0	 89	 68	 38	 90	  0	 39	  0	  0	  0	  0	  0	  0	  0	  0	  0	  0	  0	  5	20555	  1
17/03/2017	09:34:38	<-	L	00000000	 30	 90	 69	 39	  0	 52	  0	  4	  4	  4	  4	  4	  4	  4	  4	  0	  0	  0	  0	  0	  0	  0	  0	  0	  0	  0	  0	  0	  0	  0	  0	  0	  0	  0	  0	  0	  0	  0	  0	 90	 69	 39	 90	  0	 39	  0	  0	  0	  0	  0	  0	  0	  0	  0	  0	  0	  5	20555	  1
17/03/2017	09:39:38	<-	L	00000000	 30	 90	 68	 39	  0	 57	  0	  4	  4	  4	  4	  4	  4	  4	  4	  0	  0	  0	  0	  0	  0	  0	  0	  0	  0	  0	  0	  0	  0	  0	  0	  0	  0	  0	  0	  0	  0	  0	  0	 89	 68	 38	 90	  0	 39	  0	  0	  0	  0	  0	  0	  0	  0	  0	  0	  0	  5	20555	  1
17/03/2017	09:44:38	<-	L	00000000	 30	 89	 66	 34	  0	 62	  0	  4	  4	  4	  4	  4	  4	  4	  4	  0	  0	  0	  0	  0	  0	  0	  0	  0	  0	  0	  0	  0	  0	  0	  0	  0	  0	  0	  0	  0	  0	  0	  0	 89	 66	 34	 89	  0	 34	  0	  0	  0	  0	  0	  0	  0	  0	  0	  0	  0	  5	20555	  1
17/03/2017	09:49:38	<-	L	00000000	 30	 89	 65	 34	  0	 67	  0	  4	  4	  4	  4	  4	  4	  4	  4	  0	  0	  0	  0	  0	  0	  0	  0	  0	  0	  0	  0	  0	  0	  0	  0	  0	  0	  0	  0	  0	  0	  0	  0	 89	 65	 34	 89	  0	 34	  0	  0	  0	  0	  0	  0	  0	  0	  0	  0	  0	  5	20555	  1
17/03/2017	09:54:38	<-	L	00000000	 30	 88	 64	 34	  0	 72	  0	  4	  4	  4	  4	  4	  4	  4	  4	  0	  0	  0	  0	  0	  0	  0	  0	  0	  0	  0	  0	  0	  0	  0	  0	  0	  0	  0	  0	  0	  0	  0	  0	 88	 64	 34	 88	  0	 34	  0	  0	  0	  0	  0	  0	  0	  0	  0	  0	  0	  5	20555	  1
17/03/2017	09:59:38	<-	L	00000000	 30	 88	 63	 31	  0	 77	  0	  4	  4	  4	  4	  4	  4	  4	  4	  0	  0	  0	  0	  0	  0	  0	  0	  0	  0	  0	  0	  0	  0	  0	  0	  0	  0	  0	  0	  0	  0	  0	  0	 88	 63	 31	 88	  0	 31	  0	  0	  0	  0	  0	  0	  0	  0	  0	  0	  0	  5	20555	  1
17/03/2017	10:04:38	<-	L	00000000	 30	 87	 63	 33	  0	 82	  0	  4	  4	  4	  4	  4	  4	  4	  4	  0	  0	  0	  0	  0	  0	  0	  0	  0	  0	  0	  0	  0	  0	  0	  0	  0	  0	  0	  0	  0	  0	  0	  0	 87	 63	 33	 87	  0	 33	  0	  0	  0	  0	  0	  0	  0	  0	  0	  0	  0	  5	20555	  1
17/03/2017	10:09:38	<-	L	00000000	 30	 88	 65	 34	  0	 87	  0	  4	  4	  4	  4	  4	  4	  4	  4	  0	  0	  0	  0	  0	  0	  0	  0	  0	  0	  0	  0	  0	  0	  0	  0	  0	  0	  0	  0	  0	  0	  0	  0	 88	 65	 34	 88	  0	 34	  0	  0	  0	  0	  0	  0	  0	  0	  0	  0	  0	  5	20555	  1
17/03/2017	10:14:38	<-	L	00000000	 30	 88	 66	 37	  0	 92	  0	  4	  4	  4	  4	  4	  4	  4	  4	  0	  0	  0	  0	  0	  0	  0	  0	  0	  0	  0	  0	  0	  0	  0	  0	  0	  0	  0	  0	  0	  0	  0	  0	 88	 66	 37	 88	  0	 37	  0	  0	  0	  0	  0	  0	  0	  0	  0	  0	  0	  5	20555	  1
17/03/2017	10:19:38	<-	L	00000000	 30	 88	 68	 41	  0	 97	  0	  4	  4	  4	  4	  4	  4	  4	  4	  0	  0	  0	  0	  0	  0	  0	  0	  0	  0	  0	  0	  0	  0	  0	  0	  0	  0	  0	  0	  0	  0	  0	  0	 88	 68	 41	 88	  0	 41	  0	  0	  0	  0	  0	  0	  0	  0	  0	  0	  0	  5	20555	  1
17/03/2017	10:24:38	<-	L	00000000	 30	 89	 69	 42	  0	102	  0	  4	  4	  4	  4	  4	  4	  4	  4	  0	  0	  0	  0	  0	  0	  0	  0	  0	  0	  0	  0	  0	  0	  0	  0	  0	  0	  0	  0	  0	  0	  0	  0	 89	 69	 42	 89	  0	 42	  0	  0	  0	  0	  0	  0	  0	  0	  0	  0	  0	  5	20555	  1
17/03/2017	10:29:37	<-	L	00000000	 30	 89	 70	 43	  0	107	  0	  4	  4	  4	  4	  4	  4	  4	  4	  0	  0	  0	  0	  0	  0	  0	  0	  0	  0	  0	  0	  0	  0	  0	  0	  0	  0	  0	  0	  0	  0	  0	  0	 89	 70	 43	 89	  0	 43	  0	  0	  0	  0	  0	  0	  0	  0	  0	  0	  0	  5	20555	  1
17/03/2017	10:34:37	<-	L	00000000	 30	 89	 70	 43	  0	112	  0	  4	  4	  4	  4	  4	  4	  4	  4	  0	  0	  0	  0	  0	  0	  0	  0	  0	  0	  0	  0	  0	  0	  0	  0	  0	  0	  0	  0	  0	  0	  0	  0	 89	 70	 43	 89	  0	 43	  0	  0	  0	  0	  0	  0	  0	  0	  0	  0	  0	  5	20555	  1
17/03/2017	10:39:37	<-	L	00000000	 30	 90	 71	 44	  0	117	  0	  4	  4	  4	  4	  4	  4	  4	  4	  0	  0	  0	  0	  0	  0	  0	  0	  0	  0	  0	  0	  0	  0	  0	  0	  0	  0	  0	  0	  0	  0	  0	  0	 89	 71	 46	 90	  0	 44	  0	  0	  0	  0	  0	  0	  0	  0	  0	  0	  0	  5	20555	  1
17/03/2017	10:44:37	->	L	00000000	 40	 89	 72	 46	  0	  1	  0	  4	  4	  4	  4	  4	  4	  4	  4	  0	  0	  0	  0	  0	  0	  0	  0	  0	  0	  0	  0	  0	  0	  0	  0	  0	  0	  0	  0	  0	  0	  0	  0	 89	 72	 48	 89	  0	 48	  0	  0	  0	  0	  0	  0	  0	  0	  0	  0	  0	  5	15400	  0
17/03/2017	10:49:37	->	L	00000000	 40	 89	 68	 42	  0	  6	  0	  4	  4	  4	  4	  4	  4	  4	  4	  0	  0	  0	  0	  0	  0	  0	  0	  0	  0	  0	  0	  0	  0	  0	  0	  0	  0	  0	  0	  0	  0	  0	  0	 89	 68	 38	 87	  0	 43	  0	  0	  0	  0	  0	  0	  0	  0	  0	  0	  0	  5	15400	  0
17/03/2017	10:54:37	->	L	00000000	 40	 86	 58	 27	  0	 11	  0	  4	  4	  4	  4	  4	  4	  4	  4	  0	  0	  0	  0	  0	  0	  0	  0	  0	  0	  0	  0	  0	  0	  0	  0	  0	  0	  0	  0	  0	  0	  0	  0	 86	 58	 27	 82	  0	 31	  0	  0	  0	  0	  0	  0	  0	  0	  0	  0	  0	  5	15400	  0
17/03/2017	10:59:37	->	L	00000000	 40	 84	 54	 24	  0	 16	  0	  4	  4	  4	  4	  4	  4	  4	  4	  0	  0	  0	  0	  0	  0	  0	  0	  0	  0	  0	  0	  0	  0	  0	  0	  0	  0	  0	  0	  0	  0	  0	  0	 84	 54	 23	 80	  0	 28	  0	  0	  0	  0	  0	  0	  0	  0	  0	  0	  0	  5	15400	  0
17/03/2017	11:04:37	->	L	00000000	 40	 82	 52	 23	  0	 21	  0	  4	  4	  4	  4	  4	  4	  4	  4	  0	  0	  0	  0	  0	  0	  0	  0	  0	  0	  0	  0	  0	  0	  0	  0	  0	  0	  0	  0	  0	  0	  0	  0	 82	 52	 23	 79	  0	 25	  0	  0	  0	  0	  0	  0	  0	  0	  0	  0	  0	  5	15400	  0
17/03/2017	11:09:37	->	L	00000000	 40	 80	 50	 22	  0	 26	  0	  4	  4	  4	  4	  4	  4	  4	  4	  0	  0	  0	  0	  0	  0	  0	  0	  0	  0	  0	  0	  0	  0	  0	  0	  0	  0	  0	  0	  0	  0	  0	  0	 80	 50	 22	 77	  0	 24	  0	  0	  0	  0	  0	  0	  0	  0	  0	  0	  0	  5	15400	  0
17/03/2017	11:14:37	->	L	00000000	 40	 79	 48	 20	  0	 31	  0	  4	  4	  4	  4	  4	  4	  4	  4	  0	  0	  0	  0	  0	  0	  0	  0	  0	  0	  0	  0	  0	  0	  0	  0	  0	  0	  0	  0	  0	  0	  0	  0	 79	 48	 20	 76	  0	 22	  0	  0	  0	  0	  0	  0	  0	  0	  0	  0	  0	  5	15400	  0
17/03/2017	11:19:37	->	L	00000000	 40	 78	 47	 20	  0	 36	  0	  4	  4	  4	  4	  4	  4	  4	  4	  0	  0	  0	  0	  0	  0	  0	  0	  0	  0	  0	  0	  0	  0	  0	  0	  0	  0	  0	  0	  0	  0	  0	  0	 78	 47	 20	 75	  0	 22	  0	  0	  0	  0	  0	  0	  0	  0	  0	  0	  0	  5	15400	  0
17/03/2017	11:24:37	->	L	00000000	 40	 77	 46	 19	  0	 41	  0	  4	  4	  4	  4	  4	  4	  4	  4	  0	  0	  0	  0	  0	  0	  0	  0	  0	  0	  0	  0	  0	  0	  0	  0	  0	  0	  0	  0	  0	  0	  0	  0	 77	 46	 19	 74	  0	 22	  0	  0	  0	  0	  0	  0	  0	  0	  0	  0	  0	  5	15400	  0
17/03/2017	11:29:37	->	L	00000000	 40	 76	 45	 19	  0	 46	  0	  4	  4	  4	  4	  4	  4	  4	  4	  0	  0	  0	  0	  0	  0	  0	  0	  0	  0	  0	  0	  0	  0	  0	  0	  0	  0	  0	  0	  0	  0	  0	  0	 76	 45	 19	 74	  0	 20	  0	  0	  0	  0	  0	  0	  0	  0	  0	  0	  0	  5	15400	  0
17/03/2017	11:34:37	->	L	00000000	 40	 75	 44	 18	  0	 51	  0	  4	  4	  4	  4	  4	  4	  4	  4	  0	  0	  0	  0	  0	  0	  0	  0	  0	  0	  0	  0	  0	  0	  0	  0	  0	  0	  0	  0	  0	  0	  0	  0	 75	 44	 18	 73	  0	 20	  0	  0	  0	  0	  0	  0	  0	  0	  0	  0	  0	  5	15400	  0
17/03/2017	11:39:37	->	L	00000000	 40	 75	 44	 18	  0	 56	  0	  4	  4	  4	  4	  4	  4	  4	  4	  0	  0	  0	  0	  0	  0	  0	  0	  0	  0	  0	  0	  0	  0	  0	  0	  0	  0	  0	  0	  0	  0	  0	  0	 75	 44	 18	 73	  0	 20	  0	  0	  0	  0	  0	  0	  0	  0	  0	  0	  0	  5	15400	  0
17/03/2017	11:44:37	->	L	00000000	 50	 74	 43	 18	  0	  0	  0	  4	  4	  4	  4	  4	  4	  4	  4	  0	  0	  0	  0	  0	  0	  0	  0	  0	  0	  0	  0	  0	  0	  0	  0	  0	  0	  0	  0	  0	  0	  0	  0	 74	 43	 18	 72	  0	 19	  0	  0	  0	  0	  0	  0	  0	  0	  0	  0	  0	  5	18993	  0
17/03/2017	11:49:37	->	L	00000000	 50	 74	 45	 20	  0	  5	  0	  4	  4	  4	  4	  4	  4	  4	  4	  0	  0	  0	  0	  0	  0	  0	  0	  0	  0	  0	  0	  0	  0	  0	  0	  0	  0	  0	  0	  0	  0	  0	  0	 74	 45	 20	 74	  0	 20	  0	  0	  0	  0	  0	  0	  0	  0	  0	  0	  0	  5	18479	  0
17/03/2017	11:54:37	->	L	00000000	 50	 74	 46	 22	  0	 10	  0	  4	  4	  4	  4	  4	  4	  4	  4	  0	  0	  0	  0	  0	  0	  0	  0	  0	  0	  0	  0	  0	  0	  0	  0	  0	  0	  0	  0	  0	  0	  0	  0	 74	 46	 22	 74	  0	 22	  0	  0	  0	  0	  0	  0	  0	  0	  0	  0	  0	  5	17965	  0
17/03/2017	11:59:37	->	L	00000000	 50	 74	 45	 20	  0	 15	  0	  4	  4	  4	  4	  4	  4	  4	  4	  0	  0	  0	  0	  0	  0	  0	  0	  0	  0	  0	  0	  0	  0	  0	  0	  0	  0	  0	  0	  0	  0	  0	  0	 74	 45	 20	 73	  0	 21	  0	  0	  0	  0	  0	  0	  0	  0	  0	  0	  0	  5	17451	  0
17/03/2017	12:04:37	->	L	00000000	 50	 73	 44	 20	  0	 20	  0	  4	  4	  4	  4	  4	  4	  4	  4	  0	  0	  0	  0	  0	  0	  0	  0	  0	  0	  0	  0	  0	  0	  0	  0	  0	  0	  0	  0	  0	  0	  0	  0	 73	 44	 20	 72	  0	 21	  0	  0	  0	  0	  0	  0	  0	  0	  0	  0	  0	  5	16937	  0
17/03/2017	12:09:37	->	L	00000000	 50	 72	 43	 19	  0	 25	  0	  4	  4	  4	  4	  4	  4	  4	  4	  0	  0	  0	  0	  0	  0	  0	  0	  0	  0	  0	  0	  0	  0	  0	  0	  0	  0	  0	  0	  0	  0	  0	  0	 72	 43	 19	 71	  0	 20	  0	  0	  0	  0	  0	  0	  0	  0	  0	  0	  0	  5	16423	  0
17/03/2017	12:14:37	->	L	00000000	 50	 72	 42	 18	  0	 30	  0	  4	  4	  4	  4	  4	  4	  4	  4	  0	  0	  0	  0	  0	  0	  0	  0	  0	  0	  0	  0	  0	  0	  0	  0	  0	  0	  0	  0	  0	  0	  0	  0	 72	 42	 18	 70	  0	 20	  0	  0	  0	  0	  0	  0	  0	  0	  0	  0	  0	  5	15909	  0
17/03/2017	12:19:37	->	L	00000000	 50	 71	 40	 16	  0	 35	  0	  4	  4	  4	  4	  4	  4	  4	  4	  0	  0	  0	  0	  0	  0	  0	  0	  0	  0	  0	  0	  0	  0	  0	  0	  0	  0	  0	  0	  0	  0	  0	  0	 71	 40	 16	 69	  0	 17	  0	  0	  0	  0	  0	  0	  0	  0	  0	  0	  0	  5	15395	  0
17/03/2017	12:24:37	->	L	00000000	 50	 70	 39	 16	  0	 40	  0	  4	  4	  4	  4	  4	  4	  4	  4	  0	  0	  0	  0	  0	  0	  0	  0	  0	  0	  0	  0	  0	  0	  0	  0	  0	  0	  0	  0	  0	  0	  0	  0	 70	 39	 16	 68	  0	 17	  0	  0	  0	  0	  0	  0	  0	  0	  0	  0	  0	  5	14881	  0
17/03/2017	12:29:37	->	L	00000000	 50	 69	 39	 16	  0	 45	  0	  4	  4	  4	  4	  4	  4	  4	  4	  0	  0	  0	  0	  0	  0	  0	  0	  0	  0	  0	  0	  0	  0	  0	  0	  0	  0	  0	  0	  0	  0	  0	  0	 69	 39	 16	 68	  0	 17	  0	  0	  0	  0	  0	  0	  0	  0	  0	  0	  0	  5	14367	  0
17/03/2017	12:34:37	->	L	00000000	 50	 68	 38	 15	  0	 50	  0	  4	  4	  4	  4	  4	  4	  4	  4	  0	  0	  0	  0	  0	  0	  0	  0	  0	  0	  0	  0	  0	  0	  0	  0	  0	  0	  0	  0	  0	  0	  0	  0	 68	 38	 16	 67	  0	 16	  0	  0	  0	  0	  0	  0	  0	  0	  0	  0	  0	  5	13853	  0
17/03/2017	12:39:37	->	L	00000000	 50	 68	 38	 16	  0	 55	  0	  4	  4	  4	  4	  4	  4	  4	  4	  0	  0	  0	  0	  0	  0	  0	  0	  0	  0	  0	  0	  0	  0	  0	  0	  0	  0	  0	  0	  0	  0	  0	  0	 68	 38	 16	 66	  0	 17	  0	  0	  0	  0	  0	  0	  0	  0	  0	  0	  0	  5	13339	  0
17/03/2017	12:44:37	  	L	00000000	 50	 67	 37	 15	  0	 60	  0	  4	  4	  4	  4	  4	  4	  4	  4	  0	  0	  0	  0	  0	  0	  0	  0	  0	  0	  0	  0	  0	  0	  0	  0	  0	  0	  0	  0	  0	  0	  0	  0	 67	 37	 15	 66	  0	 16	  0	  0	  0	  0	  0	  0	  0	  0	  0	  0	  0	  5	12825	  0
