29/09/2017	08:39:50	  	L	00000000	210	 44	 29	 36	  0	  5	  0	  4	  4	  4	  4	  4	  4	  4	  4	  0	  0	  0	  0	  0	  0	  0	  0	  0	  0	  0	  0	  0	  0	  0	  0	  0	  0	  0	  0	  0	  0	  0	  0	 40	 29	 48	 44	  0	 36	  0	  0	  0	  0	  0	  0	  0	  0	  0	  0	  0	  5	21813	  0
29/09/2017	08:44:50	<-	L	00000000	210	 75	 39	 14	  0	 10	  0	  4	  4	  4	  4	  4	  4	  4	  4	  0	  0	  0	  0	  0	  0	  0	  0	  0	  0	  0	  0	  0	  0	  0	  0	  0	  0	  0	  0	  0	  0	  0	  0	 75	 39	 13	 55	  0	 37	  0	  0	  0	  0	  0	  0	  0	  0	  0	  0	  0	  5	21813	  0
29/09/2017	08:49:50	<-	L	00000000	210	 83	 44	 13	  0	 15	  0	  4	  4	  4	  4	  4	  4	  4	  4	  0	  0	  0	  0	  0	  0	  0	  0	  0	  0	  0	  0	  0	  0	  0	  0	  0	  0	  0	  0	  0	  0	  0	  0	 83	 44	 14	 60	  0	 39	  0	  0	  0	  0	  0	  0	  0	  0	  0	  0	  0	  5	21813	  0
29/09/2017	08:54:51	<-	L	00000000	210	 86	 46	 15	  0	 20	  0	  4	  4	  4	  4	  4	  4	  4	  4	  0	  0	  0	  0	  0	  0	  0	  0	  0	  0	  0	  0	  0	  0	  0	  0	  0	  0	  0	  0	  0	  0	  0	  0	 86	 46	 14	 62	  0	 40	  0	  0	  0	  0	  0	  0	  0	  0	  0	  0	  0	  5	21813	  0
29/09/2017	08:59:51	<-	L	00000000	210	 82	 47	 17	  0	 25	  0	  4	  4	  4	  4	  4	  4	  4	  4	  0	  0	  0	  0	  0	  0	  0	  0	  0	  0	  0	  0	  0	  0	  0	  0	  0	  0	  0	  0	  0	  0	  0	  0	 82	 47	 18	 64	  0	 37	  0	  0	  0	  0	  0	  0	  0	  0	  0	  0	  0	  5	21813	  0
29/09/2017	09:04:51	<-	L	00000000	210	 86	 48	 16	  0	 30	  0	  4	  4	  4	  4	  4	  4	  4	  4	  0	  0	  0	  0	  0	  0	  0	  0	  0	  0	  0	  0	  0	  0	  0	  0	  0	  0	  0	  0	  0	  0	  0	  0	 86	 48	 16	 66	  0	 36	  0	  0	  0	  0	  0	  0	  0	  0	  0	  0	  0	  5	21813	  0
29/09/2017	09:09:51	<-	L	00000000	210	 87	 49	 16	  0	 35	  0	  4	  4	  4	  4	  4	  4	  4	  4	  0	  0	  0	  0	  0	  0	  0	  0	  0	  0	  0	  0	  0	  0	  0	  0	  0	  0	  0	  0	  0	  0	  0	  0	 87	 49	 16	 67	  0	 37	  0	  0	  0	  0	  0	  0	  0	  0	  0	  0	  0	  5	21813	  0
29/09/2017	09:14:51	<-	L	00000000	210	 84	 50	 19	  0	 40	  0	  4	  4	  4	  4	  4	  4	  4	  4	  0	  0	  0	  0	  0	  0	  0	  0	  0	  0	  0	  0	  0	  0	  0	  0	  0	  0	  0	  0	  0	  0	  0	  0	 84	 50	 19	 67	  0	 39	  0	  0	  0	  0	  0	  0	  0	  0	  0	  0	  0	  5	21813	  0
29/09/2017	09:19:51	<-	L	00000000	210	 84	 51	 20	  0	 45	  0	  4	  4	  4	  4	  4	  4	  4	  4	  0	  0	  0	  0	  0	  0	  0	  0	  0	  0	  0	  0	  0	  0	  0	  0	  0	  0	  0	  0	  0	  0	  0	  0	 84	 51	 20	 68	  0	 39	  0	  0	  0	  0	  0	  0	  0	  0	  0	  0	  0	  5	21813	  0
29/09/2017	09:24:51	<-	L	00000000	210	 88	 52	 19	  0	 50	  0	  4	  4	  4	  4	  4	  4	  4	  4	  0	  0	  0	  0	  0	  0	  0	  0	  0	  0	  0	  0	  0	  0	  0	  0	  0	  0	  0	  0	  0	  0	  0	  0	 88	 52	 19	 70	  0	 38	  0	  0	  0	  0	  0	  0	  0	  0	  0	  0	  0	  5	21813	  0
29/09/2017	09:29:51	<-	L	00000000	210	 84	 52	 21	  0	 55	  0	  4	  4	  4	  4	  4	  4	  4	  4	  0	  0	  0	  0	  0	  0	  0	  0	  0	  0	  0	  0	  0	  0	  0	  0	  0	  0	  0	  0	  0	  0	  0	  0	 84	 52	 21	 70	  0	 38	  0	  0	  0	  0	  0	  0	  0	  0	  0	  0	  0	  5	21813	  0
29/09/2017	09:34:52	<-	L	00000000	210	 87	 53	 20	  0	 60	  0	  4	  4	  4	  4	  4	  4	  4	  4	  0	  0	  0	  0	  0	  0	  0	  0	  0	  0	  0	  0	  0	  0	  0	  0	  0	  0	  0	  0	  0	  0	  0	  0	 87	 53	 20	 71	  0	 39	  0	  0	  0	  0	  0	  0	  0	  0	  0	  0	  0	  5	21813	  0
29/09/2017	09:39:51	<-	L	00000000	210	 85	 53	 22	  0	 65	  0	  4	  4	  4	  4	  4	  4	  4	  4	  0	  0	  0	  0	  0	  0	  0	  0	  0	  0	  0	  0	  0	  0	  0	  0	  0	  0	  0	  0	  0	  0	  0	  0	 85	 53	 22	 71	  0	 39	  0	  0	  0	  0	  0	  0	  0	  0	  0	  0	  0	  5	21813	  0
29/09/2017	09:44:51	<-	L	00000000	210	 88	 54	 20	  0	 70	  0	  4	  4	  4	  4	  4	  4	  4	  4	  0	  0	  0	  0	  0	  0	  0	  0	  0	  0	  0	  0	  0	  0	  0	  0	  0	  0	  0	  0	  0	  0	  0	  0	 88	 54	 21	 72	  0	 39	  0	  0	  0	  0	  0	  0	  0	  0	  0	  0	  0	  5	21813	  0
29/09/2017	09:49:51	<-	L	00000000	210	 86	 54	 21	  0	 75	  0	  4	  4	  4	  4	  4	  4	  4	  4	  0	  0	  0	  0	  0	  0	  0	  0	  0	  0	  0	  0	  0	  0	  0	  0	  0	  0	  0	  0	  0	  0	  0	  0	 86	 54	 22	 72	  0	 39	  0	  0	  0	  0	  0	  0	  0	  0	  0	  0	  0	  5	21813	  0
29/09/2017	09:54:51	<-	L	00000000	210	 86	 54	 23	  0	 80	  0	  4	  4	  4	  4	  4	  4	  4	  4	  0	  0	  0	  0	  0	  0	  0	  0	  0	  0	  0	  0	  0	  0	  0	  0	  0	  0	  0	  0	  0	  0	  0	  0	 86	 54	 22	 73	  0	 37	  0	  0	  0	  0	  0	  0	  0	  0	  0	  0	  0	  5	21813	  0
29/09/2017	09:59:51	<-	L	00000000	210	 87	 55	 22	  0	 85	  0	  4	  4	  4	  4	  4	  4	  4	  4	  0	  0	  0	  0	  0	  0	  0	  0	  0	  0	  0	  0	  0	  0	  0	  0	  0	  0	  0	  0	  0	  0	  0	  0	 87	 55	 22	 73	  0	 39	  0	  0	  0	  0	  0	  0	  0	  0	  0	  0	  0	  5	21813	  0
29/09/2017	10:04:52	<-	L	00000000	210	 83	 54	 24	  0	 90	  0	  4	  4	  4	  4	  4	  4	  4	  4	  0	  0	  0	  0	  0	  0	  0	  0	  0	  0	  0	  0	  0	  0	  0	  0	  0	  0	  0	  0	  0	  0	  0	  0	 83	 54	 24	 72	  0	 39	  0	  0	  0	  0	  0	  0	  0	  0	  0	  0	  0	  5	21813	  0
29/09/2017	10:09:52	<-	L	00000000	210	 88	 55	 22	  0	 95	  0	  4	  4	  4	  4	  4	  4	  4	  4	  0	  0	  0	  0	  0	  0	  0	  0	  0	  0	  0	  0	  0	  0	  0	  0	  0	  0	  0	  0	  0	  0	  0	  0	 88	 55	 22	 74	  0	 37	  0	  0	  0	  0	  0	  0	  0	  0	  0	  0	  0	  5	21813	  0
29/09/2017	10:14:52	<-	L	00000000	210	 87	 55	 22	  0	100	  0	  4	  4	  4	  4	  4	  4	  4	  4	  0	  0	  0	  0	  0	  0	  0	  0	  0	  0	  0	  0	  0	  0	  0	  0	  0	  0	  0	  0	  0	  0	  0	  0	 87	 55	 22	 75	  0	 35	  0	  0	  0	  0	  0	  0	  0	  0	  0	  0	  0	  5	21813	  0
29/09/2017	10:19:52	  	L	00000000	210	 84	 55	 24	  0	105	  0	  4	  4	  4	  4	  4	  4	  4	  4	  0	  0	  0	  0	  0	  0	  0	  0	  0	  0	  0	  0	  0	  0	  0	  0	  0	  0	  0	  0	  0	  0	  0	  0	 84	 55	 24	 75	  0	 35	  0	  0	  0	  0	  0	  0	  0	  0	  0	  0	  0	  5	21813	  0
29/09/2017	10:24:52	->	L	00000000	210	 89	 55	 21	  0	110	  0	  4	  4	  4	  4	  4	  4	  4	  4	  0	  0	  0	  0	  0	  0	  0	  0	  0	  0	  0	  0	  0	  0	  0	  0	  0	  0	  0	  0	  0	  0	  0	  0	 78	 55	 29	 89	  0	 21	  0	  0	  0	  0	  0	  0	  0	  0	  0	  0	  0	  5	21813	  0
29/09/2017	10:29:52	->	L	00000000	210	 87	 55	 22	  0	115	  0	  4	  4	  4	  4	  4	  4	  4	  4	  0	  0	  0	  0	  0	  0	  0	  0	  0	  0	  0	  0	  0	  0	  0	  0	  0	  0	  0	  0	  0	  0	  0	  0	 77	 55	 32	 87	  0	 22	  0	  0	  0	  0	  0	  0	  0	  0	  0	  0	  0	  5	21813	  0
29/09/2017	10:34:52	->	L	00000000	210	 86	 55	 23	  0	120	  0	  4	  4	  4	  4	  4	  4	  4	  4	  0	  0	  0	  0	  0	  0	  0	  0	  0	  0	  0	  0	  0	  0	  0	  0	  0	  0	  0	  0	  0	  0	  0	  0	 76	 55	 32	 86	  0	 23	  0	  0	  0	  0	  0	  0	  0	  0	  0	  0	  0	  5	21813	  0
29/09/2017	10:39:52	->	L	00000000	210	 84	 55	 24	  0	125	  0	  4	  4	  4	  4	  4	  4	  4	  4	  0	  0	  0	  0	  0	  0	  0	  0	  0	  0	  0	  0	  0	  0	  0	  0	  0	  0	  0	  0	  0	  0	  0	  0	 77	 55	 32	 84	  0	 24	  0	  0	  0	  0	  0	  0	  0	  0	  0	  0	  0	  5	21813	  0
29/09/2017	10:44:52	->	L	00000000	210	 85	 55	 24	  0	130	  0	  4	  4	  4	  4	  4	  4	  4	  4	  0	  0	  0	  0	  0	  0	  0	  0	  0	  0	  0	  0	  0	  0	  0	  0	  0	  0	  0	  0	  0	  0	  0	  0	 77	 55	 32	 85	  0	 24	  0	  0	  0	  0	  0	  0	  0	  0	  0	  0	  0	  5	21813	  0
29/09/2017	10:49:52	->	L	00000000	210	 87	 55	 23	  0	135	  0	  4	  4	  4	  4	  4	  4	  4	  4	  0	  0	  0	  0	  0	  0	  0	  0	  0	  0	  0	  0	  0	  0	  0	  0	  0	  0	  0	  0	  0	  0	  0	  0	 77	 55	 32	 87	  0	 22	  0	  0	  0	  0	  0	  0	  0	  0	  0	  0	  0	  5	21813	  0
29/09/2017	10:54:52	->	L	00000000	210	 89	 55	 21	  0	140	  0	  4	  4	  4	  4	  4	  4	  4	  4	  0	  0	  0	  0	  0	  0	  0	  0	  0	  0	  0	  0	  0	  0	  0	  0	  0	  0	  0	  0	  0	  0	  0	  0	 78	 55	 29	 89	  0	 21	  0	  0	  0	  0	  0	  0	  0	  0	  0	  0	  0	  5	21813	  0
29/09/2017	10:59:52	->	L	00000000	210	 89	 55	 21	  0	145	  0	  4	  4	  4	  4	  4	  4	  4	  4	  0	  0	  0	  0	  0	  0	  0	  0	  0	  0	  0	  0	  0	  0	  0	  0	  0	  0	  0	  0	  0	  0	  0	  0	 78	 55	 29	 89	  0	 21	  0	  0	  0	  0	  0	  0	  0	  0	  0	  0	  0	  5	21813	  0
29/09/2017	11:04:52	->	L	00000000	210	 89	 56	 22	  0	150	  0	  4	  4	  4	  4	  4	  4	  4	  4	  0	  0	  0	  0	  0	  0	  0	  0	  0	  0	  0	  0	  0	  0	  0	  0	  0	  0	  0	  0	  0	  0	  0	  0	 78	 56	 32	 89	  0	 22	  0	  0	  0	  0	  0	  0	  0	  0	  0	  0	  0	  5	21813	  0
29/09/2017	11:09:52	->	L	00000000	210	 89	 55	 21	  0	155	  0	  4	  4	  4	  4	  4	  4	  4	  4	  0	  0	  0	  0	  0	  0	  0	  0	  0	  0	  0	  0	  0	  0	  0	  0	  0	  0	  0	  0	  0	  0	  0	  0	 78	 55	 29	 89	  0	 21	  0	  0	  0	  0	  0	  0	  0	  0	  0	  0	  0	  5	21812	  0
29/09/2017	11:14:52	->	L	00000000	210	 87	 55	 22	  0	160	  0	  4	  4	  4	  4	  4	  4	  4	  4	  0	  0	  0	  0	  0	  0	  0	  0	  0	  0	  0	  0	  0	  0	  0	  0	  0	  0	  0	  0	  0	  0	  0	  0	 78	 55	 29	 87	  0	 22	  0	  0	  0	  0	  0	  0	  0	  0	  0	  0	  0	  5	21812	  0
29/09/2017	11:19:55	->	L	00000000	210	 87	 55	 22	  0	165	  0	  4	  4	  4	  4	  4	  4	  4	  4	  0	  0	  0	  0	  0	  0	  0	  0	  0	  0	  0	  0	  0	  0	  0	  0	  0	  0	  0	  0	  0	  0	  0	  0	 78	 55	 29	 87	  0	 22	  0	  0	  0	  0	  0	  0	  0	  0	  0	  0	  0	  5	21812	  0
29/09/2017	11:24:53	->	L	00000000	210	 87	 55	 22	  0	170	  0	  4	  4	  4	  4	  4	  4	  4	  4	  0	  0	  0	  0	  0	  0	  0	  0	  0	  0	  0	  0	  0	  0	  0	  0	  0	  0	  0	  0	  0	  0	  0	  0	 78	 55	 29	 87	  0	 22	  0	  0	  0	  0	  0	  0	  0	  0	  0	  0	  0	  5	21812	  0
29/09/2017	11:29:53	->	L	00000000	210	 86	 55	 22	  0	175	  0	  4	  4	  4	  4	  4	  4	  4	  4	  0	  0	  0	  0	  0	  0	  0	  0	  0	  0	  0	  0	  0	  0	  0	  0	  0	  0	  0	  0	  0	  0	  0	  0	 78	 55	 29	 86	  0	 23	  0	  0	  0	  0	  0	  0	  0	  0	  0	  0	  0	  5	21812	  0
29/09/2017	11:34:53	->	L	00000000	210	 87	 55	 22	  0	180	  0	  4	  4	  4	  4	  4	  4	  4	  4	  0	  0	  0	  0	  0	  0	  0	  0	  0	  0	  0	  0	  0	  0	  0	  0	  0	  0	  0	  0	  0	  0	  0	  0	 78	 55	 29	 87	  0	 22	  0	  0	  0	  0	  0	  0	  0	  0	  0	  0	  0	  5	21812	  0
29/09/2017	11:39:53	->	L	00000000	210	 87	 55	 22	  0	185	  0	  4	  4	  4	  4	  4	  4	  4	  4	  0	  0	  0	  0	  0	  0	  0	  0	  0	  0	  0	  0	  0	  0	  0	  0	  0	  0	  0	  0	  0	  0	  0	  0	 78	 55	 29	 87	  0	 22	  0	  0	  0	  0	  0	  0	  0	  0	  0	  0	  0	  5	21812	  0
29/09/2017	11:44:53	->	L	00000000	210	 86	 55	 22	  0	190	  0	  4	  4	  4	  4	  4	  4	  4	  4	  0	  0	  0	  0	  0	  0	  0	  0	  0	  0	  0	  0	  0	  0	  0	  0	  0	  0	  0	  0	  0	  0	  0	  0	 78	 55	 29	 86	  0	 23	  0	  0	  0	  0	  0	  0	  0	  0	  0	  0	  0	  5	21812	  0
29/09/2017	11:49:53	->	L	00000000	210	 86	 55	 22	  0	195	  0	  4	  4	  4	  4	  4	  4	  4	  4	  0	  0	  0	  0	  0	  0	  0	  0	  0	  0	  0	  0	  0	  0	  0	  0	  0	  0	  0	  0	  0	  0	  0	  0	 78	 55	 29	 86	  0	 23	  0	  0	  0	  0	  0	  0	  0	  0	  0	  0	  0	  5	21812	  0
29/09/2017	11:54:53	->	L	00000000	210	 86	 55	 22	  0	200	  0	  4	  4	  4	  4	  4	  4	  4	  4	  0	  0	  0	  0	  0	  0	  0	  0	  0	  0	  0	  0	  0	  0	  0	  0	  0	  0	  0	  0	  0	  0	  0	  0	 79	 55	 30	 86	  0	 23	  0	  0	  0	  0	  0	  0	  0	  0	  0	  0	  0	  5	21812	  0
29/09/2017	11:59:54	->	L	00000000	210	 86	 55	 23	  0	205	  0	  4	  4	  4	  4	  4	  4	  4	  4	  0	  0	  0	  0	  0	  0	  0	  0	  0	  0	  0	  0	  0	  0	  0	  0	  0	  0	  0	  0	  0	  0	  0	  0	 79	 55	 30	 86	  0	 23	  0	  0	  0	  0	  0	  0	  0	  0	  0	  0	  0	  5	21812	  0
29/09/2017	12:04:53	->	L	00000000	210	 86	 55	 22	  0	210	  0	  4	  4	  4	  4	  4	  4	  4	  4	  0	  0	  0	  0	  0	  0	  0	  0	  0	  0	  0	  0	  0	  0	  0	  0	  0	  0	  0	  0	  0	  0	  0	  0	 79	 55	 30	 86	  0	 23	  0	  0	  0	  0	  0	  0	  0	  0	  0	  0	  0	  5	21812	  0
29/09/2017	12:09:53	->	L	00000000	210	 86	 55	 23	  0	215	  0	  4	  4	  4	  4	  4	  4	  4	  4	  0	  0	  0	  0	  0	  0	  0	  0	  0	  0	  0	  0	  0	  0	  0	  0	  0	  0	  0	  0	  0	  0	  0	  0	 79	 55	 30	 86	  0	 23	  0	  0	  0	  0	  0	  0	  0	  0	  0	  0	  0	  5	21812	  0
29/09/2017	12:14:53	->	L	00000000	210	 86	 55	 23	  0	220	  0	  4	  4	  4	  4	  4	  4	  4	  4	  0	  0	  0	  0	  0	  0	  0	  0	  0	  0	  0	  0	  0	  0	  0	  0	  0	  0	  0	  0	  0	  0	  0	  0	 79	 55	 30	 86	  0	 23	  0	  0	  0	  0	  0	  0	  0	  0	  0	  0	  0	  5	21812	  0
29/09/2017	12:19:53	->	L	00000000	210	 86	 55	 22	  0	225	  0	  4	  4	  4	  4	  4	  4	  4	  4	  0	  0	  0	  0	  0	  0	  0	  0	  0	  0	  0	  0	  0	  0	  0	  0	  0	  0	  0	  0	  0	  0	  0	  0	 79	 55	 30	 86	  0	 23	  0	  0	  0	  0	  0	  0	  0	  0	  0	  0	  0	  5	21812	  0
29/09/2017	12:24:53	->	L	00000000	210	 87	 55	 22	  0	230	  0	  4	  4	  4	  4	  4	  4	  4	  4	  0	  0	  0	  0	  0	  0	  0	  0	  0	  0	  0	  0	  0	  0	  0	  0	  0	  0	  0	  0	  0	  0	  0	  0	 79	 55	 30	 87	  0	 22	  0	  0	  0	  0	  0	  0	  0	  0	  0	  0	  0	  5	21812	  0
29/09/2017	12:29:54	->	L	00000000	210	 87	 55	 22	  0	235	  0	  4	  4	  4	  4	  4	  4	  4	  4	  0	  0	  0	  0	  0	  0	  0	  0	  0	  0	  0	  0	  0	  0	  0	  0	  0	  0	  0	  0	  0	  0	  0	  0	 79	 55	 30	 87	  0	 22	  0	  0	  0	  0	  0	  0	  0	  0	  0	  0	  0	  5	21812	  0
29/09/2017	12:34:54	->	L	00000000	210	 87	 55	 22	  0	240	  0	  4	  4	  4	  4	  4	  4	  4	  4	  0	  0	  0	  0	  0	  0	  0	  0	  0	  0	  0	  0	  0	  0	  0	  0	  0	  0	  0	  0	  0	  0	  0	  0	 79	 55	 30	 87	  0	 22	  0	  0	  0	  0	  0	  0	  0	  0	  0	  0	  0	  5	21812	  0
29/09/2017	12:39:54	->	L	00000000	210	 87	 55	 22	  0	245	  0	  4	  4	  4	  4	  4	  4	  4	  4	  0	  0	  0	  0	  0	  0	  0	  0	  0	  0	  0	  0	  0	  0	  0	  0	  0	  0	  0	  0	  0	  0	  0	  0	 79	 55	 30	 87	  0	 22	  0	  0	  0	  0	  0	  0	  0	  0	  0	  0	  0	  5	21812	  0
29/09/2017	12:44:54	->	L	00000000	210	 87	 55	 22	  0	250	  0	  4	  4	  4	  4	  4	  4	  4	  4	  0	  0	  0	  0	  0	  0	  0	  0	  0	  0	  0	  0	  0	  0	  0	  0	  0	  0	  0	  0	  0	  0	  0	  0	 80	 55	 28	 87	  0	 22	  0	  0	  0	  0	  0	  0	  0	  0	  0	  0	  0	  5	21812	  0
29/09/2017	12:49:54	->	L	00000000	210	 89	 55	 21	  0	255	  0	  4	  4	  4	  4	  4	  4	  4	  4	  0	  0	  0	  0	  0	  0	  0	  0	  0	  0	  0	  0	  0	  0	  0	  0	  0	  0	  0	  0	  0	  0	  0	  0	 80	 55	 28	 89	  0	 21	  0	  0	  0	  0	  0	  0	  0	  0	  0	  0	  0	  5	21812	  0
29/09/2017	12:54:54	->	L	00000000	210	 88	 55	 22	  0	260	  0	  4	  4	  4	  4	  4	  4	  4	  4	  0	  0	  0	  0	  0	  0	  0	  0	  0	  0	  0	  0	  0	  0	  0	  0	  0	  0	  0	  0	  0	  0	  0	  0	 80	 55	 28	 88	  0	 22	  0	  0	  0	  0	  0	  0	  0	  0	  0	  0	  0	  5	21812	  0
29/09/2017	12:59:54	->	L	00000000	210	 88	 55	 21	  0	265	  0	  4	  4	  4	  4	  4	  4	  4	  4	  0	  0	  0	  0	  0	  0	  0	  0	  0	  0	  0	  0	  0	  0	  0	  0	  0	  0	  0	  0	  0	  0	  0	  0	 80	 55	 28	 88	  0	 22	  0	  0	  0	  0	  0	  0	  0	  0	  0	  0	  0	  5	21812	  0
29/09/2017	13:04:54	->	L	00000000	210	 89	 55	 21	  0	270	  0	  4	  4	  4	  4	  4	  4	  4	  4	  0	  0	  0	  0	  0	  0	  0	  0	  0	  0	  0	  0	  0	  0	  0	  0	  0	  0	  0	  0	  0	  0	  0	  0	 80	 55	 28	 89	  0	 21	  0	  0	  0	  0	  0	  0	  0	  0	  0	  0	  0	  5	21812	  0
29/09/2017	13:09:54	->	L	00000000	210	 89	 55	 21	  0	275	  0	  4	  4	  4	  4	  4	  4	  4	  4	  0	  0	  0	  0	  0	  0	  0	  0	  0	  0	  0	  0	  0	  0	  0	  0	  0	  0	  0	  0	  0	  0	  0	  0	 80	 55	 28	 89	  0	 21	  0	  0	  0	  0	  0	  0	  0	  0	  0	  0	  0	  5	21812	  0
29/09/2017	13:14:54	->	L	00000000	210	 90	 55	 21	  0	280	  0	  4	  4	  4	  4	  4	  4	  4	  4	  0	  0	  0	  0	  0	  0	  0	  0	  0	  0	  0	  0	  0	  0	  0	  0	  0	  0	  0	  0	  0	  0	  0	  0	 80	 55	 28	 90	  0	 21	  0	  0	  0	  0	  0	  0	  0	  0	  0	  0	  0	  5	21812	  0
29/09/2017	13:19:54	->	L	00000000	210	 90	 55	 21	  0	285	  0	  4	  4	  4	  4	  4	  4	  4	  4	  0	  0	  0	  0	  0	  0	  0	  0	  0	  0	  0	  0	  0	  0	  0	  0	  0	  0	  0	  0	  0	  0	  0	  0	 80	 55	 28	 90	  0	 21	  0	  0	  0	  0	  0	  0	  0	  0	  0	  0	  0	  5	21812	  0
29/09/2017	13:24:54	->	L	00000000	210	 89	 55	 21	  0	290	  0	  4	  4	  4	  4	  4	  4	  4	  4	  0	  0	  0	  0	  0	  0	  0	  0	  0	  0	  0	  0	  0	  0	  0	  0	  0	  0	  0	  0	  0	  0	  0	  0	 80	 55	 28	 89	  0	 21	  0	  0	  0	  0	  0	  0	  0	  0	  0	  0	  0	  5	21812	  0
29/09/2017	13:29:54	->	L	00000000	210	 84	 54	 23	  0	295	  0	  4	  4	  4	  4	  4	  4	  4	  4	  0	  0	  0	  0	  0	  0	  0	  0	  0	  0	  0	  0	  0	  0	  0	  0	  0	  0	  0	  0	  0	  0	  0	  0	 79	 54	 27	 84	  0	 23	  0	  0	  0	  0	  0	  0	  0	  0	  0	  0	  0	  5	21812	  0
29/09/2017	13:34:54	->	L	00000000	210	 85	 54	 23	  0	300	  0	  4	  4	  4	  4	  4	  4	  4	  4	  0	  0	  0	  0	  0	  0	  0	  0	  0	  0	  0	  0	  0	  0	  0	  0	  0	  0	  0	  0	  0	  0	  0	  0	 80	 54	 28	 85	  0	 23	  0	  0	  0	  0	  0	  0	  0	  0	  0	  0	  0	  5	21812	  0
29/09/2017	13:39:54	->	L	00000000	210	 87	 55	 22	  0	305	  0	  4	  4	  4	  4	  4	  4	  4	  4	  0	  0	  0	  0	  0	  0	  0	  0	  0	  0	  0	  0	  0	  0	  0	  0	  0	  0	  0	  0	  0	  0	  0	  0	 80	 55	 28	 87	  0	 22	  0	  0	  0	  0	  0	  0	  0	  0	  0	  0	  0	  5	21812	  0
29/09/2017	13:44:55	->	L	00000000	210	 88	 55	 22	  0	310	  0	  4	  4	  4	  4	  4	  4	  4	  4	  0	  0	  0	  0	  0	  0	  0	  0	  0	  0	  0	  0	  0	  0	  0	  0	  0	  0	  0	  0	  0	  0	  0	  0	 80	 55	 28	 88	  0	 22	  0	  0	  0	  0	  0	  0	  0	  0	  0	  0	  0	  5	21812	  0
29/09/2017	13:49:55	->	L	00000000	210	 89	 55	 21	  0	315	  0	  4	  4	  4	  4	  4	  4	  4	  4	  0	  0	  0	  0	  0	  0	  0	  0	  0	  0	  0	  0	  0	  0	  0	  0	  0	  0	  0	  0	  0	  0	  0	  0	 80	 55	 28	 89	  0	 21	  0	  0	  0	  0	  0	  0	  0	  0	  0	  0	  0	  5	21812	  0
29/09/2017	13:54:55	->	L	00000000	210	 90	 55	 21	  0	320	  0	  4	  4	  4	  4	  4	  4	  4	  4	  0	  0	  0	  0	  0	  0	  0	  0	  0	  0	  0	  0	  0	  0	  0	  0	  0	  0	  0	  0	  0	  0	  0	  0	 80	 55	 28	 90	  0	 21	  0	  0	  0	  0	  0	  0	  0	  0	  0	  0	  0	  5	21812	  0
29/09/2017	13:59:55	->	L	00000000	210	 86	 54	 23	  0	325	  0	  4	  4	  4	  4	  4	  4	  4	  4	  0	  0	  0	  0	  0	  0	  0	  0	  0	  0	  0	  0	  0	  0	  0	  0	  0	  0	  0	  0	  0	  0	  0	  0	 80	 54	 28	 86	  0	 22	  0	  0	  0	  0	  0	  0	  0	  0	  0	  0	  0	  5	21812	  0
29/09/2017	14:04:55	->	L	00000000	210	 84	 54	 23	  0	330	  0	  4	  4	  4	  4	  4	  4	  4	  4	  0	  0	  0	  0	  0	  0	  0	  0	  0	  0	  0	  0	  0	  0	  0	  0	  0	  0	  0	  0	  0	  0	  0	  0	 80	 54	 28	 84	  0	 23	  0	  0	  0	  0	  0	  0	  0	  0	  0	  0	  0	  5	21812	  0
29/09/2017	14:09:55	->	L	00000000	210	 84	 54	 23	  0	335	  0	  4	  4	  4	  4	  4	  4	  4	  4	  0	  0	  0	  0	  0	  0	  0	  0	  0	  0	  0	  0	  0	  0	  0	  0	  0	  0	  0	  0	  0	  0	  0	  0	 80	 54	 28	 84	  0	 23	  0	  0	  0	  0	  0	  0	  0	  0	  0	  0	  0	  5	21812	  0
29/09/2017	14:14:55	->	L	00000000	210	 84	 54	 23	  0	340	  0	  4	  4	  4	  4	  4	  4	  4	  4	  0	  0	  0	  0	  0	  0	  0	  0	  0	  0	  0	  0	  0	  0	  0	  0	  0	  0	  0	  0	  0	  0	  0	  0	 80	 54	 28	 84	  0	 23	  0	  0	  0	  0	  0	  0	  0	  0	  0	  0	  0	  5	21812	  0
29/09/2017	14:19:55	->	L	00000000	210	 84	 54	 23	  0	345	  0	  4	  4	  4	  4	  4	  4	  4	  4	  0	  0	  0	  0	  0	  0	  0	  0	  0	  0	  0	  0	  0	  0	  0	  0	  0	  0	  0	  0	  0	  0	  0	  0	 79	 54	 27	 84	  0	 23	  0	  0	  0	  0	  0	  0	  0	  0	  0	  0	  0	  5	21812	  0
29/09/2017	14:24:55	<-	L	00000000	210	 85	 55	 24	  0	350	  0	  4	  4	  4	  4	  4	  4	  4	  4	  0	  0	  0	  0	  0	  0	  0	  0	  0	  0	  0	  0	  0	  0	  0	  0	  0	  0	  0	  0	  0	  0	  0	  0	 85	 55	 24	 84	  0	 24	  0	  0	  0	  0	  0	  0	  0	  0	  0	  0	  0	  5	21812	  0
29/09/2017	14:29:55	<-	L	00000000	210	 88	 55	 22	  0	355	  0	  4	  4	  4	  4	  4	  4	  4	  4	  0	  0	  0	  0	  0	  0	  0	  0	  0	  0	  0	  0	  0	  0	  0	  0	  0	  0	  0	  0	  0	  0	  0	  0	 88	 55	 22	 81	  0	 28	  0	  0	  0	  0	  0	  0	  0	  0	  0	  0	  0	  5	21812	  0
29/09/2017	14:44:55	<-	L	00000000	210	 63	 40	 25	  0	360	  0	  4	  4	  4	  4	  4	  4	  4	  4	  0	  0	  0	  0	  0	  0	  0	  0	  0	  0	  0	  0	  0	  0	  0	  0	  0	  0	  0	  0	  0	  0	  0	  0	 63	 40	 22	 63	  0	 22	  0	  0	  0	  0	  0	  0	  0	  0	  0	  0	  0	  5	21812	  0
29/09/2017	14:49:56	<-	L	00000000	210	 84	 50	 19	  0	365	  0	  4	  4	  4	  4	  4	  4	  4	  4	  0	  0	  0	  0	  0	  0	  0	  0	  0	  0	  0	  0	  0	  0	  0	  0	  0	  0	  0	  0	  0	  0	  0	  0	 84	 50	 19	 76	  0	 26	  0	  0	  0	  0	  0	  0	  0	  0	  0	  0	  0	  5	21810	  0
29/09/2017	14:54:55	<-	L	00000000	210	 84	 52	 21	  0	370	  0	  4	  4	  4	  4	  4	  4	  4	  4	  0	  0	  0	  0	  0	  0	  0	  0	  0	  0	  0	  0	  0	  0	  0	  0	  0	  0	  0	  0	  0	  0	  0	  0	 84	 52	 21	 77	  0	 26	  0	  0	  0	  0	  0	  0	  0	  0	  0	  0	  0	  5	21810	  0
29/09/2017	14:59:56	<-	L	00000000	210	 89	 53	 19	  0	375	  0	  4	  4	  4	  4	  4	  4	  4	  4	  0	  0	  0	  0	  0	  0	  0	  0	  0	  0	  0	  0	  0	  0	  0	  0	  0	  0	  0	  0	  0	  0	  0	  0	 89	 53	 19	 78	  0	 27	  0	  0	  0	  0	  0	  0	  0	  0	  0	  0	  0	  5	21810	  0
29/09/2017	15:04:56	<-	L	00000000	210	 89	 53	 19	  0	380	  0	  4	  4	  4	  4	  4	  4	  4	  4	  0	  0	  0	  0	  0	  0	  0	  0	  0	  0	  0	  0	  0	  0	  0	  0	  0	  0	  0	  0	  0	  0	  0	  0	 89	 53	 19	 79	  0	 28	  0	  0	  0	  0	  0	  0	  0	  0	  0	  0	  0	  5	21810	  0
29/09/2017	15:09:56	<-	L	00000000	210	 86	 53	 20	  0	385	  0	  4	  4	  4	  4	  4	  4	  4	  4	  0	  0	  0	  0	  0	  0	  0	  0	  0	  0	  0	  0	  0	  0	  0	  0	  0	  0	  0	  0	  0	  0	  0	  0	 86	 53	 21	 79	  0	 28	  0	  0	  0	  0	  0	  0	  0	  0	  0	  0	  0	  5	21810	  0
29/09/2017	15:14:56	<-	L	00000000	210	 84	 52	 21	  0	390	  0	  4	  4	  4	  4	  4	  4	  4	  4	  0	  0	  0	  0	  0	  0	  0	  0	  0	  0	  0	  0	  0	  0	  0	  0	  0	  0	  0	  0	  0	  0	  0	  0	 84	 52	 21	 78	  0	 27	  0	  0	  0	  0	  0	  0	  0	  0	  0	  0	  0	  5	21810	  0
29/09/2017	15:19:56	<-	L	00000000	210	 84	 52	 22	  0	395	  0	  4	  4	  4	  4	  4	  4	  4	  4	  0	  0	  0	  0	  0	  0	  0	  0	  0	  0	  0	  0	  0	  0	  0	  0	  0	  0	  0	  0	  0	  0	  0	  0	 84	 52	 21	 78	  0	 25	  0	  0	  0	  0	  0	  0	  0	  0	  0	  0	  0	  5	21810	  0
29/09/2017	15:24:56	<-	L	00000000	210	 84	 52	 21	  0	400	  0	  4	  4	  4	  4	  4	  4	  4	  4	  0	  0	  0	  0	  0	  0	  0	  0	  0	  0	  0	  0	  0	  0	  0	  0	  0	  0	  0	  0	  0	  0	  0	  0	 84	 52	 21	 79	  0	 25	  0	  0	  0	  0	  0	  0	  0	  0	  0	  0	  0	  5	21810	  0
29/09/2017	15:29:56	<-	L	00000000	210	 84	 52	 21	  0	405	  0	  4	  4	  4	  4	  4	  4	  4	  4	  0	  0	  0	  0	  0	  0	  0	  0	  0	  0	  0	  0	  0	  0	  0	  0	  0	  0	  0	  0	  0	  0	  0	  0	 84	 52	 21	 79	  0	 25	  0	  0	  0	  0	  0	  0	  0	  0	  0	  0	  0	  5	21810	  0
29/09/2017	15:34:56	<-	L	00000000	210	 84	 52	 21	  0	410	  0	  4	  4	  4	  4	  4	  4	  4	  4	  0	  0	  0	  0	  0	  0	  0	  0	  0	  0	  0	  0	  0	  0	  0	  0	  0	  0	  0	  0	  0	  0	  0	  0	 84	 52	 21	 79	  0	 25	  0	  0	  0	  0	  0	  0	  0	  0	  0	  0	  0	  5	21810	  0
29/09/2017	15:39:56	<-	L	00000000	210	 84	 52	 21	  0	415	  0	  4	  4	  4	  4	  4	  4	  4	  4	  0	  0	  0	  0	  0	  0	  0	  0	  0	  0	  0	  0	  0	  0	  0	  0	  0	  0	  0	  0	  0	  0	  0	  0	 84	 52	 21	 79	  0	 25	  0	  0	  0	  0	  0	  0	  0	  0	  0	  0	  0	  5	21810	  0
29/09/2017	15:44:57	<-	L	00000000	210	 85	 53	 21	  0	420	  0	  4	  4	  4	  4	  4	  4	  4	  4	  0	  0	  0	  0	  0	  0	  0	  0	  0	  0	  0	  0	  0	  0	  0	  0	  0	  0	  0	  0	  0	  0	  0	  0	 85	 53	 22	 79	  0	 28	  0	  0	  0	  0	  0	  0	  0	  0	  0	  0	  0	  5	21810	  0
29/09/2017	15:49:56	<-	L	00000000	210	 85	 52	 21	  0	425	  0	  4	  4	  4	  4	  4	  4	  4	  4	  0	  0	  0	  0	  0	  0	  0	  0	  0	  0	  0	  0	  0	  0	  0	  0	  0	  0	  0	  0	  0	  0	  0	  0	 85	 52	 21	 79	  0	 25	  0	  0	  0	  0	  0	  0	  0	  0	  0	  0	  0	  5	21810	  0
29/09/2017	15:54:56	<-	L	00000000	210	 84	 52	 21	  0	430	  0	  4	  4	  4	  4	  4	  4	  4	  4	  0	  0	  0	  0	  0	  0	  0	  0	  0	  0	  0	  0	  0	  0	  0	  0	  0	  0	  0	  0	  0	  0	  0	  0	 84	 52	 21	 79	  0	 25	  0	  0	  0	  0	  0	  0	  0	  0	  0	  0	  0	  5	21810	  0
29/09/2017	15:59:56	<-	L	00000000	210	 84	 52	 22	  0	435	  0	  4	  4	  4	  4	  4	  4	  4	  4	  0	  0	  0	  0	  0	  0	  0	  0	  0	  0	  0	  0	  0	  0	  0	  0	  0	  0	  0	  0	  0	  0	  0	  0	 84	 52	 21	 79	  0	 25	  0	  0	  0	  0	  0	  0	  0	  0	  0	  0	  0	  5	21810	  0
29/09/2017	16:04:56	<-	L	00000000	210	 85	 52	 21	  0	440	  0	  4	  4	  4	  4	  4	  4	  4	  4	  0	  0	  0	  0	  0	  0	  0	  0	  0	  0	  0	  0	  0	  0	  0	  0	  0	  0	  0	  0	  0	  0	  0	  0	 85	 52	 21	 79	  0	 25	  0	  0	  0	  0	  0	  0	  0	  0	  0	  0	  0	  5	21810	  0
29/09/2017	16:09:56	<-	L	00000000	210	 86	 53	 21	  0	445	  0	  4	  4	  4	  4	  4	  4	  4	  4	  0	  0	  0	  0	  0	  0	  0	  0	  0	  0	  0	  0	  0	  0	  0	  0	  0	  0	  0	  0	  0	  0	  0	  0	 86	 53	 21	 80	  0	 26	  0	  0	  0	  0	  0	  0	  0	  0	  0	  0	  0	  5	21810	  0
29/09/2017	16:14:57	<-	L	00000000	210	 87	 53	 20	  0	450	  0	  4	  4	  4	  4	  4	  4	  4	  4	  0	  0	  0	  0	  0	  0	  0	  0	  0	  0	  0	  0	  0	  0	  0	  0	  0	  0	  0	  0	  0	  0	  0	  0	 87	 53	 20	 80	  0	 26	  0	  0	  0	  0	  0	  0	  0	  0	  0	  0	  0	  5	21810	  0
29/09/2017	16:19:57	<-	L	00000000	210	 88	 53	 20	  0	455	  0	  4	  4	  4	  4	  4	  4	  4	  4	  0	  0	  0	  0	  0	  0	  0	  0	  0	  0	  0	  0	  0	  0	  0	  0	  0	  0	  0	  0	  0	  0	  0	  0	 88	 53	 20	 80	  0	 26	  0	  0	  0	  0	  0	  0	  0	  0	  0	  0	  0	  5	21810	  0
29/09/2017	16:24:57	<-	L	00000000	210	 88	 53	 19	  0	460	  0	  4	  4	  4	  4	  4	  4	  4	  4	  0	  0	  0	  0	  0	  0	  0	  0	  0	  0	  0	  0	  0	  0	  0	  0	  0	  0	  0	  0	  0	  0	  0	  0	 88	 53	 20	 80	  0	 26	  0	  0	  0	  0	  0	  0	  0	  0	  0	  0	  0	  5	21810	  0
29/09/2017	16:29:57	<-	L	00000000	210	 88	 53	 20	  0	465	  0	  4	  4	  4	  4	  4	  4	  4	  4	  0	  0	  0	  0	  0	  0	  0	  0	  0	  0	  0	  0	  0	  0	  0	  0	  0	  0	  0	  0	  0	  0	  0	  0	 88	 53	 20	 80	  0	 26	  0	  0	  0	  0	  0	  0	  0	  0	  0	  0	  0	  5	21810	  0
29/09/2017	16:34:57	<-	L	00000000	210	 87	 53	 20	  0	470	  0	  4	  4	  4	  4	  4	  4	  4	  4	  0	  0	  0	  0	  0	  0	  0	  0	  0	  0	  0	  0	  0	  0	  0	  0	  0	  0	  0	  0	  0	  0	  0	  0	 87	 53	 20	 81	  0	 25	  0	  0	  0	  0	  0	  0	  0	  0	  0	  0	  0	  5	21810	  0
29/09/2017	16:40:03	<-	L	00000000	210	 88	 53	 20	  0	476	  0	  4	  4	  4	  4	  4	  4	  4	  4	  0	  0	  0	  0	  0	  0	  0	  0	  0	  0	  0	  0	  0	  0	  0	  0	  0	  0	  0	  0	  0	  0	  0	  0	 88	 53	 20	 81	  0	 25	  0	  0	  0	  0	  0	  0	  0	  0	  0	  0	  0	  5	21810	  0
29/09/2017	16:44:57	<-	L	00000000	210	 90	 53	 18	  0	480	  0	  4	  4	  4	  4	  4	  4	  4	  4	  0	  0	  0	  0	  0	  0	  0	  0	  0	  0	  0	  0	  0	  0	  0	  0	  0	  0	  0	  0	  0	  0	  0	  0	 90	 53	 19	 81	  0	 25	  0	  0	  0	  0	  0	  0	  0	  0	  0	  0	  0	  5	21811	  0
29/09/2017	16:49:57	<-	L	00000000	210	 91	 54	 19	  0	485	  0	  4	  4	  4	  4	  4	  4	  4	  4	  0	  0	  0	  0	  0	  0	  0	  0	  0	  0	  0	  0	  0	  0	  0	  0	  0	  0	  0	  0	  0	  0	  0	  0	 91	 54	 19	 81	  0	 26	  0	  0	  0	  0	  0	  0	  0	  0	  0	  0	  0	  5	21810	  0
29/09/2017	16:54:57	<-	L	00000000	210	 90	 53	 19	  0	491	  0	  4	  4	  4	  4	  4	  4	  4	  4	  0	  0	  0	  0	  0	  0	  0	  0	  0	  0	  0	  0	  0	  0	  0	  0	  0	  0	  0	  0	  0	  0	  0	  0	 90	 53	 19	 81	  0	 25	  0	  0	  0	  0	  0	  0	  0	  0	  0	  0	  0	  5	21810	  0
29/09/2017	16:59:57	<-	L	00000000	210	 91	 53	 18	  0	496	  0	  4	  4	  4	  4	  4	  4	  4	  4	  0	  0	  0	  0	  0	  0	  0	  0	  0	  0	  0	  0	  0	  0	  0	  0	  0	  0	  0	  0	  0	  0	  0	  0	 91	 53	 18	 81	  0	 25	  0	  0	  0	  0	  0	  0	  0	  0	  0	  0	  0	  5	21810	  0
29/09/2017	17:04:57	<-	L	00000000	210	 85	 52	 21	  0	501	  0	  4	  4	  4	  4	  4	  4	  4	  4	  0	  0	  0	  0	  0	  0	  0	  0	  0	  0	  0	  0	  0	  0	  0	  0	  0	  0	  0	  0	  0	  0	  0	  0	 85	 52	 21	 80	  0	 24	  0	  0	  0	  0	  0	  0	  0	  0	  0	  0	  0	  5	21810	  0
29/09/2017	17:09:57	<-	L	00000000	210	 84	 52	 21	  0	506	  0	  4	  4	  4	  4	  4	  4	  4	  4	  0	  0	  0	  0	  0	  0	  0	  0	  0	  0	  0	  0	  0	  0	  0	  0	  0	  0	  0	  0	  0	  0	  0	  0	 84	 52	 21	 80	  0	 24	  0	  0	  0	  0	  0	  0	  0	  0	  0	  0	  0	  5	21810	  0
29/09/2017	17:14:57	<-	L	00000000	210	 84	 52	 21	  0	511	  0	  4	  4	  4	  4	  4	  4	  4	  4	  0	  0	  0	  0	  0	  0	  0	  0	  0	  0	  0	  0	  0	  0	  0	  0	  0	  0	  0	  0	  0	  0	  0	  0	 84	 52	 21	 80	  0	 24	  0	  0	  0	  0	  0	  0	  0	  0	  0	  0	  0	  5	21810	  0
29/09/2017	17:19:58	<-	L	00000000	210	 85	 52	 21	  0	516	  0	  4	  4	  4	  4	  4	  4	  4	  4	  0	  0	  0	  0	  0	  0	  0	  0	  0	  0	  0	  0	  0	  0	  0	  0	  0	  0	  0	  0	  0	  0	  0	  0	 85	 52	 21	 80	  0	 24	  0	  0	  0	  0	  0	  0	  0	  0	  0	  0	  0	  5	21810	  0
29/09/2017	17:24:58	<-	L	00000000	210	 87	 52	 20	  0	521	  0	  4	  4	  4	  4	  4	  4	  4	  4	  0	  0	  0	  0	  0	  0	  0	  0	  0	  0	  0	  0	  0	  0	  0	  0	  0	  0	  0	  0	  0	  0	  0	  0	 87	 52	 19	 81	  0	 23	  0	  0	  0	  0	  0	  0	  0	  0	  0	  0	  0	  5	21810	  0
29/09/2017	17:29:58	<-	L	00000000	210	 88	 53	 20	  0	526	  0	  4	  4	  4	  4	  4	  4	  4	  4	  0	  0	  0	  0	  0	  0	  0	  0	  0	  0	  0	  0	  0	  0	  0	  0	  0	  0	  0	  0	  0	  0	  0	  0	 88	 53	 20	 81	  0	 25	  0	  0	  0	  0	  0	  0	  0	  0	  0	  0	  0	  5	21810	  0
29/09/2017	17:34:58	<-	L	00000000	210	 89	 53	 19	  0	531	  0	  4	  4	  4	  4	  4	  4	  4	  4	  0	  0	  0	  0	  0	  0	  0	  0	  0	  0	  0	  0	  0	  0	  0	  0	  0	  0	  0	  0	  0	  0	  0	  0	 89	 53	 19	 81	  0	 25	  0	  0	  0	  0	  0	  0	  0	  0	  0	  0	  0	  5	21810	  0
29/09/2017	17:39:58	<-	L	00000000	210	 89	 53	 19	  0	536	  0	  4	  4	  4	  4	  4	  4	  4	  4	  0	  0	  0	  0	  0	  0	  0	  0	  0	  0	  0	  0	  0	  0	  0	  0	  0	  0	  0	  0	  0	  0	  0	  0	 89	 53	 19	 81	  0	 25	  0	  0	  0	  0	  0	  0	  0	  0	  0	  0	  0	  5	21810	  0
29/09/2017	17:59:59	  	L	00000000	210	 57	 34	 21	  0	541	  0	  4	  4	  4	  4	  4	  4	  4	  4	  0	  0	  0	  0	  0	  0	  0	  0	  0	  0	  0	  0	  0	  0	  0	  0	  0	  0	  0	  0	  0	  0	  0	  0	 54	 34	 26	 57	  0	 20	  0	  0	  0	  0	  0	  0	  0	  0	  0	  0	  0	  5	21810	  0
29/09/2017	18:04:58	<-	L	00000000	210	 91	 48	 13	  0	546	  0	  4	  4	  4	  4	  4	  4	  4	  4	  0	  0	  0	  0	  0	  0	  0	  0	  0	  0	  0	  0	  0	  0	  0	  0	  0	  0	  0	  0	  0	  0	  0	  0	 91	 48	 13	 75	  0	 23	  0	  0	  0	  0	  0	  0	  0	  0	  0	  0	  0	  5	21810	  0
29/09/2017	18:09:58	<-	L	00000000	210	 91	 51	 16	  0	551	  0	  4	  4	  4	  4	  4	  4	  4	  4	  0	  0	  0	  0	  0	  0	  0	  0	  0	  0	  0	  0	  0	  0	  0	  0	  0	  0	  0	  0	  0	  0	  0	  0	 91	 51	 16	 78	  0	 25	  0	  0	  0	  0	  0	  0	  0	  0	  0	  0	  0	  5	21810	  0
29/09/2017	18:14:58	<-	L	00000000	210	 86	 51	 20	  0	556	  0	  4	  4	  4	  4	  4	  4	  4	  4	  0	  0	  0	  0	  0	  0	  0	  0	  0	  0	  0	  0	  0	  0	  0	  0	  0	  0	  0	  0	  0	  0	  0	  0	 86	 51	 19	 78	  0	 25	  0	  0	  0	  0	  0	  0	  0	  0	  0	  0	  0	  5	21810	  0
29/09/2017	18:19:58	->	L	00000000	 30	 82	 52	 22	  0	  3	  0	  4	  4	  4	  4	  4	  4	  4	  4	  0	  0	  0	  0	  0	  0	  0	  0	  0	  0	  0	  0	  0	  0	  0	  0	  0	  0	  0	  0	  0	  0	  0	  0	 82	 52	 23	 78	  0	 27	  0	  0	  0	  0	  0	  0	  0	  0	  0	  0	  0	  5	20560	  1
29/09/2017	18:24:58	->	L	00000000	 30	 83	 52	 22	  0	  8	  0	  4	  4	  4	  4	  4	  4	  4	  4	  0	  0	  0	  0	  0	  0	  0	  0	  0	  0	  0	  0	  0	  0	  0	  0	  0	  0	  0	  0	  0	  0	  0	  0	 79	 52	 25	 83	  0	 22	  0	  0	  0	  0	  0	  0	  0	  0	  0	  0	  0	  5	20560	  1
29/09/2017	18:29:58	->	L	00000000	 30	 83	 57	 27	  0	 13	  0	  4	  4	  4	  4	  4	  4	  4	  4	  0	  0	  0	  0	  0	  0	  0	  0	  0	  0	  0	  0	  0	  0	  0	  0	  0	  0	  0	  0	  0	  0	  0	  0	 80	 57	 30	 83	  0	 29	  0	  0	  0	  0	  0	  0	  0	  0	  0	  0	  0	  5	20560	  1
29/09/2017	18:34:58	->	L	00000000	 30	 84	 65	 41	  0	 18	  0	  4	  4	  4	  4	  4	  4	  4	  4	  0	  0	  0	  0	  0	  0	  0	  0	  0	  0	  0	  0	  0	  0	  0	  0	  0	  0	  0	  0	  0	  0	  0	  0	 82	 65	 45	 84	  0	 41	  0	  0	  0	  0	  0	  0	  0	  0	  0	  0	  0	  5	20560	  1
29/09/2017	18:39:59	->	L	00000000	 30	 85	 69	 49	  0	 23	  0	  4	  4	  4	  4	  4	  4	  4	  4	  0	  0	  0	  0	  0	  0	  0	  0	  0	  0	  0	  0	  0	  0	  0	  0	  0	  0	  0	  0	  0	  0	  0	  0	 83	 69	 52	 85	  0	 49	  0	  0	  0	  0	  0	  0	  0	  0	  0	  0	  0	  5	20560	  1
29/09/2017	18:44:59	->	L	00000000	 30	 86	 72	 53	  0	 28	  0	  4	  4	  4	  4	  4	  4	  4	  4	  0	  0	  0	  0	  0	  0	  0	  0	  0	  0	  0	  0	  0	  0	  0	  0	  0	  0	  0	  0	  0	  0	  0	  0	 84	 72	 59	 86	  0	 53	  0	  0	  0	  0	  0	  0	  0	  0	  0	  0	  0	  5	20560	  1
29/09/2017	18:49:59	->	L	00000000	 30	 86	 73	 56	  0	 33	  0	  4	  4	  4	  4	  4	  4	  4	  4	  0	  0	  0	  0	  0	  0	  0	  0	  0	  0	  0	  0	  0	  0	  0	  0	  0	  0	  0	  0	  0	  0	  0	  0	 84	 73	 62	 86	  0	 56	  0	  0	  0	  0	  0	  0	  0	  0	  0	  0	  0	  5	20560	  1
29/09/2017	18:54:59	->	L	00000000	 30	 86	 73	 56	  0	 38	  0	  4	  4	  4	  4	  4	  4	  4	  4	  0	  0	  0	  0	  0	  0	  0	  0	  0	  0	  0	  0	  0	  0	  0	  0	  0	  0	  0	  0	  0	  0	  0	  0	 85	 73	 59	 86	  0	 56	  0	  0	  0	  0	  0	  0	  0	  0	  0	  0	  0	  5	20560	  1
29/09/2017	18:59:59	->	L	00000000	 30	 86	 75	 60	  0	 43	  0	  4	  4	  4	  4	  4	  4	  4	  4	  0	  0	  0	  0	  0	  0	  0	  0	  0	  0	  0	  0	  0	  0	  0	  0	  0	  0	  0	  0	  0	  0	  0	  0	 85	 75	 65	 86	  0	 62	  0	  0	  0	  0	  0	  0	  0	  0	  0	  0	  0	  5	20560	  1
29/09/2017	19:04:59	->	L	00000000	 30	 87	 74	 57	  0	 48	  0	  4	  4	  4	  4	  4	  4	  4	  4	  0	  0	  0	  0	  0	  0	  0	  0	  0	  0	  0	  0	  0	  0	  0	  0	  0	  0	  0	  0	  0	  0	  0	  0	 84	 74	 65	 87	  0	 57	  0	  0	  0	  0	  0	  0	  0	  0	  0	  0	  0	  5	20560	  1
29/09/2017	19:09:59	->	L	00000000	 30	 87	 76	 63	  0	 53	  0	  4	  4	  4	  4	  4	  4	  4	  4	  0	  0	  0	  0	  0	  0	  0	  0	  0	  0	  0	  0	  0	  0	  0	  0	  0	  0	  0	  0	  0	  0	  0	  0	 85	 76	 68	 87	  0	 63	  0	  0	  0	  0	  0	  0	  0	  0	  0	  0	  0	  5	20560	  1
29/09/2017	19:14:59	->	L	00000000	 30	 87	 75	 60	  0	 58	  0	  4	  4	  4	  4	  4	  4	  4	  4	  0	  0	  0	  0	  0	  0	  0	  0	  0	  0	  0	  0	  0	  0	  0	  0	  0	  0	  0	  0	  0	  0	  0	  0	 86	 75	 62	 87	  0	 60	  0	  0	  0	  0	  0	  0	  0	  0	  0	  0	  0	  5	20560	  1
29/09/2017	19:19:59	->	L	00000000	 30	 87	 75	 60	  0	 63	  0	  4	  4	  4	  4	  4	  4	  4	  4	  0	  0	  0	  0	  0	  0	  0	  0	  0	  0	  0	  0	  0	  0	  0	  0	  0	  0	  0	  0	  0	  0	  0	  0	 86	 75	 62	 87	  0	 60	  0	  0	  0	  0	  0	  0	  0	  0	  0	  0	  0	  5	20560	  1
29/09/2017	19:24:59	->	L	00000000	 30	 87	 76	 63	  0	 68	  0	  4	  4	  4	  4	  4	  4	  4	  4	  0	  0	  0	  0	  0	  0	  0	  0	  0	  0	  0	  0	  0	  0	  0	  0	  0	  0	  0	  0	  0	  0	  0	  0	 86	 76	 65	 87	  0	 63	  0	  0	  0	  0	  0	  0	  0	  0	  0	  0	  0	  5	20560	  1
29/09/2017	19:30:00	->	L	00000000	 30	 87	 75	 60	  0	 73	  0	  4	  4	  4	  4	  4	  4	  4	  4	  0	  0	  0	  0	  0	  0	  0	  0	  0	  0	  0	  0	  0	  0	  0	  0	  0	  0	  0	  0	  0	  0	  0	  0	 86	 75	 62	 87	  0	 60	  0	  0	  0	  0	  0	  0	  0	  0	  0	  0	  0	  5	20560	  1
29/09/2017	19:35:00	->	L	00000000	 30	 87	 75	 60	  0	 78	  0	  4	  4	  4	  4	  4	  4	  4	  4	  0	  0	  0	  0	  0	  0	  0	  0	  0	  0	  0	  0	  0	  0	  0	  0	  0	  0	  0	  0	  0	  0	  0	  0	 86	 76	 62	 87	  0	 60	  0	  0	  0	  0	  0	  0	  0	  0	  0	  0	  0	  5	20560	  1
29/09/2017	19:39:59	->	L	00000000	 30	 87	 76	 60	  0	 83	  0	  4	  4	  4	  4	  4	  4	  4	  4	  0	  0	  0	  0	  0	  0	  0	  0	  0	  0	  0	  0	  0	  0	  0	  0	  0	  0	  0	  0	  0	  0	  0	  0	 86	 76	 65	 87	  0	 63	  0	  0	  0	  0	  0	  0	  0	  0	  0	  0	  0	  5	20560	  1
29/09/2017	19:44:59	->	L	00000000	 30	 87	 75	 60	  0	 88	  0	  4	  4	  4	  4	  4	  4	  4	  4	  0	  0	  0	  0	  0	  0	  0	  0	  0	  0	  0	  0	  0	  0	  0	  0	  0	  0	  0	  0	  0	  0	  0	  0	 85	 75	 65	 87	  0	 60	  0	  0	  0	  0	  0	  0	  0	  0	  0	  0	  0	  5	20560	  1
29/09/2017	19:49:59	->	L	00000000	 30	 87	 75	 60	  0	 93	  0	  4	  4	  4	  4	  4	  4	  4	  4	  0	  0	  0	  0	  0	  0	  0	  0	  0	  0	  0	  0	  0	  0	  0	  0	  0	  0	  0	  0	  0	  0	  0	  0	 85	 75	 65	 87	  0	 60	  0	  0	  0	  0	  0	  0	  0	  0	  0	  0	  0	  5	20560	  1
29/09/2017	19:55:00	->	L	00000000	 30	 87	 75	 60	  0	 98	  0	  4	  4	  4	  4	  4	  4	  4	  4	  0	  0	  0	  0	  0	  0	  0	  0	  0	  0	  0	  0	  0	  0	  0	  0	  0	  0	  0	  0	  0	  0	  0	  0	 85	 75	 65	 87	  0	 60	  0	  0	  0	  0	  0	  0	  0	  0	  0	  0	  0	  5	20560	  1
29/09/2017	20:00:00	->	L	00000000	 30	 87	 75	 60	  0	103	  0	  4	  4	  4	  4	  4	  4	  4	  4	  0	  0	  0	  0	  0	  0	  0	  0	  0	  0	  0	  0	  0	  0	  0	  0	  0	  0	  0	  0	  0	  0	  0	  0	 85	 75	 65	 87	  0	 60	  0	  0	  0	  0	  0	  0	  0	  0	  0	  0	  0	  5	20560	  1
29/09/2017	20:05:00	->	L	00000000	 30	 87	 75	 60	  0	108	  0	  4	  4	  4	  4	  4	  4	  4	  4	  0	  0	  0	  0	  0	  0	  0	  0	  0	  0	  0	  0	  0	  0	  0	  0	  0	  0	  0	  0	  0	  0	  0	  0	 86	 75	 62	 87	  0	 60	  0	  0	  0	  0	  0	  0	  0	  0	  0	  0	  0	  5	20560	  1
29/09/2017	20:10:00	->	L	00000000	 30	 87	 75	 60	  0	113	  0	  4	  4	  4	  4	  4	  4	  4	  4	  0	  0	  0	  0	  0	  0	  0	  0	  0	  0	  0	  0	  0	  0	  0	  0	  0	  0	  0	  0	  0	  0	  0	  0	 85	 75	 65	 87	  0	 60	  0	  0	  0	  0	  0	  0	  0	  0	  0	  0	  0	  5	20560	  1
29/09/2017	20:15:03	->	L	00000000	 30	 86	 75	 65	  0	118	  0	  4	  4	  4	  4	  4	  4	  4	  4	  0	  0	  0	  0	  0	  0	  0	  0	  0	  0	  0	  0	  0	  0	  0	  0	  0	  0	  0	  0	  0	  0	  0	  0	 86	 75	 62	 86	  0	 62	  0	  0	  0	  0	  0	  0	  0	  0	  0	  0	  0	  5	20560	  1
29/09/2017	20:20:00	->	L	00000000	 40	 86	 74	 60	  0	  2	  0	  4	  4	  4	  4	  4	  4	  4	  4	  0	  0	  0	  0	  0	  0	  0	  0	  0	  0	  0	  0	  0	  0	  0	  0	  0	  0	  0	  0	  0	  0	  0	  0	 85	 74	 62	 86	  0	 60	  0	  0	  0	  0	  0	  0	  0	  0	  0	  0	  0	  5	15410	  0
29/09/2017	20:25:00	->	L	00000000	 40	 82	 67	 50	  0	  7	  0	  4	  4	  4	  4	  4	  4	  4	  4	  0	  0	  0	  0	  0	  0	  0	  0	  0	  0	  0	  0	  0	  0	  0	  0	  0	  0	  0	  0	  0	  0	  0	  0	 82	 67	 50	 82	  0	 50	  0	  0	  0	  0	  0	  0	  0	  0	  0	  0	  0	  5	15410	  0
29/09/2017	20:30:00	->	L	00000000	 40	 79	 61	 42	  0	 12	  0	  4	  4	  4	  4	  4	  4	  4	  4	  0	  0	  0	  0	  0	  0	  0	  0	  0	  0	  0	  0	  0	  0	  0	  0	  0	  0	  0	  0	  0	  0	  0	  0	 79	 61	 42	 79	  0	 42	  0	  0	  0	  0	  0	  0	  0	  0	  0	  0	  0	  5	15410	  0
29/09/2017	20:35:00	->	L	00000000	 40	 78	 58	 37	  0	 17	  0	  4	  4	  4	  4	  4	  4	  4	  4	  0	  0	  0	  0	  0	  0	  0	  0	  0	  0	  0	  0	  0	  0	  0	  0	  0	  0	  0	  0	  0	  0	  0	  0	 78	 58	 37	 78	  0	 37	  0	  0	  0	  0	  0	  0	  0	  0	  0	  0	  0	  5	15410	  0
29/09/2017	20:40:00	->	L	00000000	 40	 77	 56	 33	  0	 22	  0	  4	  4	  4	  4	  4	  4	  4	  4	  0	  0	  0	  0	  0	  0	  0	  0	  0	  0	  0	  0	  0	  0	  0	  0	  0	  0	  0	  0	  0	  0	  0	  0	 77	 56	 33	 77	  0	 33	  0	  0	  0	  0	  0	  0	  0	  0	  0	  0	  0	  5	15410	  0
29/09/2017	20:45:00	->	L	00000000	 40	 77	 55	 32	  0	 27	  0	  4	  4	  4	  4	  4	  4	  4	  4	  0	  0	  0	  0	  0	  0	  0	  0	  0	  0	  0	  0	  0	  0	  0	  0	  0	  0	  0	  0	  0	  0	  0	  0	 76	 55	 32	 77	  0	 32	  0	  0	  0	  0	  0	  0	  0	  0	  0	  0	  0	  5	15410	  0
29/09/2017	20:50:01	->	L	00000000	 40	 76	 55	 32	  0	 32	  0	  4	  4	  4	  4	  4	  4	  4	  4	  0	  0	  0	  0	  0	  0	  0	  0	  0	  0	  0	  0	  0	  0	  0	  0	  0	  0	  0	  0	  0	  0	  0	  0	 76	 55	 32	 76	  0	 32	  0	  0	  0	  0	  0	  0	  0	  0	  0	  0	  0	  5	15410	  0
29/09/2017	20:55:01	->	L	00000000	 40	 76	 54	 31	  0	 37	  0	  4	  4	  4	  4	  4	  4	  4	  4	  0	  0	  0	  0	  0	  0	  0	  0	  0	  0	  0	  0	  0	  0	  0	  0	  0	  0	  0	  0	  0	  0	  0	  0	 76	 54	 31	 76	  0	 31	  0	  0	  0	  0	  0	  0	  0	  0	  0	  0	  0	  5	15410	  0
29/09/2017	21:00:00	->	L	00000000	 40	 76	 54	 31	  0	 42	  0	  4	  4	  4	  4	  4	  4	  4	  4	  0	  0	  0	  0	  0	  0	  0	  0	  0	  0	  0	  0	  0	  0	  0	  0	  0	  0	  0	  0	  0	  0	  0	  0	 75	 54	 32	 76	  0	 31	  0	  0	  0	  0	  0	  0	  0	  0	  0	  0	  0	  5	15410	  0
29/09/2017	21:05:00	->	L	00000000	 40	 76	 53	 28	  0	 47	  0	  4	  4	  4	  4	  4	  4	  4	  4	  0	  0	  0	  0	  0	  0	  0	  0	  0	  0	  0	  0	  0	  0	  0	  0	  0	  0	  0	  0	  0	  0	  0	  0	 75	 53	 31	 76	  0	 28	  0	  0	  0	  0	  0	  0	  0	  0	  0	  0	  0	  5	15410	  0
29/09/2017	21:10:01	->	L	00000000	 40	 75	 53	 31	  0	 52	  0	  4	  4	  4	  4	  4	  4	  4	  4	  0	  0	  0	  0	  0	  0	  0	  0	  0	  0	  0	  0	  0	  0	  0	  0	  0	  0	  0	  0	  0	  0	  0	  0	 74	 53	 31	 75	  0	 31	  0	  0	  0	  0	  0	  0	  0	  0	  0	  0	  0	  5	15410	  0
29/09/2017	21:15:01	->	L	00000000	 40	 75	 53	 31	  0	 57	  0	  4	  4	  4	  4	  4	  4	  4	  4	  0	  0	  0	  0	  0	  0	  0	  0	  0	  0	  0	  0	  0	  0	  0	  0	  0	  0	  0	  0	  0	  0	  0	  0	 74	 53	 31	 75	  0	 31	  0	  0	  0	  0	  0	  0	  0	  0	  0	  0	  0	  5	15410	  0
29/09/2017	21:20:01	  	L	00000000	 50	 74	 53	 31	  0	  1	  0	  4	  4	  4	  4	  4	  4	  4	  4	  0	  0	  0	  0	  0	  0	  0	  0	  0	  0	  0	  0	  0	  0	  0	  0	  0	  0	  0	  0	  0	  0	  0	  0	 73	 53	 34	 74	  0	 31	  0	  0	  0	  0	  0	  0	  0	  0	  0	  0	  0	  5	19255	  0
29/09/2017	21:25:01	<-	L	00000000	 50	 78	 55	 29	  0	  6	  0	  4	  4	  4	  4	  4	  4	  4	  4	  0	  0	  0	  0	  0	  0	  0	  0	  0	  0	  0	  0	  0	  0	  0	  0	  0	  0	  0	  0	  0	  0	  0	  0	 78	 55	 29	 73	  0	 39	  0	  0	  0	  0	  0	  0	  0	  0	  0	  0	  0	  5	18741	  0
29/09/2017	21:30:01	<-	L	00000000	 50	 75	 54	 32	  0	 11	  0	  4	  4	  4	  4	  4	  4	  4	  4	  0	  0	  0	  0	  0	  0	  0	  0	  0	  0	  0	  0	  0	  0	  0	  0	  0	  0	  0	  0	  0	  0	  0	  0	 75	 54	 32	 71	  0	 40	  0	  0	  0	  0	  0	  0	  0	  0	  0	  0	  0	  5	18227	  0
29/09/2017	21:35:01	<-	L	00000000	 50	 73	 53	 34	  0	 16	  0	  4	  4	  4	  4	  4	  4	  4	  4	  0	  0	  0	  0	  0	  0	  0	  0	  0	  0	  0	  0	  0	  0	  0	  0	  0	  0	  0	  0	  0	  0	  0	  0	 73	 53	 34	 71	  0	 39	  0	  0	  0	  0	  0	  0	  0	  0	  0	  0	  0	  5	17713	  0
29/09/2017	21:40:01	<-	L	00000000	 50	 71	 51	 31	  0	 21	  0	  4	  4	  4	  4	  4	  4	  4	  4	  0	  0	  0	  0	  0	  0	  0	  0	  0	  0	  0	  0	  0	  0	  0	  0	  0	  0	  0	  0	  0	  0	  0	  0	 71	 51	 34	 70	  0	 35	  0	  0	  0	  0	  0	  0	  0	  0	  0	  0	  0	  5	17199	  0
29/09/2017	21:45:01	<-	L	00000000	 50	 70	 50	 33	  0	 26	  0	  4	  4	  4	  4	  4	  4	  4	  4	  0	  0	  0	  0	  0	  0	  0	  0	  0	  0	  0	  0	  0	  0	  0	  0	  0	  0	  0	  0	  0	  0	  0	  0	 70	 50	 33	 68	  0	 37	  0	  0	  0	  0	  0	  0	  0	  0	  0	  0	  0	  5	16685	  0
29/09/2017	21:50:01	<-	L	00000000	 50	 69	 48	 29	  0	 31	  0	  4	  4	  4	  4	  4	  4	  4	  4	  0	  0	  0	  0	  0	  0	  0	  0	  0	  0	  0	  0	  0	  0	  0	  0	  0	  0	  0	  0	  0	  0	  0	  0	 69	 48	 29	 68	  0	 32	  0	  0	  0	  0	  0	  0	  0	  0	  0	  0	  0	  5	16171	  0
29/09/2017	21:55:02	<-	L	00000000	 50	 69	 47	 28	  0	 36	  0	  4	  4	  4	  4	  4	  4	  4	  4	  0	  0	  0	  0	  0	  0	  0	  0	  0	  0	  0	  0	  0	  0	  0	  0	  0	  0	  0	  0	  0	  0	  0	  0	 69	 47	 28	 68	  0	 29	  0	  0	  0	  0	  0	  0	  0	  0	  0	  0	  0	  5	15400	  0
29/09/2017	22:00:02	<-	L	00000000	 50	 68	 46	 27	  0	 41	  0	  4	  4	  4	  4	  4	  4	  4	  4	  0	  0	  0	  0	  0	  0	  0	  0	  0	  0	  0	  0	  0	  0	  0	  0	  0	  0	  0	  0	  0	  0	  0	  0	 68	 46	 27	 67	  0	 28	  0	  0	  0	  0	  0	  0	  0	  0	  0	  0	  0	  5	14886	  0
29/09/2017	22:05:01	<-	L	00000000	 50	 67	 44	 24	  0	 46	  0	  4	  4	  4	  4	  4	  4	  4	  4	  0	  0	  0	  0	  0	  0	  0	  0	  0	  0	  0	  0	  0	  0	  0	  0	  0	  0	  0	  0	  0	  0	  0	  0	 67	 44	 24	 66	  0	 26	  0	  0	  0	  0	  0	  0	  0	  0	  0	  0	  0	  5	14372	  0
29/09/2017	22:10:01	<-	L	00000000	 50	 66	 43	 24	  0	 51	  0	  4	  4	  4	  4	  4	  4	  4	  4	  0	  0	  0	  0	  0	  0	  0	  0	  0	  0	  0	  0	  0	  0	  0	  0	  0	  0	  0	  0	  0	  0	  0	  0	 66	 43	 24	 65	  0	 26	  0	  0	  0	  0	  0	  0	  0	  0	  0	  0	  0	  5	13858	  0
29/09/2017	22:15:01	<-	L	00000000	 50	 65	 43	 26	  0	 56	  0	  4	  4	  4	  4	  4	  4	  4	  4	  0	  0	  0	  0	  0	  0	  0	  0	  0	  0	  0	  0	  0	  0	  0	  0	  0	  0	  0	  0	  0	  0	  0	  0	 65	 43	 26	 65	  0	 26	  0	  0	  0	  0	  0	  0	  0	  0	  0	  0	  0	  5	13344	  0
29/09/2017	22:20:02	<-	L	00000000	 60	 65	 42	 25	  0	  0	  0	  4	  4	  4	  4	  4	  4	  4	  4	  0	  0	  0	  0	  0	  0	  0	  0	  0	  0	  0	  0	  0	  0	  0	  0	  0	  0	  0	  0	  0	  0	  0	  0	 65	 42	 23	 64	  0	 25	  0	  0	  0	  0	  0	  0	  0	  0	  0	  0	  0	  5	12830	  0
