08/05/2017	23:45:30	->	L	00000000	 10	 26	 20	 65	  0	  3	  0	  4	  4	  4	  4	  4	  4	  4	  4	  0	  0	  0	  0	  0	  0	  0	  0	  0	  0	  0	  0	  0	  0	  0	  0	  0	  0	  0	  0	  0	  0	  0	  0	 24	 20	 76	 26	  0	 65	  0	  0	  0	  0	  0	  0	  0	  0	  0	  0	  0	  5	6682	  1
08/05/2017	23:50:30	->	L	00000000	 10	 28	 17	 48	  0	  8	  0	  4	  4	  4	  4	  4	  4	  4	  4	  0	  0	  0	  0	  0	  0	  0	  0	  0	  0	  0	  0	  0	  0	  0	  0	  0	  0	  0	  0	  0	  0	  0	  0	 19	 17	 88	 28	  0	 44	  0	  0	  0	  0	  0	  0	  0	  0	  0	  0	  0	  5	6939	  1
08/05/2017	23:55:31	->	L	00000000	 10	 27	 17	 56	  0	 13	  0	  4	  4	  4	  4	  4	  4	  4	  4	  0	  0	  0	  0	  0	  0	  0	  0	  0	  0	  0	  0	  0	  0	  0	  0	  0	  0	  0	  0	  0	  0	  0	  0	 20	 17	 82	 27	  0	 48	  0	  0	  0	  0	  0	  0	  0	  0	  0	  0	  0	  5	7196	  1
09/05/2017	00:00:31	->	L	00000000	 10	 27	 20	 56	  0	 18	  0	  4	  4	  4	  4	  4	  4	  4	  4	  0	  0	  0	  0	  0	  0	  0	  0	  0	  0	  0	  0	  0	  0	  0	  0	  0	  0	  0	  0	  0	  0	  0	  0	 22	 20	 88	 27	  0	 60	  0	  0	  0	  0	  0	  0	  0	  0	  0	  0	  0	  5	7453	  1
09/05/2017	00:05:31	->	L	00000000	 10	 30	 21	 53	  0	 23	  0	  4	  4	  4	  4	  4	  4	  4	  4	  0	  0	  0	  0	  0	  0	  0	  0	  0	  0	  0	  0	  0	  0	  0	  0	  0	  0	  0	  0	  0	  0	  0	  0	 23	 21	 88	 30	  0	 53	  0	  0	  0	  0	  0	  0	  0	  0	  0	  0	  0	  5	7710	  1
09/05/2017	00:10:31	->	L	00000000	 10	 31	 22	 53	  0	 28	  0	  4	  4	  4	  4	  4	  4	  4	  4	  0	  0	  0	  0	  0	  0	  0	  0	  0	  0	  0	  0	  0	  0	  0	  0	  0	  0	  0	  0	  0	  0	  0	  0	 24	 22	 88	 31	  0	 53	  0	  0	  0	  0	  0	  0	  0	  0	  0	  0	  0	  5	7967	  1
09/05/2017	00:15:31	->	L	00000000	 10	 31	 22	 53	  0	 33	  0	  4	  4	  4	  4	  4	  4	  4	  4	  0	  0	  0	  0	  0	  0	  0	  0	  0	  0	  0	  0	  0	  0	  0	  0	  0	  0	  0	  0	  0	  0	  0	  0	 24	 22	 88	 31	  0	 53	  0	  0	  0	  0	  0	  0	  0	  0	  0	  0	  0	  5	7967	  1
09/05/2017	00:20:31	->	L	00000000	 10	 32	 24	 53	  0	 38	  0	  4	  4	  4	  4	  4	  4	  4	  4	  0	  0	  0	  0	  0	  0	  0	  0	  0	  0	  0	  0	  0	  0	  0	  0	  0	  0	  0	  0	  0	  0	  0	  0	 26	 24	 88	 32	  0	 57	  0	  0	  0	  0	  0	  0	  0	  0	  0	  0	  0	  5	8224	  1
09/05/2017	00:25:31	->	L	00000000	 10	 33	 24	 57	  0	 43	  0	  4	  4	  4	  4	  4	  4	  4	  4	  0	  0	  0	  0	  0	  0	  0	  0	  0	  0	  0	  0	  0	  0	  0	  0	  0	  0	  0	  0	  0	  0	  0	  0	 26	 24	 88	 33	  0	 54	  0	  0	  0	  0	  0	  0	  0	  0	  0	  0	  0	  5	8481	  1
09/05/2017	00:30:31	->	L	00000000	 10	 34	 25	 50	  0	 48	  0	  4	  4	  4	  4	  4	  4	  4	  4	  0	  0	  0	  0	  0	  0	  0	  0	  0	  0	  0	  0	  0	  0	  0	  0	  0	  0	  0	  0	  0	  0	  0	  0	 28	 25	 83	 34	  0	 54	  0	  0	  0	  0	  0	  0	  0	  0	  0	  0	  0	  5	8738	  1
09/05/2017	00:35:31	->	L	00000000	 10	 37	 26	 47	  0	 53	  0	  4	  4	  4	  4	  4	  4	  4	  4	  0	  0	  0	  0	  0	  0	  0	  0	  0	  0	  0	  0	  0	  0	  0	  0	  0	  0	  0	  0	  0	  0	  0	  0	 29	 26	 83	 37	  0	 47	  0	  0	  0	  0	  0	  0	  0	  0	  0	  0	  0	  5	8995	  1
09/05/2017	00:40:31	->	L	00000000	 10	 36	 27	 55	  0	 58	  0	  4	  4	  4	  4	  4	  4	  4	  4	  0	  0	  0	  0	  0	  0	  0	  0	  0	  0	  0	  0	  0	  0	  0	  0	  0	  0	  0	  0	  0	  0	  0	  0	 29	 27	 88	 36	  0	 55	  0	  0	  0	  0	  0	  0	  0	  0	  0	  0	  0	  5	9252	  1
09/05/2017	00:45:31	->	L	00000000	 10	 37	 28	 55	  0	 63	  0	  4	  4	  4	  4	  4	  4	  4	  4	  0	  0	  0	  0	  0	  0	  0	  0	  0	  0	  0	  0	  0	  0	  0	  0	  0	  0	  0	  0	  0	  0	  0	  0	 30	 28	 88	 37	  0	 55	  0	  0	  0	  0	  0	  0	  0	  0	  0	  0	  0	  5	9509	  1
09/05/2017	00:50:31	->	L	00000000	 10	 37	 28	 55	  0	 68	  0	  4	  4	  4	  4	  4	  4	  4	  4	  0	  0	  0	  0	  0	  0	  0	  0	  0	  0	  0	  0	  0	  0	  0	  0	  0	  0	  0	  0	  0	  0	  0	  0	 30	 28	 88	 37	  0	 55	  0	  0	  0	  0	  0	  0	  0	  0	  0	  0	  0	  5	9766	  1
09/05/2017	00:55:31	->	L	00000000	 10	 36	 29	 63	  0	 73	  0	  4	  4	  4	  4	  4	  4	  4	  4	  0	  0	  0	  0	  0	  0	  0	  0	  0	  0	  0	  0	  0	  0	  0	  0	  0	  0	  0	  0	  0	  0	  0	  0	 31	 29	 88	 36	  0	 63	  0	  0	  0	  0	  0	  0	  0	  0	  0	  0	  0	  5	10023	  1
09/05/2017	01:00:31	->	L	00000000	 10	 34	 30	 75	  0	 78	  0	  4	  4	  4	  4	  4	  4	  4	  4	  0	  0	  0	  0	  0	  0	  0	  0	  0	  0	  0	  0	  0	  0	  0	  0	  0	  0	  0	  0	  0	  0	  0	  0	 32	 30	 88	 34	  0	 77	  0	  0	  0	  0	  0	  0	  0	  0	  0	  0	  0	  5	10280	  1
09/05/2017	01:05:31	->	L	00000000	 10	 38	 31	 63	  0	 83	  0	  4	  4	  4	  4	  4	  4	  4	  4	  0	  0	  0	  0	  0	  0	  0	  0	  0	  0	  0	  0	  0	  0	  0	  0	  0	  0	  0	  0	  0	  0	  0	  0	 34	 31	 83	 38	  0	 63	  0	  0	  0	  0	  0	  0	  0	  0	  0	  0	  0	  5	10280	  1
09/05/2017	01:10:31	->	L	00000000	 10	 40	 32	 59	  0	 88	  0	  4	  4	  4	  4	  4	  4	  4	  4	  0	  0	  0	  0	  0	  0	  0	  0	  0	  0	  0	  0	  0	  0	  0	  0	  0	  0	  0	  0	  0	  0	  0	  0	 35	 32	 83	 40	  0	 59	  0	  0	  0	  0	  0	  0	  0	  0	  0	  0	  0	  5	10537	  1
09/05/2017	01:15:31	->	L	00000000	 10	 41	 33	 56	  0	 93	  0	  4	  4	  4	  4	  4	  4	  4	  4	  0	  0	  0	  0	  0	  0	  0	  0	  0	  0	  0	  0	  0	  0	  0	  0	  0	  0	  0	  0	  0	  0	  0	  0	 36	 33	 83	 41	  0	 60	  0	  0	  0	  0	  0	  0	  0	  0	  0	  0	  0	  5	10794	  1
09/05/2017	01:20:31	->	L	00000000	 10	 41	 34	 64	  0	 98	  0	  4	  4	  4	  4	  4	  4	  4	  4	  0	  0	  0	  0	  0	  0	  0	  0	  0	  0	  0	  0	  0	  0	  0	  0	  0	  0	  0	  0	  0	  0	  0	  0	 36	 34	 89	 41	  0	 64	  0	  0	  0	  0	  0	  0	  0	  0	  0	  0	  0	  5	11051	  1
09/05/2017	01:25:31	->	L	00000000	 10	 39	 35	 78	  0	103	  0	  4	  4	  4	  4	  4	  4	  4	  4	  0	  0	  0	  0	  0	  0	  0	  0	  0	  0	  0	  0	  0	  0	  0	  0	  0	  0	  0	  0	  0	  0	  0	  0	 37	 35	 89	 39	  0	 78	  0	  0	  0	  0	  0	  0	  0	  0	  0	  0	  0	  5	11308	  1
09/05/2017	01:30:31	->	L	00000000	 10	 43	 36	 69	  0	108	  0	  4	  4	  4	  4	  4	  4	  4	  4	  0	  0	  0	  0	  0	  0	  0	  0	  0	  0	  0	  0	  0	  0	  0	  0	  0	  0	  0	  0	  0	  0	  0	  0	 38	 36	 89	 43	  0	 64	  0	  0	  0	  0	  0	  0	  0	  0	  0	  0	  0	  5	11565	  1
09/05/2017	01:35:30	->	L	00000000	 10	 44	 37	 65	  0	113	  0	  4	  4	  4	  4	  4	  4	  4	  4	  0	  0	  0	  0	  0	  0	  0	  0	  0	  0	  0	  0	  0	  0	  0	  0	  0	  0	  0	  0	  0	  0	  0	  0	 39	 37	 89	 44	  0	 65	  0	  0	  0	  0	  0	  0	  0	  0	  0	  0	  0	  5	11822	  1
09/05/2017	01:40:30	->	L	00000000	 10	 44	 37	 65	  0	118	  0	  4	  4	  4	  4	  4	  4	  4	  4	  0	  0	  0	  0	  0	  0	  0	  0	  0	  0	  0	  0	  0	  0	  0	  0	  0	  0	  0	  0	  0	  0	  0	  0	 40	 37	 84	 44	  0	 65	  0	  0	  0	  0	  0	  0	  0	  0	  0	  0	  0	  5	12079	  1
09/05/2017	01:45:30	<-	L	00000000	 10	 46	 40	 65	  0	123	  0	  4	  4	  4	  4	  4	  4	  4	  4	  0	  0	  0	  0	  0	  0	  0	  0	  0	  0	  0	  0	  0	  0	  0	  0	  0	  0	  0	  0	  0	  0	  0	  0	 44	 40	 79	 46	  0	 69	  0	  0	  0	  0	  0	  0	  0	  0	  0	  0	  0	  5	12336	  1
09/05/2017	01:50:30	<-	L	00000000	 10	 42	 40	 94	  0	128	  0	  4	  4	  4	  4	  4	  4	  4	  4	  0	  0	  0	  0	  0	  0	  0	  0	  0	  0	  0	  0	  0	  0	  0	  0	  0	  0	  0	  0	  0	  0	  0	  0	 42	 40	 89	 41	  0	 94	  0	  0	  0	  0	  0	  0	  0	  0	  0	  0	  0	  5	12593	  1
09/05/2017	01:55:30	<-	L	00000000	 10	 43	 42	 89	  0	133	  0	  4	  4	  4	  4	  4	  4	  4	  4	  0	  0	  0	  0	  0	  0	  0	  0	  0	  0	  0	  0	  0	  0	  0	  0	  0	  0	  0	  0	  0	  0	  0	  0	 43	 42	 94	 42	  0	100	  0	  0	  0	  0	  0	  0	  0	  0	  0	  0	  0	  5	12593	  1
09/05/2017	02:00:30	<-	L	00000000	 10	 44	 43	 89	  0	138	  0	  4	  4	  4	  4	  4	  4	  4	  4	  0	  0	  0	  0	  0	  0	  0	  0	  0	  0	  0	  0	  0	  0	  0	  0	  0	  0	  0	  0	  0	  0	  0	  0	 44	 43	 94	 43	  0	100	  0	  0	  0	  0	  0	  0	  0	  0	  0	  0	  0	  5	12850	  1
09/05/2017	02:05:31	<-	L	00000000	 10	 45	 43	 94	  0	143	  0	  4	  4	  4	  4	  4	  4	  4	  4	  0	  0	  0	  0	  0	  0	  0	  0	  0	  0	  0	  0	  0	  0	  0	  0	  0	  0	  0	  0	  0	  0	  0	  0	 45	 43	 89	 44	  0	 94	  0	  0	  0	  0	  0	  0	  0	  0	  0	  0	  0	  5	13107	  1
09/05/2017	02:10:31	<-	L	00000000	 10	 45	 44	 89	  0	148	  0	  4	  4	  4	  4	  4	  4	  4	  4	  0	  0	  0	  0	  0	  0	  0	  0	  0	  0	  0	  0	  0	  0	  0	  0	  0	  0	  0	  0	  0	  0	  0	  0	 45	 44	 94	 45	  0	 94	  0	  0	  0	  0	  0	  0	  0	  0	  0	  0	  0	  5	13364	  1
09/05/2017	02:15:30	<-	L	00000000	 10	 46	 45	 94	  0	153	  0	  4	  4	  4	  4	  4	  4	  4	  4	  0	  0	  0	  0	  0	  0	  0	  0	  0	  0	  0	  0	  0	  0	  0	  0	  0	  0	  0	  0	  0	  0	  0	  0	 46	 45	 94	 45	  0	100	  0	  0	  0	  0	  0	  0	  0	  0	  0	  0	  0	  5	13621	  1
09/05/2017	02:20:30	<-	L	00000000	 10	 47	 45	 89	  0	158	  0	  4	  4	  4	  4	  4	  4	  4	  4	  0	  0	  0	  0	  0	  0	  0	  0	  0	  0	  0	  0	  0	  0	  0	  0	  0	  0	  0	  0	  0	  0	  0	  0	 47	 45	 89	 46	  0	 94	  0	  0	  0	  0	  0	  0	  0	  0	  0	  0	  0	  5	13878	  1
09/05/2017	02:25:30	<-	L	00000000	 10	 47	 46	 89	  0	163	  0	  4	  4	  4	  4	  4	  4	  4	  4	  0	  0	  0	  0	  0	  0	  0	  0	  0	  0	  0	  0	  0	  0	  0	  0	  0	  0	  0	  0	  0	  0	  0	  0	 47	 46	 94	 47	  0	 94	  0	  0	  0	  0	  0	  0	  0	  0	  0	  0	  0	  5	14135	  1
09/05/2017	02:30:30	<-	L	00000000	 10	 48	 47	 94	  0	168	  0	  4	  4	  4	  4	  4	  4	  4	  4	  0	  0	  0	  0	  0	  0	  0	  0	  0	  0	  0	  0	  0	  0	  0	  0	  0	  0	  0	  0	  0	  0	  0	  0	 48	 47	 94	 47	  0	100	  0	  0	  0	  0	  0	  0	  0	  0	  0	  0	  0	  5	14392	  1
09/05/2017	02:35:30	<-	L	00000000	 10	 49	 47	 89	  0	173	  0	  4	  4	  4	  4	  4	  4	  4	  4	  0	  0	  0	  0	  0	  0	  0	  0	  0	  0	  0	  0	  0	  0	  0	  0	  0	  0	  0	  0	  0	  0	  0	  0	 49	 47	 89	 48	  0	 94	  0	  0	  0	  0	  0	  0	  0	  0	  0	  0	  0	  5	14649	  1
09/05/2017	02:40:30	<-	L	00000000	 10	 49	 48	 94	  0	178	  0	  4	  4	  4	  4	  4	  4	  4	  4	  0	  0	  0	  0	  0	  0	  0	  0	  0	  0	  0	  0	  0	  0	  0	  0	  0	  0	  0	  0	  0	  0	  0	  0	 49	 48	 94	 49	  0	 94	  0	  0	  0	  0	  0	  0	  0	  0	  0	  0	  0	  5	14906	  1
09/05/2017	02:45:30	<-	L	00000000	 10	 50	 48	 89	  0	183	  0	  4	  4	  4	  4	  4	  4	  4	  4	  0	  0	  0	  0	  0	  0	  0	  0	  0	  0	  0	  0	  0	  0	  0	  0	  0	  0	  0	  0	  0	  0	  0	  0	 50	 48	 89	 49	  0	 94	  0	  0	  0	  0	  0	  0	  0	  0	  0	  0	  0	  5	14906	  1
09/05/2017	02:50:30	<-	L	00000000	 10	 51	 49	 90	  0	188	  0	  4	  4	  4	  4	  4	  4	  4	  4	  0	  0	  0	  0	  0	  0	  0	  0	  0	  0	  0	  0	  0	  0	  0	  0	  0	  0	  0	  0	  0	  0	  0	  0	 51	 49	 90	 50	  0	 94	  0	  0	  0	  0	  0	  0	  0	  0	  0	  0	  0	  5	15163	  1
09/05/2017	02:55:30	<-	L	00000000	 10	 52	 50	 90	  0	193	  0	  4	  4	  4	  4	  4	  4	  4	  4	  0	  0	  0	  0	  0	  0	  0	  0	  0	  0	  0	  0	  0	  0	  0	  0	  0	  0	  0	  0	  0	  0	  0	  0	 52	 50	 90	 51	  0	 94	  0	  0	  0	  0	  0	  0	  0	  0	  0	  0	  0	  5	15420	  1
09/05/2017	03:00:30	<-	L	00000000	 10	 52	 50	 90	  0	198	  0	  4	  4	  4	  4	  4	  4	  4	  4	  0	  0	  0	  0	  0	  0	  0	  0	  0	  0	  0	  0	  0	  0	  0	  0	  0	  0	  0	  0	  0	  0	  0	  0	 52	 50	 90	 51	  0	 94	  0	  0	  0	  0	  0	  0	  0	  0	  0	  0	  0	  5	15677	  1
09/05/2017	03:05:30	<-	L	00000000	 10	 53	 51	 90	  0	203	  0	  4	  4	  4	  4	  4	  4	  4	  4	  0	  0	  0	  0	  0	  0	  0	  0	  0	  0	  0	  0	  0	  0	  0	  0	  0	  0	  0	  0	  0	  0	  0	  0	 53	 51	 90	 52	  0	 94	  0	  0	  0	  0	  0	  0	  0	  0	  0	  0	  0	  5	15934	  1
09/05/2017	03:10:30	<-	L	00000000	 10	 55	 52	 90	  0	208	  0	  4	  4	  4	  4	  4	  4	  4	  4	  0	  0	  0	  0	  0	  0	  0	  0	  0	  0	  0	  0	  0	  0	  0	  0	  0	  0	  0	  0	  0	  0	  0	  0	 55	 52	 86	 53	  0	 94	  0	  0	  0	  0	  0	  0	  0	  0	  0	  0	  0	  5	16191	  1
09/05/2017	03:15:30	<-	L	00000000	 10	 56	 52	 80	  0	213	  0	  4	  4	  4	  4	  4	  4	  4	  4	  0	  0	  0	  0	  0	  0	  0	  0	  0	  0	  0	  0	  0	  0	  0	  0	  0	  0	  0	  0	  0	  0	  0	  0	 56	 52	 80	 54	  0	 90	  0	  0	  0	  0	  0	  0	  0	  0	  0	  0	  0	  5	16448	  1
09/05/2017	03:20:30	<-	L	00000000	 10	 56	 53	 86	  0	218	  0	  4	  4	  4	  4	  4	  4	  4	  4	  0	  0	  0	  0	  0	  0	  0	  0	  0	  0	  0	  0	  0	  0	  0	  0	  0	  0	  0	  0	  0	  0	  0	  0	 56	 53	 86	 54	  0	 94	  0	  0	  0	  0	  0	  0	  0	  0	  0	  0	  0	  5	16705	  1
09/05/2017	03:25:30	<-	L	00000000	 10	 56	 54	 90	  0	223	  0	  4	  4	  4	  4	  4	  4	  4	  4	  0	  0	  0	  0	  0	  0	  0	  0	  0	  0	  0	  0	  0	  0	  0	  0	  0	  0	  0	  0	  0	  0	  0	  0	 56	 54	 90	 55	  0	 94	  0	  0	  0	  0	  0	  0	  0	  0	  0	  0	  0	  5	16962	  1
09/05/2017	03:30:30	<-	L	00000000	 10	 60	 54	 78	  0	228	  0	  4	  4	  4	  4	  4	  4	  4	  4	  0	  0	  0	  0	  0	  0	  0	  0	  0	  0	  0	  0	  0	  0	  0	  0	  0	  0	  0	  0	  0	  0	  0	  0	 60	 54	 72	 56	  0	 94	  0	  0	  0	  0	  0	  0	  0	  0	  0	  0	  0	  5	17219	  1
09/05/2017	03:35:30	<-	L	00000000	 10	 61	 55	 78	  0	233	  0	  4	  4	  4	  4	  4	  4	  4	  4	  0	  0	  0	  0	  0	  0	  0	  0	  0	  0	  0	  0	  0	  0	  0	  0	  0	  0	  0	  0	  0	  0	  0	  0	 61	 55	 72	 56	  0	 94	  0	  0	  0	  0	  0	  0	  0	  0	  0	  0	  0	  5	17219	  1
09/05/2017	03:40:30	<-	L	00000000	 10	 63	 56	 73	  0	238	  0	  4	  4	  4	  4	  4	  4	  4	  4	  0	  0	  0	  0	  0	  0	  0	  0	  0	  0	  0	  0	  0	  0	  0	  0	  0	  0	  0	  0	  0	  0	  0	  0	 63	 56	 69	 57	  0	 94	  0	  0	  0	  0	  0	  0	  0	  0	  0	  0	  0	  5	17476	  1
09/05/2017	03:45:30	  	L	00000000	 10	 64	 57	 66	  0	243	  0	  4	  4	  4	  4	  4	  4	  4	  4	  0	  0	  0	  0	  0	  0	  0	  0	  0	  0	  0	  0	  0	  0	  0	  0	  0	  0	  0	  0	  0	  0	  0	  0	 64	 57	 70	 58	  0	 94	  0	  0	  0	  0	  0	  0	  0	  0	  0	  0	  0	  5	17733	  1
09/05/2017	03:50:30	->	L	00000000	 10	 65	 55	 63	  0	248	  0	  4	  4	  4	  4	  4	  4	  4	  4	  0	  0	  0	  0	  0	  0	  0	  0	  0	  0	  0	  0	  0	  0	  0	  0	  0	  0	  0	  0	  0	  0	  0	  0	 58	 55	 86	 65	  0	 59	  0	  0	  0	  0	  0	  0	  0	  0	  0	  0	  0	  5	17990	  1
09/05/2017	03:55:30	->	L	00000000	 10	 65	 56	 66	  0	253	  0	  4	  4	  4	  4	  4	  4	  4	  4	  0	  0	  0	  0	  0	  0	  0	  0	  0	  0	  0	  0	  0	  0	  0	  0	  0	  0	  0	  0	  0	  0	  0	  0	 59	 56	 86	 65	  0	 63	  0	  0	  0	  0	  0	  0	  0	  0	  0	  0	  0	  5	18247	  1
09/05/2017	04:00:30	->	L	00000000	 10	 66	 57	 63	  0	258	  0	  4	  4	  4	  4	  4	  4	  4	  4	  0	  0	  0	  0	  0	  0	  0	  0	  0	  0	  0	  0	  0	  0	  0	  0	  0	  0	  0	  0	  0	  0	  0	  0	 60	 57	 86	 66	  0	 63	  0	  0	  0	  0	  0	  0	  0	  0	  0	  0	  0	  5	18504	  1
09/05/2017	04:05:30	->	L	00000000	 10	 67	 57	 60	  0	263	  0	  4	  4	  4	  4	  4	  4	  4	  4	  0	  0	  0	  0	  0	  0	  0	  0	  0	  0	  0	  0	  0	  0	  0	  0	  0	  0	  0	  0	  0	  0	  0	  0	 60	 57	 86	 67	  0	 60	  0	  0	  0	  0	  0	  0	  0	  0	  0	  0	  0	  5	18761	  1
09/05/2017	04:10:30	->	L	00000000	 10	 67	 58	 63	  0	268	  0	  4	  4	  4	  4	  4	  4	  4	  4	  0	  0	  0	  0	  0	  0	  0	  0	  0	  0	  0	  0	  0	  0	  0	  0	  0	  0	  0	  0	  0	  0	  0	  0	 61	 58	 86	 67	  0	 63	  0	  0	  0	  0	  0	  0	  0	  0	  0	  0	  0	  5	19018	  1
09/05/2017	04:15:30	->	L	00000000	 10	 67	 58	 63	  0	273	  0	  4	  4	  4	  4	  4	  4	  4	  4	  0	  0	  0	  0	  0	  0	  0	  0	  0	  0	  0	  0	  0	  0	  0	  0	  0	  0	  0	  0	  0	  0	  0	  0	 61	 59	 86	 68	  0	 63	  0	  0	  0	  0	  0	  0	  0	  0	  0	  0	  0	  5	19275	  1
09/05/2017	04:20:30	->	L	00000000	 10	 68	 60	 63	  0	278	  0	  4	  4	  4	  4	  4	  4	  4	  4	  0	  0	  0	  0	  0	  0	  0	  0	  0	  0	  0	  0	  0	  0	  0	  0	  0	  0	  0	  0	  0	  0	  0	  0	 62	 60	 90	 68	  0	 67	  0	  0	  0	  0	  0	  0	  0	  0	  0	  0	  0	  5	19532	  1
09/05/2017	04:25:30	->	L	00000000	 10	 69	 60	 67	  0	283	  0	  4	  4	  4	  4	  4	  4	  4	  4	  0	  0	  0	  0	  0	  0	  0	  0	  0	  0	  0	  0	  0	  0	  0	  0	  0	  0	  0	  0	  0	  0	  0	  0	 63	 60	 86	 69	  0	 64	  0	  0	  0	  0	  0	  0	  0	  0	  0	  0	  0	  5	19532	  1
09/05/2017	04:30:30	->	L	00000000	 10	 68	 60	 71	  0	288	  0	  4	  4	  4	  4	  4	  4	  4	  4	  0	  0	  0	  0	  0	  0	  0	  0	  0	  0	  0	  0	  0	  0	  0	  0	  0	  0	  0	  0	  0	  0	  0	  0	 63	 60	 86	 68	  0	 67	  0	  0	  0	  0	  0	  0	  0	  0	  0	  0	  0	  5	19789	  1
09/05/2017	04:35:30	->	L	00000000	 10	 69	 60	 64	  0	293	  0	  4	  4	  4	  4	  4	  4	  4	  4	  0	  0	  0	  0	  0	  0	  0	  0	  0	  0	  0	  0	  0	  0	  0	  0	  0	  0	  0	  0	  0	  0	  0	  0	 63	 60	 86	 69	  0	 64	  0	  0	  0	  0	  0	  0	  0	  0	  0	  0	  0	  5	20046	  1
09/05/2017	04:40:30	->	L	00000000	 10	 70	 61	 67	  0	298	  0	  4	  4	  4	  4	  4	  4	  4	  4	  0	  0	  0	  0	  0	  0	  0	  0	  0	  0	  0	  0	  0	  0	  0	  0	  0	  0	  0	  0	  0	  0	  0	  0	 64	 61	 87	 70	  0	 64	  0	  0	  0	  0	  0	  0	  0	  0	  0	  0	  0	  5	20303	  1
09/05/2017	04:45:30	->	L	00000000	 21	 70	 62	 64	  0	  2	  0	  4	  4	  4	  4	  4	  4	  4	  4	  0	  0	  0	  0	  0	  0	  0	  0	  0	  0	  0	  0	  0	  0	  0	  0	  0	  0	  0	  0	  0	  0	  0	  0	 64	 62	 90	 70	  0	 67	  0	  0	  0	  0	  0	  0	  0	  0	  0	  0	  0	  5	21836	  0
09/05/2017	04:50:30	->	L	00000000	 21	 70	 62	 64	  0	  7	  0	  4	  4	  4	  4	  4	  4	  4	  4	  0	  0	  0	  0	  0	  0	  0	  0	  0	  0	  0	  0	  0	  0	  0	  0	  0	  0	  0	  0	  0	  0	  0	  0	 65	 62	 87	 70	  0	 64	  0	  0	  0	  0	  0	  0	  0	  0	  0	  0	  0	  5	21836	  0
09/05/2017	04:55:30	->	L	00000000	 21	 71	 62	 65	  0	 12	  0	  4	  4	  4	  4	  4	  4	  4	  4	  0	  0	  0	  0	  0	  0	  0	  0	  0	  0	  0	  0	  0	  0	  0	  0	  0	  0	  0	  0	  0	  0	  0	  0	 65	 62	 87	 71	  0	 64	  0	  0	  0	  0	  0	  0	  0	  0	  0	  0	  0	  5	21836	  0
09/05/2017	05:00:30	->	L	00000000	 21	 72	 63	 65	  0	 17	  0	  4	  4	  4	  4	  4	  4	  4	  4	  0	  0	  0	  0	  0	  0	  0	  0	  0	  0	  0	  0	  0	  0	  0	  0	  0	  0	  0	  0	  0	  0	  0	  0	 66	 63	 87	 72	  0	 65	  0	  0	  0	  0	  0	  0	  0	  0	  0	  0	  0	  5	21836	  0
09/05/2017	05:05:30	->	L	00000000	 21	 74	 63	 58	  0	 22	  0	  4	  4	  4	  4	  4	  4	  4	  4	  0	  0	  0	  0	  0	  0	  0	  0	  0	  0	  0	  0	  0	  0	  0	  0	  0	  0	  0	  0	  0	  0	  0	  0	 66	 63	 87	 74	  0	 58	  0	  0	  0	  0	  0	  0	  0	  0	  0	  0	  0	  5	21836	  0
09/05/2017	05:10:30	->	L	00000000	 21	 75	 64	 59	  0	 27	  0	  4	  4	  4	  4	  4	  4	  4	  4	  0	  0	  0	  0	  0	  0	  0	  0	  0	  0	  0	  0	  0	  0	  0	  0	  0	  0	  0	  0	  0	  0	  0	  0	 67	 64	 87	 75	  0	 59	  0	  0	  0	  0	  0	  0	  0	  0	  0	  0	  0	  5	21836	  0
09/05/2017	05:15:30	->	L	00000000	 21	 76	 65	 56	  0	 32	  0	  4	  4	  4	  4	  4	  4	  4	  4	  0	  0	  0	  0	  0	  0	  0	  0	  0	  0	  0	  0	  0	  0	  0	  0	  0	  0	  0	  0	  0	  0	  0	  0	 68	 65	 87	 76	  0	 59	  0	  0	  0	  0	  0	  0	  0	  0	  0	  0	  0	  5	21836	  0
09/05/2017	05:20:30	->	L	00000000	 21	 75	 65	 62	  0	 37	  0	  4	  4	  4	  4	  4	  4	  4	  4	  0	  0	  0	  0	  0	  0	  0	  0	  0	  0	  0	  0	  0	  0	  0	  0	  0	  0	  0	  0	  0	  0	  0	  0	 68	 65	 87	 76	  0	 62	  0	  0	  0	  0	  0	  0	  0	  0	  0	  0	  0	  5	21836	  0
09/05/2017	05:25:30	->	L	00000000	 21	 77	 65	 59	  0	 42	  0	  4	  4	  4	  4	  4	  4	  4	  4	  0	  0	  0	  0	  0	  0	  0	  0	  0	  0	  0	  0	  0	  0	  0	  0	  0	  0	  0	  0	  0	  0	  0	  0	 69	 65	 82	 77	  0	 57	  0	  0	  0	  0	  0	  0	  0	  0	  0	  0	  0	  5	21836	  0
09/05/2017	05:30:30	->	L	00000000	 21	 78	 67	 57	  0	 47	  0	  4	  4	  4	  4	  4	  4	  4	  4	  0	  0	  0	  0	  0	  0	  0	  0	  0	  0	  0	  0	  0	  0	  0	  0	  0	  0	  0	  0	  0	  0	  0	  0	 69	 67	 91	 78	  0	 60	  0	  0	  0	  0	  0	  0	  0	  0	  0	  0	  0	  5	21836	  0
09/05/2017	05:35:30	->	L	00000000	 21	 78	 67	 57	  0	 52	  0	  4	  4	  4	  4	  4	  4	  4	  4	  0	  0	  0	  0	  0	  0	  0	  0	  0	  0	  0	  0	  0	  0	  0	  0	  0	  0	  0	  0	  0	  0	  0	  0	 70	 67	 82	 78	  0	 60	  0	  0	  0	  0	  0	  0	  0	  0	  0	  0	  0	  5	21836	  0
09/05/2017	05:40:30	->	L	00000000	 21	 79	 67	 60	  0	 57	  0	  4	  4	  4	  4	  4	  4	  4	  4	  0	  0	  0	  0	  0	  0	  0	  0	  0	  0	  0	  0	  0	  0	  0	  0	  0	  0	  0	  0	  0	  0	  0	  0	 70	 67	 87	 79	  0	 57	  0	  0	  0	  0	  0	  0	  0	  0	  0	  0	  0	  5	21836	  0
09/05/2017	05:45:30	->	L	00000000	 21	 79	 68	 60	  0	 62	  0	  4	  4	  4	  4	  4	  4	  4	  4	  0	  0	  0	  0	  0	  0	  0	  0	  0	  0	  0	  0	  0	  0	  0	  0	  0	  0	  0	  0	  0	  0	  0	  0	 71	 68	 87	 79	  0	 60	  0	  0	  0	  0	  0	  0	  0	  0	  0	  0	  0	  5	21836	  0
09/05/2017	05:50:30	->	L	00000000	 21	 78	 68	 63	  0	 67	  0	  4	  4	  4	  4	  4	  4	  4	  4	  0	  0	  0	  0	  0	  0	  0	  0	  0	  0	  0	  0	  0	  0	  0	  0	  0	  0	  0	  0	  0	  0	  0	  0	 71	 68	 87	 78	  0	 63	  0	  0	  0	  0	  0	  0	  0	  0	  0	  0	  0	  5	21836	  0
09/05/2017	05:55:30	->	L	00000000	 21	 78	 69	 66	  0	 72	  0	  4	  4	  4	  4	  4	  4	  4	  4	  0	  0	  0	  0	  0	  0	  0	  0	  0	  0	  0	  0	  0	  0	  0	  0	  0	  0	  0	  0	  0	  0	  0	  0	 71	 69	 91	 78	  0	 66	  0	  0	  0	  0	  0	  0	  0	  0	  0	  0	  0	  5	21836	  0
09/05/2017	06:00:31	->	L	00000000	 21	 79	 70	 63	  0	 77	  0	  4	  4	  4	  4	  4	  4	  4	  4	  0	  0	  0	  0	  0	  0	  0	  0	  0	  0	  0	  0	  0	  0	  0	  0	  0	  0	  0	  0	  0	  0	  0	  0	 72	 70	 91	 79	  0	 67	  0	  0	  0	  0	  0	  0	  0	  0	  0	  0	  0	  5	21836	  0
09/05/2017	06:05:31	->	L	00000000	 21	 80	 70	 63	  0	 82	  0	  4	  4	  4	  4	  4	  4	  4	  4	  0	  0	  0	  0	  0	  0	  0	  0	  0	  0	  0	  0	  0	  0	  0	  0	  0	  0	  0	  0	  0	  0	  0	  0	 73	 70	 87	 80	  0	 63	  0	  0	  0	  0	  0	  0	  0	  0	  0	  0	  0	  5	21836	  0
09/05/2017	06:10:31	->	L	00000000	 21	 80	 70	 67	  0	 87	  0	  4	  4	  4	  4	  4	  4	  4	  4	  0	  0	  0	  0	  0	  0	  0	  0	  0	  0	  0	  0	  0	  0	  0	  0	  0	  0	  0	  0	  0	  0	  0	  0	 73	 70	 87	 80	  0	 63	  0	  0	  0	  0	  0	  0	  0	  0	  0	  0	  0	  5	21836	  0
09/05/2017	06:15:31	->	L	00000000	 21	 81	 71	 64	  0	 92	  0	  4	  4	  4	  4	  4	  4	  4	  4	  0	  0	  0	  0	  0	  0	  0	  0	  0	  0	  0	  0	  0	  0	  0	  0	  0	  0	  0	  0	  0	  0	  0	  0	 74	 71	 88	 81	  0	 64	  0	  0	  0	  0	  0	  0	  0	  0	  0	  0	  0	  5	21836	  0
09/05/2017	06:20:31	->	L	00000000	 21	 81	 71	 64	  0	 97	  0	  4	  4	  4	  4	  4	  4	  4	  4	  0	  0	  0	  0	  0	  0	  0	  0	  0	  0	  0	  0	  0	  0	  0	  0	  0	  0	  0	  0	  0	  0	  0	  0	 74	 71	 88	 81	  0	 64	  0	  0	  0	  0	  0	  0	  0	  0	  0	  0	  0	  5	21836	  0
09/05/2017	06:25:31	->	L	00000000	 21	 81	 72	 64	  0	102	  0	  4	  4	  4	  4	  4	  4	  4	  4	  0	  0	  0	  0	  0	  0	  0	  0	  0	  0	  0	  0	  0	  0	  0	  0	  0	  0	  0	  0	  0	  0	  0	  0	 74	 72	 91	 81	  0	 67	  0	  0	  0	  0	  0	  0	  0	  0	  0	  0	  0	  5	21836	  0
09/05/2017	06:30:30	->	L	00000000	 21	 82	 73	 64	  0	107	  0	  4	  4	  4	  4	  4	  4	  4	  4	  0	  0	  0	  0	  0	  0	  0	  0	  0	  0	  0	  0	  0	  0	  0	  0	  0	  0	  0	  0	  0	  0	  0	  0	 75	 73	 91	 82	  0	 67	  0	  0	  0	  0	  0	  0	  0	  0	  0	  0	  0	  5	21836	  0
09/05/2017	06:35:30	->	L	00000000	 21	 82	 73	 67	  0	112	  0	  4	  4	  4	  4	  4	  4	  4	  4	  0	  0	  0	  0	  0	  0	  0	  0	  0	  0	  0	  0	  0	  0	  0	  0	  0	  0	  0	  0	  0	  0	  0	  0	 76	 73	 88	 82	  0	 67	  0	  0	  0	  0	  0	  0	  0	  0	  0	  0	  0	  5	21836	  0
09/05/2017	06:40:30	->	L	00000000	 21	 82	 73	 68	  0	117	  0	  4	  4	  4	  4	  4	  4	  4	  4	  0	  0	  0	  0	  0	  0	  0	  0	  0	  0	  0	  0	  0	  0	  0	  0	  0	  0	  0	  0	  0	  0	  0	  0	 76	 73	 88	 82	  0	 67	  0	  0	  0	  0	  0	  0	  0	  0	  0	  0	  0	  5	21836	  0
09/05/2017	06:45:30	->	L	00000000	 21	 83	 74	 64	  0	122	  0	  4	  4	  4	  4	  4	  4	  4	  4	  0	  0	  0	  0	  0	  0	  0	  0	  0	  0	  0	  0	  0	  0	  0	  0	  0	  0	  0	  0	  0	  0	  0	  0	 76	 74	 91	 83	  0	 68	  0	  0	  0	  0	  0	  0	  0	  0	  0	  0	  0	  5	21836	  0
09/05/2017	06:50:30	<-	L	00000000	 21	 83	 74	 68	  0	127	  0	  4	  4	  4	  4	  4	  4	  4	  4	  0	  0	  0	  0	  0	  0	  0	  0	  0	  0	  0	  0	  0	  0	  0	  0	  0	  0	  0	  0	  0	  0	  0	  0	 83	 74	 68	 77	  0	 88	  0	  0	  0	  0	  0	  0	  0	  0	  0	  0	  0	  5	21836	  0
09/05/2017	06:55:30	<-	L	00000000	 21	 83	 74	 68	  0	132	  0	  4	  4	  4	  4	  4	  4	  4	  4	  0	  0	  0	  0	  0	  0	  0	  0	  0	  0	  0	  0	  0	  0	  0	  0	  0	  0	  0	  0	  0	  0	  0	  0	 83	 74	 68	 77	  0	 88	  0	  0	  0	  0	  0	  0	  0	  0	  0	  0	  0	  5	21836	  0
09/05/2017	07:00:30	<-	L	00000000	 21	 84	 75	 65	  0	137	  0	  4	  4	  4	  4	  4	  4	  4	  4	  0	  0	  0	  0	  0	  0	  0	  0	  0	  0	  0	  0	  0	  0	  0	  0	  0	  0	  0	  0	  0	  0	  0	  0	 84	 75	 68	 77	  0	 91	  0	  0	  0	  0	  0	  0	  0	  0	  0	  0	  0	  5	21836	  0
09/05/2017	07:05:30	<-	L	00000000	 21	 85	 75	 65	  0	142	  0	  4	  4	  4	  4	  4	  4	  4	  4	  0	  0	  0	  0	  0	  0	  0	  0	  0	  0	  0	  0	  0	  0	  0	  0	  0	  0	  0	  0	  0	  0	  0	  0	 85	 75	 65	 77	  0	 91	  0	  0	  0	  0	  0	  0	  0	  0	  0	  0	  0	  5	21836	  0
09/05/2017	07:10:30	<-	L	00000000	 21	 85	 75	 68	  0	147	  0	  4	  4	  4	  4	  4	  4	  4	  4	  0	  0	  0	  0	  0	  0	  0	  0	  0	  0	  0	  0	  0	  0	  0	  0	  0	  0	  0	  0	  0	  0	  0	  0	 85	 75	 65	 78	  0	 88	  0	  0	  0	  0	  0	  0	  0	  0	  0	  0	  0	  5	21836	  0
09/05/2017	07:15:30	<-	L	00000000	 21	 84	 76	 68	  0	152	  0	  4	  4	  4	  4	  4	  4	  4	  4	  0	  0	  0	  0	  0	  0	  0	  0	  0	  0	  0	  0	  0	  0	  0	  0	  0	  0	  0	  0	  0	  0	  0	  0	 84	 76	 71	 78	  0	 91	  0	  0	  0	  0	  0	  0	  0	  0	  0	  0	  0	  5	21836	  0
09/05/2017	07:20:30	<-	L	00000000	 21	 83	 75	 71	  0	157	  0	  4	  4	  4	  4	  4	  4	  4	  4	  0	  0	  0	  0	  0	  0	  0	  0	  0	  0	  0	  0	  0	  0	  0	  0	  0	  0	  0	  0	  0	  0	  0	  0	 83	 75	 71	 78	  0	 88	  0	  0	  0	  0	  0	  0	  0	  0	  0	  0	  0	  5	21836	  0
09/05/2017	07:25:30	<-	L	00000000	 21	 85	 76	 65	  0	162	  0	  4	  4	  4	  4	  4	  4	  4	  4	  0	  0	  0	  0	  0	  0	  0	  0	  0	  0	  0	  0	  0	  0	  0	  0	  0	  0	  0	  0	  0	  0	  0	  0	 85	 76	 68	 78	  0	 91	  0	  0	  0	  0	  0	  0	  0	  0	  0	  0	  0	  5	21836	  0
09/05/2017	07:30:30	<-	L	00000000	 21	 86	 77	 68	  0	167	  0	  4	  4	  4	  4	  4	  4	  4	  4	  0	  0	  0	  0	  0	  0	  0	  0	  0	  0	  0	  0	  0	  0	  0	  0	  0	  0	  0	  0	  0	  0	  0	  0	 86	 77	 69	 78	  0	 95	  0	  0	  0	  0	  0	  0	  0	  0	  0	  0	  0	  5	21836	  0
09/05/2017	07:35:30	<-	L	00000000	 21	 83	 76	 74	  0	172	  0	  4	  4	  4	  4	  4	  4	  4	  4	  0	  0	  0	  0	  0	  0	  0	  0	  0	  0	  0	  0	  0	  0	  0	  0	  0	  0	  0	  0	  0	  0	  0	  0	 83	 76	 74	 78	  0	 91	  0	  0	  0	  0	  0	  0	  0	  0	  0	  0	  0	  5	21836	  0
09/05/2017	07:40:30	<-	L	00000000	 21	 85	 76	 69	  0	177	  0	  4	  4	  4	  4	  4	  4	  4	  4	  0	  0	  0	  0	  0	  0	  0	  0	  0	  0	  0	  0	  0	  0	  0	  0	  0	  0	  0	  0	  0	  0	  0	  0	 85	 76	 68	 79	  0	 88	  0	  0	  0	  0	  0	  0	  0	  0	  0	  0	  0	  5	21836	  0
09/05/2017	07:45:30	<-	L	00000000	 21	 85	 77	 72	  0	182	  0	  4	  4	  4	  4	  4	  4	  4	  4	  0	  0	  0	  0	  0	  0	  0	  0	  0	  0	  0	  0	  0	  0	  0	  0	  0	  0	  0	  0	  0	  0	  0	  0	 85	 77	 72	 79	  0	 91	  0	  0	  0	  0	  0	  0	  0	  0	  0	  0	  0	  5	21836	  0
09/05/2017	07:50:30	<-	L	00000000	 21	 83	 76	 74	  0	187	  0	  4	  4	  4	  4	  4	  4	  4	  4	  0	  0	  0	  0	  0	  0	  0	  0	  0	  0	  0	  0	  0	  0	  0	  0	  0	  0	  0	  0	  0	  0	  0	  0	 83	 76	 74	 79	  0	 88	  0	  0	  0	  0	  0	  0	  0	  0	  0	  0	  0	  5	21836	  0
09/05/2017	07:55:30	<-	L	00000000	 21	 85	 77	 72	  0	192	  0	  4	  4	  4	  4	  4	  4	  4	  4	  0	  0	  0	  0	  0	  0	  0	  0	  0	  0	  0	  0	  0	  0	  0	  0	  0	  0	  0	  0	  0	  0	  0	  0	 85	 77	 72	 79	  0	 91	  0	  0	  0	  0	  0	  0	  0	  0	  0	  0	  0	  5	21836	  0
09/05/2017	08:00:30	<-	L	00000000	 21	 86	 77	 72	  0	197	  0	  4	  4	  4	  4	  4	  4	  4	  4	  0	  0	  0	  0	  0	  0	  0	  0	  0	  0	  0	  0	  0	  0	  0	  0	  0	  0	  0	  0	  0	  0	  0	  0	 86	 77	 69	 79	  0	 91	  0	  0	  0	  0	  0	  0	  0	  0	  0	  0	  0	  5	21836	  0
09/05/2017	08:05:30	<-	L	00000000	 21	 84	 77	 75	  0	202	  0	  4	  4	  4	  4	  4	  4	  4	  4	  0	  0	  0	  0	  0	  0	  0	  0	  0	  0	  0	  0	  0	  0	  0	  0	  0	  0	  0	  0	  0	  0	  0	  0	 84	 77	 75	 79	  0	 91	  0	  0	  0	  0	  0	  0	  0	  0	  0	  0	  0	  5	21836	  0
09/05/2017	08:10:30	<-	L	00000000	 21	 87	 77	 69	  0	207	  0	  4	  4	  4	  4	  4	  4	  4	  4	  0	  0	  0	  0	  0	  0	  0	  0	  0	  0	  0	  0	  0	  0	  0	  0	  0	  0	  0	  0	  0	  0	  0	  0	 87	 77	 65	 80	  0	 88	  0	  0	  0	  0	  0	  0	  0	  0	  0	  0	  0	  5	21836	  0
09/05/2017	08:15:30	<-	L	00000000	 21	 84	 78	 81	  0	212	  0	  4	  4	  4	  4	  4	  4	  4	  4	  0	  0	  0	  0	  0	  0	  0	  0	  0	  0	  0	  0	  0	  0	  0	  0	  0	  0	  0	  0	  0	  0	  0	  0	 84	 78	 77	 79	  0	 95	  0	  0	  0	  0	  0	  0	  0	  0	  0	  0	  0	  5	21836	  0
09/05/2017	08:20:30	<-	L	00000000	 21	 85	 77	 72	  0	217	  0	  4	  4	  4	  4	  4	  4	  4	  4	  0	  0	  0	  0	  0	  0	  0	  0	  0	  0	  0	  0	  0	  0	  0	  0	  0	  0	  0	  0	  0	  0	  0	  0	 85	 77	 72	 79	  0	 91	  0	  0	  0	  0	  0	  0	  0	  0	  0	  0	  0	  5	21836	  0
09/05/2017	08:25:30	<-	L	00000000	 21	 86	 77	 69	  0	222	  0	  4	  4	  4	  4	  4	  4	  4	  4	  0	  0	  0	  0	  0	  0	  0	  0	  0	  0	  0	  0	  0	  0	  0	  0	  0	  0	  0	  0	  0	  0	  0	  0	 86	 77	 69	 79	  0	 91	  0	  0	  0	  0	  0	  0	  0	  0	  0	  0	  0	  5	21836	  0
09/05/2017	08:30:30	<-	L	00000000	 21	 85	 77	 72	  0	227	  0	  4	  4	  4	  4	  4	  4	  4	  4	  0	  0	  0	  0	  0	  0	  0	  0	  0	  0	  0	  0	  0	  0	  0	  0	  0	  0	  0	  0	  0	  0	  0	  0	 85	 77	 72	 79	  0	 91	  0	  0	  0	  0	  0	  0	  0	  0	  0	  0	  0	  5	21836	  0
09/05/2017	08:35:30	<-	L	00000000	 21	 84	 77	 77	  0	232	  0	  4	  4	  4	  4	  4	  4	  4	  4	  0	  0	  0	  0	  0	  0	  0	  0	  0	  0	  0	  0	  0	  0	  0	  0	  0	  0	  0	  0	  0	  0	  0	  0	 84	 77	 75	 79	  0	 91	  0	  0	  0	  0	  0	  0	  0	  0	  0	  0	  0	  5	21836	  0
09/05/2017	08:40:30	<-	L	00000000	 21	 85	 77	 72	  0	237	  0	  4	  4	  4	  4	  4	  4	  4	  4	  0	  0	  0	  0	  0	  0	  0	  0	  0	  0	  0	  0	  0	  0	  0	  0	  0	  0	  0	  0	  0	  0	  0	  0	 85	 77	 72	 79	  0	 91	  0	  0	  0	  0	  0	  0	  0	  0	  0	  0	  0	  5	21836	  0
09/05/2017	08:45:30	<-	L	00000000	 21	 85	 77	 69	  0	242	  0	  4	  4	  4	  4	  4	  4	  4	  4	  0	  0	  0	  0	  0	  0	  0	  0	  0	  0	  0	  0	  0	  0	  0	  0	  0	  0	  0	  0	  0	  0	  0	  0	 85	 77	 72	 79	  0	 91	  0	  0	  0	  0	  0	  0	  0	  0	  0	  0	  0	  5	21836	  0
09/05/2017	08:50:30	<-	L	00000000	 21	 85	 77	 72	  0	247	  0	  4	  4	  4	  4	  4	  4	  4	  4	  0	  0	  0	  0	  0	  0	  0	  0	  0	  0	  0	  0	  0	  0	  0	  0	  0	  0	  0	  0	  0	  0	  0	  0	 85	 77	 72	 79	  0	 91	  0	  0	  0	  0	  0	  0	  0	  0	  0	  0	  0	  5	21836	  0
09/05/2017	08:55:30	<-	L	00000000	 21	 83	 77	 77	  0	252	  0	  4	  4	  4	  4	  4	  4	  4	  4	  0	  0	  0	  0	  0	  0	  0	  0	  0	  0	  0	  0	  0	  0	  0	  0	  0	  0	  0	  0	  0	  0	  0	  0	 83	 77	 77	 79	  0	 91	  0	  0	  0	  0	  0	  0	  0	  0	  0	  0	  0	  5	21836	  0
09/05/2017	09:00:30	<-	L	00000000	 21	 84	 77	 71	  0	257	  0	  4	  4	  4	  4	  4	  4	  4	  4	  0	  0	  0	  0	  0	  0	  0	  0	  0	  0	  0	  0	  0	  0	  0	  0	  0	  0	  0	  0	  0	  0	  0	  0	 84	 77	 75	 79	  0	 91	  0	  0	  0	  0	  0	  0	  0	  0	  0	  0	  0	  5	21836	  0
09/05/2017	09:05:30	<-	L	00000000	 21	 84	 77	 68	  0	262	  0	  4	  4	  4	  4	  4	  4	  4	  4	  0	  0	  0	  0	  0	  0	  0	  0	  0	  0	  0	  0	  0	  0	  0	  0	  0	  0	  0	  0	  0	  0	  0	  0	 84	 77	 75	 79	  0	 88	  0	  0	  0	  0	  0	  0	  0	  0	  0	  0	  0	  5	21836	  0
09/05/2017	09:10:30	<-	L	00000000	 21	 85	 76	 72	  0	267	  0	  4	  4	  4	  4	  4	  4	  4	  4	  0	  0	  0	  0	  0	  0	  0	  0	  0	  0	  0	  0	  0	  0	  0	  0	  0	  0	  0	  0	  0	  0	  0	  0	 85	 76	 68	 79	  0	 88	  0	  0	  0	  0	  0	  0	  0	  0	  0	  0	  0	  5	21836	  0
09/05/2017	09:15:30	<-	L	00000000	 21	 86	 77	 69	  0	272	  0	  4	  4	  4	  4	  4	  4	  4	  4	  0	  0	  0	  0	  0	  0	  0	  0	  0	  0	  0	  0	  0	  0	  0	  0	  0	  0	  0	  0	  0	  0	  0	  0	 86	 77	 69	 79	  0	 91	  0	  0	  0	  0	  0	  0	  0	  0	  0	  0	  0	  5	21836	  0
09/05/2017	09:20:30	<-	L	00000000	 21	 85	 77	 68	  0	277	  0	  4	  4	  4	  4	  4	  4	  4	  4	  0	  0	  0	  0	  0	  0	  0	  0	  0	  0	  0	  0	  0	  0	  0	  0	  0	  0	  0	  0	  0	  0	  0	  0	 85	 77	 72	 79	  0	 88	  0	  0	  0	  0	  0	  0	  0	  0	  0	  0	  0	  5	21836	  0
