12/05/2017	11:13:56	  	L	00000000	 10	 21	 16	 73	  0	  1	  0	  5	  5	  5	  5	  5	  5	  5	  5	  0	  0	  0	  0	  0	  0	  0	  0	  0	  0	  0	  0	  0	  0	  0	  0	  0	  0	  0	  0	  0	  0	  0	  0	 20	 16	 76	 21	  0	 73	  0	  0	  0	  0	  0	  0	  0	  0	  0	  0	  0	  5	5397	  1
12/05/2017	11:18:55	->	L	00000000	 10	 23	 14	 51	 14	  6	  0	  5	  5	  5	  5	  5	  5	  5	  5	  0	  0	  0	  0	  0	  0	  0	  0	  0	  0	  0	  0	  0	  0	  0	  0	  0	  0	  0	  0	  0	  0	  0	  0	 15	 14	 93	 23	  0	 51	  0	  0	  0	  0	  0	  0	  0	  0	  0	  0	  0	  5	5654	  1
12/05/2017	11:23:56	->	L	00000000	 10	 26	 15	 47	  0	 11	  0	  5	  5	  5	  5	  5	  5	  5	  5	  0	  0	  0	  0	  0	  0	  0	  0	  0	  0	  0	  0	  0	  0	  0	  0	  0	  0	  0	  0	  0	  0	  0	  0	 17	 15	 88	 26	  0	 43	  0	  0	  0	  0	  0	  0	  0	  0	  0	  0	  0	  5	5911	  1
12/05/2017	11:28:56	->	L	00000000	 10	 23	 18	 73	  0	 16	  0	  4	  4	  4	  4	  4	  4	  4	  5	  0	  0	  0	  0	  0	  0	  0	  0	  0	  0	  0	  0	  0	  0	  0	  0	  0	  0	  0	  0	  0	  0	  0	  0	 19	 18	 93	 23	  0	 73	  0	  0	  0	  0	  0	  0	  0	  0	  0	  0	  0	  5	6168	  1
12/05/2017	11:33:57	->	L	00000000	 10	 27	 19	 56	  0	 21	  0	  4	  4	  4	  4	  4	  4	  4	  4	  0	  0	  0	  0	  0	  0	  0	  0	  0	  0	  0	  0	  0	  0	  0	  0	  0	  0	  0	  0	  0	  0	  0	  0	 20	 19	 93	 27	  0	 56	  0	  0	  0	  0	  0	  0	  0	  0	  0	  0	  0	  5	6425	  1
12/05/2017	11:38:56	->	L	00000000	 10	 27	 20	 60	  0	 26	  0	  4	  4	  4	  4	  4	  4	  4	  4	  0	  0	  0	  0	  0	  0	  0	  0	  0	  0	  0	  0	  0	  0	  0	  0	  0	  0	  0	  0	  0	  0	  0	  0	 20	 20	100	 27	  0	 60	  0	  0	  0	  0	  0	  0	  0	  0	  0	  0	  0	  5	6682	  1
12/05/2017	11:43:56	->	L	00000000	 10	 25	 20	 73	  0	 31	  0	  4	  4	  4	  4	  4	  4	  4	  4	  0	  0	  0	  0	  0	  0	  0	  0	  0	  0	  0	  0	  0	  0	  0	  0	  0	  0	  0	  0	  0	  0	  0	  0	 21	 20	 93	 25	  0	 73	  0	  0	  0	  0	  0	  0	  0	  0	  0	  0	  0	  5	6939	  1
12/05/2017	11:48:56	->	L	00000000	 10	 26	 21	 73	  0	 36	  0	  4	  4	  4	  4	  4	  4	  4	  4	  0	  0	  0	  0	  0	  0	  0	  0	  0	  0	  0	  0	  0	  0	  0	  0	  0	  0	  0	  0	  0	  0	  0	  0	 23	 21	 88	 26	  0	 73	  0	  0	  0	  0	  0	  0	  0	  0	  0	  0	  0	  5	7196	  1
12/05/2017	11:53:56	->	L	00000000	 10	 28	 23	 74	  0	 41	  0	  4	  4	  4	  4	  4	  4	  4	  4	  0	  0	  0	  0	  0	  0	  0	  0	  0	  0	  0	  0	  0	  0	  0	  0	  0	  0	  0	  0	  0	  0	  0	  0	 24	 23	 93	 28	  0	 74	  0	  0	  0	  0	  0	  0	  0	  0	  0	  0	  0	  5	7453	  1
12/05/2017	11:58:56	->	L	00000000	 10	 28	 24	 77	  0	 46	  0	  4	  4	  4	  4	  4	  4	  4	  4	  0	  0	  0	  0	  0	  0	  0	  0	  0	  0	  0	  0	  0	  0	  0	  0	  0	  0	  0	  0	  0	  0	  0	  0	 26	 24	 88	 28	  0	 77	  0	  0	  0	  0	  0	  0	  0	  0	  0	  0	  0	  5	7710	  1
12/05/2017	12:03:56	->	L	00000000	 10	 30	 25	 77	  0	 51	  0	  4	  4	  4	  4	  4	  4	  4	  4	  0	  0	  0	  0	  0	  0	  0	  0	  0	  0	  0	  0	  0	  0	  0	  0	  0	  0	  0	  0	  0	  0	  0	  0	 27	 25	 88	 30	  0	 74	  0	  0	  0	  0	  0	  0	  0	  0	  0	  0	  0	  5	7967	  1
12/05/2017	12:08:56	->	L	00000000	 10	 30	 26	 74	  0	 56	  0	  4	  4	  4	  4	  4	  4	  4	  4	  0	  0	  0	  0	  0	  0	  0	  0	  0	  0	  0	  0	  0	  0	  0	  0	  0	  0	  0	  0	  0	  0	  0	  0	 28	 26	 88	 30	  0	 77	  0	  0	  0	  0	  0	  0	  0	  0	  0	  0	  0	  5	8224	  1
12/05/2017	12:13:56	->	L	00000000	 10	 31	 27	 77	  0	 61	  0	  4	  4	  4	  4	  4	  4	  4	  4	  0	  0	  0	  0	  0	  0	  0	  0	  0	  0	  0	  0	  0	  0	  0	  0	  0	  0	  0	  0	  0	  0	  0	  0	 29	 27	 88	 31	  0	 77	  0	  0	  0	  0	  0	  0	  0	  0	  0	  0	  0	  5	8224	  1
12/05/2017	12:18:56	->	L	00000000	 10	 32	 28	 77	  0	 66	  0	  4	  4	  4	  4	  4	  4	  4	  4	  0	  0	  0	  0	  0	  0	  0	  0	  0	  0	  0	  0	  0	  0	  0	  0	  0	  0	  0	  0	  0	  0	  0	  0	 30	 28	 88	 32	  0	 77	  0	  0	  0	  0	  0	  0	  0	  0	  0	  0	  0	  5	8481	  1
12/05/2017	12:23:56	->	L	00000000	 10	 33	 29	 77	  0	 71	  0	  4	  4	  4	  4	  4	  4	  4	  4	  0	  0	  0	  0	  0	  0	  0	  0	  0	  0	  0	  0	  0	  0	  0	  0	  0	  0	  0	  0	  0	  0	  0	  0	 31	 29	 88	 33	  0	 77	  0	  0	  0	  0	  0	  0	  0	  0	  0	  0	  0	  5	8738	  1
12/05/2017	12:28:56	->	L	00000000	 10	 34	 30	 77	  0	 76	  0	  4	  4	  4	  4	  4	  4	  4	  4	  0	  0	  0	  0	  0	  0	  0	  0	  0	  0	  0	  0	  0	  0	  0	  0	  0	  0	  0	  0	  0	  0	  0	  0	 32	 30	 88	 34	  0	 77	  0	  0	  0	  0	  0	  0	  0	  0	  0	  0	  0	  5	8995	  1
12/05/2017	12:33:56	->	L	00000000	 10	 35	 31	 83	  0	 81	  0	  4	  4	  4	  4	  4	  4	  4	  4	  0	  0	  0	  0	  0	  0	  0	  0	  0	  0	  0	  0	  0	  0	  0	  0	  0	  0	  0	  0	  0	  0	  0	  0	 33	 31	 88	 35	  0	 78	  0	  0	  0	  0	  0	  0	  0	  0	  0	  0	  0	  5	9252	  1
12/05/2017	12:38:56	->	L	00000000	 10	 36	 32	 78	  0	 86	  0	  4	  4	  4	  4	  4	  4	  4	  4	  0	  0	  0	  0	  0	  0	  0	  0	  0	  0	  0	  0	  0	  0	  0	  0	  0	  0	  0	  0	  0	  0	  0	  0	 34	 32	 89	 36	  0	 78	  0	  0	  0	  0	  0	  0	  0	  0	  0	  0	  0	  5	9509	  1
12/05/2017	12:43:56	->	L	00000000	 10	 36	 33	 78	  0	 91	  0	  4	  4	  4	  4	  4	  4	  4	  4	  0	  0	  0	  0	  0	  0	  0	  0	  0	  0	  0	  0	  0	  0	  0	  0	  0	  0	  0	  0	  0	  0	  0	  0	 35	 33	 89	 36	  0	 83	  0	  0	  0	  0	  0	  0	  0	  0	  0	  0	  0	  5	9766	  1
12/05/2017	12:48:56	->	L	00000000	 10	 37	 34	 84	  0	 96	  0	  4	  4	  4	  4	  4	  4	  4	  4	  0	  0	  0	  0	  0	  0	  0	  0	  0	  0	  0	  0	  0	  0	  0	  0	  0	  0	  0	  0	  0	  0	  0	  0	 36	 34	 89	 37	  0	 84	  0	  0	  0	  0	  0	  0	  0	  0	  0	  0	  0	  5	10023	  1
12/05/2017	12:53:56	->	L	00000000	 10	 38	 35	 84	  0	101	  0	  4	  4	  4	  4	  4	  4	  4	  4	  0	  0	  0	  0	  0	  0	  0	  0	  0	  0	  0	  0	  0	  0	  0	  0	  0	  0	  0	  0	  0	  0	  0	  0	 37	 35	 89	 38	  0	 84	  0	  0	  0	  0	  0	  0	  0	  0	  0	  0	  0	  5	10280	  1
12/05/2017	12:58:56	->	L	00000000	 10	 39	 36	 84	  0	106	  0	  4	  4	  4	  4	  4	  4	  4	  4	  0	  0	  0	  0	  0	  0	  0	  0	  0	  0	  0	  0	  0	  0	  0	  0	  0	  0	  0	  0	  0	  0	  0	  0	 38	 36	 89	 39	  0	 84	  0	  0	  0	  0	  0	  0	  0	  0	  0	  0	  0	  5	10537	  1
12/05/2017	13:03:56	->	L	00000000	 10	 39	 37	 89	  0	111	  0	  4	  4	  4	  4	  4	  4	  4	  4	  0	  0	  0	  0	  0	  0	  0	  0	  0	  0	  0	  0	  0	  0	  0	  0	  0	  0	  0	  0	  0	  0	  0	  0	 39	 37	 89	 39	  0	 89	  0	  0	  0	  0	  0	  0	  0	  0	  0	  0	  0	  5	10794	  1
12/05/2017	13:08:56	->	L	00000000	 10	 40	 38	 89	  0	116	  0	  4	  4	  4	  4	  4	  4	  4	  4	  0	  0	  0	  0	  0	  0	  0	  0	  0	  0	  0	  0	  0	  0	  0	  0	  0	  0	  0	  0	  0	  0	  0	  0	 40	 38	 89	 40	  0	 89	  0	  0	  0	  0	  0	  0	  0	  0	  0	  0	  0	  5	11051	  1
12/05/2017	13:13:56	->	L	00000000	 10	 42	 39	 89	  0	121	  0	  4	  4	  4	  4	  4	  4	  4	  4	  0	  0	  0	  0	  0	  0	  0	  0	  0	  0	  0	  0	  0	  0	  0	  0	  0	  0	  0	  0	  0	  0	  0	  0	 41	 39	 89	 42	  0	 84	  0	  0	  0	  0	  0	  0	  0	  0	  0	  0	  0	  5	11308	  1
12/05/2017	13:18:56	<-	L	00000000	 10	 44	 41	 84	  0	126	  0	  4	  4	  4	  4	  4	  4	  4	  4	  0	  0	  0	  0	  0	  0	  0	  0	  0	  0	  0	  0	  0	  0	  0	  0	  0	  0	  0	  0	  0	  0	  0	  0	 44	 41	 84	 39	  0	100	  0	  0	  0	  0	  0	  0	  0	  0	  0	  0	  0	  5	11565	  1
