20/06/2017	16:52:38	  	L	00000000	 10	 14	 11	 81	  0	  1	  0	  5	  5	  5	  5	  5	  5	  5	  5	  0	  0	  0	  0	  0	  0	  0	  0	  0	  0	  0	  0	  0	  0	  0	  0	  0	  0	  0	  0	  0	  0	  0	  0	 13	 11	 87	 14	  0	 81	  0	  0	  0	  0	  0	  0	  0	  0	  0	  0	  0	  5	3341	  1
20/06/2017	16:57:38	<-	L	00000000	 10	 16	 11	 72	  0	  6	  0	  5	  5	  5	  5	  5	  5	  5	  5	  0	  0	  0	  0	  0	  0	  0	  0	  0	  0	  0	  0	  0	  0	  0	  0	  0	  0	  0	  0	  0	  0	  0	  0	 16	 11	 72	  9	  0	100	  0	  0	  0	  0	  0	  0	  0	  0	  0	  0	  0	  5	3598	  1
20/06/2017	17:02:38	<-	L	00000000	 10	 16	 11	 64	  0	 11	  0	  5	  5	  5	  5	  5	  5	  5	  5	  0	  0	  0	  0	  0	  0	  0	  0	  0	  0	  0	  0	  0	  0	  0	  0	  0	  0	  0	  0	  0	  0	  0	  0	 16	 11	 72	  9	  0	100	  0	  0	  0	  0	  0	  0	  0	  0	  0	  0	  0	  5	3598	  1
20/06/2017	17:07:38	<-	L	00000000	 10	 17	 11	 72	  0	 16	  0	  5	  5	  5	  5	  5	  5	  5	  5	  0	  0	  0	  0	  0	  0	  0	  0	  0	  0	  0	  0	  0	  0	  0	  0	  0	  0	  0	  0	  0	  0	  0	  0	 17	 11	 64	 10	  0	100	  0	  0	  0	  0	  0	  0	  0	  0	  0	  0	  0	  5	3855	  1
20/06/2017	17:12:38	<-	L	00000000	 10	 16	 13	 87	  0	 21	  0	  5	  5	  5	  5	  5	  5	  5	  5	  0	  0	  0	  0	  0	  0	  0	  0	  0	  0	  0	  0	  0	  0	  0	  0	  0	  0	  0	  0	  0	  0	  0	  0	 16	 13	 81	 11	  0	100	  0	  0	  0	  0	  0	  0	  0	  0	  0	  0	  0	  5	4112	  1
20/06/2017	17:17:39	<-	L	00000000	 10	 17	 14	 81	  0	 26	  0	  5	  5	  5	  5	  5	  5	  5	  5	  0	  0	  0	  0	  0	  0	  0	  0	  0	  0	  0	  0	  0	  0	  0	  0	  0	  0	  0	  0	  0	  0	  0	  0	 17	 14	 81	 13	  0	100	  0	  0	  0	  0	  0	  0	  0	  0	  0	  0	  0	  5	4369	  1
20/06/2017	17:22:39	<-	L	00000000	 10	 18	 14	 75	  0	 31	  0	  5	  5	  5	  5	  5	  5	  5	  5	  0	  0	  0	  0	  0	  0	  0	  0	  0	  0	  0	  0	  0	  0	  0	  0	  0	  0	  0	  0	  0	  0	  0	  0	 18	 14	 75	 13	  0	100	  0	  0	  0	  0	  0	  0	  0	  0	  0	  0	  0	  5	4626	  1
20/06/2017	17:27:39	<-	L	00000000	 10	 19	 15	 75	  0	 36	  0	  5	  5	  5	  5	  5	  5	  5	  5	  0	  0	  0	  0	  0	  0	  0	  0	  0	  0	  0	  0	  0	  0	  0	  0	  0	  0	  0	  0	  0	  0	  0	  0	 19	 15	 75	 15	  0	100	  0	  0	  0	  0	  0	  0	  0	  0	  0	  0	  0	  5	4883	  1
20/06/2017	17:32:38	<-	L	00000000	 10	 19	 15	 75	  0	 41	  0	  5	  5	  5	  5	  5	  5	  5	  5	  0	  0	  0	  0	  0	  0	  0	  0	  0	  0	  0	  0	  0	  0	  0	  0	  0	  0	  0	  0	  0	  0	  0	  0	 19	 15	 75	 15	  0	100	  0	  0	  0	  0	  0	  0	  0	  0	  0	  0	  0	  5	5140	  1
20/06/2017	17:37:38	<-	L	00000000	 10	 19	 16	 82	  0	 46	  0	  5	  5	  5	  5	  5	  5	  5	  5	  0	  0	  0	  0	  0	  0	  0	  0	  0	  0	  0	  0	  0	  0	  0	  0	  0	  0	  0	  0	  0	  0	  0	  0	 19	 16	 82	 16	  0	100	  0	  0	  0	  0	  0	  0	  0	  0	  0	  0	  0	  5	5140	  1
20/06/2017	17:42:38	<-	L	00000000	 10	 21	 17	 76	  0	 51	  0	  5	  5	  5	  5	  5	  5	  5	  5	  0	  0	  0	  0	  0	  0	  0	  0	  0	  0	  0	  0	  0	  0	  0	  0	  0	  0	  0	  0	  0	  0	  0	  0	 21	 17	 76	 17	  0	100	  0	  0	  0	  0	  0	  0	  0	  0	  0	  0	  0	  5	5397	  1
