08/04/2017	15:51:46	  	L	00000000	 10	 21	 18	 82	  0	  2	  0	  5	  5	  5	  5	  5	  5	  5	  5	  0	  0	  0	  0	  0	  0	  0	  0	  0	  0	  0	  0	  0	  0	  0	  0	  0	  0	  0	  0	  0	  0	  0	  0	 20	 18	 88	 21	  0	 82	  0	  0	  0	  0	  0	  0	  0	  0	  0	  0	  0	  5	5397	  1
08/04/2017	15:56:46	<-	L	00000000	 10	 24	 17	 65	  0	  7	  0	  5	  5	  5	  5	  5	  5	  5	  5	  0	  0	  0	  0	  0	  0	  0	  0	  0	  0	  0	  0	  0	  0	  0	  0	  0	  0	  0	  0	  0	  0	  0	  0	 24	 17	 60	 17	  0	100	  0	  0	  0	  0	  0	  0	  0	  0	  0	  0	  0	  5	5654	  1
08/04/2017	16:01:46	<-	L	00000000	 10	 25	 19	 60	  0	 12	  0	  4	  4	  4	  4	  4	  4	  4	  4	  0	  0	  0	  0	  0	  0	  0	  0	  0	  0	  0	  0	  0	  0	  0	  0	  0	  0	  0	  0	  0	  0	  0	  0	 25	 19	 65	 18	  0	100	  0	  0	  0	  0	  0	  0	  0	  0	  0	  0	  0	  5	5911	  1
08/04/2017	16:06:46	<-	L	00000000	 10	 23	 19	 82	  0	 17	  0	  4	  4	  4	  4	  4	  4	  4	  4	  0	  0	  0	  0	  0	  0	  0	  0	  0	  0	  0	  0	  0	  0	  0	  0	  0	  0	  0	  0	  0	  0	  0	  0	 23	 19	 76	 18	  0	100	  0	  0	  0	  0	  0	  0	  0	  0	  0	  0	  0	  5	6168	  1
08/04/2017	16:11:46	<-	L	00000000	 10	 27	 22	 61	  0	 22	  0	  4	  4	  4	  4	  4	  4	  4	  4	  0	  0	  0	  0	  0	  0	  0	  0	  0	  0	  0	  0	  0	  0	  0	  0	  0	  0	  0	  0	  0	  0	  0	  0	 27	 22	 74	 20	  0	100	  0	  0	  0	  0	  0	  0	  0	  0	  0	  0	  0	  5	6425	  1
08/04/2017	16:16:46	<-	L	00000000	 10	 25	 23	 82	  0	 27	  0	  4	  4	  4	  4	  4	  4	  4	  4	  0	  0	  0	  0	  0	  0	  0	  0	  0	  0	  0	  0	  0	  0	  0	  0	  0	  0	  0	  0	  0	  0	  0	  0	 25	 23	 88	 21	  0	100	  0	  0	  0	  0	  0	  0	  0	  0	  0	  0	  0	  5	6682	  1
08/04/2017	16:21:46	<-	L	00000000	 10	 28	 23	 82	  0	 32	  0	  4	  4	  4	  4	  4	  4	  4	  4	  0	  0	  0	  0	  0	  0	  0	  0	  0	  0	  0	  0	  0	  0	  0	  0	  0	  0	  0	  0	  0	  0	  0	  0	 28	 23	 74	 22	  0	100	  0	  0	  0	  0	  0	  0	  0	  0	  0	  0	  0	  5	6939	  1
08/04/2017	16:26:46	<-	L	00000000	 10	 33	 25	 61	  0	 37	  0	  4	  4	  4	  4	  4	  4	  4	  4	  0	  0	  0	  0	  0	  0	  0	  0	  0	  0	  0	  0	  0	  0	  0	  0	  0	  0	  0	  0	  0	  0	  0	  0	 33	 25	 57	 23	  0	100	  0	  0	  0	  0	  0	  0	  0	  0	  0	  0	  0	  5	7196	  1
08/04/2017	16:31:46	<-	L	00000000	 10	 35	 27	 58	  0	 42	  0	  4	  4	  4	  4	  4	  4	  4	  4	  0	  0	  0	  0	  0	  0	  0	  0	  0	  0	  0	  0	  0	  0	  0	  0	  0	  0	  0	  0	  0	  0	  0	  0	 35	 27	 58	 26	  0	100	  0	  0	  0	  0	  0	  0	  0	  0	  0	  0	  0	  5	7453	  1
08/04/2017	16:36:46	<-	L	00000000	 10	 33	 27	 62	  0	 47	  0	  4	  4	  4	  4	  4	  4	  4	  4	  0	  0	  0	  0	  0	  0	  0	  0	  0	  0	  0	  0	  0	  0	  0	  0	  0	  0	  0	  0	  0	  0	  0	  0	 33	 27	 67	 26	  0	100	  0	  0	  0	  0	  0	  0	  0	  0	  0	  0	  0	  5	7710	  1
08/04/2017	16:41:46	<-	L	00000000	 10	 31	 29	 83	  0	 52	  0	  4	  4	  4	  4	  4	  4	  4	  4	  0	  0	  0	  0	  0	  0	  0	  0	  0	  0	  0	  0	  0	  0	  0	  0	  0	  0	  0	  0	  0	  0	  0	  0	 31	 29	 88	 27	  0	100	  0	  0	  0	  0	  0	  0	  0	  0	  0	  0	  0	  5	7967	  1
08/04/2017	16:46:46	<-	L	00000000	 10	 31	 29	 83	  0	 57	  0	  4	  4	  4	  4	  4	  4	  4	  4	  0	  0	  0	  0	  0	  0	  0	  0	  0	  0	  0	  0	  0	  0	  0	  0	  0	  0	  0	  0	  0	  0	  0	  0	 31	 29	 88	 28	  0	100	  0	  0	  0	  0	  0	  0	  0	  0	  0	  0	  0	  5	8224	  1
08/04/2017	16:51:46	<-	L	00000000	 10	 31	 30	 93	  0	 62	  0	  4	  4	  4	  4	  4	  4	  4	  4	  0	  0	  0	  0	  0	  0	  0	  0	  0	  0	  0	  0	  0	  0	  0	  0	  0	  0	  0	  0	  0	  0	  0	  0	 31	 30	 93	 29	  0	100	  0	  0	  0	  0	  0	  0	  0	  0	  0	  0	  0	  5	8481	  1
08/04/2017	16:56:46	<-	L	00000000	 10	 32	 31	 93	  0	 67	  0	  4	  4	  4	  4	  4	  4	  4	  4	  0	  0	  0	  0	  0	  0	  0	  0	  0	  0	  0	  0	  0	  0	  0	  0	  0	  0	  0	  0	  0	  0	  0	  0	 32	 31	 93	 30	  0	100	  0	  0	  0	  0	  0	  0	  0	  0	  0	  0	  0	  5	8738	  1
08/04/2017	17:01:46	<-	L	00000000	 10	 33	 32	 89	  0	 72	  0	  4	  4	  4	  4	  4	  4	  4	  4	  0	  0	  0	  0	  0	  0	  0	  0	  0	  0	  0	  0	  0	  0	  0	  0	  0	  0	  0	  0	  0	  0	  0	  0	 33	 32	 93	 31	  0	100	  0	  0	  0	  0	  0	  0	  0	  0	  0	  0	  0	  5	8995	  1
08/04/2017	17:06:46	<-	L	00000000	 10	 34	 32	 89	  0	 77	  0	  4	  4	  4	  4	  4	  4	  4	  4	  0	  0	  0	  0	  0	  0	  0	  0	  0	  0	  0	  0	  0	  0	  0	  0	  0	  0	  0	  0	  0	  0	  0	  0	 34	 32	 89	 32	  0	100	  0	  0	  0	  0	  0	  0	  0	  0	  0	  0	  0	  5	9252	  1
08/04/2017	17:11:46	<-	L	00000000	 10	 35	 33	 89	  0	 82	  0	  4	  4	  4	  4	  4	  4	  4	  4	  0	  0	  0	  0	  0	  0	  0	  0	  0	  0	  0	  0	  0	  0	  0	  0	  0	  0	  0	  0	  0	  0	  0	  0	 35	 33	 89	 33	  0	100	  0	  0	  0	  0	  0	  0	  0	  0	  0	  0	  0	  5	9509	  1
08/04/2017	17:16:46	<-	L	00000000	 10	 37	 34	 89	  0	 87	  0	  4	  4	  4	  4	  4	  4	  4	  4	  0	  0	  0	  0	  0	  0	  0	  0	  0	  0	  0	  0	  0	  0	  0	  0	  0	  0	  0	  0	  0	  0	  0	  0	 37	 34	 84	 34	  0	100	  0	  0	  0	  0	  0	  0	  0	  0	  0	  0	  0	  5	9766	  1
08/04/2017	17:21:47	<-	L	00000000	 10	 43	 36	 60	  0	 92	  0	  4	  4	  4	  4	  4	  4	  4	  4	  0	  0	  0	  0	  0	  0	  0	  0	  0	  0	  0	  0	  0	  0	  0	  0	  0	  0	  0	  0	  0	  0	  0	  0	 43	 36	 64	 36	  0	100	  0	  0	  0	  0	  0	  0	  0	  0	  0	  0	  0	  5	10023	  1
08/04/2017	17:26:46	<-	L	00000000	 10	 42	 37	 76	  0	 97	  0	  4	  4	  4	  4	  4	  4	  4	  4	  0	  0	  0	  0	  0	  0	  0	  0	  0	  0	  0	  0	  0	  0	  0	  0	  0	  0	  0	  0	  0	  0	  0	  0	 42	 37	 76	 36	  0	100	  0	  0	  0	  0	  0	  0	  0	  0	  0	  0	  0	  5	10280	  1
08/04/2017	17:31:46	<-	L	00000000	 10	 40	 37	 84	  0	102	  0	  4	  4	  4	  4	  4	  4	  4	  4	  0	  0	  0	  0	  0	  0	  0	  0	  0	  0	  0	  0	  0	  0	  0	  0	  0	  0	  0	  0	  0	  0	  0	  0	 40	 37	 84	 37	  0	100	  0	  0	  0	  0	  0	  0	  0	  0	  0	  0	  0	  5	10537	  1
08/04/2017	17:36:46	<-	L	00000000	 10	 43	 38	 76	  0	107	  0	  4	  4	  4	  4	  4	  4	  4	  4	  0	  0	  0	  0	  0	  0	  0	  0	  0	  0	  0	  0	  0	  0	  0	  0	  0	  0	  0	  0	  0	  0	  0	  0	 43	 38	 76	 38	  0	100	  0	  0	  0	  0	  0	  0	  0	  0	  0	  0	  0	  5	10794	  1
08/04/2017	17:41:46	<-	L	00000000	 10	 46	 39	 65	  0	112	  0	  4	  4	  4	  4	  4	  4	  4	  4	  0	  0	  0	  0	  0	  0	  0	  0	  0	  0	  0	  0	  0	  0	  0	  0	  0	  0	  0	  0	  0	  0	  0	  0	 46	 39	 65	 39	  0	100	  0	  0	  0	  0	  0	  0	  0	  0	  0	  0	  0	  5	11051	  1
08/04/2017	17:46:46	<-	L	00000000	 10	 42	 39	 79	  0	117	  0	  4	  4	  4	  4	  4	  4	  4	  4	  0	  0	  0	  0	  0	  0	  0	  0	  0	  0	  0	  0	  0	  0	  0	  0	  0	  0	  0	  0	  0	  0	  0	  0	 42	 39	 84	 39	  0	100	  0	  0	  0	  0	  0	  0	  0	  0	  0	  0	  0	  5	11308	  1
08/04/2017	17:56:45	<-	L	00000000	 10	 43	 42	 94	  0	124	  0	  4	  4	  4	  4	  4	  4	  4	  4	  0	  0	  0	  0	  0	  0	  0	  0	  0	  0	  0	  0	  0	  0	  0	  0	  0	  0	  0	  0	  0	  0	  0	  0	 43	 42	 94	 41	  0	100	  0	  0	  0	  0	  0	  0	  0	  0	  0	  0	  0	  5	11565	  1
08/04/2017	18:01:46	<-	L	00000000	 10	 46	 40	 76	  0	129	  0	  4	  4	  4	  4	  4	  4	  4	  4	  0	  0	  0	  0	  0	  0	  0	  0	  0	  0	  0	  0	  0	  0	  0	  0	  0	  0	  0	  0	  0	  0	  0	  0	 46	 40	 69	 41	  0	 94	  0	  0	  0	  0	  0	  0	  0	  0	  0	  0	  0	  5	11822	  1
08/04/2017	18:06:46	<-	L	00000000	 10	 48	 42	 66	  0	134	  0	  4	  4	  4	  4	  4	  4	  4	  4	  0	  0	  0	  0	  0	  0	  0	  0	  0	  0	  0	  0	  0	  0	  0	  0	  0	  0	  0	  0	  0	  0	  0	  0	 48	 42	 70	 42	  0	100	  0	  0	  0	  0	  0	  0	  0	  0	  0	  0	  0	  5	12079	  1
08/04/2017	18:11:46	<-	L	00000000	 10	 47	 42	 79	  0	139	  0	  4	  4	  4	  4	  4	  4	  4	  4	  0	  0	  0	  0	  0	  0	  0	  0	  0	  0	  0	  0	  0	  0	  0	  0	  0	  0	  0	  0	  0	  0	  0	  0	 47	 42	 76	 43	  0	 94	  0	  0	  0	  0	  0	  0	  0	  0	  0	  0	  0	  5	12336	  1
08/04/2017	18:16:46	<-	L	00000000	 10	 51	 44	 63	  0	144	  0	  4	  4	  4	  4	  4	  4	  4	  4	  0	  0	  0	  0	  0	  0	  0	  0	  0	  0	  0	  0	  0	  0	  0	  0	  0	  0	  0	  0	  0	  0	  0	  0	 51	 44	 66	 44	  0	100	  0	  0	  0	  0	  0	  0	  0	  0	  0	  0	  0	  5	12593	  1
08/04/2017	18:21:46	<-	L	00000000	 10	 48	 44	 79	  0	149	  0	  4	  4	  4	  4	  4	  4	  4	  4	  0	  0	  0	  0	  0	  0	  0	  0	  0	  0	  0	  0	  0	  0	  0	  0	  0	  0	  0	  0	  0	  0	  0	  0	 48	 44	 79	 44	  0	100	  0	  0	  0	  0	  0	  0	  0	  0	  0	  0	  0	  5	12850	  1
08/04/2017	18:26:46	<-	L	00000000	 10	 55	 46	 56	  0	154	  0	  4	  4	  4	  4	  4	  4	  4	  4	  0	  0	  0	  0	  0	  0	  0	  0	  0	  0	  0	  0	  0	  0	  0	  0	  0	  0	  0	  0	  0	  0	  0	  0	 55	 46	 60	 46	  0	100	  0	  0	  0	  0	  0	  0	  0	  0	  0	  0	  0	  5	13107	  1
08/04/2017	18:31:46	<-	L	00000000	 10	 51	 46	 71	  0	159	  0	  4	  4	  4	  4	  4	  4	  4	  4	  0	  0	  0	  0	  0	  0	  0	  0	  0	  0	  0	  0	  0	  0	  0	  0	  0	  0	  0	  0	  0	  0	  0	  0	 51	 46	 77	 47	  0	 94	  0	  0	  0	  0	  0	  0	  0	  0	  0	  0	  0	  5	13364	  1
08/04/2017	18:36:46	<-	L	00000000	 10	 56	 47	 63	  0	164	  0	  4	  4	  4	  4	  4	  4	  4	  4	  0	  0	  0	  0	  0	  0	  0	  0	  0	  0	  0	  0	  0	  0	  0	  0	  0	  0	  0	  0	  0	  0	  0	  0	 56	 47	 60	 48	  0	 94	  0	  0	  0	  0	  0	  0	  0	  0	  0	  0	  0	  5	13621	  1
08/04/2017	18:41:46	<-	L	00000000	 10	 54	 48	 71	  0	169	  0	  4	  4	  4	  4	  4	  4	  4	  4	  0	  0	  0	  0	  0	  0	  0	  0	  0	  0	  0	  0	  0	  0	  0	  0	  0	  0	  0	  0	  0	  0	  0	  0	 54	 48	 71	 48	  0	100	  0	  0	  0	  0	  0	  0	  0	  0	  0	  0	  0	  5	13878	  1
08/04/2017	18:46:46	<-	L	00000000	 10	 55	 49	 80	  0	174	  0	  4	  4	  4	  4	  4	  4	  4	  4	  0	  0	  0	  0	  0	  0	  0	  0	  0	  0	  0	  0	  0	  0	  0	  0	  0	  0	  0	  0	  0	  0	  0	  0	 55	 49	 71	 49	  0	100	  0	  0	  0	  0	  0	  0	  0	  0	  0	  0	  0	  5	14135	  1
08/04/2017	18:51:46	<-	L	00000000	 10	 57	 50	 64	  0	179	  0	  4	  4	  4	  4	  4	  4	  4	  4	  0	  0	  0	  0	  0	  0	  0	  0	  0	  0	  0	  0	  0	  0	  0	  0	  0	  0	  0	  0	  0	  0	  0	  0	 57	 50	 68	 51	  0	 94	  0	  0	  0	  0	  0	  0	  0	  0	  0	  0	  0	  5	14392	  1
08/04/2017	18:56:46	  	L	00000000	 10	 55	 51	 78	  0	184	  0	  4	  4	  4	  4	  4	  4	  4	  4	  0	  0	  0	  0	  0	  0	  0	  0	  0	  0	  0	  0	  0	  0	  0	  0	  0	  0	  0	  0	  0	  0	  0	  0	 55	 51	 80	 51	  0	100	  0	  0	  0	  0	  0	  0	  0	  0	  0	  0	  0	  5	14649	  1
08/04/2017	19:01:46	->	L	00000000	 10	 60	 51	 58	  0	189	  0	  4	  4	  4	  4	  4	  4	  4	  4	  0	  0	  0	  0	  0	  0	  0	  0	  0	  0	  0	  0	  0	  0	  0	  0	  0	  0	  0	  0	  0	  0	  0	  0	 53	 51	 90	 60	  0	 61	  0	  0	  0	  0	  0	  0	  0	  0	  0	  0	  0	  5	14906	  1
08/04/2017	19:06:46	->	L	00000000	 10	 56	 51	 78	  0	194	  0	  4	  4	  4	  4	  4	  4	  4	  4	  0	  0	  0	  0	  0	  0	  0	  0	  0	  0	  0	  0	  0	  0	  0	  0	  0	  0	  0	  0	  0	  0	  0	  0	 53	 51	 90	 56	  0	 78	  0	  0	  0	  0	  0	  0	  0	  0	  0	  0	  0	  5	15163	  1
08/04/2017	19:11:46	->	L	00000000	 10	 66	 54	 62	  0	199	  0	  4	  4	  4	  4	  4	  4	  4	  4	  0	  0	  0	  0	  0	  0	  0	  0	  0	  0	  0	  0	  0	  0	  0	  0	  0	  0	  0	  0	  0	  0	  0	  0	 56	 54	 90	 66	  0	 53	  0	  0	  0	  0	  0	  0	  0	  0	  0	  0	  0	  5	15420	  1
08/04/2017	19:16:46	->	L	00000000	 10	 65	 56	 59	  0	204	  0	  4	  4	  4	  4	  4	  4	  4	  4	  0	  0	  0	  0	  0	  0	  0	  0	  0	  0	  0	  0	  0	  0	  0	  0	  0	  0	  0	  0	  0	  0	  0	  0	 57	 56	 94	 65	  0	 63	  0	  0	  0	  0	  0	  0	  0	  0	  0	  0	  0	  5	15677	  1
08/04/2017	19:21:46	->	L	00000000	 10	 61	 57	 81	  0	209	  0	  4	  4	  4	  4	  4	  4	  4	  4	  0	  0	  0	  0	  0	  0	  0	  0	  0	  0	  0	  0	  0	  0	  0	  0	  0	  0	  0	  0	  0	  0	  0	  0	 57	 57	100	 61	  0	 81	  0	  0	  0	  0	  0	  0	  0	  0	  0	  0	  0	  5	15934	  1
08/04/2017	19:26:46	->	L	00000000	 10	 65	 57	 73	  0	214	  0	  4	  4	  4	  4	  4	  4	  4	  4	  0	  0	  0	  0	  0	  0	  0	  0	  0	  0	  0	  0	  0	  0	  0	  0	  0	  0	  0	  0	  0	  0	  0	  0	 58	 57	 94	 65	  0	 66	  0	  0	  0	  0	  0	  0	  0	  0	  0	  0	  0	  5	16191	  1
08/04/2017	19:31:46	->	L	00000000	 10	 67	 58	 60	  0	219	  0	  4	  4	  4	  4	  4	  4	  4	  4	  0	  0	  0	  0	  0	  0	  0	  0	  0	  0	  0	  0	  0	  0	  0	  0	  0	  0	  0	  0	  0	  0	  0	  0	 59	 58	 95	 67	  0	 63	  0	  0	  0	  0	  0	  0	  0	  0	  0	  0	  0	  5	16448	  1
08/04/2017	19:36:46	->	L	00000000	 10	 62	 58	 79	  0	224	  0	  4	  4	  4	  4	  4	  4	  4	  4	  0	  0	  0	  0	  0	  0	  0	  0	  0	  0	  0	  0	  0	  0	  0	  0	  0	  0	  0	  0	  0	  0	  0	  0	 59	 58	 95	 62	  0	 81	  0	  0	  0	  0	  0	  0	  0	  0	  0	  0	  0	  5	16705	  1
08/04/2017	19:41:46	->	L	00000000	 10	 70	 59	 60	  0	229	  0	  4	  4	  4	  4	  4	  4	  4	  4	  0	  0	  0	  0	  0	  0	  0	  0	  0	  0	  0	  0	  0	  0	  0	  0	  0	  0	  0	  0	  0	  0	  0	  0	 61	 59	 90	 70	  0	 57	  0	  0	  0	  0	  0	  0	  0	  0	  0	  0	  0	  5	16962	  1
08/04/2017	19:46:46	->	L	00000000	 10	 65	 60	 79	  0	234	  0	  4	  4	  4	  4	  4	  4	  4	  4	  0	  0	  0	  0	  0	  0	  0	  0	  0	  0	  0	  0	  0	  0	  0	  0	  0	  0	  0	  0	  0	  0	  0	  0	 61	 60	 95	 65	  0	 79	  0	  0	  0	  0	  0	  0	  0	  0	  0	  0	  0	  5	17219	  1
08/04/2017	19:51:46	->	L	00000000	 10	 71	 61	 61	  0	239	  0	  4	  4	  4	  4	  4	  4	  4	  4	  0	  0	  0	  0	  0	  0	  0	  0	  0	  0	  0	  0	  0	  0	  0	  0	  0	  0	  0	  0	  0	  0	  0	  0	 63	 61	 90	 71	  0	 61	  0	  0	  0	  0	  0	  0	  0	  0	  0	  0	  0	  5	17476	  1
08/04/2017	19:56:46	->	L	00000000	 10	 66	 61	 74	  0	244	  0	  4	  4	  4	  4	  4	  4	  4	  4	  0	  0	  0	  0	  0	  0	  0	  0	  0	  0	  0	  0	  0	  0	  0	  0	  0	  0	  0	  0	  0	  0	  0	  0	 62	 61	 95	 66	  0	 79	  0	  0	  0	  0	  0	  0	  0	  0	  0	  0	  0	  5	17476	  1
08/04/2017	20:01:46	->	L	00000000	 10	 71	 63	 65	  0	249	  0	  4	  4	  4	  4	  4	  4	  4	  4	  0	  0	  0	  0	  0	  0	  0	  0	  0	  0	  0	  0	  0	  0	  0	  0	  0	  0	  0	  0	  0	  0	  0	  0	 64	 63	 95	 71	  0	 68	  0	  0	  0	  0	  0	  0	  0	  0	  0	  0	  0	  5	17733	  1
08/04/2017	20:06:46	->	L	00000000	 10	 69	 63	 79	  0	254	  0	  4	  4	  4	  4	  4	  4	  4	  4	  0	  0	  0	  0	  0	  0	  0	  0	  0	  0	  0	  0	  0	  0	  0	  0	  0	  0	  0	  0	  0	  0	  0	  0	 64	 63	 95	 69	  0	 74	  0	  0	  0	  0	  0	  0	  0	  0	  0	  0	  0	  5	17990	  1
08/04/2017	20:11:46	->	L	00000000	 10	 71	 64	 71	  0	259	  0	  4	  4	  4	  4	  4	  4	  4	  4	  0	  0	  0	  0	  0	  0	  0	  0	  0	  0	  0	  0	  0	  0	  0	  0	  0	  0	  0	  0	  0	  0	  0	  0	 66	 64	 90	 71	  0	 71	  0	  0	  0	  0	  0	  0	  0	  0	  0	  0	  0	  5	18247	  1
08/04/2017	20:16:46	->	L	00000000	 10	 73	 64	 71	  0	264	  0	  4	  4	  4	  4	  4	  4	  4	  4	  0	  0	  0	  0	  0	  0	  0	  0	  0	  0	  0	  0	  0	  0	  0	  0	  0	  0	  0	  0	  0	  0	  0	  0	 66	 64	 90	 73	  0	 65	  0	  0	  0	  0	  0	  0	  0	  0	  0	  0	  0	  5	18504	  1
08/04/2017	20:21:47	->	L	00000000	 10	 70	 65	 80	  0	269	  0	  4	  4	  4	  4	  4	  4	  4	  4	  0	  0	  0	  0	  0	  0	  0	  0	  0	  0	  0	  0	  0	  0	  0	  0	  0	  0	  0	  0	  0	  0	  0	  0	 67	 65	 91	 70	  0	 80	  0	  0	  0	  0	  0	  0	  0	  0	  0	  0	  0	  5	18761	  1
08/04/2017	20:26:47	->	L	00000000	 10	 76	 66	 62	  0	274	  0	  4	  4	  4	  4	  4	  4	  4	  4	  0	  0	  0	  0	  0	  0	  0	  0	  0	  0	  0	  0	  0	  0	  0	  0	  0	  0	  0	  0	  0	  0	  0	  0	 68	 66	 91	 76	  0	 62	  0	  0	  0	  0	  0	  0	  0	  0	  0	  0	  0	  5	19018	  1
08/04/2017	20:31:46	->	L	00000000	 10	 75	 67	 72	  0	279	  0	  4	  4	  4	  4	  4	  4	  4	  4	  0	  0	  0	  0	  0	  0	  0	  0	  0	  0	  0	  0	  0	  0	  0	  0	  0	  0	  0	  0	  0	  0	  0	  0	 68	 67	 95	 75	  0	 69	  0	  0	  0	  0	  0	  0	  0	  0	  0	  0	  0	  5	19275	  1
08/04/2017	20:36:46	->	L	00000000	 10	 74	 67	 75	  0	284	  0	  4	  4	  4	  4	  4	  4	  4	  4	  0	  0	  0	  0	  0	  0	  0	  0	  0	  0	  0	  0	  0	  0	  0	  0	  0	  0	  0	  0	  0	  0	  0	  0	 69	 67	 91	 74	  0	 72	  0	  0	  0	  0	  0	  0	  0	  0	  0	  0	  0	  5	19532	  1
08/04/2017	20:41:46	->	L	00000000	 10	 78	 68	 63	  0	289	  0	  4	  4	  4	  4	  4	  4	  4	  4	  0	  0	  0	  0	  0	  0	  0	  0	  0	  0	  0	  0	  0	  0	  0	  0	  0	  0	  0	  0	  0	  0	  0	  0	 70	 68	 91	 78	  0	 63	  0	  0	  0	  0	  0	  0	  0	  0	  0	  0	  0	  5	19789	  1
08/04/2017	20:46:46	->	L	00000000	 10	 78	 69	 66	  0	294	  0	  4	  4	  4	  4	  4	  4	  4	  4	  0	  0	  0	  0	  0	  0	  0	  0	  0	  0	  0	  0	  0	  0	  0	  0	  0	  0	  0	  0	  0	  0	  0	  0	 71	 69	 91	 78	  0	 66	  0	  0	  0	  0	  0	  0	  0	  0	  0	  0	  0	  5	20046	  1
08/04/2017	20:51:46	->	L	00000000	 10	 77	 69	 73	  0	299	  0	  4	  4	  4	  4	  4	  4	  4	  4	  0	  0	  0	  0	  0	  0	  0	  0	  0	  0	  0	  0	  0	  0	  0	  0	  0	  0	  0	  0	  0	  0	  0	  0	 71	 69	 91	 77	  0	 69	  0	  0	  0	  0	  0	  0	  0	  0	  0	  0	  0	  5	20303	  1
08/04/2017	20:56:46	->	L	00000000	 21	 81	 69	 58	  0	  3	  0	  4	  4	  4	  4	  4	  4	  4	  4	  0	  0	  0	  0	  0	  0	  0	  0	  0	  0	  0	  0	  0	  0	  0	  0	  0	  0	  0	  0	  0	  0	  0	  0	 72	 69	 87	 81	  0	 58	  0	  0	  0	  0	  0	  0	  0	  0	  0	  0	  0	  5	21836	  0
08/04/2017	21:01:46	->	L	00000000	 21	 82	 70	 58	  0	  8	  0	  4	  4	  4	  4	  4	  4	  4	  4	  0	  0	  0	  0	  0	  0	  0	  0	  0	  0	  0	  0	  0	  0	  0	  0	  0	  0	  0	  0	  0	  0	  0	  0	 72	 70	 91	 82	  0	 58	  0	  0	  0	  0	  0	  0	  0	  0	  0	  0	  0	  5	21836	  0
08/04/2017	21:06:46	->	L	00000000	 21	 81	 70	 61	  0	 13	  0	  4	  4	  4	  4	  4	  4	  4	  4	  0	  0	  0	  0	  0	  0	  0	  0	  0	  0	  0	  0	  0	  0	  0	  0	  0	  0	  0	  0	  0	  0	  0	  0	 73	 70	 87	 81	  0	 61	  0	  0	  0	  0	  0	  0	  0	  0	  0	  0	  0	  5	21836	  0
08/04/2017	21:11:46	->	L	00000000	 21	 81	 70	 61	  0	 18	  0	  4	  4	  4	  4	  4	  4	  4	  4	  0	  0	  0	  0	  0	  0	  0	  0	  0	  0	  0	  0	  0	  0	  0	  0	  0	  0	  0	  0	  0	  0	  0	  0	 73	 70	 87	 81	  0	 61	  0	  0	  0	  0	  0	  0	  0	  0	  0	  0	  0	  5	21836	  0
08/04/2017	21:16:46	->	L	00000000	 21	 81	 71	 64	  0	 23	  0	  4	  4	  4	  4	  4	  4	  4	  4	  0	  0	  0	  0	  0	  0	  0	  0	  0	  0	  0	  0	  0	  0	  0	  0	  0	  0	  0	  0	  0	  0	  0	  0	 73	 71	 91	 81	  0	 64	  0	  0	  0	  0	  0	  0	  0	  0	  0	  0	  0	  5	21836	  0
08/04/2017	21:21:46	->	L	00000000	 21	 82	 71	 64	  0	 28	  0	  4	  4	  4	  4	  4	  4	  4	  4	  0	  0	  0	  0	  0	  0	  0	  0	  0	  0	  0	  0	  0	  0	  0	  0	  0	  0	  0	  0	  0	  0	  0	  0	 73	 71	 91	 82	  0	 61	  0	  0	  0	  0	  0	  0	  0	  0	  0	  0	  0	  5	21836	  0
08/04/2017	21:26:46	->	L	00000000	 21	 82	 71	 61	  0	 33	  0	  4	  4	  4	  4	  4	  4	  4	  4	  0	  0	  0	  0	  0	  0	  0	  0	  0	  0	  0	  0	  0	  0	  0	  0	  0	  0	  0	  0	  0	  0	  0	  0	 74	 71	 88	 82	  0	 61	  0	  0	  0	  0	  0	  0	  0	  0	  0	  0	  0	  5	21836	  0
08/04/2017	21:31:46	->	L	00000000	 21	 83	 72	 61	  0	 38	  0	  4	  4	  4	  4	  4	  4	  4	  4	  0	  0	  0	  0	  0	  0	  0	  0	  0	  0	  0	  0	  0	  0	  0	  0	  0	  0	  0	  0	  0	  0	  0	  0	 74	 72	 91	 83	  0	 61	  0	  0	  0	  0	  0	  0	  0	  0	  0	  0	  0	  5	21836	  0
08/04/2017	21:36:46	->	L	00000000	 21	 83	 72	 61	  0	 43	  0	  4	  4	  4	  4	  4	  4	  4	  4	  0	  0	  0	  0	  0	  0	  0	  0	  0	  0	  0	  0	  0	  0	  0	  0	  0	  0	  0	  0	  0	  0	  0	  0	 75	 72	 88	 83	  0	 61	  0	  0	  0	  0	  0	  0	  0	  0	  0	  0	  0	  5	21836	  0
08/04/2017	21:41:46	->	L	00000000	 21	 84	 72	 59	  0	 48	  0	  4	  4	  4	  4	  4	  4	  4	  4	  0	  0	  0	  0	  0	  0	  0	  0	  0	  0	  0	  0	  0	  0	  0	  0	  0	  0	  0	  0	  0	  0	  0	  0	 75	 72	 88	 84	  0	 59	  0	  0	  0	  0	  0	  0	  0	  0	  0	  0	  0	  5	21836	  0
08/04/2017	21:46:46	->	L	00000000	 21	 83	 73	 64	  0	 53	  0	  4	  4	  4	  4	  4	  4	  4	  4	  0	  0	  0	  0	  0	  0	  0	  0	  0	  0	  0	  0	  0	  0	  0	  0	  0	  0	  0	  0	  0	  0	  0	  0	 75	 73	 91	 83	  0	 64	  0	  0	  0	  0	  0	  0	  0	  0	  0	  0	  0	  5	21836	  0
08/04/2017	21:51:46	->	L	00000000	 21	 83	 73	 64	  0	 58	  0	  4	  4	  4	  4	  4	  4	  4	  4	  0	  0	  0	  0	  0	  0	  0	  0	  0	  0	  0	  0	  0	  0	  0	  0	  0	  0	  0	  0	  0	  0	  0	  0	 76	 73	 88	 83	  0	 64	  0	  0	  0	  0	  0	  0	  0	  0	  0	  0	  0	  5	21836	  0
08/04/2017	21:56:46	->	L	00000000	 21	 85	 74	 60	  0	 63	  0	  4	  4	  4	  4	  4	  4	  4	  4	  0	  0	  0	  0	  0	  0	  0	  0	  0	  0	  0	  0	  0	  0	  0	  0	  0	  0	  0	  0	  0	  0	  0	  0	 76	 74	 91	 85	  0	 62	  0	  0	  0	  0	  0	  0	  0	  0	  0	  0	  0	  5	21836	  0
08/04/2017	22:01:46	->	L	00000000	 21	 86	 74	 62	  0	 68	  0	  4	  4	  4	  4	  4	  4	  4	  4	  0	  0	  0	  0	  0	  0	  0	  0	  0	  0	  0	  0	  0	  0	  0	  0	  0	  0	  0	  0	  0	  0	  0	  0	 77	 74	 88	 86	  0	 60	  0	  0	  0	  0	  0	  0	  0	  0	  0	  0	  0	  5	21836	  0
08/04/2017	22:06:46	->	L	00000000	 21	 84	 74	 65	  0	 73	  0	  4	  4	  4	  4	  4	  4	  4	  4	  0	  0	  0	  0	  0	  0	  0	  0	  0	  0	  0	  0	  0	  0	  0	  0	  0	  0	  0	  0	  0	  0	  0	  0	 77	 74	 88	 84	  0	 65	  0	  0	  0	  0	  0	  0	  0	  0	  0	  0	  0	  5	21836	  0
08/04/2017	22:11:46	->	L	00000000	 21	 88	 75	 57	  0	 78	  0	  4	  4	  4	  4	  4	  4	  4	  4	  0	  0	  0	  0	  0	  0	  0	  0	  0	  0	  0	  0	  0	  0	  0	  0	  0	  0	  0	  0	  0	  0	  0	  0	 77	 75	 91	 88	  0	 57	  0	  0	  0	  0	  0	  0	  0	  0	  0	  0	  0	  5	21836	  0
08/04/2017	22:16:46	->	L	00000000	 21	 82	 75	 71	  0	 83	  0	  4	  4	  4	  4	  4	  4	  4	  4	  0	  0	  0	  0	  0	  0	  0	  0	  0	  0	  0	  0	  0	  0	  0	  0	  0	  0	  0	  0	  0	  0	  0	  0	 77	 75	 91	 82	  0	 74	  0	  0	  0	  0	  0	  0	  0	  0	  0	  0	  0	  5	21836	  0
08/04/2017	22:21:47	->	L	00000000	 21	 89	 75	 57	  0	 88	  0	  4	  4	  4	  4	  4	  4	  4	  4	  0	  0	  0	  0	  0	  0	  0	  0	  0	  0	  0	  0	  0	  0	  0	  0	  0	  0	  0	  0	  0	  0	  0	  0	 78	 75	 88	 89	  0	 55	  0	  0	  0	  0	  0	  0	  0	  0	  0	  0	  0	  5	21836	  0
08/04/2017	22:26:47	->	L	00000000	 21	 83	 75	 71	  0	 93	  0	  4	  4	  4	  4	  4	  4	  4	  4	  0	  0	  0	  0	  0	  0	  0	  0	  0	  0	  0	  0	  0	  0	  0	  0	  0	  0	  0	  0	  0	  0	  0	  0	 77	 75	 91	 83	  0	 71	  0	  0	  0	  0	  0	  0	  0	  0	  0	  0	  0	  5	21836	  0
08/04/2017	22:31:47	->	L	00000000	 21	 89	 76	 58	  0	 98	  0	  4	  4	  4	  4	  4	  4	  4	  4	  0	  0	  0	  0	  0	  0	  0	  0	  0	  0	  0	  0	  0	  0	  0	  0	  0	  0	  0	  0	  0	  0	  0	  0	 79	 76	 88	 89	  0	 58	  0	  0	  0	  0	  0	  0	  0	  0	  0	  0	  0	  5	21836	  0
08/04/2017	22:36:47	->	L	00000000	 21	 84	 76	 71	  0	103	  0	  4	  4	  4	  4	  4	  4	  4	  4	  0	  0	  0	  0	  0	  0	  0	  0	  0	  0	  0	  0	  0	  0	  0	  0	  0	  0	  0	  0	  0	  0	  0	  0	 78	 76	 91	 84	  0	 71	  0	  0	  0	  0	  0	  0	  0	  0	  0	  0	  0	  5	21836	  0
08/04/2017	22:41:47	->	L	00000000	 21	 88	 76	 60	  0	108	  0	  4	  4	  4	  4	  4	  4	  4	  4	  0	  0	  0	  0	  0	  0	  0	  0	  0	  0	  0	  0	  0	  0	  0	  0	  0	  0	  0	  0	  0	  0	  0	  0	 79	 76	 88	 88	  0	 60	  0	  0	  0	  0	  0	  0	  0	  0	  0	  0	  0	  5	21836	  0
08/04/2017	22:46:47	->	L	00000000	 21	 83	 76	 74	  0	113	  0	  4	  4	  4	  4	  4	  4	  4	  4	  0	  0	  0	  0	  0	  0	  0	  0	  0	  0	  0	  0	  0	  0	  0	  0	  0	  0	  0	  0	  0	  0	  0	  0	 78	 76	 91	 83	  0	 74	  0	  0	  0	  0	  0	  0	  0	  0	  0	  0	  0	  5	21836	  0
08/04/2017	22:51:47	->	L	00000000	 21	 88	 76	 60	  0	118	  0	  4	  4	  4	  4	  4	  4	  4	  4	  0	  0	  0	  0	  0	  0	  0	  0	  0	  0	  0	  0	  0	  0	  0	  0	  0	  0	  0	  0	  0	  0	  0	  0	 79	 76	 88	 88	  0	 60	  0	  0	  0	  0	  0	  0	  0	  0	  0	  0	  0	  5	21836	  0
08/04/2017	22:56:46	->	L	00000000	 21	 83	 76	 75	  0	123	  0	  4	  4	  4	  4	  4	  4	  4	  4	  0	  0	  0	  0	  0	  0	  0	  0	  0	  0	  0	  0	  0	  0	  0	  0	  0	  0	  0	  0	  0	  0	  0	  0	 78	 76	 91	 83	  0	 74	  0	  0	  0	  0	  0	  0	  0	  0	  0	  0	  0	  5	21836	  0
08/04/2017	23:01:46	<-	L	00000000	 21	 84	 76	 74	  0	128	  0	  4	  4	  4	  4	  4	  4	  4	  4	  0	  0	  0	  0	  0	  0	  0	  0	  0	  0	  0	  0	  0	  0	  0	  0	  0	  0	  0	  0	  0	  0	  0	  0	 84	 76	 71	 79	  0	 88	  0	  0	  0	  0	  0	  0	  0	  0	  0	  0	  0	  5	21836	  0
08/04/2017	23:06:46	<-	L	00000000	 21	 86	 77	 69	  0	133	  0	  4	  4	  4	  4	  4	  4	  4	  4	  0	  0	  0	  0	  0	  0	  0	  0	  0	  0	  0	  0	  0	  0	  0	  0	  0	  0	  0	  0	  0	  0	  0	  0	 86	 77	 69	 79	  0	 91	  0	  0	  0	  0	  0	  0	  0	  0	  0	  0	  0	  5	21836	  0
08/04/2017	23:11:46	<-	L	00000000	 21	 83	 77	 75	  0	138	  0	  4	  4	  4	  4	  4	  4	  4	  4	  0	  0	  0	  0	  0	  0	  0	  0	  0	  0	  0	  0	  0	  0	  0	  0	  0	  0	  0	  0	  0	  0	  0	  0	 83	 77	 77	 78	  0	 95	  0	  0	  0	  0	  0	  0	  0	  0	  0	  0	  0	  5	21836	  0
08/04/2017	23:16:46	<-	L	00000000	 21	 88	 77	 63	  0	143	  0	  4	  4	  4	  4	  4	  4	  4	  4	  0	  0	  0	  0	  0	  0	  0	  0	  0	  0	  0	  0	  0	  0	  0	  0	  0	  0	  0	  0	  0	  0	  0	  0	 88	 77	 63	 79	  0	 91	  0	  0	  0	  0	  0	  0	  0	  0	  0	  0	  0	  5	21836	  0
08/04/2017	23:26:46	  	L	00000000	 21	 78	 75	 83	  0	150	  0	  4	  4	  4	  4	  4	  4	  4	  4	  0	  0	  0	  0	  0	  0	  0	  0	  0	  0	  0	  0	  0	  0	  0	  0	  0	  0	  0	  0	  0	  0	  0	  0	 78	 75	 88	 77	  0	 91	  0	  0	  0	  0	  0	  0	  0	  0	  0	  0	  0	  5	21836	  0
08/04/2017	23:31:46	<-	L	00000000	 21	 81	 77	 77	  0	155	  0	  4	  4	  4	  4	  4	  4	  4	  4	  0	  0	  0	  0	  0	  0	  0	  0	  0	  0	  0	  0	  0	  0	  0	  0	  0	  0	  0	  0	  0	  0	  0	  0	 81	 77	 84	 78	  0	 95	  0	  0	  0	  0	  0	  0	  0	  0	  0	  0	  0	  5	21836	  0
08/04/2017	23:36:46	<-	L	00000000	 21	 87	 77	 69	  0	160	  0	  4	  4	  4	  4	  4	  4	  4	  4	  0	  0	  0	  0	  0	  0	  0	  0	  0	  0	  0	  0	  0	  0	  0	  0	  0	  0	  0	  0	  0	  0	  0	  0	 87	 77	 65	 79	  0	 91	  0	  0	  0	  0	  0	  0	  0	  0	  0	  0	  0	  5	21836	  0
08/04/2017	23:41:46	<-	L	00000000	 21	 83	 77	 75	  0	165	  0	  4	  4	  4	  4	  4	  4	  4	  4	  0	  0	  0	  0	  0	  0	  0	  0	  0	  0	  0	  0	  0	  0	  0	  0	  0	  0	  0	  0	  0	  0	  0	  0	 83	 77	 77	 78	  0	 95	  0	  0	  0	  0	  0	  0	  0	  0	  0	  0	  0	  5	21836	  0
08/04/2017	23:46:47	<-	L	00000000	 21	 87	 77	 65	  0	170	  0	  4	  4	  4	  4	  4	  4	  4	  4	  0	  0	  0	  0	  0	  0	  0	  0	  0	  0	  0	  0	  0	  0	  0	  0	  0	  0	  0	  0	  0	  0	  0	  0	 87	 77	 65	 79	  0	 91	  0	  0	  0	  0	  0	  0	  0	  0	  0	  0	  0	  5	21836	  0
08/04/2017	23:51:46	<-	L	00000000	 21	 84	 77	 77	  0	175	  0	  4	  4	  4	  4	  4	  4	  4	  4	  0	  0	  0	  0	  0	  0	  0	  0	  0	  0	  0	  0	  0	  0	  0	  0	  0	  0	  0	  0	  0	  0	  0	  0	 84	 77	 75	 78	  0	 95	  0	  0	  0	  0	  0	  0	  0	  0	  0	  0	  0	  5	21836	  0
08/04/2017	23:56:46	<-	L	00000000	 21	 83	 77	 75	  0	180	  0	  4	  4	  4	  4	  4	  4	  4	  4	  0	  0	  0	  0	  0	  0	  0	  0	  0	  0	  0	  0	  0	  0	  0	  0	  0	  0	  0	  0	  0	  0	  0	  0	 83	 77	 77	 79	  0	 91	  0	  0	  0	  0	  0	  0	  0	  0	  0	  0	  0	  5	21836	  0
10/04/2017	06:31:49	  	L	00000000	 21	 36	 33	 83	  0	186	  0	  4	  4	  4	  4	  4	  4	  4	  4	  0	  0	  0	  0	  0	  0	  0	  0	  0	  0	  0	  0	  0	  0	  0	  0	  0	  0	  0	  0	  0	  0	  0	  0	 33	 33	100	 36	  0	 83	  0	  0	  0	  0	  0	  0	  0	  0	  0	  0	  0	  5	17996	  0
10/04/2017	06:36:49	<-	L	00000000	 21	 41	 36	 78	  0	191	  0	  4	  4	  4	  4	  4	  4	  4	  4	  0	  0	  0	  0	  0	  0	  0	  0	  0	  0	  0	  0	  0	  0	  0	  0	  0	  0	  0	  0	  0	  0	  0	  0	 41	 36	 76	 37	  0	 94	  0	  0	  0	  0	  0	  0	  0	  0	  0	  0	  0	  5	17996	  0
10/04/2017	06:41:49	<-	L	00000000	 21	 54	 43	 49	  0	196	  0	  4	  4	  4	  4	  4	  4	  4	  4	  0	  0	  0	  0	  0	  0	  0	  0	  0	  0	  0	  0	  0	  0	  0	  0	  0	  0	  0	  0	  0	  0	  0	  0	 54	 43	 52	 42	  0	100	  0	  0	  0	  0	  0	  0	  0	  0	  0	  0	  0	  5	17996	  0
10/04/2017	06:46:49	<-	L	00000000	 21	 56	 44	 50	  0	201	  0	  4	  4	  4	  4	  4	  4	  4	  4	  0	  0	  0	  0	  0	  0	  0	  0	  0	  0	  0	  0	  0	  0	  0	  0	  0	  0	  0	  0	  0	  0	  0	  0	 56	 44	 50	 44	  0	100	  0	  0	  0	  0	  0	  0	  0	  0	  0	  0	  0	  5	17996	  0
10/04/2017	06:51:49	<-	L	00000000	 21	 57	 45	 50	  0	206	  0	  4	  4	  4	  4	  4	  4	  4	  4	  0	  0	  0	  0	  0	  0	  0	  0	  0	  0	  0	  0	  0	  0	  0	  0	  0	  0	  0	  0	  0	  0	  0	  0	 57	 45	 50	 45	  0	100	  0	  0	  0	  0	  0	  0	  0	  0	  0	  0	  0	  5	17996	  0
10/04/2017	06:56:49	<-	L	00000000	 21	 58	 46	 50	  0	211	  0	  4	  4	  4	  4	  4	  4	  4	  4	  0	  0	  0	  0	  0	  0	  0	  0	  0	  0	  0	  0	  0	  0	  0	  0	  0	  0	  0	  0	  0	  0	  0	  0	 58	 46	 50	 47	  0	 94	  0	  0	  0	  0	  0	  0	  0	  0	  0	  0	  0	  5	17996	  0
10/04/2017	07:01:49	<-	L	00000000	 21	 59	 47	 51	  0	216	  0	  4	  4	  4	  4	  4	  4	  4	  4	  0	  0	  0	  0	  0	  0	  0	  0	  0	  0	  0	  0	  0	  0	  0	  0	  0	  0	  0	  0	  0	  0	  0	  0	 59	 47	 51	 48	  0	 94	  0	  0	  0	  0	  0	  0	  0	  0	  0	  0	  0	  5	16716	  0
10/04/2017	07:06:49	<-	L	00000000	 21	 60	 48	 51	  0	221	  0	  4	  4	  4	  4	  4	  4	  4	  4	  0	  0	  0	  0	  0	  0	  0	  0	  0	  0	  0	  0	  0	  0	  0	  0	  0	  0	  0	  0	  0	  0	  0	  0	 60	 48	 51	 49	  0	 94	  0	  0	  0	  0	  0	  0	  0	  0	  0	  0	  0	  5	16716	  0
10/04/2017	07:11:49	<-	L	00000000	 21	 61	 49	 51	  0	226	  0	  4	  4	  4	  4	  4	  4	  4	  4	  0	  0	  0	  0	  0	  0	  0	  0	  0	  0	  0	  0	  0	  0	  0	  0	  0	  0	  0	  0	  0	  0	  0	  0	 61	 49	 51	 50	  0	 94	  0	  0	  0	  0	  0	  0	  0	  0	  0	  0	  0	  5	16716	  0
10/04/2017	07:16:49	<-	L	00000000	 21	 62	 50	 52	  0	231	  0	  4	  4	  4	  4	  4	  4	  4	  4	  0	  0	  0	  0	  0	  0	  0	  0	  0	  0	  0	  0	  0	  0	  0	  0	  0	  0	  0	  0	  0	  0	  0	  0	 62	 50	 52	 51	  0	 94	  0	  0	  0	  0	  0	  0	  0	  0	  0	  0	  0	  5	16716	  0
10/04/2017	07:21:49	<-	L	00000000	 21	 63	 50	 48	  0	236	  0	  4	  4	  4	  4	  4	  4	  4	  4	  0	  0	  0	  0	  0	  0	  0	  0	  0	  0	  0	  0	  0	  0	  0	  0	  0	  0	  0	  0	  0	  0	  0	  0	 63	 50	 48	 52	  0	 90	  0	  0	  0	  0	  0	  0	  0	  0	  0	  0	  0	  5	16716	  0
10/04/2017	07:26:49	<-	L	00000000	 21	 63	 51	 52	  0	241	  0	  4	  4	  4	  4	  4	  4	  4	  4	  0	  0	  0	  0	  0	  0	  0	  0	  0	  0	  0	  0	  0	  0	  0	  0	  0	  0	  0	  0	  0	  0	  0	  0	 63	 51	 52	 53	  0	 90	  0	  0	  0	  0	  0	  0	  0	  0	  0	  0	  0	  5	16716	  0
10/04/2017	07:31:49	<-	L	00000000	 21	 64	 52	 52	  0	246	  0	  4	  4	  4	  4	  4	  4	  4	  4	  0	  0	  0	  0	  0	  0	  0	  0	  0	  0	  0	  0	  0	  0	  0	  0	  0	  0	  0	  0	  0	  0	  0	  0	 64	 52	 52	 54	  0	 90	  0	  0	  0	  0	  0	  0	  0	  0	  0	  0	  0	  5	16716	  0
10/04/2017	07:36:49	<-	L	00000000	 21	 65	 53	 53	  0	251	  0	  4	  4	  4	  4	  4	  4	  4	  4	  0	  0	  0	  0	  0	  0	  0	  0	  0	  0	  0	  0	  0	  0	  0	  0	  0	  0	  0	  0	  0	  0	  0	  0	 65	 53	 53	 55	  0	 90	  0	  0	  0	  0	  0	  0	  0	  0	  0	  0	  0	  5	17996	  0
10/04/2017	07:41:49	<-	L	00000000	 21	 66	 53	 53	  0	256	  0	  4	  4	  4	  4	  4	  4	  4	  4	  0	  0	  0	  0	  0	  0	  0	  0	  0	  0	  0	  0	  0	  0	  0	  0	  0	  0	  0	  0	  0	  0	  0	  0	 66	 53	 49	 56	  0	 86	  0	  0	  0	  0	  0	  0	  0	  0	  0	  0	  0	  5	17996	  0
10/04/2017	07:46:49	<-	L	00000000	 21	 67	 54	 50	  0	261	  0	  4	  4	  4	  4	  4	  4	  4	  4	  0	  0	  0	  0	  0	  0	  0	  0	  0	  0	  0	  0	  0	  0	  0	  0	  0	  0	  0	  0	  0	  0	  0	  0	 67	 54	 50	 57	  0	 90	  0	  0	  0	  0	  0	  0	  0	  0	  0	  0	  0	  5	17996	  0
10/04/2017	07:51:49	<-	L	00000000	 21	 67	 55	 53	  0	266	  0	  4	  4	  4	  4	  4	  4	  4	  4	  0	  0	  0	  0	  0	  0	  0	  0	  0	  0	  0	  0	  0	  0	  0	  0	  0	  0	  0	  0	  0	  0	  0	  0	 67	 55	 53	 57	  0	 90	  0	  0	  0	  0	  0	  0	  0	  0	  0	  0	  0	  5	17996	  0
10/04/2017	07:56:49	<-	L	00000000	 21	 68	 56	 54	  0	271	  0	  4	  4	  4	  4	  4	  4	  4	  4	  0	  0	  0	  0	  0	  0	  0	  0	  0	  0	  0	  0	  0	  0	  0	  0	  0	  0	  0	  0	  0	  0	  0	  0	 68	 56	 54	 58	  0	 90	  0	  0	  0	  0	  0	  0	  0	  0	  0	  0	  0	  5	17996	  0
10/04/2017	08:01:49	<-	L	00000000	 21	 69	 56	 50	  0	276	  0	  4	  4	  4	  4	  4	  4	  4	  4	  0	  0	  0	  0	  0	  0	  0	  0	  0	  0	  0	  0	  0	  0	  0	  0	  0	  0	  0	  0	  0	  0	  0	  0	 69	 56	 50	 59	  0	 86	  0	  0	  0	  0	  0	  0	  0	  0	  0	  0	  0	  5	19276	  0
10/04/2017	08:06:49	<-	L	00000000	 21	 69	 57	 54	  0	281	  0	  4	  4	  4	  4	  4	  4	  4	  4	  0	  0	  0	  0	  0	  0	  0	  0	  0	  0	  0	  0	  0	  0	  0	  0	  0	  0	  0	  0	  0	  0	  0	  0	 69	 57	 54	 59	  0	 90	  0	  0	  0	  0	  0	  0	  0	  0	  0	  0	  0	  5	19276	  0
10/04/2017	08:11:49	<-	L	00000000	 21	 70	 58	 54	  0	286	  0	  4	  4	  4	  4	  4	  4	  4	  4	  0	  0	  0	  0	  0	  0	  0	  0	  0	  0	  0	  0	  0	  0	  0	  0	  0	  0	  0	  0	  0	  0	  0	  0	 70	 58	 54	 60	  0	 90	  0	  0	  0	  0	  0	  0	  0	  0	  0	  0	  0	  5	19276	  0
10/04/2017	08:16:49	<-	L	00000000	 21	 70	 58	 54	  0	291	  0	  4	  4	  4	  4	  4	  4	  4	  4	  0	  0	  0	  0	  0	  0	  0	  0	  0	  0	  0	  0	  0	  0	  0	  0	  0	  0	  0	  0	  0	  0	  0	  0	 70	 58	 54	 61	  0	 86	  0	  0	  0	  0	  0	  0	  0	  0	  0	  0	  0	  5	19276	  0
10/04/2017	08:21:49	<-	L	00000000	 21	 63	 58	 73	  0	296	  0	  4	  4	  4	  4	  4	  4	  4	  4	  0	  0	  0	  0	  0	  0	  0	  0	  0	  0	  0	  0	  0	  0	  0	  0	  0	  0	  0	  0	  0	  0	  0	  0	 63	 58	 79	 60	  0	 90	  0	  0	  0	  0	  0	  0	  0	  0	  0	  0	  0	  5	19276	  0
10/04/2017	08:26:49	<-	L	00000000	 21	 72	 59	 51	  0	301	  0	  4	  4	  4	  4	  4	  4	  4	  4	  0	  0	  0	  0	  0	  0	  0	  0	  0	  0	  0	  0	  0	  0	  0	  0	  0	  0	  0	  0	  0	  0	  0	  0	 72	 59	 51	 62	  0	 86	  0	  0	  0	  0	  0	  0	  0	  0	  0	  0	  0	  5	19276	  0
10/04/2017	08:31:49	<-	L	00000000	 21	 73	 60	 52	  0	306	  0	  4	  4	  4	  4	  4	  4	  4	  4	  0	  0	  0	  0	  0	  0	  0	  0	  0	  0	  0	  0	  0	  0	  0	  0	  0	  0	  0	  0	  0	  0	  0	  0	 73	 60	 52	 63	  0	 86	  0	  0	  0	  0	  0	  0	  0	  0	  0	  0	  0	  5	19276	  0
10/04/2017	08:36:49	<-	L	00000000	 21	 73	 61	 55	  0	311	  0	  4	  4	  4	  4	  4	  4	  4	  4	  0	  0	  0	  0	  0	  0	  0	  0	  0	  0	  0	  0	  0	  0	  0	  0	  0	  0	  0	  0	  0	  0	  0	  0	 73	 61	 55	 63	  0	 90	  0	  0	  0	  0	  0	  0	  0	  0	  0	  0	  0	  5	19276	  0
10/04/2017	08:41:49	<-	L	00000000	 21	 73	 61	 55	  0	316	  0	  4	  4	  4	  4	  4	  4	  4	  4	  0	  0	  0	  0	  0	  0	  0	  0	  0	  0	  0	  0	  0	  0	  0	  0	  0	  0	  0	  0	  0	  0	  0	  0	 73	 61	 55	 64	  0	 87	  0	  0	  0	  0	  0	  0	  0	  0	  0	  0	  0	  5	19276	  0
10/04/2017	08:46:49	<-	L	00000000	 21	 74	 62	 58	  0	321	  0	  4	  4	  4	  4	  4	  4	  4	  4	  0	  0	  0	  0	  0	  0	  0	  0	  0	  0	  0	  0	  0	  0	  0	  0	  0	  0	  0	  0	  0	  0	  0	  0	 74	 62	 56	 64	  0	 90	  0	  0	  0	  0	  0	  0	  0	  0	  0	  0	  0	  5	19276	  0
10/04/2017	08:51:49	<-	L	00000000	 21	 74	 63	 56	  0	326	  0	  4	  4	  4	  4	  4	  4	  4	  4	  0	  0	  0	  0	  0	  0	  0	  0	  0	  0	  0	  0	  0	  0	  0	  0	  0	  0	  0	  0	  0	  0	  0	  0	 74	 63	 58	 65	  0	 90	  0	  0	  0	  0	  0	  0	  0	  0	  0	  0	  0	  5	19276	  0
10/04/2017	08:56:49	<-	L	00000000	 21	 73	 63	 61	  0	331	  0	  4	  4	  4	  4	  4	  4	  4	  4	  0	  0	  0	  0	  0	  0	  0	  0	  0	  0	  0	  0	  0	  0	  0	  0	  0	  0	  0	  0	  0	  0	  0	  0	 73	 63	 61	 66	  0	 87	  0	  0	  0	  0	  0	  0	  0	  0	  0	  0	  0	  5	19276	  0
10/04/2017	09:01:49	<-	L	00000000	 21	 73	 64	 65	  0	336	  0	  4	  4	  4	  4	  4	  4	  4	  4	  0	  0	  0	  0	  0	  0	  0	  0	  0	  0	  0	  0	  0	  0	  0	  0	  0	  0	  0	  0	  0	  0	  0	  0	 73	 64	 65	 67	  0	 87	  0	  0	  0	  0	  0	  0	  0	  0	  0	  0	  0	  5	19276	  0
10/04/2017	09:06:49	<-	L	00000000	 21	 74	 64	 62	  0	341	  0	  4	  4	  4	  4	  4	  4	  4	  4	  0	  0	  0	  0	  0	  0	  0	  0	  0	  0	  0	  0	  0	  0	  0	  0	  0	  0	  0	  0	  0	  0	  0	  0	 74	 64	 62	 67	  0	 87	  0	  0	  0	  0	  0	  0	  0	  0	  0	  0	  0	  5	19276	  0
10/04/2017	09:11:49	<-	L	00000000	 21	 73	 65	 65	  0	346	  0	  4	  4	  4	  4	  4	  4	  4	  4	  0	  0	  0	  0	  0	  0	  0	  0	  0	  0	  0	  0	  0	  0	  0	  0	  0	  0	  0	  0	  0	  0	  0	  0	 73	 65	 68	 68	  0	 87	  0	  0	  0	  0	  0	  0	  0	  0	  0	  0	  0	  5	19276	  0
10/04/2017	09:16:49	<-	L	00000000	 21	 75	 65	 62	  0	351	  0	  4	  4	  4	  4	  4	  4	  4	  4	  0	  0	  0	  0	  0	  0	  0	  0	  0	  0	  0	  0	  0	  0	  0	  0	  0	  0	  0	  0	  0	  0	  0	  0	 75	 65	 62	 68	  0	 87	  0	  0	  0	  0	  0	  0	  0	  0	  0	  0	  0	  5	19276	  0
10/04/2017	09:21:49	<-	L	00000000	 21	 74	 66	 68	  0	356	  0	  4	  4	  4	  4	  4	  4	  4	  4	  0	  0	  0	  0	  0	  0	  0	  0	  0	  0	  0	  0	  0	  0	  0	  0	  0	  0	  0	  0	  0	  0	  0	  0	 74	 66	 69	 68	  0	 91	  0	  0	  0	  0	  0	  0	  0	  0	  0	  0	  0	  5	19276	  0
10/04/2017	09:26:49	<-	L	00000000	 22	 74	 66	 69	  0	  0	  0	  4	  4	  4	  4	  4	  4	  4	  4	  0	  0	  0	  0	  0	  0	  0	  0	  0	  0	  0	  0	  0	  0	  0	  0	  0	  0	  0	  0	  0	  0	  0	  0	 74	 66	 69	 69	  0	 87	  0	  0	  0	  0	  0	  0	  0	  0	  0	  0	  0	  5	21833	  0
10/04/2017	09:31:49	  	L	00000000	 22	 79	 67	 57	  0	  5	  0	  4	  4	  4	  4	  4	  4	  4	  4	  0	  0	  0	  0	  0	  0	  0	  0	  0	  0	  0	  0	  0	  0	  0	  0	  0	  0	  0	  0	  0	  0	  0	  0	 79	 67	 57	 70	  0	 87	  0	  0	  0	  0	  0	  0	  0	  0	  0	  0	  0	  5	21833	  0
10/04/2017	09:36:49	->	L	00000000	 22	 83	 66	 48	  0	 10	  0	  4	  4	  4	  4	  4	  4	  4	  4	  0	  0	  0	  0	  0	  0	  0	  0	  0	  0	  0	  0	  0	  0	  0	  0	  0	  0	  0	  0	  0	  0	  0	  0	 71	 66	 80	 83	  0	 45	  0	  0	  0	  0	  0	  0	  0	  0	  0	  0	  0	  5	21833	  0
10/04/2017	09:41:49	->	L	00000000	 22	 84	 68	 49	  0	 15	  0	  4	  4	  4	  4	  4	  4	  4	  4	  0	  0	  0	  0	  0	  0	  0	  0	  0	  0	  0	  0	  0	  0	  0	  0	  0	  0	  0	  0	  0	  0	  0	  0	 71	 68	 87	 84	  0	 49	  0	  0	  0	  0	  0	  0	  0	  0	  0	  0	  0	  5	21833	  0
10/04/2017	09:46:49	->	L	00000000	 22	 83	 69	 52	  0	 20	  0	  4	  4	  4	  4	  4	  4	  4	  4	  0	  0	  0	  0	  0	  0	  0	  0	  0	  0	  0	  0	  0	  0	  0	  0	  0	  0	  0	  0	  0	  0	  0	  0	 72	 69	 87	 83	  0	 52	  0	  0	  0	  0	  0	  0	  0	  0	  0	  0	  0	  5	21833	  0
10/04/2017	09:51:49	->	L	00000000	 22	 82	 69	 55	  0	 25	  0	  4	  4	  4	  4	  4	  4	  4	  4	  0	  0	  0	  0	  0	  0	  0	  0	  0	  0	  0	  0	  0	  0	  0	  0	  0	  0	  0	  0	  0	  0	  0	  0	 72	 69	 87	 82	  0	 55	  0	  0	  0	  0	  0	  0	  0	  0	  0	  0	  0	  5	21833	  0
10/04/2017	09:56:49	->	L	00000000	 22	 80	 70	 63	  0	 30	  0	  4	  4	  4	  4	  4	  4	  4	  4	  0	  0	  0	  0	  0	  0	  0	  0	  0	  0	  0	  0	  0	  0	  0	  0	  0	  0	  0	  0	  0	  0	  0	  0	 72	 70	 91	 80	  0	 63	  0	  0	  0	  0	  0	  0	  0	  0	  0	  0	  0	  5	21833	  0
10/04/2017	10:01:49	->	L	00000000	 22	 80	 70	 67	  0	 35	  0	  4	  4	  4	  4	  4	  4	  4	  4	  0	  0	  0	  0	  0	  0	  0	  0	  0	  0	  0	  0	  0	  0	  0	  0	  0	  0	  0	  0	  0	  0	  0	  0	 73	 70	 87	 80	  0	 63	  0	  0	  0	  0	  0	  0	  0	  0	  0	  0	  0	  5	21833	  0
10/04/2017	10:06:49	->	L	00000000	 22	 80	 71	 67	  0	 40	  0	  4	  4	  4	  4	  4	  4	  4	  4	  0	  0	  0	  0	  0	  0	  0	  0	  0	  0	  0	  0	  0	  0	  0	  0	  0	  0	  0	  0	  0	  0	  0	  0	 73	 71	 91	 80	  0	 67	  0	  0	  0	  0	  0	  0	  0	  0	  0	  0	  0	  5	21833	  0
10/04/2017	10:11:49	->	L	00000000	 22	 80	 71	 67	  0	 45	  0	  4	  4	  4	  4	  4	  4	  4	  4	  0	  0	  0	  0	  0	  0	  0	  0	  0	  0	  0	  0	  0	  0	  0	  0	  0	  0	  0	  0	  0	  0	  0	  0	 73	 71	 91	 80	  0	 67	  0	  0	  0	  0	  0	  0	  0	  0	  0	  0	  0	  5	21833	  0
10/04/2017	10:16:49	->	L	00000000	 22	 81	 72	 70	  0	 50	  0	  4	  4	  4	  4	  4	  4	  4	  4	  0	  0	  0	  0	  0	  0	  0	  0	  0	  0	  0	  0	  0	  0	  0	  0	  0	  0	  0	  0	  0	  0	  0	  0	 74	 72	 91	 81	  0	 67	  0	  0	  0	  0	  0	  0	  0	  0	  0	  0	  0	  5	21833	  0
10/04/2017	10:21:49	->	L	00000000	 22	 81	 72	 67	  0	 55	  0	  4	  4	  4	  4	  4	  4	  4	  4	  0	  0	  0	  0	  0	  0	  0	  0	  0	  0	  0	  0	  0	  0	  0	  0	  0	  0	  0	  0	  0	  0	  0	  0	 74	 72	 91	 81	  0	 67	  0	  0	  0	  0	  0	  0	  0	  0	  0	  0	  0	  5	21833	  0
10/04/2017	10:26:49	->	L	00000000	 22	 81	 73	 70	  0	 60	  0	  4	  4	  4	  4	  4	  4	  4	  4	  0	  0	  0	  0	  0	  0	  0	  0	  0	  0	  0	  0	  0	  0	  0	  0	  0	  0	  0	  0	  0	  0	  0	  0	 75	 73	 91	 81	  0	 70	  0	  0	  0	  0	  0	  0	  0	  0	  0	  0	  0	  5	21833	  0
10/04/2017	10:31:49	->	L	00000000	 22	 81	 73	 70	  0	 65	  0	  4	  4	  4	  4	  4	  4	  4	  4	  0	  0	  0	  0	  0	  0	  0	  0	  0	  0	  0	  0	  0	  0	  0	  0	  0	  0	  0	  0	  0	  0	  0	  0	 75	 73	 91	 81	  0	 70	  0	  0	  0	  0	  0	  0	  0	  0	  0	  0	  0	  5	21833	  0
10/04/2017	10:36:49	->	L	00000000	 22	 82	 74	 71	  0	 70	  0	  4	  4	  4	  4	  4	  4	  4	  4	  0	  0	  0	  0	  0	  0	  0	  0	  0	  0	  0	  0	  0	  0	  0	  0	  0	  0	  0	  0	  0	  0	  0	  0	 76	 74	 91	 82	  0	 71	  0	  0	  0	  0	  0	  0	  0	  0	  0	  0	  0	  5	21833	  0
10/04/2017	10:41:49	->	L	00000000	 22	 82	 74	 71	  0	 75	  0	  4	  4	  4	  4	  4	  4	  4	  4	  0	  0	  0	  0	  0	  0	  0	  0	  0	  0	  0	  0	  0	  0	  0	  0	  0	  0	  0	  0	  0	  0	  0	  0	 76	 74	 91	 82	  0	 71	  0	  0	  0	  0	  0	  0	  0	  0	  0	  0	  0	  5	21833	  0
10/04/2017	10:46:49	->	L	00000000	 22	 82	 74	 71	  0	 80	  0	  4	  4	  4	  4	  4	  4	  4	  4	  0	  0	  0	  0	  0	  0	  0	  0	  0	  0	  0	  0	  0	  0	  0	  0	  0	  0	  0	  0	  0	  0	  0	  0	 76	 74	 91	 82	  0	 71	  0	  0	  0	  0	  0	  0	  0	  0	  0	  0	  0	  5	21833	  0
10/04/2017	10:51:49	->	L	00000000	 22	 82	 74	 74	  0	 85	  0	  4	  4	  4	  4	  4	  4	  4	  4	  0	  0	  0	  0	  0	  0	  0	  0	  0	  0	  0	  0	  0	  0	  0	  0	  0	  0	  0	  0	  0	  0	  0	  0	 76	 74	 91	 82	  0	 71	  0	  0	  0	  0	  0	  0	  0	  0	  0	  0	  0	  5	21833	  0
10/04/2017	10:56:49	->	L	00000000	 22	 82	 74	 71	  0	 90	  0	  4	  4	  4	  4	  4	  4	  4	  4	  0	  0	  0	  0	  0	  0	  0	  0	  0	  0	  0	  0	  0	  0	  0	  0	  0	  0	  0	  0	  0	  0	  0	  0	 76	 74	 91	 82	  0	 71	  0	  0	  0	  0	  0	  0	  0	  0	  0	  0	  0	  5	21833	  0
10/04/2017	11:01:49	->	L	00000000	 22	 82	 74	 71	  0	 95	  0	  4	  4	  4	  4	  4	  4	  4	  4	  0	  0	  0	  0	  0	  0	  0	  0	  0	  0	  0	  0	  0	  0	  0	  0	  0	  0	  0	  0	  0	  0	  0	  0	 76	 74	 91	 82	  0	 71	  0	  0	  0	  0	  0	  0	  0	  0	  0	  0	  0	  5	21833	  0
10/04/2017	11:06:49	->	L	00000000	 22	 82	 74	 74	  0	100	  0	  4	  4	  4	  4	  4	  4	  4	  4	  0	  0	  0	  0	  0	  0	  0	  0	  0	  0	  0	  0	  0	  0	  0	  0	  0	  0	  0	  0	  0	  0	  0	  0	 76	 74	 91	 82	  0	 71	  0	  0	  0	  0	  0	  0	  0	  0	  0	  0	  0	  5	21833	  0
10/04/2017	11:11:49	->	L	00000000	 22	 81	 74	 71	  0	105	  0	  4	  4	  4	  4	  4	  4	  4	  4	  0	  0	  0	  0	  0	  0	  0	  0	  0	  0	  0	  0	  0	  0	  0	  0	  0	  0	  0	  0	  0	  0	  0	  0	 76	 74	 91	 81	  0	 74	  0	  0	  0	  0	  0	  0	  0	  0	  0	  0	  0	  5	20553	  0
10/04/2017	11:16:49	->	L	00000000	 22	 79	 73	 81	  0	110	  0	  4	  4	  4	  4	  4	  4	  4	  4	  0	  0	  0	  0	  0	  0	  0	  0	  0	  0	  0	  0	  0	  0	  0	  0	  0	  0	  0	  0	  0	  0	  0	  0	 75	 73	 91	 79	  0	 76	  0	  0	  0	  0	  0	  0	  0	  0	  0	  0	  0	  5	20553	  0
10/04/2017	11:21:49	->	L	00000000	 22	 80	 73	 74	  0	115	  0	  4	  4	  4	  4	  4	  4	  4	  4	  0	  0	  0	  0	  0	  0	  0	  0	  0	  0	  0	  0	  0	  0	  0	  0	  0	  0	  0	  0	  0	  0	  0	  0	 75	 73	 91	 80	  0	 74	  0	  0	  0	  0	  0	  0	  0	  0	  0	  0	  0	  5	20553	  0
10/04/2017	11:26:49	->	L	00000000	 22	 82	 73	 67	  0	120	  0	  4	  4	  4	  4	  4	  4	  4	  4	  0	  0	  0	  0	  0	  0	  0	  0	  0	  0	  0	  0	  0	  0	  0	  0	  0	  0	  0	  0	  0	  0	  0	  0	 75	 73	 91	 82	  0	 67	  0	  0	  0	  0	  0	  0	  0	  0	  0	  0	  0	  5	20553	  0
10/04/2017	11:31:49	->	L	00000000	 22	 80	 73	 76	  0	125	  0	  4	  4	  4	  4	  4	  4	  4	  4	  0	  0	  0	  0	  0	  0	  0	  0	  0	  0	  0	  0	  0	  0	  0	  0	  0	  0	  0	  0	  0	  0	  0	  0	 75	 73	 91	 80	  0	 74	  0	  0	  0	  0	  0	  0	  0	  0	  0	  0	  0	  5	20553	  0
10/04/2017	11:36:49	->	L	00000000	 22	 80	 73	 74	  0	130	  0	  4	  4	  4	  4	  4	  4	  4	  4	  0	  0	  0	  0	  0	  0	  0	  0	  0	  0	  0	  0	  0	  0	  0	  0	  0	  0	  0	  0	  0	  0	  0	  0	 75	 73	 91	 80	  0	 74	  0	  0	  0	  0	  0	  0	  0	  0	  0	  0	  0	  5	20553	  0
10/04/2017	11:41:49	->	L	00000000	 22	 83	 73	 64	  0	135	  0	  4	  4	  4	  4	  4	  4	  4	  4	  0	  0	  0	  0	  0	  0	  0	  0	  0	  0	  0	  0	  0	  0	  0	  0	  0	  0	  0	  0	  0	  0	  0	  0	 75	 73	 91	 83	  0	 64	  0	  0	  0	  0	  0	  0	  0	  0	  0	  0	  0	  5	20553	  0
10/04/2017	11:46:49	->	L	00000000	 22	 79	 73	 76	  0	140	  0	  4	  4	  4	  4	  4	  4	  4	  4	  0	  0	  0	  0	  0	  0	  0	  0	  0	  0	  0	  0	  0	  0	  0	  0	  0	  0	  0	  0	  0	  0	  0	  0	 75	 73	 91	 79	  0	 76	  0	  0	  0	  0	  0	  0	  0	  0	  0	  0	  0	  5	20553	  0
10/04/2017	11:51:49	->	L	00000000	 22	 83	 73	 64	  0	145	  0	  4	  4	  4	  4	  4	  4	  4	  4	  0	  0	  0	  0	  0	  0	  0	  0	  0	  0	  0	  0	  0	  0	  0	  0	  0	  0	  0	  0	  0	  0	  0	  0	 76	 73	 88	 83	  0	 64	  0	  0	  0	  0	  0	  0	  0	  0	  0	  0	  0	  5	20553	  0
10/04/2017	11:56:49	->	L	00000000	 22	 78	 73	 81	  0	150	  0	  4	  4	  4	  4	  4	  4	  4	  4	  0	  0	  0	  0	  0	  0	  0	  0	  0	  0	  0	  0	  0	  0	  0	  0	  0	  0	  0	  0	  0	  0	  0	  0	 75	 73	 91	 78	  0	 81	  0	  0	  0	  0	  0	  0	  0	  0	  0	  0	  0	  5	20553	  0
10/04/2017	12:01:49	->	L	00000000	 22	 84	 73	 62	  0	155	  0	  4	  4	  4	  4	  4	  4	  4	  4	  0	  0	  0	  0	  0	  0	  0	  0	  0	  0	  0	  0	  0	  0	  0	  0	  0	  0	  0	  0	  0	  0	  0	  0	 76	 73	 88	 84	  0	 62	  0	  0	  0	  0	  0	  0	  0	  0	  0	  0	  0	  5	20553	  0
10/04/2017	12:06:49	->	L	00000000	 22	 79	 73	 76	  0	160	  0	  4	  4	  4	  4	  4	  4	  4	  4	  0	  0	  0	  0	  0	  0	  0	  0	  0	  0	  0	  0	  0	  0	  0	  0	  0	  0	  0	  0	  0	  0	  0	  0	 75	 73	 91	 79	  0	 76	  0	  0	  0	  0	  0	  0	  0	  0	  0	  0	  0	  5	20553	  0
10/04/2017	12:11:49	->	L	00000000	 22	 84	 73	 62	  0	165	  0	  4	  4	  4	  4	  4	  4	  4	  4	  0	  0	  0	  0	  0	  0	  0	  0	  0	  0	  0	  0	  0	  0	  0	  0	  0	  0	  0	  0	  0	  0	  0	  0	 76	 73	 88	 84	  0	 62	  0	  0	  0	  0	  0	  0	  0	  0	  0	  0	  0	  5	20553	  0
10/04/2017	12:16:50	->	L	00000000	 22	 79	 73	 74	  0	170	  0	  4	  4	  4	  4	  4	  4	  4	  4	  0	  0	  0	  0	  0	  0	  0	  0	  0	  0	  0	  0	  0	  0	  0	  0	  0	  0	  0	  0	  0	  0	  0	  0	 75	 73	 91	 79	  0	 76	  0	  0	  0	  0	  0	  0	  0	  0	  0	  0	  0	  5	20553	  0
10/04/2017	12:21:50	->	L	00000000	 22	 83	 73	 64	  0	175	  0	  4	  4	  4	  4	  4	  4	  4	  4	  0	  0	  0	  0	  0	  0	  0	  0	  0	  0	  0	  0	  0	  0	  0	  0	  0	  0	  0	  0	  0	  0	  0	  0	 76	 73	 88	 83	  0	 64	  0	  0	  0	  0	  0	  0	  0	  0	  0	  0	  0	  5	20553	  0
10/04/2017	12:26:50	->	L	00000000	 22	 79	 73	 74	  0	180	  0	  4	  4	  4	  4	  4	  4	  4	  4	  0	  0	  0	  0	  0	  0	  0	  0	  0	  0	  0	  0	  0	  0	  0	  0	  0	  0	  0	  0	  0	  0	  0	  0	 75	 73	 91	 79	  0	 76	  0	  0	  0	  0	  0	  0	  0	  0	  0	  0	  0	  5	20553	  0
10/04/2017	12:31:50	->	L	00000000	 22	 83	 73	 67	  0	185	  0	  4	  4	  4	  4	  4	  4	  4	  4	  0	  0	  0	  0	  0	  0	  0	  0	  0	  0	  0	  0	  0	  0	  0	  0	  0	  0	  0	  0	  0	  0	  0	  0	 76	 73	 88	 83	  0	 64	  0	  0	  0	  0	  0	  0	  0	  0	  0	  0	  0	  5	20553	  0
10/04/2017	12:36:50	->	L	00000000	 22	 79	 73	 74	  0	190	  0	  4	  4	  4	  4	  4	  4	  4	  4	  0	  0	  0	  0	  0	  0	  0	  0	  0	  0	  0	  0	  0	  0	  0	  0	  0	  0	  0	  0	  0	  0	  0	  0	 75	 73	 91	 79	  0	 76	  0	  0	  0	  0	  0	  0	  0	  0	  0	  0	  0	  5	20553	  0
10/04/2017	12:41:50	->	L	00000000	 22	 83	 73	 64	  0	195	  0	  4	  4	  4	  4	  4	  4	  4	  4	  0	  0	  0	  0	  0	  0	  0	  0	  0	  0	  0	  0	  0	  0	  0	  0	  0	  0	  0	  0	  0	  0	  0	  0	 75	 73	 91	 83	  0	 64	  0	  0	  0	  0	  0	  0	  0	  0	  0	  0	  0	  5	20553	  0
10/04/2017	12:46:50	->	L	00000000	 22	 79	 73	 76	  0	200	  0	  4	  4	  4	  4	  4	  4	  4	  4	  0	  0	  0	  0	  0	  0	  0	  0	  0	  0	  0	  0	  0	  0	  0	  0	  0	  0	  0	  0	  0	  0	  0	  0	 75	 73	 91	 79	  0	 76	  0	  0	  0	  0	  0	  0	  0	  0	  0	  0	  0	  5	20553	  0
10/04/2017	12:51:50	->	L	00000000	 22	 83	 73	 64	  0	205	  0	  4	  4	  4	  4	  4	  4	  4	  4	  0	  0	  0	  0	  0	  0	  0	  0	  0	  0	  0	  0	  0	  0	  0	  0	  0	  0	  0	  0	  0	  0	  0	  0	 76	 73	 88	 83	  0	 64	  0	  0	  0	  0	  0	  0	  0	  0	  0	  0	  0	  5	20553	  0
10/04/2017	12:56:50	->	L	00000000	 22	 78	 73	 81	  0	210	  0	  4	  4	  4	  4	  4	  4	  4	  4	  0	  0	  0	  0	  0	  0	  0	  0	  0	  0	  0	  0	  0	  0	  0	  0	  0	  0	  0	  0	  0	  0	  0	  0	 75	 73	 91	 78	  0	 81	  0	  0	  0	  0	  0	  0	  0	  0	  0	  0	  0	  5	20553	  0
10/04/2017	13:01:50	->	L	00000000	 22	 81	 73	 67	  0	215	  0	  4	  4	  4	  4	  4	  4	  4	  4	  0	  0	  0	  0	  0	  0	  0	  0	  0	  0	  0	  0	  0	  0	  0	  0	  0	  0	  0	  0	  0	  0	  0	  0	 76	 73	 88	 81	  0	 70	  0	  0	  0	  0	  0	  0	  0	  0	  0	  0	  0	  5	20553	  0
10/04/2017	13:06:50	->	L	00000000	 22	 79	 73	 81	  0	220	  0	  4	  4	  4	  4	  4	  4	  4	  4	  0	  0	  0	  0	  0	  0	  0	  0	  0	  0	  0	  0	  0	  0	  0	  0	  0	  0	  0	  0	  0	  0	  0	  0	 75	 73	 91	 79	  0	 76	  0	  0	  0	  0	  0	  0	  0	  0	  0	  0	  0	  5	20553	  0
10/04/2017	13:11:50	->	L	00000000	 22	 81	 73	 70	  0	225	  0	  4	  4	  4	  4	  4	  4	  4	  4	  0	  0	  0	  0	  0	  0	  0	  0	  0	  0	  0	  0	  0	  0	  0	  0	  0	  0	  0	  0	  0	  0	  0	  0	 75	 73	 91	 81	  0	 70	  0	  0	  0	  0	  0	  0	  0	  0	  0	  0	  0	  5	20553	  0
10/04/2017	13:16:50	->	L	00000000	 22	 82	 73	 70	  0	230	  0	  4	  4	  4	  4	  4	  4	  4	  4	  0	  0	  0	  0	  0	  0	  0	  0	  0	  0	  0	  0	  0	  0	  0	  0	  0	  0	  0	  0	  0	  0	  0	  0	 75	 73	 91	 82	  0	 70	  0	  0	  0	  0	  0	  0	  0	  0	  0	  0	  0	  5	20553	  0
10/04/2017	13:21:50	->	L	00000000	 22	 79	 73	 76	  0	235	  0	  4	  4	  4	  4	  4	  4	  4	  4	  0	  0	  0	  0	  0	  0	  0	  0	  0	  0	  0	  0	  0	  0	  0	  0	  0	  0	  0	  0	  0	  0	  0	  0	 75	 73	 91	 79	  0	 76	  0	  0	  0	  0	  0	  0	  0	  0	  0	  0	  0	  5	20553	  0
10/04/2017	13:26:50	->	L	00000000	 22	 81	 73	 67	  0	240	  0	  4	  4	  4	  4	  4	  4	  4	  4	  0	  0	  0	  0	  0	  0	  0	  0	  0	  0	  0	  0	  0	  0	  0	  0	  0	  0	  0	  0	  0	  0	  0	  0	 75	 73	 91	 81	  0	 70	  0	  0	  0	  0	  0	  0	  0	  0	  0	  0	  0	  5	20553	  0
10/04/2017	13:31:50	->	L	00000000	 22	 81	 73	 74	  0	245	  0	  4	  4	  4	  4	  4	  4	  4	  4	  0	  0	  0	  0	  0	  0	  0	  0	  0	  0	  0	  0	  0	  0	  0	  0	  0	  0	  0	  0	  0	  0	  0	  0	 75	 73	 91	 81	  0	 70	  0	  0	  0	  0	  0	  0	  0	  0	  0	  0	  0	  5	20553	  0
10/04/2017	13:36:50	<-	L	00000000	 22	 76	 73	 88	  0	250	  0	  4	  4	  4	  4	  4	  4	  4	  4	  0	  0	  0	  0	  0	  0	  0	  0	  0	  0	  0	  0	  0	  0	  0	  0	  0	  0	  0	  0	  0	  0	  0	  0	 75	 73	 91	 76	  0	 88	  0	  0	  0	  0	  0	  0	  0	  0	  0	  0	  0	  5	20553	  0
10/04/2017	13:41:50	<-	L	00000000	 22	 80	 73	 76	  0	255	  0	  4	  4	  4	  4	  4	  4	  4	  4	  0	  0	  0	  0	  0	  0	  0	  0	  0	  0	  0	  0	  0	  0	  0	  0	  0	  0	  0	  0	  0	  0	  0	  0	 80	 73	 74	 76	  0	 88	  0	  0	  0	  0	  0	  0	  0	  0	  0	  0	  0	  5	20553	  0
10/04/2017	13:46:50	<-	L	00000000	 22	 79	 73	 76	  0	260	  0	  4	  4	  4	  4	  4	  4	  4	  4	  0	  0	  0	  0	  0	  0	  0	  0	  0	  0	  0	  0	  0	  0	  0	  0	  0	  0	  0	  0	  0	  0	  0	  0	 79	 73	 76	 76	  0	 88	  0	  0	  0	  0	  0	  0	  0	  0	  0	  0	  0	  5	20553	  0
10/04/2017	13:51:50	<-	L	00000000	 22	 81	 73	 70	  0	265	  0	  4	  4	  4	  4	  4	  4	  4	  4	  0	  0	  0	  0	  0	  0	  0	  0	  0	  0	  0	  0	  0	  0	  0	  0	  0	  0	  0	  0	  0	  0	  0	  0	 81	 73	 70	 76	  0	 88	  0	  0	  0	  0	  0	  0	  0	  0	  0	  0	  0	  5	20553	  0
10/04/2017	13:56:50	<-	L	00000000	 22	 80	 73	 74	  0	270	  0	  4	  4	  4	  4	  4	  4	  4	  4	  0	  0	  0	  0	  0	  0	  0	  0	  0	  0	  0	  0	  0	  0	  0	  0	  0	  0	  0	  0	  0	  0	  0	  0	 80	 73	 74	 76	  0	 88	  0	  0	  0	  0	  0	  0	  0	  0	  0	  0	  0	  5	20553	  0
10/04/2017	14:01:50	<-	L	00000000	 22	 79	 73	 74	  0	275	  0	  4	  4	  4	  4	  4	  4	  4	  4	  0	  0	  0	  0	  0	  0	  0	  0	  0	  0	  0	  0	  0	  0	  0	  0	  0	  0	  0	  0	  0	  0	  0	  0	 79	 73	 76	 76	  0	 88	  0	  0	  0	  0	  0	  0	  0	  0	  0	  0	  0	  5	20553	  0
10/04/2017	14:06:50	<-	L	00000000	 22	 81	 73	 70	  0	280	  0	  4	  4	  4	  4	  4	  4	  4	  4	  0	  0	  0	  0	  0	  0	  0	  0	  0	  0	  0	  0	  0	  0	  0	  0	  0	  0	  0	  0	  0	  0	  0	  0	 81	 73	 70	 76	  0	 88	  0	  0	  0	  0	  0	  0	  0	  0	  0	  0	  0	  5	20553	  0
10/04/2017	14:11:50	<-	L	00000000	 22	 78	 73	 81	  0	285	  0	  4	  4	  4	  4	  4	  4	  4	  4	  0	  0	  0	  0	  0	  0	  0	  0	  0	  0	  0	  0	  0	  0	  0	  0	  0	  0	  0	  0	  0	  0	  0	  0	 78	 73	 81	 76	  0	 88	  0	  0	  0	  0	  0	  0	  0	  0	  0	  0	  0	  5	20553	  0
10/04/2017	14:16:50	<-	L	00000000	 22	 80	 73	 70	  0	290	  0	  4	  4	  4	  4	  4	  4	  4	  4	  0	  0	  0	  0	  0	  0	  0	  0	  0	  0	  0	  0	  0	  0	  0	  0	  0	  0	  0	  0	  0	  0	  0	  0	 80	 73	 74	 76	  0	 88	  0	  0	  0	  0	  0	  0	  0	  0	  0	  0	  0	  5	20553	  0
10/04/2017	14:21:50	<-	L	00000000	 22	 80	 73	 76	  0	295	  0	  4	  4	  4	  4	  4	  4	  4	  4	  0	  0	  0	  0	  0	  0	  0	  0	  0	  0	  0	  0	  0	  0	  0	  0	  0	  0	  0	  0	  0	  0	  0	  0	 80	 73	 74	 76	  0	 88	  0	  0	  0	  0	  0	  0	  0	  0	  0	  0	  0	  5	20553	  0
10/04/2017	14:26:50	<-	L	00000000	 22	 79	 73	 74	  0	300	  0	  4	  4	  4	  4	  4	  4	  4	  4	  0	  0	  0	  0	  0	  0	  0	  0	  0	  0	  0	  0	  0	  0	  0	  0	  0	  0	  0	  0	  0	  0	  0	  0	 79	 73	 76	 76	  0	 88	  0	  0	  0	  0	  0	  0	  0	  0	  0	  0	  0	  5	20553	  0
10/04/2017	14:31:50	<-	L	00000000	 22	 81	 73	 70	  0	305	  0	  4	  4	  4	  4	  4	  4	  4	  4	  0	  0	  0	  0	  0	  0	  0	  0	  0	  0	  0	  0	  0	  0	  0	  0	  0	  0	  0	  0	  0	  0	  0	  0	 81	 73	 70	 76	  0	 88	  0	  0	  0	  0	  0	  0	  0	  0	  0	  0	  0	  5	20553	  0
10/04/2017	14:36:50	<-	L	00000000	 22	 78	 73	 81	  0	310	  0	  4	  4	  4	  4	  4	  4	  4	  4	  0	  0	  0	  0	  0	  0	  0	  0	  0	  0	  0	  0	  0	  0	  0	  0	  0	  0	  0	  0	  0	  0	  0	  0	 78	 73	 81	 75	  0	 91	  0	  0	  0	  0	  0	  0	  0	  0	  0	  0	  0	  5	20553	  0
10/04/2017	14:41:50	<-	L	00000000	 22	 81	 73	 70	  0	315	  0	  4	  4	  4	  4	  4	  4	  4	  4	  0	  0	  0	  0	  0	  0	  0	  0	  0	  0	  0	  0	  0	  0	  0	  0	  0	  0	  0	  0	  0	  0	  0	  0	 81	 73	 70	 76	  0	 88	  0	  0	  0	  0	  0	  0	  0	  0	  0	  0	  0	  5	20553	  0
10/04/2017	14:46:50	<-	L	00000000	 22	 80	 73	 76	  0	320	  0	  4	  4	  4	  4	  4	  4	  4	  4	  0	  0	  0	  0	  0	  0	  0	  0	  0	  0	  0	  0	  0	  0	  0	  0	  0	  0	  0	  0	  0	  0	  0	  0	 80	 73	 74	 76	  0	 88	  0	  0	  0	  0	  0	  0	  0	  0	  0	  0	  0	  5	20553	  0
10/04/2017	14:51:50	<-	L	00000000	 22	 80	 73	 74	  0	325	  0	  4	  4	  4	  4	  4	  4	  4	  4	  0	  0	  0	  0	  0	  0	  0	  0	  0	  0	  0	  0	  0	  0	  0	  0	  0	  0	  0	  0	  0	  0	  0	  0	 80	 73	 74	 76	  0	 88	  0	  0	  0	  0	  0	  0	  0	  0	  0	  0	  0	  5	20553	  0
10/04/2017	14:56:50	<-	L	00000000	 22	 81	 73	 70	  0	330	  0	  4	  4	  4	  4	  4	  4	  4	  4	  0	  0	  0	  0	  0	  0	  0	  0	  0	  0	  0	  0	  0	  0	  0	  0	  0	  0	  0	  0	  0	  0	  0	  0	 81	 73	 70	 76	  0	 88	  0	  0	  0	  0	  0	  0	  0	  0	  0	  0	  0	  5	20553	  0
10/04/2017	15:01:50	<-	L	00000000	 22	 78	 73	 76	  0	335	  0	  4	  4	  4	  4	  4	  4	  4	  4	  0	  0	  0	  0	  0	  0	  0	  0	  0	  0	  0	  0	  0	  0	  0	  0	  0	  0	  0	  0	  0	  0	  0	  0	 78	 73	 81	 75	  0	 91	  0	  0	  0	  0	  0	  0	  0	  0	  0	  0	  0	  5	20553	  0
10/04/2017	15:06:50	<-	L	00000000	 22	 81	 73	 70	  0	340	  0	  4	  4	  4	  4	  4	  4	  4	  4	  0	  0	  0	  0	  0	  0	  0	  0	  0	  0	  0	  0	  0	  0	  0	  0	  0	  0	  0	  0	  0	  0	  0	  0	 81	 73	 70	 76	  0	 88	  0	  0	  0	  0	  0	  0	  0	  0	  0	  0	  0	  5	20553	  0
10/04/2017	15:11:50	<-	L	00000000	 22	 78	 73	 76	  0	345	  0	  4	  4	  4	  4	  4	  4	  4	  4	  0	  0	  0	  0	  0	  0	  0	  0	  0	  0	  0	  0	  0	  0	  0	  0	  0	  0	  0	  0	  0	  0	  0	  0	 78	 73	 81	 76	  0	 88	  0	  0	  0	  0	  0	  0	  0	  0	  0	  0	  0	  5	20553	  0
10/04/2017	15:16:50	<-	L	00000000	 22	 82	 73	 67	  0	350	  0	  4	  4	  4	  4	  4	  4	  4	  4	  0	  0	  0	  0	  0	  0	  0	  0	  0	  0	  0	  0	  0	  0	  0	  0	  0	  0	  0	  0	  0	  0	  0	  0	 82	 73	 67	 76	  0	 88	  0	  0	  0	  0	  0	  0	  0	  0	  0	  0	  0	  5	20553	  0
10/04/2017	15:21:50	<-	L	00000000	 22	 78	 73	 81	  0	355	  0	  4	  4	  4	  4	  4	  4	  4	  4	  0	  0	  0	  0	  0	  0	  0	  0	  0	  0	  0	  0	  0	  0	  0	  0	  0	  0	  0	  0	  0	  0	  0	  0	 78	 73	 81	 76	  0	 88	  0	  0	  0	  0	  0	  0	  0	  0	  0	  0	  0	  5	20553	  0
10/04/2017	15:26:50	<-	L	00000000	 22	 81	 73	 67	  0	360	  0	  4	  4	  4	  4	  4	  4	  4	  4	  0	  0	  0	  0	  0	  0	  0	  0	  0	  0	  0	  0	  0	  0	  0	  0	  0	  0	  0	  0	  0	  0	  0	  0	 81	 73	 70	 76	  0	 88	  0	  0	  0	  0	  0	  0	  0	  0	  0	  0	  0	  5	20553	  0
10/04/2017	15:31:50	<-	L	00000000	 23	 84	 71	 56	  0	  4	  0	  4	  4	  4	  4	  4	  4	  4	  4	  0	  0	  0	  0	  0	  0	  0	  0	  0	  0	  0	  0	  0	  0	  0	  0	  0	  0	  0	  0	  0	  0	  0	  0	 84	 71	 56	 76	  0	 80	  0	  0	  0	  0	  0	  0	  0	  0	  0	  0	  0	  5	21830	  0
10/04/2017	15:36:50	<-	L	00000000	 23	 84	 71	 56	  0	  9	  0	  4	  4	  4	  4	  4	  4	  4	  4	  0	  0	  0	  0	  0	  0	  0	  0	  0	  0	  0	  0	  0	  0	  0	  0	  0	  0	  0	  0	  0	  0	  0	  0	 84	 71	 56	 76	  0	 80	  0	  0	  0	  0	  0	  0	  0	  0	  0	  0	  0	  5	21830	  0
10/04/2017	15:41:50	<-	L	00000000	 23	 84	 71	 56	  0	 14	  0	  4	  4	  4	  4	  4	  4	  4	  4	  0	  0	  0	  0	  0	  0	  0	  0	  0	  0	  0	  0	  0	  0	  0	  0	  0	  0	  0	  0	  0	  0	  0	  0	 84	 71	 56	 76	  0	 80	  0	  0	  0	  0	  0	  0	  0	  0	  0	  0	  0	  5	21830	  0
10/04/2017	15:46:50	<-	L	00000000	 23	 81	 71	 61	  0	 19	  0	  4	  4	  4	  4	  4	  4	  4	  4	  0	  0	  0	  0	  0	  0	  0	  0	  0	  0	  0	  0	  0	  0	  0	  0	  0	  0	  0	  0	  0	  0	  0	  0	 81	 71	 64	 75	  0	 83	  0	  0	  0	  0	  0	  0	  0	  0	  0	  0	  0	  5	20550	  0
10/04/2017	15:51:50	<-	L	00000000	 23	 80	 70	 67	  0	 24	  0	  4	  4	  4	  4	  4	  4	  4	  4	  0	  0	  0	  0	  0	  0	  0	  0	  0	  0	  0	  0	  0	  0	  0	  0	  0	  0	  0	  0	  0	  0	  0	  0	 80	 70	 63	 74	  0	 83	  0	  0	  0	  0	  0	  0	  0	  0	  0	  0	  0	  5	20550	  0
10/04/2017	15:56:50	<-	L	00000000	 23	 80	 70	 67	  0	 29	  0	  4	  4	  4	  4	  4	  4	  4	  4	  0	  0	  0	  0	  0	  0	  0	  0	  0	  0	  0	  0	  0	  0	  0	  0	  0	  0	  0	  0	  0	  0	  0	  0	 80	 70	 63	 74	  0	 83	  0	  0	  0	  0	  0	  0	  0	  0	  0	  0	  0	  5	21830	  0
10/04/2017	16:01:50	<-	L	00000000	 23	 84	 71	 56	  0	 34	  0	  4	  4	  4	  4	  4	  4	  4	  4	  0	  0	  0	  0	  0	  0	  0	  0	  0	  0	  0	  0	  0	  0	  0	  0	  0	  0	  0	  0	  0	  0	  0	  0	 84	 71	 56	 76	  0	 80	  0	  0	  0	  0	  0	  0	  0	  0	  0	  0	  0	  5	21830	  0
10/04/2017	16:06:50	<-	L	00000000	 23	 85	 71	 56	  0	 39	  0	  4	  4	  4	  4	  4	  4	  4	  4	  0	  0	  0	  0	  0	  0	  0	  0	  0	  0	  0	  0	  0	  0	  0	  0	  0	  0	  0	  0	  0	  0	  0	  0	 85	 71	 53	 76	  0	 80	  0	  0	  0	  0	  0	  0	  0	  0	  0	  0	  0	  5	21830	  0
10/04/2017	16:11:50	<-	L	00000000	 23	 82	 70	 58	  0	 44	  0	  4	  4	  4	  4	  4	  4	  4	  4	  0	  0	  0	  0	  0	  0	  0	  0	  0	  0	  0	  0	  0	  0	  0	  0	  0	  0	  0	  0	  0	  0	  0	  0	 82	 70	 58	 75	  0	 80	  0	  0	  0	  0	  0	  0	  0	  0	  0	  0	  0	  5	21830	  0
10/04/2017	16:16:50	<-	L	00000000	 23	 85	 71	 53	  0	 49	  0	  4	  4	  4	  4	  4	  4	  4	  4	  0	  0	  0	  0	  0	  0	  0	  0	  0	  0	  0	  0	  0	  0	  0	  0	  0	  0	  0	  0	  0	  0	  0	  0	 85	 71	 53	 76	  0	 80	  0	  0	  0	  0	  0	  0	  0	  0	  0	  0	  0	  5	21830	  0
10/04/2017	16:21:50	<-	L	00000000	 23	 84	 71	 53	  0	 54	  0	  4	  4	  4	  4	  4	  4	  4	  4	  0	  0	  0	  0	  0	  0	  0	  0	  0	  0	  0	  0	  0	  0	  0	  0	  0	  0	  0	  0	  0	  0	  0	  0	 84	 71	 56	 76	  0	 80	  0	  0	  0	  0	  0	  0	  0	  0	  0	  0	  0	  5	21830	  0
10/04/2017	16:26:50	<-	L	00000000	 23	 82	 70	 55	  0	 59	  0	  4	  4	  4	  4	  4	  4	  4	  4	  0	  0	  0	  0	  0	  0	  0	  0	  0	  0	  0	  0	  0	  0	  0	  0	  0	  0	  0	  0	  0	  0	  0	  0	 82	 70	 58	 75	  0	 80	  0	  0	  0	  0	  0	  0	  0	  0	  0	  0	  0	  5	21830	  0
10/04/2017	16:31:50	<-	L	00000000	 23	 85	 71	 56	  0	 64	  0	  4	  4	  4	  4	  4	  4	  4	  4	  0	  0	  0	  0	  0	  0	  0	  0	  0	  0	  0	  0	  0	  0	  0	  0	  0	  0	  0	  0	  0	  0	  0	  0	 85	 71	 53	 76	  0	 80	  0	  0	  0	  0	  0	  0	  0	  0	  0	  0	  0	  5	21830	  0
10/04/2017	16:36:50	<-	L	00000000	 23	 83	 70	 58	  0	 69	  0	  4	  4	  4	  4	  4	  4	  4	  4	  0	  0	  0	  0	  0	  0	  0	  0	  0	  0	  0	  0	  0	  0	  0	  0	  0	  0	  0	  0	  0	  0	  0	  0	 83	 70	 55	 75	  0	 80	  0	  0	  0	  0	  0	  0	  0	  0	  0	  0	  0	  5	21830	  0
10/04/2017	16:41:50	<-	L	00000000	 23	 85	 71	 53	  0	 74	  0	  4	  4	  4	  4	  4	  4	  4	  4	  0	  0	  0	  0	  0	  0	  0	  0	  0	  0	  0	  0	  0	  0	  0	  0	  0	  0	  0	  0	  0	  0	  0	  0	 85	 71	 53	 76	  0	 80	  0	  0	  0	  0	  0	  0	  0	  0	  0	  0	  0	  5	21830	  0
10/04/2017	16:46:50	<-	L	00000000	 23	 83	 70	 58	  0	 79	  0	  4	  4	  4	  4	  4	  4	  4	  4	  0	  0	  0	  0	  0	  0	  0	  0	  0	  0	  0	  0	  0	  0	  0	  0	  0	  0	  0	  0	  0	  0	  0	  0	 83	 70	 55	 75	  0	 80	  0	  0	  0	  0	  0	  0	  0	  0	  0	  0	  0	  5	21830	  0
10/04/2017	16:51:50	<-	L	00000000	 23	 84	 71	 56	  0	 84	  0	  4	  4	  4	  4	  4	  4	  4	  4	  0	  0	  0	  0	  0	  0	  0	  0	  0	  0	  0	  0	  0	  0	  0	  0	  0	  0	  0	  0	  0	  0	  0	  0	 84	 71	 56	 76	  0	 80	  0	  0	  0	  0	  0	  0	  0	  0	  0	  0	  0	  5	21830	  0
10/04/2017	16:56:50	<-	L	00000000	 23	 84	 70	 56	  0	 89	  0	  4	  4	  4	  4	  4	  4	  4	  4	  0	  0	  0	  0	  0	  0	  0	  0	  0	  0	  0	  0	  0	  0	  0	  0	  0	  0	  0	  0	  0	  0	  0	  0	 84	 70	 53	 76	  0	 75	  0	  0	  0	  0	  0	  0	  0	  0	  0	  0	  0	  5	21830	  0
10/04/2017	17:01:50	<-	L	00000000	 23	 83	 70	 55	  0	 94	  0	  4	  4	  4	  4	  4	  4	  4	  4	  0	  0	  0	  0	  0	  0	  0	  0	  0	  0	  0	  0	  0	  0	  0	  0	  0	  0	  0	  0	  0	  0	  0	  0	 83	 70	 55	 75	  0	 80	  0	  0	  0	  0	  0	  0	  0	  0	  0	  0	  0	  5	21830	  0
10/04/2017	17:06:50	<-	L	00000000	 23	 85	 71	 53	  0	 99	  0	  4	  4	  4	  4	  4	  4	  4	  4	  0	  0	  0	  0	  0	  0	  0	  0	  0	  0	  0	  0	  0	  0	  0	  0	  0	  0	  0	  0	  0	  0	  0	  0	 85	 71	 53	 76	  0	 80	  0	  0	  0	  0	  0	  0	  0	  0	  0	  0	  0	  5	21830	  0
10/04/2017	17:11:50	<-	L	00000000	 23	 84	 70	 53	  0	104	  0	  4	  4	  4	  4	  4	  4	  4	  4	  0	  0	  0	  0	  0	  0	  0	  0	  0	  0	  0	  0	  0	  0	  0	  0	  0	  0	  0	  0	  0	  0	  0	  0	 84	 70	 53	 76	  0	 75	  0	  0	  0	  0	  0	  0	  0	  0	  0	  0	  0	  5	21830	  0
10/04/2017	17:16:50	<-	L	00000000	 23	 84	 71	 56	  0	109	  0	  4	  4	  4	  4	  4	  4	  4	  4	  0	  0	  0	  0	  0	  0	  0	  0	  0	  0	  0	  0	  0	  0	  0	  0	  0	  0	  0	  0	  0	  0	  0	  0	 84	 71	 56	 76	  0	 80	  0	  0	  0	  0	  0	  0	  0	  0	  0	  0	  0	  5	21830	  0
10/04/2017	17:21:50	<-	L	00000000	 23	 84	 70	 53	  0	114	  0	  4	  4	  4	  4	  4	  4	  4	  4	  0	  0	  0	  0	  0	  0	  0	  0	  0	  0	  0	  0	  0	  0	  0	  0	  0	  0	  0	  0	  0	  0	  0	  0	 84	 70	 53	 76	  0	 75	  0	  0	  0	  0	  0	  0	  0	  0	  0	  0	  0	  5	21830	  0
10/04/2017	17:26:50	<-	L	00000000	 23	 84	 70	 56	  0	119	  0	  4	  4	  4	  4	  4	  4	  4	  4	  0	  0	  0	  0	  0	  0	  0	  0	  0	  0	  0	  0	  0	  0	  0	  0	  0	  0	  0	  0	  0	  0	  0	  0	 84	 70	 53	 75	  0	 80	  0	  0	  0	  0	  0	  0	  0	  0	  0	  0	  0	  5	21830	  0
10/04/2017	17:31:50	<-	L	00000000	 23	 84	 70	 53	  0	124	  0	  4	  4	  4	  4	  4	  4	  4	  4	  0	  0	  0	  0	  0	  0	  0	  0	  0	  0	  0	  0	  0	  0	  0	  0	  0	  0	  0	  0	  0	  0	  0	  0	 84	 70	 53	 76	  0	 75	  0	  0	  0	  0	  0	  0	  0	  0	  0	  0	  0	  5	21830	  0
10/04/2017	17:36:50	  	L	00000000	 23	 83	 70	 55	  0	129	  0	  4	  4	  4	  4	  4	  4	  4	  4	  0	  0	  0	  0	  0	  0	  0	  0	  0	  0	  0	  0	  0	  0	  0	  0	  0	  0	  0	  0	  0	  0	  0	  0	 83	 70	 55	 76	  0	 75	  0	  0	  0	  0	  0	  0	  0	  0	  0	  0	  0	  5	21830	  0
10/04/2017	17:41:50	->	L	00000000	 23	 83	 71	 56	  0	134	  0	  4	  4	  4	  4	  4	  4	  4	  4	  0	  0	  0	  0	  0	  0	  0	  0	  0	  0	  0	  0	  0	  0	  0	  0	  0	  0	  0	  0	  0	  0	  0	  0	 76	 71	 80	 83	  0	 59	  0	  0	  0	  0	  0	  0	  0	  0	  0	  0	  0	  5	21830	  0
10/04/2017	17:46:50	->	L	00000000	 23	 86	 70	 47	  0	139	  0	  4	  4	  4	  4	  4	  4	  4	  4	  0	  0	  0	  0	  0	  0	  0	  0	  0	  0	  0	  0	  0	  0	  0	  0	  0	  0	  0	  0	  0	  0	  0	  0	 75	 70	 80	 86	  0	 49	  0	  0	  0	  0	  0	  0	  0	  0	  0	  0	  0	  5	21830	  0
10/04/2017	23:41:51	->	L	00000000	 23	 55	 48	 67	  0	145	  0	  4	  4	  4	  4	  4	  4	  4	  4	  0	  0	  0	  0	  0	  0	  0	  0	  0	  0	  0	  0	  0	  0	  0	  0	  0	  0	  0	  0	  0	  0	  0	  0	 50	 48	 89	 55	  0	 67	  0	  0	  0	  0	  0	  0	  0	  0	  0	  0	  0	  5	21830	  0
10/04/2017	23:46:51	->	L	00000000	 23	 67	 55	 50	  0	150	  0	  4	  4	  4	  4	  4	  4	  4	  4	  0	  0	  0	  0	  0	  0	  0	  0	  0	  0	  0	  0	  0	  0	  0	  0	  0	  0	  0	  0	  0	  0	  0	  0	 57	 55	 90	 67	  0	 53	  0	  0	  0	  0	  0	  0	  0	  0	  0	  0	  0	  5	17990	  0
10/04/2017	23:51:52	->	L	00000000	 23	 71	 58	 51	  0	155	  0	  4	  4	  4	  4	  4	  4	  4	  4	  0	  0	  0	  0	  0	  0	  0	  0	  0	  0	  0	  0	  0	  0	  0	  0	  0	  0	  0	  0	  0	  0	  0	  0	 59	 58	 95	 71	  0	 51	  0	  0	  0	  0	  0	  0	  0	  0	  0	  0	  0	  5	17990	  0
10/04/2017	23:56:51	->	L	00000000	 23	 74	 59	 47	  0	160	  0	  4	  4	  4	  4	  4	  4	  4	  4	  0	  0	  0	  0	  0	  0	  0	  0	  0	  0	  0	  0	  0	  0	  0	  0	  0	  0	  0	  0	  0	  0	  0	  0	 61	 59	 90	 74	  0	 47	  0	  0	  0	  0	  0	  0	  0	  0	  0	  0	  0	  5	20550	  0
11/04/2017	00:01:51	->	L	00000000	 23	 79	 61	 43	  0	165	  0	  4	  4	  4	  4	  4	  4	  4	  4	  0	  0	  0	  0	  0	  0	  0	  0	  0	  0	  0	  0	  0	  0	  0	  0	  0	  0	  0	  0	  0	  0	  0	  0	 64	 61	 87	 79	  0	 42	  0	  0	  0	  0	  0	  0	  0	  0	  0	  0	  0	  5	20550	  0
11/04/2017	00:06:51	->	L	00000000	 23	 76	 62	 53	  0	170	  0	  4	  4	  4	  4	  4	  4	  4	  4	  0	  0	  0	  0	  0	  0	  0	  0	  0	  0	  0	  0	  0	  0	  0	  0	  0	  0	  0	  0	  0	  0	  0	  0	 65	 62	 87	 76	  0	 50	  0	  0	  0	  0	  0	  0	  0	  0	  0	  0	  0	  5	20550	  0
11/04/2017	00:11:51	->	L	00000000	 23	 78	 64	 49	  0	175	  0	  4	  4	  4	  4	  4	  4	  4	  4	  0	  0	  0	  0	  0	  0	  0	  0	  0	  0	  0	  0	  0	  0	  0	  0	  0	  0	  0	  0	  0	  0	  0	  0	 67	 64	 87	 78	  0	 51	  0	  0	  0	  0	  0	  0	  0	  0	  0	  0	  0	  5	20550	  0
11/04/2017	00:16:51	->	L	00000000	 23	 79	 65	 50	  0	180	  0	  4	  4	  4	  4	  4	  4	  4	  4	  0	  0	  0	  0	  0	  0	  0	  0	  0	  0	  0	  0	  0	  0	  0	  0	  0	  0	  0	  0	  0	  0	  0	  0	 68	 65	 87	 79	  0	 51	  0	  0	  0	  0	  0	  0	  0	  0	  0	  0	  0	  5	20550	  0
11/04/2017	00:21:51	->	L	00000000	 23	 81	 65	 47	  0	185	  0	  4	  4	  4	  4	  4	  4	  4	  4	  0	  0	  0	  0	  0	  0	  0	  0	  0	  0	  0	  0	  0	  0	  0	  0	  0	  0	  0	  0	  0	  0	  0	  0	 68	 65	 87	 81	  0	 47	  0	  0	  0	  0	  0	  0	  0	  0	  0	  0	  0	  5	20550	  0
11/04/2017	00:26:51	->	L	00000000	 23	 83	 66	 48	  0	190	  0	  4	  4	  4	  4	  4	  4	  4	  4	  0	  0	  0	  0	  0	  0	  0	  0	  0	  0	  0	  0	  0	  0	  0	  0	  0	  0	  0	  0	  0	  0	  0	  0	 69	 66	 87	 83	  0	 45	  0	  0	  0	  0	  0	  0	  0	  0	  0	  0	  0	  5	20550	  0
11/04/2017	00:31:51	->	L	00000000	 23	 80	 67	 57	  0	195	  0	  4	  4	  4	  4	  4	  4	  4	  4	  0	  0	  0	  0	  0	  0	  0	  0	  0	  0	  0	  0	  0	  0	  0	  0	  0	  0	  0	  0	  0	  0	  0	  0	 70	 67	 87	 80	  0	 54	  0	  0	  0	  0	  0	  0	  0	  0	  0	  0	  0	  5	20550	  0
11/04/2017	00:36:51	->	L	00000000	 23	 77	 67	 60	  0	200	  0	  4	  4	  4	  4	  4	  4	  4	  4	  0	  0	  0	  0	  0	  0	  0	  0	  0	  0	  0	  0	  0	  0	  0	  0	  0	  0	  0	  0	  0	  0	  0	  0	 70	 67	 87	 77	  0	 62	  0	  0	  0	  0	  0	  0	  0	  0	  0	  0	  0	  5	20550	  0
11/04/2017	00:41:51	->	L	00000000	 23	 83	 68	 49	  0	205	  0	  4	  4	  4	  4	  4	  4	  4	  4	  0	  0	  0	  0	  0	  0	  0	  0	  0	  0	  0	  0	  0	  0	  0	  0	  0	  0	  0	  0	  0	  0	  0	  0	 71	 68	 87	 83	  0	 51	  0	  0	  0	  0	  0	  0	  0	  0	  0	  0	  0	  5	20550	  0
11/04/2017	00:46:51	->	L	00000000	 23	 79	 68	 66	  0	210	  0	  4	  4	  4	  4	  4	  4	  4	  4	  0	  0	  0	  0	  0	  0	  0	  0	  0	  0	  0	  0	  0	  0	  0	  0	  0	  0	  0	  0	  0	  0	  0	  0	 71	 68	 87	 79	  0	 60	  0	  0	  0	  0	  0	  0	  0	  0	  0	  0	  0	  5	20550	  0
11/04/2017	00:51:51	->	L	00000000	 23	 81	 69	 58	  0	215	  0	  4	  4	  4	  4	  4	  4	  4	  4	  0	  0	  0	  0	  0	  0	  0	  0	  0	  0	  0	  0	  0	  0	  0	  0	  0	  0	  0	  0	  0	  0	  0	  0	 72	 69	 87	 81	  0	 58	  0	  0	  0	  0	  0	  0	  0	  0	  0	  0	  0	  5	20550	  0
11/04/2017	00:56:51	->	L	00000000	 23	 84	 70	 58	  0	220	  0	  4	  4	  4	  4	  4	  4	  4	  4	  0	  0	  0	  0	  0	  0	  0	  0	  0	  0	  0	  0	  0	  0	  0	  0	  0	  0	  0	  0	  0	  0	  0	  0	 73	 70	 87	 84	  0	 53	  0	  0	  0	  0	  0	  0	  0	  0	  0	  0	  0	  5	20550	  0
11/04/2017	01:01:51	->	L	00000000	 23	 81	 70	 61	  0	225	  0	  4	  4	  4	  4	  4	  4	  4	  4	  0	  0	  0	  0	  0	  0	  0	  0	  0	  0	  0	  0	  0	  0	  0	  0	  0	  0	  0	  0	  0	  0	  0	  0	 73	 70	 87	 81	  0	 61	  0	  0	  0	  0	  0	  0	  0	  0	  0	  0	  0	  5	20550	  0
11/04/2017	01:06:51	->	L	00000000	 23	 84	 70	 55	  0	230	  0	  4	  4	  4	  4	  4	  4	  4	  4	  0	  0	  0	  0	  0	  0	  0	  0	  0	  0	  0	  0	  0	  0	  0	  0	  0	  0	  0	  0	  0	  0	  0	  0	 74	 70	 83	 84	  0	 53	  0	  0	  0	  0	  0	  0	  0	  0	  0	  0	  0	  5	20550	  0
11/04/2017	01:11:51	->	L	00000000	 23	 78	 71	 73	  0	235	  0	  4	  4	  4	  4	  4	  4	  4	  4	  0	  0	  0	  0	  0	  0	  0	  0	  0	  0	  0	  0	  0	  0	  0	  0	  0	  0	  0	  0	  0	  0	  0	  0	 73	 71	 91	 78	  0	 73	  0	  0	  0	  0	  0	  0	  0	  0	  0	  0	  0	  5	20550	  0
11/04/2017	01:16:51	->	L	00000000	 23	 84	 71	 56	  0	240	  0	  4	  4	  4	  4	  4	  4	  4	  4	  0	  0	  0	  0	  0	  0	  0	  0	  0	  0	  0	  0	  0	  0	  0	  0	  0	  0	  0	  0	  0	  0	  0	  0	 74	 71	 88	 84	  0	 56	  0	  0	  0	  0	  0	  0	  0	  0	  0	  0	  0	  5	20550	  0
11/04/2017	01:21:51	->	L	00000000	 23	 78	 71	 73	  0	245	  0	  4	  4	  4	  4	  4	  4	  4	  4	  0	  0	  0	  0	  0	  0	  0	  0	  0	  0	  0	  0	  0	  0	  0	  0	  0	  0	  0	  0	  0	  0	  0	  0	 73	 71	 91	 78	  0	 73	  0	  0	  0	  0	  0	  0	  0	  0	  0	  0	  0	  5	20550	  0
11/04/2017	01:26:51	->	L	00000000	 23	 85	 71	 53	  0	250	  0	  4	  4	  4	  4	  4	  4	  4	  4	  0	  0	  0	  0	  0	  0	  0	  0	  0	  0	  0	  0	  0	  0	  0	  0	  0	  0	  0	  0	  0	  0	  0	  0	 74	 71	 88	 85	  0	 53	  0	  0	  0	  0	  0	  0	  0	  0	  0	  0	  0	  5	20550	  0
11/04/2017	01:31:51	->	L	00000000	 23	 79	 71	 67	  0	255	  0	  4	  4	  4	  4	  4	  4	  4	  4	  0	  0	  0	  0	  0	  0	  0	  0	  0	  0	  0	  0	  0	  0	  0	  0	  0	  0	  0	  0	  0	  0	  0	  0	 74	 71	 88	 79	  0	 70	  0	  0	  0	  0	  0	  0	  0	  0	  0	  0	  0	  5	20550	  0
11/04/2017	01:36:51	->	L	00000000	 23	 85	 71	 56	  0	260	  0	  4	  4	  4	  4	  4	  4	  4	  4	  0	  0	  0	  0	  0	  0	  0	  0	  0	  0	  0	  0	  0	  0	  0	  0	  0	  0	  0	  0	  0	  0	  0	  0	 74	 71	 88	 85	  0	 53	  0	  0	  0	  0	  0	  0	  0	  0	  0	  0	  0	  5	20550	  0
11/04/2017	01:41:51	->	L	00000000	 23	 79	 71	 70	  0	265	  0	  4	  4	  4	  4	  4	  4	  4	  4	  0	  0	  0	  0	  0	  0	  0	  0	  0	  0	  0	  0	  0	  0	  0	  0	  0	  0	  0	  0	  0	  0	  0	  0	 73	 71	 91	 79	  0	 70	  0	  0	  0	  0	  0	  0	  0	  0	  0	  0	  0	  5	20550	  0
11/04/2017	01:46:51	->	L	00000000	 23	 85	 71	 53	  0	270	  0	  4	  4	  4	  4	  4	  4	  4	  4	  0	  0	  0	  0	  0	  0	  0	  0	  0	  0	  0	  0	  0	  0	  0	  0	  0	  0	  0	  0	  0	  0	  0	  0	 74	 71	 88	 85	  0	 53	  0	  0	  0	  0	  0	  0	  0	  0	  0	  0	  0	  5	20550	  0
11/04/2017	01:51:51	->	L	00000000	 23	 79	 71	 67	  0	275	  0	  4	  4	  4	  4	  4	  4	  4	  4	  0	  0	  0	  0	  0	  0	  0	  0	  0	  0	  0	  0	  0	  0	  0	  0	  0	  0	  0	  0	  0	  0	  0	  0	 74	 71	 88	 79	  0	 70	  0	  0	  0	  0	  0	  0	  0	  0	  0	  0	  0	  5	20550	  0
11/04/2017	01:56:51	->	L	00000000	 23	 85	 71	 56	  0	280	  0	  4	  4	  4	  4	  4	  4	  4	  4	  0	  0	  0	  0	  0	  0	  0	  0	  0	  0	  0	  0	  0	  0	  0	  0	  0	  0	  0	  0	  0	  0	  0	  0	 74	 71	 88	 85	  0	 53	  0	  0	  0	  0	  0	  0	  0	  0	  0	  0	  0	  5	20550	  0
11/04/2017	02:01:51	->	L	00000000	 23	 79	 71	 70	  0	285	  0	  4	  4	  4	  4	  4	  4	  4	  4	  0	  0	  0	  0	  0	  0	  0	  0	  0	  0	  0	  0	  0	  0	  0	  0	  0	  0	  0	  0	  0	  0	  0	  0	 73	 71	 91	 79	  0	 70	  0	  0	  0	  0	  0	  0	  0	  0	  0	  0	  0	  5	20550	  0
11/04/2017	02:06:51	->	L	00000000	 23	 85	 71	 53	  0	290	  0	  4	  4	  4	  4	  4	  4	  4	  4	  0	  0	  0	  0	  0	  0	  0	  0	  0	  0	  0	  0	  0	  0	  0	  0	  0	  0	  0	  0	  0	  0	  0	  0	 74	 71	 88	 85	  0	 53	  0	  0	  0	  0	  0	  0	  0	  0	  0	  0	  0	  5	20550	  0
11/04/2017	02:11:51	->	L	00000000	 23	 78	 71	 73	  0	295	  0	  4	  4	  4	  4	  4	  4	  4	  4	  0	  0	  0	  0	  0	  0	  0	  0	  0	  0	  0	  0	  0	  0	  0	  0	  0	  0	  0	  0	  0	  0	  0	  0	 73	 71	 91	 78	  0	 73	  0	  0	  0	  0	  0	  0	  0	  0	  0	  0	  0	  5	20550	  0
11/04/2017	02:16:51	->	L	00000000	 23	 83	 71	 56	  0	300	  0	  4	  4	  4	  4	  4	  4	  4	  4	  0	  0	  0	  0	  0	  0	  0	  0	  0	  0	  0	  0	  0	  0	  0	  0	  0	  0	  0	  0	  0	  0	  0	  0	 74	 71	 88	 83	  0	 59	  0	  0	  0	  0	  0	  0	  0	  0	  0	  0	  0	  5	20550	  0
11/04/2017	02:21:51	->	L	00000000	 23	 78	 70	 70	  0	305	  0	  4	  4	  4	  4	  4	  4	  4	  4	  0	  0	  0	  0	  0	  0	  0	  0	  0	  0	  0	  0	  0	  0	  0	  0	  0	  0	  0	  0	  0	  0	  0	  0	 73	 70	 87	 78	  0	 70	  0	  0	  0	  0	  0	  0	  0	  0	  0	  0	  0	  5	20550	  0
11/04/2017	02:26:51	->	L	00000000	 23	 82	 71	 59	  0	310	  0	  4	  4	  4	  4	  4	  4	  4	  4	  0	  0	  0	  0	  0	  0	  0	  0	  0	  0	  0	  0	  0	  0	  0	  0	  0	  0	  0	  0	  0	  0	  0	  0	 74	 71	 88	 82	  0	 61	  0	  0	  0	  0	  0	  0	  0	  0	  0	  0	  0	  5	20550	  0
11/04/2017	02:31:51	->	L	00000000	 23	 81	 70	 63	  0	315	  0	  4	  4	  4	  4	  4	  4	  4	  4	  0	  0	  0	  0	  0	  0	  0	  0	  0	  0	  0	  0	  0	  0	  0	  0	  0	  0	  0	  0	  0	  0	  0	  0	 73	 70	 87	 81	  0	 61	  0	  0	  0	  0	  0	  0	  0	  0	  0	  0	  0	  5	20550	  0
11/04/2017	02:36:51	->	L	00000000	 23	 79	 70	 67	  0	320	  0	  4	  4	  4	  4	  4	  4	  4	  4	  0	  0	  0	  0	  0	  0	  0	  0	  0	  0	  0	  0	  0	  0	  0	  0	  0	  0	  0	  0	  0	  0	  0	  0	 73	 70	 87	 79	  0	 67	  0	  0	  0	  0	  0	  0	  0	  0	  0	  0	  0	  5	20550	  0
11/04/2017	02:41:51	->	L	00000000	 23	 81	 70	 58	  0	325	  0	  4	  4	  4	  4	  4	  4	  4	  4	  0	  0	  0	  0	  0	  0	  0	  0	  0	  0	  0	  0	  0	  0	  0	  0	  0	  0	  0	  0	  0	  0	  0	  0	 73	 70	 87	 81	  0	 61	  0	  0	  0	  0	  0	  0	  0	  0	  0	  0	  0	  5	20550	  0
11/04/2017	02:46:52	->	L	00000000	 23	 81	 70	 63	  0	330	  0	  4	  4	  4	  4	  4	  4	  4	  4	  0	  0	  0	  0	  0	  0	  0	  0	  0	  0	  0	  0	  0	  0	  0	  0	  0	  0	  0	  0	  0	  0	  0	  0	 73	 70	 87	 81	  0	 63	  0	  0	  0	  0	  0	  0	  0	  0	  0	  0	  0	  5	20550	  0
11/04/2017	02:51:52	->	L	00000000	 23	 78	 70	 70	  0	335	  0	  4	  4	  4	  4	  4	  4	  4	  4	  0	  0	  0	  0	  0	  0	  0	  0	  0	  0	  0	  0	  0	  0	  0	  0	  0	  0	  0	  0	  0	  0	  0	  0	 73	 70	 87	 78	  0	 70	  0	  0	  0	  0	  0	  0	  0	  0	  0	  0	  0	  5	20550	  0
11/04/2017	02:56:52	->	L	00000000	 23	 79	 70	 63	  0	340	  0	  4	  4	  4	  4	  4	  4	  4	  4	  0	  0	  0	  0	  0	  0	  0	  0	  0	  0	  0	  0	  0	  0	  0	  0	  0	  0	  0	  0	  0	  0	  0	  0	 73	 70	 87	 79	  0	 67	  0	  0	  0	  0	  0	  0	  0	  0	  0	  0	  0	  5	20550	  0
11/04/2017	03:01:51	->	L	00000000	 23	 84	 71	 56	  0	345	  0	  4	  4	  4	  4	  4	  4	  4	  4	  0	  0	  0	  0	  0	  0	  0	  0	  0	  0	  0	  0	  0	  0	  0	  0	  0	  0	  0	  0	  0	  0	  0	  0	 74	 71	 88	 84	  0	 56	  0	  0	  0	  0	  0	  0	  0	  0	  0	  0	  0	  5	21830	  0
11/04/2017	03:06:51	->	L	00000000	 23	 84	 71	 53	  0	350	  0	  4	  4	  4	  4	  4	  4	  4	  4	  0	  0	  0	  0	  0	  0	  0	  0	  0	  0	  0	  0	  0	  0	  0	  0	  0	  0	  0	  0	  0	  0	  0	  0	 74	 71	 88	 84	  0	 56	  0	  0	  0	  0	  0	  0	  0	  0	  0	  0	  0	  5	21830	  0
11/04/2017	03:11:51	->	L	00000000	 23	 83	 70	 59	  0	355	  0	  4	  4	  4	  4	  4	  4	  4	  4	  0	  0	  0	  0	  0	  0	  0	  0	  0	  0	  0	  0	  0	  0	  0	  0	  0	  0	  0	  0	  0	  0	  0	  0	 74	 70	 83	 83	  0	 55	  0	  0	  0	  0	  0	  0	  0	  0	  0	  0	  0	  5	21830	  0
11/04/2017	03:16:51	->	L	00000000	 23	 82	 70	 58	  0	360	  0	  4	  4	  4	  4	  4	  4	  4	  4	  0	  0	  0	  0	  0	  0	  0	  0	  0	  0	  0	  0	  0	  0	  0	  0	  0	  0	  0	  0	  0	  0	  0	  0	 74	 70	 83	 82	  0	 58	  0	  0	  0	  0	  0	  0	  0	  0	  0	  0	  0	  5	21830	  0
11/04/2017	03:21:51	->	L	00000000	 24	 79	 68	 60	  0	  4	  0	  4	  4	  4	  4	  4	  4	  4	  4	  0	  0	  0	  0	  0	  0	  0	  0	  0	  0	  0	  0	  0	  0	  0	  0	  0	  0	  0	  0	  0	  0	  0	  0	 72	 68	 82	 79	  0	 60	  0	  0	  0	  0	  0	  0	  0	  0	  0	  0	  0	  5	21827	  0
11/04/2017	03:26:51	  	L	00000000	 24	 78	 68	 60	  0	  9	  0	  4	  4	  4	  4	  4	  4	  4	  4	  0	  0	  0	  0	  0	  0	  0	  0	  0	  0	  0	  0	  0	  0	  0	  0	  0	  0	  0	  0	  0	  0	  0	  0	 71	 68	 87	 78	  0	 63	  0	  0	  0	  0	  0	  0	  0	  0	  0	  0	  0	  5	21827	  0
11/04/2017	03:31:51	<-	L	00000000	 24	 75	 68	 72	  0	 14	  0	  4	  4	  4	  4	  4	  4	  4	  4	  0	  0	  0	  0	  0	  0	  0	  0	  0	  0	  0	  0	  0	  0	  0	  0	  0	  0	  0	  0	  0	  0	  0	  0	 75	 68	 72	 72	  0	 82	  0	  0	  0	  0	  0	  0	  0	  0	  0	  0	  0	  5	21827	  0
