17/11/2017	21:14:33	  	L	00000000	 10	 26	 19	 56	  0	  1	  0	  4	  4	  4	  4	  4	  4	  4	  4	  0	  0	  0	  0	  0	  0	  0	  0	  0	  0	  0	  0	  0	  0	  0	  0	  0	  0	  0	  0	  0	  0	  0	  0	 24	 19	 73	 26	  0	 60	  0	  0	  0	  0	  0	  0	  0	  0	  0	  0	  0	  5	6682	  1
17/11/2017	21:19:33	<-	L	00000000	 10	 27	 19	 52	  0	  6	  0	  5	  5	  5	  5	  5	  5	  5	  5	  0	  0	  0	  0	  0	  0	  0	  0	  0	  0	  0	  0	  0	  0	  0	  0	  0	  0	  0	  0	  0	  0	  0	  0	 27	 19	 56	 21	  0	 88	  0	  0	  0	  0	  0	  0	  0	  0	  0	  0	  0	  5	6939	  1
17/11/2017	21:24:33	<-	L	00000000	 10	 28	 21	 56	  0	 11	  0	  5	  5	  5	  5	  5	  4	  4	  4	  0	  0	  0	  0	  0	  0	  0	  0	  0	  0	  0	  0	  0	  0	  0	  0	  0	  0	  0	  0	  0	  0	  0	  0	 28	 21	 61	 19	  0	100	  0	  0	  0	  0	  0	  0	  0	  0	  0	  0	  0	  5	7196	  1
17/11/2017	21:29:34	<-	L	00000000	 10	 31	 28	 83	  0	 16	  0	  4	  4	  4	  5	  5	  4	  4	  4	  0	  0	  0	  0	  0	  0	  0	  0	  0	  0	  0	  0	  0	  0	  0	  0	  0	  0	  0	  0	  0	  0	  0	  0	 31	 28	 83	 25	  0	100	  0	  0	  0	  0	  0	  0	  0	  0	  0	  0	  0	  5	7453	  1
17/11/2017	21:34:34	<-	L	00000000	 10	 32	 27	 77	  0	 21	  0	  4	  4	  4	  5	  4	  4	  4	  4	  0	  0	  0	  0	  0	  0	  0	  0	  0	  0	  0	  0	  0	  0	  0	  0	  0	  0	  0	  0	  0	  0	  0	  0	 32	 27	 74	 28	  0	 93	  0	  0	  0	  0	  0	  0	  0	  0	  0	  0	  0	  5	7710	  1
17/11/2017	21:39:33	<-	L	00000000	 10	 34	 27	 58	  0	 26	  0	  4	  4	  4	  4	  4	  4	  4	  4	  0	  0	  0	  0	  0	  0	  0	  0	  0	  0	  0	  0	  0	  0	  0	  0	  0	  0	  0	  0	  0	  0	  0	  0	 34	 27	 62	 29	  0	 88	  0	  0	  0	  0	  0	  0	  0	  0	  0	  0	  0	  5	7967	  1
17/11/2017	21:44:33	<-	L	00000000	 10	 37	 29	 59	  0	 31	  0	  4	  4	  4	  4	  4	  4	  4	  4	  0	  0	  0	  0	  0	  0	  0	  0	  0	  0	  0	  0	  0	  0	  0	  0	  0	  0	  0	  0	  0	  0	  0	  0	 37	 29	 59	 30	  0	 93	  0	  0	  0	  0	  0	  0	  0	  0	  0	  0	  0	  5	8224	  1
17/11/2017	21:49:33	<-	L	00000000	 10	 39	 29	 51	  0	 36	  0	  4	  4	  4	  4	  4	  4	  4	  4	  0	  0	  0	  0	  0	  0	  0	  0	  0	  0	  0	  0	  0	  0	  0	  0	  0	  0	  0	  0	  0	  0	  0	  0	 39	 29	 51	 32	  0	 83	  0	  0	  0	  0	  0	  0	  0	  0	  0	  0	  0	  5	8738	  1
17/11/2017	21:54:34	<-	L	00000000	 10	 39	 29	 51	  0	 41	  0	  4	  4	  4	  4	  4	  4	  4	  4	  0	  0	  0	  0	  0	  0	  0	  0	  0	  0	  0	  0	  0	  0	  0	  0	  0	  0	  0	  0	  0	  0	  0	  0	 39	 29	 51	 33	  0	 77	  0	  0	  0	  0	  0	  0	  0	  0	  0	  0	  0	  5	8995	  1
17/11/2017	21:59:34	<-	L	00000000	 10	 40	 30	 51	  0	 46	  0	  4	  4	  4	  4	  4	  4	  4	  4	  0	  0	  0	  0	  0	  0	  0	  0	  0	  0	  0	  0	  0	  0	  0	  0	  0	  0	  0	  0	  0	  0	  0	  0	 40	 30	 52	 33	  0	 83	  0	  0	  0	  0	  0	  0	  0	  0	  0	  0	  0	  5	9252	  1
17/11/2017	22:04:34	<-	L	00000000	 10	 40	 30	 52	  0	 51	  0	  4	  4	  4	  4	  4	  4	  4	  4	  0	  0	  0	  0	  0	  0	  0	  0	  0	  0	  0	  0	  0	  0	  0	  0	  0	  0	  0	  0	  0	  0	  0	  0	 40	 30	 52	 34	  0	 77	  0	  0	  0	  0	  0	  0	  0	  0	  0	  0	  0	  5	9509	  1
17/11/2017	22:09:34	<-	L	00000000	 10	 41	 31	 48	  0	 56	  0	  4	  4	  4	  4	  4	  4	  4	  4	  0	  0	  0	  0	  0	  0	  0	  0	  0	  0	  0	  0	  0	  0	  0	  0	  0	  0	  0	  0	  0	  0	  0	  0	 41	 31	 52	 34	  0	 83	  0	  0	  0	  0	  0	  0	  0	  0	  0	  0	  0	  5	9766	  1
17/11/2017	22:14:34	<-	L	00000000	 10	 41	 31	 52	  0	 61	  0	  4	  4	  4	  4	  4	  4	  4	  4	  0	  0	  0	  0	  0	  0	  0	  0	  0	  0	  0	  0	  0	  0	  0	  0	  0	  0	  0	  0	  0	  0	  0	  0	 41	 31	 52	 35	  0	 78	  0	  0	  0	  0	  0	  0	  0	  0	  0	  0	  0	  5	10023	  1
17/11/2017	22:19:34	<-	L	00000000	 10	 41	 32	 52	  0	 66	  0	  4	  4	  4	  4	  4	  4	  4	  4	  0	  0	  0	  0	  0	  0	  0	  0	  0	  0	  0	  0	  0	  0	  0	  0	  0	  0	  0	  0	  0	  0	  0	  0	 41	 32	 56	 35	  0	 83	  0	  0	  0	  0	  0	  0	  0	  0	  0	  0	  0	  5	10280	  1
17/11/2017	22:24:34	<-	L	00000000	 10	 40	 32	 59	  0	 71	  0	  4	  4	  4	  4	  4	  4	  4	  4	  0	  0	  0	  0	  0	  0	  0	  0	  0	  0	  0	  0	  0	  0	  0	  0	  0	  0	  0	  0	  0	  0	  0	  0	 40	 32	 59	 36	  0	 78	  0	  0	  0	  0	  0	  0	  0	  0	  0	  0	  0	  5	10537	  1
17/11/2017	22:29:34	<-	L	00000000	 10	 43	 33	 56	  0	 76	  0	  4	  4	  4	  4	  4	  4	  4	  4	  0	  0	  0	  0	  0	  0	  0	  0	  0	  0	  0	  0	  0	  0	  0	  0	  0	  0	  0	  0	  0	  0	  0	  0	 43	 33	 53	 37	  0	 78	  0	  0	  0	  0	  0	  0	  0	  0	  0	  0	  0	  5	11051	  1
17/11/2017	22:34:34	<-	L	00000000	 10	 45	 34	 49	  0	 81	  0	  4	  4	  4	  4	  4	  4	  4	  4	  0	  0	  0	  0	  0	  0	  0	  0	  0	  0	  0	  0	  0	  0	  0	  0	  0	  0	  0	  0	  0	  0	  0	  0	 45	 34	 49	 38	  0	 78	  0	  0	  0	  0	  0	  0	  0	  0	  0	  0	  0	  5	11308	  1
17/11/2017	22:39:35	<-	L	00000000	 10	 45	 35	 53	  0	 86	  0	  4	  4	  4	  4	  4	  4	  4	  4	  0	  0	  0	  0	  0	  0	  0	  0	  0	  0	  0	  0	  0	  0	  0	  0	  0	  0	  0	  0	  0	  0	  0	  0	 45	 35	 53	 39	  0	 78	  0	  0	  0	  0	  0	  0	  0	  0	  0	  0	  0	  5	11565	  1
17/11/2017	22:44:34	<-	L	00000000	 10	 45	 36	 53	  0	 91	  0	  4	  4	  4	  4	  4	  4	  4	  4	  0	  0	  0	  0	  0	  0	  0	  0	  0	  0	  0	  0	  0	  0	  0	  0	  0	  0	  0	  0	  0	  0	  0	  0	 45	 36	 57	 40	  0	 78	  0	  0	  0	  0	  0	  0	  0	  0	  0	  0	  0	  5	11822	  1
17/11/2017	22:49:34	<-	L	00000000	 10	 48	 36	 47	  0	 96	  0	  4	  4	  4	  4	  4	  4	  4	  4	  0	  0	  0	  0	  0	  0	  0	  0	  0	  0	  0	  0	  0	  0	  0	  0	  0	  0	  0	  0	  0	  0	  0	  0	 48	 36	 47	 40	  0	 78	  0	  0	  0	  0	  0	  0	  0	  0	  0	  0	  0	  5	12079	  1
17/11/2017	22:54:34	<-	L	00000000	 10	 49	 37	 47	  0	101	  0	  4	  4	  4	  4	  4	  4	  4	  4	  0	  0	  0	  0	  0	  0	  0	  0	  0	  0	  0	  0	  0	  0	  0	  0	  0	  0	  0	  0	  0	  0	  0	  0	 49	 37	 47	 41	  0	 78	  0	  0	  0	  0	  0	  0	  0	  0	  0	  0	  0	  5	12336	  1
17/11/2017	22:59:34	<-	L	00000000	 10	 48	 37	 50	  0	106	  0	  4	  4	  4	  4	  4	  4	  4	  4	  0	  0	  0	  0	  0	  0	  0	  0	  0	  0	  0	  0	  0	  0	  0	  0	  0	  0	  0	  0	  0	  0	  0	  0	 48	 37	 50	 42	  0	 76	  0	  0	  0	  0	  0	  0	  0	  0	  0	  0	  0	  5	12593	  1
17/11/2017	23:04:34	<-	L	00000000	 10	 49	 38	 50	  0	111	  0	  4	  4	  4	  4	  4	  4	  4	  4	  0	  0	  0	  0	  0	  0	  0	  0	  0	  0	  0	  0	  0	  0	  0	  0	  0	  0	  0	  0	  0	  0	  0	  0	 49	 38	 50	 42	  0	 78	  0	  0	  0	  0	  0	  0	  0	  0	  0	  0	  0	  5	12850	  1
17/11/2017	23:09:35	<-	L	00000000	 10	 52	 39	 44	  0	116	  0	  4	  4	  4	  4	  4	  4	  4	  4	  0	  0	  0	  0	  0	  0	  0	  0	  0	  0	  0	  0	  0	  0	  0	  0	  0	  0	  0	  0	  0	  0	  0	  0	 52	 39	 44	 43	  0	 79	  0	  0	  0	  0	  0	  0	  0	  0	  0	  0	  0	  5	13364	  1
17/11/2017	23:14:35	<-	L	00000000	 10	 51	 39	 48	  0	121	  0	  4	  4	  4	  4	  4	  4	  4	  4	  0	  0	  0	  0	  0	  0	  0	  0	  0	  0	  0	  0	  0	  0	  0	  0	  0	  0	  0	  0	  0	  0	  0	  0	 51	 39	 48	 44	  0	 76	  0	  0	  0	  0	  0	  0	  0	  0	  0	  0	  0	  5	13621	  1
17/11/2017	23:19:35	<-	L	00000000	 10	 54	 40	 42	  0	126	  0	  4	  4	  4	  4	  4	  4	  4	  4	  0	  0	  0	  0	  0	  0	  0	  0	  0	  0	  0	  0	  0	  0	  0	  0	  0	  0	  0	  0	  0	  0	  0	  0	 54	 40	 42	 45	  0	 76	  0	  0	  0	  0	  0	  0	  0	  0	  0	  0	  0	  5	13878	  1
17/11/2017	23:24:35	<-	L	00000000	 10	 55	 41	 43	  0	131	  0	  4	  4	  4	  4	  4	  4	  4	  4	  0	  0	  0	  0	  0	  0	  0	  0	  0	  0	  0	  0	  0	  0	  0	  0	  0	  0	  0	  0	  0	  0	  0	  0	 55	 41	 43	 45	  0	 79	  0	  0	  0	  0	  0	  0	  0	  0	  0	  0	  0	  5	14135	  1
17/11/2017	23:29:35	<-	L	00000000	 10	 56	 41	 43	  0	136	  0	  4	  4	  4	  4	  4	  4	  4	  4	  0	  0	  0	  0	  0	  0	  0	  0	  0	  0	  0	  0	  0	  0	  0	  0	  0	  0	  0	  0	  0	  0	  0	  0	 56	 41	 41	 46	  0	 76	  0	  0	  0	  0	  0	  0	  0	  0	  0	  0	  0	  5	14392	  1
17/11/2017	23:34:35	<-	L	00000000	 10	 57	 42	 41	  0	141	  0	  4	  4	  4	  4	  4	  4	  4	  4	  0	  0	  0	  0	  0	  0	  0	  0	  0	  0	  0	  0	  0	  0	  0	  0	  0	  0	  0	  0	  0	  0	  0	  0	 57	 42	 41	 47	  0	 76	  0	  0	  0	  0	  0	  0	  0	  0	  0	  0	  0	  5	14649	  1
17/11/2017	23:39:35	<-	L	00000000	 10	 58	 43	 41	  0	146	  0	  4	  4	  4	  4	  4	  4	  4	  4	  0	  0	  0	  0	  0	  0	  0	  0	  0	  0	  0	  0	  0	  0	  0	  0	  0	  0	  0	  0	  0	  0	  0	  0	 58	 43	 41	 47	  0	 79	  0	  0	  0	  0	  0	  0	  0	  0	  0	  0	  0	  5	14906	  1
17/11/2017	23:44:36	<-	L	00000000	 10	 58	 43	 41	  0	151	  0	  4	  4	  4	  4	  4	  4	  4	  4	  0	  0	  0	  0	  0	  0	  0	  0	  0	  0	  0	  0	  0	  0	  0	  0	  0	  0	  0	  0	  0	  0	  0	  0	 58	 43	 41	 48	  0	 77	  0	  0	  0	  0	  0	  0	  0	  0	  0	  0	  0	  5	15163	  1
17/11/2017	23:49:35	<-	L	00000000	 10	 59	 44	 42	  0	156	  0	  4	  4	  4	  4	  4	  4	  4	  4	  0	  0	  0	  0	  0	  0	  0	  0	  0	  0	  0	  0	  0	  0	  0	  0	  0	  0	  0	  0	  0	  0	  0	  0	 59	 44	 42	 49	  0	 77	  0	  0	  0	  0	  0	  0	  0	  0	  0	  0	  0	  5	15677	  1
17/11/2017	23:54:35	<-	L	00000000	 10	 60	 44	 42	  0	161	  0	  4	  4	  4	  4	  4	  4	  4	  4	  0	  0	  0	  0	  0	  0	  0	  0	  0	  0	  0	  0	  0	  0	  0	  0	  0	  0	  0	  0	  0	  0	  0	  0	 60	 44	 39	 49	  0	 77	  0	  0	  0	  0	  0	  0	  0	  0	  0	  0	  0	  5	15934	  1
17/11/2017	23:59:35	<-	L	00000000	 10	 61	 45	 39	  0	166	  0	  4	  4	  4	  4	  4	  4	  4	  4	  0	  0	  0	  0	  0	  0	  0	  0	  0	  0	  0	  0	  0	  0	  0	  0	  0	  0	  0	  0	  0	  0	  0	  0	 61	 45	 39	 50	  0	 77	  0	  0	  0	  0	  0	  0	  0	  0	  0	  0	  0	  5	16191	  1
18/11/2017	00:04:35	<-	L	00000000	 10	 63	 46	 37	  0	171	  0	  4	  4	  4	  4	  4	  4	  4	  4	  0	  0	  0	  0	  0	  0	  0	  0	  0	  0	  0	  0	  0	  0	  0	  0	  0	  0	  0	  0	  0	  0	  0	  0	 63	 46	 37	 51	  0	 77	  0	  0	  0	  0	  0	  0	  0	  0	  0	  0	  0	  5	16448	  1
18/11/2017	00:09:36	<-	L	00000000	 10	 65	 47	 37	  0	176	  0	  4	  4	  4	  4	  4	  4	  4	  4	  0	  0	  0	  0	  0	  0	  0	  0	  0	  0	  0	  0	  0	  0	  0	  0	  0	  0	  0	  0	  0	  0	  0	  0	 65	 47	 36	 52	  0	 77	  0	  0	  0	  0	  0	  0	  0	  0	  0	  0	  0	  5	16705	  1
18/11/2017	00:14:36	<-	L	00000000	 10	 65	 47	 36	  0	181	  0	  4	  4	  4	  4	  4	  4	  4	  4	  0	  0	  0	  0	  0	  0	  0	  0	  0	  0	  0	  0	  0	  0	  0	  0	  0	  0	  0	  0	  0	  0	  0	  0	 65	 47	 36	 52	  0	 77	  0	  0	  0	  0	  0	  0	  0	  0	  0	  0	  0	  5	16962	  1
18/11/2017	00:19:36	->	L	00000000	 10	 59	 50	 61	  0	186	  0	  4	  4	  4	  4	  4	  4	  4	  4	  0	  0	  0	  0	  0	  0	  0	  0	  0	  0	  0	  0	  0	  0	  0	  0	  0	  0	  0	  0	  0	  0	  0	  0	 59	 50	 61	 53	  0	 85	  0	  0	  0	  0	  0	  0	  0	  0	  0	  0	  0	  5	17219	  1
18/11/2017	00:24:36	->	L	00000000	 10	 66	 48	 38	  0	191	  0	  4	  4	  4	  4	  4	  4	  4	  4	  0	  0	  0	  0	  0	  0	  0	  0	  0	  0	  0	  0	  0	  0	  0	  0	  0	  0	  0	  0	  0	  0	  0	  0	 55	 48	 67	 66	  0	 36	  0	  0	  0	  0	  0	  0	  0	  0	  0	  0	  0	  5	17476	  1
18/11/2017	00:29:36	->	L	00000000	 10	 73	 51	 30	  0	196	  0	  4	  4	  4	  4	  4	  4	  4	  4	  0	  0	  0	  0	  0	  0	  0	  0	  0	  0	  0	  0	  0	  0	  0	  0	  0	  0	  0	  0	  0	  0	  0	  0	 56	 51	 78	 73	  0	 30	  0	  0	  0	  0	  0	  0	  0	  0	  0	  0	  0	  5	17990	  1
18/11/2017	00:34:36	->	L	00000000	 10	 68	 53	 40	  0	201	  0	  4	  4	  4	  4	  4	  4	  4	  4	  0	  0	  0	  0	  0	  0	  0	  0	  0	  0	  0	  0	  0	  0	  0	  0	  0	  0	  0	  0	  0	  0	  0	  0	 57	 53	 80	 68	  0	 45	  0	  0	  0	  0	  0	  0	  0	  0	  0	  0	  0	  5	18247	  1
18/11/2017	00:39:36	->	L	00000000	 10	 63	 52	 49	  0	206	  0	  4	  4	  4	  4	  4	  4	  4	  4	  0	  0	  0	  0	  0	  0	  0	  0	  0	  0	  0	  0	  0	  0	  0	  0	  0	  0	  0	  0	  0	  0	  0	  0	 54	 52	 90	 63	  0	 55	  0	  0	  0	  0	  0	  0	  0	  0	  0	  0	  0	  5	16448	  1
18/11/2017	00:44:36	->	L	00000000	 10	 63	 52	 58	  0	211	  0	  4	  4	  4	  4	  4	  4	  4	  4	  0	  0	  0	  0	  0	  0	  0	  0	  0	  0	  0	  0	  0	  0	  0	  0	  0	  0	  0	  0	  0	  0	  0	  0	 53	 52	 94	 63	  0	 55	  0	  0	  0	  0	  0	  0	  0	  0	  0	  0	  0	  5	16705	  1
18/11/2017	00:49:36	->	L	00000000	 10	 66	 53	 49	  0	216	  0	  4	  4	  4	  4	  4	  4	  4	  4	  0	  0	  0	  0	  0	  0	  0	  0	  0	  0	  0	  0	  0	  0	  0	  0	  0	  0	  0	  0	  0	  0	  0	  0	 56	 53	 86	 66	  0	 49	  0	  0	  0	  0	  0	  0	  0	  0	  0	  0	  0	  5	16962	  1
18/11/2017	00:54:36	->	L	00000000	 10	 66	 54	 56	  0	221	  0	  4	  4	  4	  4	  4	  4	  4	  4	  0	  0	  0	  0	  0	  0	  0	  0	  0	  0	  0	  0	  0	  0	  0	  0	  0	  0	  0	  0	  0	  0	  0	  0	 55	 54	 94	 66	  0	 53	  0	  0	  0	  0	  0	  0	  0	  0	  0	  0	  0	  5	17219	  1
18/11/2017	00:59:36	->	L	00000000	 10	 68	 54	 47	  0	226	  0	  4	  4	  4	  4	  4	  4	  4	  4	  0	  0	  0	  0	  0	  0	  0	  0	  0	  0	  0	  0	  0	  0	  0	  0	  0	  0	  0	  0	  0	  0	  0	  0	 56	 54	 90	 68	  0	 47	  0	  0	  0	  0	  0	  0	  0	  0	  0	  0	  0	  5	17476	  1
18/11/2017	01:04:36	->	L	00000000	 10	 67	 55	 56	  0	231	  0	  4	  4	  4	  4	  4	  4	  4	  4	  0	  0	  0	  0	  0	  0	  0	  0	  0	  0	  0	  0	  0	  0	  0	  0	  0	  0	  0	  0	  0	  0	  0	  0	 57	 55	 90	 67	  0	 53	  0	  0	  0	  0	  0	  0	  0	  0	  0	  0	  0	  5	17733	  1
18/11/2017	01:09:36	->	L	00000000	 10	 70	 55	 46	  0	236	  0	  4	  4	  4	  4	  4	  4	  4	  4	  0	  0	  0	  0	  0	  0	  0	  0	  0	  0	  0	  0	  0	  0	  0	  0	  0	  0	  0	  0	  0	  0	  0	  0	 58	 55	 86	 70	  0	 46	  0	  0	  0	  0	  0	  0	  0	  0	  0	  0	  0	  5	17990	  1
18/11/2017	01:14:36	->	L	00000000	 21	 69	 56	 50	  0	  1	  0	  4	  4	  4	  4	  4	  4	  4	  4	  0	  0	  0	  0	  0	  0	  0	  0	  0	  0	  0	  0	  0	  0	  0	  0	  0	  0	  0	  0	  0	  0	  0	  0	 58	 56	 90	 69	  0	 50	  0	  0	  0	  0	  0	  0	  0	  0	  0	  0	  0	  5	21833	  0
18/11/2017	01:19:36	->	L	00000000	 21	 72	 56	 44	  0	  6	  0	  4	  4	  4	  4	  4	  4	  4	  4	  0	  0	  0	  0	  0	  0	  0	  0	  0	  0	  0	  0	  0	  0	  0	  0	  0	  0	  0	  0	  0	  0	  0	  0	 59	 56	 86	 72	  0	 44	  0	  0	  0	  0	  0	  0	  0	  0	  0	  0	  0	  5	21833	  0
18/11/2017	01:24:36	->	L	00000000	 21	 72	 56	 44	  0	 11	  0	  4	  4	  4	  4	  4	  4	  4	  4	  0	  0	  0	  0	  0	  0	  0	  0	  0	  0	  0	  0	  0	  0	  0	  0	  0	  0	  0	  0	  0	  0	  0	  0	 59	 56	 86	 72	  0	 44	  0	  0	  0	  0	  0	  0	  0	  0	  0	  0	  0	  5	21833	  0
18/11/2017	01:29:36	->	L	00000000	 21	 73	 57	 44	  0	 16	  0	  4	  4	  4	  4	  4	  4	  4	  4	  0	  0	  0	  0	  0	  0	  0	  0	  0	  0	  0	  0	  0	  0	  0	  0	  0	  0	  0	  0	  0	  0	  0	  0	 60	 57	 86	 73	  0	 44	  0	  0	  0	  0	  0	  0	  0	  0	  0	  0	  0	  5	21833	  0
18/11/2017	01:34:37	->	L	00000000	 21	 73	 57	 44	  0	 21	  0	  4	  4	  4	  4	  4	  4	  4	  4	  0	  0	  0	  0	  0	  0	  0	  0	  0	  0	  0	  0	  0	  0	  0	  0	  0	  0	  0	  0	  0	  0	  0	  0	 60	 57	 86	 73	  0	 44	  0	  0	  0	  0	  0	  0	  0	  0	  0	  0	  0	  5	21833	  0
18/11/2017	01:39:37	->	L	00000000	 21	 74	 58	 45	  0	 26	  0	  4	  4	  4	  4	  4	  4	  4	  4	  0	  0	  0	  0	  0	  0	  0	  0	  0	  0	  0	  0	  0	  0	  0	  0	  0	  0	  0	  0	  0	  0	  0	  0	 61	 58	 86	 74	  0	 45	  0	  0	  0	  0	  0	  0	  0	  0	  0	  0	  0	  5	21833	  0
18/11/2017	01:44:37	->	L	00000000	 21	 75	 58	 42	  0	 31	  0	  4	  4	  4	  4	  4	  4	  4	  4	  0	  0	  0	  0	  0	  0	  0	  0	  0	  0	  0	  0	  0	  0	  0	  0	  0	  0	  0	  0	  0	  0	  0	  0	 61	 58	 86	 75	  0	 42	  0	  0	  0	  0	  0	  0	  0	  0	  0	  0	  0	  5	21833	  0
18/11/2017	01:49:37	->	L	00000000	 21	 76	 59	 42	  0	 36	  0	  4	  4	  4	  4	  4	  4	  4	  4	  0	  0	  0	  0	  0	  0	  0	  0	  0	  0	  0	  0	  0	  0	  0	  0	  0	  0	  0	  0	  0	  0	  0	  0	 62	 59	 86	 76	  0	 42	  0	  0	  0	  0	  0	  0	  0	  0	  0	  0	  0	  5	21833	  0
18/11/2017	01:54:37	->	L	00000000	 21	 76	 59	 42	  0	 41	  0	  4	  4	  4	  4	  4	  4	  4	  4	  0	  0	  0	  0	  0	  0	  0	  0	  0	  0	  0	  0	  0	  0	  0	  0	  0	  0	  0	  0	  0	  0	  0	  0	 63	 59	 81	 76	  0	 42	  0	  0	  0	  0	  0	  0	  0	  0	  0	  0	  0	  5	21833	  0
18/11/2017	01:59:37	->	L	00000000	 21	 77	 60	 43	  0	 46	  0	  4	  4	  4	  4	  4	  4	  4	  4	  0	  0	  0	  0	  0	  0	  0	  0	  0	  0	  0	  0	  0	  0	  0	  0	  0	  0	  0	  0	  0	  0	  0	  0	 63	 60	 86	 77	  0	 43	  0	  0	  0	  0	  0	  0	  0	  0	  0	  0	  0	  5	21833	  0
18/11/2017	02:04:37	->	L	00000000	 21	 77	 61	 46	  0	 51	  0	  4	  4	  4	  4	  4	  4	  4	  4	  0	  0	  0	  0	  0	  0	  0	  0	  0	  0	  0	  0	  0	  0	  0	  0	  0	  0	  0	  0	  0	  0	  0	  0	 63	 61	 90	 77	  0	 46	  0	  0	  0	  0	  0	  0	  0	  0	  0	  0	  0	  5	21833	  0
18/11/2017	02:09:37	->	L	00000000	 21	 77	 61	 46	  0	 56	  0	  4	  4	  4	  4	  4	  4	  4	  4	  0	  0	  0	  0	  0	  0	  0	  0	  0	  0	  0	  0	  0	  0	  0	  0	  0	  0	  0	  0	  0	  0	  0	  0	 64	 61	 87	 77	  0	 46	  0	  0	  0	  0	  0	  0	  0	  0	  0	  0	  0	  5	21833	  0
18/11/2017	02:14:37	->	L	00000000	 21	 77	 62	 46	  0	 61	  0	  4	  4	  4	  4	  4	  4	  4	  4	  0	  0	  0	  0	  0	  0	  0	  0	  0	  0	  0	  0	  0	  0	  0	  0	  0	  0	  0	  0	  0	  0	  0	  0	 64	 62	 90	 77	  0	 48	  0	  0	  0	  0	  0	  0	  0	  0	  0	  0	  0	  5	21833	  0
18/11/2017	02:19:37	->	L	00000000	 21	 78	 62	 46	  0	 66	  0	  4	  4	  4	  4	  4	  4	  4	  4	  0	  0	  0	  0	  0	  0	  0	  0	  0	  0	  0	  0	  0	  0	  0	  0	  0	  0	  0	  0	  0	  0	  0	  0	 65	 62	 87	 78	  0	 46	  0	  0	  0	  0	  0	  0	  0	  0	  0	  0	  0	  5	21833	  0
18/11/2017	02:24:37	->	L	00000000	 21	 78	 63	 49	  0	 71	  0	  4	  4	  4	  4	  4	  4	  4	  4	  0	  0	  0	  0	  0	  0	  0	  0	  0	  0	  0	  0	  0	  0	  0	  0	  0	  0	  0	  0	  0	  0	  0	  0	 65	 63	 90	 78	  0	 49	  0	  0	  0	  0	  0	  0	  0	  0	  0	  0	  0	  5	21833	  0
18/11/2017	02:29:37	->	L	00000000	 21	 78	 63	 49	  0	 76	  0	  4	  4	  4	  4	  4	  4	  4	  4	  0	  0	  0	  0	  0	  0	  0	  0	  0	  0	  0	  0	  0	  0	  0	  0	  0	  0	  0	  0	  0	  0	  0	  0	 66	 63	 87	 78	  0	 49	  0	  0	  0	  0	  0	  0	  0	  0	  0	  0	  0	  5	21833	  0
18/11/2017	02:34:37	->	L	00000000	 21	 79	 64	 47	  0	 81	  0	  4	  4	  4	  4	  4	  4	  4	  4	  0	  0	  0	  0	  0	  0	  0	  0	  0	  0	  0	  0	  0	  0	  0	  0	  0	  0	  0	  0	  0	  0	  0	  0	 66	 64	 90	 79	  0	 49	  0	  0	  0	  0	  0	  0	  0	  0	  0	  0	  0	  5	21833	  0
18/11/2017	02:39:37	->	L	00000000	 21	 79	 64	 49	  0	 86	  0	  4	  4	  4	  4	  4	  4	  4	  4	  0	  0	  0	  0	  0	  0	  0	  0	  0	  0	  0	  0	  0	  0	  0	  0	  0	  0	  0	  0	  0	  0	  0	  0	 67	 64	 87	 79	  0	 49	  0	  0	  0	  0	  0	  0	  0	  0	  0	  0	  0	  5	21833	  0
18/11/2017	02:44:37	->	L	00000000	 21	 80	 64	 47	  0	 91	  0	  4	  4	  4	  4	  4	  4	  4	  4	  0	  0	  0	  0	  0	  0	  0	  0	  0	  0	  0	  0	  0	  0	  0	  0	  0	  0	  0	  0	  0	  0	  0	  0	 67	 64	 87	 80	  0	 47	  0	  0	  0	  0	  0	  0	  0	  0	  0	  0	  0	  5	21833	  0
18/11/2017	02:49:38	->	L	00000000	 21	 80	 65	 50	  0	 96	  0	  4	  4	  4	  4	  4	  4	  4	  4	  0	  0	  0	  0	  0	  0	  0	  0	  0	  0	  0	  0	  0	  0	  0	  0	  0	  0	  0	  0	  0	  0	  0	  0	 68	 65	 87	 80	  0	 50	  0	  0	  0	  0	  0	  0	  0	  0	  0	  0	  0	  5	21833	  0
18/11/2017	02:54:38	->	L	00000000	 21	 81	 65	 47	  0	101	  0	  4	  4	  4	  4	  4	  4	  4	  4	  0	  0	  0	  0	  0	  0	  0	  0	  0	  0	  0	  0	  0	  0	  0	  0	  0	  0	  0	  0	  0	  0	  0	  0	 68	 65	 87	 81	  0	 47	  0	  0	  0	  0	  0	  0	  0	  0	  0	  0	  0	  5	21833	  0
18/11/2017	02:59:38	->	L	00000000	 21	 81	 66	 50	  0	106	  0	  4	  4	  4	  4	  4	  4	  4	  4	  0	  0	  0	  0	  0	  0	  0	  0	  0	  0	  0	  0	  0	  0	  0	  0	  0	  0	  0	  0	  0	  0	  0	  0	 68	 66	 91	 81	  0	 50	  0	  0	  0	  0	  0	  0	  0	  0	  0	  0	  0	  5	21833	  0
18/11/2017	03:04:38	->	L	00000000	 21	 81	 66	 50	  0	111	  0	  4	  4	  4	  4	  4	  4	  4	  4	  0	  0	  0	  0	  0	  0	  0	  0	  0	  0	  0	  0	  0	  0	  0	  0	  0	  0	  0	  0	  0	  0	  0	  0	 69	 66	 87	 81	  0	 50	  0	  0	  0	  0	  0	  0	  0	  0	  0	  0	  0	  5	21833	  0
18/11/2017	03:09:38	->	L	00000000	 21	 82	 67	 50	  0	116	  0	  4	  4	  4	  4	  4	  4	  4	  4	  0	  0	  0	  0	  0	  0	  0	  0	  0	  0	  0	  0	  0	  0	  0	  0	  0	  0	  0	  0	  0	  0	  0	  0	 68	 67	 95	 82	  0	 50	  0	  0	  0	  0	  0	  0	  0	  0	  0	  0	  0	  5	21833	  0
18/11/2017	03:14:38	->	L	00000000	 21	 82	 67	 50	  0	121	  0	  4	  4	  4	  4	  4	  4	  4	  4	  0	  0	  0	  0	  0	  0	  0	  0	  0	  0	  0	  0	  0	  0	  0	  0	  0	  0	  0	  0	  0	  0	  0	  0	 70	 67	 87	 82	  0	 50	  0	  0	  0	  0	  0	  0	  0	  0	  0	  0	  0	  5	21833	  0
18/11/2017	03:19:39	->	L	00000000	 21	 83	 68	 51	  0	126	  0	  4	  4	  4	  4	  4	  4	  4	  4	  0	  0	  0	  0	  0	  0	  0	  0	  0	  0	  0	  0	  0	  0	  0	  0	  0	  0	  0	  0	  0	  0	  0	  0	 70	 68	 91	 83	  0	 51	  0	  0	  0	  0	  0	  0	  0	  0	  0	  0	  0	  5	21833	  0
18/11/2017	03:24:38	->	L	00000000	 21	 84	 68	 49	  0	131	  0	  4	  4	  4	  4	  4	  4	  4	  4	  0	  0	  0	  0	  0	  0	  0	  0	  0	  0	  0	  0	  0	  0	  0	  0	  0	  0	  0	  0	  0	  0	  0	  0	 70	 68	 91	 84	  0	 49	  0	  0	  0	  0	  0	  0	  0	  0	  0	  0	  0	  5	21833	  0
18/11/2017	03:29:38	->	L	00000000	 21	 85	 68	 46	  0	136	  0	  4	  4	  4	  4	  4	  4	  4	  4	  0	  0	  0	  0	  0	  0	  0	  0	  0	  0	  0	  0	  0	  0	  0	  0	  0	  0	  0	  0	  0	  0	  0	  0	 70	 68	 91	 85	  0	 46	  0	  0	  0	  0	  0	  0	  0	  0	  0	  0	  0	  5	21833	  0
18/11/2017	03:34:38	->	L	00000000	 21	 84	 69	 51	  0	141	  0	  4	  4	  4	  4	  4	  4	  4	  4	  0	  0	  0	  0	  0	  0	  0	  0	  0	  0	  0	  0	  0	  0	  0	  0	  0	  0	  0	  0	  0	  0	  0	  0	 71	 69	 91	 84	  0	 51	  0	  0	  0	  0	  0	  0	  0	  0	  0	  0	  0	  5	21833	  0
18/11/2017	03:39:38	->	L	00000000	 21	 85	 69	 51	  0	146	  0	  4	  4	  4	  4	  4	  4	  4	  4	  0	  0	  0	  0	  0	  0	  0	  0	  0	  0	  0	  0	  0	  0	  0	  0	  0	  0	  0	  0	  0	  0	  0	  0	 72	 69	 87	 85	  0	 49	  0	  0	  0	  0	  0	  0	  0	  0	  0	  0	  0	  5	21833	  0
18/11/2017	03:44:38	->	L	00000000	 21	 84	 69	 53	  0	151	  0	  4	  4	  4	  4	  4	  4	  4	  4	  0	  0	  0	  0	  0	  0	  0	  0	  0	  0	  0	  0	  0	  0	  0	  0	  0	  0	  0	  0	  0	  0	  0	  0	 72	 69	 87	 84	  0	 51	  0	  0	  0	  0	  0	  0	  0	  0	  0	  0	  0	  5	21833	  0
18/11/2017	03:49:38	->	L	00000000	 21	 86	 70	 49	  0	156	  0	  4	  4	  4	  4	  4	  4	  4	  4	  0	  0	  0	  0	  0	  0	  0	  0	  0	  0	  0	  0	  0	  0	  0	  0	  0	  0	  0	  0	  0	  0	  0	  0	 73	 70	 87	 86	  0	 49	  0	  0	  0	  0	  0	  0	  0	  0	  0	  0	  0	  5	21833	  0
18/11/2017	03:54:38	->	L	00000000	 21	 83	 70	 55	  0	161	  0	  4	  4	  4	  4	  4	  4	  4	  4	  0	  0	  0	  0	  0	  0	  0	  0	  0	  0	  0	  0	  0	  0	  0	  0	  0	  0	  0	  0	  0	  0	  0	  0	 72	 70	 91	 83	  0	 55	  0	  0	  0	  0	  0	  0	  0	  0	  0	  0	  0	  5	21833	  0
18/11/2017	03:59:38	->	L	00000000	 21	 84	 70	 56	  0	166	  0	  4	  4	  4	  4	  4	  4	  4	  4	  0	  0	  0	  0	  0	  0	  0	  0	  0	  0	  0	  0	  0	  0	  0	  0	  0	  0	  0	  0	  0	  0	  0	  0	 73	 70	 91	 83	  0	 53	  0	  0	  0	  0	  0	  0	  0	  0	  0	  0	  0	  5	21833	  0
18/11/2017	04:04:39	->	L	00000000	 21	 86	 71	 52	  0	171	  0	  4	  4	  4	  4	  4	  4	  4	  4	  0	  0	  0	  0	  0	  0	  0	  0	  0	  0	  0	  0	  0	  0	  0	  0	  0	  0	  0	  0	  0	  0	  0	  0	 73	 71	 91	 86	  0	 52	  0	  0	  0	  0	  0	  0	  0	  0	  0	  0	  0	  5	21833	  0
18/11/2017	04:09:39	->	L	00000000	 21	 82	 71	 59	  0	176	  0	  4	  4	  4	  4	  4	  4	  4	  4	  0	  0	  0	  0	  0	  0	  0	  0	  0	  0	  0	  0	  0	  0	  0	  0	  0	  0	  0	  0	  0	  0	  0	  0	 73	 71	 91	 82	  0	 61	  0	  0	  0	  0	  0	  0	  0	  0	  0	  0	  0	  5	21833	  0
18/11/2017	04:14:39	->	L	00000000	 21	 86	 71	 52	  0	181	  0	  4	  4	  4	  4	  4	  4	  4	  4	  0	  0	  0	  0	  0	  0	  0	  0	  0	  0	  0	  0	  0	  0	  0	  0	  0	  0	  0	  0	  0	  0	  0	  0	 74	 71	 88	 86	  0	 52	  0	  0	  0	  0	  0	  0	  0	  0	  0	  0	  0	  5	21833	  0
18/11/2017	04:19:39	  	L	00000000	 21	 81	 71	 61	  0	186	  0	  4	  4	  4	  4	  4	  4	  4	  4	  0	  0	  0	  0	  0	  0	  0	  0	  0	  0	  0	  0	  0	  0	  0	  0	  0	  0	  0	  0	  0	  0	  0	  0	 74	 71	 88	 81	  0	 64	  0	  0	  0	  0	  0	  0	  0	  0	  0	  0	  0	  5	21833	  0
18/11/2017	04:24:40	<-	L	00000000	 21	 85	 72	 56	  0	191	  0	  4	  4	  4	  4	  4	  4	  4	  4	  0	  0	  0	  0	  0	  0	  0	  0	  0	  0	  0	  0	  0	  0	  0	  0	  0	  0	  0	  0	  0	  0	  0	  0	 85	 72	 56	 76	  0	 83	  0	  0	  0	  0	  0	  0	  0	  0	  0	  0	  0	  5	21833	  0
18/11/2017	04:29:39	<-	L	00000000	 21	 85	 72	 56	  0	196	  0	  4	  4	  4	  4	  4	  4	  4	  4	  0	  0	  0	  0	  0	  0	  0	  0	  0	  0	  0	  0	  0	  0	  0	  0	  0	  0	  0	  0	  0	  0	  0	  0	 85	 72	 56	 75	  0	 88	  0	  0	  0	  0	  0	  0	  0	  0	  0	  0	  0	  5	21833	  0
18/11/2017	04:34:39	<-	L	00000000	 21	 84	 73	 61	  0	201	  0	  4	  4	  4	  4	  4	  4	  4	  4	  0	  0	  0	  0	  0	  0	  0	  0	  0	  0	  0	  0	  0	  0	  0	  0	  0	  0	  0	  0	  0	  0	  0	  0	 84	 73	 62	 75	  0	 91	  0	  0	  0	  0	  0	  0	  0	  0	  0	  0	  0	  5	21833	  0
18/11/2017	04:39:39	<-	L	00000000	 21	 87	 73	 54	  0	206	  0	  4	  4	  4	  4	  4	  4	  4	  4	  0	  0	  0	  0	  0	  0	  0	  0	  0	  0	  0	  0	  0	  0	  0	  0	  0	  0	  0	  0	  0	  0	  0	  0	 87	 73	 54	 76	  0	 88	  0	  0	  0	  0	  0	  0	  0	  0	  0	  0	  0	  5	21833	  0
18/11/2017	04:44:39	<-	L	00000000	 21	 83	 73	 64	  0	211	  0	  4	  4	  4	  4	  4	  4	  4	  4	  0	  0	  0	  0	  0	  0	  0	  0	  0	  0	  0	  0	  0	  0	  0	  0	  0	  0	  0	  0	  0	  0	  0	  0	 83	 73	 64	 76	  0	 88	  0	  0	  0	  0	  0	  0	  0	  0	  0	  0	  0	  5	21833	  0
18/11/2017	04:49:39	<-	L	00000000	 21	 85	 73	 62	  0	216	  0	  4	  4	  4	  4	  4	  4	  4	  4	  0	  0	  0	  0	  0	  0	  0	  0	  0	  0	  0	  0	  0	  0	  0	  0	  0	  0	  0	  0	  0	  0	  0	  0	 85	 73	 59	 76	  0	 88	  0	  0	  0	  0	  0	  0	  0	  0	  0	  0	  0	  5	21833	  0
18/11/2017	04:54:39	<-	L	00000000	 21	 86	 74	 57	  0	221	  0	  4	  4	  4	  4	  4	  4	  4	  4	  0	  0	  0	  0	  0	  0	  0	  0	  0	  0	  0	  0	  0	  0	  0	  0	  0	  0	  0	  0	  0	  0	  0	  0	 86	 74	 60	 76	  0	 91	  0	  0	  0	  0	  0	  0	  0	  0	  0	  0	  0	  5	21833	  0
18/11/2017	04:59:39	<-	L	00000000	 21	 83	 73	 64	  0	226	  0	  4	  4	  4	  4	  4	  4	  4	  4	  0	  0	  0	  0	  0	  0	  0	  0	  0	  0	  0	  0	  0	  0	  0	  0	  0	  0	  0	  0	  0	  0	  0	  0	 83	 73	 64	 76	  0	 88	  0	  0	  0	  0	  0	  0	  0	  0	  0	  0	  0	  5	21833	  0
18/11/2017	05:04:39	<-	L	00000000	 21	 88	 74	 57	  0	231	  0	  4	  4	  4	  4	  4	  4	  4	  4	  0	  0	  0	  0	  0	  0	  0	  0	  0	  0	  0	  0	  0	  0	  0	  0	  0	  0	  0	  0	  0	  0	  0	  0	 88	 74	 54	 76	  0	 91	  0	  0	  0	  0	  0	  0	  0	  0	  0	  0	  0	  5	21833	  0
18/11/2017	05:09:39	<-	L	00000000	 21	 85	 74	 60	  0	236	  0	  4	  4	  4	  4	  4	  4	  4	  4	  0	  0	  0	  0	  0	  0	  0	  0	  0	  0	  0	  0	  0	  0	  0	  0	  0	  0	  0	  0	  0	  0	  0	  0	 85	 74	 62	 76	  0	 91	  0	  0	  0	  0	  0	  0	  0	  0	  0	  0	  0	  5	21833	  0
18/11/2017	05:14:40	<-	L	00000000	 21	 83	 73	 67	  0	241	  0	  4	  4	  4	  4	  4	  4	  4	  4	  0	  0	  0	  0	  0	  0	  0	  0	  0	  0	  0	  0	  0	  0	  0	  0	  0	  0	  0	  0	  0	  0	  0	  0	 83	 73	 64	 76	  0	 88	  0	  0	  0	  0	  0	  0	  0	  0	  0	  0	  0	  5	21833	  0
18/11/2017	05:19:40	<-	L	00000000	 21	 86	 74	 60	  0	246	  0	  4	  4	  4	  4	  4	  4	  4	  4	  0	  0	  0	  0	  0	  0	  0	  0	  0	  0	  0	  0	  0	  0	  0	  0	  0	  0	  0	  0	  0	  0	  0	  0	 86	 74	 60	 76	  0	 91	  0	  0	  0	  0	  0	  0	  0	  0	  0	  0	  0	  5	21833	  0
18/11/2017	05:24:40	<-	L	00000000	 21	 86	 74	 60	  0	251	  0	  4	  4	  4	  4	  4	  4	  4	  4	  0	  0	  0	  0	  0	  0	  0	  0	  0	  0	  0	  0	  0	  0	  0	  0	  0	  0	  0	  0	  0	  0	  0	  0	 86	 74	 60	 76	  0	 91	  0	  0	  0	  0	  0	  0	  0	  0	  0	  0	  0	  5	21833	  0
18/11/2017	05:29:40	<-	L	00000000	 21	 83	 74	 67	  0	256	  0	  4	  4	  4	  4	  4	  4	  4	  4	  0	  0	  0	  0	  0	  0	  0	  0	  0	  0	  0	  0	  0	  0	  0	  0	  0	  0	  0	  0	  0	  0	  0	  0	 83	 74	 68	 76	  0	 91	  0	  0	  0	  0	  0	  0	  0	  0	  0	  0	  0	  5	21833	  0
18/11/2017	05:34:40	<-	L	00000000	 21	 86	 74	 60	  0	261	  0	  4	  4	  4	  4	  4	  4	  4	  4	  0	  0	  0	  0	  0	  0	  0	  0	  0	  0	  0	  0	  0	  0	  0	  0	  0	  0	  0	  0	  0	  0	  0	  0	 86	 74	 60	 76	  0	 91	  0	  0	  0	  0	  0	  0	  0	  0	  0	  0	  0	  5	21833	  0
18/11/2017	05:39:40	<-	L	00000000	 21	 86	 74	 60	  0	266	  0	  4	  4	  4	  4	  4	  4	  4	  4	  0	  0	  0	  0	  0	  0	  0	  0	  0	  0	  0	  0	  0	  0	  0	  0	  0	  0	  0	  0	  0	  0	  0	  0	 86	 74	 60	 77	  0	 88	  0	  0	  0	  0	  0	  0	  0	  0	  0	  0	  0	  5	21833	  0
18/11/2017	05:44:40	<-	L	00000000	 21	 84	 74	 65	  0	271	  0	  4	  4	  4	  4	  4	  4	  4	  4	  0	  0	  0	  0	  0	  0	  0	  0	  0	  0	  0	  0	  0	  0	  0	  0	  0	  0	  0	  0	  0	  0	  0	  0	 84	 74	 65	 76	  0	 91	  0	  0	  0	  0	  0	  0	  0	  0	  0	  0	  0	  5	21833	  0
18/11/2017	05:49:40	<-	L	00000000	 21	 87	 74	 57	  0	276	  0	  4	  4	  4	  4	  4	  4	  4	  4	  0	  0	  0	  0	  0	  0	  0	  0	  0	  0	  0	  0	  0	  0	  0	  0	  0	  0	  0	  0	  0	  0	  0	  0	 87	 74	 57	 77	  0	 88	  0	  0	  0	  0	  0	  0	  0	  0	  0	  0	  0	  5	21833	  0
18/11/2017	05:54:40	<-	L	00000000	 21	 83	 74	 68	  0	281	  0	  4	  4	  4	  4	  4	  4	  4	  4	  0	  0	  0	  0	  0	  0	  0	  0	  0	  0	  0	  0	  0	  0	  0	  0	  0	  0	  0	  0	  0	  0	  0	  0	 83	 74	 68	 76	  0	 91	  0	  0	  0	  0	  0	  0	  0	  0	  0	  0	  0	  5	21833	  0
18/11/2017	05:59:40	<-	L	00000000	 21	 86	 74	 62	  0	286	  0	  4	  4	  4	  4	  4	  4	  4	  4	  0	  0	  0	  0	  0	  0	  0	  0	  0	  0	  0	  0	  0	  0	  0	  0	  0	  0	  0	  0	  0	  0	  0	  0	 86	 74	 60	 77	  0	 88	  0	  0	  0	  0	  0	  0	  0	  0	  0	  0	  0	  5	21833	  0
18/11/2017	06:04:40	<-	L	00000000	 21	 85	 74	 60	  0	291	  0	  4	  4	  4	  4	  4	  4	  4	  4	  0	  0	  0	  0	  0	  0	  0	  0	  0	  0	  0	  0	  0	  0	  0	  0	  0	  0	  0	  0	  0	  0	  0	  0	 85	 74	 62	 77	  0	 88	  0	  0	  0	  0	  0	  0	  0	  0	  0	  0	  0	  5	21833	  0
18/11/2017	06:09:40	<-	L	00000000	 21	 85	 74	 65	  0	296	  0	  4	  4	  4	  4	  4	  4	  4	  4	  0	  0	  0	  0	  0	  0	  0	  0	  0	  0	  0	  0	  0	  0	  0	  0	  0	  0	  0	  0	  0	  0	  0	  0	 85	 74	 62	 77	  0	 88	  0	  0	  0	  0	  0	  0	  0	  0	  0	  0	  0	  5	21833	  0
18/11/2017	06:14:40	<-	L	00000000	 21	 87	 74	 57	  0	301	  0	  4	  4	  4	  4	  4	  4	  4	  4	  0	  0	  0	  0	  0	  0	  0	  0	  0	  0	  0	  0	  0	  0	  0	  0	  0	  0	  0	  0	  0	  0	  0	  0	 87	 74	 57	 77	  0	 88	  0	  0	  0	  0	  0	  0	  0	  0	  0	  0	  0	  5	21833	  0
18/11/2017	06:19:40	<-	L	00000000	 21	 83	 74	 65	  0	306	  0	  4	  4	  4	  4	  4	  4	  4	  4	  0	  0	  0	  0	  0	  0	  0	  0	  0	  0	  0	  0	  0	  0	  0	  0	  0	  0	  0	  0	  0	  0	  0	  0	 83	 74	 68	 77	  0	 88	  0	  0	  0	  0	  0	  0	  0	  0	  0	  0	  0	  5	21833	  0
18/11/2017	06:24:40	<-	L	00000000	 21	 87	 74	 57	  0	311	  0	  4	  4	  4	  4	  4	  4	  4	  4	  0	  0	  0	  0	  0	  0	  0	  0	  0	  0	  0	  0	  0	  0	  0	  0	  0	  0	  0	  0	  0	  0	  0	  0	 87	 74	 57	 77	  0	 88	  0	  0	  0	  0	  0	  0	  0	  0	  0	  0	  0	  5	21833	  0
18/11/2017	06:29:41	<-	L	00000000	 21	 86	 74	 57	  0	316	  0	  4	  4	  4	  4	  4	  4	  4	  4	  0	  0	  0	  0	  0	  0	  0	  0	  0	  0	  0	  0	  0	  0	  0	  0	  0	  0	  0	  0	  0	  0	  0	  0	 86	 74	 60	 77	  0	 88	  0	  0	  0	  0	  0	  0	  0	  0	  0	  0	  0	  5	21833	  0
18/11/2017	06:34:41	<-	L	00000000	 21	 83	 74	 65	  0	321	  0	  4	  4	  4	  4	  4	  4	  4	  4	  0	  0	  0	  0	  0	  0	  0	  0	  0	  0	  0	  0	  0	  0	  0	  0	  0	  0	  0	  0	  0	  0	  0	  0	 83	 74	 68	 77	  0	 88	  0	  0	  0	  0	  0	  0	  0	  0	  0	  0	  0	  5	21833	  0
18/11/2017	06:39:41	<-	L	00000000	 21	 86	 74	 62	  0	326	  0	  4	  4	  4	  4	  4	  4	  4	  4	  0	  0	  0	  0	  0	  0	  0	  0	  0	  0	  0	  0	  0	  0	  0	  0	  0	  0	  0	  0	  0	  0	  0	  0	 86	 74	 60	 77	  0	 88	  0	  0	  0	  0	  0	  0	  0	  0	  0	  0	  0	  5	21833	  0
18/11/2017	06:44:41	<-	L	00000000	 21	 88	 74	 54	  0	331	  0	  4	  4	  4	  4	  4	  4	  4	  4	  0	  0	  0	  0	  0	  0	  0	  0	  0	  0	  0	  0	  0	  0	  0	  0	  0	  0	  0	  0	  0	  0	  0	  0	 88	 74	 54	 77	  0	 88	  0	  0	  0	  0	  0	  0	  0	  0	  0	  0	  0	  5	21833	  0
18/11/2017	06:49:41	<-	L	00000000	 21	 85	 74	 60	  0	336	  0	  4	  4	  4	  4	  4	  4	  4	  4	  0	  0	  0	  0	  0	  0	  0	  0	  0	  0	  0	  0	  0	  0	  0	  0	  0	  0	  0	  0	  0	  0	  0	  0	 85	 74	 62	 77	  0	 88	  0	  0	  0	  0	  0	  0	  0	  0	  0	  0	  0	  5	21833	  0
18/11/2017	06:54:41	<-	L	00000000	 21	 84	 74	 65	  0	341	  0	  4	  4	  4	  4	  4	  4	  4	  4	  0	  0	  0	  0	  0	  0	  0	  0	  0	  0	  0	  0	  0	  0	  0	  0	  0	  0	  0	  0	  0	  0	  0	  0	 84	 74	 65	 77	  0	 88	  0	  0	  0	  0	  0	  0	  0	  0	  0	  0	  0	  5	21833	  0
18/11/2017	06:59:41	<-	L	00000000	 21	 88	 74	 57	  0	346	  0	  4	  4	  4	  4	  4	  4	  4	  4	  0	  0	  0	  0	  0	  0	  0	  0	  0	  0	  0	  0	  0	  0	  0	  0	  0	  0	  0	  0	  0	  0	  0	  0	 88	 74	 54	 77	  0	 88	  0	  0	  0	  0	  0	  0	  0	  0	  0	  0	  0	  5	21833	  0
18/11/2017	07:04:41	<-	L	00000000	 21	 86	 74	 57	  0	351	  0	  4	  4	  4	  4	  4	  4	  4	  4	  0	  0	  0	  0	  0	  0	  0	  0	  0	  0	  0	  0	  0	  0	  0	  0	  0	  0	  0	  0	  0	  0	  0	  0	 86	 74	 60	 77	  0	 88	  0	  0	  0	  0	  0	  0	  0	  0	  0	  0	  0	  5	21833	  0
18/11/2017	07:09:41	<-	L	00000000	 21	 83	 74	 65	  0	356	  0	  4	  4	  4	  4	  4	  4	  4	  4	  0	  0	  0	  0	  0	  0	  0	  0	  0	  0	  0	  0	  0	  0	  0	  0	  0	  0	  0	  0	  0	  0	  0	  0	 83	 74	 68	 77	  0	 88	  0	  0	  0	  0	  0	  0	  0	  0	  0	  0	  0	  5	21833	  0
18/11/2017	07:14:41	<-	L	00000000	 21	 87	 74	 60	  0	361	  0	  4	  4	  4	  4	  4	  4	  4	  4	  0	  0	  0	  0	  0	  0	  0	  0	  0	  0	  0	  0	  0	  0	  0	  0	  0	  0	  0	  0	  0	  0	  0	  0	 87	 74	 57	 77	  0	 88	  0	  0	  0	  0	  0	  0	  0	  0	  0	  0	  0	  5	21833	  0
18/11/2017	07:19:41	<-	L	00000000	 21	 87	 74	 54	  0	366	  0	  4	  4	  4	  4	  4	  4	  4	  4	  0	  0	  0	  0	  0	  0	  0	  0	  0	  0	  0	  0	  0	  0	  0	  0	  0	  0	  0	  0	  0	  0	  0	  0	 87	 74	 57	 77	  0	 88	  0	  0	  0	  0	  0	  0	  0	  0	  0	  0	  0	  5	21833	  0
18/11/2017	07:24:41	<-	L	00000000	 21	 83	 74	 65	  0	371	  0	  4	  4	  4	  4	  4	  4	  4	  4	  0	  0	  0	  0	  0	  0	  0	  0	  0	  0	  0	  0	  0	  0	  0	  0	  0	  0	  0	  0	  0	  0	  0	  0	 83	 74	 68	 77	  0	 88	  0	  0	  0	  0	  0	  0	  0	  0	  0	  0	  0	  5	21833	  0
18/11/2017	07:29:41	<-	L	00000000	 21	 86	 74	 62	  0	376	  0	  4	  4	  4	  4	  4	  4	  4	  4	  0	  0	  0	  0	  0	  0	  0	  0	  0	  0	  0	  0	  0	  0	  0	  0	  0	  0	  0	  0	  0	  0	  0	  0	 86	 74	 60	 77	  0	 88	  0	  0	  0	  0	  0	  0	  0	  0	  0	  0	  0	  5	21833	  0
18/11/2017	07:34:42	<-	L	00000000	 21	 88	 74	 54	  0	381	  0	  4	  4	  4	  4	  4	  4	  4	  4	  0	  0	  0	  0	  0	  0	  0	  0	  0	  0	  0	  0	  0	  0	  0	  0	  0	  0	  0	  0	  0	  0	  0	  0	 88	 74	 54	 77	  0	 88	  0	  0	  0	  0	  0	  0	  0	  0	  0	  0	  0	  5	21833	  0
18/11/2017	07:39:42	<-	L	00000000	 21	 85	 74	 62	  0	386	  0	  4	  4	  4	  4	  4	  4	  4	  4	  0	  0	  0	  0	  0	  0	  0	  0	  0	  0	  0	  0	  0	  0	  0	  0	  0	  0	  0	  0	  0	  0	  0	  0	 85	 74	 62	 77	  0	 88	  0	  0	  0	  0	  0	  0	  0	  0	  0	  0	  0	  5	21833	  0
18/11/2017	07:44:42	<-	L	00000000	 21	 83	 74	 71	  0	391	  0	  4	  4	  4	  4	  4	  4	  4	  4	  0	  0	  0	  0	  0	  0	  0	  0	  0	  0	  0	  0	  0	  0	  0	  0	  0	  0	  0	  0	  0	  0	  0	  0	 83	 74	 68	 77	  0	 88	  0	  0	  0	  0	  0	  0	  0	  0	  0	  0	  0	  5	21833	  0
18/11/2017	07:49:42	<-	L	00000000	 21	 88	 74	 57	  0	396	  0	  4	  4	  4	  4	  4	  4	  4	  4	  0	  0	  0	  0	  0	  0	  0	  0	  0	  0	  0	  0	  0	  0	  0	  0	  0	  0	  0	  0	  0	  0	  0	  0	 88	 74	 54	 77	  0	 88	  0	  0	  0	  0	  0	  0	  0	  0	  0	  0	  0	  5	21833	  0
18/11/2017	07:54:42	<-	L	00000000	 21	 86	 74	 60	  0	401	  0	  4	  4	  4	  4	  4	  4	  4	  4	  0	  0	  0	  0	  0	  0	  0	  0	  0	  0	  0	  0	  0	  0	  0	  0	  0	  0	  0	  0	  0	  0	  0	  0	 86	 74	 60	 77	  0	 88	  0	  0	  0	  0	  0	  0	  0	  0	  0	  0	  0	  5	21833	  0
18/11/2017	07:59:42	<-	L	00000000	 21	 84	 74	 68	  0	406	  0	  4	  4	  4	  4	  4	  4	  4	  4	  0	  0	  0	  0	  0	  0	  0	  0	  0	  0	  0	  0	  0	  0	  0	  0	  0	  0	  0	  0	  0	  0	  0	  0	 84	 74	 65	 77	  0	 88	  0	  0	  0	  0	  0	  0	  0	  0	  0	  0	  0	  5	21833	  0
18/11/2017	08:04:42	<-	L	00000000	 21	 88	 74	 57	  0	411	  0	  4	  4	  4	  4	  4	  4	  4	  4	  0	  0	  0	  0	  0	  0	  0	  0	  0	  0	  0	  0	  0	  0	  0	  0	  0	  0	  0	  0	  0	  0	  0	  0	 88	 74	 54	 77	  0	 88	  0	  0	  0	  0	  0	  0	  0	  0	  0	  0	  0	  5	21833	  0
18/11/2017	08:09:42	<-	L	00000000	 21	 86	 74	 60	  0	416	  0	  4	  4	  4	  4	  4	  4	  4	  4	  0	  0	  0	  0	  0	  0	  0	  0	  0	  0	  0	  0	  0	  0	  0	  0	  0	  0	  0	  0	  0	  0	  0	  0	 86	 74	 60	 77	  0	 88	  0	  0	  0	  0	  0	  0	  0	  0	  0	  0	  0	  5	21833	  0
18/11/2017	08:14:42	<-	L	00000000	 21	 83	 74	 68	  0	421	  0	  4	  4	  4	  4	  4	  4	  4	  4	  0	  0	  0	  0	  0	  0	  0	  0	  0	  0	  0	  0	  0	  0	  0	  0	  0	  0	  0	  0	  0	  0	  0	  0	 83	 74	 68	 77	  0	 88	  0	  0	  0	  0	  0	  0	  0	  0	  0	  0	  0	  5	21833	  0
18/11/2017	08:19:42	<-	L	00000000	 21	 83	 74	 68	  0	426	  0	  4	  4	  4	  4	  4	  4	  4	  4	  0	  0	  0	  0	  0	  0	  0	  0	  0	  0	  0	  0	  0	  0	  0	  0	  0	  0	  0	  0	  0	  0	  0	  0	 83	 74	 68	 77	  0	 88	  0	  0	  0	  0	  0	  0	  0	  0	  0	  0	  0	  5	21833	  0
18/11/2017	08:24:42	->	L	00000000	 21	 84	 74	 62	  0	431	  0	  4	  4	  4	  4	  4	  4	  4	  4	  0	  0	  0	  0	  0	  0	  0	  0	  0	  0	  0	  0	  0	  0	  0	  0	  0	  0	  0	  0	  0	  0	  0	  0	 79	 74	 81	 84	  0	 65	  0	  0	  0	  0	  0	  0	  0	  0	  0	  0	  0	  5	21833	  0
18/11/2017	08:29:42	->	L	00000000	 21	 88	 75	 54	  0	436	  0	  4	  4	  4	  4	  4	  4	  4	  4	  0	  0	  0	  0	  0	  0	  0	  0	  0	  0	  0	  0	  0	  0	  0	  0	  0	  0	  0	  0	  0	  0	  0	  0	 79	 75	 83	 88	  0	 57	  0	  0	  0	  0	  0	  0	  0	  0	  0	  0	  0	  5	21833	  0
18/11/2017	08:34:42	->	L	00000000	 21	 84	 74	 62	  0	441	  0	  4	  4	  4	  4	  4	  4	  4	  4	  0	  0	  0	  0	  0	  0	  0	  0	  0	  0	  0	  0	  0	  0	  0	  0	  0	  0	  0	  0	  0	  0	  0	  0	 78	 74	 83	 84	  0	 65	  0	  0	  0	  0	  0	  0	  0	  0	  0	  0	  0	  5	21833	  0
18/11/2017	08:39:42	->	L	00000000	 21	 86	 74	 62	  0	446	  0	  4	  4	  4	  4	  4	  4	  4	  4	  0	  0	  0	  0	  0	  0	  0	  0	  0	  0	  0	  0	  0	  0	  0	  0	  0	  0	  0	  0	  0	  0	  0	  0	 78	 74	 83	 86	  0	 60	  0	  0	  0	  0	  0	  0	  0	  0	  0	  0	  0	  5	21833	  0
18/11/2017	08:44:42	->	L	00000000	 21	 87	 74	 54	  0	451	  0	  4	  4	  4	  4	  4	  4	  4	  4	  0	  0	  0	  0	  0	  0	  0	  0	  0	  0	  0	  0	  0	  0	  0	  0	  0	  0	  0	  0	  0	  0	  0	  0	 78	 74	 83	 87	  0	 57	  0	  0	  0	  0	  0	  0	  0	  0	  0	  0	  0	  5	21833	  0
18/11/2017	08:49:42	->	L	00000000	 21	 83	 74	 65	  0	456	  0	  4	  4	  4	  4	  4	  4	  4	  4	  0	  0	  0	  0	  0	  0	  0	  0	  0	  0	  0	  0	  0	  0	  0	  0	  0	  0	  0	  0	  0	  0	  0	  0	 77	 74	 88	 83	  0	 68	  0	  0	  0	  0	  0	  0	  0	  0	  0	  0	  0	  5	21833	  0
18/11/2017	08:54:42	->	L	00000000	 21	 89	 74	 53	  0	461	  0	  4	  4	  4	  4	  4	  4	  4	  4	  0	  0	  0	  0	  0	  0	  0	  0	  0	  0	  0	  0	  0	  0	  0	  0	  0	  0	  0	  0	  0	  0	  0	  0	 78	 74	 83	 89	  0	 53	  0	  0	  0	  0	  0	  0	  0	  0	  0	  0	  0	  5	21833	  0
