01/03/2017	18:33:35	<-	L	00000000	 26	 83	 54	 23	  0	228	  0	  4	  4	  4	  4	  4	  4	  4	  4	  0	  0	  0	  0	  0	  0	  0	  0	  0	  0	  0	  0	  0	  0	  0	  0	  0	  0	  0	  0	  0	  0	  0	  0	 83	 54	 24	 74	  0	 35	  0	  0	  0	  0	  0	  0	  0	  0	  0	  0	  0	  5	21814	  0
01/03/2017	18:38:35	<-	L	00000000	 26	 87	 54	 22	  0	233	  0	  4	  4	  4	  4	  4	  4	  4	  4	  0	  0	  0	  0	  0	  0	  0	  0	  0	  0	  0	  0	  0	  0	  0	  0	  0	  0	  0	  0	  0	  0	  0	  0	 87	 54	 21	 76	  0	 31	  0	  0	  0	  0	  0	  0	  0	  0	  0	  0	  0	  5	21814	  0
01/03/2017	18:43:35	<-	L	00000000	 26	 85	 53	 22	  0	238	  0	  4	  4	  4	  4	  4	  4	  4	  4	  0	  0	  0	  0	  0	  0	  0	  0	  0	  0	  0	  0	  0	  0	  0	  0	  0	  0	  0	  0	  0	  0	  0	  0	 85	 53	 22	 75	  0	 31	  0	  0	  0	  0	  0	  0	  0	  0	  0	  0	  0	  5	21814	  0
01/03/2017	18:48:35	<-	L	00000000	 26	 83	 53	 23	  0	243	  0	  4	  4	  4	  4	  4	  4	  4	  4	  0	  0	  0	  0	  0	  0	  0	  0	  0	  0	  0	  0	  0	  0	  0	  0	  0	  0	  0	  0	  0	  0	  0	  0	 83	 53	 23	 73	  0	 34	  0	  0	  0	  0	  0	  0	  0	  0	  0	  0	  0	  5	21814	  0
01/03/2017	18:53:35	<-	L	00000000	 26	 87	 54	 22	  0	248	  0	  4	  4	  4	  4	  4	  4	  4	  4	  0	  0	  0	  0	  0	  0	  0	  0	  0	  0	  0	  0	  0	  0	  0	  0	  0	  0	  0	  0	  0	  0	  0	  0	 87	 54	 21	 76	  0	 31	  0	  0	  0	  0	  0	  0	  0	  0	  0	  0	  0	  5	21814	  0
01/03/2017	18:58:35	<-	L	00000000	 26	 84	 54	 23	  0	253	  0	  4	  4	  4	  4	  4	  4	  4	  4	  0	  0	  0	  0	  0	  0	  0	  0	  0	  0	  0	  0	  0	  0	  0	  0	  0	  0	  0	  0	  0	  0	  0	  0	 84	 54	 23	 75	  0	 32	  0	  0	  0	  0	  0	  0	  0	  0	  0	  0	  0	  5	21814	  0
01/03/2017	19:03:35	<-	L	00000000	 26	 88	 54	 21	  0	258	  0	  4	  4	  4	  4	  4	  4	  4	  4	  0	  0	  0	  0	  0	  0	  0	  0	  0	  0	  0	  0	  0	  0	  0	  0	  0	  0	  0	  0	  0	  0	  0	  0	 88	 54	 21	 76	  0	 31	  0	  0	  0	  0	  0	  0	  0	  0	  0	  0	  0	  5	21814	  0
01/03/2017	19:08:35	<-	L	00000000	 26	 83	 53	 23	  0	263	  0	  4	  4	  4	  4	  4	  4	  4	  4	  0	  0	  0	  0	  0	  0	  0	  0	  0	  0	  0	  0	  0	  0	  0	  0	  0	  0	  0	  0	  0	  0	  0	  0	 83	 53	 23	 74	  0	 31	  0	  0	  0	  0	  0	  0	  0	  0	  0	  0	  0	  5	21814	  0
01/03/2017	19:13:35	<-	L	00000000	 26	 86	 54	 21	  0	268	  0	  4	  4	  4	  4	  4	  4	  4	  4	  0	  0	  0	  0	  0	  0	  0	  0	  0	  0	  0	  0	  0	  0	  0	  0	  0	  0	  0	  0	  0	  0	  0	  0	 86	 54	 22	 76	  0	 31	  0	  0	  0	  0	  0	  0	  0	  0	  0	  0	  0	  5	21814	  0
01/03/2017	19:18:35	<-	L	00000000	 26	 85	 53	 22	  0	273	  0	  4	  4	  4	  4	  4	  4	  4	  4	  0	  0	  0	  0	  0	  0	  0	  0	  0	  0	  0	  0	  0	  0	  0	  0	  0	  0	  0	  0	  0	  0	  0	  0	 85	 53	 22	 75	  0	 31	  0	  0	  0	  0	  0	  0	  0	  0	  0	  0	  0	  5	21814	  0
01/03/2017	19:23:35	<-	L	00000000	 26	 84	 54	 22	  0	278	  0	  4	  4	  4	  4	  4	  4	  4	  4	  0	  0	  0	  0	  0	  0	  0	  0	  0	  0	  0	  0	  0	  0	  0	  0	  0	  0	  0	  0	  0	  0	  0	  0	 84	 54	 23	 74	  0	 35	  0	  0	  0	  0	  0	  0	  0	  0	  0	  0	  0	  5	21814	  0
01/03/2017	19:28:35	<-	L	00000000	 26	 87	 54	 21	  0	283	  0	  4	  4	  4	  4	  4	  4	  4	  4	  0	  0	  0	  0	  0	  0	  0	  0	  0	  0	  0	  0	  0	  0	  0	  0	  0	  0	  0	  0	  0	  0	  0	  0	 87	 54	 21	 76	  0	 31	  0	  0	  0	  0	  0	  0	  0	  0	  0	  0	  0	  5	21814	  0
01/03/2017	19:33:35	<-	L	00000000	 26	 83	 54	 24	  0	288	  0	  4	  4	  4	  4	  4	  4	  4	  4	  0	  0	  0	  0	  0	  0	  0	  0	  0	  0	  0	  0	  0	  0	  0	  0	  0	  0	  0	  0	  0	  0	  0	  0	 83	 54	 24	 74	  0	 35	  0	  0	  0	  0	  0	  0	  0	  0	  0	  0	  0	  5	21814	  0
01/03/2017	19:38:35	<-	L	00000000	 26	 87	 54	 22	  0	293	  0	  4	  4	  4	  4	  4	  4	  4	  4	  0	  0	  0	  0	  0	  0	  0	  0	  0	  0	  0	  0	  0	  0	  0	  0	  0	  0	  0	  0	  0	  0	  0	  0	 87	 54	 21	 76	  0	 31	  0	  0	  0	  0	  0	  0	  0	  0	  0	  0	  0	  5	21814	  0
01/03/2017	19:43:35	<-	L	00000000	 26	 85	 54	 23	  0	298	  0	  4	  4	  4	  4	  4	  4	  4	  4	  0	  0	  0	  0	  0	  0	  0	  0	  0	  0	  0	  0	  0	  0	  0	  0	  0	  0	  0	  0	  0	  0	  0	  0	 85	 54	 23	 76	  0	 31	  0	  0	  0	  0	  0	  0	  0	  0	  0	  0	  0	  5	21814	  0
01/03/2017	19:48:35	<-	L	00000000	 26	 84	 54	 23	  0	303	  0	  4	  4	  4	  4	  4	  4	  4	  4	  0	  0	  0	  0	  0	  0	  0	  0	  0	  0	  0	  0	  0	  0	  0	  0	  0	  0	  0	  0	  0	  0	  0	  0	 84	 54	 23	 75	  0	 32	  0	  0	  0	  0	  0	  0	  0	  0	  0	  0	  0	  5	21814	  0
01/03/2017	19:53:36	<-	L	00000000	 26	 87	 54	 22	  0	308	  0	  4	  4	  4	  4	  4	  4	  4	  4	  0	  0	  0	  0	  0	  0	  0	  0	  0	  0	  0	  0	  0	  0	  0	  0	  0	  0	  0	  0	  0	  0	  0	  0	 87	 54	 21	 76	  0	 31	  0	  0	  0	  0	  0	  0	  0	  0	  0	  0	  0	  5	21814	  0
01/03/2017	19:58:36	<-	L	00000000	 26	 83	 54	 24	  0	313	  0	  4	  4	  4	  4	  4	  4	  4	  4	  0	  0	  0	  0	  0	  0	  0	  0	  0	  0	  0	  0	  0	  0	  0	  0	  0	  0	  0	  0	  0	  0	  0	  0	 83	 54	 24	 74	  0	 35	  0	  0	  0	  0	  0	  0	  0	  0	  0	  0	  0	  5	21814	  0
01/03/2017	20:03:36	<-	L	00000000	 26	 86	 54	 22	  0	318	  0	  4	  4	  4	  4	  4	  4	  4	  4	  0	  0	  0	  0	  0	  0	  0	  0	  0	  0	  0	  0	  0	  0	  0	  0	  0	  0	  0	  0	  0	  0	  0	  0	 86	 54	 22	 75	  0	 32	  0	  0	  0	  0	  0	  0	  0	  0	  0	  0	  0	  5	21814	  0
01/03/2017	20:08:36	<-	L	00000000	 26	 86	 54	 23	  0	323	  0	  4	  4	  4	  4	  4	  4	  4	  4	  0	  0	  0	  0	  0	  0	  0	  0	  0	  0	  0	  0	  0	  0	  0	  0	  0	  0	  0	  0	  0	  0	  0	  0	 86	 54	 22	 76	  0	 31	  0	  0	  0	  0	  0	  0	  0	  0	  0	  0	  0	  5	21814	  0
01/03/2017	20:13:35	<-	L	00000000	 26	 85	 54	 22	  0	328	  0	  4	  4	  4	  4	  4	  4	  4	  4	  0	  0	  0	  0	  0	  0	  0	  0	  0	  0	  0	  0	  0	  0	  0	  0	  0	  0	  0	  0	  0	  0	  0	  0	 85	 54	 23	 75	  0	 32	  0	  0	  0	  0	  0	  0	  0	  0	  0	  0	  0	  5	21814	  0
01/03/2017	20:18:35	<-	L	00000000	 26	 88	 54	 21	  0	333	  0	  4	  4	  4	  4	  4	  4	  4	  4	  0	  0	  0	  0	  0	  0	  0	  0	  0	  0	  0	  0	  0	  0	  0	  0	  0	  0	  0	  0	  0	  0	  0	  0	 88	 54	 21	 77	  0	 29	  0	  0	  0	  0	  0	  0	  0	  0	  0	  0	  0	  5	21814	  0
01/03/2017	20:23:35	<-	L	00000000	 26	 84	 54	 23	  0	338	  0	  4	  4	  4	  4	  4	  4	  4	  4	  0	  0	  0	  0	  0	  0	  0	  0	  0	  0	  0	  0	  0	  0	  0	  0	  0	  0	  0	  0	  0	  0	  0	  0	 84	 54	 23	 75	  0	 32	  0	  0	  0	  0	  0	  0	  0	  0	  0	  0	  0	  5	21814	  0
01/03/2017	20:28:35	<-	L	00000000	 26	 89	 54	 21	  0	343	  0	  4	  4	  4	  4	  4	  4	  4	  4	  0	  0	  0	  0	  0	  0	  0	  0	  0	  0	  0	  0	  0	  0	  0	  0	  0	  0	  0	  0	  0	  0	  0	  0	 89	 54	 20	 77	  0	 29	  0	  0	  0	  0	  0	  0	  0	  0	  0	  0	  0	  5	21814	  0
01/03/2017	20:33:35	<-	L	00000000	 26	 83	 53	 22	  0	348	  0	  4	  4	  4	  4	  4	  4	  4	  4	  0	  0	  0	  0	  0	  0	  0	  0	  0	  0	  0	  0	  0	  0	  0	  0	  0	  0	  0	  0	  0	  0	  0	  0	 83	 53	 23	 74	  0	 31	  0	  0	  0	  0	  0	  0	  0	  0	  0	  0	  0	  5	21814	  0
01/03/2017	20:38:35	<-	L	00000000	 26	 87	 54	 21	  0	353	  0	  4	  4	  4	  4	  4	  4	  4	  4	  0	  0	  0	  0	  0	  0	  0	  0	  0	  0	  0	  0	  0	  0	  0	  0	  0	  0	  0	  0	  0	  0	  0	  0	 87	 54	 21	 77	  0	 29	  0	  0	  0	  0	  0	  0	  0	  0	  0	  0	  0	  5	21814	  0
01/03/2017	20:43:35	<-	L	00000000	 26	 83	 53	 23	  0	358	  0	  4	  4	  4	  4	  4	  4	  4	  4	  0	  0	  0	  0	  0	  0	  0	  0	  0	  0	  0	  0	  0	  0	  0	  0	  0	  0	  0	  0	  0	  0	  0	  0	 83	 53	 23	 74	  0	 31	  0	  0	  0	  0	  0	  0	  0	  0	  0	  0	  0	  5	21814	  0
01/03/2017	20:48:35	<-	L	00000000	 27	 87	 53	 20	  0	  3	  0	  4	  4	  4	  4	  4	  4	  4	  4	  0	  0	  0	  0	  0	  0	  0	  0	  0	  0	  0	  0	  0	  0	  0	  0	  0	  0	  0	  0	  0	  0	  0	  0	 87	 53	 20	 73	  0	 34	  0	  0	  0	  0	  0	  0	  0	  0	  0	  0	  0	  5	21812	  0
01/03/2017	20:53:35	  	L	00000000	 27	 83	 51	 21	  0	  8	  0	  4	  4	  4	  4	  4	  4	  4	  4	  0	  0	  0	  0	  0	  0	  0	  0	  0	  0	  0	  0	  0	  0	  0	  0	  0	  0	  0	  0	  0	  0	  0	  0	 83	 51	 21	 73	  0	 30	  0	  0	  0	  0	  0	  0	  0	  0	  0	  0	  0	  5	21812	  0
01/03/2017	20:58:35	->	L	00000000	 27	 83	 50	 20	  0	 13	  0	  4	  4	  4	  4	  4	  4	  4	  4	  0	  0	  0	  0	  0	  0	  0	  0	  0	  0	  0	  0	  0	  0	  0	  0	  0	  0	  0	  0	  0	  0	  0	  0	 80	 50	 22	 83	  0	 20	  0	  0	  0	  0	  0	  0	  0	  0	  0	  0	  0	  5	21812	  0
01/03/2017	21:03:35	->	L	00000000	 27	 87	 51	 18	  0	 18	  0	  4	  4	  4	  4	  4	  4	  4	  4	  0	  0	  0	  0	  0	  0	  0	  0	  0	  0	  0	  0	  0	  0	  0	  0	  0	  0	  0	  0	  0	  0	  0	  0	 81	 51	 22	 87	  0	 18	  0	  0	  0	  0	  0	  0	  0	  0	  0	  0	  0	  5	21812	  0
01/03/2017	21:08:35	->	L	00000000	 27	 84	 51	 21	  0	 23	  0	  4	  4	  4	  4	  4	  4	  4	  4	  0	  0	  0	  0	  0	  0	  0	  0	  0	  0	  0	  0	  0	  0	  0	  0	  0	  0	  0	  0	  0	  0	  0	  0	 79	 51	 24	 84	  0	 20	  0	  0	  0	  0	  0	  0	  0	  0	  0	  0	  0	  5	21812	  0
01/03/2017	21:13:35	->	L	00000000	 27	 83	 51	 20	  0	 28	  0	  4	  4	  4	  4	  4	  4	  4	  4	  0	  0	  0	  0	  0	  0	  0	  0	  0	  0	  0	  0	  0	  0	  0	  0	  0	  0	  0	  0	  0	  0	  0	  0	 79	 51	 24	 83	  0	 21	  0	  0	  0	  0	  0	  0	  0	  0	  0	  0	  0	  5	21812	  0
01/03/2017	21:18:35	->	L	00000000	 27	 85	 51	 20	  0	 33	  0	  4	  4	  4	  4	  4	  4	  4	  4	  0	  0	  0	  0	  0	  0	  0	  0	  0	  0	  0	  0	  0	  0	  0	  0	  0	  0	  0	  0	  0	  0	  0	  0	 80	 51	 23	 85	  0	 20	  0	  0	  0	  0	  0	  0	  0	  0	  0	  0	  0	  5	21812	  0
01/03/2017	21:23:35	->	L	00000000	 27	 87	 51	 19	  0	 38	  0	  4	  4	  4	  4	  4	  4	  4	  4	  0	  0	  0	  0	  0	  0	  0	  0	  0	  0	  0	  0	  0	  0	  0	  0	  0	  0	  0	  0	  0	  0	  0	  0	 80	 51	 23	 87	  0	 18	  0	  0	  0	  0	  0	  0	  0	  0	  0	  0	  0	  5	21812	  0
01/03/2017	21:28:35	->	L	00000000	 27	 83	 51	 21	  0	 43	  0	  4	  4	  4	  4	  4	  4	  4	  4	  0	  0	  0	  0	  0	  0	  0	  0	  0	  0	  0	  0	  0	  0	  0	  0	  0	  0	  0	  0	  0	  0	  0	  0	 79	 51	 24	 83	  0	 21	  0	  0	  0	  0	  0	  0	  0	  0	  0	  0	  0	  5	21812	  0
01/03/2017	21:33:35	->	L	00000000	 27	 85	 51	 20	  0	 48	  0	  4	  4	  4	  4	  4	  4	  4	  4	  0	  0	  0	  0	  0	  0	  0	  0	  0	  0	  0	  0	  0	  0	  0	  0	  0	  0	  0	  0	  0	  0	  0	  0	 80	 51	 23	 85	  0	 20	  0	  0	  0	  0	  0	  0	  0	  0	  0	  0	  0	  5	21812	  0
01/03/2017	21:38:35	->	L	00000000	 27	 86	 51	 20	  0	 53	  0	  4	  4	  4	  4	  4	  4	  4	  4	  0	  0	  0	  0	  0	  0	  0	  0	  0	  0	  0	  0	  0	  0	  0	  0	  0	  0	  0	  0	  0	  0	  0	  0	 79	 51	 24	 86	  0	 19	  0	  0	  0	  0	  0	  0	  0	  0	  0	  0	  0	  5	21812	  0
01/03/2017	21:43:35	->	L	00000000	 27	 83	 51	 21	  0	 58	  0	  4	  4	  4	  4	  4	  4	  4	  4	  0	  0	  0	  0	  0	  0	  0	  0	  0	  0	  0	  0	  0	  0	  0	  0	  0	  0	  0	  0	  0	  0	  0	  0	 80	 51	 23	 83	  0	 21	  0	  0	  0	  0	  0	  0	  0	  0	  0	  0	  0	  5	21812	  0
01/03/2017	21:48:35	->	L	00000000	 27	 86	 51	 19	  0	 63	  0	  4	  4	  4	  4	  4	  4	  4	  4	  0	  0	  0	  0	  0	  0	  0	  0	  0	  0	  0	  0	  0	  0	  0	  0	  0	  0	  0	  0	  0	  0	  0	  0	 80	 51	 23	 86	  0	 19	  0	  0	  0	  0	  0	  0	  0	  0	  0	  0	  0	  5	21812	  0
01/03/2017	21:53:35	->	L	00000000	 27	 86	 51	 20	  0	 68	  0	  4	  4	  4	  4	  4	  4	  4	  4	  0	  0	  0	  0	  0	  0	  0	  0	  0	  0	  0	  0	  0	  0	  0	  0	  0	  0	  0	  0	  0	  0	  0	  0	 80	 51	 23	 86	  0	 19	  0	  0	  0	  0	  0	  0	  0	  0	  0	  0	  0	  5	21812	  0
01/03/2017	21:58:35	->	L	00000000	 27	 83	 51	 21	  0	 73	  0	  4	  4	  4	  4	  4	  4	  4	  4	  0	  0	  0	  0	  0	  0	  0	  0	  0	  0	  0	  0	  0	  0	  0	  0	  0	  0	  0	  0	  0	  0	  0	  0	 79	 51	 24	 83	  0	 21	  0	  0	  0	  0	  0	  0	  0	  0	  0	  0	  0	  5	21812	  0
01/03/2017	22:03:35	->	L	00000000	 27	 85	 51	 19	  0	 78	  0	  4	  4	  4	  4	  4	  4	  4	  4	  0	  0	  0	  0	  0	  0	  0	  0	  0	  0	  0	  0	  0	  0	  0	  0	  0	  0	  0	  0	  0	  0	  0	  0	 80	 51	 23	 85	  0	 20	  0	  0	  0	  0	  0	  0	  0	  0	  0	  0	  0	  5	21812	  0
01/03/2017	22:08:35	->	L	00000000	 27	 87	 50	 19	  0	 83	  0	  4	  4	  4	  4	  4	  4	  4	  4	  0	  0	  0	  0	  0	  0	  0	  0	  0	  0	  0	  0	  0	  0	  0	  0	  0	  0	  0	  0	  0	  0	  0	  0	 80	 50	 22	 87	  0	 17	  0	  0	  0	  0	  0	  0	  0	  0	  0	  0	  0	  5	21812	  0
01/03/2017	22:13:35	->	L	00000000	 27	 83	 51	 21	  0	 88	  0	  4	  4	  4	  4	  4	  4	  4	  4	  0	  0	  0	  0	  0	  0	  0	  0	  0	  0	  0	  0	  0	  0	  0	  0	  0	  0	  0	  0	  0	  0	  0	  0	 80	 51	 23	 83	  0	 21	  0	  0	  0	  0	  0	  0	  0	  0	  0	  0	  0	  5	21812	  0
01/03/2017	22:18:35	->	L	00000000	 27	 85	 51	 19	  0	 93	  0	  4	  4	  4	  4	  4	  4	  4	  4	  0	  0	  0	  0	  0	  0	  0	  0	  0	  0	  0	  0	  0	  0	  0	  0	  0	  0	  0	  0	  0	  0	  0	  0	 81	 51	 22	 85	  0	 20	  0	  0	  0	  0	  0	  0	  0	  0	  0	  0	  0	  5	21812	  0
01/03/2017	22:23:35	->	L	00000000	 27	 86	 51	 20	  0	 98	  0	  4	  4	  4	  4	  4	  4	  4	  4	  0	  0	  0	  0	  0	  0	  0	  0	  0	  0	  0	  0	  0	  0	  0	  0	  0	  0	  0	  0	  0	  0	  0	  0	 80	 51	 23	 86	  0	 19	  0	  0	  0	  0	  0	  0	  0	  0	  0	  0	  0	  5	21812	  0
01/03/2017	22:28:35	->	L	00000000	 27	 85	 51	 20	  0	103	  0	  4	  4	  4	  4	  4	  4	  4	  4	  0	  0	  0	  0	  0	  0	  0	  0	  0	  0	  0	  0	  0	  0	  0	  0	  0	  0	  0	  0	  0	  0	  0	  0	 80	 51	 23	 85	  0	 20	  0	  0	  0	  0	  0	  0	  0	  0	  0	  0	  0	  5	21812	  0
01/03/2017	22:33:35	->	L	00000000	 27	 87	 51	 18	  0	108	  0	  4	  4	  4	  4	  4	  4	  4	  4	  0	  0	  0	  0	  0	  0	  0	  0	  0	  0	  0	  0	  0	  0	  0	  0	  0	  0	  0	  0	  0	  0	  0	  0	 81	 51	 22	 87	  0	 18	  0	  0	  0	  0	  0	  0	  0	  0	  0	  0	  0	  5	21812	  0
01/03/2017	22:38:35	->	L	00000000	 27	 83	 50	 19	  0	113	  0	  4	  4	  4	  4	  4	  4	  4	  4	  0	  0	  0	  0	  0	  0	  0	  0	  0	  0	  0	  0	  0	  0	  0	  0	  0	  0	  0	  0	  0	  0	  0	  0	 79	 50	 23	 83	  0	 20	  0	  0	  0	  0	  0	  0	  0	  0	  0	  0	  0	  5	21812	  0
01/03/2017	22:43:35	->	L	00000000	 27	 86	 51	 18	  0	118	  0	  4	  4	  4	  4	  4	  4	  4	  4	  0	  0	  0	  0	  0	  0	  0	  0	  0	  0	  0	  0	  0	  0	  0	  0	  0	  0	  0	  0	  0	  0	  0	  0	 81	 51	 22	 86	  0	 19	  0	  0	  0	  0	  0	  0	  0	  0	  0	  0	  0	  5	21812	  0
01/03/2017	22:48:35	->	L	00000000	 27	 87	 51	 19	  0	123	  0	  4	  4	  4	  4	  4	  4	  4	  4	  0	  0	  0	  0	  0	  0	  0	  0	  0	  0	  0	  0	  0	  0	  0	  0	  0	  0	  0	  0	  0	  0	  0	  0	 81	 51	 22	 87	  0	 18	  0	  0	  0	  0	  0	  0	  0	  0	  0	  0	  0	  5	21812	  0
01/03/2017	22:53:35	->	L	00000000	 27	 84	 50	 20	  0	128	  0	  4	  4	  4	  4	  4	  4	  4	  4	  0	  0	  0	  0	  0	  0	  0	  0	  0	  0	  0	  0	  0	  0	  0	  0	  0	  0	  0	  0	  0	  0	  0	  0	 80	 50	 22	 84	  0	 19	  0	  0	  0	  0	  0	  0	  0	  0	  0	  0	  0	  5	21812	  0
01/03/2017	22:58:35	->	L	00000000	 27	 88	 51	 18	  0	133	  0	  4	  4	  4	  4	  4	  4	  4	  4	  0	  0	  0	  0	  0	  0	  0	  0	  0	  0	  0	  0	  0	  0	  0	  0	  0	  0	  0	  0	  0	  0	  0	  0	 81	 51	 22	 88	  0	 18	  0	  0	  0	  0	  0	  0	  0	  0	  0	  0	  0	  5	21812	  0
01/03/2017	23:03:35	->	L	00000000	 27	 84	 51	 20	  0	138	  0	  4	  4	  4	  4	  4	  4	  4	  4	  0	  0	  0	  0	  0	  0	  0	  0	  0	  0	  0	  0	  0	  0	  0	  0	  0	  0	  0	  0	  0	  0	  0	  0	 80	 51	 23	 84	  0	 20	  0	  0	  0	  0	  0	  0	  0	  0	  0	  0	  0	  5	21812	  0
01/03/2017	23:08:35	->	L	00000000	 27	 88	 51	 17	  0	143	  0	  4	  4	  4	  4	  4	  4	  4	  4	  0	  0	  0	  0	  0	  0	  0	  0	  0	  0	  0	  0	  0	  0	  0	  0	  0	  0	  0	  0	  0	  0	  0	  0	 81	 51	 22	 88	  0	 18	  0	  0	  0	  0	  0	  0	  0	  0	  0	  0	  0	  5	21812	  0
01/03/2017	23:13:35	->	L	00000000	 27	 84	 50	 19	  0	148	  0	  4	  4	  4	  4	  4	  4	  4	  4	  0	  0	  0	  0	  0	  0	  0	  0	  0	  0	  0	  0	  0	  0	  0	  0	  0	  0	  0	  0	  0	  0	  0	  0	 80	 50	 22	 84	  0	 19	  0	  0	  0	  0	  0	  0	  0	  0	  0	  0	  0	  5	21812	  0
01/03/2017	23:18:35	->	L	00000000	 27	 86	 50	 18	  0	153	  0	  4	  4	  4	  4	  4	  4	  4	  4	  0	  0	  0	  0	  0	  0	  0	  0	  0	  0	  0	  0	  0	  0	  0	  0	  0	  0	  0	  0	  0	  0	  0	  0	 81	 50	 21	 86	  0	 18	  0	  0	  0	  0	  0	  0	  0	  0	  0	  0	  0	  5	21812	  0
01/03/2017	23:23:35	->	L	00000000	 27	 84	 50	 19	  0	158	  0	  4	  4	  4	  4	  4	  4	  4	  4	  0	  0	  0	  0	  0	  0	  0	  0	  0	  0	  0	  0	  0	  0	  0	  0	  0	  0	  0	  0	  0	  0	  0	  0	 80	 50	 22	 84	  0	 19	  0	  0	  0	  0	  0	  0	  0	  0	  0	  0	  0	  5	21812	  0
01/03/2017	23:28:35	->	L	00000000	 27	 85	 50	 18	  0	163	  0	  4	  4	  4	  4	  4	  4	  4	  4	  0	  0	  0	  0	  0	  0	  0	  0	  0	  0	  0	  0	  0	  0	  0	  0	  0	  0	  0	  0	  0	  0	  0	  0	 81	 50	 21	 85	  0	 19	  0	  0	  0	  0	  0	  0	  0	  0	  0	  0	  0	  5	21812	  0
01/03/2017	23:33:35	->	L	00000000	 27	 86	 50	 18	  0	168	  0	  4	  4	  4	  4	  4	  4	  4	  4	  0	  0	  0	  0	  0	  0	  0	  0	  0	  0	  0	  0	  0	  0	  0	  0	  0	  0	  0	  0	  0	  0	  0	  0	 81	 50	 21	 86	  0	 18	  0	  0	  0	  0	  0	  0	  0	  0	  0	  0	  0	  5	21812	  0
01/03/2017	23:38:35	->	L	00000000	 27	 84	 50	 19	  0	173	  0	  4	  4	  4	  4	  4	  4	  4	  4	  0	  0	  0	  0	  0	  0	  0	  0	  0	  0	  0	  0	  0	  0	  0	  0	  0	  0	  0	  0	  0	  0	  0	  0	 80	 50	 22	 84	  0	 19	  0	  0	  0	  0	  0	  0	  0	  0	  0	  0	  0	  5	21812	  0
01/03/2017	23:43:35	->	L	00000000	 27	 86	 50	 17	  0	178	  0	  4	  4	  4	  4	  4	  4	  4	  4	  0	  0	  0	  0	  0	  0	  0	  0	  0	  0	  0	  0	  0	  0	  0	  0	  0	  0	  0	  0	  0	  0	  0	  0	 81	 50	 21	 86	  0	 18	  0	  0	  0	  0	  0	  0	  0	  0	  0	  0	  0	  5	21812	  0
01/03/2017	23:48:35	->	L	00000000	 27	 85	 50	 19	  0	183	  0	  4	  4	  4	  4	  4	  4	  4	  4	  0	  0	  0	  0	  0	  0	  0	  0	  0	  0	  0	  0	  0	  0	  0	  0	  0	  0	  0	  0	  0	  0	  0	  0	 80	 50	 22	 85	  0	 19	  0	  0	  0	  0	  0	  0	  0	  0	  0	  0	  0	  5	21812	  0
01/03/2017	23:53:35	->	L	00000000	 27	 85	 50	 19	  0	188	  0	  4	  4	  4	  4	  4	  4	  4	  4	  0	  0	  0	  0	  0	  0	  0	  0	  0	  0	  0	  0	  0	  0	  0	  0	  0	  0	  0	  0	  0	  0	  0	  0	 81	 50	 21	 85	  0	 19	  0	  0	  0	  0	  0	  0	  0	  0	  0	  0	  0	  5	21812	  0
01/03/2017	23:58:35	->	L	00000000	 27	 87	 50	 18	  0	193	  0	  4	  4	  4	  4	  4	  4	  4	  4	  0	  0	  0	  0	  0	  0	  0	  0	  0	  0	  0	  0	  0	  0	  0	  0	  0	  0	  0	  0	  0	  0	  0	  0	 81	 50	 21	 87	  0	 17	  0	  0	  0	  0	  0	  0	  0	  0	  0	  0	  0	  5	21812	  0
02/03/2017	00:03:35	->	L	00000000	 27	 84	 50	 19	  0	198	  0	  4	  4	  4	  4	  4	  4	  4	  4	  0	  0	  0	  0	  0	  0	  0	  0	  0	  0	  0	  0	  0	  0	  0	  0	  0	  0	  0	  0	  0	  0	  0	  0	 81	 50	 21	 84	  0	 19	  0	  0	  0	  0	  0	  0	  0	  0	  0	  0	  0	  5	21812	  0
02/03/2017	00:08:35	->	L	00000000	 27	 87	 50	 18	  0	203	  0	  4	  4	  4	  4	  4	  4	  4	  4	  0	  0	  0	  0	  0	  0	  0	  0	  0	  0	  0	  0	  0	  0	  0	  0	  0	  0	  0	  0	  0	  0	  0	  0	 81	 50	 21	 87	  0	 17	  0	  0	  0	  0	  0	  0	  0	  0	  0	  0	  0	  5	21812	  0
02/03/2017	00:13:35	->	L	00000000	 27	 85	 50	 19	  0	208	  0	  4	  4	  4	  4	  4	  4	  4	  4	  0	  0	  0	  0	  0	  0	  0	  0	  0	  0	  0	  0	  0	  0	  0	  0	  0	  0	  0	  0	  0	  0	  0	  0	 81	 50	 21	 85	  0	 19	  0	  0	  0	  0	  0	  0	  0	  0	  0	  0	  0	  5	21812	  0
02/03/2017	00:18:35	->	L	00000000	 27	 87	 50	 17	  0	213	  0	  4	  4	  4	  4	  4	  4	  4	  4	  0	  0	  0	  0	  0	  0	  0	  0	  0	  0	  0	  0	  0	  0	  0	  0	  0	  0	  0	  0	  0	  0	  0	  0	 81	 50	 21	 87	  0	 17	  0	  0	  0	  0	  0	  0	  0	  0	  0	  0	  0	  5	21812	  0
02/03/2017	00:23:35	->	L	00000000	 27	 84	 50	 19	  0	218	  0	  4	  4	  4	  4	  4	  4	  4	  4	  0	  0	  0	  0	  0	  0	  0	  0	  0	  0	  0	  0	  0	  0	  0	  0	  0	  0	  0	  0	  0	  0	  0	  0	 80	 50	 22	 84	  0	 19	  0	  0	  0	  0	  0	  0	  0	  0	  0	  0	  0	  5	21812	  0
02/03/2017	00:28:35	->	L	00000000	 27	 85	 50	 18	  0	223	  0	  4	  4	  4	  4	  4	  4	  4	  4	  0	  0	  0	  0	  0	  0	  0	  0	  0	  0	  0	  0	  0	  0	  0	  0	  0	  0	  0	  0	  0	  0	  0	  0	 81	 50	 21	 85	  0	 19	  0	  0	  0	  0	  0	  0	  0	  0	  0	  0	  0	  5	21812	  0
02/03/2017	00:33:35	->	L	00000000	 27	 86	 50	 17	  0	228	  0	  4	  4	  4	  4	  4	  4	  4	  4	  0	  0	  0	  0	  0	  0	  0	  0	  0	  0	  0	  0	  0	  0	  0	  0	  0	  0	  0	  0	  0	  0	  0	  0	 81	 50	 21	 86	  0	 18	  0	  0	  0	  0	  0	  0	  0	  0	  0	  0	  0	  5	21812	  0
02/03/2017	00:38:35	->	L	00000000	 27	 83	 49	 20	  0	233	  0	  4	  4	  4	  4	  4	  4	  4	  4	  0	  0	  0	  0	  0	  0	  0	  0	  0	  0	  0	  0	  0	  0	  0	  0	  0	  0	  0	  0	  0	  0	  0	  0	 80	 49	 21	 83	  0	 19	  0	  0	  0	  0	  0	  0	  0	  0	  0	  0	  0	  5	21812	  0
02/03/2017	00:43:35	->	L	00000000	 27	 85	 49	 17	  0	238	  0	  4	  4	  4	  4	  4	  4	  4	  4	  0	  0	  0	  0	  0	  0	  0	  0	  0	  0	  0	  0	  0	  0	  0	  0	  0	  0	  0	  0	  0	  0	  0	  0	 80	 49	 21	 85	  0	 18	  0	  0	  0	  0	  0	  0	  0	  0	  0	  0	  0	  5	21810	  0
02/03/2017	00:48:35	->	L	00000000	 27	 85	 49	 18	  0	243	  0	  4	  4	  4	  4	  4	  4	  4	  4	  0	  0	  0	  0	  0	  0	  0	  0	  0	  0	  0	  0	  0	  0	  0	  0	  0	  0	  0	  0	  0	  0	  0	  0	 80	 49	 21	 85	  0	 18	  0	  0	  0	  0	  0	  0	  0	  0	  0	  0	  0	  5	21810	  0
02/03/2017	00:53:35	->	L	00000000	 27	 84	 49	 18	  0	248	  0	  4	  4	  4	  4	  4	  4	  4	  4	  0	  0	  0	  0	  0	  0	  0	  0	  0	  0	  0	  0	  0	  0	  0	  0	  0	  0	  0	  0	  0	  0	  0	  0	 80	 49	 21	 84	  0	 18	  0	  0	  0	  0	  0	  0	  0	  0	  0	  0	  0	  5	21810	  0
02/03/2017	00:58:35	<-	L	00000000	 27	 85	 51	 19	  0	253	  0	  4	  4	  4	  4	  4	  4	  4	  4	  0	  0	  0	  0	  0	  0	  0	  0	  0	  0	  0	  0	  0	  0	  0	  0	  0	  0	  0	  0	  0	  0	  0	  0	 85	 51	 20	 76	  0	 26	  0	  0	  0	  0	  0	  0	  0	  0	  0	  0	  0	  5	21810	  0
02/03/2017	01:03:35	<-	L	00000000	 27	 86	 51	 19	  0	258	  0	  4	  4	  4	  4	  4	  4	  4	  4	  0	  0	  0	  0	  0	  0	  0	  0	  0	  0	  0	  0	  0	  0	  0	  0	  0	  0	  0	  0	  0	  0	  0	  0	 86	 51	 19	 77	  0	 27	  0	  0	  0	  0	  0	  0	  0	  0	  0	  0	  0	  5	21810	  0
02/03/2017	01:08:35	<-	L	00000000	 27	 82	 50	 20	  0	263	  0	  4	  4	  4	  4	  4	  4	  4	  4	  0	  0	  0	  0	  0	  0	  0	  0	  0	  0	  0	  0	  0	  0	  0	  0	  0	  0	  0	  0	  0	  0	  0	  0	 82	 50	 21	 73	  0	 27	  0	  0	  0	  0	  0	  0	  0	  0	  0	  0	  0	  5	21810	  0
02/03/2017	01:13:35	<-	L	00000000	 27	 87	 51	 18	  0	268	  0	  4	  4	  4	  4	  4	  4	  4	  4	  0	  0	  0	  0	  0	  0	  0	  0	  0	  0	  0	  0	  0	  0	  0	  0	  0	  0	  0	  0	  0	  0	  0	  0	 87	 51	 18	 77	  0	 27	  0	  0	  0	  0	  0	  0	  0	  0	  0	  0	  0	  5	21810	  0
02/03/2017	01:18:35	<-	L	00000000	 27	 83	 50	 20	  0	273	  0	  4	  4	  4	  4	  4	  4	  4	  4	  0	  0	  0	  0	  0	  0	  0	  0	  0	  0	  0	  0	  0	  0	  0	  0	  0	  0	  0	  0	  0	  0	  0	  0	 83	 50	 20	 75	  0	 25	  0	  0	  0	  0	  0	  0	  0	  0	  0	  0	  0	  5	21810	  0
02/03/2017	01:23:35	<-	L	00000000	 27	 86	 51	 18	  0	278	  0	  4	  4	  4	  4	  4	  4	  4	  4	  0	  0	  0	  0	  0	  0	  0	  0	  0	  0	  0	  0	  0	  0	  0	  0	  0	  0	  0	  0	  0	  0	  0	  0	 86	 51	 19	 76	  0	 26	  0	  0	  0	  0	  0	  0	  0	  0	  0	  0	  0	  5	21810	  0
02/03/2017	01:28:35	<-	L	00000000	 27	 85	 50	 19	  0	283	  0	  4	  4	  4	  4	  4	  4	  4	  4	  0	  0	  0	  0	  0	  0	  0	  0	  0	  0	  0	  0	  0	  0	  0	  0	  0	  0	  0	  0	  0	  0	  0	  0	 85	 50	 19	 76	  0	 26	  0	  0	  0	  0	  0	  0	  0	  0	  0	  0	  0	  5	21810	  0
02/03/2017	01:33:35	<-	L	00000000	 27	 83	 50	 19	  0	288	  0	  4	  4	  4	  4	  4	  4	  4	  4	  0	  0	  0	  0	  0	  0	  0	  0	  0	  0	  0	  0	  0	  0	  0	  0	  0	  0	  0	  0	  0	  0	  0	  0	 83	 50	 20	 73	  0	 27	  0	  0	  0	  0	  0	  0	  0	  0	  0	  0	  0	  5	21810	  0
02/03/2017	01:38:35	<-	L	00000000	 27	 88	 51	 18	  0	293	  0	  4	  4	  4	  4	  4	  4	  4	  4	  0	  0	  0	  0	  0	  0	  0	  0	  0	  0	  0	  0	  0	  0	  0	  0	  0	  0	  0	  0	  0	  0	  0	  0	 88	 51	 18	 77	  0	 27	  0	  0	  0	  0	  0	  0	  0	  0	  0	  0	  0	  5	21810	  0
02/03/2017	01:43:35	<-	L	00000000	 27	 83	 49	 20	  0	298	  0	  4	  4	  4	  4	  4	  4	  4	  4	  0	  0	  0	  0	  0	  0	  0	  0	  0	  0	  0	  0	  0	  0	  0	  0	  0	  0	  0	  0	  0	  0	  0	  0	 83	 49	 19	 74	  0	 25	  0	  0	  0	  0	  0	  0	  0	  0	  0	  0	  0	  5	21810	  0
02/03/2017	01:48:35	<-	L	00000000	 27	 88	 51	 17	  0	303	  0	  4	  4	  4	  4	  4	  4	  4	  4	  0	  0	  0	  0	  0	  0	  0	  0	  0	  0	  0	  0	  0	  0	  0	  0	  0	  0	  0	  0	  0	  0	  0	  0	 88	 51	 18	 75	  0	 28	  0	  0	  0	  0	  0	  0	  0	  0	  0	  0	  0	  5	21810	  0
02/03/2017	01:53:35	<-	L	00000000	 27	 83	 50	 20	  0	308	  0	  4	  4	  4	  4	  4	  4	  4	  4	  0	  0	  0	  0	  0	  0	  0	  0	  0	  0	  0	  0	  0	  0	  0	  0	  0	  0	  0	  0	  0	  0	  0	  0	 83	 50	 20	 74	  0	 27	  0	  0	  0	  0	  0	  0	  0	  0	  0	  0	  0	  5	21810	  0
02/03/2017	01:58:35	<-	L	00000000	 27	 88	 51	 17	  0	313	  0	  4	  4	  4	  4	  4	  4	  4	  4	  0	  0	  0	  0	  0	  0	  0	  0	  0	  0	  0	  0	  0	  0	  0	  0	  0	  0	  0	  0	  0	  0	  0	  0	 88	 51	 18	 76	  0	 26	  0	  0	  0	  0	  0	  0	  0	  0	  0	  0	  0	  5	21810	  0
02/03/2017	02:03:35	<-	L	00000000	 27	 86	 50	 19	  0	318	  0	  4	  4	  4	  4	  4	  4	  4	  4	  0	  0	  0	  0	  0	  0	  0	  0	  0	  0	  0	  0	  0	  0	  0	  0	  0	  0	  0	  0	  0	  0	  0	  0	 86	 50	 18	 76	  0	 26	  0	  0	  0	  0	  0	  0	  0	  0	  0	  0	  0	  5	21810	  0
02/03/2017	02:08:35	<-	L	00000000	 27	 87	 51	 17	  0	323	  0	  4	  4	  4	  4	  4	  4	  4	  4	  0	  0	  0	  0	  0	  0	  0	  0	  0	  0	  0	  0	  0	  0	  0	  0	  0	  0	  0	  0	  0	  0	  0	  0	 87	 51	 18	 76	  0	 26	  0	  0	  0	  0	  0	  0	  0	  0	  0	  0	  0	  5	21810	  0
02/03/2017	02:13:35	<-	L	00000000	 27	 86	 50	 19	  0	328	  0	  4	  4	  4	  4	  4	  4	  4	  4	  0	  0	  0	  0	  0	  0	  0	  0	  0	  0	  0	  0	  0	  0	  0	  0	  0	  0	  0	  0	  0	  0	  0	  0	 86	 50	 18	 76	  0	 26	  0	  0	  0	  0	  0	  0	  0	  0	  0	  0	  0	  5	21810	  0
02/03/2017	02:18:35	<-	L	00000000	 27	 86	 51	 18	  0	333	  0	  4	  4	  4	  4	  4	  4	  4	  4	  0	  0	  0	  0	  0	  0	  0	  0	  0	  0	  0	  0	  0	  0	  0	  0	  0	  0	  0	  0	  0	  0	  0	  0	 86	 51	 19	 74	  0	 27	  0	  0	  0	  0	  0	  0	  0	  0	  0	  0	  0	  5	21810	  0
02/03/2017	02:23:35	<-	L	00000000	 27	 85	 50	 19	  0	338	  0	  4	  4	  4	  4	  4	  4	  4	  4	  0	  0	  0	  0	  0	  0	  0	  0	  0	  0	  0	  0	  0	  0	  0	  0	  0	  0	  0	  0	  0	  0	  0	  0	 85	 50	 19	 76	  0	 26	  0	  0	  0	  0	  0	  0	  0	  0	  0	  0	  0	  5	21810	  0
02/03/2017	02:28:35	<-	L	00000000	 27	 85	 51	 19	  0	343	  0	  4	  4	  4	  4	  4	  4	  4	  4	  0	  0	  0	  0	  0	  0	  0	  0	  0	  0	  0	  0	  0	  0	  0	  0	  0	  0	  0	  0	  0	  0	  0	  0	 85	 51	 20	 74	  0	 27	  0	  0	  0	  0	  0	  0	  0	  0	  0	  0	  0	  5	21810	  0
02/03/2017	02:33:35	<-	L	00000000	 27	 89	 51	 17	  0	348	  0	  4	  4	  4	  4	  4	  4	  4	  4	  0	  0	  0	  0	  0	  0	  0	  0	  0	  0	  0	  0	  0	  0	  0	  0	  0	  0	  0	  0	  0	  0	  0	  0	 89	 51	 17	 77	  0	 27	  0	  0	  0	  0	  0	  0	  0	  0	  0	  0	  0	  5	21810	  0
02/03/2017	02:38:35	<-	L	00000000	 27	 82	 50	 20	  0	353	  0	  4	  4	  4	  4	  4	  4	  4	  4	  0	  0	  0	  0	  0	  0	  0	  0	  0	  0	  0	  0	  0	  0	  0	  0	  0	  0	  0	  0	  0	  0	  0	  0	 82	 50	 21	 73	  0	 27	  0	  0	  0	  0	  0	  0	  0	  0	  0	  0	  0	  5	21810	  0
02/03/2017	02:43:35	<-	L	00000000	 27	 89	 52	 18	  0	358	  0	  4	  4	  4	  4	  4	  4	  4	  4	  0	  0	  0	  0	  0	  0	  0	  0	  0	  0	  0	  0	  0	  0	  0	  0	  0	  0	  0	  0	  0	  0	  0	  0	 89	 52	 18	 76	  0	 28	  0	  0	  0	  0	  0	  0	  0	  0	  0	  0	  0	  5	21810	  0
02/03/2017	02:48:35	<-	L	00000000	 28	 84	 50	 19	  0	  2	  0	  4	  4	  4	  4	  4	  4	  4	  4	  0	  0	  0	  0	  0	  0	  0	  0	  0	  0	  0	  0	  0	  0	  0	  0	  0	  0	  0	  0	  0	  0	  0	  0	 84	 50	 19	 75	  0	 25	  0	  0	  0	  0	  0	  0	  0	  0	  0	  0	  0	  5	21810	  0
02/03/2017	02:53:35	<-	L	00000000	 28	 86	 51	 18	  0	  7	  0	  4	  4	  4	  4	  4	  4	  4	  4	  0	  0	  0	  0	  0	  0	  0	  0	  0	  0	  0	  0	  0	  0	  0	  0	  0	  0	  0	  0	  0	  0	  0	  0	 86	 51	 19	 75	  0	 28	  0	  0	  0	  0	  0	  0	  0	  0	  0	  0	  0	  5	21810	  0
02/03/2017	02:58:35	<-	L	00000000	 28	 86	 51	 20	  0	 12	  0	  4	  4	  4	  4	  4	  4	  4	  4	  0	  0	  0	  0	  0	  0	  0	  0	  0	  0	  0	  0	  0	  0	  0	  0	  0	  0	  0	  0	  0	  0	  0	  0	 86	 51	 19	 76	  0	 26	  0	  0	  0	  0	  0	  0	  0	  0	  0	  0	  0	  5	21810	  0
02/03/2017	03:03:35	<-	L	00000000	 28	 83	 50	 20	  0	 17	  0	  4	  4	  4	  4	  4	  4	  4	  4	  0	  0	  0	  0	  0	  0	  0	  0	  0	  0	  0	  0	  0	  0	  0	  0	  0	  0	  0	  0	  0	  0	  0	  0	 83	 50	 20	 73	  0	 27	  0	  0	  0	  0	  0	  0	  0	  0	  0	  0	  0	  5	21810	  0
02/03/2017	03:08:35	<-	L	00000000	 28	 88	 52	 19	  0	 22	  0	  4	  4	  4	  4	  4	  4	  4	  4	  0	  0	  0	  0	  0	  0	  0	  0	  0	  0	  0	  0	  0	  0	  0	  0	  0	  0	  0	  0	  0	  0	  0	  0	 88	 52	 19	 76	  0	 28	  0	  0	  0	  0	  0	  0	  0	  0	  0	  0	  0	  5	21810	  0
02/03/2017	03:13:35	<-	L	00000000	 28	 82	 50	 21	  0	 27	  0	  4	  4	  4	  4	  4	  4	  4	  4	  0	  0	  0	  0	  0	  0	  0	  0	  0	  0	  0	  0	  0	  0	  0	  0	  0	  0	  0	  0	  0	  0	  0	  0	 82	 50	 21	 73	  0	 27	  0	  0	  0	  0	  0	  0	  0	  0	  0	  0	  0	  5	21810	  0
02/03/2017	03:18:35	<-	L	00000000	 28	 87	 52	 19	  0	 32	  0	  4	  4	  4	  4	  4	  4	  4	  4	  0	  0	  0	  0	  0	  0	  0	  0	  0	  0	  0	  0	  0	  0	  0	  0	  0	  0	  0	  0	  0	  0	  0	  0	 87	 52	 19	 74	  0	 30	  0	  0	  0	  0	  0	  0	  0	  0	  0	  0	  0	  5	21810	  0
02/03/2017	03:23:35	<-	L	00000000	 28	 83	 51	 21	  0	 37	  0	  4	  4	  4	  4	  4	  4	  4	  4	  0	  0	  0	  0	  0	  0	  0	  0	  0	  0	  0	  0	  0	  0	  0	  0	  0	  0	  0	  0	  0	  0	  0	  0	 83	 51	 21	 73	  0	 30	  0	  0	  0	  0	  0	  0	  0	  0	  0	  0	  0	  5	21810	  0
02/03/2017	03:28:36	<-	L	00000000	 28	 85	 51	 20	  0	 42	  0	  4	  4	  4	  4	  4	  4	  4	  4	  0	  0	  0	  0	  0	  0	  0	  0	  0	  0	  0	  0	  0	  0	  0	  0	  0	  0	  0	  0	  0	  0	  0	  0	 85	 51	 20	 72	  0	 31	  0	  0	  0	  0	  0	  0	  0	  0	  0	  0	  0	  5	21810	  0
02/03/2017	03:33:36	<-	L	00000000	 28	 88	 51	 18	  0	 47	  0	  4	  4	  4	  4	  4	  4	  4	  4	  0	  0	  0	  0	  0	  0	  0	  0	  0	  0	  0	  0	  0	  0	  0	  0	  0	  0	  0	  0	  0	  0	  0	  0	 88	 51	 18	 76	  0	 26	  0	  0	  0	  0	  0	  0	  0	  0	  0	  0	  0	  5	21810	  0
02/03/2017	03:38:36	<-	L	00000000	 28	 84	 50	 20	  0	 52	  0	  4	  4	  4	  4	  4	  4	  4	  4	  0	  0	  0	  0	  0	  0	  0	  0	  0	  0	  0	  0	  0	  0	  0	  0	  0	  0	  0	  0	  0	  0	  0	  0	 84	 50	 19	 74	  0	 27	  0	  0	  0	  0	  0	  0	  0	  0	  0	  0	  0	  5	21810	  0
02/03/2017	03:53:36	<-	L	00000000	 28	 79	 43	 14	  0	 61	  0	  4	  4	  4	  4	  4	  4	  4	  4	  0	  0	  0	  0	  0	  0	  0	  0	  0	  0	  0	  0	  0	  0	  0	  0	  0	  0	  0	  0	  0	  0	  0	  0	 79	 43	 15	 73	  0	 18	  0	  0	  0	  0	  0	  0	  0	  0	  0	  0	  0	  5	21810	  0
02/03/2017	03:58:36	<-	L	00000000	 28	 88	 50	 16	  0	 66	  0	  4	  4	  4	  4	  4	  4	  4	  4	  0	  0	  0	  0	  0	  0	  0	  0	  0	  0	  0	  0	  0	  0	  0	  0	  0	  0	  0	  0	  0	  0	  0	  0	 88	 50	 17	 78	  0	 23	  0	  0	  0	  0	  0	  0	  0	  0	  0	  0	  0	  5	21810	  0
02/03/2017	04:03:36	<-	L	00000000	 28	 85	 50	 18	  0	 71	  0	  4	  4	  4	  4	  4	  4	  4	  4	  0	  0	  0	  0	  0	  0	  0	  0	  0	  0	  0	  0	  0	  0	  0	  0	  0	  0	  0	  0	  0	  0	  0	  0	 85	 50	 19	 76	  0	 26	  0	  0	  0	  0	  0	  0	  0	  0	  0	  0	  0	  5	21810	  0
02/03/2017	04:08:36	<-	L	00000000	 28	 84	 49	 19	  0	 76	  0	  4	  4	  4	  4	  4	  4	  4	  4	  0	  0	  0	  0	  0	  0	  0	  0	  0	  0	  0	  0	  0	  0	  0	  0	  0	  0	  0	  0	  0	  0	  0	  0	 84	 49	 18	 76	  0	 24	  0	  0	  0	  0	  0	  0	  0	  0	  0	  0	  0	  5	21810	  0
02/03/2017	04:13:36	<-	L	00000000	 28	 88	 51	 17	  0	 81	  0	  4	  4	  4	  4	  4	  4	  4	  4	  0	  0	  0	  0	  0	  0	  0	  0	  0	  0	  0	  0	  0	  0	  0	  0	  0	  0	  0	  0	  0	  0	  0	  0	 88	 51	 18	 78	  0	 25	  0	  0	  0	  0	  0	  0	  0	  0	  0	  0	  0	  5	21810	  0
02/03/2017	04:18:36	<-	L	00000000	 28	 84	 50	 19	  0	 86	  0	  4	  4	  4	  4	  4	  4	  4	  4	  0	  0	  0	  0	  0	  0	  0	  0	  0	  0	  0	  0	  0	  0	  0	  0	  0	  0	  0	  0	  0	  0	  0	  0	 84	 50	 19	 75	  0	 25	  0	  0	  0	  0	  0	  0	  0	  0	  0	  0	  0	  5	21810	  0
02/03/2017	04:23:36	<-	L	00000000	 28	 87	 50	 18	  0	 91	  0	  4	  4	  4	  4	  4	  4	  4	  4	  0	  0	  0	  0	  0	  0	  0	  0	  0	  0	  0	  0	  0	  0	  0	  0	  0	  0	  0	  0	  0	  0	  0	  0	 87	 50	 17	 78	  0	 23	  0	  0	  0	  0	  0	  0	  0	  0	  0	  0	  0	  5	21810	  0
02/03/2017	04:28:36	<-	L	00000000	 28	 85	 50	 19	  0	 96	  0	  4	  4	  4	  4	  4	  4	  4	  4	  0	  0	  0	  0	  0	  0	  0	  0	  0	  0	  0	  0	  0	  0	  0	  0	  0	  0	  0	  0	  0	  0	  0	  0	 85	 50	 19	 76	  0	 26	  0	  0	  0	  0	  0	  0	  0	  0	  0	  0	  0	  5	21810	  0
02/03/2017	04:33:36	<-	L	00000000	 28	 88	 50	 17	  0	101	  0	  4	  4	  4	  4	  4	  4	  4	  4	  0	  0	  0	  0	  0	  0	  0	  0	  0	  0	  0	  0	  0	  0	  0	  0	  0	  0	  0	  0	  0	  0	  0	  0	 88	 50	 17	 78	  0	 23	  0	  0	  0	  0	  0	  0	  0	  0	  0	  0	  0	  5	21810	  0
02/03/2017	04:38:36	<-	L	00000000	 28	 86	 51	 18	  0	106	  0	  4	  4	  4	  4	  4	  4	  4	  4	  0	  0	  0	  0	  0	  0	  0	  0	  0	  0	  0	  0	  0	  0	  0	  0	  0	  0	  0	  0	  0	  0	  0	  0	 86	 51	 19	 76	  0	 26	  0	  0	  0	  0	  0	  0	  0	  0	  0	  0	  0	  5	21810	  0
02/03/2017	04:43:36	<-	L	00000000	 28	 85	 50	 19	  0	111	  0	  4	  4	  4	  4	  4	  4	  4	  4	  0	  0	  0	  0	  0	  0	  0	  0	  0	  0	  0	  0	  0	  0	  0	  0	  0	  0	  0	  0	  0	  0	  0	  0	 85	 50	 19	 77	  0	 24	  0	  0	  0	  0	  0	  0	  0	  0	  0	  0	  0	  5	21810	  0
02/03/2017	04:48:36	<-	L	00000000	 28	 87	 51	 18	  0	116	  0	  4	  4	  4	  4	  4	  4	  4	  4	  0	  0	  0	  0	  0	  0	  0	  0	  0	  0	  0	  0	  0	  0	  0	  0	  0	  0	  0	  0	  0	  0	  0	  0	 87	 51	 18	 77	  0	 27	  0	  0	  0	  0	  0	  0	  0	  0	  0	  0	  0	  5	21810	  0
02/03/2017	04:53:36	<-	L	00000000	 28	 84	 50	 19	  0	121	  0	  4	  4	  4	  4	  4	  4	  4	  4	  0	  0	  0	  0	  0	  0	  0	  0	  0	  0	  0	  0	  0	  0	  0	  0	  0	  0	  0	  0	  0	  0	  0	  0	 84	 50	 19	 76	  0	 26	  0	  0	  0	  0	  0	  0	  0	  0	  0	  0	  0	  5	21810	  0
02/03/2017	04:58:36	<-	L	00000000	 28	 88	 51	 17	  0	126	  0	  4	  4	  4	  4	  4	  4	  4	  4	  0	  0	  0	  0	  0	  0	  0	  0	  0	  0	  0	  0	  0	  0	  0	  0	  0	  0	  0	  0	  0	  0	  0	  0	 88	 51	 18	 77	  0	 27	  0	  0	  0	  0	  0	  0	  0	  0	  0	  0	  0	  5	21810	  0
02/03/2017	05:03:36	->	L	00000000	 28	 86	 49	 16	  0	131	  0	  4	  4	  4	  4	  4	  4	  4	  4	  0	  0	  0	  0	  0	  0	  0	  0	  0	  0	  0	  0	  0	  0	  0	  0	  0	  0	  0	  0	  0	  0	  0	  0	 86	 49	 17	 85	  0	 18	  0	  0	  0	  0	  0	  0	  0	  0	  0	  0	  0	  5	21810	  0
02/03/2017	05:08:36	->	L	00000000	 28	 84	 47	 16	  0	136	  0	  4	  4	  4	  4	  4	  4	  4	  4	  0	  0	  0	  0	  0	  0	  0	  0	  0	  0	  0	  0	  0	  0	  0	  0	  0	  0	  0	  0	  0	  0	  0	  0	 82	 47	 18	 84	  0	 16	  0	  0	  0	  0	  0	  0	  0	  0	  0	  0	  0	  5	21810	  0
02/03/2017	05:13:36	->	L	00000000	 28	 88	 47	 14	  0	141	  0	  4	  4	  4	  4	  4	  4	  4	  4	  0	  0	  0	  0	  0	  0	  0	  0	  0	  0	  0	  0	  0	  0	  0	  0	  0	  0	  0	  0	  0	  0	  0	  0	 83	 47	 17	 88	  0	 14	  0	  0	  0	  0	  0	  0	  0	  0	  0	  0	  0	  5	21810	  0
02/03/2017	05:18:36	->	L	00000000	 28	 88	 48	 14	  0	146	  0	  4	  4	  4	  4	  4	  4	  4	  4	  0	  0	  0	  0	  0	  0	  0	  0	  0	  0	  0	  0	  0	  0	  0	  0	  0	  0	  0	  0	  0	  0	  0	  0	 84	 48	 17	 88	  0	 15	  0	  0	  0	  0	  0	  0	  0	  0	  0	  0	  0	  5	21810	  0
02/03/2017	05:23:36	->	L	00000000	 28	 86	 47	 15	  0	151	  0	  4	  4	  4	  4	  4	  4	  4	  4	  0	  0	  0	  0	  0	  0	  0	  0	  0	  0	  0	  0	  0	  0	  0	  0	  0	  0	  0	  0	  0	  0	  0	  0	 82	 47	 18	 86	  0	 15	  0	  0	  0	  0	  0	  0	  0	  0	  0	  0	  0	  5	21810	  0
02/03/2017	05:28:36	->	L	00000000	 28	 84	 47	 16	  0	156	  0	  4	  4	  4	  4	  4	  4	  4	  4	  0	  0	  0	  0	  0	  0	  0	  0	  0	  0	  0	  0	  0	  0	  0	  0	  0	  0	  0	  0	  0	  0	  0	  0	 81	 47	 18	 84	  0	 16	  0	  0	  0	  0	  0	  0	  0	  0	  0	  0	  0	  5	21810	  0
02/03/2017	05:33:36	->	L	00000000	 28	 88	 47	 14	  0	161	  0	  4	  4	  4	  4	  4	  4	  4	  4	  0	  0	  0	  0	  0	  0	  0	  0	  0	  0	  0	  0	  0	  0	  0	  0	  0	  0	  0	  0	  0	  0	  0	  0	 83	 47	 17	 88	  0	 14	  0	  0	  0	  0	  0	  0	  0	  0	  0	  0	  0	  5	21810	  0
02/03/2017	05:38:36	->	L	00000000	 28	 85	 47	 16	  0	166	  0	  4	  4	  4	  4	  4	  4	  4	  4	  0	  0	  0	  0	  0	  0	  0	  0	  0	  0	  0	  0	  0	  0	  0	  0	  0	  0	  0	  0	  0	  0	  0	  0	 82	 47	 18	 85	  0	 16	  0	  0	  0	  0	  0	  0	  0	  0	  0	  0	  0	  5	21810	  0
02/03/2017	05:43:36	->	L	00000000	 28	 86	 47	 16	  0	171	  0	  4	  4	  4	  4	  4	  4	  4	  4	  0	  0	  0	  0	  0	  0	  0	  0	  0	  0	  0	  0	  0	  0	  0	  0	  0	  0	  0	  0	  0	  0	  0	  0	 82	 47	 18	 86	  0	 15	  0	  0	  0	  0	  0	  0	  0	  0	  0	  0	  0	  5	21810	  0
02/03/2017	05:48:36	->	L	00000000	 28	 86	 47	 15	  0	176	  0	  4	  4	  4	  4	  4	  4	  4	  4	  0	  0	  0	  0	  0	  0	  0	  0	  0	  0	  0	  0	  0	  0	  0	  0	  0	  0	  0	  0	  0	  0	  0	  0	 82	 47	 18	 86	  0	 15	  0	  0	  0	  0	  0	  0	  0	  0	  0	  0	  0	  5	21810	  0
02/03/2017	05:53:36	->	L	00000000	 28	 85	 47	 16	  0	181	  0	  4	  4	  4	  4	  4	  4	  4	  4	  0	  0	  0	  0	  0	  0	  0	  0	  0	  0	  0	  0	  0	  0	  0	  0	  0	  0	  0	  0	  0	  0	  0	  0	 81	 47	 18	 85	  0	 16	  0	  0	  0	  0	  0	  0	  0	  0	  0	  0	  0	  5	21810	  0
02/03/2017	05:58:36	->	L	00000000	 28	 86	 47	 15	  0	186	  0	  4	  4	  4	  4	  4	  4	  4	  4	  0	  0	  0	  0	  0	  0	  0	  0	  0	  0	  0	  0	  0	  0	  0	  0	  0	  0	  0	  0	  0	  0	  0	  0	 82	 47	 18	 86	  0	 15	  0	  0	  0	  0	  0	  0	  0	  0	  0	  0	  0	  5	21810	  0
02/03/2017	06:03:36	->	L	00000000	 28	 86	 47	 16	  0	191	  0	  4	  4	  4	  4	  4	  4	  4	  4	  0	  0	  0	  0	  0	  0	  0	  0	  0	  0	  0	  0	  0	  0	  0	  0	  0	  0	  0	  0	  0	  0	  0	  0	 81	 47	 18	 86	  0	 15	  0	  0	  0	  0	  0	  0	  0	  0	  0	  0	  0	  5	21810	  0
02/03/2017	06:08:36	->	L	00000000	 28	 87	 47	 14	  0	196	  0	  4	  4	  4	  4	  4	  4	  4	  4	  0	  0	  0	  0	  0	  0	  0	  0	  0	  0	  0	  0	  0	  0	  0	  0	  0	  0	  0	  0	  0	  0	  0	  0	 82	 47	 18	 87	  0	 14	  0	  0	  0	  0	  0	  0	  0	  0	  0	  0	  0	  5	21810	  0
02/03/2017	06:13:36	->	L	00000000	 28	 84	 47	 16	  0	201	  0	  4	  4	  4	  4	  4	  4	  4	  4	  0	  0	  0	  0	  0	  0	  0	  0	  0	  0	  0	  0	  0	  0	  0	  0	  0	  0	  0	  0	  0	  0	  0	  0	 82	 47	 18	 84	  0	 16	  0	  0	  0	  0	  0	  0	  0	  0	  0	  0	  0	  5	21810	  0
02/03/2017	06:18:36	->	L	00000000	 28	 86	 47	 16	  0	206	  0	  4	  4	  4	  4	  4	  4	  4	  4	  0	  0	  0	  0	  0	  0	  0	  0	  0	  0	  0	  0	  0	  0	  0	  0	  0	  0	  0	  0	  0	  0	  0	  0	 82	 47	 18	 86	  0	 15	  0	  0	  0	  0	  0	  0	  0	  0	  0	  0	  0	  5	21810	  0
02/03/2017	06:23:36	->	L	00000000	 28	 87	 47	 14	  0	211	  0	  4	  4	  4	  4	  4	  4	  4	  4	  0	  0	  0	  0	  0	  0	  0	  0	  0	  0	  0	  0	  0	  0	  0	  0	  0	  0	  0	  0	  0	  0	  0	  0	 83	 47	 17	 87	  0	 14	  0	  0	  0	  0	  0	  0	  0	  0	  0	  0	  0	  5	21810	  0
02/03/2017	06:28:36	->	L	00000000	 28	 85	 47	 16	  0	216	  0	  4	  4	  4	  4	  4	  4	  4	  4	  0	  0	  0	  0	  0	  0	  0	  0	  0	  0	  0	  0	  0	  0	  0	  0	  0	  0	  0	  0	  0	  0	  0	  0	 82	 47	 18	 85	  0	 16	  0	  0	  0	  0	  0	  0	  0	  0	  0	  0	  0	  5	21810	  0
02/03/2017	06:33:36	->	L	00000000	 28	 86	 47	 16	  0	221	  0	  4	  4	  4	  4	  4	  4	  4	  4	  0	  0	  0	  0	  0	  0	  0	  0	  0	  0	  0	  0	  0	  0	  0	  0	  0	  0	  0	  0	  0	  0	  0	  0	 82	 47	 18	 86	  0	 15	  0	  0	  0	  0	  0	  0	  0	  0	  0	  0	  0	  5	21810	  0
02/03/2017	06:38:36	->	L	00000000	 28	 87	 47	 14	  0	226	  0	  4	  4	  4	  4	  4	  4	  4	  4	  0	  0	  0	  0	  0	  0	  0	  0	  0	  0	  0	  0	  0	  0	  0	  0	  0	  0	  0	  0	  0	  0	  0	  0	 83	 47	 17	 87	  0	 14	  0	  0	  0	  0	  0	  0	  0	  0	  0	  0	  0	  5	21810	  0
02/03/2017	06:43:36	->	L	00000000	 28	 85	 47	 16	  0	231	  0	  4	  4	  4	  4	  4	  4	  4	  4	  0	  0	  0	  0	  0	  0	  0	  0	  0	  0	  0	  0	  0	  0	  0	  0	  0	  0	  0	  0	  0	  0	  0	  0	 82	 47	 18	 85	  0	 16	  0	  0	  0	  0	  0	  0	  0	  0	  0	  0	  0	  5	21810	  0
02/03/2017	06:48:36	->	L	00000000	 28	 86	 47	 16	  0	236	  0	  4	  4	  4	  4	  4	  4	  4	  4	  0	  0	  0	  0	  0	  0	  0	  0	  0	  0	  0	  0	  0	  0	  0	  0	  0	  0	  0	  0	  0	  0	  0	  0	 82	 47	 18	 86	  0	 15	  0	  0	  0	  0	  0	  0	  0	  0	  0	  0	  0	  5	21810	  0
02/03/2017	06:53:36	->	L	00000000	 28	 87	 47	 14	  0	241	  0	  4	  4	  4	  4	  4	  4	  4	  4	  0	  0	  0	  0	  0	  0	  0	  0	  0	  0	  0	  0	  0	  0	  0	  0	  0	  0	  0	  0	  0	  0	  0	  0	 82	 47	 18	 87	  0	 14	  0	  0	  0	  0	  0	  0	  0	  0	  0	  0	  0	  5	21810	  0
02/03/2017	06:58:36	->	L	00000000	 28	 85	 47	 16	  0	246	  0	  4	  4	  4	  4	  4	  4	  4	  4	  0	  0	  0	  0	  0	  0	  0	  0	  0	  0	  0	  0	  0	  0	  0	  0	  0	  0	  0	  0	  0	  0	  0	  0	 82	 47	 18	 85	  0	 16	  0	  0	  0	  0	  0	  0	  0	  0	  0	  0	  0	  5	21810	  0
02/03/2017	07:03:36	->	L	00000000	 28	 85	 46	 16	  0	251	  0	  4	  4	  4	  4	  4	  4	  4	  4	  0	  0	  0	  0	  0	  0	  0	  0	  0	  0	  0	  0	  0	  0	  0	  0	  0	  0	  0	  0	  0	  0	  0	  0	 82	 46	 17	 85	  0	 15	  0	  0	  0	  0	  0	  0	  0	  0	  0	  0	  0	  5	21810	  0
02/03/2017	07:08:36	->	L	00000000	 28	 87	 47	 14	  0	256	  0	  4	  4	  4	  4	  4	  4	  4	  4	  0	  0	  0	  0	  0	  0	  0	  0	  0	  0	  0	  0	  0	  0	  0	  0	  0	  0	  0	  0	  0	  0	  0	  0	 82	 47	 18	 87	  0	 14	  0	  0	  0	  0	  0	  0	  0	  0	  0	  0	  0	  5	21810	  0
02/03/2017	07:13:36	->	L	00000000	 28	 85	 47	 16	  0	261	  0	  4	  4	  4	  4	  4	  4	  4	  4	  0	  0	  0	  0	  0	  0	  0	  0	  0	  0	  0	  0	  0	  0	  0	  0	  0	  0	  0	  0	  0	  0	  0	  0	 82	 47	 18	 85	  0	 16	  0	  0	  0	  0	  0	  0	  0	  0	  0	  0	  0	  5	21810	  0
02/03/2017	07:18:36	->	L	00000000	 28	 86	 46	 15	  0	266	  0	  4	  4	  4	  4	  4	  4	  4	  4	  0	  0	  0	  0	  0	  0	  0	  0	  0	  0	  0	  0	  0	  0	  0	  0	  0	  0	  0	  0	  0	  0	  0	  0	 82	 46	 17	 86	  0	 14	  0	  0	  0	  0	  0	  0	  0	  0	  0	  0	  0	  5	21810	  0
02/03/2017	07:23:36	->	L	00000000	 28	 87	 47	 13	  0	271	  0	  4	  4	  4	  4	  4	  4	  4	  4	  0	  0	  0	  0	  0	  0	  0	  0	  0	  0	  0	  0	  0	  0	  0	  0	  0	  0	  0	  0	  0	  0	  0	  0	 82	 47	 18	 87	  0	 14	  0	  0	  0	  0	  0	  0	  0	  0	  0	  0	  0	  5	21810	  0
02/03/2017	07:28:36	->	L	00000000	 28	 85	 46	 15	  0	276	  0	  4	  4	  4	  4	  4	  4	  4	  4	  0	  0	  0	  0	  0	  0	  0	  0	  0	  0	  0	  0	  0	  0	  0	  0	  0	  0	  0	  0	  0	  0	  0	  0	 82	 46	 17	 85	  0	 15	  0	  0	  0	  0	  0	  0	  0	  0	  0	  0	  0	  5	21810	  0
02/03/2017	07:33:36	->	L	00000000	 28	 86	 46	 15	  0	281	  0	  4	  4	  4	  4	  4	  4	  4	  4	  0	  0	  0	  0	  0	  0	  0	  0	  0	  0	  0	  0	  0	  0	  0	  0	  0	  0	  0	  0	  0	  0	  0	  0	 81	 46	 17	 86	  0	 14	  0	  0	  0	  0	  0	  0	  0	  0	  0	  0	  0	  5	21810	  0
02/03/2017	07:38:36	->	L	00000000	 28	 87	 46	 13	  0	286	  0	  4	  4	  4	  4	  4	  4	  4	  4	  0	  0	  0	  0	  0	  0	  0	  0	  0	  0	  0	  0	  0	  0	  0	  0	  0	  0	  0	  0	  0	  0	  0	  0	 82	 46	 17	 87	  0	 13	  0	  0	  0	  0	  0	  0	  0	  0	  0	  0	  0	  5	21810	  0
02/03/2017	07:43:36	->	L	00000000	 28	 85	 46	 15	  0	291	  0	  4	  4	  4	  4	  4	  4	  4	  4	  0	  0	  0	  0	  0	  0	  0	  0	  0	  0	  0	  0	  0	  0	  0	  0	  0	  0	  0	  0	  0	  0	  0	  0	 82	 46	 17	 85	  0	 15	  0	  0	  0	  0	  0	  0	  0	  0	  0	  0	  0	  5	21810	  0
02/03/2017	07:48:36	->	L	00000000	 28	 84	 46	 15	  0	296	  0	  4	  4	  4	  4	  4	  4	  4	  4	  0	  0	  0	  0	  0	  0	  0	  0	  0	  0	  0	  0	  0	  0	  0	  0	  0	  0	  0	  0	  0	  0	  0	  0	 81	 46	 17	 84	  0	 15	  0	  0	  0	  0	  0	  0	  0	  0	  0	  0	  0	  5	21810	  0
02/03/2017	07:53:36	->	L	00000000	 28	 87	 46	 13	  0	301	  0	  4	  4	  4	  4	  4	  4	  4	  4	  0	  0	  0	  0	  0	  0	  0	  0	  0	  0	  0	  0	  0	  0	  0	  0	  0	  0	  0	  0	  0	  0	  0	  0	 82	 46	 17	 87	  0	 13	  0	  0	  0	  0	  0	  0	  0	  0	  0	  0	  0	  5	21810	  0
02/03/2017	07:58:36	->	L	00000000	 28	 86	 46	 13	  0	306	  0	  4	  4	  4	  4	  4	  4	  4	  4	  0	  0	  0	  0	  0	  0	  0	  0	  0	  0	  0	  0	  0	  0	  0	  0	  0	  0	  0	  0	  0	  0	  0	  0	 83	 46	 16	 86	  0	 14	  0	  0	  0	  0	  0	  0	  0	  0	  0	  0	  0	  5	21810	  0
02/03/2017	08:03:36	->	L	00000000	 28	 85	 46	 15	  0	311	  0	  4	  4	  4	  4	  4	  4	  4	  4	  0	  0	  0	  0	  0	  0	  0	  0	  0	  0	  0	  0	  0	  0	  0	  0	  0	  0	  0	  0	  0	  0	  0	  0	 82	 46	 17	 85	  0	 15	  0	  0	  0	  0	  0	  0	  0	  0	  0	  0	  0	  5	21810	  0
02/03/2017	08:08:36	->	L	00000000	 28	 85	 46	 15	  0	316	  0	  4	  4	  4	  4	  4	  4	  4	  4	  0	  0	  0	  0	  0	  0	  0	  0	  0	  0	  0	  0	  0	  0	  0	  0	  0	  0	  0	  0	  0	  0	  0	  0	 81	 46	 17	 85	  0	 15	  0	  0	  0	  0	  0	  0	  0	  0	  0	  0	  0	  5	21810	  0
02/03/2017	08:13:36	->	L	00000000	 28	 87	 46	 13	  0	321	  0	  4	  4	  4	  4	  4	  4	  4	  4	  0	  0	  0	  0	  0	  0	  0	  0	  0	  0	  0	  0	  0	  0	  0	  0	  0	  0	  0	  0	  0	  0	  0	  0	 83	 46	 16	 87	  0	 13	  0	  0	  0	  0	  0	  0	  0	  0	  0	  0	  0	  5	21810	  0
02/03/2017	08:18:36	->	L	00000000	 28	 85	 46	 14	  0	326	  0	  4	  4	  4	  4	  4	  4	  4	  4	  0	  0	  0	  0	  0	  0	  0	  0	  0	  0	  0	  0	  0	  0	  0	  0	  0	  0	  0	  0	  0	  0	  0	  0	 82	 46	 17	 85	  0	 15	  0	  0	  0	  0	  0	  0	  0	  0	  0	  0	  0	  5	21810	  0
02/03/2017	08:23:36	->	L	00000000	 28	 84	 46	 15	  0	331	  0	  4	  4	  4	  4	  4	  4	  4	  4	  0	  0	  0	  0	  0	  0	  0	  0	  0	  0	  0	  0	  0	  0	  0	  0	  0	  0	  0	  0	  0	  0	  0	  0	 81	 46	 17	 84	  0	 15	  0	  0	  0	  0	  0	  0	  0	  0	  0	  0	  0	  5	21810	  0
02/03/2017	08:28:36	->	L	00000000	 28	 87	 46	 13	  0	336	  0	  4	  4	  4	  4	  4	  4	  4	  4	  0	  0	  0	  0	  0	  0	  0	  0	  0	  0	  0	  0	  0	  0	  0	  0	  0	  0	  0	  0	  0	  0	  0	  0	 83	 46	 16	 87	  0	 13	  0	  0	  0	  0	  0	  0	  0	  0	  0	  0	  0	  5	21810	  0
02/03/2017	08:33:36	->	L	00000000	 28	 85	 46	 15	  0	341	  0	  4	  4	  4	  4	  4	  4	  4	  4	  0	  0	  0	  0	  0	  0	  0	  0	  0	  0	  0	  0	  0	  0	  0	  0	  0	  0	  0	  0	  0	  0	  0	  0	 82	 46	 17	 85	  0	 15	  0	  0	  0	  0	  0	  0	  0	  0	  0	  0	  0	  5	21810	  0
02/03/2017	08:38:36	->	L	00000000	 28	 84	 46	 15	  0	346	  0	  4	  4	  4	  4	  4	  4	  4	  4	  0	  0	  0	  0	  0	  0	  0	  0	  0	  0	  0	  0	  0	  0	  0	  0	  0	  0	  0	  0	  0	  0	  0	  0	 82	 46	 17	 84	  0	 15	  0	  0	  0	  0	  0	  0	  0	  0	  0	  0	  0	  5	21810	  0
02/03/2017	08:43:36	->	L	00000000	 28	 88	 46	 13	  0	351	  0	  4	  4	  4	  4	  4	  4	  4	  4	  0	  0	  0	  0	  0	  0	  0	  0	  0	  0	  0	  0	  0	  0	  0	  0	  0	  0	  0	  0	  0	  0	  0	  0	 83	 46	 16	 88	  0	 13	  0	  0	  0	  0	  0	  0	  0	  0	  0	  0	  0	  5	21810	  0
02/03/2017	08:48:36	->	L	00000000	 28	 88	 46	 13	  0	356	  0	  4	  4	  4	  4	  4	  4	  4	  4	  0	  0	  0	  0	  0	  0	  0	  0	  0	  0	  0	  0	  0	  0	  0	  0	  0	  0	  0	  0	  0	  0	  0	  0	 83	 46	 16	 88	  0	 13	  0	  0	  0	  0	  0	  0	  0	  0	  0	  0	  0	  5	21810	  0
02/03/2017	08:53:36	->	L	00000000	 29	 86	 46	 14	  0	  0	  0	  4	  4	  4	  4	  4	  4	  4	  4	  0	  0	  0	  0	  0	  0	  0	  0	  0	  0	  0	  0	  0	  0	  0	  0	  0	  0	  0	  0	  0	  0	  0	  0	 83	 46	 16	 86	  0	 14	  0	  0	  0	  0	  0	  0	  0	  0	  0	  0	  0	  5	21808	  0
02/03/2017	08:58:36	->	L	00000000	 29	 84	 46	 15	  0	  5	  0	  4	  4	  4	  4	  4	  4	  4	  4	  0	  0	  0	  0	  0	  0	  0	  0	  0	  0	  0	  0	  0	  0	  0	  0	  0	  0	  0	  0	  0	  0	  0	  0	 82	 46	 17	 84	  0	 15	  0	  0	  0	  0	  0	  0	  0	  0	  0	  0	  0	  5	21806	  0
02/03/2017	09:07:33	<-	L	00000000	 29	 84	 46	 15	  0	 10	  0	  4	  4	  4	  4	  4	  4	  4	  4	  0	  0	  0	  0	  0	  0	  0	  0	  0	  0	  0	  0	  0	  0	  0	  0	  0	  0	  0	  0	  0	  0	  0	  0	 82	 46	 17	 84	  0	 15	  0	  0	  0	  0	  0	  0	  0	  0	  0	  0	  0	  5	21806	  0
02/03/2017	09:12:33	<-	L	00000000	 29	 84	 48	 17	  0	 15	  0	  4	  4	  4	  4	  4	  4	  4	  4	  0	  0	  0	  0	  0	  0	  0	  0	  0	  0	  0	  0	  0	  0	  0	  0	  0	  0	  0	  0	  0	  0	  0	  0	 84	 48	 17	 77	  0	 22	  0	  0	  0	  0	  0	  0	  0	  0	  0	  0	  0	  5	21806	  0
02/03/2017	09:17:34	<-	L	00000000	 29	 86	 48	 15	  0	 20	  0	  4	  4	  4	  4	  4	  4	  4	  4	  0	  0	  0	  0	  0	  0	  0	  0	  0	  0	  0	  0	  0	  0	  0	  0	  0	  0	  0	  0	  0	  0	  0	  0	 86	 48	 16	 76	  0	 22	  0	  0	  0	  0	  0	  0	  0	  0	  0	  0	  0	  5	21806	  0
02/03/2017	09:22:34	<-	L	00000000	 29	 86	 48	 17	  0	 25	  0	  4	  4	  4	  4	  4	  4	  4	  4	  0	  0	  0	  0	  0	  0	  0	  0	  0	  0	  0	  0	  0	  0	  0	  0	  0	  0	  0	  0	  0	  0	  0	  0	 86	 48	 16	 75	  0	 23	  0	  0	  0	  0	  0	  0	  0	  0	  0	  0	  0	  5	21806	  0
02/03/2017	09:27:34	<-	L	00000000	 29	 85	 48	 16	  0	 30	  0	  4	  4	  4	  4	  4	  4	  4	  4	  0	  0	  0	  0	  0	  0	  0	  0	  0	  0	  0	  0	  0	  0	  0	  0	  0	  0	  0	  0	  0	  0	  0	  0	 85	 48	 17	 74	  0	 25	  0	  0	  0	  0	  0	  0	  0	  0	  0	  0	  0	  5	21806	  0
02/03/2017	09:32:34	<-	L	00000000	 29	 88	 48	 15	  0	 35	  0	  4	  4	  4	  4	  4	  4	  4	  4	  0	  0	  0	  0	  0	  0	  0	  0	  0	  0	  0	  0	  0	  0	  0	  0	  0	  0	  0	  0	  0	  0	  0	  0	 88	 48	 15	 75	  0	 23	  0	  0	  0	  0	  0	  0	  0	  0	  0	  0	  0	  5	21806	  0
02/03/2017	09:37:34	<-	L	00000000	 29	 84	 48	 17	  0	 40	  0	  4	  4	  4	  4	  4	  4	  4	  4	  0	  0	  0	  0	  0	  0	  0	  0	  0	  0	  0	  0	  0	  0	  0	  0	  0	  0	  0	  0	  0	  0	  0	  0	 84	 48	 17	 74	  0	 25	  0	  0	  0	  0	  0	  0	  0	  0	  0	  0	  0	  5	21806	  0
02/03/2017	09:42:34	<-	L	00000000	 29	 87	 48	 16	  0	 45	  0	  4	  4	  4	  4	  4	  4	  4	  4	  0	  0	  0	  0	  0	  0	  0	  0	  0	  0	  0	  0	  0	  0	  0	  0	  0	  0	  0	  0	  0	  0	  0	  0	 87	 48	 15	 75	  0	 23	  0	  0	  0	  0	  0	  0	  0	  0	  0	  0	  0	  5	21806	  0
02/03/2017	09:47:34	<-	L	00000000	 29	 85	 49	 17	  0	 50	  0	  4	  4	  4	  4	  4	  4	  4	  4	  0	  0	  0	  0	  0	  0	  0	  0	  0	  0	  0	  0	  0	  0	  0	  0	  0	  0	  0	  0	  0	  0	  0	  0	 85	 49	 18	 74	  0	 25	  0	  0	  0	  0	  0	  0	  0	  0	  0	  0	  0	  5	21806	  0
02/03/2017	09:52:34	<-	L	00000000	 29	 87	 49	 16	  0	 55	  0	  4	  4	  4	  4	  4	  4	  4	  4	  0	  0	  0	  0	  0	  0	  0	  0	  0	  0	  0	  0	  0	  0	  0	  0	  0	  0	  0	  0	  0	  0	  0	  0	 87	 49	 16	 75	  0	 26	  0	  0	  0	  0	  0	  0	  0	  0	  0	  0	  0	  5	21806	  0
02/03/2017	09:57:34	<-	L	00000000	 29	 88	 49	 16	  0	 60	  0	  4	  4	  4	  4	  4	  4	  4	  4	  0	  0	  0	  0	  0	  0	  0	  0	  0	  0	  0	  0	  0	  0	  0	  0	  0	  0	  0	  0	  0	  0	  0	  0	 88	 49	 16	 76	  0	 24	  0	  0	  0	  0	  0	  0	  0	  0	  0	  0	  0	  5	21806	  0
02/03/2017	10:02:34	<-	L	00000000	 29	 84	 49	 18	  0	 65	  0	  4	  4	  4	  4	  4	  4	  4	  4	  0	  0	  0	  0	  0	  0	  0	  0	  0	  0	  0	  0	  0	  0	  0	  0	  0	  0	  0	  0	  0	  0	  0	  0	 84	 49	 18	 74	  0	 25	  0	  0	  0	  0	  0	  0	  0	  0	  0	  0	  0	  5	21806	  0
02/03/2017	10:07:34	<-	L	00000000	 29	 88	 49	 17	  0	 70	  0	  4	  4	  4	  4	  4	  4	  4	  4	  0	  0	  0	  0	  0	  0	  0	  0	  0	  0	  0	  0	  0	  0	  0	  0	  0	  0	  0	  0	  0	  0	  0	  0	 88	 49	 16	 76	  0	 24	  0	  0	  0	  0	  0	  0	  0	  0	  0	  0	  0	  5	21806	  0
02/03/2017	10:12:34	<-	L	00000000	 29	 86	 49	 16	  0	 75	  0	  4	  4	  4	  4	  4	  4	  4	  4	  0	  0	  0	  0	  0	  0	  0	  0	  0	  0	  0	  0	  0	  0	  0	  0	  0	  0	  0	  0	  0	  0	  0	  0	 86	 49	 17	 75	  0	 26	  0	  0	  0	  0	  0	  0	  0	  0	  0	  0	  0	  5	21808	  0
02/03/2017	10:17:34	<-	L	00000000	 29	 84	 49	 19	  0	 80	  0	  4	  4	  4	  4	  4	  4	  4	  4	  0	  0	  0	  0	  0	  0	  0	  0	  0	  0	  0	  0	  0	  0	  0	  0	  0	  0	  0	  0	  0	  0	  0	  0	 84	 49	 18	 74	  0	 25	  0	  0	  0	  0	  0	  0	  0	  0	  0	  0	  0	  5	21808	  0
02/03/2017	10:22:34	<-	L	00000000	 29	 87	 50	 17	  0	 85	  0	  4	  4	  4	  4	  4	  4	  4	  4	  0	  0	  0	  0	  0	  0	  0	  0	  0	  0	  0	  0	  0	  0	  0	  0	  0	  0	  0	  0	  0	  0	  0	  0	 87	 50	 17	 76	  0	 26	  0	  0	  0	  0	  0	  0	  0	  0	  0	  0	  0	  5	21808	  0
02/03/2017	10:27:34	<-	L	00000000	 29	 81	 48	 20	  0	 90	  0	  4	  4	  4	  4	  4	  4	  4	  4	  0	  0	  0	  0	  0	  0	  0	  0	  0	  0	  0	  0	  0	  0	  0	  0	  0	  0	  0	  0	  0	  0	  0	  0	 81	 48	 19	 72	  0	 26	  0	  0	  0	  0	  0	  0	  0	  0	  0	  0	  0	  5	21808	  0
02/03/2017	10:32:34	<-	L	00000000	 29	 87	 50	 18	  0	 95	  0	  4	  4	  4	  4	  4	  4	  4	  4	  0	  0	  0	  0	  0	  0	  0	  0	  0	  0	  0	  0	  0	  0	  0	  0	  0	  0	  0	  0	  0	  0	  0	  0	 87	 50	 17	 76	  0	 26	  0	  0	  0	  0	  0	  0	  0	  0	  0	  0	  0	  5	21808	  0
02/03/2017	10:37:34	<-	L	00000000	 29	 85	 50	 19	  0	100	  0	  4	  4	  4	  4	  4	  4	  4	  4	  0	  0	  0	  0	  0	  0	  0	  0	  0	  0	  0	  0	  0	  0	  0	  0	  0	  0	  0	  0	  0	  0	  0	  0	 85	 50	 19	 75	  0	 25	  0	  0	  0	  0	  0	  0	  0	  0	  0	  0	  0	  5	21808	  0
02/03/2017	10:42:34	<-	L	00000000	 29	 86	 50	 18	  0	105	  0	  4	  4	  4	  4	  4	  4	  4	  4	  0	  0	  0	  0	  0	  0	  0	  0	  0	  0	  0	  0	  0	  0	  0	  0	  0	  0	  0	  0	  0	  0	  0	  0	 86	 50	 18	 74	  0	 27	  0	  0	  0	  0	  0	  0	  0	  0	  0	  0	  0	  5	21808	  0
02/03/2017	10:47:34	<-	L	00000000	 29	 84	 50	 19	  0	110	  0	  4	  4	  4	  4	  4	  4	  4	  4	  0	  0	  0	  0	  0	  0	  0	  0	  0	  0	  0	  0	  0	  0	  0	  0	  0	  0	  0	  0	  0	  0	  0	  0	 84	 50	 19	 74	  0	 27	  0	  0	  0	  0	  0	  0	  0	  0	  0	  0	  0	  5	21808	  0
02/03/2017	10:52:34	<-	L	00000000	 29	 87	 51	 18	  0	115	  0	  4	  4	  4	  4	  4	  4	  4	  4	  0	  0	  0	  0	  0	  0	  0	  0	  0	  0	  0	  0	  0	  0	  0	  0	  0	  0	  0	  0	  0	  0	  0	  0	 87	 51	 18	 75	  0	 28	  0	  0	  0	  0	  0	  0	  0	  0	  0	  0	  0	  5	21808	  0
02/03/2017	10:57:34	<-	L	00000000	 29	 84	 49	 19	  0	120	  0	  4	  4	  4	  4	  4	  4	  4	  4	  0	  0	  0	  0	  0	  0	  0	  0	  0	  0	  0	  0	  0	  0	  0	  0	  0	  0	  0	  0	  0	  0	  0	  0	 84	 49	 18	 74	  0	 25	  0	  0	  0	  0	  0	  0	  0	  0	  0	  0	  0	  5	21808	  0
02/03/2017	11:02:34	<-	L	00000000	 29	 86	 50	 17	  0	125	  0	  4	  4	  4	  4	  4	  4	  4	  4	  0	  0	  0	  0	  0	  0	  0	  0	  0	  0	  0	  0	  0	  0	  0	  0	  0	  0	  0	  0	  0	  0	  0	  0	 86	 50	 18	 75	  0	 25	  0	  0	  0	  0	  0	  0	  0	  0	  0	  0	  0	  5	21808	  0
02/03/2017	11:07:34	<-	L	00000000	 29	 85	 63	 35	  0	130	  0	  4	  4	  4	  4	  4	  4	  4	  4	  0	  0	  0	  0	  0	  0	  0	  0	  0	  0	  0	  0	  0	  0	  0	  0	  0	  0	  0	  0	  0	  0	  0	  0	 85	 63	 36	 74	  0	 58	  0	  0	  0	  0	  0	  0	  0	  0	  0	  0	  0	  5	21808	  0
02/03/2017	11:12:34	<-	L	00000000	 29	 85	 48	 16	  0	135	  0	  4	  4	  4	  4	  4	  4	  4	  4	  0	  0	  0	  0	  0	  0	  0	  0	  0	  0	  0	  0	  0	  0	  0	  0	  0	  0	  0	  0	  0	  0	  0	  0	 85	 48	 17	 76	  0	 22	  0	  0	  0	  0	  0	  0	  0	  0	  0	  0	  0	  5	21808	  0
02/03/2017	11:17:34	<-	L	00000000	 29	 84	 48	 17	  0	140	  0	  4	  4	  4	  4	  4	  4	  4	  4	  0	  0	  0	  0	  0	  0	  0	  0	  0	  0	  0	  0	  0	  0	  0	  0	  0	  0	  0	  0	  0	  0	  0	  0	 84	 48	 17	 77	  0	 22	  0	  0	  0	  0	  0	  0	  0	  0	  0	  0	  0	  5	21808	  0
02/03/2017	11:22:34	<-	L	00000000	 29	 88	 48	 15	  0	145	  0	  4	  4	  4	  4	  4	  4	  4	  4	  0	  0	  0	  0	  0	  0	  0	  0	  0	  0	  0	  0	  0	  0	  0	  0	  0	  0	  0	  0	  0	  0	  0	  0	 88	 48	 15	 79	  0	 20	  0	  0	  0	  0	  0	  0	  0	  0	  0	  0	  0	  5	21808	  0
02/03/2017	11:27:34	<-	L	00000000	 29	 86	 49	 16	  0	150	  0	  4	  4	  4	  4	  4	  4	  4	  4	  0	  0	  0	  0	  0	  0	  0	  0	  0	  0	  0	  0	  0	  0	  0	  0	  0	  0	  0	  0	  0	  0	  0	  0	 86	 49	 17	 77	  0	 23	  0	  0	  0	  0	  0	  0	  0	  0	  0	  0	  0	  5	21808	  0
02/03/2017	11:32:34	<-	L	00000000	 29	 84	 48	 17	  0	155	  0	  4	  4	  4	  4	  4	  4	  4	  4	  0	  0	  0	  0	  0	  0	  0	  0	  0	  0	  0	  0	  0	  0	  0	  0	  0	  0	  0	  0	  0	  0	  0	  0	 84	 48	 17	 77	  0	 22	  0	  0	  0	  0	  0	  0	  0	  0	  0	  0	  0	  5	21808	  0
02/03/2017	11:37:34	<-	L	00000000	 29	 87	 49	 16	  0	160	  0	  4	  4	  4	  4	  4	  4	  4	  4	  0	  0	  0	  0	  0	  0	  0	  0	  0	  0	  0	  0	  0	  0	  0	  0	  0	  0	  0	  0	  0	  0	  0	  0	 87	 49	 16	 77	  0	 23	  0	  0	  0	  0	  0	  0	  0	  0	  0	  0	  0	  5	21808	  0
02/03/2017	11:42:34	<-	L	00000000	 29	 85	 48	 17	  0	165	  0	  4	  4	  4	  4	  4	  4	  4	  4	  0	  0	  0	  0	  0	  0	  0	  0	  0	  0	  0	  0	  0	  0	  0	  0	  0	  0	  0	  0	  0	  0	  0	  0	 85	 48	 17	 78	  0	 21	  0	  0	  0	  0	  0	  0	  0	  0	  0	  0	  0	  5	21808	  0
02/03/2017	11:47:34	<-	L	00000000	 29	 86	 49	 17	  0	170	  0	  4	  4	  4	  4	  4	  4	  4	  4	  0	  0	  0	  0	  0	  0	  0	  0	  0	  0	  0	  0	  0	  0	  0	  0	  0	  0	  0	  0	  0	  0	  0	  0	 86	 49	 17	 76	  0	 24	  0	  0	  0	  0	  0	  0	  0	  0	  0	  0	  0	  5	21808	  0
02/03/2017	11:52:34	<-	L	00000000	 29	 86	 48	 17	  0	175	  0	  4	  4	  4	  4	  4	  4	  4	  4	  0	  0	  0	  0	  0	  0	  0	  0	  0	  0	  0	  0	  0	  0	  0	  0	  0	  0	  0	  0	  0	  0	  0	  0	 86	 48	 16	 78	  0	 21	  0	  0	  0	  0	  0	  0	  0	  0	  0	  0	  0	  5	21808	  0
02/03/2017	11:57:34	<-	L	00000000	 29	 85	 49	 17	  0	180	  0	  4	  4	  4	  4	  4	  4	  4	  4	  0	  0	  0	  0	  0	  0	  0	  0	  0	  0	  0	  0	  0	  0	  0	  0	  0	  0	  0	  0	  0	  0	  0	  0	 85	 49	 18	 76	  0	 24	  0	  0	  0	  0	  0	  0	  0	  0	  0	  0	  0	  5	21808	  0
02/03/2017	12:02:34	<-	L	00000000	 29	 85	 48	 17	  0	185	  0	  4	  4	  4	  4	  4	  4	  4	  4	  0	  0	  0	  0	  0	  0	  0	  0	  0	  0	  0	  0	  0	  0	  0	  0	  0	  0	  0	  0	  0	  0	  0	  0	 85	 48	 17	 77	  0	 22	  0	  0	  0	  0	  0	  0	  0	  0	  0	  0	  0	  5	21808	  0
02/03/2017	12:07:34	<-	L	00000000	 29	 86	 49	 16	  0	190	  0	  4	  4	  4	  4	  4	  4	  4	  4	  0	  0	  0	  0	  0	  0	  0	  0	  0	  0	  0	  0	  0	  0	  0	  0	  0	  0	  0	  0	  0	  0	  0	  0	 86	 49	 17	 76	  0	 24	  0	  0	  0	  0	  0	  0	  0	  0	  0	  0	  0	  5	21808	  0
02/03/2017	12:27:34	  	L	00000000	 29	 64	 33	 12	  0	193	  0	  4	  4	  4	  4	  4	  4	  4	  4	  0	  0	  0	  0	  0	  0	  0	  0	  0	  0	  0	  0	  0	  0	  0	  0	  0	  0	  0	  0	  0	  0	  0	  0	 55	 33	 21	 64	  0	 12	  0	  0	  0	  0	  0	  0	  0	  0	  0	  0	  0	  5	21808	  0
02/03/2017	12:32:34	->	L	00000000	 30	 72	 39	 15	  0	  4	  0	  4	  4	  4	  4	  4	  4	  4	  4	  0	  0	  0	  0	  0	  0	  0	  0	  0	  0	  0	  0	  0	  0	  0	  0	  0	  0	  0	  0	  0	  0	  0	  0	 72	 39	 15	 72	  0	 15	  0	  0	  0	  0	  0	  0	  0	  0	  0	  0	  0	  5	20530	  1
02/03/2017	12:37:34	->	L	00000000	 30	 81	 42	 13	  0	  9	  0	  4	  4	  4	  4	  4	  4	  4	  4	  0	  0	  0	  0	  0	  0	  0	  0	  0	  0	  0	  0	  0	  0	  0	  0	  0	  0	  0	  0	  0	  0	  0	  0	 78	 42	 15	 81	  0	 13	  0	  0	  0	  0	  0	  0	  0	  0	  0	  0	  0	  5	20530	  1
02/03/2017	12:42:34	->	L	00000000	 30	 83	 43	 13	  0	 14	  0	  4	  4	  4	  4	  4	  4	  4	  4	  0	  0	  0	  0	  0	  0	  0	  0	  0	  0	  0	  0	  0	  0	  0	  0	  0	  0	  0	  0	  0	  0	  0	  0	 79	 43	 15	 83	  0	 13	  0	  0	  0	  0	  0	  0	  0	  0	  0	  0	  0	  5	20530	  1
02/03/2017	12:47:34	->	L	00000000	 30	 79	 43	 14	  0	 19	  0	  4	  4	  4	  4	  4	  4	  4	  4	  0	  0	  0	  0	  0	  0	  0	  0	  0	  0	  0	  0	  0	  0	  0	  0	  0	  0	  0	  0	  0	  0	  0	  0	 78	 43	 16	 79	  0	 15	  0	  0	  0	  0	  0	  0	  0	  0	  0	  0	  0	  5	20530	  1
02/03/2017	12:52:34	->	L	00000000	 30	 80	 43	 15	  0	 24	  0	  4	  4	  4	  4	  4	  4	  4	  4	  0	  0	  0	  0	  0	  0	  0	  0	  0	  0	  0	  0	  0	  0	  0	  0	  0	  0	  0	  0	  0	  0	  0	  0	 78	 43	 16	 80	  0	 15	  0	  0	  0	  0	  0	  0	  0	  0	  0	  0	  0	  5	20530	  1
02/03/2017	12:57:34	->	L	00000000	 30	 81	 43	 14	  0	 29	  0	  4	  4	  4	  4	  4	  4	  4	  4	  0	  0	  0	  0	  0	  0	  0	  0	  0	  0	  0	  0	  0	  0	  0	  0	  0	  0	  0	  0	  0	  0	  0	  0	 79	 43	 15	 81	  0	 14	  0	  0	  0	  0	  0	  0	  0	  0	  0	  0	  0	  5	20530	  1
02/03/2017	13:02:34	->	L	00000000	 30	 83	 43	 13	  0	 34	  0	  4	  4	  4	  4	  4	  4	  4	  4	  0	  0	  0	  0	  0	  0	  0	  0	  0	  0	  0	  0	  0	  0	  0	  0	  0	  0	  0	  0	  0	  0	  0	  0	 79	 43	 15	 83	  0	 13	  0	  0	  0	  0	  0	  0	  0	  0	  0	  0	  0	  5	20530	  1
02/03/2017	13:07:34	->	L	00000000	 30	 80	 43	 15	  0	 39	  0	  4	  4	  4	  4	  4	  4	  4	  4	  0	  0	  0	  0	  0	  0	  0	  0	  0	  0	  0	  0	  0	  0	  0	  0	  0	  0	  0	  0	  0	  0	  0	  0	 78	 43	 16	 80	  0	 15	  0	  0	  0	  0	  0	  0	  0	  0	  0	  0	  0	  5	20530	  1
02/03/2017	13:12:34	->	L	00000000	 30	 80	 43	 15	  0	 44	  0	  4	  4	  4	  4	  4	  4	  4	  4	  0	  0	  0	  0	  0	  0	  0	  0	  0	  0	  0	  0	  0	  0	  0	  0	  0	  0	  0	  0	  0	  0	  0	  0	 79	 43	 15	 80	  0	 15	  0	  0	  0	  0	  0	  0	  0	  0	  0	  0	  0	  5	20530	  1
02/03/2017	13:17:34	->	L	00000000	 30	 81	 43	 14	  0	 49	  0	  4	  4	  4	  4	  4	  4	  4	  4	  0	  0	  0	  0	  0	  0	  0	  0	  0	  0	  0	  0	  0	  0	  0	  0	  0	  0	  0	  0	  0	  0	  0	  0	 78	 43	 16	 81	  0	 14	  0	  0	  0	  0	  0	  0	  0	  0	  0	  0	  0	  5	20530	  1
02/03/2017	13:22:34	->	L	00000000	 30	 82	 43	 14	  0	 54	  0	  4	  4	  4	  4	  4	  4	  4	  4	  0	  0	  0	  0	  0	  0	  0	  0	  0	  0	  0	  0	  0	  0	  0	  0	  0	  0	  0	  0	  0	  0	  0	  0	 79	 43	 15	 82	  0	 14	  0	  0	  0	  0	  0	  0	  0	  0	  0	  0	  0	  5	20530	  1
02/03/2017	13:27:34	->	L	00000000	 30	 81	 43	 14	  0	 59	  0	  4	  4	  4	  4	  4	  4	  4	  4	  0	  0	  0	  0	  0	  0	  0	  0	  0	  0	  0	  0	  0	  0	  0	  0	  0	  0	  0	  0	  0	  0	  0	  0	 78	 43	 16	 81	  0	 14	  0	  0	  0	  0	  0	  0	  0	  0	  0	  0	  0	  5	20530	  1
02/03/2017	13:32:34	->	L	00000000	 40	 78	 41	 15	  0	  3	  0	  4	  4	  4	  4	  4	  4	  4	  4	  0	  0	  0	  0	  0	  0	  0	  0	  0	  0	  0	  0	  0	  0	  0	  0	  0	  0	  0	  0	  0	  0	  0	  0	 76	 41	 15	 78	  0	 14	  0	  0	  0	  0	  0	  0	  0	  0	  0	  0	  0	  5	14120	  0
02/03/2017	13:37:34	->	L	00000000	 40	 75	 40	 14	  0	  8	  0	  4	  4	  4	  4	  4	  4	  4	  4	  0	  0	  0	  0	  0	  0	  0	  0	  0	  0	  0	  0	  0	  0	  0	  0	  0	  0	  0	  0	  0	  0	  0	  0	 74	 40	 15	 75	  0	 14	  0	  0	  0	  0	  0	  0	  0	  0	  0	  0	  0	  5	14120	  0
02/03/2017	13:42:34	->	L	00000000	 40	 75	 41	 15	  0	 13	  0	  4	  4	  4	  4	  4	  4	  4	  4	  0	  0	  0	  0	  0	  0	  0	  0	  0	  0	  0	  0	  0	  0	  0	  0	  0	  0	  0	  0	  0	  0	  0	  0	 74	 41	 16	 75	  0	 15	  0	  0	  0	  0	  0	  0	  0	  0	  0	  0	  0	  5	14120	  0
02/03/2017	13:47:34	->	L	00000000	 40	 75	 40	 14	  0	 18	  0	  4	  4	  4	  4	  4	  4	  4	  4	  0	  0	  0	  0	  0	  0	  0	  0	  0	  0	  0	  0	  0	  0	  0	  0	  0	  0	  0	  0	  0	  0	  0	  0	 73	 40	 15	 75	  0	 14	  0	  0	  0	  0	  0	  0	  0	  0	  0	  0	  0	  5	14120	  0
02/03/2017	13:52:34	->	L	00000000	 40	 74	 41	 15	  0	 23	  0	  4	  4	  4	  4	  4	  4	  4	  4	  0	  0	  0	  0	  0	  0	  0	  0	  0	  0	  0	  0	  0	  0	  0	  0	  0	  0	  0	  0	  0	  0	  0	  0	 73	 41	 16	 74	  0	 16	  0	  0	  0	  0	  0	  0	  0	  0	  0	  0	  0	  5	14120	  0
02/03/2017	13:57:34	->	L	00000000	 40	 74	 40	 15	  0	 28	  0	  4	  4	  4	  4	  4	  4	  4	  4	  0	  0	  0	  0	  0	  0	  0	  0	  0	  0	  0	  0	  0	  0	  0	  0	  0	  0	  0	  0	  0	  0	  0	  0	 73	 40	 15	 74	  0	 15	  0	  0	  0	  0	  0	  0	  0	  0	  0	  0	  0	  5	14120	  0
02/03/2017	14:02:34	->	L	00000000	 40	 73	 40	 15	  0	 33	  0	  4	  4	  4	  4	  4	  4	  4	  4	  0	  0	  0	  0	  0	  0	  0	  0	  0	  0	  0	  0	  0	  0	  0	  0	  0	  0	  0	  0	  0	  0	  0	  0	 72	 40	 16	 73	  0	 15	  0	  0	  0	  0	  0	  0	  0	  0	  0	  0	  0	  5	14120	  0
02/03/2017	14:07:34	->	L	00000000	 40	 73	 40	 15	  0	 38	  0	  4	  4	  4	  4	  4	  4	  4	  4	  0	  0	  0	  0	  0	  0	  0	  0	  0	  0	  0	  0	  0	  0	  0	  0	  0	  0	  0	  0	  0	  0	  0	  0	 72	 40	 16	 73	  0	 15	  0	  0	  0	  0	  0	  0	  0	  0	  0	  0	  0	  5	14120	  0
02/03/2017	14:12:34	->	L	00000000	 40	 72	 40	 16	  0	 43	  0	  4	  4	  4	  4	  4	  4	  4	  4	  0	  0	  0	  0	  0	  0	  0	  0	  0	  0	  0	  0	  0	  0	  0	  0	  0	  0	  0	  0	  0	  0	  0	  0	 71	 40	 16	 72	  0	 16	  0	  0	  0	  0	  0	  0	  0	  0	  0	  0	  0	  5	14120	  0
02/03/2017	14:17:34	->	L	00000000	 40	 72	 39	 15	  0	 48	  0	  4	  4	  4	  4	  4	  4	  4	  4	  0	  0	  0	  0	  0	  0	  0	  0	  0	  0	  0	  0	  0	  0	  0	  0	  0	  0	  0	  0	  0	  0	  0	  0	 71	 39	 15	 72	  0	 15	  0	  0	  0	  0	  0	  0	  0	  0	  0	  0	  0	  5	14120	  0
02/03/2017	14:22:34	->	L	00000000	 40	 72	 39	 15	  0	 53	  0	  4	  4	  4	  4	  4	  4	  4	  4	  0	  0	  0	  0	  0	  0	  0	  0	  0	  0	  0	  0	  0	  0	  0	  0	  0	  0	  0	  0	  0	  0	  0	  0	 70	 39	 16	 72	  0	 15	  0	  0	  0	  0	  0	  0	  0	  0	  0	  0	  0	  5	14120	  0
02/03/2017	14:27:34	->	L	00000000	 40	 71	 39	 15	  0	 58	  0	  4	  4	  4	  4	  4	  4	  4	  4	  0	  0	  0	  0	  0	  0	  0	  0	  0	  0	  0	  0	  0	  0	  0	  0	  0	  0	  0	  0	  0	  0	  0	  0	 70	 39	 16	 71	  0	 15	  0	  0	  0	  0	  0	  0	  0	  0	  0	  0	  0	  5	14120	  0
02/03/2017	14:32:34	<-	L	00000000	 50	 70	 39	 16	  0	  2	  0	  4	  4	  4	  4	  4	  4	  4	  4	  0	  0	  0	  0	  0	  0	  0	  0	  0	  0	  0	  0	  0	  0	  0	  0	  0	  0	  0	  0	  0	  0	  0	  0	 70	 39	 16	 70	  0	 16	  0	  0	  0	  0	  0	  0	  0	  0	  0	  0	  0	  5	17975	  0
02/03/2017	14:37:34	<-	L	00000000	 50	 70	 41	 18	  0	  7	  0	  4	  4	  4	  4	  4	  4	  4	  4	  0	  0	  0	  0	  0	  0	  0	  0	  0	  0	  0	  0	  0	  0	  0	  0	  0	  0	  0	  0	  0	  0	  0	  0	 70	 41	 18	 67	  0	 22	  0	  0	  0	  0	  0	  0	  0	  0	  0	  0	  0	  5	17461	  0
02/03/2017	14:42:34	<-	L	00000000	 50	 70	 41	 19	  0	 12	  0	  4	  4	  4	  4	  4	  4	  4	  4	  0	  0	  0	  0	  0	  0	  0	  0	  0	  0	  0	  0	  0	  0	  0	  0	  0	  0	  0	  0	  0	  0	  0	  0	 70	 41	 18	 66	  0	 21	  0	  0	  0	  0	  0	  0	  0	  0	  0	  0	  0	  5	16690	  0
02/03/2017	14:47:34	<-	L	00000000	 50	 69	 41	 19	  0	 17	  0	  4	  4	  4	  4	  4	  4	  4	  4	  0	  0	  0	  0	  0	  0	  0	  0	  0	  0	  0	  0	  0	  0	  0	  0	  0	  0	  0	  0	  0	  0	  0	  0	 69	 41	 19	 65	  0	 23	  0	  0	  0	  0	  0	  0	  0	  0	  0	  0	  0	  5	16176	  0
02/03/2017	14:52:34	<-	L	00000000	 50	 68	 41	 20	  0	 22	  0	  4	  4	  4	  4	  4	  4	  4	  4	  0	  0	  0	  0	  0	  0	  0	  0	  0	  0	  0	  0	  0	  0	  0	  0	  0	  0	  0	  0	  0	  0	  0	  0	 68	 41	 20	 64	  0	 23	  0	  0	  0	  0	  0	  0	  0	  0	  0	  0	  0	  5	15405	  0
02/03/2017	14:57:34	<-	L	00000000	 50	 68	 40	 19	  0	 27	  0	  4	  4	  4	  4	  4	  4	  4	  4	  0	  0	  0	  0	  0	  0	  0	  0	  0	  0	  0	  0	  0	  0	  0	  0	  0	  0	  0	  0	  0	  0	  0	  0	 68	 40	 19	 64	  0	 23	  0	  0	  0	  0	  0	  0	  0	  0	  0	  0	  0	  5	14891	  0
02/03/2017	15:02:34	<-	L	00000000	 50	 67	 40	 19	  0	 32	  0	  4	  4	  4	  4	  4	  4	  4	  4	  0	  0	  0	  0	  0	  0	  0	  0	  0	  0	  0	  0	  0	  0	  0	  0	  0	  0	  0	  0	  0	  0	  0	  0	 67	 40	 19	 63	  0	 22	  0	  0	  0	  0	  0	  0	  0	  0	  0	  0	  0	  5	14120	  0
02/03/2017	15:07:34	<-	L	00000000	 50	 64	 38	 22	  0	 37	  0	  4	  4	  4	  4	  4	  4	  4	  4	  0	  0	  0	  0	  0	  0	  0	  0	  0	  0	  0	  0	  0	  0	  0	  0	  0	  0	  0	  0	  0	  0	  0	  0	 64	 38	 20	 59	  0	 25	  0	  0	  0	  0	  0	  0	  0	  0	  0	  0	  0	  5	13349	  0
02/03/2017	15:12:34	<-	L	00000000	 50	 62	 38	 22	  0	 42	  0	  4	  4	  4	  4	  4	  4	  4	  4	  0	  0	  0	  0	  0	  0	  0	  0	  0	  0	  0	  0	  0	  0	  0	  0	  0	  0	  0	  0	  0	  0	  0	  0	 62	 38	 22	 58	  0	 28	  0	  0	  0	  0	  0	  0	  0	  0	  0	  0	  0	  5	12835	  0
02/03/2017	15:17:34	<-	L	00000000	 50	 61	 37	 21	  0	 47	  0	  4	  4	  4	  4	  4	  4	  4	  4	  0	  0	  0	  0	  0	  0	  0	  0	  0	  0	  0	  0	  0	  0	  0	  0	  0	  0	  0	  0	  0	  0	  0	  0	 61	 37	 21	 56	  0	 29	  0	  0	  0	  0	  0	  0	  0	  0	  0	  0	  0	  5	12064	  0
02/03/2017	15:22:34	<-	L	00000000	 50	 60	 36	 21	  0	 52	  0	  4	  4	  4	  4	  4	  4	  4	  4	  0	  0	  0	  0	  0	  0	  0	  0	  0	  0	  0	  0	  0	  0	  0	  0	  0	  0	  0	  0	  0	  0	  0	  0	 60	 36	 21	 55	  0	 29	  0	  0	  0	  0	  0	  0	  0	  0	  0	  0	  0	  5	11550	  0
02/03/2017	15:27:34	<-	L	00000000	 50	 59	 36	 21	  0	 57	  0	  4	  4	  4	  4	  4	  4	  4	  4	  0	  0	  0	  0	  0	  0	  0	  0	  0	  0	  0	  0	  0	  0	  0	  0	  0	  0	  0	  0	  0	  0	  0	  0	 59	 36	 21	 55	  0	 29	  0	  0	  0	  0	  0	  0	  0	  0	  0	  0	  0	  5	10779	  0
02/03/2017	15:32:34	  	L	00000000	 60	 58	 35	 20	  0	  0	  0	  4	  4	  4	  4	  4	  4	  4	  4	  0	  0	  0	  0	  0	  0	  0	  0	  0	  0	  0	  0	  0	  0	  0	  0	  0	  0	  0	  0	  0	  0	  0	  0	 58	 35	 20	 56	  0	 23	  0	  0	  0	  0	  0	  0	  0	  0	  0	  0	  0	  5	10265	  0
02/03/2017	15:37:34	  	L	00000000	 60	 57	 33	 19	  0	  0	  0	  4	  4	  4	  4	  4	  4	  4	  4	  0	  0	  0	  0	  0	  0	  0	  0	  0	  0	  0	  0	  0	  0	  0	  0	  0	  0	  0	  0	  0	  0	  0	  0	 57	 33	 19	 56	  0	 19	  0	  0	  0	  0	  0	  0	  0	  0	  0	  0	  0	  5	10265	  0
