15/02/2017	19:02:27	->	L	00000000	 10	 27	 21	 66	  0	  3	  0	  5	  5	  5	  5	  5	  5	  5	  5	  0	  0	  0	  0	  0	  0	  0	  0	  0	  0	  0	  0	  0	  0	  0	  0	  0	  0	  0	  0	  0	  0	  0	  0	 27	 21	 66	 24	  0	 82	  0	  0	  0	  0	  0	  0	  0	  0	  0	  0	  0	  5	6924	  1
15/02/2017	19:07:27	->	L	00000000	 10	 28	 21	 56	  0	  8	  0	  5	  5	  5	  5	  5	  5	  5	  5	  0	  0	  0	  0	  0	  0	  0	  0	  0	  0	  0	  0	  0	  0	  0	  0	  0	  0	  0	  0	  0	  0	  0	  0	 27	 21	 66	 28	  0	 61	  0	  0	  0	  0	  0	  0	  0	  0	  0	  0	  0	  5	7181	  1
15/02/2017	19:12:27	->	L	00000000	 10	 29	 21	 56	  0	 13	  0	  5	  5	  5	  5	  5	  5	  5	  5	  0	  0	  0	  0	  0	  0	  0	  0	  0	  0	  0	  0	  0	  0	  0	  0	  0	  0	  0	  0	  0	  0	  0	  0	 28	 21	 61	 29	  0	 56	  0	  0	  0	  0	  0	  0	  0	  0	  0	  0	  0	  5	7181	  1
15/02/2017	19:17:27	->	L	00000000	 10	 32	 22	 49	  0	 18	  0	  4	  4	  4	  4	  4	  4	  4	  5	  0	  0	  0	  0	  0	  0	  0	  0	  0	  0	  0	  0	  0	  0	  0	  0	  0	  0	  0	  0	  0	  0	  0	  0	 29	 22	 61	 31	  0	 49	  0	  0	  0	  0	  0	  0	  0	  0	  0	  0	  0	  5	7438	  1
15/02/2017	19:22:27	->	L	00000000	 10	 40	 23	 25	  0	 23	  0	  4	  4	  4	  4	  4	  4	  4	  4	  0	  0	  0	  0	  0	  0	  0	  0	  0	  0	  0	  0	  0	  0	  0	  0	  0	  0	  0	  0	  0	  0	  0	  0	 30	 23	 61	 40	  0	 27	  0	  0	  0	  0	  0	  0	  0	  0	  0	  0	  0	  5	7695	  1
15/02/2017	19:27:27	->	L	00000000	 10	 29	 23	 66	  0	 28	  0	  4	  4	  4	  4	  4	  4	  4	  4	  0	  0	  0	  0	  0	  0	  0	  0	  0	  0	  0	  0	  0	  0	  0	  0	  0	  0	  0	  0	  0	  0	  0	  0	 29	 23	 66	 29	  0	 66	  0	  0	  0	  0	  0	  0	  0	  0	  0	  0	  0	  5	7952	  1
15/02/2017	19:32:27	->	L	00000000	 10	 31	 23	 53	  0	 33	  0	  4	  4	  4	  4	  4	  4	  4	  4	  0	  0	  0	  0	  0	  0	  0	  0	  0	  0	  0	  0	  0	  0	  0	  0	  0	  0	  0	  0	  0	  0	  0	  0	 29	 23	 66	 31	  0	 57	  0	  0	  0	  0	  0	  0	  0	  0	  0	  0	  0	  5	7952	  1
15/02/2017	19:37:27	->	L	00000000	 10	 33	 23	 46	  0	 38	  0	  4	  4	  4	  4	  4	  4	  4	  4	  0	  0	  0	  0	  0	  0	  0	  0	  0	  0	  0	  0	  0	  0	  0	  0	  0	  0	  0	  0	  0	  0	  0	  0	 30	 23	 61	 33	  0	 50	  0	  0	  0	  0	  0	  0	  0	  0	  0	  0	  0	  5	8209	  1
15/02/2017	19:42:27	->	L	00000000	 10	 34	 23	 50	  0	 43	  0	  4	  4	  4	  4	  4	  4	  4	  4	  0	  0	  0	  0	  0	  0	  0	  0	  0	  0	  0	  0	  0	  0	  0	  0	  0	  0	  0	  0	  0	  0	  0	  0	 30	 23	 61	 34	  0	 46	  0	  0	  0	  0	  0	  0	  0	  0	  0	  0	  0	  5	8466	  1
15/02/2017	19:47:27	->	L	00000000	 10	 35	 24	 46	  0	 48	  0	  4	  4	  4	  4	  4	  4	  4	  4	  0	  0	  0	  0	  0	  0	  0	  0	  0	  0	  0	  0	  0	  0	  0	  0	  0	  0	  0	  0	  0	  0	  0	  0	 31	 24	 61	 35	  0	 46	  0	  0	  0	  0	  0	  0	  0	  0	  0	  0	  0	  5	8723	  1
15/02/2017	19:52:27	->	L	00000000	 10	 33	 24	 54	  0	 53	  0	  4	  4	  4	  4	  4	  4	  4	  4	  0	  0	  0	  0	  0	  0	  0	  0	  0	  0	  0	  0	  0	  0	  0	  0	  0	  0	  0	  0	  0	  0	  0	  0	 30	 24	 66	 33	  0	 54	  0	  0	  0	  0	  0	  0	  0	  0	  0	  0	  0	  5	8723	  1
15/02/2017	19:57:27	->	L	00000000	 10	 39	 24	 39	  0	 58	  0	  4	  4	  4	  4	  4	  4	  4	  4	  0	  0	  0	  0	  0	  0	  0	  0	  0	  0	  0	  0	  0	  0	  0	  0	  0	  0	  0	  0	  0	  0	  0	  0	 31	 24	 61	 39	  0	 34	  0	  0	  0	  0	  0	  0	  0	  0	  0	  0	  0	  5	8980	  1
15/02/2017	20:02:27	->	L	00000000	 10	 41	 25	 31	  0	 63	  0	  4	  4	  4	  4	  4	  4	  4	  4	  0	  0	  0	  0	  0	  0	  0	  0	  0	  0	  0	  0	  0	  0	  0	  0	  0	  0	  0	  0	  0	  0	  0	  0	 32	 25	 62	 41	  0	 31	  0	  0	  0	  0	  0	  0	  0	  0	  0	  0	  0	  5	9237	  1
15/02/2017	20:07:27	->	L	00000000	 10	 35	 25	 50	  0	 68	  0	  4	  4	  4	  4	  4	  4	  4	  4	  0	  0	  0	  0	  0	  0	  0	  0	  0	  0	  0	  0	  0	  0	  0	  0	  0	  0	  0	  0	  0	  0	  0	  0	 31	 25	 66	 35	  0	 50	  0	  0	  0	  0	  0	  0	  0	  0	  0	  0	  0	  5	9494	  1
15/02/2017	20:12:27	->	L	00000000	 10	 36	 25	 50	  0	 73	  0	  4	  4	  4	  4	  4	  4	  4	  4	  0	  0	  0	  0	  0	  0	  0	  0	  0	  0	  0	  0	  0	  0	  0	  0	  0	  0	  0	  0	  0	  0	  0	  0	 31	 25	 66	 36	  0	 46	  0	  0	  0	  0	  0	  0	  0	  0	  0	  0	  0	  5	9494	  1
15/02/2017	20:17:27	->	L	00000000	 10	 42	 25	 28	  0	 78	  0	  4	  4	  4	  4	  4	  4	  4	  4	  0	  0	  0	  0	  0	  0	  0	  0	  0	  0	  0	  0	  0	  0	  0	  0	  0	  0	  0	  0	  0	  0	  0	  0	 32	 25	 62	 42	  0	 28	  0	  0	  0	  0	  0	  0	  0	  0	  0	  0	  0	  5	9751	  1
15/02/2017	20:22:27	->	L	00000000	 10	 42	 26	 31	  0	 83	  0	  4	  4	  4	  4	  4	  4	  4	  4	  0	  0	  0	  0	  0	  0	  0	  0	  0	  0	  0	  0	  0	  0	  0	  0	  0	  0	  0	  0	  0	  0	  0	  0	 33	 26	 62	 42	  0	 31	  0	  0	  0	  0	  0	  0	  0	  0	  0	  0	  0	  5	10008	  1
15/02/2017	20:27:27	->	L	00000000	 10	 43	 27	 32	  0	 88	  0	  4	  4	  4	  4	  4	  4	  4	  4	  0	  0	  0	  0	  0	  0	  0	  0	  0	  0	  0	  0	  0	  0	  0	  0	  0	  0	  0	  0	  0	  0	  0	  0	 34	 27	 62	 43	  0	 32	  0	  0	  0	  0	  0	  0	  0	  0	  0	  0	  0	  5	10008	  1
15/02/2017	20:32:27	->	L	00000000	 10	 41	 27	 36	  0	 93	  0	  4	  4	  4	  4	  4	  4	  4	  4	  0	  0	  0	  0	  0	  0	  0	  0	  0	  0	  0	  0	  0	  0	  0	  0	  0	  0	  0	  0	  0	  0	  0	  0	 34	 27	 62	 41	  0	 38	  0	  0	  0	  0	  0	  0	  0	  0	  0	  0	  0	  5	10265	  1
15/02/2017	20:37:27	->	L	00000000	 10	 39	 27	 40	  0	 98	  0	  4	  4	  4	  4	  4	  4	  4	  4	  0	  0	  0	  0	  0	  0	  0	  0	  0	  0	  0	  0	  0	  0	  0	  0	  0	  0	  0	  0	  0	  0	  0	  0	 34	 27	 62	 39	  0	 44	  0	  0	  0	  0	  0	  0	  0	  0	  0	  0	  0	  5	10522	  1
15/02/2017	20:42:27	->	L	00000000	 10	 44	 27	 36	  0	103	  0	  4	  4	  4	  4	  4	  4	  4	  4	  0	  0	  0	  0	  0	  0	  0	  0	  0	  0	  0	  0	  0	  0	  0	  0	  0	  0	  0	  0	  0	  0	  0	  0	 34	 27	 62	 44	  0	 29	  0	  0	  0	  0	  0	  0	  0	  0	  0	  0	  0	  5	10779	  1
15/02/2017	20:47:27	->	L	00000000	 10	 45	 28	 36	  0	108	  0	  4	  4	  4	  4	  4	  4	  4	  4	  0	  0	  0	  0	  0	  0	  0	  0	  0	  0	  0	  0	  0	  0	  0	  0	  0	  0	  0	  0	  0	  0	  0	  0	 36	 28	 58	 45	  0	 29	  0	  0	  0	  0	  0	  0	  0	  0	  0	  0	  0	  5	10779	  1
15/02/2017	20:52:27	->	L	00000000	 10	 48	 29	 26	  0	113	  0	  4	  4	  4	  4	  4	  4	  4	  4	  0	  0	  0	  0	  0	  0	  0	  0	  0	  0	  0	  0	  0	  0	  0	  0	  0	  0	  0	  0	  0	  0	  0	  0	 37	 29	 59	 48	  0	 26	  0	  0	  0	  0	  0	  0	  0	  0	  0	  0	  0	  5	11036	  1
15/02/2017	20:57:27	->	L	00000000	 10	 44	 29	 36	  0	118	  0	  4	  4	  4	  4	  4	  4	  4	  4	  0	  0	  0	  0	  0	  0	  0	  0	  0	  0	  0	  0	  0	  0	  0	  0	  0	  0	  0	  0	  0	  0	  0	  0	 36	 29	 63	 44	  0	 36	  0	  0	  0	  0	  0	  0	  0	  0	  0	  0	  0	  5	11293	  1
15/02/2017	21:02:27	<-	L	00000000	 10	 42	 29	 38	  0	123	  0	  4	  4	  4	  4	  4	  4	  4	  4	  0	  0	  0	  0	  0	  0	  0	  0	  0	  0	  0	  0	  0	  0	  0	  0	  0	  0	  0	  0	  0	  0	  0	  0	 36	 29	 63	 42	  0	 41	  0	  0	  0	  0	  0	  0	  0	  0	  0	  0	  0	  5	11550	  1
15/02/2017	21:07:27	<-	L	00000000	 10	 45	 33	 46	  0	128	  0	  4	  4	  4	  4	  4	  4	  4	  4	  0	  0	  0	  0	  0	  0	  0	  0	  0	  0	  0	  0	  0	  0	  0	  0	  0	  0	  0	  0	  0	  0	  0	  0	 45	 33	 46	 37	  0	 78	  0	  0	  0	  0	  0	  0	  0	  0	  0	  0	  0	  5	11550	  1
15/02/2017	21:12:27	<-	L	00000000	 10	 44	 32	 46	  0	133	  0	  4	  4	  4	  4	  4	  4	  4	  4	  0	  0	  0	  0	  0	  0	  0	  0	  0	  0	  0	  0	  0	  0	  0	  0	  0	  0	  0	  0	  0	  0	  0	  0	 44	 32	 46	 36	  0	 78	  0	  0	  0	  0	  0	  0	  0	  0	  0	  0	  0	  5	11807	  1
15/02/2017	21:17:27	<-	L	00000000	 10	 50	 33	 34	  0	138	  0	  4	  4	  4	  4	  4	  4	  4	  4	  0	  0	  0	  0	  0	  0	  0	  0	  0	  0	  0	  0	  0	  0	  0	  0	  0	  0	  0	  0	  0	  0	  0	  0	 50	 33	 31	 39	  0	 68	  0	  0	  0	  0	  0	  0	  0	  0	  0	  0	  0	  5	12064	  1
15/02/2017	21:22:27	<-	L	00000000	 10	 49	 34	 35	  0	143	  0	  4	  4	  4	  4	  4	  4	  4	  4	  0	  0	  0	  0	  0	  0	  0	  0	  0	  0	  0	  0	  0	  0	  0	  0	  0	  0	  0	  0	  0	  0	  0	  0	 49	 34	 38	 39	  0	 75	  0	  0	  0	  0	  0	  0	  0	  0	  0	  0	  0	  5	12321	  1
15/02/2017	21:27:27	<-	L	00000000	 10	 46	 34	 47	  0	148	  0	  4	  4	  4	  4	  4	  4	  4	  4	  0	  0	  0	  0	  0	  0	  0	  0	  0	  0	  0	  0	  0	  0	  0	  0	  0	  0	  0	  0	  0	  0	  0	  0	 46	 34	 47	 37	  0	 84	  0	  0	  0	  0	  0	  0	  0	  0	  0	  0	  0	  5	12321	  1
15/02/2017	21:32:27	<-	L	00000000	 10	 52	 35	 32	  0	153	  0	  4	  4	  4	  4	  4	  4	  4	  4	  0	  0	  0	  0	  0	  0	  0	  0	  0	  0	  0	  0	  0	  0	  0	  0	  0	  0	  0	  0	  0	  0	  0	  0	 52	 35	 32	 41	  0	 68	  0	  0	  0	  0	  0	  0	  0	  0	  0	  0	  0	  5	12578	  1
15/02/2017	21:37:27	<-	L	00000000	 10	 49	 35	 38	  0	158	  0	  4	  4	  4	  4	  4	  4	  4	  4	  0	  0	  0	  0	  0	  0	  0	  0	  0	  0	  0	  0	  0	  0	  0	  0	  0	  0	  0	  0	  0	  0	  0	  0	 49	 35	 41	 39	  0	 78	  0	  0	  0	  0	  0	  0	  0	  0	  0	  0	  0	  5	12835	  1
15/02/2017	21:42:27	<-	L	00000000	 10	 50	 35	 41	  0	163	  0	  4	  4	  4	  4	  4	  4	  4	  4	  0	  0	  0	  0	  0	  0	  0	  0	  0	  0	  0	  0	  0	  0	  0	  0	  0	  0	  0	  0	  0	  0	  0	  0	 50	 35	 38	 41	  0	 68	  0	  0	  0	  0	  0	  0	  0	  0	  0	  0	  0	  5	12835	  1
15/02/2017	21:47:27	<-	L	00000000	 10	 53	 37	 33	  0	168	  0	  4	  4	  4	  4	  4	  4	  4	  4	  0	  0	  0	  0	  0	  0	  0	  0	  0	  0	  0	  0	  0	  0	  0	  0	  0	  0	  0	  0	  0	  0	  0	  0	 53	 37	 36	 42	  0	 76	  0	  0	  0	  0	  0	  0	  0	  0	  0	  0	  0	  5	13092	  1
15/02/2017	21:52:27	<-	L	00000000	 10	 53	 37	 33	  0	173	  0	  4	  4	  4	  4	  4	  4	  4	  4	  0	  0	  0	  0	  0	  0	  0	  0	  0	  0	  0	  0	  0	  0	  0	  0	  0	  0	  0	  0	  0	  0	  0	  0	 53	 37	 36	 42	  0	 76	  0	  0	  0	  0	  0	  0	  0	  0	  0	  0	  0	  5	13349	  1
15/02/2017	21:57:27	<-	L	00000000	 10	 51	 37	 44	  0	178	  0	  4	  4	  4	  4	  4	  4	  4	  4	  0	  0	  0	  0	  0	  0	  0	  0	  0	  0	  0	  0	  0	  0	  0	  0	  0	  0	  0	  0	  0	  0	  0	  0	 51	 37	 41	 41	  0	 78	  0	  0	  0	  0	  0	  0	  0	  0	  0	  0	  0	  5	13606	  1
15/02/2017	22:02:27	<-	L	00000000	 10	 57	 39	 30	  0	183	  0	  4	  4	  4	  4	  4	  4	  4	  4	  0	  0	  0	  0	  0	  0	  0	  0	  0	  0	  0	  0	  0	  0	  0	  0	  0	  0	  0	  0	  0	  0	  0	  0	 57	 39	 33	 45	  0	 69	  0	  0	  0	  0	  0	  0	  0	  0	  0	  0	  0	  5	13606	  1
15/02/2017	22:07:27	<-	L	00000000	 10	 53	 39	 40	  0	188	  0	  4	  4	  4	  4	  4	  4	  4	  4	  0	  0	  0	  0	  0	  0	  0	  0	  0	  0	  0	  0	  0	  0	  0	  0	  0	  0	  0	  0	  0	  0	  0	  0	 53	 39	 42	 43	  0	 79	  0	  0	  0	  0	  0	  0	  0	  0	  0	  0	  0	  5	13863	  1
15/02/2017	22:12:27	<-	L	00000000	 10	 58	 40	 33	  0	193	  0	  4	  4	  4	  4	  4	  4	  4	  4	  0	  0	  0	  0	  0	  0	  0	  0	  0	  0	  0	  0	  0	  0	  0	  0	  0	  0	  0	  0	  0	  0	  0	  0	 58	 40	 33	 46	  0	 69	  0	  0	  0	  0	  0	  0	  0	  0	  0	  0	  0	  5	14120	  1
15/02/2017	22:17:39	<-	L	00000000	 10	 55	 40	 37	  0	198	  0	  4	  4	  4	  4	  4	  4	  4	  4	  0	  0	  0	  0	  0	  0	  0	  0	  0	  0	  0	  0	  0	  0	  0	  0	  0	  0	  0	  0	  0	  0	  0	  0	 55	 40	 40	 44	  0	 79	  0	  0	  0	  0	  0	  0	  0	  0	  0	  0	  0	  5	14377	  1
15/02/2017	22:22:27	<-	L	00000000	 10	 55	 40	 42	  0	203	  0	  4	  4	  4	  4	  4	  4	  4	  4	  0	  0	  0	  0	  0	  0	  0	  0	  0	  0	  0	  0	  0	  0	  0	  0	  0	  0	  0	  0	  0	  0	  0	  0	 55	 40	 40	 45	  0	 76	  0	  0	  0	  0	  0	  0	  0	  0	  0	  0	  0	  5	14377	  1
15/02/2017	22:27:27	<-	L	00000000	 10	 60	 41	 29	  0	208	  0	  4	  4	  4	  4	  4	  4	  4	  4	  0	  0	  0	  0	  0	  0	  0	  0	  0	  0	  0	  0	  0	  0	  0	  0	  0	  0	  0	  0	  0	  0	  0	  0	 60	 41	 31	 48	  0	 66	  0	  0	  0	  0	  0	  0	  0	  0	  0	  0	  0	  5	14634	  1
15/02/2017	22:32:27	<-	L	00000000	 10	 55	 41	 43	  0	213	  0	  4	  4	  4	  4	  4	  4	  4	  4	  0	  0	  0	  0	  0	  0	  0	  0	  0	  0	  0	  0	  0	  0	  0	  0	  0	  0	  0	  0	  0	  0	  0	  0	 55	 41	 43	 46	  0	 76	  0	  0	  0	  0	  0	  0	  0	  0	  0	  0	  0	  5	14891	  1
15/02/2017	22:37:27	<-	L	00000000	 10	 63	 42	 31	  0	218	  0	  4	  4	  4	  4	  4	  4	  4	  4	  0	  0	  0	  0	  0	  0	  0	  0	  0	  0	  0	  0	  0	  0	  0	  0	  0	  0	  0	  0	  0	  0	  0	  0	 63	 42	 26	 50	  0	 62	  0	  0	  0	  0	  0	  0	  0	  0	  0	  0	  0	  5	15148	  1
15/02/2017	22:42:27	<-	L	00000000	 10	 59	 43	 36	  0	223	  0	  4	  4	  4	  4	  4	  4	  4	  4	  0	  0	  0	  0	  0	  0	  0	  0	  0	  0	  0	  0	  0	  0	  0	  0	  0	  0	  0	  0	  0	  0	  0	  0	 59	 43	 38	 48	  0	 77	  0	  0	  0	  0	  0	  0	  0	  0	  0	  0	  0	  5	15148	  1
15/02/2017	22:47:27	<-	L	00000000	 10	 60	 43	 38	  0	228	  0	  4	  4	  4	  4	  4	  4	  4	  4	  0	  0	  0	  0	  0	  0	  0	  0	  0	  0	  0	  0	  0	  0	  0	  0	  0	  0	  0	  0	  0	  0	  0	  0	 60	 43	 36	 49	  0	 70	  0	  0	  0	  0	  0	  0	  0	  0	  0	  0	  0	  5	15405	  1
15/02/2017	22:52:27	<-	L	00000000	 10	 63	 44	 31	  0	233	  0	  4	  4	  4	  4	  4	  4	  4	  4	  0	  0	  0	  0	  0	  0	  0	  0	  0	  0	  0	  0	  0	  0	  0	  0	  0	  0	  0	  0	  0	  0	  0	  0	 63	 44	 32	 50	  0	 70	  0	  0	  0	  0	  0	  0	  0	  0	  0	  0	  0	  5	15662	  1
15/02/2017	22:57:27	<-	L	00000000	 10	 57	 43	 43	  0	238	  0	  4	  4	  4	  4	  4	  4	  4	  4	  0	  0	  0	  0	  0	  0	  0	  0	  0	  0	  0	  0	  0	  0	  0	  0	  0	  0	  0	  0	  0	  0	  0	  0	 57	 43	 43	 48	  0	 77	  0	  0	  0	  0	  0	  0	  0	  0	  0	  0	  0	  5	15919	  1
15/02/2017	23:02:27	  	L	00000000	 10	 64	 45	 32	  0	243	  0	  4	  4	  4	  4	  4	  4	  4	  4	  0	  0	  0	  0	  0	  0	  0	  0	  0	  0	  0	  0	  0	  0	  0	  0	  0	  0	  0	  0	  0	  0	  0	  0	 64	 45	 33	 51	  0	 70	  0	  0	  0	  0	  0	  0	  0	  0	  0	  0	  0	  5	15919	  1
15/02/2017	23:07:27	->	L	00000000	 10	 63	 43	 27	  0	248	  0	  4	  4	  4	  4	  4	  4	  4	  4	  0	  0	  0	  0	  0	  0	  0	  0	  0	  0	  0	  0	  0	  0	  0	  0	  0	  0	  0	  0	  0	  0	  0	  0	 54	 43	 52	 63	  0	 30	  0	  0	  0	  0	  0	  0	  0	  0	  0	  0	  0	  5	16176	  1
15/02/2017	23:12:27	->	L	00000000	 10	 62	 42	 31	  0	253	  0	  4	  4	  4	  4	  4	  4	  4	  4	  0	  0	  0	  0	  0	  0	  0	  0	  0	  0	  0	  0	  0	  0	  0	  0	  0	  0	  0	  0	  0	  0	  0	  0	 51	 42	 59	 62	  0	 30	  0	  0	  0	  0	  0	  0	  0	  0	  0	  0	  0	  5	16433	  1
15/02/2017	23:17:27	->	L	00000000	 10	 63	 42	 27	  0	258	  0	  4	  4	  4	  4	  4	  4	  4	  4	  0	  0	  0	  0	  0	  0	  0	  0	  0	  0	  0	  0	  0	  0	  0	  0	  0	  0	  0	  0	  0	  0	  0	  0	 51	 42	 59	 63	  0	 26	  0	  0	  0	  0	  0	  0	  0	  0	  0	  0	  0	  5	16433	  1
15/02/2017	23:22:27	->	L	00000000	 10	 64	 43	 25	  0	263	  0	  4	  4	  4	  4	  4	  4	  4	  4	  0	  0	  0	  0	  0	  0	  0	  0	  0	  0	  0	  0	  0	  0	  0	  0	  0	  0	  0	  0	  0	  0	  0	  0	 51	 43	 62	 64	  0	 27	  0	  0	  0	  0	  0	  0	  0	  0	  0	  0	  0	  5	16690	  1
15/02/2017	23:27:27	->	L	00000000	 10	 64	 43	 26	  0	268	  0	  4	  4	  4	  4	  4	  4	  4	  4	  0	  0	  0	  0	  0	  0	  0	  0	  0	  0	  0	  0	  0	  0	  0	  0	  0	  0	  0	  0	  0	  0	  0	  0	 52	 43	 59	 64	  0	 26	  0	  0	  0	  0	  0	  0	  0	  0	  0	  0	  0	  5	16947	  1
15/02/2017	23:32:27	->	L	00000000	 10	 66	 43	 26	  0	273	  0	  4	  4	  4	  4	  4	  4	  4	  4	  0	  0	  0	  0	  0	  0	  0	  0	  0	  0	  0	  0	  0	  0	  0	  0	  0	  0	  0	  0	  0	  0	  0	  0	 52	 43	 59	 66	  0	 24	  0	  0	  0	  0	  0	  0	  0	  0	  0	  0	  0	  5	17204	  1
15/02/2017	23:37:27	->	L	00000000	 10	 66	 44	 26	  0	278	  0	  4	  4	  4	  4	  4	  4	  4	  4	  0	  0	  0	  0	  0	  0	  0	  0	  0	  0	  0	  0	  0	  0	  0	  0	  0	  0	  0	  0	  0	  0	  0	  0	 52	 44	 63	 66	  0	 26	  0	  0	  0	  0	  0	  0	  0	  0	  0	  0	  0	  5	17204	  1
15/02/2017	23:42:27	->	L	00000000	 10	 67	 44	 26	  0	283	  0	  4	  4	  4	  4	  4	  4	  4	  4	  0	  0	  0	  0	  0	  0	  0	  0	  0	  0	  0	  0	  0	  0	  0	  0	  0	  0	  0	  0	  0	  0	  0	  0	 52	 44	 63	 67	  0	 24	  0	  0	  0	  0	  0	  0	  0	  0	  0	  0	  0	  5	17461	  1
15/02/2017	23:47:27	->	L	00000000	 10	 69	 45	 23	  0	288	  0	  4	  4	  4	  4	  4	  4	  4	  4	  0	  0	  0	  0	  0	  0	  0	  0	  0	  0	  0	  0	  0	  0	  0	  0	  0	  0	  0	  0	  0	  0	  0	  0	 54	 45	 60	 69	  0	 25	  0	  0	  0	  0	  0	  0	  0	  0	  0	  0	  0	  5	17718	  1
15/02/2017	23:52:27	->	L	00000000	 10	 66	 45	 28	  0	293	  0	  4	  4	  4	  4	  4	  4	  4	  4	  0	  0	  0	  0	  0	  0	  0	  0	  0	  0	  0	  0	  0	  0	  0	  0	  0	  0	  0	  0	  0	  0	  0	  0	 53	 45	 63	 66	  0	 28	  0	  0	  0	  0	  0	  0	  0	  0	  0	  0	  0	  5	17975	  1
15/02/2017	23:57:27	->	L	00000000	 10	 70	 45	 25	  0	298	  0	  4	  4	  4	  4	  4	  4	  4	  4	  0	  0	  0	  0	  0	  0	  0	  0	  0	  0	  0	  0	  0	  0	  0	  0	  0	  0	  0	  0	  0	  0	  0	  0	 54	 45	 60	 70	  0	 23	  0	  0	  0	  0	  0	  0	  0	  0	  0	  0	  0	  5	17975	  1
16/02/2017	00:05:57	->	L	00000000	 21	 74	 47	 23	  0	  5	  0	  4	  4	  4	  4	  4	  4	  4	  4	  0	  0	  0	  0	  0	  0	  0	  0	  0	  0	  0	  0	  0	  0	  0	  0	  0	  0	  0	  0	  0	  0	  0	  0	 57	 47	 57	 74	  0	 23	  0	  0	  0	  0	  0	  0	  0	  0	  0	  0	  0	  5	21828	  0
16/02/2017	00:10:59	->	L	00000000	 21	 75	 47	 22	  0	 10	  0	  4	  4	  4	  4	  4	  4	  4	  4	  0	  0	  0	  0	  0	  0	  0	  0	  0	  0	  0	  0	  0	  0	  0	  0	  0	  0	  0	  0	  0	  0	  0	  0	 57	 47	 57	 75	  0	 22	  0	  0	  0	  0	  0	  0	  0	  0	  0	  0	  0	  5	21828	  0
16/02/2017	00:15:57	->	L	00000000	 21	 76	 48	 22	  0	 15	  0	  4	  4	  4	  4	  4	  4	  4	  4	  0	  0	  0	  0	  0	  0	  0	  0	  0	  0	  0	  0	  0	  0	  0	  0	  0	  0	  0	  0	  0	  0	  0	  0	 58	 48	 57	 76	  0	 22	  0	  0	  0	  0	  0	  0	  0	  0	  0	  0	  0	  5	21828	  0
16/02/2017	00:20:57	->	L	00000000	 21	 77	 48	 22	  0	 20	  0	  4	  4	  4	  4	  4	  4	  4	  4	  0	  0	  0	  0	  0	  0	  0	  0	  0	  0	  0	  0	  0	  0	  0	  0	  0	  0	  0	  0	  0	  0	  0	  0	 58	 48	 57	 77	  0	 22	  0	  0	  0	  0	  0	  0	  0	  0	  0	  0	  0	  5	21828	  0
16/02/2017	00:25:57	->	L	00000000	 21	 77	 49	 22	  0	 25	  0	  4	  4	  4	  4	  4	  4	  4	  4	  0	  0	  0	  0	  0	  0	  0	  0	  0	  0	  0	  0	  0	  0	  0	  0	  0	  0	  0	  0	  0	  0	  0	  0	 59	 49	 57	 77	  0	 23	  0	  0	  0	  0	  0	  0	  0	  0	  0	  0	  0	  5	21828	  0
16/02/2017	00:30:57	->	L	00000000	 21	 77	 49	 23	  0	 30	  0	  4	  4	  4	  4	  4	  4	  4	  4	  0	  0	  0	  0	  0	  0	  0	  0	  0	  0	  0	  0	  0	  0	  0	  0	  0	  0	  0	  0	  0	  0	  0	  0	 59	 49	 57	 77	  0	 23	  0	  0	  0	  0	  0	  0	  0	  0	  0	  0	  0	  5	21828	  0
16/02/2017	00:35:57	->	L	00000000	 21	 76	 49	 26	  0	 35	  0	  4	  4	  4	  4	  4	  4	  4	  4	  0	  0	  0	  0	  0	  0	  0	  0	  0	  0	  0	  0	  0	  0	  0	  0	  0	  0	  0	  0	  0	  0	  0	  0	 59	 49	 57	 76	  0	 24	  0	  0	  0	  0	  0	  0	  0	  0	  0	  0	  0	  5	21828	  0
16/02/2017	00:40:57	->	L	00000000	 21	 76	 50	 26	  0	 40	  0	  4	  4	  4	  4	  4	  4	  4	  4	  0	  0	  0	  0	  0	  0	  0	  0	  0	  0	  0	  0	  0	  0	  0	  0	  0	  0	  0	  0	  0	  0	  0	  0	 60	 50	 58	 76	  0	 26	  0	  0	  0	  0	  0	  0	  0	  0	  0	  0	  0	  5	21828	  0
16/02/2017	00:45:57	->	L	00000000	 21	 75	 50	 25	  0	 45	  0	  4	  4	  4	  4	  4	  4	  4	  4	  0	  0	  0	  0	  0	  0	  0	  0	  0	  0	  0	  0	  0	  0	  0	  0	  0	  0	  0	  0	  0	  0	  0	  0	 59	 50	 61	 75	  0	 25	  0	  0	  0	  0	  0	  0	  0	  0	  0	  0	  0	  5	21828	  0
16/02/2017	00:50:57	->	L	00000000	 21	 74	 50	 27	  0	 50	  0	  4	  4	  4	  4	  4	  4	  4	  4	  0	  0	  0	  0	  0	  0	  0	  0	  0	  0	  0	  0	  0	  0	  0	  0	  0	  0	  0	  0	  0	  0	  0	  0	 59	 50	 61	 74	  0	 27	  0	  0	  0	  0	  0	  0	  0	  0	  0	  0	  0	  5	20535	  0
16/02/2017	00:55:57	->	L	00000000	 21	 68	 50	 39	  0	 55	  0	  4	  4	  4	  4	  4	  4	  4	  4	  0	  0	  0	  0	  0	  0	  0	  0	  0	  0	  0	  0	  0	  0	  0	  0	  0	  0	  0	  0	  0	  0	  0	  0	 57	 50	 68	 68	  0	 37	  0	  0	  0	  0	  0	  0	  0	  0	  0	  0	  0	  5	17975	  0
16/02/2017	01:00:57	->	L	00000000	 21	 71	 50	 30	  0	 60	  0	  4	  4	  4	  4	  4	  4	  4	  4	  0	  0	  0	  0	  0	  0	  0	  0	  0	  0	  0	  0	  0	  0	  0	  0	  0	  0	  0	  0	  0	  0	  0	  0	 57	 50	 68	 71	  0	 30	  0	  0	  0	  0	  0	  0	  0	  0	  0	  0	  0	  5	17975	  0
16/02/2017	01:05:57	->	L	00000000	 21	 67	 50	 39	  0	 65	  0	  4	  4	  4	  4	  4	  4	  4	  4	  0	  0	  0	  0	  0	  0	  0	  0	  0	  0	  0	  0	  0	  0	  0	  0	  0	  0	  0	  0	  0	  0	  0	  0	 56	 50	 71	 67	  0	 39	  0	  0	  0	  0	  0	  0	  0	  0	  0	  0	  0	  5	17975	  0
16/02/2017	01:10:57	->	L	00000000	 21	 70	 50	 33	  0	 70	  0	  4	  4	  4	  4	  4	  4	  4	  4	  0	  0	  0	  0	  0	  0	  0	  0	  0	  0	  0	  0	  0	  0	  0	  0	  0	  0	  0	  0	  0	  0	  0	  0	 57	 50	 68	 70	  0	 33	  0	  0	  0	  0	  0	  0	  0	  0	  0	  0	  0	  5	17975	  0
16/02/2017	01:15:57	->	L	00000000	 21	 68	 50	 37	  0	 75	  0	  4	  4	  4	  4	  4	  4	  4	  4	  0	  0	  0	  0	  0	  0	  0	  0	  0	  0	  0	  0	  0	  0	  0	  0	  0	  0	  0	  0	  0	  0	  0	  0	 56	 50	 71	 68	  0	 37	  0	  0	  0	  0	  0	  0	  0	  0	  0	  0	  0	  5	17975	  0
16/02/2017	01:20:57	->	L	00000000	 21	 69	 50	 33	  0	 80	  0	  4	  4	  4	  4	  4	  4	  4	  4	  0	  0	  0	  0	  0	  0	  0	  0	  0	  0	  0	  0	  0	  0	  0	  0	  0	  0	  0	  0	  0	  0	  0	  0	 57	 50	 68	 69	  0	 35	  0	  0	  0	  0	  0	  0	  0	  0	  0	  0	  0	  5	17975	  0
16/02/2017	01:25:57	->	L	00000000	 21	 68	 50	 37	  0	 85	  0	  4	  4	  4	  4	  4	  4	  4	  4	  0	  0	  0	  0	  0	  0	  0	  0	  0	  0	  0	  0	  0	  0	  0	  0	  0	  0	  0	  0	  0	  0	  0	  0	 56	 50	 71	 68	  0	 37	  0	  0	  0	  0	  0	  0	  0	  0	  0	  0	  0	  5	17975	  0
16/02/2017	01:30:57	->	L	00000000	 21	 70	 50	 33	  0	 90	  0	  4	  4	  4	  4	  4	  4	  4	  4	  0	  0	  0	  0	  0	  0	  0	  0	  0	  0	  0	  0	  0	  0	  0	  0	  0	  0	  0	  0	  0	  0	  0	  0	 57	 50	 68	 70	  0	 33	  0	  0	  0	  0	  0	  0	  0	  0	  0	  0	  0	  5	17975	  0
16/02/2017	01:35:57	->	L	00000000	 21	 68	 50	 37	  0	 95	  0	  4	  4	  4	  4	  4	  4	  4	  4	  0	  0	  0	  0	  0	  0	  0	  0	  0	  0	  0	  0	  0	  0	  0	  0	  0	  0	  0	  0	  0	  0	  0	  0	 56	 50	 71	 68	  0	 37	  0	  0	  0	  0	  0	  0	  0	  0	  0	  0	  0	  5	17975	  0
16/02/2017	01:40:57	->	L	00000000	 21	 69	 50	 35	  0	100	  0	  4	  4	  4	  4	  4	  4	  4	  4	  0	  0	  0	  0	  0	  0	  0	  0	  0	  0	  0	  0	  0	  0	  0	  0	  0	  0	  0	  0	  0	  0	  0	  0	 57	 50	 68	 69	  0	 35	  0	  0	  0	  0	  0	  0	  0	  0	  0	  0	  0	  5	17975	  0
16/02/2017	01:45:57	->	L	00000000	 21	 68	 50	 35	  0	105	  0	  4	  4	  4	  4	  4	  4	  4	  4	  0	  0	  0	  0	  0	  0	  0	  0	  0	  0	  0	  0	  0	  0	  0	  0	  0	  0	  0	  0	  0	  0	  0	  0	 57	 50	 68	 68	  0	 37	  0	  0	  0	  0	  0	  0	  0	  0	  0	  0	  0	  5	17975	  0
16/02/2017	01:50:58	  	L	00000000	  4	  4	  4	  1	  0	  0	  0	  4	  4	  4	  4	  4	  4	  4	  4	  0	  0	  0	  0	  0	  0	  0	  0	  0	  0	  0	  0	  0	  0	  0	  0	  0	  0	  0	  0	  0	  0	  0	  0	  0	  0	  0	  0	  0	  0	  0	  0	  0	  0	  0	  0	  0	  0	  0	  0	  0	  5	1285	1536
16/02/2017	01:55:57	->	L	00000000	 21	 69	 50	 35	  0	115	  0	  4	  4	  4	  4	  4	  4	  4	  4	  0	  0	  0	  0	  0	  0	  0	  0	  0	  0	  0	  0	  0	  0	  0	  0	  0	  0	  0	  0	  0	  0	  0	  0	 56	 50	 71	 69	  0	 35	  0	  0	  0	  0	  0	  0	  0	  0	  0	  0	  0	  5	17975	  0
16/02/2017	02:00:57	->	L	00000000	 21	 70	 50	 33	  0	120	  0	  4	  4	  4	  4	  4	  4	  4	  4	  0	  0	  0	  0	  0	  0	  0	  0	  0	  0	  0	  0	  0	  0	  0	  0	  0	  0	  0	  0	  0	  0	  0	  0	 57	 50	 68	 70	  0	 33	  0	  0	  0	  0	  0	  0	  0	  0	  0	  0	  0	  5	17975	  0
16/02/2017	02:05:57	->	L	00000000	 21	 68	 50	 37	  0	125	  0	  4	  4	  4	  4	  4	  4	  4	  4	  0	  0	  0	  0	  0	  0	  0	  0	  0	  0	  0	  0	  0	  0	  0	  0	  0	  0	  0	  0	  0	  0	  0	  0	 56	 50	 71	 68	  0	 37	  0	  0	  0	  0	  0	  0	  0	  0	  0	  0	  0	  5	17975	  0
16/02/2017	02:10:57	->	L	00000000	 21	 70	 50	 33	  0	130	  0	  4	  4	  4	  4	  4	  4	  4	  4	  0	  0	  0	  0	  0	  0	  0	  0	  0	  0	  0	  0	  0	  0	  0	  0	  0	  0	  0	  0	  0	  0	  0	  0	 57	 50	 68	 70	  0	 33	  0	  0	  0	  0	  0	  0	  0	  0	  0	  0	  0	  5	17975	  0
16/02/2017	02:15:57	->	L	00000000	 21	 68	 50	 37	  0	135	  0	  4	  4	  4	  4	  4	  4	  4	  4	  0	  0	  0	  0	  0	  0	  0	  0	  0	  0	  0	  0	  0	  0	  0	  0	  0	  0	  0	  0	  0	  0	  0	  0	 56	 50	 71	 68	  0	 37	  0	  0	  0	  0	  0	  0	  0	  0	  0	  0	  0	  5	17975	  0
16/02/2017	02:20:57	->	L	00000000	 21	 70	 50	 33	  0	140	  0	  4	  4	  4	  4	  4	  4	  4	  4	  0	  0	  0	  0	  0	  0	  0	  0	  0	  0	  0	  0	  0	  0	  0	  0	  0	  0	  0	  0	  0	  0	  0	  0	 56	 50	 71	 70	  0	 33	  0	  0	  0	  0	  0	  0	  0	  0	  0	  0	  0	  5	17975	  0
16/02/2017	02:25:57	->	L	00000000	 21	 67	 50	 39	  0	145	  0	  4	  4	  4	  4	  4	  4	  4	  4	  0	  0	  0	  0	  0	  0	  0	  0	  0	  0	  0	  0	  0	  0	  0	  0	  0	  0	  0	  0	  0	  0	  0	  0	 56	 50	 71	 67	  0	 39	  0	  0	  0	  0	  0	  0	  0	  0	  0	  0	  0	  5	17975	  0
16/02/2017	02:30:57	->	L	00000000	 21	 71	 50	 30	  0	150	  0	  4	  4	  4	  4	  4	  4	  4	  4	  0	  0	  0	  0	  0	  0	  0	  0	  0	  0	  0	  0	  0	  0	  0	  0	  0	  0	  0	  0	  0	  0	  0	  0	 57	 50	 68	 71	  0	 30	  0	  0	  0	  0	  0	  0	  0	  0	  0	  0	  0	  5	17975	  0
16/02/2017	02:35:57	->	L	00000000	 21	 69	 50	 37	  0	155	  0	  4	  4	  4	  4	  4	  4	  4	  4	  0	  0	  0	  0	  0	  0	  0	  0	  0	  0	  0	  0	  0	  0	  0	  0	  0	  0	  0	  0	  0	  0	  0	  0	 56	 50	 71	 69	  0	 35	  0	  0	  0	  0	  0	  0	  0	  0	  0	  0	  0	  5	17975	  0
16/02/2017	02:40:57	->	L	00000000	 21	 70	 50	 33	  0	160	  0	  4	  4	  4	  4	  4	  4	  4	  4	  0	  0	  0	  0	  0	  0	  0	  0	  0	  0	  0	  0	  0	  0	  0	  0	  0	  0	  0	  0	  0	  0	  0	  0	 57	 50	 68	 70	  0	 33	  0	  0	  0	  0	  0	  0	  0	  0	  0	  0	  0	  5	17975	  0
16/02/2017	02:45:57	->	L	00000000	 21	 70	 50	 35	  0	165	  0	  4	  4	  4	  4	  4	  4	  4	  4	  0	  0	  0	  0	  0	  0	  0	  0	  0	  0	  0	  0	  0	  0	  0	  0	  0	  0	  0	  0	  0	  0	  0	  0	 57	 50	 68	 70	  0	 33	  0	  0	  0	  0	  0	  0	  0	  0	  0	  0	  0	  5	17975	  0
16/02/2017	02:50:57	->	L	00000000	 21	 69	 50	 35	  0	170	  0	  4	  4	  4	  4	  4	  4	  4	  4	  0	  0	  0	  0	  0	  0	  0	  0	  0	  0	  0	  0	  0	  0	  0	  0	  0	  0	  0	  0	  0	  0	  0	  0	 57	 50	 68	 69	  0	 35	  0	  0	  0	  0	  0	  0	  0	  0	  0	  0	  0	  5	17975	  0
16/02/2017	02:55:57	->	L	00000000	 21	 71	 50	 33	  0	175	  0	  4	  4	  4	  4	  4	  4	  4	  4	  0	  0	  0	  0	  0	  0	  0	  0	  0	  0	  0	  0	  0	  0	  0	  0	  0	  0	  0	  0	  0	  0	  0	  0	 57	 50	 68	 71	  0	 30	  0	  0	  0	  0	  0	  0	  0	  0	  0	  0	  0	  5	17975	  0
16/02/2017	03:00:57	->	L	00000000	 21	 69	 50	 35	  0	180	  0	  4	  4	  4	  4	  4	  4	  4	  4	  0	  0	  0	  0	  0	  0	  0	  0	  0	  0	  0	  0	  0	  0	  0	  0	  0	  0	  0	  0	  0	  0	  0	  0	 57	 50	 68	 69	  0	 35	  0	  0	  0	  0	  0	  0	  0	  0	  0	  0	  0	  5	17975	  0
16/02/2017	03:05:57	<-	L	00000000	 21	 63	 53	 58	  0	185	  0	  4	  4	  4	  4	  4	  4	  4	  4	  0	  0	  0	  0	  0	  0	  0	  0	  0	  0	  0	  0	  0	  0	  0	  0	  0	  0	  0	  0	  0	  0	  0	  0	 63	 53	 58	 61	  0	 65	  0	  0	  0	  0	  0	  0	  0	  0	  0	  0	  0	  5	17975	  0
16/02/2017	03:10:57	<-	L	00000000	 21	 71	 54	 43	  0	190	  0	  4	  4	  4	  4	  4	  4	  4	  4	  0	  0	  0	  0	  0	  0	  0	  0	  0	  0	  0	  0	  0	  0	  0	  0	  0	  0	  0	  0	  0	  0	  0	  0	 71	 54	 40	 61	  0	 69	  0	  0	  0	  0	  0	  0	  0	  0	  0	  0	  0	  5	17975	  0
16/02/2017	03:15:57	<-	L	00000000	 21	 72	 55	 41	  0	195	  0	  4	  4	  4	  4	  4	  4	  4	  4	  0	  0	  0	  0	  0	  0	  0	  0	  0	  0	  0	  0	  0	  0	  0	  0	  0	  0	  0	  0	  0	  0	  0	  0	 72	 55	 41	 60	  0	 78	  0	  0	  0	  0	  0	  0	  0	  0	  0	  0	  0	  5	17975	  0
16/02/2017	03:20:57	<-	L	00000000	 21	 68	 54	 47	  0	200	  0	  4	  4	  4	  4	  4	  4	  4	  4	  0	  0	  0	  0	  0	  0	  0	  0	  0	  0	  0	  0	  0	  0	  0	  0	  0	  0	  0	  0	  0	  0	  0	  0	 68	 54	 47	 59	  0	 78	  0	  0	  0	  0	  0	  0	  0	  0	  0	  0	  0	  5	17975	  0
16/02/2017	03:25:57	<-	L	00000000	 21	 74	 55	 39	  0	205	  0	  4	  4	  4	  4	  4	  4	  4	  4	  0	  0	  0	  0	  0	  0	  0	  0	  0	  0	  0	  0	  0	  0	  0	  0	  0	  0	  0	  0	  0	  0	  0	  0	 74	 55	 37	 61	  0	 72	  0	  0	  0	  0	  0	  0	  0	  0	  0	  0	  0	  5	17975	  0
16/02/2017	03:30:57	<-	L	00000000	 21	 68	 54	 46	  0	210	  0	  4	  4	  4	  4	  4	  4	  4	  4	  0	  0	  0	  0	  0	  0	  0	  0	  0	  0	  0	  0	  0	  0	  0	  0	  0	  0	  0	  0	  0	  0	  0	  0	 68	 54	 47	 58	  0	 81	  0	  0	  0	  0	  0	  0	  0	  0	  0	  0	  0	  5	17975	  0
16/02/2017	03:35:57	<-	L	00000000	 21	 72	 55	 43	  0	215	  0	  4	  4	  4	  4	  4	  4	  4	  4	  0	  0	  0	  0	  0	  0	  0	  0	  0	  0	  0	  0	  0	  0	  0	  0	  0	  0	  0	  0	  0	  0	  0	  0	 72	 55	 41	 60	  0	 78	  0	  0	  0	  0	  0	  0	  0	  0	  0	  0	  0	  5	17975	  0
16/02/2017	03:40:57	<-	L	00000000	 21	 71	 55	 41	  0	220	  0	  4	  4	  4	  4	  4	  4	  4	  4	  0	  0	  0	  0	  0	  0	  0	  0	  0	  0	  0	  0	  0	  0	  0	  0	  0	  0	  0	  0	  0	  0	  0	  0	 71	 55	 43	 60	  0	 78	  0	  0	  0	  0	  0	  0	  0	  0	  0	  0	  0	  5	17975	  0
16/02/2017	03:45:57	<-	L	00000000	 21	 68	 54	 50	  0	225	  0	  4	  4	  4	  4	  4	  4	  4	  4	  0	  0	  0	  0	  0	  0	  0	  0	  0	  0	  0	  0	  0	  0	  0	  0	  0	  0	  0	  0	  0	  0	  0	  0	 68	 54	 47	 58	  0	 81	  0	  0	  0	  0	  0	  0	  0	  0	  0	  0	  0	  5	17975	  0
16/02/2017	03:50:57	<-	L	00000000	 21	 72	 55	 39	  0	230	  0	  4	  4	  4	  4	  4	  4	  4	  4	  0	  0	  0	  0	  0	  0	  0	  0	  0	  0	  0	  0	  0	  0	  0	  0	  0	  0	  0	  0	  0	  0	  0	  0	 72	 55	 41	 60	  0	 78	  0	  0	  0	  0	  0	  0	  0	  0	  0	  0	  0	  5	17975	  0
16/02/2017	03:55:57	<-	L	00000000	 21	 68	 55	 48	  0	235	  0	  4	  4	  4	  4	  4	  4	  4	  4	  0	  0	  0	  0	  0	  0	  0	  0	  0	  0	  0	  0	  0	  0	  0	  0	  0	  0	  0	  0	  0	  0	  0	  0	 68	 55	 50	 58	  0	 86	  0	  0	  0	  0	  0	  0	  0	  0	  0	  0	  0	  5	17975	  0
16/02/2017	04:00:57	<-	L	00000000	 21	 73	 55	 41	  0	240	  0	  4	  4	  4	  4	  4	  4	  4	  4	  0	  0	  0	  0	  0	  0	  0	  0	  0	  0	  0	  0	  0	  0	  0	  0	  0	  0	  0	  0	  0	  0	  0	  0	 73	 55	 39	 61	  0	 72	  0	  0	  0	  0	  0	  0	  0	  0	  0	  0	  0	  5	17975	  0
16/02/2017	04:05:57	<-	L	00000000	 21	 67	 55	 50	  0	245	  0	  4	  4	  4	  4	  4	  4	  4	  4	  0	  0	  0	  0	  0	  0	  0	  0	  0	  0	  0	  0	  0	  0	  0	  0	  0	  0	  0	  0	  0	  0	  0	  0	 67	 55	 53	 58	  0	 86	  0	  0	  0	  0	  0	  0	  0	  0	  0	  0	  0	  5	17975	  0
16/02/2017	04:10:57	<-	L	00000000	 21	 72	 55	 43	  0	250	  0	  4	  4	  4	  4	  4	  4	  4	  4	  0	  0	  0	  0	  0	  0	  0	  0	  0	  0	  0	  0	  0	  0	  0	  0	  0	  0	  0	  0	  0	  0	  0	  0	 72	 55	 41	 60	  0	 78	  0	  0	  0	  0	  0	  0	  0	  0	  0	  0	  0	  5	17975	  0
16/02/2017	04:15:57	<-	L	00000000	 21	 70	 55	 43	  0	255	  0	  4	  4	  4	  4	  4	  4	  4	  4	  0	  0	  0	  0	  0	  0	  0	  0	  0	  0	  0	  0	  0	  0	  0	  0	  0	  0	  0	  0	  0	  0	  0	  0	 70	 55	 46	 59	  0	 81	  0	  0	  0	  0	  0	  0	  0	  0	  0	  0	  0	  5	17975	  0
16/02/2017	04:20:57	<-	L	00000000	 21	 68	 55	 50	  0	260	  0	  4	  4	  4	  4	  4	  4	  4	  4	  0	  0	  0	  0	  0	  0	  0	  0	  0	  0	  0	  0	  0	  0	  0	  0	  0	  0	  0	  0	  0	  0	  0	  0	 68	 55	 50	 59	  0	 81	  0	  0	  0	  0	  0	  0	  0	  0	  0	  0	  0	  5	17975	  0
16/02/2017	04:25:57	<-	L	00000000	 21	 73	 55	 39	  0	265	  0	  4	  4	  4	  4	  4	  4	  4	  4	  0	  0	  0	  0	  0	  0	  0	  0	  0	  0	  0	  0	  0	  0	  0	  0	  0	  0	  0	  0	  0	  0	  0	  0	 73	 55	 39	 61	  0	 72	  0	  0	  0	  0	  0	  0	  0	  0	  0	  0	  0	  5	17975	  0
16/02/2017	04:30:57	<-	L	00000000	 21	 67	 55	 50	  0	270	  0	  4	  4	  4	  4	  4	  4	  4	  4	  0	  0	  0	  0	  0	  0	  0	  0	  0	  0	  0	  0	  0	  0	  0	  0	  0	  0	  0	  0	  0	  0	  0	  0	 67	 55	 53	 58	  0	 86	  0	  0	  0	  0	  0	  0	  0	  0	  0	  0	  0	  5	17975	  0
16/02/2017	04:35:57	<-	L	00000000	 21	 72	 55	 43	  0	275	  0	  4	  4	  4	  4	  4	  4	  4	  4	  0	  0	  0	  0	  0	  0	  0	  0	  0	  0	  0	  0	  0	  0	  0	  0	  0	  0	  0	  0	  0	  0	  0	  0	 72	 55	 43	 60	  0	 78	  0	  0	  0	  0	  0	  0	  0	  0	  0	  0	  0	  5	17975	  0
16/02/2017	04:40:57	<-	L	00000000	 21	 68	 55	 48	  0	280	  0	  4	  4	  4	  4	  4	  4	  4	  4	  0	  0	  0	  0	  0	  0	  0	  0	  0	  0	  0	  0	  0	  0	  0	  0	  0	  0	  0	  0	  0	  0	  0	  0	 68	 55	 50	 59	  0	 81	  0	  0	  0	  0	  0	  0	  0	  0	  0	  0	  0	  5	17975	  0
16/02/2017	04:45:57	<-	L	00000000	 21	 72	 55	 43	  0	285	  0	  4	  4	  4	  4	  4	  4	  4	  4	  0	  0	  0	  0	  0	  0	  0	  0	  0	  0	  0	  0	  0	  0	  0	  0	  0	  0	  0	  0	  0	  0	  0	  0	 72	 55	 41	 60	  0	 78	  0	  0	  0	  0	  0	  0	  0	  0	  0	  0	  0	  5	17975	  0
16/02/2017	04:50:57	<-	L	00000000	 21	 68	 55	 48	  0	290	  0	  4	  4	  4	  4	  4	  4	  4	  4	  0	  0	  0	  0	  0	  0	  0	  0	  0	  0	  0	  0	  0	  0	  0	  0	  0	  0	  0	  0	  0	  0	  0	  0	 68	 55	 48	 58	  0	 86	  0	  0	  0	  0	  0	  0	  0	  0	  0	  0	  0	  5	17975	  0
16/02/2017	04:55:57	<-	L	00000000	 21	 70	 55	 46	  0	295	  0	  4	  4	  4	  4	  4	  4	  4	  4	  0	  0	  0	  0	  0	  0	  0	  0	  0	  0	  0	  0	  0	  0	  0	  0	  0	  0	  0	  0	  0	  0	  0	  0	 70	 55	 46	 60	  0	 78	  0	  0	  0	  0	  0	  0	  0	  0	  0	  0	  0	  5	17975	  0
16/02/2017	05:00:57	<-	L	00000000	 21	 69	 55	 46	  0	300	  0	  4	  4	  4	  4	  4	  4	  4	  4	  0	  0	  0	  0	  0	  0	  0	  0	  0	  0	  0	  0	  0	  0	  0	  0	  0	  0	  0	  0	  0	  0	  0	  0	 69	 55	 48	 59	  0	 81	  0	  0	  0	  0	  0	  0	  0	  0	  0	  0	  0	  5	17975	  0
16/02/2017	05:05:57	<-	L	00000000	 21	 70	 55	 48	  0	305	  0	  4	  4	  4	  4	  4	  4	  4	  4	  0	  0	  0	  0	  0	  0	  0	  0	  0	  0	  0	  0	  0	  0	  0	  0	  0	  0	  0	  0	  0	  0	  0	  0	 70	 55	 46	 59	  0	 81	  0	  0	  0	  0	  0	  0	  0	  0	  0	  0	  0	  5	17975	  0
16/02/2017	05:10:57	<-	L	00000000	 21	 72	 55	 41	  0	310	  0	  4	  4	  4	  4	  4	  4	  4	  4	  0	  0	  0	  0	  0	  0	  0	  0	  0	  0	  0	  0	  0	  0	  0	  0	  0	  0	  0	  0	  0	  0	  0	  0	 72	 55	 41	 60	  0	 78	  0	  0	  0	  0	  0	  0	  0	  0	  0	  0	  0	  5	17975	  0
16/02/2017	05:15:57	<-	L	00000000	 21	 68	 55	 50	  0	315	  0	  4	  4	  4	  4	  4	  4	  4	  4	  0	  0	  0	  0	  0	  0	  0	  0	  0	  0	  0	  0	  0	  0	  0	  0	  0	  0	  0	  0	  0	  0	  0	  0	 68	 55	 50	 58	  0	 86	  0	  0	  0	  0	  0	  0	  0	  0	  0	  0	  0	  5	17975	  0
16/02/2017	05:20:57	<-	L	00000000	 21	 73	 55	 39	  0	320	  0	  4	  4	  4	  4	  4	  4	  4	  4	  0	  0	  0	  0	  0	  0	  0	  0	  0	  0	  0	  0	  0	  0	  0	  0	  0	  0	  0	  0	  0	  0	  0	  0	 73	 55	 39	 61	  0	 72	  0	  0	  0	  0	  0	  0	  0	  0	  0	  0	  0	  5	17975	  0
16/02/2017	05:25:57	<-	L	00000000	 21	 68	 55	 48	  0	325	  0	  4	  4	  4	  4	  4	  4	  4	  4	  0	  0	  0	  0	  0	  0	  0	  0	  0	  0	  0	  0	  0	  0	  0	  0	  0	  0	  0	  0	  0	  0	  0	  0	 68	 55	 50	 58	  0	 86	  0	  0	  0	  0	  0	  0	  0	  0	  0	  0	  0	  5	17975	  0
16/02/2017	05:30:57	<-	L	00000000	 21	 73	 55	 39	  0	330	  0	  4	  4	  4	  4	  4	  4	  4	  4	  0	  0	  0	  0	  0	  0	  0	  0	  0	  0	  0	  0	  0	  0	  0	  0	  0	  0	  0	  0	  0	  0	  0	  0	 73	 55	 39	 61	  0	 72	  0	  0	  0	  0	  0	  0	  0	  0	  0	  0	  0	  5	17975	  0
16/02/2017	05:35:57	<-	L	00000000	 21	 68	 55	 48	  0	335	  0	  4	  4	  4	  4	  4	  4	  4	  4	  0	  0	  0	  0	  0	  0	  0	  0	  0	  0	  0	  0	  0	  0	  0	  0	  0	  0	  0	  0	  0	  0	  0	  0	 68	 55	 48	 58	  0	 81	  0	  0	  0	  0	  0	  0	  0	  0	  0	  0	  0	  5	17975	  0
16/02/2017	05:40:57	<-	L	00000000	 21	 72	 55	 43	  0	340	  0	  4	  4	  4	  4	  4	  4	  4	  4	  0	  0	  0	  0	  0	  0	  0	  0	  0	  0	  0	  0	  0	  0	  0	  0	  0	  0	  0	  0	  0	  0	  0	  0	 72	 55	 41	 61	  0	 72	  0	  0	  0	  0	  0	  0	  0	  0	  0	  0	  0	  5	17975	  0
16/02/2017	05:45:57	<-	L	00000000	 21	 71	 55	 41	  0	345	  0	  4	  4	  4	  4	  4	  4	  4	  4	  0	  0	  0	  0	  0	  0	  0	  0	  0	  0	  0	  0	  0	  0	  0	  0	  0	  0	  0	  0	  0	  0	  0	  0	 71	 55	 43	 60	  0	 78	  0	  0	  0	  0	  0	  0	  0	  0	  0	  0	  0	  5	19260	  0
16/02/2017	05:50:57	<-	L	00000000	 21	 74	 56	 41	  0	350	  0	  4	  4	  4	  4	  4	  4	  4	  4	  0	  0	  0	  0	  0	  0	  0	  0	  0	  0	  0	  0	  0	  0	  0	  0	  0	  0	  0	  0	  0	  0	  0	  0	 74	 56	 41	 62	  0	 73	  0	  0	  0	  0	  0	  0	  0	  0	  0	  0	  0	  5	19260	  0
16/02/2017	05:55:57	<-	L	00000000	 21	 75	 56	 36	  0	355	  0	  4	  4	  4	  4	  4	  4	  4	  4	  0	  0	  0	  0	  0	  0	  0	  0	  0	  0	  0	  0	  0	  0	  0	  0	  0	  0	  0	  0	  0	  0	  0	  0	 75	 56	 37	 62	  0	 73	  0	  0	  0	  0	  0	  0	  0	  0	  0	  0	  0	  5	19260	  0
16/02/2017	06:00:57	<-	L	00000000	 21	 76	 56	 37	  0	360	  0	  4	  4	  4	  4	  4	  4	  4	  4	  0	  0	  0	  0	  0	  0	  0	  0	  0	  0	  0	  0	  0	  0	  0	  0	  0	  0	  0	  0	  0	  0	  0	  0	 76	 56	 36	 63	  0	 69	  0	  0	  0	  0	  0	  0	  0	  0	  0	  0	  0	  5	19260	  0
16/02/2017	06:05:57	<-	L	00000000	 21	 74	 56	 37	  0	365	  0	  4	  4	  4	  4	  4	  4	  4	  4	  0	  0	  0	  0	  0	  0	  0	  0	  0	  0	  0	  0	  0	  0	  0	  0	  0	  0	  0	  0	  0	  0	  0	  0	 73	 56	 40	 61	  0	 73	  0	  0	  0	  0	  0	  0	  0	  0	  0	  0	  0	  5	19260	  0
16/02/2017	06:10:57	<-	L	00000000	 21	 75	 56	 40	  0	370	  0	  4	  4	  4	  4	  4	  4	  4	  4	  0	  0	  0	  0	  0	  0	  0	  0	  0	  0	  0	  0	  0	  0	  0	  0	  0	  0	  0	  0	  0	  0	  0	  0	 75	 56	 37	 62	  0	 73	  0	  0	  0	  0	  0	  0	  0	  0	  0	  0	  0	  5	19260	  0
16/02/2017	06:15:57	<-	L	00000000	 21	 75	 56	 38	  0	375	  0	  4	  4	  4	  4	  4	  4	  4	  4	  0	  0	  0	  0	  0	  0	  0	  0	  0	  0	  0	  0	  0	  0	  0	  0	  0	  0	  0	  0	  0	  0	  0	  0	 75	 56	 37	 62	  0	 73	  0	  0	  0	  0	  0	  0	  0	  0	  0	  0	  0	  5	19260	  0
16/02/2017	06:20:57	<-	L	00000000	 21	 74	 56	 41	  0	380	  0	  4	  4	  4	  4	  4	  4	  4	  4	  0	  0	  0	  0	  0	  0	  0	  0	  0	  0	  0	  0	  0	  0	  0	  0	  0	  0	  0	  0	  0	  0	  0	  0	 75	 56	 40	 63	  0	 73	  0	  0	  0	  0	  0	  0	  0	  0	  0	  0	  0	  5	19260	  0
16/02/2017	06:25:57	<-	L	00000000	 21	 76	 57	 38	  0	385	  0	  4	  4	  4	  4	  4	  4	  4	  4	  0	  0	  0	  0	  0	  0	  0	  0	  0	  0	  0	  0	  0	  0	  0	  0	  0	  0	  0	  0	  0	  0	  0	  0	 76	 57	 38	 63	  0	 73	  0	  0	  0	  0	  0	  0	  0	  0	  0	  0	  0	  5	19260	  0
16/02/2017	06:30:57	<-	L	00000000	 21	 74	 56	 41	  0	390	  0	  4	  4	  4	  4	  4	  4	  4	  4	  0	  0	  0	  0	  0	  0	  0	  0	  0	  0	  0	  0	  0	  0	  0	  0	  0	  0	  0	  0	  0	  0	  0	  0	 74	 56	 40	 62	  0	 73	  0	  0	  0	  0	  0	  0	  0	  0	  0	  0	  0	  5	19260	  0
16/02/2017	06:35:57	<-	L	00000000	 21	 75	 57	 38	  0	395	  0	  4	  4	  4	  4	  4	  4	  4	  4	  0	  0	  0	  0	  0	  0	  0	  0	  0	  0	  0	  0	  0	  0	  0	  0	  0	  0	  0	  0	  0	  0	  0	  0	 74	 57	 40	 62	  0	 73	  0	  0	  0	  0	  0	  0	  0	  0	  0	  0	  0	  5	19260	  0
16/02/2017	06:40:57	<-	L	00000000	 21	 75	 57	 41	  0	400	  0	  4	  4	  4	  4	  4	  4	  4	  4	  0	  0	  0	  0	  0	  0	  0	  0	  0	  0	  0	  0	  0	  0	  0	  0	  0	  0	  0	  0	  0	  0	  0	  0	 75	 57	 40	 63	  0	 73	  0	  0	  0	  0	  0	  0	  0	  0	  0	  0	  0	  5	19260	  0
16/02/2017	06:45:57	<-	L	00000000	 21	 74	 57	 40	  0	405	  0	  4	  4	  4	  4	  4	  4	  4	  4	  0	  0	  0	  0	  0	  0	  0	  0	  0	  0	  0	  0	  0	  0	  0	  0	  0	  0	  0	  0	  0	  0	  0	  0	 74	 57	 41	 62	  0	 78	  0	  0	  0	  0	  0	  0	  0	  0	  0	  0	  0	  5	19260	  0
16/02/2017	06:50:57	<-	L	00000000	 21	 74	 57	 44	  0	410	  0	  4	  4	  4	  4	  4	  4	  4	  4	  0	  0	  0	  0	  0	  0	  0	  0	  0	  0	  0	  0	  0	  0	  0	  0	  0	  0	  0	  0	  0	  0	  0	  0	 74	 57	 41	 62	  0	 78	  0	  0	  0	  0	  0	  0	  0	  0	  0	  0	  0	  5	19260	  0
16/02/2017	06:55:57	<-	L	00000000	 21	 76	 57	 38	  0	415	  0	  4	  4	  4	  4	  4	  4	  4	  4	  0	  0	  0	  0	  0	  0	  0	  0	  0	  0	  0	  0	  0	  0	  0	  0	  0	  0	  0	  0	  0	  0	  0	  0	 76	 57	 38	 63	  0	 73	  0	  0	  0	  0	  0	  0	  0	  0	  0	  0	  0	  5	19260	  0
16/02/2017	07:00:57	<-	L	00000000	 21	 74	 57	 44	  0	420	  0	  4	  4	  4	  4	  4	  4	  4	  4	  0	  0	  0	  0	  0	  0	  0	  0	  0	  0	  0	  0	  0	  0	  0	  0	  0	  0	  0	  0	  0	  0	  0	  0	 74	 57	 41	 63	  0	 73	  0	  0	  0	  0	  0	  0	  0	  0	  0	  0	  0	  5	19260	  0
16/02/2017	07:05:57	->	L	00000000	 22	 77	 58	 38	  0	  5	  0	  4	  4	  4	  4	  4	  4	  4	  4	  0	  0	  0	  0	  0	  0	  0	  0	  0	  0	  0	  0	  0	  0	  0	  0	  0	  0	  0	  0	  0	  0	  0	  0	 76	 57	 38	 67	  0	 70	  0	  0	  0	  0	  0	  0	  0	  0	  0	  0	  0	  5	21826	  0
16/02/2017	07:10:57	->	L	00000000	 22	 72	 54	 39	  0	 10	  0	  4	  4	  4	  4	  4	  4	  4	  4	  0	  0	  0	  0	  0	  0	  0	  0	  0	  0	  0	  0	  0	  0	  0	  0	  0	  0	  0	  0	  0	  0	  0	  0	 65	 54	 56	 72	  0	 39	  0	  0	  0	  0	  0	  0	  0	  0	  0	  0	  0	  5	19266	  0
16/02/2017	07:15:57	->	L	00000000	 22	 76	 54	 31	  0	 15	  0	  4	  4	  4	  4	  4	  4	  4	  4	  0	  0	  0	  0	  0	  0	  0	  0	  0	  0	  0	  0	  0	  0	  0	  0	  0	  0	  0	  0	  0	  0	  0	  0	 64	 54	 59	 76	  0	 31	  0	  0	  0	  0	  0	  0	  0	  0	  0	  0	  0	  5	19266	  0
16/02/2017	07:20:57	->	L	00000000	 22	 73	 54	 37	  0	 20	  0	  4	  4	  4	  4	  4	  4	  4	  4	  0	  0	  0	  0	  0	  0	  0	  0	  0	  0	  0	  0	  0	  0	  0	  0	  0	  0	  0	  0	  0	  0	  0	  0	 63	 54	 62	 73	  0	 37	  0	  0	  0	  0	  0	  0	  0	  0	  0	  0	  0	  5	19266	  0
16/02/2017	07:25:57	->	L	00000000	 22	 75	 54	 32	  0	 25	  0	  4	  4	  4	  4	  4	  4	  4	  4	  0	  0	  0	  0	  0	  0	  0	  0	  0	  0	  0	  0	  0	  0	  0	  0	  0	  0	  0	  0	  0	  0	  0	  0	 63	 54	 62	 75	  0	 32	  0	  0	  0	  0	  0	  0	  0	  0	  0	  0	  0	  5	19266	  0
16/02/2017	07:30:57	->	L	00000000	 22	 74	 54	 35	  0	 30	  0	  4	  4	  4	  4	  4	  4	  4	  4	  0	  0	  0	  0	  0	  0	  0	  0	  0	  0	  0	  0	  0	  0	  0	  0	  0	  0	  0	  0	  0	  0	  0	  0	 62	 54	 65	 74	  0	 35	  0	  0	  0	  0	  0	  0	  0	  0	  0	  0	  0	  5	19266	  0
16/02/2017	07:35:57	->	L	00000000	 22	 74	 54	 32	  0	 35	  0	  4	  4	  4	  4	  4	  4	  4	  4	  0	  0	  0	  0	  0	  0	  0	  0	  0	  0	  0	  0	  0	  0	  0	  0	  0	  0	  0	  0	  0	  0	  0	  0	 62	 54	 65	 74	  0	 35	  0	  0	  0	  0	  0	  0	  0	  0	  0	  0	  0	  5	19266	  0
16/02/2017	07:40:57	->	L	00000000	 22	 76	 54	 31	  0	 40	  0	  4	  4	  4	  4	  4	  4	  4	  4	  0	  0	  0	  0	  0	  0	  0	  0	  0	  0	  0	  0	  0	  0	  0	  0	  0	  0	  0	  0	  0	  0	  0	  0	 63	 54	 62	 76	  0	 31	  0	  0	  0	  0	  0	  0	  0	  0	  0	  0	  0	  5	19266	  0
16/02/2017	07:45:57	->	L	00000000	 22	 72	 54	 36	  0	 45	  0	  4	  4	  4	  4	  4	  4	  4	  4	  0	  0	  0	  0	  0	  0	  0	  0	  0	  0	  0	  0	  0	  0	  0	  0	  0	  0	  0	  0	  0	  0	  0	  0	 62	 54	 65	 72	  0	 39	  0	  0	  0	  0	  0	  0	  0	  0	  0	  0	  0	  5	19266	  0
16/02/2017	07:50:57	->	L	00000000	 22	 77	 54	 29	  0	 50	  0	  4	  4	  4	  4	  4	  4	  4	  4	  0	  0	  0	  0	  0	  0	  0	  0	  0	  0	  0	  0	  0	  0	  0	  0	  0	  0	  0	  0	  0	  0	  0	  0	 63	 54	 62	 77	  0	 29	  0	  0	  0	  0	  0	  0	  0	  0	  0	  0	  0	  5	19266	  0
16/02/2017	07:55:57	->	L	00000000	 22	 72	 54	 39	  0	 55	  0	  4	  4	  4	  4	  4	  4	  4	  4	  0	  0	  0	  0	  0	  0	  0	  0	  0	  0	  0	  0	  0	  0	  0	  0	  0	  0	  0	  0	  0	  0	  0	  0	 61	 54	 69	 72	  0	 39	  0	  0	  0	  0	  0	  0	  0	  0	  0	  0	  0	  5	19266	  0
16/02/2017	08:00:57	->	L	00000000	 22	 76	 54	 31	  0	 60	  0	  4	  4	  4	  4	  4	  4	  4	  4	  0	  0	  0	  0	  0	  0	  0	  0	  0	  0	  0	  0	  0	  0	  0	  0	  0	  0	  0	  0	  0	  0	  0	  0	 63	 54	 62	 76	  0	 31	  0	  0	  0	  0	  0	  0	  0	  0	  0	  0	  0	  5	19266	  0
16/02/2017	08:05:57	->	L	00000000	 22	 76	 54	 32	  0	 65	  0	  4	  4	  4	  4	  4	  4	  4	  4	  0	  0	  0	  0	  0	  0	  0	  0	  0	  0	  0	  0	  0	  0	  0	  0	  0	  0	  0	  0	  0	  0	  0	  0	 62	 54	 65	 76	  0	 31	  0	  0	  0	  0	  0	  0	  0	  0	  0	  0	  0	  5	20546	  0
16/02/2017	08:10:57	->	L	00000000	 22	 80	 54	 28	  0	 70	  0	  4	  4	  4	  4	  4	  4	  4	  4	  0	  0	  0	  0	  0	  0	  0	  0	  0	  0	  0	  0	  0	  0	  0	  0	  0	  0	  0	  0	  0	  0	  0	  0	 65	 54	 56	 80	  0	 28	  0	  0	  0	  0	  0	  0	  0	  0	  0	  0	  0	  5	20546	  0
16/02/2017	08:15:57	->	L	00000000	 22	 81	 54	 28	  0	 75	  0	  4	  4	  4	  4	  4	  4	  4	  4	  0	  0	  0	  0	  0	  0	  0	  0	  0	  0	  0	  0	  0	  0	  0	  0	  0	  0	  0	  0	  0	  0	  0	  0	 65	 54	 56	 81	  0	 26	  0	  0	  0	  0	  0	  0	  0	  0	  0	  0	  0	  5	20546	  0
16/02/2017	08:20:57	->	L	00000000	 22	 77	 55	 29	  0	 80	  0	  4	  4	  4	  4	  4	  4	  4	  4	  0	  0	  0	  0	  0	  0	  0	  0	  0	  0	  0	  0	  0	  0	  0	  0	  0	  0	  0	  0	  0	  0	  0	  0	 64	 55	 62	 77	  0	 32	  0	  0	  0	  0	  0	  0	  0	  0	  0	  0	  0	  5	20546	  0
16/02/2017	08:25:57	->	L	00000000	 22	 81	 54	 28	  0	 85	  0	  4	  4	  4	  4	  4	  4	  4	  4	  0	  0	  0	  0	  0	  0	  0	  0	  0	  0	  0	  0	  0	  0	  0	  0	  0	  0	  0	  0	  0	  0	  0	  0	 65	 54	 56	 81	  0	 26	  0	  0	  0	  0	  0	  0	  0	  0	  0	  0	  0	  5	20546	  0
16/02/2017	08:30:57	->	L	00000000	 22	 78	 55	 32	  0	 90	  0	  4	  4	  4	  4	  4	  4	  4	  4	  0	  0	  0	  0	  0	  0	  0	  0	  0	  0	  0	  0	  0	  0	  0	  0	  0	  0	  0	  0	  0	  0	  0	  0	 64	 55	 62	 78	  0	 29	  0	  0	  0	  0	  0	  0	  0	  0	  0	  0	  0	  5	20546	  0
16/02/2017	08:35:57	->	L	00000000	 22	 80	 55	 28	  0	 95	  0	  4	  4	  4	  4	  4	  4	  4	  4	  0	  0	  0	  0	  0	  0	  0	  0	  0	  0	  0	  0	  0	  0	  0	  0	  0	  0	  0	  0	  0	  0	  0	  0	 66	 55	 56	 80	  0	 28	  0	  0	  0	  0	  0	  0	  0	  0	  0	  0	  0	  5	20546	  0
16/02/2017	08:40:57	->	L	00000000	 22	 79	 55	 30	  0	100	  0	  4	  4	  4	  4	  4	  4	  4	  4	  0	  0	  0	  0	  0	  0	  0	  0	  0	  0	  0	  0	  0	  0	  0	  0	  0	  0	  0	  0	  0	  0	  0	  0	 65	 55	 59	 79	  0	 30	  0	  0	  0	  0	  0	  0	  0	  0	  0	  0	  0	  5	20546	  0
16/02/2017	08:45:57	->	L	00000000	 22	 78	 55	 29	  0	105	  0	  4	  4	  4	  4	  4	  4	  4	  4	  0	  0	  0	  0	  0	  0	  0	  0	  0	  0	  0	  0	  0	  0	  0	  0	  0	  0	  0	  0	  0	  0	  0	  0	 65	 55	 59	 78	  0	 29	  0	  0	  0	  0	  0	  0	  0	  0	  0	  0	  0	  5	20546	  0
16/02/2017	08:50:57	->	L	00000000	 22	 80	 55	 28	  0	110	  0	  4	  4	  4	  4	  4	  4	  4	  4	  0	  0	  0	  0	  0	  0	  0	  0	  0	  0	  0	  0	  0	  0	  0	  0	  0	  0	  0	  0	  0	  0	  0	  0	 66	 55	 56	 80	  0	 28	  0	  0	  0	  0	  0	  0	  0	  0	  0	  0	  0	  5	20546	  0
16/02/2017	08:55:57	->	L	00000000	 22	 77	 55	 32	  0	115	  0	  4	  4	  4	  4	  4	  4	  4	  4	  0	  0	  0	  0	  0	  0	  0	  0	  0	  0	  0	  0	  0	  0	  0	  0	  0	  0	  0	  0	  0	  0	  0	  0	 65	 55	 59	 77	  0	 32	  0	  0	  0	  0	  0	  0	  0	  0	  0	  0	  0	  5	20546	  0
16/02/2017	09:00:57	->	L	00000000	 22	 80	 55	 28	  0	120	  0	  4	  4	  4	  4	  4	  4	  4	  4	  0	  0	  0	  0	  0	  0	  0	  0	  0	  0	  0	  0	  0	  0	  0	  0	  0	  0	  0	  0	  0	  0	  0	  0	 66	 55	 56	 80	  0	 28	  0	  0	  0	  0	  0	  0	  0	  0	  0	  0	  0	  5	20546	  0
16/02/2017	09:05:57	->	L	00000000	 22	 78	 55	 29	  0	125	  0	  4	  4	  4	  4	  4	  4	  4	  4	  0	  0	  0	  0	  0	  0	  0	  0	  0	  0	  0	  0	  0	  0	  0	  0	  0	  0	  0	  0	  0	  0	  0	  0	 64	 55	 62	 78	  0	 29	  0	  0	  0	  0	  0	  0	  0	  0	  0	  0	  0	  5	20546	  0
16/02/2017	09:10:57	->	L	00000000	 22	 78	 55	 29	  0	130	  0	  4	  4	  4	  4	  4	  4	  4	  4	  0	  0	  0	  0	  0	  0	  0	  0	  0	  0	  0	  0	  0	  0	  0	  0	  0	  0	  0	  0	  0	  0	  0	  0	 65	 55	 59	 78	  0	 29	  0	  0	  0	  0	  0	  0	  0	  0	  0	  0	  0	  5	20546	  0
16/02/2017	09:15:57	->	L	00000000	 22	 79	 55	 30	  0	135	  0	  4	  4	  4	  4	  4	  4	  4	  4	  0	  0	  0	  0	  0	  0	  0	  0	  0	  0	  0	  0	  0	  0	  0	  0	  0	  0	  0	  0	  0	  0	  0	  0	 65	 55	 59	 79	  0	 30	  0	  0	  0	  0	  0	  0	  0	  0	  0	  0	  0	  5	20546	  0
16/02/2017	09:20:57	->	L	00000000	 22	 78	 55	 30	  0	140	  0	  4	  4	  4	  4	  4	  4	  4	  4	  0	  0	  0	  0	  0	  0	  0	  0	  0	  0	  0	  0	  0	  0	  0	  0	  0	  0	  0	  0	  0	  0	  0	  0	 65	 55	 59	 78	  0	 29	  0	  0	  0	  0	  0	  0	  0	  0	  0	  0	  0	  5	20546	  0
16/02/2017	09:25:57	->	L	00000000	 22	 77	 55	 32	  0	145	  0	  4	  4	  4	  4	  4	  4	  4	  4	  0	  0	  0	  0	  0	  0	  0	  0	  0	  0	  0	  0	  0	  0	  0	  0	  0	  0	  0	  0	  0	  0	  0	  0	 64	 55	 62	 77	  0	 32	  0	  0	  0	  0	  0	  0	  0	  0	  0	  0	  0	  5	19266	  0
16/02/2017	09:30:57	->	L	00000000	 22	 73	 55	 37	  0	150	  0	  4	  4	  4	  4	  4	  4	  4	  4	  0	  0	  0	  0	  0	  0	  0	  0	  0	  0	  0	  0	  0	  0	  0	  0	  0	  0	  0	  0	  0	  0	  0	  0	 63	 55	 66	 73	  0	 39	  0	  0	  0	  0	  0	  0	  0	  0	  0	  0	  0	  5	19266	  0
16/02/2017	09:35:57	->	L	00000000	 22	 76	 55	 32	  0	155	  0	  4	  4	  4	  4	  4	  4	  4	  4	  0	  0	  0	  0	  0	  0	  0	  0	  0	  0	  0	  0	  0	  0	  0	  0	  0	  0	  0	  0	  0	  0	  0	  0	 64	 55	 62	 76	  0	 32	  0	  0	  0	  0	  0	  0	  0	  0	  0	  0	  0	  5	19266	  0
16/02/2017	09:40:57	->	L	00000000	 22	 75	 55	 37	  0	160	  0	  4	  4	  4	  4	  4	  4	  4	  4	  0	  0	  0	  0	  0	  0	  0	  0	  0	  0	  0	  0	  0	  0	  0	  0	  0	  0	  0	  0	  0	  0	  0	  0	 63	 55	 66	 75	  0	 35	  0	  0	  0	  0	  0	  0	  0	  0	  0	  0	  0	  5	19266	  0
16/02/2017	09:45:57	->	L	00000000	 22	 73	 54	 35	  0	165	  0	  4	  4	  4	  4	  4	  4	  4	  4	  0	  0	  0	  0	  0	  0	  0	  0	  0	  0	  0	  0	  0	  0	  0	  0	  0	  0	  0	  0	  0	  0	  0	  0	 63	 54	 62	 73	  0	 37	  0	  0	  0	  0	  0	  0	  0	  0	  0	  0	  0	  5	19266	  0
16/02/2017	09:50:57	->	L	00000000	 22	 77	 55	 31	  0	170	  0	  4	  4	  4	  4	  4	  4	  4	  4	  0	  0	  0	  0	  0	  0	  0	  0	  0	  0	  0	  0	  0	  0	  0	  0	  0	  0	  0	  0	  0	  0	  0	  0	 64	 55	 62	 77	  0	 32	  0	  0	  0	  0	  0	  0	  0	  0	  0	  0	  0	  5	19266	  0
16/02/2017	09:55:57	->	L	00000000	 22	 72	 54	 39	  0	175	  0	  4	  4	  4	  4	  4	  4	  4	  4	  0	  0	  0	  0	  0	  0	  0	  0	  0	  0	  0	  0	  0	  0	  0	  0	  0	  0	  0	  0	  0	  0	  0	  0	 63	 54	 62	 72	  0	 39	  0	  0	  0	  0	  0	  0	  0	  0	  0	  0	  0	  5	19266	  0
16/02/2017	10:00:57	->	L	00000000	 22	 77	 54	 29	  0	180	  0	  4	  4	  4	  4	  4	  4	  4	  4	  0	  0	  0	  0	  0	  0	  0	  0	  0	  0	  0	  0	  0	  0	  0	  0	  0	  0	  0	  0	  0	  0	  0	  0	 64	 54	 59	 77	  0	 29	  0	  0	  0	  0	  0	  0	  0	  0	  0	  0	  0	  5	19266	  0
16/02/2017	10:05:57	->	L	00000000	 22	 73	 54	 39	  0	185	  0	  4	  4	  4	  4	  4	  4	  4	  4	  0	  0	  0	  0	  0	  0	  0	  0	  0	  0	  0	  0	  0	  0	  0	  0	  0	  0	  0	  0	  0	  0	  0	  0	 62	 54	 65	 73	  0	 37	  0	  0	  0	  0	  0	  0	  0	  0	  0	  0	  0	  5	19266	  0
16/02/2017	10:10:57	->	L	00000000	 22	 76	 54	 31	  0	190	  0	  4	  4	  4	  4	  4	  4	  4	  4	  0	  0	  0	  0	  0	  0	  0	  0	  0	  0	  0	  0	  0	  0	  0	  0	  0	  0	  0	  0	  0	  0	  0	  0	 64	 54	 59	 76	  0	 31	  0	  0	  0	  0	  0	  0	  0	  0	  0	  0	  0	  5	19266	  0
16/02/2017	10:15:57	->	L	00000000	 22	 75	 54	 35	  0	195	  0	  4	  4	  4	  4	  4	  4	  4	  4	  0	  0	  0	  0	  0	  0	  0	  0	  0	  0	  0	  0	  0	  0	  0	  0	  0	  0	  0	  0	  0	  0	  0	  0	 63	 54	 62	 75	  0	 32	  0	  0	  0	  0	  0	  0	  0	  0	  0	  0	  0	  5	19266	  0
16/02/2017	10:20:57	->	L	00000000	 22	 76	 54	 29	  0	200	  0	  4	  4	  4	  4	  4	  4	  4	  4	  0	  0	  0	  0	  0	  0	  0	  0	  0	  0	  0	  0	  0	  0	  0	  0	  0	  0	  0	  0	  0	  0	  0	  0	 64	 54	 59	 76	  0	 31	  0	  0	  0	  0	  0	  0	  0	  0	  0	  0	  0	  5	19266	  0
