16/03/2017	06:57:00	<-	L	00000000	 10	 18	 16	 88	  0	  4	  0	  6	  6	  6	  6	  6	  6	  6	  6	  0	  0	  0	  0	  0	  0	  0	  0	  0	  0	  0	  0	  0	  0	  0	  0	  0	  0	  0	  0	  0	  0	  0	  0	 18	 16	 88	 17	  0	 93	  0	  0	  0	  0	  0	  0	  0	  0	  0	  0	  0	  5	5644	  1
16/03/2017	07:02:00	<-	L	00000000	 10	 22	 17	 73	  0	  9	  0	  5	  5	  5	  5	  5	  5	  5	  5	  0	  0	  0	  0	  0	  0	  0	  0	  0	  0	  0	  0	  0	  0	  0	  0	  0	  0	  0	  0	  0	  0	  0	  0	 22	 17	 73	 18	  0	 93	  0	  0	  0	  0	  0	  0	  0	  0	  0	  0	  0	  5	5901	  1
16/03/2017	07:07:00	<-	L	00000000	 10	 25	 17	 60	  0	 14	  0	  5	  5	  5	  5	  5	  5	  5	  5	  0	  0	  0	  0	  0	  0	  0	  0	  0	  0	  0	  0	  0	  0	  0	  0	  0	  0	  0	  0	  0	  0	  0	  0	 25	 17	 55	 20	  0	 82	  0	  0	  0	  0	  0	  0	  0	  0	  0	  0	  0	  5	6158	  1
16/03/2017	07:12:00	<-	L	00000000	 10	 30	 18	 44	  0	 19	  0	  5	  5	  5	  5	  5	  5	  5	  5	  0	  0	  0	  0	  0	  0	  0	  0	  0	  0	  0	  0	  0	  0	  0	  0	  0	  0	  0	  0	  0	  0	  0	  0	 30	 18	 41	 23	  0	 73	  0	  0	  0	  0	  0	  0	  0	  0	  0	  0	  0	  5	6415	  1
16/03/2017	07:17:00	<-	L	00000000	 10	 29	 19	 44	  0	 24	  0	  5	  5	  5	  5	  5	  5	  5	  5	  0	  0	  0	  0	  0	  0	  0	  0	  0	  0	  0	  0	  0	  0	  0	  0	  0	  0	  0	  0	  0	  0	  0	  0	 29	 19	 49	 23	  0	 76	  0	  0	  0	  0	  0	  0	  0	  0	  0	  0	  0	  5	6415	  1
16/03/2017	07:22:00	<-	L	00000000	 10	 26	 19	 60	  0	 29	  0	  5	  5	  5	  5	  5	  5	  5	  5	  0	  0	  0	  0	  0	  0	  0	  0	  0	  0	  0	  0	  0	  0	  0	  0	  0	  0	  0	  0	  0	  0	  0	  0	 26	 19	 60	 21	  0	 88	  0	  0	  0	  0	  0	  0	  0	  0	  0	  0	  0	  5	6672	  1
16/03/2017	07:27:00	<-	L	00000000	 10	 25	 19	 65	  0	 34	  0	  5	  5	  5	  5	  5	  5	  5	  5	  0	  0	  0	  0	  0	  0	  0	  0	  0	  0	  0	  0	  0	  0	  0	  0	  0	  0	  0	  0	  0	  0	  0	  0	 25	 19	 65	 21	  0	 88	  0	  0	  0	  0	  0	  0	  0	  0	  0	  0	  0	  5	6929	  1
16/03/2017	07:32:01	<-	L	00000000	 10	 30	 19	 52	  0	 39	  0	  5	  5	  5	  5	  5	  5	  5	  5	  0	  0	  0	  0	  0	  0	  0	  0	  0	  0	  0	  0	  0	  0	  0	  0	  0	  0	  0	  0	  0	  0	  0	  0	 30	 19	 44	 23	  0	 76	  0	  0	  0	  0	  0	  0	  0	  0	  0	  0	  0	  5	7186	  1
16/03/2017	07:37:01	<-	L	00000000	 10	 33	 21	 42	  0	 44	  0	  5	  5	  5	  5	  5	  5	  5	  5	  0	  0	  0	  0	  0	  0	  0	  0	  0	  0	  0	  0	  0	  0	  0	  0	  0	  0	  0	  0	  0	  0	  0	  0	 33	 21	 42	 25	  0	 76	  0	  0	  0	  0	  0	  0	  0	  0	  0	  0	  0	  5	7443	  1
16/03/2017	07:42:01	<-	L	00000000	 10	 29	 21	 53	  0	 49	  0	  5	  5	  5	  5	  5	  5	  5	  5	  0	  0	  0	  0	  0	  0	  0	  0	  0	  0	  0	  0	  0	  0	  0	  0	  0	  0	  0	  0	  0	  0	  0	  0	 29	 21	 56	 23	  0	 88	  0	  0	  0	  0	  0	  0	  0	  0	  0	  0	  0	  5	7443	  1
16/03/2017	07:47:00	<-	L	00000000	 10	 28	 21	 61	  0	 54	  0	  4	  4	  5	  5	  5	  5	  4	  4	  0	  0	  0	  0	  0	  0	  0	  0	  0	  0	  0	  0	  0	  0	  0	  0	  0	  0	  0	  0	  0	  0	  0	  0	 28	 21	 61	 23	  0	 88	  0	  0	  0	  0	  0	  0	  0	  0	  0	  0	  0	  5	7700	  1
16/03/2017	07:52:00	<-	L	00000000	 10	 36	 22	 36	  0	 59	  0	  4	  4	  5	  4	  5	  5	  4	  4	  0	  0	  0	  0	  0	  0	  0	  0	  0	  0	  0	  0	  0	  0	  0	  0	  0	  0	  0	  0	  0	  0	  0	  0	 36	 22	 36	 27	  0	 74	  0	  0	  0	  0	  0	  0	  0	  0	  0	  0	  0	  5	7957	  1
16/03/2017	07:57:00	<-	L	00000000	 10	 31	 22	 49	  0	 64	  0	  4	  4	  4	  4	  4	  4	  4	  4	  0	  0	  0	  0	  0	  0	  0	  0	  0	  0	  0	  0	  0	  0	  0	  0	  0	  0	  0	  0	  0	  0	  0	  0	 31	 22	 53	 25	  0	 82	  0	  0	  0	  0	  0	  0	  0	  0	  0	  0	  0	  5	8214	  1
16/03/2017	08:02:00	<-	L	00000000	 10	 31	 22	 57	  0	 69	  0	  4	  4	  4	  4	  4	  4	  4	  4	  0	  0	  0	  0	  0	  0	  0	  0	  0	  0	  0	  0	  0	  0	  0	  0	  0	  0	  0	  0	  0	  0	  0	  0	 31	 22	 53	 26	  0	 76	  0	  0	  0	  0	  0	  0	  0	  0	  0	  0	  0	  5	8471	  1
16/03/2017	08:07:00	<-	L	00000000	 10	 37	 23	 43	  0	 74	  0	  4	  4	  4	  4	  4	  4	  4	  4	  0	  0	  0	  0	  0	  0	  0	  0	  0	  0	  0	  0	  0	  0	  0	  0	  0	  0	  0	  0	  0	  0	  0	  0	 37	 23	 36	 29	  0	 66	  0	  0	  0	  0	  0	  0	  0	  0	  0	  0	  0	  5	8471	  1
16/03/2017	08:12:00	<-	L	00000000	 10	 36	 25	 46	  0	 79	  0	  4	  4	  4	  4	  4	  4	  4	  4	  0	  0	  0	  0	  0	  0	  0	  0	  0	  0	  0	  0	  0	  0	  0	  0	  0	  0	  0	  0	  0	  0	  0	  0	 36	 25	 46	 29	  0	 77	  0	  0	  0	  0	  0	  0	  0	  0	  0	  0	  0	  5	8728	  1
16/03/2017	08:17:00	<-	L	00000000	 10	 33	 25	 54	  0	 84	  0	  4	  4	  4	  4	  4	  4	  4	  4	  0	  0	  0	  0	  0	  0	  0	  0	  0	  0	  0	  0	  0	  0	  0	  0	  0	  0	  0	  0	  0	  0	  0	  0	 33	 25	 57	 28	  0	 83	  0	  0	  0	  0	  0	  0	  0	  0	  0	  0	  0	  5	8985	  1
16/03/2017	08:22:00	<-	L	00000000	 10	 38	 25	 44	  0	 89	  0	  4	  4	  4	  4	  4	  4	  4	  4	  0	  0	  0	  0	  0	  0	  0	  0	  0	  0	  0	  0	  0	  0	  0	  0	  0	  0	  0	  0	  0	  0	  0	  0	 38	 25	 39	 31	  0	 66	  0	  0	  0	  0	  0	  0	  0	  0	  0	  0	  0	  5	9242	  1
16/03/2017	08:27:00	<-	L	00000000	 10	 42	 27	 31	  0	 94	  0	  4	  4	  4	  4	  4	  4	  4	  4	  0	  0	  0	  0	  0	  0	  0	  0	  0	  0	  0	  0	  0	  0	  0	  0	  0	  0	  0	  0	  0	  0	  0	  0	 42	 27	 36	 33	  0	 67	  0	  0	  0	  0	  0	  0	  0	  0	  0	  0	  0	  5	9499	  1
16/03/2017	08:32:00	<-	L	00000000	 10	 40	 27	 38	  0	 99	  0	  4	  4	  4	  4	  4	  4	  4	  4	  0	  0	  0	  0	  0	  0	  0	  0	  0	  0	  0	  0	  0	  0	  0	  0	  0	  0	  0	  0	  0	  0	  0	  0	 40	 27	 40	 32	  0	 74	  0	  0	  0	  0	  0	  0	  0	  0	  0	  0	  0	  5	9499	  1
16/03/2017	08:37:00	<-	L	00000000	 10	 37	 27	 51	  0	104	  0	  4	  4	  4	  4	  4	  4	  4	  4	  0	  0	  0	  0	  0	  0	  0	  0	  0	  0	  0	  0	  0	  0	  0	  0	  0	  0	  0	  0	  0	  0	  0	  0	 37	 27	 51	 31	  0	 77	  0	  0	  0	  0	  0	  0	  0	  0	  0	  0	  0	  5	9756	  1
16/03/2017	08:42:01	<-	L	00000000	 10	 39	 27	 47	  0	109	  0	  4	  4	  4	  4	  4	  4	  4	  4	  0	  0	  0	  0	  0	  0	  0	  0	  0	  0	  0	  0	  0	  0	  0	  0	  0	  0	  0	  0	  0	  0	  0	  0	 39	 27	 44	 32	  0	 74	  0	  0	  0	  0	  0	  0	  0	  0	  0	  0	  0	  5	10013	  1
16/03/2017	08:47:00	<-	L	00000000	 10	 45	 29	 33	  0	114	  0	  4	  4	  4	  4	  4	  4	  4	  4	  0	  0	  0	  0	  0	  0	  0	  0	  0	  0	  0	  0	  0	  0	  0	  0	  0	  0	  0	  0	  0	  0	  0	  0	 45	 29	 33	 35	  0	 67	  0	  0	  0	  0	  0	  0	  0	  0	  0	  0	  0	  5	10270	  1
16/03/2017	08:52:00	  	L	00000000	 10	  4	  4	  1	  0	  0	  0	  4	  4	  4	  4	  4	  4	  4	  4	  0	  0	  0	  0	  0	  0	  0	  0	  0	  0	  0	  0	  0	  0	  0	  0	  0	  0	  0	  0	  0	  0	  0	  0	  0	  0	  0	  0	  0	  0	  0	  0	  0	  0	  0	  0	  0	  0	  0	  0	  0	  5	2056	2048
16/03/2017	08:57:00	->	L	00000000	 10	 41	 29	 45	  0	124	  0	  4	  4	  4	  4	  4	  4	  4	  4	  0	  0	  0	  0	  0	  0	  0	  0	  0	  0	  0	  0	  0	  0	  0	  0	  0	  0	  0	  0	  0	  0	  0	  0	 41	 29	 45	 39	  0	 51	  0	  0	  0	  0	  0	  0	  0	  0	  0	  0	  0	  5	10527	  1
16/03/2017	09:02:00	->	L	00000000	 10	 41	 27	 45	  0	129	  0	  4	  4	  4	  4	  4	  4	  4	  4	  0	  0	  0	  0	  0	  0	  0	  0	  0	  0	  0	  0	  0	  0	  0	  0	  0	  0	  0	  0	  0	  0	  0	  0	 34	 27	 62	 41	  0	 38	  0	  0	  0	  0	  0	  0	  0	  0	  0	  0	  0	  5	10784	  1
16/03/2017	09:07:00	->	L	00000000	 10	 43	 28	 32	  0	134	  0	  4	  4	  4	  4	  4	  4	  4	  4	  0	  0	  0	  0	  0	  0	  0	  0	  0	  0	  0	  0	  0	  0	  0	  0	  0	  0	  0	  0	  0	  0	  0	  0	 35	 28	 62	 43	  0	 36	  0	  0	  0	  0	  0	  0	  0	  0	  0	  0	  0	  5	11041	  1
16/03/2017	09:12:00	->	L	00000000	 10	 45	 28	 32	  0	139	  0	  4	  4	  4	  4	  4	  4	  4	  4	  0	  0	  0	  0	  0	  0	  0	  0	  0	  0	  0	  0	  0	  0	  0	  0	  0	  0	  0	  0	  0	  0	  0	  0	 35	 28	 62	 45	  0	 29	  0	  0	  0	  0	  0	  0	  0	  0	  0	  0	  0	  5	11298	  1
16/03/2017	09:17:00	->	L	00000000	 10	 44	 29	 33	  0	144	  0	  4	  4	  4	  4	  4	  4	  4	  4	  0	  0	  0	  0	  0	  0	  0	  0	  0	  0	  0	  0	  0	  0	  0	  0	  0	  0	  0	  0	  0	  0	  0	  0	 35	 29	 67	 44	  0	 36	  0	  0	  0	  0	  0	  0	  0	  0	  0	  0	  0	  5	11555	  1
16/03/2017	09:22:00	->	L	00000000	 10	 47	 29	 30	  0	149	  0	  4	  4	  4	  4	  4	  4	  4	  4	  0	  0	  0	  0	  0	  0	  0	  0	  0	  0	  0	  0	  0	  0	  0	  0	  0	  0	  0	  0	  0	  0	  0	  0	 36	 29	 63	 47	  0	 28	  0	  0	  0	  0	  0	  0	  0	  0	  0	  0	  0	  5	11812	  1
16/03/2017	09:27:00	->	L	00000000	 10	 44	 30	 39	  0	154	  0	  4	  4	  4	  4	  4	  4	  4	  4	  0	  0	  0	  0	  0	  0	  0	  0	  0	  0	  0	  0	  0	  0	  0	  0	  0	  0	  0	  0	  0	  0	  0	  0	 36	 30	 67	 44	  0	 39	  0	  0	  0	  0	  0	  0	  0	  0	  0	  0	  0	  5	11812	  1
16/03/2017	09:32:00	->	L	00000000	 10	 48	 30	 29	  0	159	  0	  4	  4	  4	  4	  4	  4	  4	  4	  0	  0	  0	  0	  0	  0	  0	  0	  0	  0	  0	  0	  0	  0	  0	  0	  0	  0	  0	  0	  0	  0	  0	  0	 37	 30	 63	 48	  0	 29	  0	  0	  0	  0	  0	  0	  0	  0	  0	  0	  0	  5	12069	  1
16/03/2017	09:37:00	->	L	00000000	 10	 47	 31	 33	  0	164	  0	  4	  4	  4	  4	  4	  4	  4	  4	  0	  0	  0	  0	  0	  0	  0	  0	  0	  0	  0	  0	  0	  0	  0	  0	  0	  0	  0	  0	  0	  0	  0	  0	 37	 31	 68	 47	  0	 33	  0	  0	  0	  0	  0	  0	  0	  0	  0	  0	  0	  5	12326	  1
16/03/2017	09:42:00	->	L	00000000	 10	 49	 31	 29	  0	169	  0	  4	  4	  4	  4	  4	  4	  4	  4	  0	  0	  0	  0	  0	  0	  0	  0	  0	  0	  0	  0	  0	  0	  0	  0	  0	  0	  0	  0	  0	  0	  0	  0	 38	 31	 63	 49	  0	 29	  0	  0	  0	  0	  0	  0	  0	  0	  0	  0	  0	  5	12583	  1
16/03/2017	09:47:00	->	L	00000000	 10	 46	 31	 39	  0	174	  0	  4	  4	  4	  4	  4	  4	  4	  4	  0	  0	  0	  0	  0	  0	  0	  0	  0	  0	  0	  0	  0	  0	  0	  0	  0	  0	  0	  0	  0	  0	  0	  0	 38	 31	 63	 46	  0	 37	  0	  0	  0	  0	  0	  0	  0	  0	  0	  0	  0	  5	12840	  1
16/03/2017	09:52:00	->	L	00000000	 10	 49	 32	 34	  0	179	  0	  4	  4	  4	  4	  4	  4	  4	  4	  0	  0	  0	  0	  0	  0	  0	  0	  0	  0	  0	  0	  0	  0	  0	  0	  0	  0	  0	  0	  0	  0	  0	  0	 39	 32	 63	 49	  0	 31	  0	  0	  0	  0	  0	  0	  0	  0	  0	  0	  0	  5	12840	  1
16/03/2017	09:57:00	->	L	00000000	 10	 48	 33	 38	  0	184	  0	  4	  4	  4	  4	  4	  4	  4	  4	  0	  0	  0	  0	  0	  0	  0	  0	  0	  0	  0	  0	  0	  0	  0	  0	  0	  0	  0	  0	  0	  0	  0	  0	 39	 33	 68	 48	  0	 38	  0	  0	  0	  0	  0	  0	  0	  0	  0	  0	  0	  5	13097	  1
16/03/2017	10:02:00	->	L	00000000	 10	 51	 33	 30	  0	189	  0	  4	  4	  4	  4	  4	  4	  4	  4	  0	  0	  0	  0	  0	  0	  0	  0	  0	  0	  0	  0	  0	  0	  0	  0	  0	  0	  0	  0	  0	  0	  0	  0	 40	 33	 64	 51	  0	 30	  0	  0	  0	  0	  0	  0	  0	  0	  0	  0	  0	  5	13354	  1
16/03/2017	10:07:00	->	L	00000000	 10	 50	 34	 35	  0	194	  0	  4	  4	  4	  4	  4	  4	  4	  4	  0	  0	  0	  0	  0	  0	  0	  0	  0	  0	  0	  0	  0	  0	  0	  0	  0	  0	  0	  0	  0	  0	  0	  0	 40	 34	 68	 50	  0	 35	  0	  0	  0	  0	  0	  0	  0	  0	  0	  0	  0	  5	13611	  1
16/03/2017	10:12:00	->	L	00000000	 10	 52	 34	 31	  0	199	  0	  4	  4	  4	  4	  4	  4	  4	  4	  0	  0	  0	  0	  0	  0	  0	  0	  0	  0	  0	  0	  0	  0	  0	  0	  0	  0	  0	  0	  0	  0	  0	  0	 41	 34	 64	 52	  0	 31	  0	  0	  0	  0	  0	  0	  0	  0	  0	  0	  0	  5	13868	  1
16/03/2017	10:17:00	->	L	00000000	 10	 53	 35	 28	  0	204	  0	  4	  4	  4	  4	  4	  4	  4	  4	  0	  0	  0	  0	  0	  0	  0	  0	  0	  0	  0	  0	  0	  0	  0	  0	  0	  0	  0	  0	  0	  0	  0	  0	 42	 35	 64	 53	  0	 31	  0	  0	  0	  0	  0	  0	  0	  0	  0	  0	  0	  5	13868	  1
16/03/2017	10:22:00	->	L	00000000	 10	 53	 35	 31	  0	209	  0	  4	  4	  4	  4	  4	  4	  4	  4	  0	  0	  0	  0	  0	  0	  0	  0	  0	  0	  0	  0	  0	  0	  0	  0	  0	  0	  0	  0	  0	  0	  0	  0	 42	 35	 64	 53	  0	 31	  0	  0	  0	  0	  0	  0	  0	  0	  0	  0	  0	  5	14125	  1
16/03/2017	10:27:00	->	L	00000000	 10	 53	 35	 33	  0	214	  0	  4	  4	  4	  4	  4	  4	  4	  4	  0	  0	  0	  0	  0	  0	  0	  0	  0	  0	  0	  0	  0	  0	  0	  0	  0	  0	  0	  0	  0	  0	  0	  0	 42	 35	 64	 53	  0	 31	  0	  0	  0	  0	  0	  0	  0	  0	  0	  0	  0	  5	14382	  1
16/03/2017	10:32:00	->	L	00000000	 10	 54	 36	 31	  0	219	  0	  4	  4	  4	  4	  4	  4	  4	  4	  0	  0	  0	  0	  0	  0	  0	  0	  0	  0	  0	  0	  0	  0	  0	  0	  0	  0	  0	  0	  0	  0	  0	  0	 43	 36	 64	 54	  0	 31	  0	  0	  0	  0	  0	  0	  0	  0	  0	  0	  0	  5	14639	  1
16/03/2017	10:37:00	->	L	00000000	 10	 54	 37	 33	  0	224	  0	  4	  4	  4	  4	  4	  4	  4	  4	  0	  0	  0	  0	  0	  0	  0	  0	  0	  0	  0	  0	  0	  0	  0	  0	  0	  0	  0	  0	  0	  0	  0	  0	 43	 37	 69	 54	  0	 33	  0	  0	  0	  0	  0	  0	  0	  0	  0	  0	  0	  5	14896	  1
16/03/2017	10:42:00	->	L	00000000	 10	 54	 37	 33	  0	229	  0	  4	  4	  4	  4	  4	  4	  4	  4	  0	  0	  0	  0	  0	  0	  0	  0	  0	  0	  0	  0	  0	  0	  0	  0	  0	  0	  0	  0	  0	  0	  0	  0	 44	 37	 65	 54	  0	 33	  0	  0	  0	  0	  0	  0	  0	  0	  0	  0	  0	  5	14896	  1
16/03/2017	10:47:00	->	L	00000000	 10	 55	 37	 32	  0	234	  0	  4	  4	  4	  4	  4	  4	  4	  4	  0	  0	  0	  0	  0	  0	  0	  0	  0	  0	  0	  0	  0	  0	  0	  0	  0	  0	  0	  0	  0	  0	  0	  0	 44	 37	 65	 55	  0	 32	  0	  0	  0	  0	  0	  0	  0	  0	  0	  0	  0	  5	15153	  1
16/03/2017	10:52:00	->	L	00000000	 10	 55	 38	 34	  0	239	  0	  4	  4	  4	  4	  4	  4	  4	  4	  0	  0	  0	  0	  0	  0	  0	  0	  0	  0	  0	  0	  0	  0	  0	  0	  0	  0	  0	  0	  0	  0	  0	  0	 44	 38	 69	 55	  0	 34	  0	  0	  0	  0	  0	  0	  0	  0	  0	  0	  0	  5	15410	  1
16/03/2017	10:57:00	<-	L	00000000	 10	 54	 39	 36	  0	244	  0	  4	  4	  4	  4	  4	  4	  4	  4	  0	  0	  0	  0	  0	  0	  0	  0	  0	  0	  0	  0	  0	  0	  0	  0	  0	  0	  0	  0	  0	  0	  0	  0	 45	 39	 69	 54	  0	 40	  0	  0	  0	  0	  0	  0	  0	  0	  0	  0	  0	  5	15667	  1
16/03/2017	11:02:00	<-	L	00000000	 10	 58	 41	 38	  0	249	  0	  4	  4	  4	  4	  4	  4	  4	  4	  0	  0	  0	  0	  0	  0	  0	  0	  0	  0	  0	  0	  0	  0	  0	  0	  0	  0	  0	  0	  0	  0	  0	  0	 58	 41	 35	 49	  0	 62	  0	  0	  0	  0	  0	  0	  0	  0	  0	  0	  0	  5	15924	  1
16/03/2017	11:07:00	<-	L	00000000	 10	 59	 42	 35	  0	254	  0	  4	  4	  4	  4	  4	  4	  4	  4	  0	  0	  0	  0	  0	  0	  0	  0	  0	  0	  0	  0	  0	  0	  0	  0	  0	  0	  0	  0	  0	  0	  0	  0	 59	 42	 35	 50	  0	 62	  0	  0	  0	  0	  0	  0	  0	  0	  0	  0	  0	  5	15924	  1
16/03/2017	11:12:00	<-	L	00000000	 10	 59	 42	 35	  0	259	  0	  4	  4	  4	  4	  4	  4	  4	  4	  0	  0	  0	  0	  0	  0	  0	  0	  0	  0	  0	  0	  0	  0	  0	  0	  0	  0	  0	  0	  0	  0	  0	  0	 59	 42	 35	 50	  0	 62	  0	  0	  0	  0	  0	  0	  0	  0	  0	  0	  0	  5	16181	  1
16/03/2017	11:17:00	<-	L	00000000	 10	 60	 43	 36	  0	264	  0	  4	  4	  4	  4	  4	  4	  4	  4	  0	  0	  0	  0	  0	  0	  0	  0	  0	  0	  0	  0	  0	  0	  0	  0	  0	  0	  0	  0	  0	  0	  0	  0	 60	 43	 36	 50	  0	 66	  0	  0	  0	  0	  0	  0	  0	  0	  0	  0	  0	  5	16438	  1
16/03/2017	11:22:00	<-	L	00000000	 10	 60	 43	 36	  0	269	  0	  4	  4	  4	  4	  4	  4	  4	  4	  0	  0	  0	  0	  0	  0	  0	  0	  0	  0	  0	  0	  0	  0	  0	  0	  0	  0	  0	  0	  0	  0	  0	  0	 60	 43	 36	 51	  0	 62	  0	  0	  0	  0	  0	  0	  0	  0	  0	  0	  0	  5	16695	  1
16/03/2017	11:27:00	<-	L	00000000	 10	 61	 43	 36	  0	274	  0	  4	  4	  4	  4	  4	  4	  4	  4	  0	  0	  0	  0	  0	  0	  0	  0	  0	  0	  0	  0	  0	  0	  0	  0	  0	  0	  0	  0	  0	  0	  0	  0	 61	 43	 34	 51	  0	 62	  0	  0	  0	  0	  0	  0	  0	  0	  0	  0	  0	  5	16952	  1
16/03/2017	11:32:00	<-	L	00000000	 10	 62	 44	 35	  0	279	  0	  4	  4	  4	  4	  4	  4	  4	  4	  0	  0	  0	  0	  0	  0	  0	  0	  0	  0	  0	  0	  0	  0	  0	  0	  0	  0	  0	  0	  0	  0	  0	  0	 62	 44	 35	 52	  0	 63	  0	  0	  0	  0	  0	  0	  0	  0	  0	  0	  0	  5	16952	  1
16/03/2017	11:37:00	<-	L	00000000	 10	 63	 44	 35	  0	284	  0	  4	  4	  4	  4	  4	  4	  4	  4	  0	  0	  0	  0	  0	  0	  0	  0	  0	  0	  0	  0	  0	  0	  0	  0	  0	  0	  0	  0	  0	  0	  0	  0	 63	 44	 32	 53	  0	 59	  0	  0	  0	  0	  0	  0	  0	  0	  0	  0	  0	  5	17209	  1
16/03/2017	11:42:00	<-	L	00000000	 10	 63	 45	 36	  0	289	  0	  4	  4	  4	  4	  4	  4	  4	  4	  0	  0	  0	  0	  0	  0	  0	  0	  0	  0	  0	  0	  0	  0	  0	  0	  0	  0	  0	  0	  0	  0	  0	  0	 63	 45	 35	 53	  0	 63	  0	  0	  0	  0	  0	  0	  0	  0	  0	  0	  0	  5	17466	  1
16/03/2017	11:47:00	<-	L	00000000	 10	 63	 45	 35	  0	294	  0	  4	  4	  4	  4	  4	  4	  4	  4	  0	  0	  0	  0	  0	  0	  0	  0	  0	  0	  0	  0	  0	  0	  0	  0	  0	  0	  0	  0	  0	  0	  0	  0	 63	 45	 35	 53	  0	 63	  0	  0	  0	  0	  0	  0	  0	  0	  0	  0	  0	  5	17723	  1
16/03/2017	11:52:00	<-	L	00000000	 10	 63	 45	 35	  0	299	  0	  4	  4	  4	  4	  4	  4	  4	  4	  0	  0	  0	  0	  0	  0	  0	  0	  0	  0	  0	  0	  0	  0	  0	  0	  0	  0	  0	  0	  0	  0	  0	  0	 63	 45	 35	 53	  0	 63	  0	  0	  0	  0	  0	  0	  0	  0	  0	  0	  0	  5	17980	  1
16/03/2017	11:57:00	<-	L	00000000	 21	 63	 46	 35	  0	  3	  0	  4	  4	  4	  4	  4	  4	  4	  4	  0	  0	  0	  0	  0	  0	  0	  0	  0	  0	  0	  0	  0	  0	  0	  0	  0	  0	  0	  0	  0	  0	  0	  0	 63	 46	 37	 53	  0	 67	  0	  0	  0	  0	  0	  0	  0	  0	  0	  0	  0	  5	16690	  0
16/03/2017	12:02:00	<-	L	00000000	 21	 59	 45	 46	  0	  8	  0	  4	  4	  4	  4	  4	  4	  4	  4	  0	  0	  0	  0	  0	  0	  0	  0	  0	  0	  0	  0	  0	  0	  0	  0	  0	  0	  0	  0	  0	  0	  0	  0	 59	 45	 44	 52	  0	 67	  0	  0	  0	  0	  0	  0	  0	  0	  0	  0	  0	  5	16690	  0
16/03/2017	12:07:00	<-	L	00000000	 21	 63	 46	 37	  0	 13	  0	  4	  4	  4	  4	  4	  4	  4	  4	  0	  0	  0	  0	  0	  0	  0	  0	  0	  0	  0	  0	  0	  0	  0	  0	  0	  0	  0	  0	  0	  0	  0	  0	 63	 46	 37	 54	  0	 63	  0	  0	  0	  0	  0	  0	  0	  0	  0	  0	  0	  5	16690	  0
16/03/2017	12:12:00	<-	L	00000000	 21	 64	 46	 36	  0	 18	  0	  4	  4	  4	  4	  4	  4	  4	  4	  0	  0	  0	  0	  0	  0	  0	  0	  0	  0	  0	  0	  0	  0	  0	  0	  0	  0	  0	  0	  0	  0	  0	  0	 64	 46	 36	 54	  0	 63	  0	  0	  0	  0	  0	  0	  0	  0	  0	  0	  0	  5	16690	  0
16/03/2017	12:17:00	<-	L	00000000	 21	 64	 47	 36	  0	 23	  0	  4	  4	  4	  4	  4	  4	  4	  4	  0	  0	  0	  0	  0	  0	  0	  0	  0	  0	  0	  0	  0	  0	  0	  0	  0	  0	  0	  0	  0	  0	  0	  0	 64	 47	 37	 54	  0	 67	  0	  0	  0	  0	  0	  0	  0	  0	  0	  0	  0	  5	16690	  0
16/03/2017	12:22:00	<-	L	00000000	 21	 63	 47	 37	  0	 28	  0	  4	  4	  4	  4	  4	  4	  4	  4	  0	  0	  0	  0	  0	  0	  0	  0	  0	  0	  0	  0	  0	  0	  0	  0	  0	  0	  0	  0	  0	  0	  0	  0	 63	 47	 40	 54	  0	 67	  0	  0	  0	  0	  0	  0	  0	  0	  0	  0	  0	  5	16690	  0
16/03/2017	12:27:00	<-	L	00000000	 21	 63	 47	 40	  0	 33	  0	  4	  4	  4	  4	  4	  4	  4	  4	  0	  0	  0	  0	  0	  0	  0	  0	  0	  0	  0	  0	  0	  0	  0	  0	  0	  0	  0	  0	  0	  0	  0	  0	 63	 47	 40	 54	  0	 67	  0	  0	  0	  0	  0	  0	  0	  0	  0	  0	  0	  5	16690	  0
16/03/2017	12:32:00	<-	L	00000000	 21	 64	 47	 37	  0	 38	  0	  4	  4	  4	  4	  4	  4	  4	  4	  0	  0	  0	  0	  0	  0	  0	  0	  0	  0	  0	  0	  0	  0	  0	  0	  0	  0	  0	  0	  0	  0	  0	  0	 64	 47	 37	 55	  0	 63	  0	  0	  0	  0	  0	  0	  0	  0	  0	  0	  0	  5	16690	  0
16/03/2017	12:37:00	<-	L	00000000	 21	 64	 47	 37	  0	 43	  0	  4	  4	  4	  4	  4	  4	  4	  4	  0	  0	  0	  0	  0	  0	  0	  0	  0	  0	  0	  0	  0	  0	  0	  0	  0	  0	  0	  0	  0	  0	  0	  0	 64	 47	 37	 55	  0	 63	  0	  0	  0	  0	  0	  0	  0	  0	  0	  0	  0	  5	16690	  0
16/03/2017	12:42:00	<-	L	00000000	 21	 64	 48	 40	  0	 48	  0	  4	  4	  4	  4	  4	  4	  4	  4	  0	  0	  0	  0	  0	  0	  0	  0	  0	  0	  0	  0	  0	  0	  0	  0	  0	  0	  0	  0	  0	  0	  0	  0	 64	 48	 40	 55	  0	 67	  0	  0	  0	  0	  0	  0	  0	  0	  0	  0	  0	  5	16690	  0
16/03/2017	12:47:00	<-	L	00000000	 21	 64	 48	 40	  0	 53	  0	  4	  4	  4	  4	  4	  4	  4	  4	  0	  0	  0	  0	  0	  0	  0	  0	  0	  0	  0	  0	  0	  0	  0	  0	  0	  0	  0	  0	  0	  0	  0	  0	 64	 48	 40	 55	  0	 67	  0	  0	  0	  0	  0	  0	  0	  0	  0	  0	  0	  5	16690	  0
16/03/2017	12:52:00	<-	L	00000000	 21	 64	 48	 40	  0	 58	  0	  4	  4	  4	  4	  4	  4	  4	  4	  0	  0	  0	  0	  0	  0	  0	  0	  0	  0	  0	  0	  0	  0	  0	  0	  0	  0	  0	  0	  0	  0	  0	  0	 64	 48	 40	 55	  0	 67	  0	  0	  0	  0	  0	  0	  0	  0	  0	  0	  0	  5	16690	  0
16/03/2017	12:57:00	<-	L	00000000	 21	 64	 48	 40	  0	 63	  0	  4	  4	  4	  4	  4	  4	  4	  4	  0	  0	  0	  0	  0	  0	  0	  0	  0	  0	  0	  0	  0	  0	  0	  0	  0	  0	  0	  0	  0	  0	  0	  0	 64	 48	 40	 56	  0	 64	  0	  0	  0	  0	  0	  0	  0	  0	  0	  0	  0	  5	16690	  0
16/03/2017	13:02:00	<-	L	00000000	 21	 64	 48	 40	  0	 68	  0	  4	  4	  4	  4	  4	  4	  4	  4	  0	  0	  0	  0	  0	  0	  0	  0	  0	  0	  0	  0	  0	  0	  0	  0	  0	  0	  0	  0	  0	  0	  0	  0	 64	 48	 40	 56	  0	 64	  0	  0	  0	  0	  0	  0	  0	  0	  0	  0	  0	  5	16690	  0
16/03/2017	13:07:00	<-	L	00000000	 21	 65	 48	 38	  0	 73	  0	  4	  4	  4	  4	  4	  4	  4	  4	  0	  0	  0	  0	  0	  0	  0	  0	  0	  0	  0	  0	  0	  0	  0	  0	  0	  0	  0	  0	  0	  0	  0	  0	 65	 48	 38	 56	  0	 64	  0	  0	  0	  0	  0	  0	  0	  0	  0	  0	  0	  5	16690	  0
16/03/2017	13:12:00	<-	L	00000000	 21	 63	 48	 40	  0	 78	  0	  4	  4	  4	  4	  4	  4	  4	  4	  0	  0	  0	  0	  0	  0	  0	  0	  0	  0	  0	  0	  0	  0	  0	  0	  0	  0	  0	  0	  0	  0	  0	  0	 63	 48	 43	 56	  0	 64	  0	  0	  0	  0	  0	  0	  0	  0	  0	  0	  0	  5	16690	  0
16/03/2017	13:17:00	<-	L	00000000	 21	 63	 48	 45	  0	 83	  0	  4	  4	  4	  4	  4	  4	  4	  4	  0	  0	  0	  0	  0	  0	  0	  0	  0	  0	  0	  0	  0	  0	  0	  0	  0	  0	  0	  0	  0	  0	  0	  0	 63	 48	 43	 56	  0	 64	  0	  0	  0	  0	  0	  0	  0	  0	  0	  0	  0	  5	16690	  0
16/03/2017	13:22:00	<-	L	00000000	 21	 64	 49	 44	  0	 88	  0	  4	  4	  4	  4	  4	  4	  4	  4	  0	  0	  0	  0	  0	  0	  0	  0	  0	  0	  0	  0	  0	  0	  0	  0	  0	  0	  0	  0	  0	  0	  0	  0	 64	 49	 44	 56	  0	 68	  0	  0	  0	  0	  0	  0	  0	  0	  0	  0	  0	  5	16690	  0
16/03/2017	13:27:00	<-	L	00000000	 21	 64	 49	 41	  0	 93	  0	  4	  4	  4	  4	  4	  4	  4	  4	  0	  0	  0	  0	  0	  0	  0	  0	  0	  0	  0	  0	  0	  0	  0	  0	  0	  0	  0	  0	  0	  0	  0	  0	 64	 49	 44	 56	  0	 68	  0	  0	  0	  0	  0	  0	  0	  0	  0	  0	  0	  5	16690	  0
16/03/2017	13:32:00	<-	L	00000000	 21	 64	 49	 45	  0	 98	  0	  4	  4	  4	  4	  4	  4	  4	  4	  0	  0	  0	  0	  0	  0	  0	  0	  0	  0	  0	  0	  0	  0	  0	  0	  0	  0	  0	  0	  0	  0	  0	  0	 64	 49	 44	 56	  0	 68	  0	  0	  0	  0	  0	  0	  0	  0	  0	  0	  0	  5	16690	  0
16/03/2017	13:37:00	<-	L	00000000	 21	 66	 49	 38	  0	103	  0	  4	  4	  4	  4	  4	  4	  4	  4	  0	  0	  0	  0	  0	  0	  0	  0	  0	  0	  0	  0	  0	  0	  0	  0	  0	  0	  0	  0	  0	  0	  0	  0	 66	 49	 38	 57	  0	 64	  0	  0	  0	  0	  0	  0	  0	  0	  0	  0	  0	  5	16690	  0
16/03/2017	13:42:00	<-	L	00000000	 21	 62	 49	 48	  0	108	  0	  4	  4	  4	  4	  4	  4	  4	  4	  0	  0	  0	  0	  0	  0	  0	  0	  0	  0	  0	  0	  0	  0	  0	  0	  0	  0	  0	  0	  0	  0	  0	  0	 62	 49	 48	 56	  0	 68	  0	  0	  0	  0	  0	  0	  0	  0	  0	  0	  0	  5	16690	  0
16/03/2017	13:47:00	<-	L	00000000	 21	 65	 49	 44	  0	113	  0	  4	  4	  4	  4	  4	  4	  4	  4	  0	  0	  0	  0	  0	  0	  0	  0	  0	  0	  0	  0	  0	  0	  0	  0	  0	  0	  0	  0	  0	  0	  0	  0	 65	 49	 41	 57	  0	 64	  0	  0	  0	  0	  0	  0	  0	  0	  0	  0	  0	  5	16690	  0
16/03/2017	13:52:00	<-	L	00000000	 21	 66	 50	 41	  0	118	  0	  4	  4	  4	  4	  4	  4	  4	  4	  0	  0	  0	  0	  0	  0	  0	  0	  0	  0	  0	  0	  0	  0	  0	  0	  0	  0	  0	  0	  0	  0	  0	  0	 66	 50	 41	 57	  0	 68	  0	  0	  0	  0	  0	  0	  0	  0	  0	  0	  0	  5	16690	  0
16/03/2017	13:57:00	<-	L	00000000	 21	 63	 49	 45	  0	123	  0	  4	  4	  4	  4	  4	  4	  4	  4	  0	  0	  0	  0	  0	  0	  0	  0	  0	  0	  0	  0	  0	  0	  0	  0	  0	  0	  0	  0	  0	  0	  0	  0	 63	 49	 45	 56	  0	 68	  0	  0	  0	  0	  0	  0	  0	  0	  0	  0	  0	  5	16690	  0
16/03/2017	14:02:00	<-	L	00000000	 21	 65	 50	 44	  0	128	  0	  4	  4	  4	  4	  4	  4	  4	  4	  0	  0	  0	  0	  0	  0	  0	  0	  0	  0	  0	  0	  0	  0	  0	  0	  0	  0	  0	  0	  0	  0	  0	  0	 65	 50	 44	 57	  0	 68	  0	  0	  0	  0	  0	  0	  0	  0	  0	  0	  0	  5	16690	  0
16/03/2017	14:07:00	<-	L	00000000	 21	 64	 50	 44	  0	133	  0	  4	  4	  4	  4	  4	  4	  4	  4	  0	  0	  0	  0	  0	  0	  0	  0	  0	  0	  0	  0	  0	  0	  0	  0	  0	  0	  0	  0	  0	  0	  0	  0	 64	 50	 46	 57	  0	 68	  0	  0	  0	  0	  0	  0	  0	  0	  0	  0	  0	  5	16690	  0
16/03/2017	14:12:00	<-	L	00000000	 21	 63	 50	 48	  0	138	  0	  4	  4	  4	  4	  4	  4	  4	  4	  0	  0	  0	  0	  0	  0	  0	  0	  0	  0	  0	  0	  0	  0	  0	  0	  0	  0	  0	  0	  0	  0	  0	  0	 63	 50	 48	 56	  0	 71	  0	  0	  0	  0	  0	  0	  0	  0	  0	  0	  0	  5	16690	  0
16/03/2017	14:17:00	<-	L	00000000	 21	 64	 50	 46	  0	143	  0	  4	  4	  4	  4	  4	  4	  4	  4	  0	  0	  0	  0	  0	  0	  0	  0	  0	  0	  0	  0	  0	  0	  0	  0	  0	  0	  0	  0	  0	  0	  0	  0	 64	 50	 46	 57	  0	 68	  0	  0	  0	  0	  0	  0	  0	  0	  0	  0	  0	  5	16690	  0
16/03/2017	14:22:00	<-	L	00000000	 21	 65	 50	 44	  0	148	  0	  4	  4	  4	  4	  4	  4	  4	  4	  0	  0	  0	  0	  0	  0	  0	  0	  0	  0	  0	  0	  0	  0	  0	  0	  0	  0	  0	  0	  0	  0	  0	  0	 65	 50	 44	 57	  0	 68	  0	  0	  0	  0	  0	  0	  0	  0	  0	  0	  0	  5	16690	  0
16/03/2017	14:27:00	<-	L	00000000	 21	 64	 50	 44	  0	153	  0	  4	  4	  4	  4	  4	  4	  4	  4	  0	  0	  0	  0	  0	  0	  0	  0	  0	  0	  0	  0	  0	  0	  0	  0	  0	  0	  0	  0	  0	  0	  0	  0	 64	 50	 46	 57	  0	 68	  0	  0	  0	  0	  0	  0	  0	  0	  0	  0	  0	  5	16690	  0
16/03/2017	14:32:00	<-	L	00000000	 21	 62	 50	 52	  0	158	  0	  4	  4	  4	  4	  4	  4	  4	  4	  0	  0	  0	  0	  0	  0	  0	  0	  0	  0	  0	  0	  0	  0	  0	  0	  0	  0	  0	  0	  0	  0	  0	  0	 62	 50	 52	 56	  0	 71	  0	  0	  0	  0	  0	  0	  0	  0	  0	  0	  0	  5	16690	  0
16/03/2017	14:37:00	<-	L	00000000	 21	 63	 50	 48	  0	163	  0	  4	  4	  4	  4	  4	  4	  4	  4	  0	  0	  0	  0	  0	  0	  0	  0	  0	  0	  0	  0	  0	  0	  0	  0	  0	  0	  0	  0	  0	  0	  0	  0	 63	 50	 48	 57	  0	 68	  0	  0	  0	  0	  0	  0	  0	  0	  0	  0	  0	  5	16690	  0
16/03/2017	14:42:00	<-	L	00000000	 21	 66	 50	 44	  0	168	  0	  4	  4	  4	  4	  4	  4	  4	  4	  0	  0	  0	  0	  0	  0	  0	  0	  0	  0	  0	  0	  0	  0	  0	  0	  0	  0	  0	  0	  0	  0	  0	  0	 66	 50	 41	 58	  0	 64	  0	  0	  0	  0	  0	  0	  0	  0	  0	  0	  0	  5	16690	  0
16/03/2017	14:47:00	<-	L	00000000	 21	 62	 50	 48	  0	173	  0	  4	  4	  4	  4	  4	  4	  4	  4	  0	  0	  0	  0	  0	  0	  0	  0	  0	  0	  0	  0	  0	  0	  0	  0	  0	  0	  0	  0	  0	  0	  0	  0	 62	 50	 52	 56	  0	 71	  0	  0	  0	  0	  0	  0	  0	  0	  0	  0	  0	  5	16690	  0
16/03/2017	14:52:00	<-	L	00000000	 21	 64	 50	 46	  0	178	  0	  4	  4	  4	  4	  4	  4	  4	  4	  0	  0	  0	  0	  0	  0	  0	  0	  0	  0	  0	  0	  0	  0	  0	  0	  0	  0	  0	  0	  0	  0	  0	  0	 64	 50	 46	 57	  0	 68	  0	  0	  0	  0	  0	  0	  0	  0	  0	  0	  0	  5	16690	  0
16/03/2017	14:57:00	  	L	00000000	 21	 65	 50	 44	  0	183	  0	  4	  4	  4	  4	  4	  4	  4	  4	  0	  0	  0	  0	  0	  0	  0	  0	  0	  0	  0	  0	  0	  0	  0	  0	  0	  0	  0	  0	  0	  0	  0	  0	 65	 50	 44	 58	  0	 64	  0	  0	  0	  0	  0	  0	  0	  0	  0	  0	  0	  5	16690	  0
16/03/2017	15:02:00	->	L	00000000	 21	 64	 49	 44	  0	188	  0	  4	  4	  4	  4	  4	  4	  4	  4	  0	  0	  0	  0	  0	  0	  0	  0	  0	  0	  0	  0	  0	  0	  0	  0	  0	  0	  0	  0	  0	  0	  0	  0	 57	 49	 64	 64	  0	 44	  0	  0	  0	  0	  0	  0	  0	  0	  0	  0	  0	  5	16690	  0
16/03/2017	15:07:00	->	L	00000000	 21	 65	 49	 41	  0	193	  0	  4	  4	  4	  4	  4	  4	  4	  4	  0	  0	  0	  0	  0	  0	  0	  0	  0	  0	  0	  0	  0	  0	  0	  0	  0	  0	  0	  0	  0	  0	  0	  0	 56	 49	 68	 65	  0	 41	  0	  0	  0	  0	  0	  0	  0	  0	  0	  0	  0	  5	16690	  0
16/03/2017	15:12:00	->	L	00000000	 21	 63	 49	 45	  0	198	  0	  4	  4	  4	  4	  4	  4	  4	  4	  0	  0	  0	  0	  0	  0	  0	  0	  0	  0	  0	  0	  0	  0	  0	  0	  0	  0	  0	  0	  0	  0	  0	  0	 55	 49	 71	 63	  0	 45	  0	  0	  0	  0	  0	  0	  0	  0	  0	  0	  0	  5	16690	  0
16/03/2017	15:17:00	->	L	00000000	 21	 63	 49	 45	  0	203	  0	  4	  4	  4	  4	  4	  4	  4	  4	  0	  0	  0	  0	  0	  0	  0	  0	  0	  0	  0	  0	  0	  0	  0	  0	  0	  0	  0	  0	  0	  0	  0	  0	 55	 49	 71	 63	  0	 45	  0	  0	  0	  0	  0	  0	  0	  0	  0	  0	  0	  5	16690	  0
16/03/2017	15:22:00	->	L	00000000	 21	 64	 49	 44	  0	208	  0	  4	  4	  4	  4	  4	  4	  4	  4	  0	  0	  0	  0	  0	  0	  0	  0	  0	  0	  0	  0	  0	  0	  0	  0	  0	  0	  0	  0	  0	  0	  0	  0	 55	 49	 71	 64	  0	 44	  0	  0	  0	  0	  0	  0	  0	  0	  0	  0	  0	  5	16690	  0
16/03/2017	15:27:00	->	L	00000000	 21	 65	 49	 44	  0	213	  0	  4	  4	  4	  4	  4	  4	  4	  4	  0	  0	  0	  0	  0	  0	  0	  0	  0	  0	  0	  0	  0	  0	  0	  0	  0	  0	  0	  0	  0	  0	  0	  0	 56	 49	 68	 65	  0	 41	  0	  0	  0	  0	  0	  0	  0	  0	  0	  0	  0	  5	16690	  0
16/03/2017	15:32:00	->	L	00000000	 21	 64	 49	 44	  0	218	  0	  4	  4	  4	  4	  4	  4	  4	  4	  0	  0	  0	  0	  0	  0	  0	  0	  0	  0	  0	  0	  0	  0	  0	  0	  0	  0	  0	  0	  0	  0	  0	  0	 55	 49	 71	 64	  0	 44	  0	  0	  0	  0	  0	  0	  0	  0	  0	  0	  0	  5	16690	  0
16/03/2017	15:37:00	->	L	00000000	 21	 63	 49	 45	  0	223	  0	  4	  4	  4	  4	  4	  4	  4	  4	  0	  0	  0	  0	  0	  0	  0	  0	  0	  0	  0	  0	  0	  0	  0	  0	  0	  0	  0	  0	  0	  0	  0	  0	 55	 49	 71	 63	  0	 45	  0	  0	  0	  0	  0	  0	  0	  0	  0	  0	  0	  5	16690	  0
16/03/2017	15:42:00	->	L	00000000	 21	 65	 49	 41	  0	228	  0	  4	  4	  4	  4	  4	  4	  4	  4	  0	  0	  0	  0	  0	  0	  0	  0	  0	  0	  0	  0	  0	  0	  0	  0	  0	  0	  0	  0	  0	  0	  0	  0	 56	 49	 68	 65	  0	 41	  0	  0	  0	  0	  0	  0	  0	  0	  0	  0	  0	  5	16690	  0
16/03/2017	15:47:00	->	L	00000000	 21	 63	 49	 45	  0	233	  0	  4	  4	  4	  4	  4	  4	  4	  4	  0	  0	  0	  0	  0	  0	  0	  0	  0	  0	  0	  0	  0	  0	  0	  0	  0	  0	  0	  0	  0	  0	  0	  0	 55	 49	 71	 63	  0	 45	  0	  0	  0	  0	  0	  0	  0	  0	  0	  0	  0	  5	16690	  0
16/03/2017	15:52:00	->	L	00000000	 21	 65	 49	 44	  0	238	  0	  4	  4	  4	  4	  4	  4	  4	  4	  0	  0	  0	  0	  0	  0	  0	  0	  0	  0	  0	  0	  0	  0	  0	  0	  0	  0	  0	  0	  0	  0	  0	  0	 55	 49	 71	 65	  0	 41	  0	  0	  0	  0	  0	  0	  0	  0	  0	  0	  0	  5	16690	  0
16/03/2017	15:57:00	->	L	00000000	 21	 63	 49	 44	  0	243	  0	  4	  4	  4	  4	  4	  4	  4	  4	  0	  0	  0	  0	  0	  0	  0	  0	  0	  0	  0	  0	  0	  0	  0	  0	  0	  0	  0	  0	  0	  0	  0	  0	 55	 49	 71	 63	  0	 45	  0	  0	  0	  0	  0	  0	  0	  0	  0	  0	  0	  5	16690	  0
16/03/2017	16:02:01	->	L	00000000	 21	 65	 49	 44	  0	248	  0	  4	  4	  4	  4	  4	  4	  4	  4	  0	  0	  0	  0	  0	  0	  0	  0	  0	  0	  0	  0	  0	  0	  0	  0	  0	  0	  0	  0	  0	  0	  0	  0	 55	 49	 71	 65	  0	 41	  0	  0	  0	  0	  0	  0	  0	  0	  0	  0	  0	  5	16690	  0
16/03/2017	16:07:01	->	L	00000000	 21	 64	 49	 44	  0	253	  0	  4	  4	  4	  4	  4	  4	  4	  4	  0	  0	  0	  0	  0	  0	  0	  0	  0	  0	  0	  0	  0	  0	  0	  0	  0	  0	  0	  0	  0	  0	  0	  0	 55	 49	 71	 64	  0	 44	  0	  0	  0	  0	  0	  0	  0	  0	  0	  0	  0	  5	16690	  0
15/02/2017	10:45:44	->	L	00000000	 21	 65	 49	 44	  0	258	  0	  4	  4	  4	  4	  4	  4	  4	  4	  0	  0	  0	  0	  0	  0	  0	  0	  0	  0	  0	  0	  0	  0	  0	  0	  0	  0	  0	  0	  0	  0	  0	  0	 56	 49	 68	 65	  0	 41	  0	  0	  0	  0	  0	  0	  0	  0	  0	  0	  0	  5	16690	  0
15/02/2017	10:50:44	->	L	00000000	 21	 63	 49	 45	  0	263	  0	  4	  4	  4	  4	  4	  4	  4	  4	  0	  0	  0	  0	  0	  0	  0	  0	  0	  0	  0	  0	  0	  0	  0	  0	  0	  0	  0	  0	  0	  0	  0	  0	 55	 49	 71	 63	  0	 45	  0	  0	  0	  0	  0	  0	  0	  0	  0	  0	  0	  5	16690	  0
15/02/2017	10:55:45	->	L	00000000	 21	 65	 49	 41	  0	268	  0	  4	  4	  4	  4	  4	  4	  4	  4	  0	  0	  0	  0	  0	  0	  0	  0	  0	  0	  0	  0	  0	  0	  0	  0	  0	  0	  0	  0	  0	  0	  0	  0	 56	 49	 68	 65	  0	 41	  0	  0	  0	  0	  0	  0	  0	  0	  0	  0	  0	  5	16690	  0
15/02/2017	11:00:45	->	L	00000000	 21	 63	 49	 45	  0	273	  0	  4	  4	  4	  4	  4	  4	  4	  4	  0	  0	  0	  0	  0	  0	  0	  0	  0	  0	  0	  0	  0	  0	  0	  0	  0	  0	  0	  0	  0	  0	  0	  0	 55	 49	 71	 63	  0	 45	  0	  0	  0	  0	  0	  0	  0	  0	  0	  0	  0	  5	16690	  0
15/02/2017	11:05:44	->	L	00000000	 21	 65	 49	 38	  0	278	  0	  4	  4	  4	  4	  4	  4	  4	  4	  0	  0	  0	  0	  0	  0	  0	  0	  0	  0	  0	  0	  0	  0	  0	  0	  0	  0	  0	  0	  0	  0	  0	  0	 56	 49	 68	 65	  0	 41	  0	  0	  0	  0	  0	  0	  0	  0	  0	  0	  0	  5	16690	  0
15/02/2017	11:10:44	->	L	00000000	 21	 63	 49	 45	  0	283	  0	  4	  4	  4	  4	  4	  4	  4	  4	  0	  0	  0	  0	  0	  0	  0	  0	  0	  0	  0	  0	  0	  0	  0	  0	  0	  0	  0	  0	  0	  0	  0	  0	 56	 49	 68	 63	  0	 45	  0	  0	  0	  0	  0	  0	  0	  0	  0	  0	  0	  5	16690	  0
15/02/2017	11:15:44	->	L	00000000	 21	 65	 50	 41	  0	288	  0	  4	  4	  4	  4	  4	  4	  4	  4	  0	  0	  0	  0	  0	  0	  0	  0	  0	  0	  0	  0	  0	  0	  0	  0	  0	  0	  0	  0	  0	  0	  0	  0	 56	 50	 71	 65	  0	 44	  0	  0	  0	  0	  0	  0	  0	  0	  0	  0	  0	  5	16690	  0
15/02/2017	11:20:44	->	L	00000000	 21	 65	 49	 44	  0	293	  0	  4	  4	  4	  4	  4	  4	  4	  4	  0	  0	  0	  0	  0	  0	  0	  0	  0	  0	  0	  0	  0	  0	  0	  0	  0	  0	  0	  0	  0	  0	  0	  0	 56	 49	 68	 65	  0	 41	  0	  0	  0	  0	  0	  0	  0	  0	  0	  0	  0	  5	16690	  0
15/02/2017	11:25:44	->	L	00000000	 21	 64	 49	 44	  0	298	  0	  4	  4	  4	  4	  4	  4	  4	  4	  0	  0	  0	  0	  0	  0	  0	  0	  0	  0	  0	  0	  0	  0	  0	  0	  0	  0	  0	  0	  0	  0	  0	  0	 56	 49	 68	 64	  0	 44	  0	  0	  0	  0	  0	  0	  0	  0	  0	  0	  0	  5	16690	  0
15/02/2017	11:30:44	->	L	00000000	 21	 66	 50	 41	  0	303	  0	  4	  4	  4	  4	  4	  4	  4	  4	  0	  0	  0	  0	  0	  0	  0	  0	  0	  0	  0	  0	  0	  0	  0	  0	  0	  0	  0	  0	  0	  0	  0	  0	 57	 50	 68	 66	  0	 41	  0	  0	  0	  0	  0	  0	  0	  0	  0	  0	  0	  5	16690	  0
15/02/2017	11:35:44	->	L	00000000	 21	 63	 49	 48	  0	308	  0	  4	  4	  4	  4	  4	  4	  4	  4	  0	  0	  0	  0	  0	  0	  0	  0	  0	  0	  0	  0	  0	  0	  0	  0	  0	  0	  0	  0	  0	  0	  0	  0	 56	 49	 68	 63	  0	 45	  0	  0	  0	  0	  0	  0	  0	  0	  0	  0	  0	  5	16690	  0
15/02/2017	11:40:44	->	L	00000000	 21	 66	 50	 38	  0	313	  0	  4	  4	  4	  4	  4	  4	  4	  4	  0	  0	  0	  0	  0	  0	  0	  0	  0	  0	  0	  0	  0	  0	  0	  0	  0	  0	  0	  0	  0	  0	  0	  0	 56	 50	 71	 66	  0	 41	  0	  0	  0	  0	  0	  0	  0	  0	  0	  0	  0	  5	16690	  0
15/02/2017	11:45:44	->	L	00000000	 21	 64	 50	 46	  0	318	  0	  4	  4	  4	  4	  4	  4	  4	  4	  0	  0	  0	  0	  0	  0	  0	  0	  0	  0	  0	  0	  0	  0	  0	  0	  0	  0	  0	  0	  0	  0	  0	  0	 56	 50	 71	 64	  0	 46	  0	  0	  0	  0	  0	  0	  0	  0	  0	  0	  0	  5	16690	  0
15/02/2017	11:50:44	->	L	00000000	 21	 64	 50	 44	  0	323	  0	  4	  4	  4	  4	  4	  4	  4	  4	  0	  0	  0	  0	  0	  0	  0	  0	  0	  0	  0	  0	  0	  0	  0	  0	  0	  0	  0	  0	  0	  0	  0	  0	 56	 50	 71	 64	  0	 46	  0	  0	  0	  0	  0	  0	  0	  0	  0	  0	  0	  5	16690	  0
15/02/2017	11:55:44	->	L	00000000	 21	 65	 50	 44	  0	328	  0	  4	  4	  4	  4	  4	  4	  4	  4	  0	  0	  0	  0	  0	  0	  0	  0	  0	  0	  0	  0	  0	  0	  0	  0	  0	  0	  0	  0	  0	  0	  0	  0	 56	 50	 71	 65	  0	 44	  0	  0	  0	  0	  0	  0	  0	  0	  0	  0	  0	  5	16690	  0
15/02/2017	12:00:44	->	L	00000000	 21	 63	 50	 46	  0	333	  0	  4	  4	  4	  4	  4	  4	  4	  4	  0	  0	  0	  0	  0	  0	  0	  0	  0	  0	  0	  0	  0	  0	  0	  0	  0	  0	  0	  0	  0	  0	  0	  0	 56	 50	 71	 63	  0	 48	  0	  0	  0	  0	  0	  0	  0	  0	  0	  0	  0	  5	16690	  0
15/02/2017	12:05:44	->	L	00000000	 21	 66	 50	 41	  0	338	  0	  4	  4	  4	  4	  4	  4	  4	  4	  0	  0	  0	  0	  0	  0	  0	  0	  0	  0	  0	  0	  0	  0	  0	  0	  0	  0	  0	  0	  0	  0	  0	  0	 57	 50	 68	 66	  0	 41	  0	  0	  0	  0	  0	  0	  0	  0	  0	  0	  0	  5	16690	  0
15/02/2017	12:10:44	->	L	00000000	 21	 64	 50	 45	  0	343	  0	  4	  4	  4	  4	  4	  4	  4	  4	  0	  0	  0	  0	  0	  0	  0	  0	  0	  0	  0	  0	  0	  0	  0	  0	  0	  0	  0	  0	  0	  0	  0	  0	 56	 50	 71	 64	  0	 46	  0	  0	  0	  0	  0	  0	  0	  0	  0	  0	  0	  5	16690	  0
15/02/2017	12:15:44	->	L	00000000	 21	 65	 50	 38	  0	348	  0	  4	  4	  4	  4	  4	  4	  4	  4	  0	  0	  0	  0	  0	  0	  0	  0	  0	  0	  0	  0	  0	  0	  0	  0	  0	  0	  0	  0	  0	  0	  0	  0	 56	 50	 71	 65	  0	 44	  0	  0	  0	  0	  0	  0	  0	  0	  0	  0	  0	  5	16690	  0
15/02/2017	12:20:45	->	L	00000000	 21	 65	 50	 44	  0	353	  0	  4	  4	  4	  4	  4	  4	  4	  4	  0	  0	  0	  0	  0	  0	  0	  0	  0	  0	  0	  0	  0	  0	  0	  0	  0	  0	  0	  0	  0	  0	  0	  0	 56	 50	 71	 65	  0	 44	  0	  0	  0	  0	  0	  0	  0	  0	  0	  0	  0	  5	16690	  0
15/02/2017	12:25:45	->	L	00000000	 21	 64	 49	 46	  0	358	  0	  4	  4	  4	  4	  4	  4	  4	  4	  0	  0	  0	  0	  0	  0	  0	  0	  0	  0	  0	  0	  0	  0	  0	  0	  0	  0	  0	  0	  0	  0	  0	  0	 56	 49	 68	 64	  0	 44	  0	  0	  0	  0	  0	  0	  0	  0	  0	  0	  0	  5	16690	  0
15/02/2017	12:30:45	->	L	00000000	 21	 66	 50	 44	  0	363	  0	  4	  4	  4	  4	  4	  4	  4	  4	  0	  0	  0	  0	  0	  0	  0	  0	  0	  0	  0	  0	  0	  0	  0	  0	  0	  0	  0	  0	  0	  0	  0	  0	 56	 50	 71	 66	  0	 41	  0	  0	  0	  0	  0	  0	  0	  0	  0	  0	  0	  5	16690	  0
15/02/2017	12:35:44	->	L	00000000	 21	 63	 50	 48	  0	368	  0	  4	  4	  4	  4	  4	  4	  4	  4	  0	  0	  0	  0	  0	  0	  0	  0	  0	  0	  0	  0	  0	  0	  0	  0	  0	  0	  0	  0	  0	  0	  0	  0	 56	 50	 71	 63	  0	 48	  0	  0	  0	  0	  0	  0	  0	  0	  0	  0	  0	  5	16690	  0
15/02/2017	12:40:45	->	L	00000000	 21	 66	 50	 44	  0	373	  0	  4	  4	  4	  4	  4	  4	  4	  4	  0	  0	  0	  0	  0	  0	  0	  0	  0	  0	  0	  0	  0	  0	  0	  0	  0	  0	  0	  0	  0	  0	  0	  0	 56	 50	 71	 66	  0	 41	  0	  0	  0	  0	  0	  0	  0	  0	  0	  0	  0	  5	16690	  0
15/02/2017	12:45:44	->	L	00000000	 21	 63	 50	 48	  0	378	  0	  4	  4	  4	  4	  4	  4	  4	  4	  0	  0	  0	  0	  0	  0	  0	  0	  0	  0	  0	  0	  0	  0	  0	  0	  0	  0	  0	  0	  0	  0	  0	  0	 56	 50	 71	 63	  0	 48	  0	  0	  0	  0	  0	  0	  0	  0	  0	  0	  0	  5	16690	  0
15/02/2017	12:50:44	->	L	00000000	 21	 67	 50	 41	  0	383	  0	  4	  4	  4	  4	  4	  4	  4	  4	  0	  0	  0	  0	  0	  0	  0	  0	  0	  0	  0	  0	  0	  0	  0	  0	  0	  0	  0	  0	  0	  0	  0	  0	 57	 50	 68	 67	  0	 39	  0	  0	  0	  0	  0	  0	  0	  0	  0	  0	  0	  5	16690	  0
15/02/2017	12:55:45	->	L	00000000	 21	 63	 50	 48	  0	388	  0	  4	  4	  4	  4	  4	  4	  4	  4	  0	  0	  0	  0	  0	  0	  0	  0	  0	  0	  0	  0	  0	  0	  0	  0	  0	  0	  0	  0	  0	  0	  0	  0	 56	 50	 71	 63	  0	 48	  0	  0	  0	  0	  0	  0	  0	  0	  0	  0	  0	  5	16690	  0
15/02/2017	13:00:45	->	L	00000000	 21	 66	 50	 41	  0	393	  0	  4	  4	  4	  4	  4	  4	  4	  4	  0	  0	  0	  0	  0	  0	  0	  0	  0	  0	  0	  0	  0	  0	  0	  0	  0	  0	  0	  0	  0	  0	  0	  0	 57	 50	 68	 66	  0	 41	  0	  0	  0	  0	  0	  0	  0	  0	  0	  0	  0	  5	16690	  0
15/02/2017	13:05:45	->	L	00000000	 21	 63	 50	 48	  0	398	  0	  4	  4	  4	  4	  4	  4	  4	  4	  0	  0	  0	  0	  0	  0	  0	  0	  0	  0	  0	  0	  0	  0	  0	  0	  0	  0	  0	  0	  0	  0	  0	  0	 56	 50	 71	 63	  0	 48	  0	  0	  0	  0	  0	  0	  0	  0	  0	  0	  0	  5	16690	  0
15/02/2017	13:10:45	->	L	00000000	 21	 62	 50	 54	  0	403	  0	  4	  4	  4	  4	  4	  4	  4	  4	  0	  0	  0	  0	  0	  0	  0	  0	  0	  0	  0	  0	  0	  0	  0	  0	  0	  0	  0	  0	  0	  0	  0	  0	 55	 50	 77	 62	  0	 52	  0	  0	  0	  0	  0	  0	  0	  0	  0	  0	  0	  5	16690	  0
15/02/2017	13:15:45	->	L	00000000	 21	 67	 50	 39	  0	408	  0	  4	  4	  4	  4	  4	  4	  4	  4	  0	  0	  0	  0	  0	  0	  0	  0	  0	  0	  0	  0	  0	  0	  0	  0	  0	  0	  0	  0	  0	  0	  0	  0	 57	 50	 68	 67	  0	 39	  0	  0	  0	  0	  0	  0	  0	  0	  0	  0	  0	  5	16690	  0
15/02/2017	13:20:45	->	L	00000000	 21	 63	 50	 48	  0	413	  0	  4	  4	  4	  4	  4	  4	  4	  4	  0	  0	  0	  0	  0	  0	  0	  0	  0	  0	  0	  0	  0	  0	  0	  0	  0	  0	  0	  0	  0	  0	  0	  0	 56	 50	 71	 63	  0	 48	  0	  0	  0	  0	  0	  0	  0	  0	  0	  0	  0	  5	16690	  0
15/02/2017	13:25:45	->	L	00000000	 21	 67	 50	 39	  0	418	  0	  4	  4	  4	  4	  4	  4	  4	  4	  0	  0	  0	  0	  0	  0	  0	  0	  0	  0	  0	  0	  0	  0	  0	  0	  0	  0	  0	  0	  0	  0	  0	  0	 57	 50	 68	 67	  0	 39	  0	  0	  0	  0	  0	  0	  0	  0	  0	  0	  0	  5	16690	  0
15/02/2017	13:30:45	->	L	00000000	 22	 69	 50	 35	  0	  2	  0	  4	  4	  4	  4	  4	  4	  4	  4	  0	  0	  0	  0	  0	  0	  0	  0	  0	  0	  0	  0	  0	  0	  0	  0	  0	  0	  0	  0	  0	  0	  0	  0	 58	 50	 64	 69	  0	 35	  0	  0	  0	  0	  0	  0	  0	  0	  0	  0	  0	  5	21820	  0
15/02/2017	13:35:45	<-	L	00000000	 22	 72	 53	 36	  0	  7	  0	  4	  4	  4	  4	  4	  4	  4	  4	  0	  0	  0	  0	  0	  0	  0	  0	  0	  0	  0	  0	  0	  0	  0	  0	  0	  0	  0	  0	  0	  0	  0	  0	 72	 53	 36	 64	  0	 55	  0	  0	  0	  0	  0	  0	  0	  0	  0	  0	  0	  5	21820	  0
15/02/2017	13:40:45	<-	L	00000000	 22	 75	 53	 31	  0	 12	  0	  4	  4	  4	  4	  4	  4	  4	  4	  0	  0	  0	  0	  0	  0	  0	  0	  0	  0	  0	  0	  0	  0	  0	  0	  0	  0	  0	  0	  0	  0	  0	  0	 75	 53	 31	 65	  0	 53	  0	  0	  0	  0	  0	  0	  0	  0	  0	  0	  0	  5	21820	  0
15/02/2017	13:45:45	<-	L	00000000	 22	 76	 54	 31	  0	 17	  0	  4	  4	  4	  4	  4	  4	  4	  4	  0	  0	  0	  0	  0	  0	  0	  0	  0	  0	  0	  0	  0	  0	  0	  0	  0	  0	  0	  0	  0	  0	  0	  0	 76	 54	 31	 66	  0	 53	  0	  0	  0	  0	  0	  0	  0	  0	  0	  0	  0	  5	21820	  0
15/02/2017	13:50:45	<-	L	00000000	 22	 76	 54	 31	  0	 22	  0	  4	  4	  4	  4	  4	  4	  4	  4	  0	  0	  0	  0	  0	  0	  0	  0	  0	  0	  0	  0	  0	  0	  0	  0	  0	  0	  0	  0	  0	  0	  0	  0	 76	 54	 31	 66	  0	 53	  0	  0	  0	  0	  0	  0	  0	  0	  0	  0	  0	  5	21820	  0
15/02/2017	13:55:45	<-	L	00000000	 22	 76	 54	 31	  0	 27	  0	  4	  4	  4	  4	  4	  4	  4	  4	  0	  0	  0	  0	  0	  0	  0	  0	  0	  0	  0	  0	  0	  0	  0	  0	  0	  0	  0	  0	  0	  0	  0	  0	 76	 54	 31	 66	  0	 53	  0	  0	  0	  0	  0	  0	  0	  0	  0	  0	  0	  5	21820	  0
15/02/2017	14:00:45	<-	L	00000000	 22	 76	 54	 32	  0	 32	  0	  4	  4	  4	  4	  4	  4	  4	  4	  0	  0	  0	  0	  0	  0	  0	  0	  0	  0	  0	  0	  0	  0	  0	  0	  0	  0	  0	  0	  0	  0	  0	  0	 76	 54	 31	 66	  0	 53	  0	  0	  0	  0	  0	  0	  0	  0	  0	  0	  0	  5	21820	  0
15/02/2017	14:05:45	<-	L	00000000	 22	 75	 54	 32	  0	 37	  0	  4	  4	  4	  4	  4	  4	  4	  4	  0	  0	  0	  0	  0	  0	  0	  0	  0	  0	  0	  0	  0	  0	  0	  0	  0	  0	  0	  0	  0	  0	  0	  0	 75	 54	 32	 66	  0	 53	  0	  0	  0	  0	  0	  0	  0	  0	  0	  0	  0	  5	21820	  0
15/02/2017	14:10:45	<-	L	00000000	 22	 75	 54	 32	  0	 42	  0	  4	  4	  4	  4	  4	  4	  4	  4	  0	  0	  0	  0	  0	  0	  0	  0	  0	  0	  0	  0	  0	  0	  0	  0	  0	  0	  0	  0	  0	  0	  0	  0	 75	 54	 32	 66	  0	 53	  0	  0	  0	  0	  0	  0	  0	  0	  0	  0	  0	  5	21820	  0
15/02/2017	14:15:45	<-	L	00000000	 22	 75	 54	 35	  0	 47	  0	  4	  4	  4	  4	  4	  4	  4	  4	  0	  0	  0	  0	  0	  0	  0	  0	  0	  0	  0	  0	  0	  0	  0	  0	  0	  0	  0	  0	  0	  0	  0	  0	 75	 54	 32	 66	  0	 53	  0	  0	  0	  0	  0	  0	  0	  0	  0	  0	  0	  5	21820	  0
15/02/2017	14:20:45	<-	L	00000000	 22	 74	 54	 37	  0	 52	  0	  4	  4	  4	  4	  4	  4	  4	  4	  0	  0	  0	  0	  0	  0	  0	  0	  0	  0	  0	  0	  0	  0	  0	  0	  0	  0	  0	  0	  0	  0	  0	  0	 74	 54	 35	 65	  0	 56	  0	  0	  0	  0	  0	  0	  0	  0	  0	  0	  0	  5	21820	  0
15/02/2017	14:25:45	<-	L	00000000	 22	 74	 55	 37	  0	 57	  0	  4	  4	  4	  4	  4	  4	  4	  4	  0	  0	  0	  0	  0	  0	  0	  0	  0	  0	  0	  0	  0	  0	  0	  0	  0	  0	  0	  0	  0	  0	  0	  0	 74	 55	 37	 65	  0	 59	  0	  0	  0	  0	  0	  0	  0	  0	  0	  0	  0	  5	21820	  0
15/02/2017	14:30:45	<-	L	00000000	 22	 74	 55	 37	  0	 62	  0	  4	  4	  4	  4	  4	  4	  4	  4	  0	  0	  0	  0	  0	  0	  0	  0	  0	  0	  0	  0	  0	  0	  0	  0	  0	  0	  0	  0	  0	  0	  0	  0	 74	 55	 37	 65	  0	 59	  0	  0	  0	  0	  0	  0	  0	  0	  0	  0	  0	  5	21820	  0
15/02/2017	14:35:45	<-	L	00000000	 22	 73	 55	 37	  0	 67	  0	  4	  4	  4	  4	  4	  4	  4	  4	  0	  0	  0	  0	  0	  0	  0	  0	  0	  0	  0	  0	  0	  0	  0	  0	  0	  0	  0	  0	  0	  0	  0	  0	 73	 55	 39	 65	  0	 59	  0	  0	  0	  0	  0	  0	  0	  0	  0	  0	  0	  5	21820	  0
15/02/2017	14:40:45	<-	L	00000000	 22	 73	 55	 39	  0	 72	  0	  4	  4	  4	  4	  4	  4	  4	  4	  0	  0	  0	  0	  0	  0	  0	  0	  0	  0	  0	  0	  0	  0	  0	  0	  0	  0	  0	  0	  0	  0	  0	  0	 73	 55	 39	 65	  0	 59	  0	  0	  0	  0	  0	  0	  0	  0	  0	  0	  0	  5	21820	  0
15/02/2017	14:45:45	  	L	00000000	 22	  4	  4	  1	  0	  0	  0	  4	  4	  4	  4	  4	  4	  4	  4	  0	  0	  0	  0	  0	  0	  0	  0	  0	  0	  0	  0	  0	  0	  0	  0	  0	  0	  0	  0	  0	  0	  0	  0	  0	  0	  0	  0	  0	  0	  0	  0	  0	  0	  0	  0	  0	  0	  0	  0	  0	  5	21820	  0
15/02/2017	14:50:45	<-	L	00000000	 22	 73	 55	 39	  0	 82	  0	  4	  4	  4	  4	  4	  4	  4	  4	  0	  0	  0	  0	  0	  0	  0	  0	  0	  0	  0	  0	  0	  0	  0	  0	  0	  0	  0	  0	  0	  0	  0	  0	 73	 55	 39	 65	  0	 59	  0	  0	  0	  0	  0	  0	  0	  0	  0	  0	  0	  5	21820	  0
15/02/2017	14:55:45	<-	L	00000000	 22	 73	 55	 39	  0	 87	  0	  4	  4	  4	  4	  4	  4	  4	  4	  0	  0	  0	  0	  0	  0	  0	  0	  0	  0	  0	  0	  0	  0	  0	  0	  0	  0	  0	  0	  0	  0	  0	  0	 73	 55	 39	 65	  0	 59	  0	  0	  0	  0	  0	  0	  0	  0	  0	  0	  0	  5	21820	  0
15/02/2017	15:00:45	<-	L	00000000	 22	 73	 55	 39	  0	 92	  0	  4	  4	  4	  4	  4	  4	  4	  4	  0	  0	  0	  0	  0	  0	  0	  0	  0	  0	  0	  0	  0	  0	  0	  0	  0	  0	  0	  0	  0	  0	  0	  0	 73	 55	 39	 65	  0	 59	  0	  0	  0	  0	  0	  0	  0	  0	  0	  0	  0	  5	21820	  0
15/02/2017	15:05:45	<-	L	00000000	 22	 74	 55	 37	  0	 97	  0	  4	  4	  4	  4	  4	  4	  4	  4	  0	  0	  0	  0	  0	  0	  0	  0	  0	  0	  0	  0	  0	  0	  0	  0	  0	  0	  0	  0	  0	  0	  0	  0	 74	 55	 37	 65	  0	 59	  0	  0	  0	  0	  0	  0	  0	  0	  0	  0	  0	  5	21820	  0
15/02/2017	15:10:45	<-	L	00000000	 22	 74	 55	 37	  0	102	  0	  4	  4	  4	  4	  4	  4	  4	  4	  0	  0	  0	  0	  0	  0	  0	  0	  0	  0	  0	  0	  0	  0	  0	  0	  0	  0	  0	  0	  0	  0	  0	  0	 74	 55	 37	 65	  0	 59	  0	  0	  0	  0	  0	  0	  0	  0	  0	  0	  0	  5	21820	  0
15/02/2017	15:15:45	<-	L	00000000	 22	 74	 55	 37	  0	107	  0	  4	  4	  4	  4	  4	  4	  4	  4	  0	  0	  0	  0	  0	  0	  0	  0	  0	  0	  0	  0	  0	  0	  0	  0	  0	  0	  0	  0	  0	  0	  0	  0	 74	 55	 37	 65	  0	 59	  0	  0	  0	  0	  0	  0	  0	  0	  0	  0	  0	  5	21820	  0
15/02/2017	15:20:45	<-	L	00000000	 22	 73	 55	 39	  0	112	  0	  4	  4	  4	  4	  4	  4	  4	  4	  0	  0	  0	  0	  0	  0	  0	  0	  0	  0	  0	  0	  0	  0	  0	  0	  0	  0	  0	  0	  0	  0	  0	  0	 73	 55	 39	 65	  0	 59	  0	  0	  0	  0	  0	  0	  0	  0	  0	  0	  0	  5	21820	  0
15/02/2017	15:25:45	<-	L	00000000	 22	 73	 55	 39	  0	117	  0	  4	  4	  4	  4	  4	  4	  4	  4	  0	  0	  0	  0	  0	  0	  0	  0	  0	  0	  0	  0	  0	  0	  0	  0	  0	  0	  0	  0	  0	  0	  0	  0	 73	 55	 39	 65	  0	 59	  0	  0	  0	  0	  0	  0	  0	  0	  0	  0	  0	  5	21820	  0
15/02/2017	15:30:45	<-	L	00000000	 22	 73	 55	 39	  0	122	  0	  4	  4	  4	  4	  4	  4	  4	  4	  0	  0	  0	  0	  0	  0	  0	  0	  0	  0	  0	  0	  0	  0	  0	  0	  0	  0	  0	  0	  0	  0	  0	  0	 73	 55	 39	 65	  0	 59	  0	  0	  0	  0	  0	  0	  0	  0	  0	  0	  0	  5	21820	  0
15/02/2017	15:35:45	<-	L	00000000	 22	 73	 55	 39	  0	127	  0	  4	  4	  4	  4	  4	  4	  4	  4	  0	  0	  0	  0	  0	  0	  0	  0	  0	  0	  0	  0	  0	  0	  0	  0	  0	  0	  0	  0	  0	  0	  0	  0	 73	 55	 39	 65	  0	 59	  0	  0	  0	  0	  0	  0	  0	  0	  0	  0	  0	  5	21820	  0
15/02/2017	15:40:45	<-	L	00000000	 22	 73	 55	 39	  0	132	  0	  4	  4	  4	  4	  4	  4	  4	  4	  0	  0	  0	  0	  0	  0	  0	  0	  0	  0	  0	  0	  0	  0	  0	  0	  0	  0	  0	  0	  0	  0	  0	  0	 73	 55	 39	 65	  0	 59	  0	  0	  0	  0	  0	  0	  0	  0	  0	  0	  0	  5	21820	  0
15/02/2017	15:45:45	<-	L	00000000	 22	 73	 55	 39	  0	137	  0	  4	  4	  4	  4	  4	  4	  4	  4	  0	  0	  0	  0	  0	  0	  0	  0	  0	  0	  0	  0	  0	  0	  0	  0	  0	  0	  0	  0	  0	  0	  0	  0	 73	 55	 39	 65	  0	 59	  0	  0	  0	  0	  0	  0	  0	  0	  0	  0	  0	  5	21820	  0
15/02/2017	15:50:45	<-	L	00000000	 22	 73	 55	 39	  0	142	  0	  4	  4	  4	  4	  4	  4	  4	  4	  0	  0	  0	  0	  0	  0	  0	  0	  0	  0	  0	  0	  0	  0	  0	  0	  0	  0	  0	  0	  0	  0	  0	  0	 73	 55	 39	 65	  0	 59	  0	  0	  0	  0	  0	  0	  0	  0	  0	  0	  0	  5	21820	  0
15/02/2017	15:55:45	<-	L	00000000	 22	 74	 55	 37	  0	147	  0	  4	  4	  4	  4	  4	  4	  4	  4	  0	  0	  0	  0	  0	  0	  0	  0	  0	  0	  0	  0	  0	  0	  0	  0	  0	  0	  0	  0	  0	  0	  0	  0	 74	 55	 37	 65	  0	 59	  0	  0	  0	  0	  0	  0	  0	  0	  0	  0	  0	  5	21820	  0
15/02/2017	16:00:45	<-	L	00000000	 22	 74	 55	 37	  0	152	  0	  4	  4	  4	  4	  4	  4	  4	  4	  0	  0	  0	  0	  0	  0	  0	  0	  0	  0	  0	  0	  0	  0	  0	  0	  0	  0	  0	  0	  0	  0	  0	  0	 74	 55	 37	 65	  0	 59	  0	  0	  0	  0	  0	  0	  0	  0	  0	  0	  0	  5	21820	  0
15/02/2017	16:05:45	<-	L	00000000	 22	 70	 55	 48	  0	157	  0	  4	  4	  4	  4	  4	  4	  4	  4	  0	  0	  0	  0	  0	  0	  0	  0	  0	  0	  0	  0	  0	  0	  0	  0	  0	  0	  0	  0	  0	  0	  0	  0	 70	 55	 46	 63	  0	 66	  0	  0	  0	  0	  0	  0	  0	  0	  0	  0	  0	  5	18492	  0
15/02/2017	16:10:45	<-	L	00000000	 22	 72	 55	 41	  0	162	  0	  4	  4	  4	  4	  4	  4	  4	  4	  0	  0	  0	  0	  0	  0	  0	  0	  0	  0	  0	  0	  0	  0	  0	  0	  0	  0	  0	  0	  0	  0	  0	  0	 72	 55	 41	 64	  0	 62	  0	  0	  0	  0	  0	  0	  0	  0	  0	  0	  0	  5	18492	  0
15/02/2017	16:15:45	<-	L	00000000	 22	 69	 55	 46	  0	167	  0	  4	  4	  4	  4	  4	  4	  4	  4	  0	  0	  0	  0	  0	  0	  0	  0	  0	  0	  0	  0	  0	  0	  0	  0	  0	  0	  0	  0	  0	  0	  0	  0	 69	 55	 48	 63	  0	 66	  0	  0	  0	  0	  0	  0	  0	  0	  0	  0	  0	  5	18492	  0
15/02/2017	16:20:45	<-	L	00000000	 22	 71	 55	 43	  0	172	  0	  4	  4	  4	  4	  4	  4	  4	  4	  0	  0	  0	  0	  0	  0	  0	  0	  0	  0	  0	  0	  0	  0	  0	  0	  0	  0	  0	  0	  0	  0	  0	  0	 71	 55	 43	 64	  0	 62	  0	  0	  0	  0	  0	  0	  0	  0	  0	  0	  0	  5	18492	  0
15/02/2017	16:25:45	<-	L	00000000	 22	 72	 55	 41	  0	177	  0	  4	  4	  4	  4	  4	  4	  4	  4	  0	  0	  0	  0	  0	  0	  0	  0	  0	  0	  0	  0	  0	  0	  0	  0	  0	  0	  0	  0	  0	  0	  0	  0	 72	 55	 41	 64	  0	 62	  0	  0	  0	  0	  0	  0	  0	  0	  0	  0	  0	  5	18492	  0
15/02/2017	16:30:45	<-	L	00000000	 22	 71	 55	 46	  0	182	  0	  4	  4	  4	  4	  4	  4	  4	  4	  0	  0	  0	  0	  0	  0	  0	  0	  0	  0	  0	  0	  0	  0	  0	  0	  0	  0	  0	  0	  0	  0	  0	  0	 71	 55	 43	 64	  0	 62	  0	  0	  0	  0	  0	  0	  0	  0	  0	  0	  0	  5	18492	  0
15/02/2017	16:35:45	<-	L	00000000	 22	 71	 55	 43	  0	187	  0	  4	  4	  4	  4	  4	  4	  4	  4	  0	  0	  0	  0	  0	  0	  0	  0	  0	  0	  0	  0	  0	  0	  0	  0	  0	  0	  0	  0	  0	  0	  0	  0	 71	 55	 43	 63	  0	 66	  0	  0	  0	  0	  0	  0	  0	  0	  0	  0	  0	  5	18492	  0
15/02/2017	16:40:45	<-	L	00000000	 22	 73	 55	 41	  0	192	  0	  4	  4	  4	  4	  4	  4	  4	  4	  0	  0	  0	  0	  0	  0	  0	  0	  0	  0	  0	  0	  0	  0	  0	  0	  0	  0	  0	  0	  0	  0	  0	  0	 73	 55	 39	 64	  0	 62	  0	  0	  0	  0	  0	  0	  0	  0	  0	  0	  0	  5	18492	  0
15/02/2017	16:45:45	<-	L	00000000	 22	 71	 55	 43	  0	197	  0	  4	  4	  4	  4	  4	  4	  4	  4	  0	  0	  0	  0	  0	  0	  0	  0	  0	  0	  0	  0	  0	  0	  0	  0	  0	  0	  0	  0	  0	  0	  0	  0	 71	 55	 43	 64	  0	 62	  0	  0	  0	  0	  0	  0	  0	  0	  0	  0	  0	  5	18492	  0
15/02/2017	16:50:45	<-	L	00000000	 22	 72	 55	 43	  0	202	  0	  4	  4	  4	  4	  4	  4	  4	  4	  0	  0	  0	  0	  0	  0	  0	  0	  0	  0	  0	  0	  0	  0	  0	  0	  0	  0	  0	  0	  0	  0	  0	  0	 72	 55	 41	 64	  0	 62	  0	  0	  0	  0	  0	  0	  0	  0	  0	  0	  0	  5	18492	  0
15/02/2017	16:55:45	<-	L	00000000	 22	 73	 55	 37	  0	207	  0	  4	  4	  4	  4	  4	  4	  4	  4	  0	  0	  0	  0	  0	  0	  0	  0	  0	  0	  0	  0	  0	  0	  0	  0	  0	  0	  0	  0	  0	  0	  0	  0	 73	 55	 39	 65	  0	 59	  0	  0	  0	  0	  0	  0	  0	  0	  0	  0	  0	  5	18492	  0
15/02/2017	17:00:45	  	L	00000000	 22	 70	 55	 46	  0	  0	  0	  4	  4	  4	  4	  4	  4	  4	  4	  0	  0	  0	  0	  0	  0	  0	  0	  0	  0	  0	  0	  0	  0	  0	  0	  0	  0	  0	  0	  0	  0	  0	  0	  0	  0	  0	  0	  0	  0	  0	  0	  0	  0	  0	  0	  0	  0	  0	  0	  0	  5	18492	  0
15/02/2017	17:05:45	<-	L	00000000	 22	 74	 55	 37	  0	217	  0	  4	  4	  4	  4	  4	  4	  4	  4	  0	  0	  0	  0	  0	  0	  0	  0	  0	  0	  0	  0	  0	  0	  0	  0	  0	  0	  0	  0	  0	  0	  0	  0	 74	 55	 37	 65	  0	 59	  0	  0	  0	  0	  0	  0	  0	  0	  0	  0	  0	  5	18492	  0
15/02/2017	17:10:45	<-	L	00000000	 22	 70	 55	 46	  0	222	  0	  4	  4	  4	  4	  4	  4	  4	  4	  0	  0	  0	  0	  0	  0	  0	  0	  0	  0	  0	  0	  0	  0	  0	  0	  0	  0	  0	  0	  0	  0	  0	  0	 70	 55	 46	 63	  0	 66	  0	  0	  0	  0	  0	  0	  0	  0	  0	  0	  0	  5	18492	  0
15/02/2017	17:15:45	<-	L	00000000	 22	 75	 55	 37	  0	227	  0	  4	  4	  4	  4	  4	  4	  4	  4	  0	  0	  0	  0	  0	  0	  0	  0	  0	  0	  0	  0	  0	  0	  0	  0	  0	  0	  0	  0	  0	  0	  0	  0	 75	 55	 35	 66	  0	 56	  0	  0	  0	  0	  0	  0	  0	  0	  0	  0	  0	  5	18492	  0
15/02/2017	17:20:45	<-	L	00000000	 22	 70	 55	 43	  0	232	  0	  4	  4	  4	  4	  4	  4	  4	  4	  0	  0	  0	  0	  0	  0	  0	  0	  0	  0	  0	  0	  0	  0	  0	  0	  0	  0	  0	  0	  0	  0	  0	  0	 70	 55	 46	 63	  0	 66	  0	  0	  0	  0	  0	  0	  0	  0	  0	  0	  0	  5	18492	  0
15/02/2017	17:25:45	<-	L	00000000	 22	 74	 55	 39	  0	237	  0	  4	  4	  4	  4	  4	  4	  4	  4	  0	  0	  0	  0	  0	  0	  0	  0	  0	  0	  0	  0	  0	  0	  0	  0	  0	  0	  0	  0	  0	  0	  0	  0	 74	 55	 37	 65	  0	 59	  0	  0	  0	  0	  0	  0	  0	  0	  0	  0	  0	  5	18492	  0
15/02/2017	17:30:45	<-	L	00000000	 22	 72	 55	 41	  0	242	  0	  4	  4	  4	  4	  4	  4	  4	  4	  0	  0	  0	  0	  0	  0	  0	  0	  0	  0	  0	  0	  0	  0	  0	  0	  0	  0	  0	  0	  0	  0	  0	  0	 72	 55	 41	 64	  0	 62	  0	  0	  0	  0	  0	  0	  0	  0	  0	  0	  0	  5	18492	  0
15/02/2017	17:35:45	->	L	00000000	 22	 71	 54	 43	  0	247	  0	  4	  4	  4	  4	  4	  4	  4	  4	  0	  0	  0	  0	  0	  0	  0	  0	  0	  0	  0	  0	  0	  0	  0	  0	  0	  0	  0	  0	  0	  0	  0	  0	 66	 54	 53	 71	  0	 40	  0	  0	  0	  0	  0	  0	  0	  0	  0	  0	  0	  5	18492	  0
15/02/2017	17:40:45	->	L	00000000	 22	 72	 54	 39	  0	252	  0	  4	  4	  4	  4	  4	  4	  4	  4	  0	  0	  0	  0	  0	  0	  0	  0	  0	  0	  0	  0	  0	  0	  0	  0	  0	  0	  0	  0	  0	  0	  0	  0	 63	 54	 62	 72	  0	 39	  0	  0	  0	  0	  0	  0	  0	  0	  0	  0	  0	  5	18492	  0
15/02/2017	17:45:45	->	L	00000000	 22	 73	 53	 34	  0	257	  0	  4	  4	  4	  4	  4	  4	  4	  4	  0	  0	  0	  0	  0	  0	  0	  0	  0	  0	  0	  0	  0	  0	  0	  0	  0	  0	  0	  0	  0	  0	  0	  0	 62	 53	 62	 73	  0	 34	  0	  0	  0	  0	  0	  0	  0	  0	  0	  0	  0	  5	18492	  0
15/02/2017	17:50:45	->	L	00000000	 22	 70	 54	 43	  0	262	  0	  4	  4	  4	  4	  4	  4	  4	  4	  0	  0	  0	  0	  0	  0	  0	  0	  0	  0	  0	  0	  0	  0	  0	  0	  0	  0	  0	  0	  0	  0	  0	  0	 61	 54	 69	 70	  0	 43	  0	  0	  0	  0	  0	  0	  0	  0	  0	  0	  0	  5	18492	  0
15/02/2017	17:55:45	->	L	00000000	 22	 73	 53	 31	  0	267	  0	  4	  4	  4	  4	  4	  4	  4	  4	  0	  0	  0	  0	  0	  0	  0	  0	  0	  0	  0	  0	  0	  0	  0	  0	  0	  0	  0	  0	  0	  0	  0	  0	 62	 53	 62	 73	  0	 34	  0	  0	  0	  0	  0	  0	  0	  0	  0	  0	  0	  5	18492	  0
15/02/2017	18:00:45	->	L	00000000	 22	 72	 53	 39	  0	272	  0	  4	  4	  4	  4	  4	  4	  4	  4	  0	  0	  0	  0	  0	  0	  0	  0	  0	  0	  0	  0	  0	  0	  0	  0	  0	  0	  0	  0	  0	  0	  0	  0	 61	 53	 65	 72	  0	 36	  0	  0	  0	  0	  0	  0	  0	  0	  0	  0	  0	  5	18492	  0
15/02/2017	18:05:45	->	L	00000000	 22	 69	 53	 43	  0	277	  0	  4	  4	  4	  4	  4	  4	  4	  4	  0	  0	  0	  0	  0	  0	  0	  0	  0	  0	  0	  0	  0	  0	  0	  0	  0	  0	  0	  0	  0	  0	  0	  0	 61	 53	 65	 69	  0	 43	  0	  0	  0	  0	  0	  0	  0	  0	  0	  0	  0	  5	18492	  0
15/02/2017	18:10:45	->	L	00000000	 22	 74	 54	 35	  0	282	  0	  4	  4	  4	  4	  4	  4	  4	  4	  0	  0	  0	  0	  0	  0	  0	  0	  0	  0	  0	  0	  0	  0	  0	  0	  0	  0	  0	  0	  0	  0	  0	  0	 62	 54	 65	 74	  0	 35	  0	  0	  0	  0	  0	  0	  0	  0	  0	  0	  0	  5	18492	  0
15/02/2017	18:15:45	->	L	00000000	 22	 71	 53	 40	  0	287	  0	  4	  4	  4	  4	  4	  4	  4	  4	  0	  0	  0	  0	  0	  0	  0	  0	  0	  0	  0	  0	  0	  0	  0	  0	  0	  0	  0	  0	  0	  0	  0	  0	 61	 53	 65	 71	  0	 39	  0	  0	  0	  0	  0	  0	  0	  0	  0	  0	  0	  5	18492	  0
15/02/2017	18:20:45	->	L	00000000	 22	 71	 54	 39	  0	292	  0	  4	  4	  4	  4	  4	  4	  4	  4	  0	  0	  0	  0	  0	  0	  0	  0	  0	  0	  0	  0	  0	  0	  0	  0	  0	  0	  0	  0	  0	  0	  0	  0	 61	 54	 69	 71	  0	 40	  0	  0	  0	  0	  0	  0	  0	  0	  0	  0	  0	  5	18492	  0
15/02/2017	18:25:45	->	L	00000000	 22	 74	 54	 37	  0	297	  0	  4	  4	  4	  4	  4	  4	  4	  4	  0	  0	  0	  0	  0	  0	  0	  0	  0	  0	  0	  0	  0	  0	  0	  0	  0	  0	  0	  0	  0	  0	  0	  0	 62	 54	 65	 74	  0	 35	  0	  0	  0	  0	  0	  0	  0	  0	  0	  0	  0	  5	18492	  0
15/02/2017	18:30:45	->	L	00000000	 22	 70	 54	 43	  0	302	  0	  4	  4	  4	  4	  4	  4	  4	  4	  0	  0	  0	  0	  0	  0	  0	  0	  0	  0	  0	  0	  0	  0	  0	  0	  0	  0	  0	  0	  0	  0	  0	  0	 61	 54	 69	 70	  0	 43	  0	  0	  0	  0	  0	  0	  0	  0	  0	  0	  0	  5	18492	  0
15/02/2017	18:35:45	->	L	00000000	 22	 71	 53	 39	  0	307	  0	  4	  4	  4	  4	  4	  4	  4	  4	  0	  0	  0	  0	  0	  0	  0	  0	  0	  0	  0	  0	  0	  0	  0	  0	  0	  0	  0	  0	  0	  0	  0	  0	 61	 53	 65	 71	  0	 39	  0	  0	  0	  0	  0	  0	  0	  0	  0	  0	  0	  5	18492	  0
15/02/2017	18:40:45	->	L	00000000	 22	 73	 54	 37	  0	312	  0	  4	  4	  4	  4	  4	  4	  4	  4	  0	  0	  0	  0	  0	  0	  0	  0	  0	  0	  0	  0	  0	  0	  0	  0	  0	  0	  0	  0	  0	  0	  0	  0	 62	 54	 65	 73	  0	 37	  0	  0	  0	  0	  0	  0	  0	  0	  0	  0	  0	  5	18492	  0
15/02/2017	18:45:45	->	L	00000000	 22	 69	 54	 43	  0	317	  0	  4	  4	  4	  4	  4	  4	  4	  4	  0	  0	  0	  0	  0	  0	  0	  0	  0	  0	  0	  0	  0	  0	  0	  0	  0	  0	  0	  0	  0	  0	  0	  0	 61	 54	 69	 69	  0	 46	  0	  0	  0	  0	  0	  0	  0	  0	  0	  0	  0	  5	18492	  0
15/02/2017	18:50:46	->	L	00000000	 22	 74	 54	 35	  0	322	  0	  4	  4	  4	  4	  4	  4	  4	  4	  0	  0	  0	  0	  0	  0	  0	  0	  0	  0	  0	  0	  0	  0	  0	  0	  0	  0	  0	  0	  0	  0	  0	  0	 62	 54	 65	 74	  0	 35	  0	  0	  0	  0	  0	  0	  0	  0	  0	  0	  0	  5	18492	  0
15/02/2017	18:55:46	->	L	00000000	 22	 71	 53	 39	  0	327	  0	  4	  4	  4	  4	  4	  4	  4	  4	  0	  0	  0	  0	  0	  0	  0	  0	  0	  0	  0	  0	  0	  0	  0	  0	  0	  0	  0	  0	  0	  0	  0	  0	 61	 53	 65	 71	  0	 39	  0	  0	  0	  0	  0	  0	  0	  0	  0	  0	  0	  5	18492	  0
15/02/2017	19:00:46	->	L	00000000	 22	 72	 54	 39	  0	332	  0	  4	  4	  4	  4	  4	  4	  4	  4	  0	  0	  0	  0	  0	  0	  0	  0	  0	  0	  0	  0	  0	  0	  0	  0	  0	  0	  0	  0	  0	  0	  0	  0	 62	 54	 65	 72	  0	 39	  0	  0	  0	  0	  0	  0	  0	  0	  0	  0	  0	  5	18492	  0
15/02/2017	19:05:46	->	L	00000000	 22	 74	 54	 35	  0	337	  0	  4	  4	  4	  4	  4	  4	  4	  4	  0	  0	  0	  0	  0	  0	  0	  0	  0	  0	  0	  0	  0	  0	  0	  0	  0	  0	  0	  0	  0	  0	  0	  0	 62	 54	 65	 74	  0	 35	  0	  0	  0	  0	  0	  0	  0	  0	  0	  0	  0	  5	18492	  0
15/02/2017	19:10:46	->	L	00000000	 22	 70	 53	 40	  0	342	  0	  4	  4	  4	  4	  4	  4	  4	  4	  0	  0	  0	  0	  0	  0	  0	  0	  0	  0	  0	  0	  0	  0	  0	  0	  0	  0	  0	  0	  0	  0	  0	  0	 61	 53	 65	 70	  0	 40	  0	  0	  0	  0	  0	  0	  0	  0	  0	  0	  0	  5	18492	  0
15/02/2017	19:15:46	->	L	00000000	 22	 74	 54	 35	  0	347	  0	  4	  4	  4	  4	  4	  4	  4	  4	  0	  0	  0	  0	  0	  0	  0	  0	  0	  0	  0	  0	  0	  0	  0	  0	  0	  0	  0	  0	  0	  0	  0	  0	 62	 54	 65	 74	  0	 35	  0	  0	  0	  0	  0	  0	  0	  0	  0	  0	  0	  5	18492	  0
15/02/2017	19:20:46	->	L	00000000	 22	 71	 54	 40	  0	352	  0	  4	  4	  4	  4	  4	  4	  4	  4	  0	  0	  0	  0	  0	  0	  0	  0	  0	  0	  0	  0	  0	  0	  0	  0	  0	  0	  0	  0	  0	  0	  0	  0	 61	 54	 69	 71	  0	 40	  0	  0	  0	  0	  0	  0	  0	  0	  0	  0	  0	  5	18492	  0
15/02/2017	19:25:46	->	L	00000000	 22	 71	 54	 39	  0	357	  0	  4	  4	  4	  4	  4	  4	  4	  4	  0	  0	  0	  0	  0	  0	  0	  0	  0	  0	  0	  0	  0	  0	  0	  0	  0	  0	  0	  0	  0	  0	  0	  0	 61	 54	 69	 71	  0	 40	  0	  0	  0	  0	  0	  0	  0	  0	  0	  0	  0	  5	18492	  0
15/02/2017	19:30:46	->	L	00000000	 22	 73	 54	 37	  0	362	  0	  4	  4	  4	  4	  4	  4	  4	  4	  0	  0	  0	  0	  0	  0	  0	  0	  0	  0	  0	  0	  0	  0	  0	  0	  0	  0	  0	  0	  0	  0	  0	  0	 62	 54	 65	 73	  0	 37	  0	  0	  0	  0	  0	  0	  0	  0	  0	  0	  0	  5	18492	  0
15/02/2017	19:35:46	->	L	00000000	 22	 71	 54	 43	  0	367	  0	  4	  4	  4	  4	  4	  4	  4	  4	  0	  0	  0	  0	  0	  0	  0	  0	  0	  0	  0	  0	  0	  0	  0	  0	  0	  0	  0	  0	  0	  0	  0	  0	 61	 54	 69	 71	  0	 40	  0	  0	  0	  0	  0	  0	  0	  0	  0	  0	  0	  5	18492	  0
15/02/2017	19:40:46	->	L	00000000	 22	 71	 53	 36	  0	372	  0	  4	  4	  4	  4	  4	  4	  4	  4	  0	  0	  0	  0	  0	  0	  0	  0	  0	  0	  0	  0	  0	  0	  0	  0	  0	  0	  0	  0	  0	  0	  0	  0	 61	 53	 65	 71	  0	 39	  0	  0	  0	  0	  0	  0	  0	  0	  0	  0	  0	  5	18492	  0
15/02/2017	19:45:46	->	L	00000000	 22	 72	 54	 39	  0	377	  0	  4	  4	  4	  4	  4	  4	  4	  4	  0	  0	  0	  0	  0	  0	  0	  0	  0	  0	  0	  0	  0	  0	  0	  0	  0	  0	  0	  0	  0	  0	  0	  0	 61	 54	 69	 72	  0	 39	  0	  0	  0	  0	  0	  0	  0	  0	  0	  0	  0	  5	18492	  0
15/02/2017	19:50:46	->	L	00000000	 22	 71	 53	 40	  0	382	  0	  4	  4	  4	  4	  4	  4	  4	  4	  0	  0	  0	  0	  0	  0	  0	  0	  0	  0	  0	  0	  0	  0	  0	  0	  0	  0	  0	  0	  0	  0	  0	  0	 61	 53	 65	 71	  0	 39	  0	  0	  0	  0	  0	  0	  0	  0	  0	  0	  0	  5	18492	  0
15/02/2017	19:55:46	->	L	00000000	 22	 71	 54	 40	  0	387	  0	  4	  4	  4	  4	  4	  4	  4	  4	  0	  0	  0	  0	  0	  0	  0	  0	  0	  0	  0	  0	  0	  0	  0	  0	  0	  0	  0	  0	  0	  0	  0	  0	 61	 54	 69	 71	  0	 40	  0	  0	  0	  0	  0	  0	  0	  0	  0	  0	  0	  5	18492	  0
15/02/2017	20:00:46	->	L	00000000	 22	 73	 54	 39	  0	392	  0	  4	  4	  4	  4	  4	  4	  4	  4	  0	  0	  0	  0	  0	  0	  0	  0	  0	  0	  0	  0	  0	  0	  0	  0	  0	  0	  0	  0	  0	  0	  0	  0	 61	 54	 69	 73	  0	 37	  0	  0	  0	  0	  0	  0	  0	  0	  0	  0	  0	  5	18492	  0
15/02/2017	20:05:46	->	L	00000000	 22	 70	 53	 43	  0	397	  0	  4	  4	  4	  4	  4	  4	  4	  4	  0	  0	  0	  0	  0	  0	  0	  0	  0	  0	  0	  0	  0	  0	  0	  0	  0	  0	  0	  0	  0	  0	  0	  0	 60	 53	 69	 70	  0	 40	  0	  0	  0	  0	  0	  0	  0	  0	  0	  0	  0	  5	18492	  0
15/02/2017	20:10:46	->	L	00000000	 22	 73	 54	 37	  0	402	  0	  4	  4	  4	  4	  4	  4	  4	  4	  0	  0	  0	  0	  0	  0	  0	  0	  0	  0	  0	  0	  0	  0	  0	  0	  0	  0	  0	  0	  0	  0	  0	  0	 61	 54	 69	 73	  0	 37	  0	  0	  0	  0	  0	  0	  0	  0	  0	  0	  0	  5	18492	  0
15/02/2017	20:15:46	->	L	00000000	 22	 71	 53	 40	  0	407	  0	  4	  4	  4	  4	  4	  4	  4	  4	  0	  0	  0	  0	  0	  0	  0	  0	  0	  0	  0	  0	  0	  0	  0	  0	  0	  0	  0	  0	  0	  0	  0	  0	 60	 53	 69	 71	  0	 39	  0	  0	  0	  0	  0	  0	  0	  0	  0	  0	  0	  5	18492	  0
15/02/2017	20:20:46	->	L	00000000	 22	 70	 53	 40	  0	412	  0	  4	  4	  4	  4	  4	  4	  4	  4	  0	  0	  0	  0	  0	  0	  0	  0	  0	  0	  0	  0	  0	  0	  0	  0	  0	  0	  0	  0	  0	  0	  0	  0	 61	 53	 65	 70	  0	 40	  0	  0	  0	  0	  0	  0	  0	  0	  0	  0	  0	  5	18492	  0
15/02/2017	20:25:46	->	L	00000000	 22	 72	 54	 39	  0	417	  0	  4	  4	  4	  4	  4	  4	  4	  4	  0	  0	  0	  0	  0	  0	  0	  0	  0	  0	  0	  0	  0	  0	  0	  0	  0	  0	  0	  0	  0	  0	  0	  0	 61	 54	 69	 72	  0	 39	  0	  0	  0	  0	  0	  0	  0	  0	  0	  0	  0	  5	18492	  0
15/02/2017	20:30:46	->	L	00000000	 23	 72	 53	 39	  0	  1	  0	  4	  4	  4	  4	  4	  4	  4	  4	  0	  0	  0	  0	  0	  0	  0	  0	  0	  0	  0	  0	  0	  0	  0	  0	  0	  0	  0	  0	  0	  0	  0	  0	 61	 53	 65	 72	  0	 36	  0	  0	  0	  0	  0	  0	  0	  0	  0	  0	  0	  5	19258	  0
15/02/2017	20:35:46	->	L	00000000	 23	 75	 54	 35	  0	  6	  0	  4	  4	  4	  4	  4	  4	  4	  4	  0	  0	  0	  0	  0	  0	  0	  0	  0	  0	  0	  0	  0	  0	  0	  0	  0	  0	  0	  0	  0	  0	  0	  0	 62	 54	 65	 75	  0	 32	  0	  0	  0	  0	  0	  0	  0	  0	  0	  0	  0	  5	19258	  0
15/02/2017	20:40:46	->	L	00000000	 23	 73	 54	 37	  0	 11	  0	  4	  4	  4	  4	  4	  4	  4	  4	  0	  0	  0	  0	  0	  0	  0	  0	  0	  0	  0	  0	  0	  0	  0	  0	  0	  0	  0	  0	  0	  0	  0	  0	 62	 54	 65	 73	  0	 37	  0	  0	  0	  0	  0	  0	  0	  0	  0	  0	  0	  5	19258	  0
15/02/2017	20:45:46	->	L	00000000	 23	 74	 54	 35	  0	 16	  0	  4	  4	  4	  4	  4	  4	  4	  4	  0	  0	  0	  0	  0	  0	  0	  0	  0	  0	  0	  0	  0	  0	  0	  0	  0	  0	  0	  0	  0	  0	  0	  0	 62	 54	 65	 74	  0	 35	  0	  0	  0	  0	  0	  0	  0	  0	  0	  0	  0	  5	19258	  0
15/02/2017	20:50:46	->	L	00000000	 23	 74	 54	 32	  0	 21	  0	  4	  4	  4	  4	  4	  4	  4	  4	  0	  0	  0	  0	  0	  0	  0	  0	  0	  0	  0	  0	  0	  0	  0	  0	  0	  0	  0	  0	  0	  0	  0	  0	 62	 54	 65	 74	  0	 35	  0	  0	  0	  0	  0	  0	  0	  0	  0	  0	  0	  5	19258	  0
15/02/2017	20:55:46	->	L	00000000	 23	 73	 54	 37	  0	 26	  0	  4	  4	  4	  4	  4	  4	  4	  4	  0	  0	  0	  0	  0	  0	  0	  0	  0	  0	  0	  0	  0	  0	  0	  0	  0	  0	  0	  0	  0	  0	  0	  0	 62	 54	 65	 73	  0	 37	  0	  0	  0	  0	  0	  0	  0	  0	  0	  0	  0	  5	19258	  0
15/02/2017	21:00:46	->	L	00000000	 23	 75	 54	 32	  0	 31	  0	  4	  4	  4	  4	  4	  4	  4	  4	  0	  0	  0	  0	  0	  0	  0	  0	  0	  0	  0	  0	  0	  0	  0	  0	  0	  0	  0	  0	  0	  0	  0	  0	 63	 54	 62	 75	  0	 32	  0	  0	  0	  0	  0	  0	  0	  0	  0	  0	  0	  5	19258	  0
15/02/2017	21:05:46	->	L	00000000	 23	 73	 54	 37	  0	 36	  0	  4	  4	  4	  4	  4	  4	  4	  4	  0	  0	  0	  0	  0	  0	  0	  0	  0	  0	  0	  0	  0	  0	  0	  0	  0	  0	  0	  0	  0	  0	  0	  0	 61	 54	 69	 73	  0	 37	  0	  0	  0	  0	  0	  0	  0	  0	  0	  0	  0	  5	19258	  0
15/02/2017	21:10:46	->	L	00000000	 23	 75	 54	 32	  0	 41	  0	  4	  4	  4	  4	  4	  4	  4	  4	  0	  0	  0	  0	  0	  0	  0	  0	  0	  0	  0	  0	  0	  0	  0	  0	  0	  0	  0	  0	  0	  0	  0	  0	 63	 54	 62	 75	  0	 32	  0	  0	  0	  0	  0	  0	  0	  0	  0	  0	  0	  5	19258	  0
15/02/2017	21:15:46	->	L	00000000	 23	 74	 54	 35	  0	 46	  0	  4	  4	  4	  4	  4	  4	  4	  4	  0	  0	  0	  0	  0	  0	  0	  0	  0	  0	  0	  0	  0	  0	  0	  0	  0	  0	  0	  0	  0	  0	  0	  0	 63	 54	 62	 74	  0	 35	  0	  0	  0	  0	  0	  0	  0	  0	  0	  0	  0	  5	19258	  0
15/02/2017	21:20:46	->	L	00000000	 23	 72	 54	 37	  0	 51	  0	  4	  4	  4	  4	  4	  4	  4	  4	  0	  0	  0	  0	  0	  0	  0	  0	  0	  0	  0	  0	  0	  0	  0	  0	  0	  0	  0	  0	  0	  0	  0	  0	 62	 54	 65	 72	  0	 39	  0	  0	  0	  0	  0	  0	  0	  0	  0	  0	  0	  5	19258	  0
15/02/2017	21:25:47	->	L	00000000	 23	 75	 54	 32	  0	 56	  0	  4	  4	  4	  4	  4	  4	  4	  4	  0	  0	  0	  0	  0	  0	  0	  0	  0	  0	  0	  0	  0	  0	  0	  0	  0	  0	  0	  0	  0	  0	  0	  0	 63	 54	 62	 75	  0	 32	  0	  0	  0	  0	  0	  0	  0	  0	  0	  0	  0	  5	19258	  0
15/02/2017	21:30:47	->	L	00000000	 23	 72	 54	 39	  0	 61	  0	  4	  4	  4	  4	  4	  4	  4	  4	  0	  0	  0	  0	  0	  0	  0	  0	  0	  0	  0	  0	  0	  0	  0	  0	  0	  0	  0	  0	  0	  0	  0	  0	 62	 54	 65	 72	  0	 39	  0	  0	  0	  0	  0	  0	  0	  0	  0	  0	  0	  5	19258	  0
15/02/2017	21:35:46	<-	L	00000000	 23	 69	 55	 46	  0	 66	  0	  4	  4	  4	  4	  4	  4	  4	  4	  0	  0	  0	  0	  0	  0	  0	  0	  0	  0	  0	  0	  0	  0	  0	  0	  0	  0	  0	  0	  0	  0	  0	  0	 68	 55	 50	 69	  0	 48	  0	  0	  0	  0	  0	  0	  0	  0	  0	  0	  0	  5	19258	  0
15/02/2017	21:40:46	<-	L	00000000	 23	 75	 56	 40	  0	 71	  0	  4	  4	  4	  4	  4	  4	  4	  4	  0	  0	  0	  0	  0	  0	  0	  0	  0	  0	  0	  0	  0	  0	  0	  0	  0	  0	  0	  0	  0	  0	  0	  0	 75	 56	 37	 68	  0	 54	  0	  0	  0	  0	  0	  0	  0	  0	  0	  0	  0	  5	19258	  0
15/02/2017	21:45:46	<-	L	00000000	 23	 76	 56	 36	  0	 76	  0	  4	  4	  4	  4	  4	  4	  4	  4	  0	  0	  0	  0	  0	  0	  0	  0	  0	  0	  0	  0	  0	  0	  0	  0	  0	  0	  0	  0	  0	  0	  0	  0	 76	 56	 36	 68	  0	 54	  0	  0	  0	  0	  0	  0	  0	  0	  0	  0	  0	  5	19258	  0
15/02/2017	21:50:46	<-	L	00000000	 23	 75	 56	 40	  0	 81	  0	  4	  4	  4	  4	  4	  4	  4	  4	  0	  0	  0	  0	  0	  0	  0	  0	  0	  0	  0	  0	  0	  0	  0	  0	  0	  0	  0	  0	  0	  0	  0	  0	 75	 56	 37	 67	  0	 56	  0	  0	  0	  0	  0	  0	  0	  0	  0	  0	  0	  5	19258	  0
15/02/2017	21:55:46	<-	L	00000000	 23	 76	 56	 36	  0	 86	  0	  4	  4	  4	  4	  4	  4	  4	  4	  0	  0	  0	  0	  0	  0	  0	  0	  0	  0	  0	  0	  0	  0	  0	  0	  0	  0	  0	  0	  0	  0	  0	  0	 76	 56	 36	 67	  0	 56	  0	  0	  0	  0	  0	  0	  0	  0	  0	  0	  0	  5	19258	  0
15/02/2017	22:00:46	<-	L	00000000	 23	 74	 56	 41	  0	 91	  0	  4	  4	  4	  4	  4	  4	  4	  4	  0	  0	  0	  0	  0	  0	  0	  0	  0	  0	  0	  0	  0	  0	  0	  0	  0	  0	  0	  0	  0	  0	  0	  0	 74	 56	 40	 66	  0	 59	  0	  0	  0	  0	  0	  0	  0	  0	  0	  0	  0	  5	19258	  0
15/02/2017	22:05:46	<-	L	00000000	 23	 73	 56	 37	  0	 96	  0	  4	  4	  4	  4	  4	  4	  4	  4	  0	  0	  0	  0	  0	  0	  0	  0	  0	  0	  0	  0	  0	  0	  0	  0	  0	  0	  0	  0	  0	  0	  0	  0	 73	 56	 41	 66	  0	 59	  0	  0	  0	  0	  0	  0	  0	  0	  0	  0	  0	  5	19258	  0
15/02/2017	22:10:46	<-	L	00000000	 23	 75	 56	 40	  0	101	  0	  4	  4	  4	  4	  4	  4	  4	  4	  0	  0	  0	  0	  0	  0	  0	  0	  0	  0	  0	  0	  0	  0	  0	  0	  0	  0	  0	  0	  0	  0	  0	  0	 75	 56	 37	 67	  0	 56	  0	  0	  0	  0	  0	  0	  0	  0	  0	  0	  0	  5	19258	  0
15/02/2017	22:15:46	<-	L	00000000	 23	 76	 56	 36	  0	106	  0	  4	  4	  4	  4	  4	  4	  4	  4	  0	  0	  0	  0	  0	  0	  0	  0	  0	  0	  0	  0	  0	  0	  0	  0	  0	  0	  0	  0	  0	  0	  0	  0	 76	 56	 36	 67	  0	 56	  0	  0	  0	  0	  0	  0	  0	  0	  0	  0	  0	  5	19258	  0
15/02/2017	22:20:46	<-	L	00000000	 23	 75	 56	 40	  0	111	  0	  4	  4	  4	  4	  4	  4	  4	  4	  0	  0	  0	  0	  0	  0	  0	  0	  0	  0	  0	  0	  0	  0	  0	  0	  0	  0	  0	  0	  0	  0	  0	  0	 75	 56	 37	 66	  0	 59	  0	  0	  0	  0	  0	  0	  0	  0	  0	  0	  0	  5	19258	  0
15/02/2017	22:25:46	<-	L	00000000	 23	 75	 56	 36	  0	116	  0	  4	  4	  4	  4	  4	  4	  4	  4	  0	  0	  0	  0	  0	  0	  0	  0	  0	  0	  0	  0	  0	  0	  0	  0	  0	  0	  0	  0	  0	  0	  0	  0	 75	 56	 37	 67	  0	 56	  0	  0	  0	  0	  0	  0	  0	  0	  0	  0	  0	  5	19258	  0
15/02/2017	22:30:46	<-	L	00000000	 23	 76	 56	 37	  0	121	  0	  4	  4	  4	  4	  4	  4	  4	  4	  0	  0	  0	  0	  0	  0	  0	  0	  0	  0	  0	  0	  0	  0	  0	  0	  0	  0	  0	  0	  0	  0	  0	  0	 76	 56	 36	 67	  0	 56	  0	  0	  0	  0	  0	  0	  0	  0	  0	  0	  0	  5	19258	  0
15/02/2017	22:35:46	<-	L	00000000	 23	 72	 56	 41	  0	126	  0	  4	  4	  4	  4	  4	  4	  4	  4	  0	  0	  0	  0	  0	  0	  0	  0	  0	  0	  0	  0	  0	  0	  0	  0	  0	  0	  0	  0	  0	  0	  0	  0	 72	 56	 44	 65	  0	 63	  0	  0	  0	  0	  0	  0	  0	  0	  0	  0	  0	  5	19258	  0
15/02/2017	22:40:46	<-	L	00000000	 23	 76	 56	 37	  0	131	  0	  4	  4	  4	  4	  4	  4	  4	  4	  0	  0	  0	  0	  0	  0	  0	  0	  0	  0	  0	  0	  0	  0	  0	  0	  0	  0	  0	  0	  0	  0	  0	  0	 76	 56	 36	 67	  0	 56	  0	  0	  0	  0	  0	  0	  0	  0	  0	  0	  0	  5	19258	  0
