28/02/2017	17:23:34	<-	L	00000000	 22	 86	 61	 30	  0	221	  0	  4	  4	  4	  4	  4	  4	  4	  4	  0	  0	  0	  0	  0	  0	  0	  0	  0	  0	  0	  0	  0	  0	  0	  0	  0	  0	  0	  0	  0	  0	  0	  0	 86	 61	 30	 72	  0	 58	  0	  0	  0	  0	  0	  0	  0	  0	  0	  0	  0	  5	21826	  0
28/02/2017	17:28:34	<-	L	00000000	 22	 83	 61	 35	  0	226	  0	  4	  4	  4	  4	  4	  4	  4	  4	  0	  0	  0	  0	  0	  0	  0	  0	  0	  0	  0	  0	  0	  0	  0	  0	  0	  0	  0	  0	  0	  0	  0	  0	 83	 61	 35	 71	  0	 61	  0	  0	  0	  0	  0	  0	  0	  0	  0	  0	  0	  5	21826	  0
28/02/2017	17:33:34	<-	L	00000000	 22	 84	 61	 32	  0	231	  0	  4	  4	  4	  4	  4	  4	  4	  4	  0	  0	  0	  0	  0	  0	  0	  0	  0	  0	  0	  0	  0	  0	  0	  0	  0	  0	  0	  0	  0	  0	  0	  0	 84	 61	 32	 71	  0	 61	  0	  0	  0	  0	  0	  0	  0	  0	  0	  0	  0	  5	21826	  0
28/02/2017	17:38:34	<-	L	00000000	 22	 85	 61	 32	  0	236	  0	  4	  4	  4	  4	  4	  4	  4	  4	  0	  0	  0	  0	  0	  0	  0	  0	  0	  0	  0	  0	  0	  0	  0	  0	  0	  0	  0	  0	  0	  0	  0	  0	 85	 61	 32	 72	  0	 58	  0	  0	  0	  0	  0	  0	  0	  0	  0	  0	  0	  5	21826	  0
28/02/2017	17:43:34	<-	L	00000000	 22	 81	 61	 35	  0	241	  0	  4	  4	  4	  4	  4	  4	  4	  4	  0	  0	  0	  0	  0	  0	  0	  0	  0	  0	  0	  0	  0	  0	  0	  0	  0	  0	  0	  0	  0	  0	  0	  0	 81	 61	 38	 69	  0	 67	  0	  0	  0	  0	  0	  0	  0	  0	  0	  0	  0	  5	21826	  0
28/02/2017	17:49:14	<-	L	00000000	 22	 86	 61	 30	  0	247	  0	  4	  4	  4	  4	  4	  4	  4	  4	  0	  0	  0	  0	  0	  0	  0	  0	  0	  0	  0	  0	  0	  0	  0	  0	  0	  0	  0	  0	  0	  0	  0	  0	 86	 61	 30	 72	  0	 58	  0	  0	  0	  0	  0	  0	  0	  0	  0	  0	  0	  5	21826	  0
28/02/2017	17:54:33	<-	L	00000000	 22	 86	 61	 32	  0	252	  0	  4	  4	  4	  4	  4	  4	  4	  4	  0	  0	  0	  0	  0	  0	  0	  0	  0	  0	  0	  0	  0	  0	  0	  0	  0	  0	  0	  0	  0	  0	  0	  0	 86	 61	 30	 72	  0	 58	  0	  0	  0	  0	  0	  0	  0	  0	  0	  0	  0	  5	21826	  0
28/02/2017	17:59:33	<-	L	00000000	 22	 83	 61	 32	  0	257	  0	  4	  4	  4	  4	  4	  4	  4	  4	  0	  0	  0	  0	  0	  0	  0	  0	  0	  0	  0	  0	  0	  0	  0	  0	  0	  0	  0	  0	  0	  0	  0	  0	 83	 61	 35	 70	  0	 64	  0	  0	  0	  0	  0	  0	  0	  0	  0	  0	  0	  5	21826	  0
28/02/2017	18:04:33	<-	L	00000000	 22	 86	 61	 32	  0	262	  0	  4	  4	  4	  4	  4	  4	  4	  4	  0	  0	  0	  0	  0	  0	  0	  0	  0	  0	  0	  0	  0	  0	  0	  0	  0	  0	  0	  0	  0	  0	  0	  0	 86	 61	 30	 72	  0	 58	  0	  0	  0	  0	  0	  0	  0	  0	  0	  0	  0	  5	21826	  0
28/02/2017	18:09:33	<-	L	00000000	 22	 81	 61	 35	  0	267	  0	  4	  4	  4	  4	  4	  4	  4	  4	  0	  0	  0	  0	  0	  0	  0	  0	  0	  0	  0	  0	  0	  0	  0	  0	  0	  0	  0	  0	  0	  0	  0	  0	 81	 61	 38	 69	  0	 67	  0	  0	  0	  0	  0	  0	  0	  0	  0	  0	  0	  5	21826	  0
28/02/2017	18:14:33	<-	L	00000000	 22	 86	 61	 32	  0	272	  0	  4	  4	  4	  4	  4	  4	  4	  4	  0	  0	  0	  0	  0	  0	  0	  0	  0	  0	  0	  0	  0	  0	  0	  0	  0	  0	  0	  0	  0	  0	  0	  0	 86	 61	 30	 72	  0	 58	  0	  0	  0	  0	  0	  0	  0	  0	  0	  0	  0	  5	21826	  0
28/02/2017	18:19:32	<-	L	00000000	 22	 81	 61	 35	  0	277	  0	  4	  4	  4	  4	  4	  4	  4	  4	  0	  0	  0	  0	  0	  0	  0	  0	  0	  0	  0	  0	  0	  0	  0	  0	  0	  0	  0	  0	  0	  0	  0	  0	 81	 61	 38	 69	  0	 67	  0	  0	  0	  0	  0	  0	  0	  0	  0	  0	  0	  5	21826	  0
28/02/2017	18:24:33	<-	L	00000000	 22	 86	 61	 30	  0	282	  0	  4	  4	  4	  4	  4	  4	  4	  4	  0	  0	  0	  0	  0	  0	  0	  0	  0	  0	  0	  0	  0	  0	  0	  0	  0	  0	  0	  0	  0	  0	  0	  0	 86	 61	 30	 72	  0	 58	  0	  0	  0	  0	  0	  0	  0	  0	  0	  0	  0	  5	21826	  0
28/02/2017	18:29:33	<-	L	00000000	 22	 81	 61	 35	  0	287	  0	  4	  4	  4	  4	  4	  4	  4	  4	  0	  0	  0	  0	  0	  0	  0	  0	  0	  0	  0	  0	  0	  0	  0	  0	  0	  0	  0	  0	  0	  0	  0	  0	 81	 61	 38	 69	  0	 67	  0	  0	  0	  0	  0	  0	  0	  0	  0	  0	  0	  5	21826	  0
28/02/2017	18:34:33	<-	L	00000000	 22	 86	 61	 30	  0	292	  0	  4	  4	  4	  4	  4	  4	  4	  4	  0	  0	  0	  0	  0	  0	  0	  0	  0	  0	  0	  0	  0	  0	  0	  0	  0	  0	  0	  0	  0	  0	  0	  0	 86	 61	 30	 72	  0	 58	  0	  0	  0	  0	  0	  0	  0	  0	  0	  0	  0	  5	21826	  0
28/02/2017	18:39:33	<-	L	00000000	 22	 82	 61	 35	  0	297	  0	  4	  4	  4	  4	  4	  4	  4	  4	  0	  0	  0	  0	  0	  0	  0	  0	  0	  0	  0	  0	  0	  0	  0	  0	  0	  0	  0	  0	  0	  0	  0	  0	 82	 61	 35	 70	  0	 64	  0	  0	  0	  0	  0	  0	  0	  0	  0	  0	  0	  5	21826	  0
28/02/2017	18:44:33	<-	L	00000000	 22	 85	 61	 32	  0	302	  0	  4	  4	  4	  4	  4	  4	  4	  4	  0	  0	  0	  0	  0	  0	  0	  0	  0	  0	  0	  0	  0	  0	  0	  0	  0	  0	  0	  0	  0	  0	  0	  0	 85	 61	 32	 71	  0	 61	  0	  0	  0	  0	  0	  0	  0	  0	  0	  0	  0	  5	21826	  0
28/02/2017	18:49:33	<-	L	00000000	 22	 81	 60	 38	  0	307	  0	  4	  4	  4	  4	  4	  4	  4	  4	  0	  0	  0	  0	  0	  0	  0	  0	  0	  0	  0	  0	  0	  0	  0	  0	  0	  0	  0	  0	  0	  0	  0	  0	 81	 60	 35	 69	  0	 64	  0	  0	  0	  0	  0	  0	  0	  0	  0	  0	  0	  5	21826	  0
28/02/2017	18:54:33	<-	L	00000000	 22	 85	 61	 32	  0	312	  0	  4	  4	  4	  4	  4	  4	  4	  4	  0	  0	  0	  0	  0	  0	  0	  0	  0	  0	  0	  0	  0	  0	  0	  0	  0	  0	  0	  0	  0	  0	  0	  0	 85	 61	 32	 71	  0	 61	  0	  0	  0	  0	  0	  0	  0	  0	  0	  0	  0	  5	21826	  0
28/02/2017	18:59:33	<-	L	00000000	 22	 83	 61	 32	  0	317	  0	  4	  4	  4	  4	  4	  4	  4	  4	  0	  0	  0	  0	  0	  0	  0	  0	  0	  0	  0	  0	  0	  0	  0	  0	  0	  0	  0	  0	  0	  0	  0	  0	 83	 61	 35	 70	  0	 64	  0	  0	  0	  0	  0	  0	  0	  0	  0	  0	  0	  5	21826	  0
28/02/2017	19:04:33	<-	L	00000000	 22	 85	 61	 32	  0	322	  0	  4	  4	  4	  4	  4	  4	  4	  4	  0	  0	  0	  0	  0	  0	  0	  0	  0	  0	  0	  0	  0	  0	  0	  0	  0	  0	  0	  0	  0	  0	  0	  0	 85	 61	 32	 71	  0	 61	  0	  0	  0	  0	  0	  0	  0	  0	  0	  0	  0	  5	21826	  0
28/02/2017	19:09:33	<-	L	00000000	 22	 82	 61	 35	  0	327	  0	  4	  4	  4	  4	  4	  4	  4	  4	  0	  0	  0	  0	  0	  0	  0	  0	  0	  0	  0	  0	  0	  0	  0	  0	  0	  0	  0	  0	  0	  0	  0	  0	 82	 61	 35	 69	  0	 67	  0	  0	  0	  0	  0	  0	  0	  0	  0	  0	  0	  5	21826	  0
28/02/2017	19:14:33	<-	L	00000000	 22	 85	 61	 32	  0	332	  0	  4	  4	  4	  4	  4	  4	  4	  4	  0	  0	  0	  0	  0	  0	  0	  0	  0	  0	  0	  0	  0	  0	  0	  0	  0	  0	  0	  0	  0	  0	  0	  0	 85	 61	 32	 71	  0	 61	  0	  0	  0	  0	  0	  0	  0	  0	  0	  0	  0	  5	21826	  0
28/02/2017	19:19:33	<-	L	00000000	 22	 82	 61	 35	  0	337	  0	  4	  4	  4	  4	  4	  4	  4	  4	  0	  0	  0	  0	  0	  0	  0	  0	  0	  0	  0	  0	  0	  0	  0	  0	  0	  0	  0	  0	  0	  0	  0	  0	 82	 61	 35	 69	  0	 67	  0	  0	  0	  0	  0	  0	  0	  0	  0	  0	  0	  5	21826	  0
28/02/2017	19:24:33	<-	L	00000000	 22	 86	 61	 30	  0	342	  0	  4	  4	  4	  4	  4	  4	  4	  4	  0	  0	  0	  0	  0	  0	  0	  0	  0	  0	  0	  0	  0	  0	  0	  0	  0	  0	  0	  0	  0	  0	  0	  0	 86	 61	 30	 72	  0	 58	  0	  0	  0	  0	  0	  0	  0	  0	  0	  0	  0	  5	21826	  0
28/02/2017	19:29:33	<-	L	00000000	 22	 83	 61	 35	  0	347	  0	  4	  4	  4	  4	  4	  4	  4	  4	  0	  0	  0	  0	  0	  0	  0	  0	  0	  0	  0	  0	  0	  0	  0	  0	  0	  0	  0	  0	  0	  0	  0	  0	 83	 61	 35	 70	  0	 64	  0	  0	  0	  0	  0	  0	  0	  0	  0	  0	  0	  5	21826	  0
28/02/2017	19:34:33	<-	L	00000000	 22	 86	 61	 30	  0	352	  0	  4	  4	  4	  4	  4	  4	  4	  4	  0	  0	  0	  0	  0	  0	  0	  0	  0	  0	  0	  0	  0	  0	  0	  0	  0	  0	  0	  0	  0	  0	  0	  0	 86	 61	 30	 72	  0	 58	  0	  0	  0	  0	  0	  0	  0	  0	  0	  0	  0	  5	21826	  0
28/02/2017	19:39:33	<-	L	00000000	 22	 84	 61	 35	  0	357	  0	  4	  4	  4	  4	  4	  4	  4	  4	  0	  0	  0	  0	  0	  0	  0	  0	  0	  0	  0	  0	  0	  0	  0	  0	  0	  0	  0	  0	  0	  0	  0	  0	 84	 61	 32	 71	  0	 61	  0	  0	  0	  0	  0	  0	  0	  0	  0	  0	  0	  5	21826	  0
28/02/2017	19:44:33	<-	L	00000000	 22	 84	 61	 32	  0	362	  0	  4	  4	  4	  4	  4	  4	  4	  4	  0	  0	  0	  0	  0	  0	  0	  0	  0	  0	  0	  0	  0	  0	  0	  0	  0	  0	  0	  0	  0	  0	  0	  0	 84	 61	 32	 70	  0	 64	  0	  0	  0	  0	  0	  0	  0	  0	  0	  0	  0	  5	21826	  0
28/02/2017	19:49:33	<-	L	00000000	 22	 86	 61	 32	  0	367	  0	  4	  4	  4	  4	  4	  4	  4	  4	  0	  0	  0	  0	  0	  0	  0	  0	  0	  0	  0	  0	  0	  0	  0	  0	  0	  0	  0	  0	  0	  0	  0	  0	 86	 61	 30	 72	  0	 58	  0	  0	  0	  0	  0	  0	  0	  0	  0	  0	  0	  5	21826	  0
28/02/2017	19:54:33	<-	L	00000000	 22	 81	 61	 35	  0	372	  0	  4	  4	  4	  4	  4	  4	  4	  4	  0	  0	  0	  0	  0	  0	  0	  0	  0	  0	  0	  0	  0	  0	  0	  0	  0	  0	  0	  0	  0	  0	  0	  0	 81	 61	 38	 69	  0	 67	  0	  0	  0	  0	  0	  0	  0	  0	  0	  0	  0	  5	21826	  0
28/02/2017	19:59:33	<-	L	00000000	 22	 87	 62	 30	  0	377	  0	  4	  4	  4	  4	  4	  4	  4	  4	  0	  0	  0	  0	  0	  0	  0	  0	  0	  0	  0	  0	  0	  0	  0	  0	  0	  0	  0	  0	  0	  0	  0	  0	 87	 62	 31	 72	  0	 61	  0	  0	  0	  0	  0	  0	  0	  0	  0	  0	  0	  5	21826	  0
28/02/2017	20:04:33	<-	L	00000000	 22	 82	 61	 35	  0	382	  0	  4	  4	  4	  4	  4	  4	  4	  4	  0	  0	  0	  0	  0	  0	  0	  0	  0	  0	  0	  0	  0	  0	  0	  0	  0	  0	  0	  0	  0	  0	  0	  0	 82	 61	 35	 70	  0	 64	  0	  0	  0	  0	  0	  0	  0	  0	  0	  0	  0	  5	21826	  0
28/02/2017	20:09:33	<-	L	00000000	 22	 86	 61	 30	  0	387	  0	  4	  4	  4	  4	  4	  4	  4	  4	  0	  0	  0	  0	  0	  0	  0	  0	  0	  0	  0	  0	  0	  0	  0	  0	  0	  0	  0	  0	  0	  0	  0	  0	 86	 61	 30	 71	  0	 61	  0	  0	  0	  0	  0	  0	  0	  0	  0	  0	  0	  5	21826	  0
28/02/2017	20:14:33	<-	L	00000000	 22	 78	 60	 42	  0	392	  0	  4	  4	  4	  4	  4	  4	  4	  4	  0	  0	  0	  0	  0	  0	  0	  0	  0	  0	  0	  0	  0	  0	  0	  0	  0	  0	  0	  0	  0	  0	  0	  0	 78	 60	 41	 67	  0	 70	  0	  0	  0	  0	  0	  0	  0	  0	  0	  0	  0	  5	21826	  0
28/02/2017	20:19:33	<-	L	00000000	 22	 85	 61	 32	  0	397	  0	  4	  4	  4	  4	  4	  4	  4	  4	  0	  0	  0	  0	  0	  0	  0	  0	  0	  0	  0	  0	  0	  0	  0	  0	  0	  0	  0	  0	  0	  0	  0	  0	 85	 61	 32	 71	  0	 61	  0	  0	  0	  0	  0	  0	  0	  0	  0	  0	  0	  5	21826	  0
28/02/2017	20:24:33	<-	L	00000000	 22	 83	 61	 32	  0	402	  0	  4	  4	  4	  4	  4	  4	  4	  4	  0	  0	  0	  0	  0	  0	  0	  0	  0	  0	  0	  0	  0	  0	  0	  0	  0	  0	  0	  0	  0	  0	  0	  0	 83	 61	 35	 70	  0	 64	  0	  0	  0	  0	  0	  0	  0	  0	  0	  0	  0	  5	21826	  0
28/02/2017	20:29:33	<-	L	00000000	 22	 85	 61	 32	  0	407	  0	  4	  4	  4	  4	  4	  4	  4	  4	  0	  0	  0	  0	  0	  0	  0	  0	  0	  0	  0	  0	  0	  0	  0	  0	  0	  0	  0	  0	  0	  0	  0	  0	 85	 61	 32	 71	  0	 61	  0	  0	  0	  0	  0	  0	  0	  0	  0	  0	  0	  5	21826	  0
28/02/2017	20:34:33	<-	L	00000000	 22	 83	 61	 32	  0	412	  0	  4	  4	  4	  4	  4	  4	  4	  4	  0	  0	  0	  0	  0	  0	  0	  0	  0	  0	  0	  0	  0	  0	  0	  0	  0	  0	  0	  0	  0	  0	  0	  0	 83	 61	 35	 70	  0	 64	  0	  0	  0	  0	  0	  0	  0	  0	  0	  0	  0	  5	21826	  0
28/02/2017	20:39:33	<-	L	00000000	 22	 85	 61	 32	  0	417	  0	  4	  4	  4	  4	  4	  4	  4	  4	  0	  0	  0	  0	  0	  0	  0	  0	  0	  0	  0	  0	  0	  0	  0	  0	  0	  0	  0	  0	  0	  0	  0	  0	 85	 61	 32	 71	  0	 61	  0	  0	  0	  0	  0	  0	  0	  0	  0	  0	  0	  5	21826	  0
28/02/2017	20:44:33	<-	L	00000000	 23	 82	 61	 35	  0	  1	  0	  4	  4	  4	  4	  4	  4	  4	  4	  0	  0	  0	  0	  0	  0	  0	  0	  0	  0	  0	  0	  0	  0	  0	  0	  0	  0	  0	  0	  0	  0	  0	  0	 82	 61	 35	 69	  0	 67	  0	  0	  0	  0	  0	  0	  0	  0	  0	  0	  0	  5	21824	  0
28/02/2017	20:49:33	->	L	00000000	 23	 76	 59	 41	  0	  6	  0	  4	  4	  4	  4	  4	  4	  4	  4	  0	  0	  0	  0	  0	  0	  0	  0	  0	  0	  0	  0	  0	  0	  0	  0	  0	  0	  0	  0	  0	  0	  0	  0	 76	 59	 42	 76	  0	 42	  0	  0	  0	  0	  0	  0	  0	  0	  0	  0	  0	  5	21824	  0
28/02/2017	20:54:33	->	L	00000000	 23	 85	 58	 28	  0	 11	  0	  4	  4	  4	  4	  4	  4	  4	  4	  0	  0	  0	  0	  0	  0	  0	  0	  0	  0	  0	  0	  0	  0	  0	  0	  0	  0	  0	  0	  0	  0	  0	  0	 72	 58	 49	 85	  0	 28	  0	  0	  0	  0	  0	  0	  0	  0	  0	  0	  0	  5	21824	  0
28/02/2017	20:59:33	->	L	00000000	 23	 82	 57	 29	  0	 16	  0	  4	  4	  4	  4	  4	  4	  4	  4	  0	  0	  0	  0	  0	  0	  0	  0	  0	  0	  0	  0	  0	  0	  0	  0	  0	  0	  0	  0	  0	  0	  0	  0	 69	 57	 54	 82	  0	 29	  0	  0	  0	  0	  0	  0	  0	  0	  0	  0	  0	  5	21824	  0
28/02/2017	21:04:33	->	L	00000000	 23	 84	 58	 29	  0	 21	  0	  4	  4	  4	  4	  4	  4	  4	  4	  0	  0	  0	  0	  0	  0	  0	  0	  0	  0	  0	  0	  0	  0	  0	  0	  0	  0	  0	  0	  0	  0	  0	  0	 70	 58	 54	 84	  0	 29	  0	  0	  0	  0	  0	  0	  0	  0	  0	  0	  0	  5	21824	  0
28/02/2017	21:09:33	->	L	00000000	 23	 85	 58	 28	  0	 26	  0	  4	  4	  4	  4	  4	  4	  4	  4	  0	  0	  0	  0	  0	  0	  0	  0	  0	  0	  0	  0	  0	  0	  0	  0	  0	  0	  0	  0	  0	  0	  0	  0	 71	 58	 51	 85	  0	 28	  0	  0	  0	  0	  0	  0	  0	  0	  0	  0	  0	  5	21824	  0
28/02/2017	21:14:33	->	L	00000000	 23	 84	 58	 29	  0	 31	  0	  4	  4	  4	  4	  4	  4	  4	  4	  0	  0	  0	  0	  0	  0	  0	  0	  0	  0	  0	  0	  0	  0	  0	  0	  0	  0	  0	  0	  0	  0	  0	  0	 70	 58	 54	 84	  0	 29	  0	  0	  0	  0	  0	  0	  0	  0	  0	  0	  0	  5	21824	  0
28/02/2017	21:19:33	->	L	00000000	 23	 83	 58	 29	  0	 36	  0	  4	  4	  4	  4	  4	  4	  4	  4	  0	  0	  0	  0	  0	  0	  0	  0	  0	  0	  0	  0	  0	  0	  0	  0	  0	  0	  0	  0	  0	  0	  0	  0	 70	 58	 54	 83	  0	 29	  0	  0	  0	  0	  0	  0	  0	  0	  0	  0	  0	  5	21824	  0
28/02/2017	21:24:33	->	L	00000000	 23	 85	 58	 28	  0	 41	  0	  4	  4	  4	  4	  4	  4	  4	  4	  0	  0	  0	  0	  0	  0	  0	  0	  0	  0	  0	  0	  0	  0	  0	  0	  0	  0	  0	  0	  0	  0	  0	  0	 70	 58	 54	 85	  0	 28	  0	  0	  0	  0	  0	  0	  0	  0	  0	  0	  0	  5	21824	  0
28/02/2017	21:29:33	->	L	00000000	 23	 83	 58	 29	  0	 46	  0	  4	  4	  4	  4	  4	  4	  4	  4	  0	  0	  0	  0	  0	  0	  0	  0	  0	  0	  0	  0	  0	  0	  0	  0	  0	  0	  0	  0	  0	  0	  0	  0	 70	 58	 54	 83	  0	 29	  0	  0	  0	  0	  0	  0	  0	  0	  0	  0	  0	  5	21824	  0
28/02/2017	21:34:33	->	L	00000000	 23	 84	 58	 28	  0	 51	  0	  4	  4	  4	  4	  4	  4	  4	  4	  0	  0	  0	  0	  0	  0	  0	  0	  0	  0	  0	  0	  0	  0	  0	  0	  0	  0	  0	  0	  0	  0	  0	  0	 70	 58	 54	 84	  0	 29	  0	  0	  0	  0	  0	  0	  0	  0	  0	  0	  0	  5	21824	  0
28/02/2017	21:39:33	->	L	00000000	 23	 84	 58	 29	  0	 56	  0	  4	  4	  4	  4	  4	  4	  4	  4	  0	  0	  0	  0	  0	  0	  0	  0	  0	  0	  0	  0	  0	  0	  0	  0	  0	  0	  0	  0	  0	  0	  0	  0	 70	 58	 54	 84	  0	 29	  0	  0	  0	  0	  0	  0	  0	  0	  0	  0	  0	  5	21824	  0
28/02/2017	21:44:33	->	L	00000000	 23	 84	 58	 29	  0	 61	  0	  4	  4	  4	  4	  4	  4	  4	  4	  0	  0	  0	  0	  0	  0	  0	  0	  0	  0	  0	  0	  0	  0	  0	  0	  0	  0	  0	  0	  0	  0	  0	  0	 70	 58	 54	 84	  0	 29	  0	  0	  0	  0	  0	  0	  0	  0	  0	  0	  0	  5	21824	  0
28/02/2017	21:49:33	->	L	00000000	 23	 85	 58	 28	  0	 66	  0	  4	  4	  4	  4	  4	  4	  4	  4	  0	  0	  0	  0	  0	  0	  0	  0	  0	  0	  0	  0	  0	  0	  0	  0	  0	  0	  0	  0	  0	  0	  0	  0	 70	 58	 54	 85	  0	 28	  0	  0	  0	  0	  0	  0	  0	  0	  0	  0	  0	  5	21824	  0
28/02/2017	21:54:33	->	L	00000000	 23	 84	 58	 29	  0	 71	  0	  4	  4	  4	  4	  4	  4	  4	  4	  0	  0	  0	  0	  0	  0	  0	  0	  0	  0	  0	  0	  0	  0	  0	  0	  0	  0	  0	  0	  0	  0	  0	  0	 70	 58	 54	 84	  0	 29	  0	  0	  0	  0	  0	  0	  0	  0	  0	  0	  0	  5	21824	  0
28/02/2017	21:59:33	->	L	00000000	 23	 84	 58	 29	  0	 76	  0	  4	  4	  4	  4	  4	  4	  4	  4	  0	  0	  0	  0	  0	  0	  0	  0	  0	  0	  0	  0	  0	  0	  0	  0	  0	  0	  0	  0	  0	  0	  0	  0	 70	 58	 54	 84	  0	 29	  0	  0	  0	  0	  0	  0	  0	  0	  0	  0	  0	  5	21824	  0
28/02/2017	22:04:33	->	L	00000000	 23	 78	 57	 33	  0	 81	  0	  4	  4	  4	  4	  4	  4	  4	  4	  0	  0	  0	  0	  0	  0	  0	  0	  0	  0	  0	  0	  0	  0	  0	  0	  0	  0	  0	  0	  0	  0	  0	  0	 67	 57	 60	 78	  0	 33	  0	  0	  0	  0	  0	  0	  0	  0	  0	  0	  0	  5	20544	  0
28/02/2017	22:09:33	->	L	00000000	 23	 80	 57	 31	  0	 86	  0	  4	  4	  4	  4	  4	  4	  4	  4	  0	  0	  0	  0	  0	  0	  0	  0	  0	  0	  0	  0	  0	  0	  0	  0	  0	  0	  0	  0	  0	  0	  0	  0	 68	 57	 57	 80	  0	 30	  0	  0	  0	  0	  0	  0	  0	  0	  0	  0	  0	  5	20544	  0
28/02/2017	22:14:33	->	L	00000000	 23	 79	 57	 33	  0	 91	  0	  4	  4	  4	  4	  4	  4	  4	  4	  0	  0	  0	  0	  0	  0	  0	  0	  0	  0	  0	  0	  0	  0	  0	  0	  0	  0	  0	  0	  0	  0	  0	  0	 67	 57	 60	 79	  0	 33	  0	  0	  0	  0	  0	  0	  0	  0	  0	  0	  0	  5	20544	  0
28/02/2017	22:19:33	->	L	00000000	 23	 78	 57	 33	  0	 96	  0	  4	  4	  4	  4	  4	  4	  4	  4	  0	  0	  0	  0	  0	  0	  0	  0	  0	  0	  0	  0	  0	  0	  0	  0	  0	  0	  0	  0	  0	  0	  0	  0	 67	 57	 60	 78	  0	 33	  0	  0	  0	  0	  0	  0	  0	  0	  0	  0	  0	  5	20544	  0
28/02/2017	22:24:33	->	L	00000000	 23	 81	 57	 31	  0	101	  0	  4	  4	  4	  4	  4	  4	  4	  4	  0	  0	  0	  0	  0	  0	  0	  0	  0	  0	  0	  0	  0	  0	  0	  0	  0	  0	  0	  0	  0	  0	  0	  0	 68	 57	 57	 81	  0	 31	  0	  0	  0	  0	  0	  0	  0	  0	  0	  0	  0	  5	20544	  0
28/02/2017	22:29:33	->	L	00000000	 23	 79	 57	 33	  0	106	  0	  4	  4	  4	  4	  4	  4	  4	  4	  0	  0	  0	  0	  0	  0	  0	  0	  0	  0	  0	  0	  0	  0	  0	  0	  0	  0	  0	  0	  0	  0	  0	  0	 67	 57	 60	 79	  0	 33	  0	  0	  0	  0	  0	  0	  0	  0	  0	  0	  0	  5	20544	  0
28/02/2017	22:34:33	->	L	00000000	 23	 80	 57	 30	  0	111	  0	  4	  4	  4	  4	  4	  4	  4	  4	  0	  0	  0	  0	  0	  0	  0	  0	  0	  0	  0	  0	  0	  0	  0	  0	  0	  0	  0	  0	  0	  0	  0	  0	 68	 57	 57	 80	  0	 30	  0	  0	  0	  0	  0	  0	  0	  0	  0	  0	  0	  5	20544	  0
28/02/2017	22:39:33	->	L	00000000	 23	 81	 57	 30	  0	116	  0	  4	  4	  4	  4	  4	  4	  4	  4	  0	  0	  0	  0	  0	  0	  0	  0	  0	  0	  0	  0	  0	  0	  0	  0	  0	  0	  0	  0	  0	  0	  0	  0	 68	 57	 57	 81	  0	 31	  0	  0	  0	  0	  0	  0	  0	  0	  0	  0	  0	  5	20544	  0
28/02/2017	22:44:33	->	L	00000000	 23	 79	 56	 30	  0	121	  0	  4	  4	  4	  4	  4	  4	  4	  4	  0	  0	  0	  0	  0	  0	  0	  0	  0	  0	  0	  0	  0	  0	  0	  0	  0	  0	  0	  0	  0	  0	  0	  0	 67	 56	 56	 79	  0	 30	  0	  0	  0	  0	  0	  0	  0	  0	  0	  0	  0	  5	20544	  0
28/02/2017	22:49:33	->	L	00000000	 23	 81	 56	 30	  0	126	  0	  4	  4	  4	  4	  4	  4	  4	  4	  0	  0	  0	  0	  0	  0	  0	  0	  0	  0	  0	  0	  0	  0	  0	  0	  0	  0	  0	  0	  0	  0	  0	  0	 67	 56	 56	 81	  0	 28	  0	  0	  0	  0	  0	  0	  0	  0	  0	  0	  0	  5	20544	  0
28/02/2017	22:54:33	->	L	00000000	 23	 78	 56	 30	  0	131	  0	  4	  4	  4	  4	  4	  4	  4	  4	  0	  0	  0	  0	  0	  0	  0	  0	  0	  0	  0	  0	  0	  0	  0	  0	  0	  0	  0	  0	  0	  0	  0	  0	 67	 56	 56	 78	  0	 32	  0	  0	  0	  0	  0	  0	  0	  0	  0	  0	  0	  5	20544	  0
28/02/2017	23:03:34	->	L	00000000	 23	 82	 57	 31	  0	140	  0	  4	  4	  4	  4	  4	  4	  4	  4	  0	  0	  0	  0	  0	  0	  0	  0	  0	  0	  0	  0	  0	  0	  0	  0	  0	  0	  0	  0	  0	  0	  0	  0	 68	 57	 57	 82	  0	 29	  0	  0	  0	  0	  0	  0	  0	  0	  0	  0	  0	  5	21824	  0
28/02/2017	23:08:34	->	L	00000000	 23	 85	 57	 25	  0	145	  0	  4	  4	  4	  4	  4	  4	  4	  4	  0	  0	  0	  0	  0	  0	  0	  0	  0	  0	  0	  0	  0	  0	  0	  0	  0	  0	  0	  0	  0	  0	  0	  0	 70	 57	 51	 85	  0	 27	  0	  0	  0	  0	  0	  0	  0	  0	  0	  0	  0	  5	21824	  0
28/02/2017	23:13:34	->	L	00000000	 23	 84	 57	 29	  0	150	  0	  4	  4	  4	  4	  4	  4	  4	  4	  0	  0	  0	  0	  0	  0	  0	  0	  0	  0	  0	  0	  0	  0	  0	  0	  0	  0	  0	  0	  0	  0	  0	  0	 70	 57	 51	 84	  0	 27	  0	  0	  0	  0	  0	  0	  0	  0	  0	  0	  0	  5	21824	  0
28/02/2017	23:18:34	->	L	00000000	 23	 82	 57	 29	  0	155	  0	  4	  4	  4	  4	  4	  4	  4	  4	  0	  0	  0	  0	  0	  0	  0	  0	  0	  0	  0	  0	  0	  0	  0	  0	  0	  0	  0	  0	  0	  0	  0	  0	 70	 57	 51	 82	  0	 29	  0	  0	  0	  0	  0	  0	  0	  0	  0	  0	  0	  5	21824	  0
28/02/2017	23:23:34	->	L	00000000	 23	 86	 57	 27	  0	160	  0	  4	  4	  4	  4	  4	  4	  4	  4	  0	  0	  0	  0	  0	  0	  0	  0	  0	  0	  0	  0	  0	  0	  0	  0	  0	  0	  0	  0	  0	  0	  0	  0	 71	 57	 48	 86	  0	 25	  0	  0	  0	  0	  0	  0	  0	  0	  0	  0	  0	  5	21824	  0
28/02/2017	23:28:33	->	L	00000000	 23	 84	 57	 27	  0	165	  0	  4	  4	  4	  4	  4	  4	  4	  4	  0	  0	  0	  0	  0	  0	  0	  0	  0	  0	  0	  0	  0	  0	  0	  0	  0	  0	  0	  0	  0	  0	  0	  0	 70	 57	 51	 84	  0	 27	  0	  0	  0	  0	  0	  0	  0	  0	  0	  0	  0	  5	21824	  0
28/02/2017	23:33:33	->	L	00000000	 23	 84	 57	 29	  0	170	  0	  4	  4	  4	  4	  4	  4	  4	  4	  0	  0	  0	  0	  0	  0	  0	  0	  0	  0	  0	  0	  0	  0	  0	  0	  0	  0	  0	  0	  0	  0	  0	  0	 70	 57	 51	 84	  0	 27	  0	  0	  0	  0	  0	  0	  0	  0	  0	  0	  0	  5	21824	  0
28/02/2017	23:38:33	->	L	00000000	 23	 83	 57	 27	  0	175	  0	  4	  4	  4	  4	  4	  4	  4	  4	  0	  0	  0	  0	  0	  0	  0	  0	  0	  0	  0	  0	  0	  0	  0	  0	  0	  0	  0	  0	  0	  0	  0	  0	 70	 57	 51	 83	  0	 29	  0	  0	  0	  0	  0	  0	  0	  0	  0	  0	  0	  5	21824	  0
28/02/2017	23:43:33	->	L	00000000	 23	 85	 57	 27	  0	180	  0	  4	  4	  4	  4	  4	  4	  4	  4	  0	  0	  0	  0	  0	  0	  0	  0	  0	  0	  0	  0	  0	  0	  0	  0	  0	  0	  0	  0	  0	  0	  0	  0	 70	 57	 51	 85	  0	 27	  0	  0	  0	  0	  0	  0	  0	  0	  0	  0	  0	  5	21824	  0
28/02/2017	23:48:33	->	L	00000000	 23	 83	 58	 29	  0	185	  0	  4	  4	  4	  4	  4	  4	  4	  4	  0	  0	  0	  0	  0	  0	  0	  0	  0	  0	  0	  0	  0	  0	  0	  0	  0	  0	  0	  0	  0	  0	  0	  0	 70	 58	 54	 83	  0	 29	  0	  0	  0	  0	  0	  0	  0	  0	  0	  0	  0	  5	21824	  0
28/02/2017	23:53:33	->	L	00000000	 23	 84	 58	 28	  0	190	  0	  4	  4	  4	  4	  4	  4	  4	  4	  0	  0	  0	  0	  0	  0	  0	  0	  0	  0	  0	  0	  0	  0	  0	  0	  0	  0	  0	  0	  0	  0	  0	  0	 71	 58	 51	 84	  0	 29	  0	  0	  0	  0	  0	  0	  0	  0	  0	  0	  0	  5	21824	  0
28/02/2017	23:58:33	->	L	00000000	 23	 83	 58	 29	  0	195	  0	  4	  4	  4	  4	  4	  4	  4	  4	  0	  0	  0	  0	  0	  0	  0	  0	  0	  0	  0	  0	  0	  0	  0	  0	  0	  0	  0	  0	  0	  0	  0	  0	 70	 58	 54	 83	  0	 29	  0	  0	  0	  0	  0	  0	  0	  0	  0	  0	  0	  5	21824	  0
01/03/2017	00:03:33	->	L	00000000	 23	 81	 57	 31	  0	200	  0	  4	  4	  4	  4	  4	  4	  4	  4	  0	  0	  0	  0	  0	  0	  0	  0	  0	  0	  0	  0	  0	  0	  0	  0	  0	  0	  0	  0	  0	  0	  0	  0	 69	 57	 54	 81	  0	 31	  0	  0	  0	  0	  0	  0	  0	  0	  0	  0	  0	  5	20544	  0
01/03/2017	00:08:33	->	L	00000000	 23	 79	 57	 33	  0	205	  0	  4	  4	  4	  4	  4	  4	  4	  4	  0	  0	  0	  0	  0	  0	  0	  0	  0	  0	  0	  0	  0	  0	  0	  0	  0	  0	  0	  0	  0	  0	  0	  0	 68	 57	 57	 79	  0	 33	  0	  0	  0	  0	  0	  0	  0	  0	  0	  0	  0	  5	20544	  0
01/03/2017	00:13:33	->	L	00000000	 23	 78	 57	 33	  0	210	  0	  4	  4	  4	  4	  4	  4	  4	  4	  0	  0	  0	  0	  0	  0	  0	  0	  0	  0	  0	  0	  0	  0	  0	  0	  0	  0	  0	  0	  0	  0	  0	  0	 68	 57	 57	 78	  0	 33	  0	  0	  0	  0	  0	  0	  0	  0	  0	  0	  0	  5	20544	  0
01/03/2017	00:18:33	->	L	00000000	 23	 82	 57	 31	  0	215	  0	  4	  4	  4	  4	  4	  4	  4	  4	  0	  0	  0	  0	  0	  0	  0	  0	  0	  0	  0	  0	  0	  0	  0	  0	  0	  0	  0	  0	  0	  0	  0	  0	 69	 57	 54	 82	  0	 29	  0	  0	  0	  0	  0	  0	  0	  0	  0	  0	  0	  5	20544	  0
01/03/2017	00:23:33	->	L	00000000	 23	 78	 57	 33	  0	220	  0	  4	  4	  4	  4	  4	  4	  4	  4	  0	  0	  0	  0	  0	  0	  0	  0	  0	  0	  0	  0	  0	  0	  0	  0	  0	  0	  0	  0	  0	  0	  0	  0	 67	 57	 60	 78	  0	 33	  0	  0	  0	  0	  0	  0	  0	  0	  0	  0	  0	  5	20544	  0
01/03/2017	00:28:33	->	L	00000000	 23	 81	 57	 31	  0	225	  0	  4	  4	  4	  4	  4	  4	  4	  4	  0	  0	  0	  0	  0	  0	  0	  0	  0	  0	  0	  0	  0	  0	  0	  0	  0	  0	  0	  0	  0	  0	  0	  0	 68	 57	 57	 81	  0	 31	  0	  0	  0	  0	  0	  0	  0	  0	  0	  0	  0	  5	20544	  0
01/03/2017	00:33:33	->	L	00000000	 23	 81	 57	 30	  0	230	  0	  4	  4	  4	  4	  4	  4	  4	  4	  0	  0	  0	  0	  0	  0	  0	  0	  0	  0	  0	  0	  0	  0	  0	  0	  0	  0	  0	  0	  0	  0	  0	  0	 68	 57	 57	 81	  0	 31	  0	  0	  0	  0	  0	  0	  0	  0	  0	  0	  0	  5	20544	  0
01/03/2017	00:38:33	->	L	00000000	 23	 79	 56	 30	  0	235	  0	  4	  4	  4	  4	  4	  4	  4	  4	  0	  0	  0	  0	  0	  0	  0	  0	  0	  0	  0	  0	  0	  0	  0	  0	  0	  0	  0	  0	  0	  0	  0	  0	 67	 56	 56	 79	  0	 30	  0	  0	  0	  0	  0	  0	  0	  0	  0	  0	  0	  5	20544	  0
01/03/2017	00:43:33	->	L	00000000	 23	 82	 57	 29	  0	240	  0	  4	  4	  4	  4	  4	  4	  4	  4	  0	  0	  0	  0	  0	  0	  0	  0	  0	  0	  0	  0	  0	  0	  0	  0	  0	  0	  0	  0	  0	  0	  0	  0	 69	 57	 54	 82	  0	 29	  0	  0	  0	  0	  0	  0	  0	  0	  0	  0	  0	  5	20544	  0
01/03/2017	00:48:33	  	L	00000000	 23	 77	 57	 36	  0	245	  0	  4	  4	  4	  4	  4	  4	  4	  4	  0	  0	  0	  0	  0	  0	  0	  0	  0	  0	  0	  0	  0	  0	  0	  0	  0	  0	  0	  0	  0	  0	  0	  0	 68	 57	 57	 77	  0	 36	  0	  0	  0	  0	  0	  0	  0	  0	  0	  0	  0	  5	20544	  0
01/03/2017	00:53:33	<-	L	00000000	 23	 80	 60	 35	  0	250	  0	  4	  4	  4	  4	  4	  4	  4	  4	  0	  0	  0	  0	  0	  0	  0	  0	  0	  0	  0	  0	  0	  0	  0	  0	  0	  0	  0	  0	  0	  0	  0	  0	 80	 60	 38	 71	  0	 57	  0	  0	  0	  0	  0	  0	  0	  0	  0	  0	  0	  5	20544	  0
01/03/2017	00:58:33	<-	L	00000000	 23	 81	 60	 34	  0	255	  0	  4	  4	  4	  4	  4	  4	  4	  4	  0	  0	  0	  0	  0	  0	  0	  0	  0	  0	  0	  0	  0	  0	  0	  0	  0	  0	  0	  0	  0	  0	  0	  0	 81	 60	 35	 71	  0	 57	  0	  0	  0	  0	  0	  0	  0	  0	  0	  0	  0	  5	20544	  0
01/03/2017	01:03:33	<-	L	00000000	 23	 82	 60	 32	  0	260	  0	  4	  4	  4	  4	  4	  4	  4	  4	  0	  0	  0	  0	  0	  0	  0	  0	  0	  0	  0	  0	  0	  0	  0	  0	  0	  0	  0	  0	  0	  0	  0	  0	 82	 60	 34	 71	  0	 57	  0	  0	  0	  0	  0	  0	  0	  0	  0	  0	  0	  5	20544	  0
01/03/2017	01:08:33	<-	L	00000000	 23	 77	 59	 41	  0	265	  0	  4	  4	  4	  4	  4	  4	  4	  4	  0	  0	  0	  0	  0	  0	  0	  0	  0	  0	  0	  0	  0	  0	  0	  0	  0	  0	  0	  0	  0	  0	  0	  0	 77	 59	 41	 68	  0	 63	  0	  0	  0	  0	  0	  0	  0	  0	  0	  0	  0	  5	20544	  0
01/03/2017	01:13:33	<-	L	00000000	 23	 84	 60	 32	  0	270	  0	  4	  4	  4	  4	  4	  4	  4	  4	  0	  0	  0	  0	  0	  0	  0	  0	  0	  0	  0	  0	  0	  0	  0	  0	  0	  0	  0	  0	  0	  0	  0	  0	 84	 60	 32	 71	  0	 57	  0	  0	  0	  0	  0	  0	  0	  0	  0	  0	  0	  5	20544	  0
01/03/2017	01:18:33	<-	L	00000000	 23	 78	 59	 37	  0	275	  0	  4	  4	  4	  4	  4	  4	  4	  4	  0	  0	  0	  0	  0	  0	  0	  0	  0	  0	  0	  0	  0	  0	  0	  0	  0	  0	  0	  0	  0	  0	  0	  0	 78	 59	 39	 68	  0	 63	  0	  0	  0	  0	  0	  0	  0	  0	  0	  0	  0	  5	20544	  0
01/03/2017	01:23:34	<-	L	00000000	 23	 82	 59	 34	  0	280	  0	  4	  4	  4	  4	  4	  4	  4	  4	  0	  0	  0	  0	  0	  0	  0	  0	  0	  0	  0	  0	  0	  0	  0	  0	  0	  0	  0	  0	  0	  0	  0	  0	 82	 59	 31	 70	  0	 57	  0	  0	  0	  0	  0	  0	  0	  0	  0	  0	  0	  5	20544	  0
01/03/2017	01:28:34	<-	L	00000000	 23	 79	 59	 34	  0	285	  0	  4	  4	  4	  4	  4	  4	  4	  4	  0	  0	  0	  0	  0	  0	  0	  0	  0	  0	  0	  0	  0	  0	  0	  0	  0	  0	  0	  0	  0	  0	  0	  0	 79	 59	 37	 69	  0	 60	  0	  0	  0	  0	  0	  0	  0	  0	  0	  0	  0	  5	20544	  0
01/03/2017	01:33:34	<-	L	00000000	 23	 81	 59	 34	  0	290	  0	  4	  4	  4	  4	  4	  4	  4	  4	  0	  0	  0	  0	  0	  0	  0	  0	  0	  0	  0	  0	  0	  0	  0	  0	  0	  0	  0	  0	  0	  0	  0	  0	 81	 59	 34	 70	  0	 57	  0	  0	  0	  0	  0	  0	  0	  0	  0	  0	  0	  5	20544	  0
01/03/2017	01:38:34	<-	L	00000000	 23	 81	 59	 31	  0	295	  0	  4	  4	  4	  4	  4	  4	  4	  4	  0	  0	  0	  0	  0	  0	  0	  0	  0	  0	  0	  0	  0	  0	  0	  0	  0	  0	  0	  0	  0	  0	  0	  0	 81	 59	 34	 69	  0	 60	  0	  0	  0	  0	  0	  0	  0	  0	  0	  0	  0	  5	20544	  0
01/03/2017	01:43:34	<-	L	00000000	 23	 80	 59	 37	  0	300	  0	  4	  4	  4	  4	  4	  4	  4	  4	  0	  0	  0	  0	  0	  0	  0	  0	  0	  0	  0	  0	  0	  0	  0	  0	  0	  0	  0	  0	  0	  0	  0	  0	 80	 59	 34	 69	  0	 60	  0	  0	  0	  0	  0	  0	  0	  0	  0	  0	  0	  5	20544	  0
01/03/2017	01:48:34	<-	L	00000000	 23	 81	 59	 34	  0	305	  0	  4	  4	  4	  4	  4	  4	  4	  4	  0	  0	  0	  0	  0	  0	  0	  0	  0	  0	  0	  0	  0	  0	  0	  0	  0	  0	  0	  0	  0	  0	  0	  0	 81	 59	 34	 69	  0	 60	  0	  0	  0	  0	  0	  0	  0	  0	  0	  0	  0	  5	20544	  0
01/03/2017	01:53:34	<-	L	00000000	 23	 78	 58	 38	  0	310	  0	  4	  4	  4	  4	  4	  4	  4	  4	  0	  0	  0	  0	  0	  0	  0	  0	  0	  0	  0	  0	  0	  0	  0	  0	  0	  0	  0	  0	  0	  0	  0	  0	 78	 58	 37	 67	  0	 63	  0	  0	  0	  0	  0	  0	  0	  0	  0	  0	  0	  5	20544	  0
01/03/2017	01:58:34	<-	L	00000000	 23	 83	 59	 31	  0	315	  0	  4	  4	  4	  4	  4	  4	  4	  4	  0	  0	  0	  0	  0	  0	  0	  0	  0	  0	  0	  0	  0	  0	  0	  0	  0	  0	  0	  0	  0	  0	  0	  0	 83	 59	 31	 70	  0	 57	  0	  0	  0	  0	  0	  0	  0	  0	  0	  0	  0	  5	20544	  0
01/03/2017	02:03:34	<-	L	00000000	 23	 77	 58	 38	  0	320	  0	  4	  4	  4	  4	  4	  4	  4	  4	  0	  0	  0	  0	  0	  0	  0	  0	  0	  0	  0	  0	  0	  0	  0	  0	  0	  0	  0	  0	  0	  0	  0	  0	 77	 58	 38	 67	  0	 63	  0	  0	  0	  0	  0	  0	  0	  0	  0	  0	  0	  5	20544	  0
01/03/2017	02:08:34	<-	L	00000000	 23	 82	 59	 31	  0	325	  0	  4	  4	  4	  4	  4	  4	  4	  4	  0	  0	  0	  0	  0	  0	  0	  0	  0	  0	  0	  0	  0	  0	  0	  0	  0	  0	  0	  0	  0	  0	  0	  0	 82	 59	 31	 70	  0	 57	  0	  0	  0	  0	  0	  0	  0	  0	  0	  0	  0	  5	20544	  0
01/03/2017	02:13:34	<-	L	00000000	 23	 78	 58	 37	  0	330	  0	  4	  4	  4	  4	  4	  4	  4	  4	  0	  0	  0	  0	  0	  0	  0	  0	  0	  0	  0	  0	  0	  0	  0	  0	  0	  0	  0	  0	  0	  0	  0	  0	 78	 58	 37	 67	  0	 63	  0	  0	  0	  0	  0	  0	  0	  0	  0	  0	  0	  5	20544	  0
01/03/2017	02:18:34	<-	L	00000000	 23	 82	 59	 31	  0	335	  0	  4	  4	  4	  4	  4	  4	  4	  4	  0	  0	  0	  0	  0	  0	  0	  0	  0	  0	  0	  0	  0	  0	  0	  0	  0	  0	  0	  0	  0	  0	  0	  0	 82	 59	 31	 70	  0	 57	  0	  0	  0	  0	  0	  0	  0	  0	  0	  0	  0	  5	20544	  0
01/03/2017	02:23:34	<-	L	00000000	 23	 78	 58	 37	  0	340	  0	  4	  4	  4	  4	  4	  4	  4	  4	  0	  0	  0	  0	  0	  0	  0	  0	  0	  0	  0	  0	  0	  0	  0	  0	  0	  0	  0	  0	  0	  0	  0	  0	 78	 58	 37	 67	  0	 63	  0	  0	  0	  0	  0	  0	  0	  0	  0	  0	  0	  5	20544	  0
01/03/2017	02:28:34	<-	L	00000000	 23	 82	 59	 34	  0	345	  0	  4	  4	  4	  4	  4	  4	  4	  4	  0	  0	  0	  0	  0	  0	  0	  0	  0	  0	  0	  0	  0	  0	  0	  0	  0	  0	  0	  0	  0	  0	  0	  0	 82	 59	 31	 69	  0	 60	  0	  0	  0	  0	  0	  0	  0	  0	  0	  0	  0	  5	20544	  0
01/03/2017	02:33:34	<-	L	00000000	 23	 79	 58	 34	  0	350	  0	  4	  4	  4	  4	  4	  4	  4	  4	  0	  0	  0	  0	  0	  0	  0	  0	  0	  0	  0	  0	  0	  0	  0	  0	  0	  0	  0	  0	  0	  0	  0	  0	 79	 58	 34	 67	  0	 63	  0	  0	  0	  0	  0	  0	  0	  0	  0	  0	  0	  5	20544	  0
01/03/2017	02:38:34	<-	L	00000000	 23	 80	 58	 34	  0	355	  0	  4	  4	  4	  4	  4	  4	  4	  4	  0	  0	  0	  0	  0	  0	  0	  0	  0	  0	  0	  0	  0	  0	  0	  0	  0	  0	  0	  0	  0	  0	  0	  0	 80	 58	 33	 69	  0	 57	  0	  0	  0	  0	  0	  0	  0	  0	  0	  0	  0	  5	20544	  0
01/03/2017	02:43:34	<-	L	00000000	 23	 82	 59	 31	  0	360	  0	  4	  4	  4	  4	  4	  4	  4	  4	  0	  0	  0	  0	  0	  0	  0	  0	  0	  0	  0	  0	  0	  0	  0	  0	  0	  0	  0	  0	  0	  0	  0	  0	 82	 59	 31	 69	  0	 60	  0	  0	  0	  0	  0	  0	  0	  0	  0	  0	  0	  5	20544	  0
01/03/2017	02:48:34	<-	L	00000000	 24	 82	 58	 31	  0	  4	  0	  4	  4	  4	  4	  4	  4	  4	  4	  0	  0	  0	  0	  0	  0	  0	  0	  0	  0	  0	  0	  0	  0	  0	  0	  0	  0	  0	  0	  0	  0	  0	  0	 82	 58	 31	 69	  0	 57	  0	  0	  0	  0	  0	  0	  0	  0	  0	  0	  0	  5	21818	  0
01/03/2017	02:53:34	<-	L	00000000	 24	 85	 58	 28	  0	  9	  0	  4	  4	  4	  4	  4	  4	  4	  4	  0	  0	  0	  0	  0	  0	  0	  0	  0	  0	  0	  0	  0	  0	  0	  0	  0	  0	  0	  0	  0	  0	  0	  0	 85	 58	 28	 69	  0	 57	  0	  0	  0	  0	  0	  0	  0	  0	  0	  0	  0	  5	21818	  0
01/03/2017	02:58:34	<-	L	00000000	 24	 85	 58	 29	  0	 14	  0	  4	  4	  4	  4	  4	  4	  4	  4	  0	  0	  0	  0	  0	  0	  0	  0	  0	  0	  0	  0	  0	  0	  0	  0	  0	  0	  0	  0	  0	  0	  0	  0	 85	 58	 28	 71	  0	 51	  0	  0	  0	  0	  0	  0	  0	  0	  0	  0	  0	  5	21818	  0
01/03/2017	03:03:33	<-	L	00000000	 24	 81	 57	 31	  0	 19	  0	  4	  4	  4	  4	  4	  4	  4	  4	  0	  0	  0	  0	  0	  0	  0	  0	  0	  0	  0	  0	  0	  0	  0	  0	  0	  0	  0	  0	  0	  0	  0	  0	 81	 57	 31	 68	  0	 57	  0	  0	  0	  0	  0	  0	  0	  0	  0	  0	  0	  5	21818	  0
01/03/2017	03:08:33	<-	L	00000000	 24	 87	 59	 28	  0	 24	  0	  4	  4	  4	  4	  4	  4	  4	  4	  0	  0	  0	  0	  0	  0	  0	  0	  0	  0	  0	  0	  0	  0	  0	  0	  0	  0	  0	  0	  0	  0	  0	  0	 87	 59	 27	 72	  0	 51	  0	  0	  0	  0	  0	  0	  0	  0	  0	  0	  0	  5	21818	  0
01/03/2017	03:13:33	<-	L	00000000	 24	 82	 57	 31	  0	 29	  0	  4	  4	  4	  4	  4	  4	  4	  4	  0	  0	  0	  0	  0	  0	  0	  0	  0	  0	  0	  0	  0	  0	  0	  0	  0	  0	  0	  0	  0	  0	  0	  0	 82	 57	 29	 69	  0	 54	  0	  0	  0	  0	  0	  0	  0	  0	  0	  0	  0	  5	21818	  0
01/03/2017	03:18:33	<-	L	00000000	 24	 87	 59	 27	  0	 34	  0	  4	  4	  4	  4	  4	  4	  4	  4	  0	  0	  0	  0	  0	  0	  0	  0	  0	  0	  0	  0	  0	  0	  0	  0	  0	  0	  0	  0	  0	  0	  0	  0	 87	 59	 27	 71	  0	 55	  0	  0	  0	  0	  0	  0	  0	  0	  0	  0	  0	  5	21818	  0
01/03/2017	03:23:33	<-	L	00000000	 24	 84	 58	 29	  0	 39	  0	  4	  4	  4	  4	  4	  4	  4	  4	  0	  0	  0	  0	  0	  0	  0	  0	  0	  0	  0	  0	  0	  0	  0	  0	  0	  0	  0	  0	  0	  0	  0	  0	 84	 58	 29	 71	  0	 51	  0	  0	  0	  0	  0	  0	  0	  0	  0	  0	  0	  5	21818	  0
01/03/2017	03:28:33	<-	L	00000000	 24	 82	 57	 29	  0	 44	  0	  4	  4	  4	  4	  4	  4	  4	  4	  0	  0	  0	  0	  0	  0	  0	  0	  0	  0	  0	  0	  0	  0	  0	  0	  0	  0	  0	  0	  0	  0	  0	  0	 82	 57	 29	 68	  0	 57	  0	  0	  0	  0	  0	  0	  0	  0	  0	  0	  0	  5	21818	  0
01/03/2017	03:33:33	<-	L	00000000	 24	 86	 59	 28	  0	 49	  0	  4	  4	  4	  4	  4	  4	  4	  4	  0	  0	  0	  0	  0	  0	  0	  0	  0	  0	  0	  0	  0	  0	  0	  0	  0	  0	  0	  0	  0	  0	  0	  0	 86	 59	 28	 71	  0	 55	  0	  0	  0	  0	  0	  0	  0	  0	  0	  0	  0	  5	21818	  0
01/03/2017	03:38:33	<-	L	00000000	 24	 83	 58	 31	  0	 54	  0	  4	  4	  4	  4	  4	  4	  4	  4	  0	  0	  0	  0	  0	  0	  0	  0	  0	  0	  0	  0	  0	  0	  0	  0	  0	  0	  0	  0	  0	  0	  0	  0	 83	 58	 29	 70	  0	 54	  0	  0	  0	  0	  0	  0	  0	  0	  0	  0	  0	  5	21818	  0
01/03/2017	03:43:33	<-	L	00000000	 24	 84	 58	 28	  0	 59	  0	  4	  4	  4	  4	  4	  4	  4	  4	  0	  0	  0	  0	  0	  0	  0	  0	  0	  0	  0	  0	  0	  0	  0	  0	  0	  0	  0	  0	  0	  0	  0	  0	 84	 58	 29	 69	  0	 57	  0	  0	  0	  0	  0	  0	  0	  0	  0	  0	  0	  5	21818	  0
01/03/2017	03:48:33	<-	L	00000000	 24	 86	 59	 28	  0	 64	  0	  4	  4	  4	  4	  4	  4	  4	  4	  0	  0	  0	  0	  0	  0	  0	  0	  0	  0	  0	  0	  0	  0	  0	  0	  0	  0	  0	  0	  0	  0	  0	  0	 86	 59	 28	 72	  0	 51	  0	  0	  0	  0	  0	  0	  0	  0	  0	  0	  0	  5	21818	  0
01/03/2017	03:53:33	<-	L	00000000	 24	 81	 57	 29	  0	 69	  0	  4	  4	  4	  4	  4	  4	  4	  4	  0	  0	  0	  0	  0	  0	  0	  0	  0	  0	  0	  0	  0	  0	  0	  0	  0	  0	  0	  0	  0	  0	  0	  0	 81	 57	 31	 68	  0	 57	  0	  0	  0	  0	  0	  0	  0	  0	  0	  0	  0	  5	21818	  0
01/03/2017	03:58:33	<-	L	00000000	 24	 86	 59	 27	  0	 74	  0	  4	  4	  4	  4	  4	  4	  4	  4	  0	  0	  0	  0	  0	  0	  0	  0	  0	  0	  0	  0	  0	  0	  0	  0	  0	  0	  0	  0	  0	  0	  0	  0	 86	 59	 28	 71	  0	 55	  0	  0	  0	  0	  0	  0	  0	  0	  0	  0	  0	  5	21818	  0
01/03/2017	04:03:33	<-	L	00000000	 24	 84	 58	 29	  0	 79	  0	  4	  4	  4	  4	  4	  4	  4	  4	  0	  0	  0	  0	  0	  0	  0	  0	  0	  0	  0	  0	  0	  0	  0	  0	  0	  0	  0	  0	  0	  0	  0	  0	 84	 58	 29	 71	  0	 51	  0	  0	  0	  0	  0	  0	  0	  0	  0	  0	  0	  5	21818	  0
01/03/2017	04:08:33	<-	L	00000000	 24	 82	 57	 29	  0	 84	  0	  4	  4	  4	  4	  4	  4	  4	  4	  0	  0	  0	  0	  0	  0	  0	  0	  0	  0	  0	  0	  0	  0	  0	  0	  0	  0	  0	  0	  0	  0	  0	  0	 82	 57	 29	 68	  0	 57	  0	  0	  0	  0	  0	  0	  0	  0	  0	  0	  0	  5	21818	  0
01/03/2017	04:13:33	<-	L	00000000	 24	 86	 59	 28	  0	 89	  0	  4	  4	  4	  4	  4	  4	  4	  4	  0	  0	  0	  0	  0	  0	  0	  0	  0	  0	  0	  0	  0	  0	  0	  0	  0	  0	  0	  0	  0	  0	  0	  0	 86	 59	 28	 71	  0	 55	  0	  0	  0	  0	  0	  0	  0	  0	  0	  0	  0	  5	21818	  0
01/03/2017	04:18:33	<-	L	00000000	 24	 82	 58	 29	  0	 94	  0	  4	  4	  4	  4	  4	  4	  4	  4	  0	  0	  0	  0	  0	  0	  0	  0	  0	  0	  0	  0	  0	  0	  0	  0	  0	  0	  0	  0	  0	  0	  0	  0	 82	 58	 31	 70	  0	 54	  0	  0	  0	  0	  0	  0	  0	  0	  0	  0	  0	  5	21818	  0
01/03/2017	04:23:33	<-	L	00000000	 24	 84	 58	 30	  0	 99	  0	  4	  4	  4	  4	  4	  4	  4	  4	  0	  0	  0	  0	  0	  0	  0	  0	  0	  0	  0	  0	  0	  0	  0	  0	  0	  0	  0	  0	  0	  0	  0	  0	 84	 58	 29	 69	  0	 57	  0	  0	  0	  0	  0	  0	  0	  0	  0	  0	  0	  5	21818	  0
01/03/2017	04:28:33	<-	L	00000000	 24	 84	 59	 29	  0	104	  0	  4	  4	  4	  4	  4	  4	  4	  4	  0	  0	  0	  0	  0	  0	  0	  0	  0	  0	  0	  0	  0	  0	  0	  0	  0	  0	  0	  0	  0	  0	  0	  0	 84	 59	 29	 70	  0	 57	  0	  0	  0	  0	  0	  0	  0	  0	  0	  0	  0	  5	21818	  0
01/03/2017	04:33:33	<-	L	00000000	 24	 83	 58	 29	  0	109	  0	  4	  4	  4	  4	  4	  4	  4	  4	  0	  0	  0	  0	  0	  0	  0	  0	  0	  0	  0	  0	  0	  0	  0	  0	  0	  0	  0	  0	  0	  0	  0	  0	 83	 58	 29	 68	  0	 60	  0	  0	  0	  0	  0	  0	  0	  0	  0	  0	  0	  5	21818	  0
01/03/2017	04:38:33	<-	L	00000000	 24	 85	 59	 29	  0	114	  0	  4	  4	  4	  4	  4	  4	  4	  4	  0	  0	  0	  0	  0	  0	  0	  0	  0	  0	  0	  0	  0	  0	  0	  0	  0	  0	  0	  0	  0	  0	  0	  0	 85	 59	 30	 70	  0	 57	  0	  0	  0	  0	  0	  0	  0	  0	  0	  0	  0	  5	21818	  0
01/03/2017	04:43:33	<-	L	00000000	 24	 83	 58	 29	  0	119	  0	  4	  4	  4	  4	  4	  4	  4	  4	  0	  0	  0	  0	  0	  0	  0	  0	  0	  0	  0	  0	  0	  0	  0	  0	  0	  0	  0	  0	  0	  0	  0	  0	 83	 58	 29	 70	  0	 54	  0	  0	  0	  0	  0	  0	  0	  0	  0	  0	  0	  5	21818	  0
01/03/2017	04:48:33	<-	L	00000000	 24	 84	 58	 28	  0	124	  0	  4	  4	  4	  4	  4	  4	  4	  4	  0	  0	  0	  0	  0	  0	  0	  0	  0	  0	  0	  0	  0	  0	  0	  0	  0	  0	  0	  0	  0	  0	  0	  0	 84	 58	 29	 69	  0	 57	  0	  0	  0	  0	  0	  0	  0	  0	  0	  0	  0	  5	21818	  0
01/03/2017	04:53:33	->	L	00000000	 24	 82	 56	 29	  0	129	  0	  4	  4	  4	  4	  4	  4	  4	  4	  0	  0	  0	  0	  0	  0	  0	  0	  0	  0	  0	  0	  0	  0	  0	  0	  0	  0	  0	  0	  0	  0	  0	  0	 73	 56	 41	 82	  0	 29	  0	  0	  0	  0	  0	  0	  0	  0	  0	  0	  0	  5	21818	  0
01/03/2017	04:58:33	->	L	00000000	 24	 84	 58	 29	  0	134	  0	  4	  4	  4	  4	  4	  4	  4	  4	  0	  0	  0	  0	  0	  0	  0	  0	  0	  0	  0	  0	  0	  0	  0	  0	  0	  0	  0	  0	  0	  0	  0	  0	 72	 58	 49	 84	  0	 29	  0	  0	  0	  0	  0	  0	  0	  0	  0	  0	  0	  5	21818	  0
01/03/2017	05:03:33	->	L	00000000	 24	 83	 59	 31	  0	139	  0	  4	  4	  4	  4	  4	  4	  4	  4	  0	  0	  0	  0	  0	  0	  0	  0	  0	  0	  0	  0	  0	  0	  0	  0	  0	  0	  0	  0	  0	  0	  0	  0	 71	 59	 55	 83	  0	 31	  0	  0	  0	  0	  0	  0	  0	  0	  0	  0	  0	  5	21818	  0
01/03/2017	05:08:33	->	L	00000000	 24	 82	 61	 35	  0	144	  0	  4	  4	  4	  4	  4	  4	  4	  4	  0	  0	  0	  0	  0	  0	  0	  0	  0	  0	  0	  0	  0	  0	  0	  0	  0	  0	  0	  0	  0	  0	  0	  0	 70	 61	 64	 82	  0	 35	  0	  0	  0	  0	  0	  0	  0	  0	  0	  0	  0	  5	21818	  0
01/03/2017	05:13:33	->	L	00000000	 24	 82	 63	 40	  0	149	  0	  4	  4	  4	  4	  4	  4	  4	  4	  0	  0	  0	  0	  0	  0	  0	  0	  0	  0	  0	  0	  0	  0	  0	  0	  0	  0	  0	  0	  0	  0	  0	  0	 69	 63	 74	 82	  0	 40	  0	  0	  0	  0	  0	  0	  0	  0	  0	  0	  0	  5	21818	  0
01/03/2017	05:18:33	->	L	00000000	 24	 82	 64	 43	  0	154	  0	  4	  4	  4	  4	  4	  4	  4	  4	  0	  0	  0	  0	  0	  0	  0	  0	  0	  0	  0	  0	  0	  0	  0	  0	  0	  0	  0	  0	  0	  0	  0	  0	 69	 64	 79	 82	  0	 43	  0	  0	  0	  0	  0	  0	  0	  0	  0	  0	  0	  5	21818	  0
01/03/2017	05:23:33	->	L	00000000	 24	 82	 65	 45	  0	159	  0	  4	  4	  4	  4	  4	  4	  4	  4	  0	  0	  0	  0	  0	  0	  0	  0	  0	  0	  0	  0	  0	  0	  0	  0	  0	  0	  0	  0	  0	  0	  0	  0	 68	 65	 87	 82	  0	 45	  0	  0	  0	  0	  0	  0	  0	  0	  0	  0	  0	  5	21818	  0
01/03/2017	05:28:33	->	L	00000000	 24	 81	 65	 50	  0	164	  0	  4	  4	  4	  4	  4	  4	  4	  4	  0	  0	  0	  0	  0	  0	  0	  0	  0	  0	  0	  0	  0	  0	  0	  0	  0	  0	  0	  0	  0	  0	  0	  0	 68	 65	 87	 81	  0	 47	  0	  0	  0	  0	  0	  0	  0	  0	  0	  0	  0	  5	21818	  0
01/03/2017	05:33:33	->	L	00000000	 24	 81	 65	 50	  0	169	  0	  4	  4	  4	  4	  4	  4	  4	  4	  0	  0	  0	  0	  0	  0	  0	  0	  0	  0	  0	  0	  0	  0	  0	  0	  0	  0	  0	  0	  0	  0	  0	  0	 67	 65	 91	 81	  0	 47	  0	  0	  0	  0	  0	  0	  0	  0	  0	  0	  0	  5	21818	  0
01/03/2017	05:38:33	->	L	00000000	 24	 80	 65	 50	  0	174	  0	  4	  4	  4	  4	  4	  4	  4	  4	  0	  0	  0	  0	  0	  0	  0	  0	  0	  0	  0	  0	  0	  0	  0	  0	  0	  0	  0	  0	  0	  0	  0	  0	 68	 65	 87	 80	  0	 50	  0	  0	  0	  0	  0	  0	  0	  0	  0	  0	  0	  5	21818	  0
01/03/2017	05:43:33	->	L	00000000	 24	 80	 65	 51	  0	179	  0	  4	  4	  4	  4	  4	  4	  4	  4	  0	  0	  0	  0	  0	  0	  0	  0	  0	  0	  0	  0	  0	  0	  0	  0	  0	  0	  0	  0	  0	  0	  0	  0	 68	 65	 87	 80	  0	 50	  0	  0	  0	  0	  0	  0	  0	  0	  0	  0	  0	  5	21818	  0
01/03/2017	05:48:33	->	L	00000000	 24	 79	 65	 51	  0	184	  0	  4	  4	  4	  4	  4	  4	  4	  4	  0	  0	  0	  0	  0	  0	  0	  0	  0	  0	  0	  0	  0	  0	  0	  0	  0	  0	  0	  0	  0	  0	  0	  0	 66	 65	 95	 79	  0	 51	  0	  0	  0	  0	  0	  0	  0	  0	  0	  0	  0	  5	21818	  0
01/03/2017	05:53:33	->	L	00000000	 24	 78	 64	 54	  0	189	  0	  4	  4	  4	  4	  4	  4	  4	  4	  0	  0	  0	  0	  0	  0	  0	  0	  0	  0	  0	  0	  0	  0	  0	  0	  0	  0	  0	  0	  0	  0	  0	  0	 66	 64	 90	 78	  0	 51	  0	  0	  0	  0	  0	  0	  0	  0	  0	  0	  0	  5	21818	  0
01/03/2017	05:58:33	->	L	00000000	 24	 77	 64	 53	  0	194	  0	  4	  4	  4	  4	  4	  4	  4	  4	  0	  0	  0	  0	  0	  0	  0	  0	  0	  0	  0	  0	  0	  0	  0	  0	  0	  0	  0	  0	  0	  0	  0	  0	 66	 64	 90	 77	  0	 53	  0	  0	  0	  0	  0	  0	  0	  0	  0	  0	  0	  5	21818	  0
01/03/2017	06:03:33	->	L	00000000	 24	 77	 64	 53	  0	199	  0	  4	  4	  4	  4	  4	  4	  4	  4	  0	  0	  0	  0	  0	  0	  0	  0	  0	  0	  0	  0	  0	  0	  0	  0	  0	  0	  0	  0	  0	  0	  0	  0	 66	 64	 90	 77	  0	 53	  0	  0	  0	  0	  0	  0	  0	  0	  0	  0	  0	  5	21818	  0
01/03/2017	06:08:33	->	L	00000000	 24	 77	 64	 53	  0	204	  0	  4	  4	  4	  4	  4	  4	  4	  4	  0	  0	  0	  0	  0	  0	  0	  0	  0	  0	  0	  0	  0	  0	  0	  0	  0	  0	  0	  0	  0	  0	  0	  0	 65	 64	 95	 77	  0	 53	  0	  0	  0	  0	  0	  0	  0	  0	  0	  0	  0	  5	21818	  0
01/03/2017	06:13:33	->	L	00000000	 24	 77	 64	 53	  0	209	  0	  4	  4	  4	  4	  4	  4	  4	  4	  0	  0	  0	  0	  0	  0	  0	  0	  0	  0	  0	  0	  0	  0	  0	  0	  0	  0	  0	  0	  0	  0	  0	  0	 66	 64	 90	 77	  0	 53	  0	  0	  0	  0	  0	  0	  0	  0	  0	  0	  0	  5	21818	  0
01/03/2017	06:18:33	->	L	00000000	 24	 77	 64	 53	  0	214	  0	  4	  4	  4	  4	  4	  4	  4	  4	  0	  0	  0	  0	  0	  0	  0	  0	  0	  0	  0	  0	  0	  0	  0	  0	  0	  0	  0	  0	  0	  0	  0	  0	 66	 64	 90	 77	  0	 53	  0	  0	  0	  0	  0	  0	  0	  0	  0	  0	  0	  5	21818	  0
01/03/2017	06:23:33	->	L	00000000	 24	 77	 64	 53	  0	219	  0	  4	  4	  4	  4	  4	  4	  4	  4	  0	  0	  0	  0	  0	  0	  0	  0	  0	  0	  0	  0	  0	  0	  0	  0	  0	  0	  0	  0	  0	  0	  0	  0	 65	 64	 95	 77	  0	 53	  0	  0	  0	  0	  0	  0	  0	  0	  0	  0	  0	  5	21818	  0
01/03/2017	06:28:33	->	L	00000000	 24	 77	 64	 53	  0	224	  0	  4	  4	  4	  4	  4	  4	  4	  4	  0	  0	  0	  0	  0	  0	  0	  0	  0	  0	  0	  0	  0	  0	  0	  0	  0	  0	  0	  0	  0	  0	  0	  0	 65	 64	 95	 77	  0	 53	  0	  0	  0	  0	  0	  0	  0	  0	  0	  0	  0	  5	21818	  0
01/03/2017	06:33:33	->	L	00000000	 24	 76	 64	 56	  0	229	  0	  4	  4	  4	  4	  4	  4	  4	  4	  0	  0	  0	  0	  0	  0	  0	  0	  0	  0	  0	  0	  0	  0	  0	  0	  0	  0	  0	  0	  0	  0	  0	  0	 65	 64	 95	 76	  0	 56	  0	  0	  0	  0	  0	  0	  0	  0	  0	  0	  0	  5	21818	  0
01/03/2017	06:38:33	->	L	00000000	 24	 76	 63	 53	  0	234	  0	  4	  4	  4	  4	  4	  4	  4	  4	  0	  0	  0	  0	  0	  0	  0	  0	  0	  0	  0	  0	  0	  0	  0	  0	  0	  0	  0	  0	  0	  0	  0	  0	 64	 63	 95	 76	  0	 53	  0	  0	  0	  0	  0	  0	  0	  0	  0	  0	  0	  5	21818	  0
01/03/2017	06:43:33	->	L	00000000	 24	 75	 63	 56	  0	239	  0	  4	  4	  4	  4	  4	  4	  4	  4	  0	  0	  0	  0	  0	  0	  0	  0	  0	  0	  0	  0	  0	  0	  0	  0	  0	  0	  0	  0	  0	  0	  0	  0	 65	 63	 90	 75	  0	 56	  0	  0	  0	  0	  0	  0	  0	  0	  0	  0	  0	  5	21818	  0
01/03/2017	06:48:33	->	L	00000000	 24	 75	 63	 56	  0	244	  0	  4	  4	  4	  4	  4	  4	  4	  4	  0	  0	  0	  0	  0	  0	  0	  0	  0	  0	  0	  0	  0	  0	  0	  0	  0	  0	  0	  0	  0	  0	  0	  0	 64	 63	 95	 75	  0	 56	  0	  0	  0	  0	  0	  0	  0	  0	  0	  0	  0	  5	21818	  0
01/03/2017	06:53:33	->	L	00000000	 24	 75	 63	 53	  0	249	  0	  4	  4	  4	  4	  4	  4	  4	  4	  0	  0	  0	  0	  0	  0	  0	  0	  0	  0	  0	  0	  0	  0	  0	  0	  0	  0	  0	  0	  0	  0	  0	  0	 64	 63	 95	 75	  0	 56	  0	  0	  0	  0	  0	  0	  0	  0	  0	  0	  0	  5	21818	  0
01/03/2017	06:58:33	->	L	00000000	 24	 75	 62	 53	  0	254	  0	  4	  4	  4	  4	  4	  4	  4	  4	  0	  0	  0	  0	  0	  0	  0	  0	  0	  0	  0	  0	  0	  0	  0	  0	  0	  0	  0	  0	  0	  0	  0	  0	 64	 62	 90	 75	  0	 53	  0	  0	  0	  0	  0	  0	  0	  0	  0	  0	  0	  5	21818	  0
01/03/2017	07:03:33	->	L	00000000	 24	 75	 62	 53	  0	259	  0	  4	  4	  4	  4	  4	  4	  4	  4	  0	  0	  0	  0	  0	  0	  0	  0	  0	  0	  0	  0	  0	  0	  0	  0	  0	  0	  0	  0	  0	  0	  0	  0	 64	 62	 90	 75	  0	 53	  0	  0	  0	  0	  0	  0	  0	  0	  0	  0	  0	  5	21818	  0
01/03/2017	07:08:33	->	L	00000000	 24	 75	 62	 50	  0	264	  0	  4	  4	  4	  4	  4	  4	  4	  4	  0	  0	  0	  0	  0	  0	  0	  0	  0	  0	  0	  0	  0	  0	  0	  0	  0	  0	  0	  0	  0	  0	  0	  0	 64	 62	 90	 75	  0	 53	  0	  0	  0	  0	  0	  0	  0	  0	  0	  0	  0	  5	21818	  0
01/03/2017	07:13:33	->	L	00000000	 24	 75	 63	 56	  0	269	  0	  4	  4	  4	  4	  4	  4	  4	  4	  0	  0	  0	  0	  0	  0	  0	  0	  0	  0	  0	  0	  0	  0	  0	  0	  0	  0	  0	  0	  0	  0	  0	  0	 65	 63	 90	 75	  0	 56	  0	  0	  0	  0	  0	  0	  0	  0	  0	  0	  0	  5	21818	  0
01/03/2017	07:18:33	->	L	00000000	 24	 75	 62	 56	  0	274	  0	  4	  4	  4	  4	  4	  4	  4	  4	  0	  0	  0	  0	  0	  0	  0	  0	  0	  0	  0	  0	  0	  0	  0	  0	  0	  0	  0	  0	  0	  0	  0	  0	 64	 62	 90	 75	  0	 53	  0	  0	  0	  0	  0	  0	  0	  0	  0	  0	  0	  5	21818	  0
01/03/2017	07:23:33	->	L	00000000	 24	 75	 62	 53	  0	279	  0	  4	  4	  4	  4	  4	  4	  4	  4	  0	  0	  0	  0	  0	  0	  0	  0	  0	  0	  0	  0	  0	  0	  0	  0	  0	  0	  0	  0	  0	  0	  0	  0	 64	 62	 90	 75	  0	 53	  0	  0	  0	  0	  0	  0	  0	  0	  0	  0	  0	  5	21818	  0
01/03/2017	07:28:33	->	L	00000000	 24	 76	 63	 53	  0	284	  0	  4	  4	  4	  4	  4	  4	  4	  4	  0	  0	  0	  0	  0	  0	  0	  0	  0	  0	  0	  0	  0	  0	  0	  0	  0	  0	  0	  0	  0	  0	  0	  0	 65	 63	 90	 76	  0	 53	  0	  0	  0	  0	  0	  0	  0	  0	  0	  0	  0	  5	21818	  0
01/03/2017	07:33:33	->	L	00000000	 24	 77	 63	 50	  0	289	  0	  4	  4	  4	  4	  4	  4	  4	  4	  0	  0	  0	  0	  0	  0	  0	  0	  0	  0	  0	  0	  0	  0	  0	  0	  0	  0	  0	  0	  0	  0	  0	  0	 65	 63	 90	 77	  0	 50	  0	  0	  0	  0	  0	  0	  0	  0	  0	  0	  0	  5	21818	  0
01/03/2017	07:38:33	->	L	00000000	 24	 77	 63	 49	  0	294	  0	  4	  4	  4	  4	  4	  4	  4	  4	  0	  0	  0	  0	  0	  0	  0	  0	  0	  0	  0	  0	  0	  0	  0	  0	  0	  0	  0	  0	  0	  0	  0	  0	 65	 63	 90	 77	  0	 50	  0	  0	  0	  0	  0	  0	  0	  0	  0	  0	  0	  5	21818	  0
01/03/2017	07:43:33	->	L	00000000	 24	 78	 64	 51	  0	299	  0	  4	  4	  4	  4	  4	  4	  4	  4	  0	  0	  0	  0	  0	  0	  0	  0	  0	  0	  0	  0	  0	  0	  0	  0	  0	  0	  0	  0	  0	  0	  0	  0	 65	 64	 95	 78	  0	 51	  0	  0	  0	  0	  0	  0	  0	  0	  0	  0	  0	  5	21818	  0
01/03/2017	07:48:33	->	L	00000000	 24	 78	 64	 51	  0	304	  0	  4	  4	  4	  4	  4	  4	  4	  4	  0	  0	  0	  0	  0	  0	  0	  0	  0	  0	  0	  0	  0	  0	  0	  0	  0	  0	  0	  0	  0	  0	  0	  0	 66	 64	 90	 78	  0	 51	  0	  0	  0	  0	  0	  0	  0	  0	  0	  0	  0	  5	21818	  0
01/03/2017	07:53:33	->	L	00000000	 24	 78	 64	 51	  0	309	  0	  4	  4	  4	  4	  4	  4	  4	  4	  0	  0	  0	  0	  0	  0	  0	  0	  0	  0	  0	  0	  0	  0	  0	  0	  0	  0	  0	  0	  0	  0	  0	  0	 66	 64	 90	 78	  0	 51	  0	  0	  0	  0	  0	  0	  0	  0	  0	  0	  0	  5	21818	  0
01/03/2017	07:58:33	->	L	00000000	 24	 78	 64	 54	  0	314	  0	  4	  4	  4	  4	  4	  4	  4	  4	  0	  0	  0	  0	  0	  0	  0	  0	  0	  0	  0	  0	  0	  0	  0	  0	  0	  0	  0	  0	  0	  0	  0	  0	 66	 64	 90	 78	  0	 51	  0	  0	  0	  0	  0	  0	  0	  0	  0	  0	  0	  5	21818	  0
01/03/2017	08:03:33	->	L	00000000	 24	 78	 64	 51	  0	319	  0	  4	  4	  4	  4	  4	  4	  4	  4	  0	  0	  0	  0	  0	  0	  0	  0	  0	  0	  0	  0	  0	  0	  0	  0	  0	  0	  0	  0	  0	  0	  0	  0	 65	 64	 95	 78	  0	 51	  0	  0	  0	  0	  0	  0	  0	  0	  0	  0	  0	  5	21818	  0
01/03/2017	08:08:33	->	L	00000000	 24	 77	 64	 53	  0	324	  0	  4	  4	  4	  4	  4	  4	  4	  4	  0	  0	  0	  0	  0	  0	  0	  0	  0	  0	  0	  0	  0	  0	  0	  0	  0	  0	  0	  0	  0	  0	  0	  0	 65	 64	 95	 77	  0	 53	  0	  0	  0	  0	  0	  0	  0	  0	  0	  0	  0	  5	21818	  0
01/03/2017	08:13:33	->	L	00000000	 24	 77	 64	 56	  0	329	  0	  4	  4	  4	  4	  4	  4	  4	  4	  0	  0	  0	  0	  0	  0	  0	  0	  0	  0	  0	  0	  0	  0	  0	  0	  0	  0	  0	  0	  0	  0	  0	  0	 65	 64	 95	 77	  0	 53	  0	  0	  0	  0	  0	  0	  0	  0	  0	  0	  0	  5	21818	  0
01/03/2017	08:18:33	->	L	00000000	 24	 76	 64	 56	  0	334	  0	  4	  4	  4	  4	  4	  4	  4	  4	  0	  0	  0	  0	  0	  0	  0	  0	  0	  0	  0	  0	  0	  0	  0	  0	  0	  0	  0	  0	  0	  0	  0	  0	 65	 64	 95	 76	  0	 56	  0	  0	  0	  0	  0	  0	  0	  0	  0	  0	  0	  5	21818	  0
01/03/2017	08:23:33	->	L	00000000	 24	 76	 64	 56	  0	339	  0	  4	  4	  4	  4	  4	  4	  4	  4	  0	  0	  0	  0	  0	  0	  0	  0	  0	  0	  0	  0	  0	  0	  0	  0	  0	  0	  0	  0	  0	  0	  0	  0	 65	 64	 95	 76	  0	 56	  0	  0	  0	  0	  0	  0	  0	  0	  0	  0	  0	  5	21818	  0
01/03/2017	08:28:33	->	L	00000000	 24	 77	 64	 53	  0	344	  0	  4	  4	  4	  4	  4	  4	  4	  4	  0	  0	  0	  0	  0	  0	  0	  0	  0	  0	  0	  0	  0	  0	  0	  0	  0	  0	  0	  0	  0	  0	  0	  0	 65	 64	 95	 77	  0	 53	  0	  0	  0	  0	  0	  0	  0	  0	  0	  0	  0	  5	21818	  0
01/03/2017	08:33:34	->	L	00000000	 24	 77	 64	 53	  0	349	  0	  4	  4	  4	  4	  4	  4	  4	  4	  0	  0	  0	  0	  0	  0	  0	  0	  0	  0	  0	  0	  0	  0	  0	  0	  0	  0	  0	  0	  0	  0	  0	  0	 65	 64	 95	 77	  0	 53	  0	  0	  0	  0	  0	  0	  0	  0	  0	  0	  0	  5	21818	  0
01/03/2017	08:38:34	->	L	00000000	 24	 77	 64	 53	  0	354	  0	  4	  4	  4	  4	  4	  4	  4	  4	  0	  0	  0	  0	  0	  0	  0	  0	  0	  0	  0	  0	  0	  0	  0	  0	  0	  0	  0	  0	  0	  0	  0	  0	 66	 64	 90	 77	  0	 53	  0	  0	  0	  0	  0	  0	  0	  0	  0	  0	  0	  5	21818	  0
01/03/2017	08:43:34	->	L	00000000	 24	 78	 64	 51	  0	359	  0	  4	  4	  4	  4	  4	  4	  4	  4	  0	  0	  0	  0	  0	  0	  0	  0	  0	  0	  0	  0	  0	  0	  0	  0	  0	  0	  0	  0	  0	  0	  0	  0	 66	 64	 90	 78	  0	 51	  0	  0	  0	  0	  0	  0	  0	  0	  0	  0	  0	  5	21818	  0
01/03/2017	08:48:34	->	L	00000000	 25	 78	 65	 54	  0	  3	  0	  4	  4	  4	  4	  4	  4	  4	  4	  0	  0	  0	  0	  0	  0	  0	  0	  0	  0	  0	  0	  0	  0	  0	  0	  0	  0	  0	  0	  0	  0	  0	  0	 66	 65	 95	 78	  0	 54	  0	  0	  0	  0	  0	  0	  0	  0	  0	  0	  0	  5	20536	  0
01/03/2017	08:53:34	<-	L	00000000	 25	 79	 69	 66	  0	  8	  0	  4	  4	  4	  4	  4	  4	  4	  4	  0	  0	  0	  0	  0	  0	  0	  0	  0	  0	  0	  0	  0	  0	  0	  0	  0	  0	  0	  0	  0	  0	  0	  0	 79	 69	 63	 70	  0	 95	  0	  0	  0	  0	  0	  0	  0	  0	  0	  0	  0	  5	20536	  0
01/03/2017	08:58:34	<-	L	00000000	 25	 78	 75	 83	  0	 13	  0	  4	  4	  4	  4	  4	  4	  4	  4	  0	  0	  0	  0	  0	  0	  0	  0	  0	  0	  0	  0	  0	  0	  0	  0	  0	  0	  0	  0	  0	  0	  0	  0	 78	 75	 88	 66	  0	100	  0	  0	  0	  0	  0	  0	  0	  0	  0	  0	  0	  5	20536	  0
01/03/2017	09:03:34	<-	L	00000000	 25	 80	 77	 91	  0	 18	  0	  4	  4	  4	  4	  4	  4	  4	  4	  0	  0	  0	  0	  0	  0	  0	  0	  0	  0	  0	  0	  0	  0	  0	  0	  0	  0	  0	  0	  0	  0	  0	  0	 80	 77	 88	 66	  0	100	  0	  0	  0	  0	  0	  0	  0	  0	  0	  0	  0	  5	20536	  0
01/03/2017	09:08:34	<-	L	00000000	 25	 77	 78	100	  0	 23	  0	  4	  4	  4	  4	  4	  4	  4	  4	  0	  0	  0	  0	  0	  0	  0	  0	  0	  0	  0	  0	  0	  0	  0	  0	  0	  0	  0	  0	  0	  0	  0	  0	 77	 78	100	 65	  0	100	  0	  0	  0	  0	  0	  0	  0	  0	  0	  0	  0	  5	20536	  0
01/03/2017	09:13:34	<-	L	00000000	 25	 81	 78	 88	  0	 28	  0	  4	  4	  4	  4	  4	  4	  4	  4	  0	  0	  0	  0	  0	  0	  0	  0	  0	  0	  0	  0	  0	  0	  0	  0	  0	  0	  0	  0	  0	  0	  0	  0	 81	 78	 88	 66	  0	100	  0	  0	  0	  0	  0	  0	  0	  0	  0	  0	  0	  5	20536	  0
01/03/2017	09:18:34	<-	L	00000000	 25	 77	 78	100	  0	 33	  0	  4	  4	  4	  4	  4	  4	  4	  4	  0	  0	  0	  0	  0	  0	  0	  0	  0	  0	  0	  0	  0	  0	  0	  0	  0	  0	  0	  0	  0	  0	  0	  0	 77	 78	100	 64	  0	100	  0	  0	  0	  0	  0	  0	  0	  0	  0	  0	  0	  5	20536	  0
01/03/2017	09:23:34	<-	L	00000000	 25	 82	 53	 23	  0	 38	  0	  4	  4	  4	  4	  4	  4	  4	  4	  0	  0	  0	  0	  0	  0	  0	  0	  0	  0	  0	  0	  0	  0	  0	  0	  0	  0	  0	  0	  0	  0	  0	  0	 82	 53	 24	 70	  0	 40	  0	  0	  0	  0	  0	  0	  0	  0	  0	  0	  0	  5	20536	  0
01/03/2017	09:28:34	<-	L	00000000	 25	 77	 53	 27	  0	 43	  0	  4	  4	  4	  4	  4	  4	  4	  4	  0	  0	  0	  0	  0	  0	  0	  0	  0	  0	  0	  0	  0	  0	  0	  0	  0	  0	  0	  0	  0	  0	  0	  0	 77	 53	 29	 67	  0	 47	  0	  0	  0	  0	  0	  0	  0	  0	  0	  0	  0	  5	20536	  0
01/03/2017	09:33:34	<-	L	00000000	 25	 84	 55	 24	  0	 48	  0	  4	  4	  4	  4	  4	  4	  4	  4	  0	  0	  0	  0	  0	  0	  0	  0	  0	  0	  0	  0	  0	  0	  0	  0	  0	  0	  0	  0	  0	  0	  0	  0	 84	 55	 24	 71	  0	 43	  0	  0	  0	  0	  0	  0	  0	  0	  0	  0	  0	  5	20536	  0
01/03/2017	09:38:34	<-	L	00000000	 25	 78	 54	 30	  0	 53	  0	  4	  4	  4	  4	  4	  4	  4	  4	  0	  0	  0	  0	  0	  0	  0	  0	  0	  0	  0	  0	  0	  0	  0	  0	  0	  0	  0	  0	  0	  0	  0	  0	 78	 54	 29	 69	  0	 46	  0	  0	  0	  0	  0	  0	  0	  0	  0	  0	  0	  5	20536	  0
01/03/2017	09:43:34	<-	L	00000000	 25	 82	 55	 28	  0	 58	  0	  4	  4	  4	  4	  4	  4	  4	  4	  0	  0	  0	  0	  0	  0	  0	  0	  0	  0	  0	  0	  0	  0	  0	  0	  0	  0	  0	  0	  0	  0	  0	  0	 82	 55	 26	 71	  0	 43	  0	  0	  0	  0	  0	  0	  0	  0	  0	  0	  0	  5	20536	  0
01/03/2017	09:48:34	<-	L	00000000	 25	 80	 55	 28	  0	 63	  0	  4	  4	  4	  4	  4	  4	  4	  4	  0	  0	  0	  0	  0	  0	  0	  0	  0	  0	  0	  0	  0	  0	  0	  0	  0	  0	  0	  0	  0	  0	  0	  0	 80	 55	 28	 70	  0	 46	  0	  0	  0	  0	  0	  0	  0	  0	  0	  0	  0	  5	20536	  0
01/03/2017	09:53:34	<-	L	00000000	 25	 80	 55	 28	  0	 68	  0	  4	  4	  4	  4	  4	  4	  4	  4	  0	  0	  0	  0	  0	  0	  0	  0	  0	  0	  0	  0	  0	  0	  0	  0	  0	  0	  0	  0	  0	  0	  0	  0	 80	 55	 28	 70	  0	 46	  0	  0	  0	  0	  0	  0	  0	  0	  0	  0	  0	  5	20536	  0
01/03/2017	09:58:34	<-	L	00000000	 25	 78	 55	 29	  0	 73	  0	  4	  4	  4	  4	  4	  4	  4	  4	  0	  0	  0	  0	  0	  0	  0	  0	  0	  0	  0	  0	  0	  0	  0	  0	  0	  0	  0	  0	  0	  0	  0	  0	 78	 55	 29	 68	  0	 50	  0	  0	  0	  0	  0	  0	  0	  0	  0	  0	  0	  5	20536	  0
01/03/2017	10:03:34	<-	L	00000000	 25	 81	 56	 29	  0	 78	  0	  4	  4	  4	  4	  4	  4	  4	  4	  0	  0	  0	  0	  0	  0	  0	  0	  0	  0	  0	  0	  0	  0	  0	  0	  0	  0	  0	  0	  0	  0	  0	  0	 81	 56	 28	 70	  0	 48	  0	  0	  0	  0	  0	  0	  0	  0	  0	  0	  0	  5	20536	  0
01/03/2017	10:08:34	<-	L	00000000	 25	 80	 55	 30	  0	 83	  0	  4	  4	  4	  4	  4	  4	  4	  4	  0	  0	  0	  0	  0	  0	  0	  0	  0	  0	  0	  0	  0	  0	  0	  0	  0	  0	  0	  0	  0	  0	  0	  0	 80	 55	 28	 70	  0	 46	  0	  0	  0	  0	  0	  0	  0	  0	  0	  0	  0	  5	20536	  0
01/03/2017	10:13:34	<-	L	00000000	 25	 78	 55	 30	  0	 88	  0	  4	  4	  4	  4	  4	  4	  4	  4	  0	  0	  0	  0	  0	  0	  0	  0	  0	  0	  0	  0	  0	  0	  0	  0	  0	  0	  0	  0	  0	  0	  0	  0	 78	 55	 29	 69	  0	 48	  0	  0	  0	  0	  0	  0	  0	  0	  0	  0	  0	  5	20536	  0
01/03/2017	10:18:34	<-	L	00000000	 25	 81	 55	 28	  0	 93	  0	  4	  4	  4	  4	  4	  4	  4	  4	  0	  0	  0	  0	  0	  0	  0	  0	  0	  0	  0	  0	  0	  0	  0	  0	  0	  0	  0	  0	  0	  0	  0	  0	 81	 55	 28	 70	  0	 46	  0	  0	  0	  0	  0	  0	  0	  0	  0	  0	  0	  5	20536	  0
01/03/2017	10:23:34	<-	L	00000000	 25	 77	 55	 29	  0	 98	  0	  4	  4	  4	  4	  4	  4	  4	  4	  0	  0	  0	  0	  0	  0	  0	  0	  0	  0	  0	  0	  0	  0	  0	  0	  0	  0	  0	  0	  0	  0	  0	  0	 77	 55	 32	 68	  0	 50	  0	  0	  0	  0	  0	  0	  0	  0	  0	  0	  0	  5	20536	  0
01/03/2017	10:28:34	<-	L	00000000	 25	 80	 55	 28	  0	103	  0	  4	  4	  4	  4	  4	  4	  4	  4	  0	  0	  0	  0	  0	  0	  0	  0	  0	  0	  0	  0	  0	  0	  0	  0	  0	  0	  0	  0	  0	  0	  0	  0	 80	 55	 28	 69	  0	 48	  0	  0	  0	  0	  0	  0	  0	  0	  0	  0	  0	  5	20536	  0
01/03/2017	10:33:34	<-	L	00000000	 25	 78	 55	 29	  0	108	  0	  4	  4	  4	  4	  4	  4	  4	  4	  0	  0	  0	  0	  0	  0	  0	  0	  0	  0	  0	  0	  0	  0	  0	  0	  0	  0	  0	  0	  0	  0	  0	  0	 78	 55	 29	 68	  0	 50	  0	  0	  0	  0	  0	  0	  0	  0	  0	  0	  0	  5	20536	  0
01/03/2017	10:38:34	<-	L	00000000	 25	 80	 55	 30	  0	113	  0	  4	  4	  4	  4	  4	  4	  4	  4	  0	  0	  0	  0	  0	  0	  0	  0	  0	  0	  0	  0	  0	  0	  0	  0	  0	  0	  0	  0	  0	  0	  0	  0	 80	 55	 28	 69	  0	 48	  0	  0	  0	  0	  0	  0	  0	  0	  0	  0	  0	  5	20536	  0
01/03/2017	10:43:34	<-	L	00000000	 25	 77	 55	 29	  0	118	  0	  4	  4	  4	  4	  4	  4	  4	  4	  0	  0	  0	  0	  0	  0	  0	  0	  0	  0	  0	  0	  0	  0	  0	  0	  0	  0	  0	  0	  0	  0	  0	  0	 77	 55	 32	 68	  0	 50	  0	  0	  0	  0	  0	  0	  0	  0	  0	  0	  0	  5	20536	  0
01/03/2017	10:48:34	<-	L	00000000	 25	 79	 56	 30	  0	123	  0	  4	  4	  4	  4	  4	  4	  4	  4	  0	  0	  0	  0	  0	  0	  0	  0	  0	  0	  0	  0	  0	  0	  0	  0	  0	  0	  0	  0	  0	  0	  0	  0	 79	 56	 30	 69	  0	 50	  0	  0	  0	  0	  0	  0	  0	  0	  0	  0	  0	  5	20536	  0
01/03/2017	10:53:34	<-	L	00000000	 25	 79	 55	 30	  0	128	  0	  4	  4	  4	  4	  4	  4	  4	  4	  0	  0	  0	  0	  0	  0	  0	  0	  0	  0	  0	  0	  0	  0	  0	  0	  0	  0	  0	  0	  0	  0	  0	  0	 79	 55	 30	 69	  0	 48	  0	  0	  0	  0	  0	  0	  0	  0	  0	  0	  0	  5	20536	  0
01/03/2017	10:58:34	<-	L	00000000	 25	 79	 55	 30	  0	133	  0	  4	  4	  4	  4	  4	  4	  4	  4	  0	  0	  0	  0	  0	  0	  0	  0	  0	  0	  0	  0	  0	  0	  0	  0	  0	  0	  0	  0	  0	  0	  0	  0	 79	 55	 30	 69	  0	 48	  0	  0	  0	  0	  0	  0	  0	  0	  0	  0	  0	  5	20536	  0
01/03/2017	11:03:34	<-	L	00000000	 25	 79	 55	 30	  0	138	  0	  4	  4	  4	  4	  4	  4	  4	  4	  0	  0	  0	  0	  0	  0	  0	  0	  0	  0	  0	  0	  0	  0	  0	  0	  0	  0	  0	  0	  0	  0	  0	  0	 79	 55	 30	 69	  0	 48	  0	  0	  0	  0	  0	  0	  0	  0	  0	  0	  0	  5	20536	  0
01/03/2017	11:08:34	<-	L	00000000	 25	 78	 55	 29	  0	143	  0	  4	  4	  4	  4	  4	  4	  4	  4	  0	  0	  0	  0	  0	  0	  0	  0	  0	  0	  0	  0	  0	  0	  0	  0	  0	  0	  0	  0	  0	  0	  0	  0	 78	 55	 29	 68	  0	 50	  0	  0	  0	  0	  0	  0	  0	  0	  0	  0	  0	  5	20536	  0
01/03/2017	11:13:34	<-	L	00000000	 25	 80	 56	 28	  0	148	  0	  4	  4	  4	  4	  4	  4	  4	  4	  0	  0	  0	  0	  0	  0	  0	  0	  0	  0	  0	  0	  0	  0	  0	  0	  0	  0	  0	  0	  0	  0	  0	  0	 80	 56	 30	 70	  0	 48	  0	  0	  0	  0	  0	  0	  0	  0	  0	  0	  0	  5	20536	  0
01/03/2017	11:18:34	<-	L	00000000	 25	 78	 55	 32	  0	153	  0	  4	  4	  4	  4	  4	  4	  4	  4	  0	  0	  0	  0	  0	  0	  0	  0	  0	  0	  0	  0	  0	  0	  0	  0	  0	  0	  0	  0	  0	  0	  0	  0	 78	 55	 29	 68	  0	 50	  0	  0	  0	  0	  0	  0	  0	  0	  0	  0	  0	  5	20536	  0
01/03/2017	11:23:34	<-	L	00000000	 25	 80	 55	 28	  0	158	  0	  4	  4	  4	  4	  4	  4	  4	  4	  0	  0	  0	  0	  0	  0	  0	  0	  0	  0	  0	  0	  0	  0	  0	  0	  0	  0	  0	  0	  0	  0	  0	  0	 80	 55	 28	 69	  0	 48	  0	  0	  0	  0	  0	  0	  0	  0	  0	  0	  0	  5	20536	  0
01/03/2017	11:28:34	<-	L	00000000	 25	 78	 55	 29	  0	163	  0	  4	  4	  4	  4	  4	  4	  4	  4	  0	  0	  0	  0	  0	  0	  0	  0	  0	  0	  0	  0	  0	  0	  0	  0	  0	  0	  0	  0	  0	  0	  0	  0	 78	 55	 29	 68	  0	 50	  0	  0	  0	  0	  0	  0	  0	  0	  0	  0	  0	  5	20536	  0
01/03/2017	11:33:34	<-	L	00000000	 25	 79	 55	 30	  0	168	  0	  4	  4	  4	  4	  4	  4	  4	  4	  0	  0	  0	  0	  0	  0	  0	  0	  0	  0	  0	  0	  0	  0	  0	  0	  0	  0	  0	  0	  0	  0	  0	  0	 79	 55	 30	 69	  0	 48	  0	  0	  0	  0	  0	  0	  0	  0	  0	  0	  0	  5	20536	  0
01/03/2017	11:38:34	<-	L	00000000	 25	 79	 55	 30	  0	173	  0	  4	  4	  4	  4	  4	  4	  4	  4	  0	  0	  0	  0	  0	  0	  0	  0	  0	  0	  0	  0	  0	  0	  0	  0	  0	  0	  0	  0	  0	  0	  0	  0	 79	 55	 30	 69	  0	 48	  0	  0	  0	  0	  0	  0	  0	  0	  0	  0	  0	  5	20536	  0
01/03/2017	11:43:34	<-	L	00000000	 25	 80	 55	 30	  0	178	  0	  4	  4	  4	  4	  4	  4	  4	  4	  0	  0	  0	  0	  0	  0	  0	  0	  0	  0	  0	  0	  0	  0	  0	  0	  0	  0	  0	  0	  0	  0	  0	  0	 80	 55	 28	 69	  0	 48	  0	  0	  0	  0	  0	  0	  0	  0	  0	  0	  0	  5	20536	  0
01/03/2017	11:48:34	<-	L	00000000	 25	 79	 55	 30	  0	183	  0	  4	  4	  4	  4	  4	  4	  4	  4	  0	  0	  0	  0	  0	  0	  0	  0	  0	  0	  0	  0	  0	  0	  0	  0	  0	  0	  0	  0	  0	  0	  0	  0	 79	 55	 30	 69	  0	 48	  0	  0	  0	  0	  0	  0	  0	  0	  0	  0	  0	  5	20536	  0
01/03/2017	11:53:34	<-	L	00000000	 25	 79	 55	 30	  0	188	  0	  4	  4	  4	  4	  4	  4	  4	  4	  0	  0	  0	  0	  0	  0	  0	  0	  0	  0	  0	  0	  0	  0	  0	  0	  0	  0	  0	  0	  0	  0	  0	  0	 79	 55	 30	 69	  0	 48	  0	  0	  0	  0	  0	  0	  0	  0	  0	  0	  0	  5	20536	  0
01/03/2017	11:58:34	<-	L	00000000	 25	 79	 55	 30	  0	193	  0	  4	  4	  4	  4	  4	  4	  4	  4	  0	  0	  0	  0	  0	  0	  0	  0	  0	  0	  0	  0	  0	  0	  0	  0	  0	  0	  0	  0	  0	  0	  0	  0	 79	 55	 30	 69	  0	 48	  0	  0	  0	  0	  0	  0	  0	  0	  0	  0	  0	  5	20536	  0
01/03/2017	12:03:34	<-	L	00000000	 25	 79	 55	 30	  0	198	  0	  4	  4	  4	  4	  4	  4	  4	  4	  0	  0	  0	  0	  0	  0	  0	  0	  0	  0	  0	  0	  0	  0	  0	  0	  0	  0	  0	  0	  0	  0	  0	  0	 79	 55	 30	 69	  0	 48	  0	  0	  0	  0	  0	  0	  0	  0	  0	  0	  0	  5	20536	  0
01/03/2017	12:08:35	<-	L	00000000	 25	 79	 55	 30	  0	203	  0	  4	  4	  4	  4	  4	  4	  4	  4	  0	  0	  0	  0	  0	  0	  0	  0	  0	  0	  0	  0	  0	  0	  0	  0	  0	  0	  0	  0	  0	  0	  0	  0	 79	 55	 30	 69	  0	 48	  0	  0	  0	  0	  0	  0	  0	  0	  0	  0	  0	  5	20536	  0
01/03/2017	12:13:35	<-	L	00000000	 25	 79	 55	 30	  0	208	  0	  4	  4	  4	  4	  4	  4	  4	  4	  0	  0	  0	  0	  0	  0	  0	  0	  0	  0	  0	  0	  0	  0	  0	  0	  0	  0	  0	  0	  0	  0	  0	  0	 79	 55	 30	 69	  0	 48	  0	  0	  0	  0	  0	  0	  0	  0	  0	  0	  0	  5	20536	  0
01/03/2017	12:18:35	<-	L	00000000	 25	 79	 55	 30	  0	213	  0	  4	  4	  4	  4	  4	  4	  4	  4	  0	  0	  0	  0	  0	  0	  0	  0	  0	  0	  0	  0	  0	  0	  0	  0	  0	  0	  0	  0	  0	  0	  0	  0	 79	 55	 30	 68	  0	 50	  0	  0	  0	  0	  0	  0	  0	  0	  0	  0	  0	  5	20536	  0
01/03/2017	12:23:35	<-	L	00000000	 25	 78	 55	 30	  0	218	  0	  4	  4	  4	  4	  4	  4	  4	  4	  0	  0	  0	  0	  0	  0	  0	  0	  0	  0	  0	  0	  0	  0	  0	  0	  0	  0	  0	  0	  0	  0	  0	  0	 78	 55	 29	 68	  0	 50	  0	  0	  0	  0	  0	  0	  0	  0	  0	  0	  0	  5	20536	  0
01/03/2017	12:28:35	<-	L	00000000	 25	 80	 55	 30	  0	223	  0	  4	  4	  4	  4	  4	  4	  4	  4	  0	  0	  0	  0	  0	  0	  0	  0	  0	  0	  0	  0	  0	  0	  0	  0	  0	  0	  0	  0	  0	  0	  0	  0	 80	 55	 28	 69	  0	 48	  0	  0	  0	  0	  0	  0	  0	  0	  0	  0	  0	  5	20536	  0
01/03/2017	12:33:34	<-	L	00000000	 25	 78	 55	 29	  0	228	  0	  4	  4	  4	  4	  4	  4	  4	  4	  0	  0	  0	  0	  0	  0	  0	  0	  0	  0	  0	  0	  0	  0	  0	  0	  0	  0	  0	  0	  0	  0	  0	  0	 78	 55	 29	 68	  0	 50	  0	  0	  0	  0	  0	  0	  0	  0	  0	  0	  0	  5	20536	  0
01/03/2017	12:38:34	<-	L	00000000	 25	 80	 55	 28	  0	233	  0	  4	  4	  4	  4	  4	  4	  4	  4	  0	  0	  0	  0	  0	  0	  0	  0	  0	  0	  0	  0	  0	  0	  0	  0	  0	  0	  0	  0	  0	  0	  0	  0	 80	 55	 28	 70	  0	 46	  0	  0	  0	  0	  0	  0	  0	  0	  0	  0	  0	  5	20536	  0
01/03/2017	12:43:34	<-	L	00000000	 25	 77	 55	 29	  0	238	  0	  4	  4	  4	  4	  4	  4	  4	  4	  0	  0	  0	  0	  0	  0	  0	  0	  0	  0	  0	  0	  0	  0	  0	  0	  0	  0	  0	  0	  0	  0	  0	  0	 77	 55	 32	 68	  0	 50	  0	  0	  0	  0	  0	  0	  0	  0	  0	  0	  0	  5	20536	  0
01/03/2017	12:48:34	<-	L	00000000	 25	 81	 55	 28	  0	243	  0	  4	  4	  4	  4	  4	  4	  4	  4	  0	  0	  0	  0	  0	  0	  0	  0	  0	  0	  0	  0	  0	  0	  0	  0	  0	  0	  0	  0	  0	  0	  0	  0	 81	 55	 28	 70	  0	 46	  0	  0	  0	  0	  0	  0	  0	  0	  0	  0	  0	  5	20536	  0
01/03/2017	12:53:34	->	L	00000000	 25	 76	 54	 29	  0	248	  0	  4	  4	  4	  4	  4	  4	  4	  4	  0	  0	  0	  0	  0	  0	  0	  0	  0	  0	  0	  0	  0	  0	  0	  0	  0	  0	  0	  0	  0	  0	  0	  0	 76	 54	 31	 76	  0	 31	  0	  0	  0	  0	  0	  0	  0	  0	  0	  0	  0	  5	20536	  0
01/03/2017	12:58:34	->	L	00000000	 25	 80	 53	 28	  0	253	  0	  4	  4	  4	  4	  4	  4	  4	  4	  0	  0	  0	  0	  0	  0	  0	  0	  0	  0	  0	  0	  0	  0	  0	  0	  0	  0	  0	  0	  0	  0	  0	  0	 72	 53	 36	 80	  0	 26	  0	  0	  0	  0	  0	  0	  0	  0	  0	  0	  0	  5	20536	  0
01/03/2017	13:03:34	->	L	00000000	 25	 78	 53	 27	  0	258	  0	  4	  4	  4	  4	  4	  4	  4	  4	  0	  0	  0	  0	  0	  0	  0	  0	  0	  0	  0	  0	  0	  0	  0	  0	  0	  0	  0	  0	  0	  0	  0	  0	 72	 53	 36	 78	  0	 27	  0	  0	  0	  0	  0	  0	  0	  0	  0	  0	  0	  5	20536	  0
01/03/2017	13:08:34	->	L	00000000	 25	 80	 53	 26	  0	263	  0	  4	  4	  4	  4	  4	  4	  4	  4	  0	  0	  0	  0	  0	  0	  0	  0	  0	  0	  0	  0	  0	  0	  0	  0	  0	  0	  0	  0	  0	  0	  0	  0	 72	 53	 36	 80	  0	 26	  0	  0	  0	  0	  0	  0	  0	  0	  0	  0	  0	  5	20536	  0
01/03/2017	13:13:34	->	L	00000000	 25	 80	 53	 24	  0	268	  0	  4	  4	  4	  4	  4	  4	  4	  4	  0	  0	  0	  0	  0	  0	  0	  0	  0	  0	  0	  0	  0	  0	  0	  0	  0	  0	  0	  0	  0	  0	  0	  0	 72	 53	 36	 80	  0	 26	  0	  0	  0	  0	  0	  0	  0	  0	  0	  0	  0	  5	20536	  0
01/03/2017	13:18:34	->	L	00000000	 25	 78	 52	 27	  0	273	  0	  4	  4	  4	  4	  4	  4	  4	  4	  0	  0	  0	  0	  0	  0	  0	  0	  0	  0	  0	  0	  0	  0	  0	  0	  0	  0	  0	  0	  0	  0	  0	  0	 72	 52	 34	 78	  0	 27	  0	  0	  0	  0	  0	  0	  0	  0	  0	  0	  0	  5	20536	  0
01/03/2017	13:23:34	->	L	00000000	 25	 80	 52	 25	  0	278	  0	  4	  4	  4	  4	  4	  4	  4	  4	  0	  0	  0	  0	  0	  0	  0	  0	  0	  0	  0	  0	  0	  0	  0	  0	  0	  0	  0	  0	  0	  0	  0	  0	 72	 52	 34	 80	  0	 24	  0	  0	  0	  0	  0	  0	  0	  0	  0	  0	  0	  5	20536	  0
01/03/2017	13:28:34	->	L	00000000	 25	 81	 52	 23	  0	283	  0	  4	  4	  4	  4	  4	  4	  4	  4	  0	  0	  0	  0	  0	  0	  0	  0	  0	  0	  0	  0	  0	  0	  0	  0	  0	  0	  0	  0	  0	  0	  0	  0	 72	 52	 34	 81	  0	 23	  0	  0	  0	  0	  0	  0	  0	  0	  0	  0	  0	  5	20536	  0
01/03/2017	13:33:34	->	L	00000000	 25	 78	 52	 27	  0	288	  0	  4	  4	  4	  4	  4	  4	  4	  4	  0	  0	  0	  0	  0	  0	  0	  0	  0	  0	  0	  0	  0	  0	  0	  0	  0	  0	  0	  0	  0	  0	  0	  0	 72	 52	 34	 78	  0	 27	  0	  0	  0	  0	  0	  0	  0	  0	  0	  0	  0	  5	20536	  0
01/03/2017	13:38:34	->	L	00000000	 25	 80	 53	 25	  0	293	  0	  4	  4	  4	  4	  4	  4	  4	  4	  0	  0	  0	  0	  0	  0	  0	  0	  0	  0	  0	  0	  0	  0	  0	  0	  0	  0	  0	  0	  0	  0	  0	  0	 72	 53	 36	 80	  0	 26	  0	  0	  0	  0	  0	  0	  0	  0	  0	  0	  0	  5	20536	  0
01/03/2017	13:43:34	->	L	00000000	 25	 81	 53	 26	  0	298	  0	  4	  4	  4	  4	  4	  4	  4	  4	  0	  0	  0	  0	  0	  0	  0	  0	  0	  0	  0	  0	  0	  0	  0	  0	  0	  0	  0	  0	  0	  0	  0	  0	 73	 53	 34	 81	  0	 25	  0	  0	  0	  0	  0	  0	  0	  0	  0	  0	  0	  5	20536	  0
01/03/2017	13:48:34	->	L	00000000	 25	 78	 52	 27	  0	303	  0	  4	  4	  4	  4	  4	  4	  4	  4	  0	  0	  0	  0	  0	  0	  0	  0	  0	  0	  0	  0	  0	  0	  0	  0	  0	  0	  0	  0	  0	  0	  0	  0	 72	 52	 34	 78	  0	 27	  0	  0	  0	  0	  0	  0	  0	  0	  0	  0	  0	  5	20536	  0
01/03/2017	13:53:34	->	L	00000000	 25	 80	 52	 24	  0	308	  0	  4	  4	  4	  4	  4	  4	  4	  4	  0	  0	  0	  0	  0	  0	  0	  0	  0	  0	  0	  0	  0	  0	  0	  0	  0	  0	  0	  0	  0	  0	  0	  0	 72	 52	 34	 80	  0	 24	  0	  0	  0	  0	  0	  0	  0	  0	  0	  0	  0	  5	20536	  0
01/03/2017	13:58:34	->	L	00000000	 25	 82	 53	 23	  0	313	  0	  4	  4	  4	  4	  4	  4	  4	  4	  0	  0	  0	  0	  0	  0	  0	  0	  0	  0	  0	  0	  0	  0	  0	  0	  0	  0	  0	  0	  0	  0	  0	  0	 73	 53	 34	 82	  0	 24	  0	  0	  0	  0	  0	  0	  0	  0	  0	  0	  0	  5	20536	  0
01/03/2017	14:03:34	->	L	00000000	 25	 79	 53	 27	  0	318	  0	  4	  4	  4	  4	  4	  4	  4	  4	  0	  0	  0	  0	  0	  0	  0	  0	  0	  0	  0	  0	  0	  0	  0	  0	  0	  0	  0	  0	  0	  0	  0	  0	 72	 53	 36	 79	  0	 28	  0	  0	  0	  0	  0	  0	  0	  0	  0	  0	  0	  5	20536	  0
01/03/2017	14:08:34	->	L	00000000	 25	 81	 53	 25	  0	323	  0	  4	  4	  4	  4	  4	  4	  4	  4	  0	  0	  0	  0	  0	  0	  0	  0	  0	  0	  0	  0	  0	  0	  0	  0	  0	  0	  0	  0	  0	  0	  0	  0	 73	 53	 34	 81	  0	 25	  0	  0	  0	  0	  0	  0	  0	  0	  0	  0	  0	  5	20536	  0
01/03/2017	14:13:34	->	L	00000000	 25	 81	 53	 25	  0	328	  0	  4	  4	  4	  4	  4	  4	  4	  4	  0	  0	  0	  0	  0	  0	  0	  0	  0	  0	  0	  0	  0	  0	  0	  0	  0	  0	  0	  0	  0	  0	  0	  0	 73	 53	 34	 81	  0	 25	  0	  0	  0	  0	  0	  0	  0	  0	  0	  0	  0	  5	20536	  0
01/03/2017	14:18:34	->	L	00000000	 25	 78	 53	 27	  0	333	  0	  4	  4	  4	  4	  4	  4	  4	  4	  0	  0	  0	  0	  0	  0	  0	  0	  0	  0	  0	  0	  0	  0	  0	  0	  0	  0	  0	  0	  0	  0	  0	  0	 73	 53	 34	 78	  0	 27	  0	  0	  0	  0	  0	  0	  0	  0	  0	  0	  0	  5	20536	  0
01/03/2017	14:23:34	->	L	00000000	 25	 81	 52	 24	  0	338	  0	  4	  4	  4	  4	  4	  4	  4	  4	  0	  0	  0	  0	  0	  0	  0	  0	  0	  0	  0	  0	  0	  0	  0	  0	  0	  0	  0	  0	  0	  0	  0	  0	 73	 52	 31	 81	  0	 23	  0	  0	  0	  0	  0	  0	  0	  0	  0	  0	  0	  5	20536	  0
01/03/2017	14:28:34	->	L	00000000	 25	 81	 53	 26	  0	343	  0	  4	  4	  4	  4	  4	  4	  4	  4	  0	  0	  0	  0	  0	  0	  0	  0	  0	  0	  0	  0	  0	  0	  0	  0	  0	  0	  0	  0	  0	  0	  0	  0	 73	 53	 34	 81	  0	 25	  0	  0	  0	  0	  0	  0	  0	  0	  0	  0	  0	  5	20536	  0
01/03/2017	14:33:34	->	L	00000000	 25	 78	 52	 27	  0	348	  0	  4	  4	  4	  4	  4	  4	  4	  4	  0	  0	  0	  0	  0	  0	  0	  0	  0	  0	  0	  0	  0	  0	  0	  0	  0	  0	  0	  0	  0	  0	  0	  0	 73	 52	 31	 78	  0	 27	  0	  0	  0	  0	  0	  0	  0	  0	  0	  0	  0	  5	20536	  0
01/03/2017	14:38:34	->	L	00000000	 25	 81	 53	 24	  0	353	  0	  4	  4	  4	  4	  4	  4	  4	  4	  0	  0	  0	  0	  0	  0	  0	  0	  0	  0	  0	  0	  0	  0	  0	  0	  0	  0	  0	  0	  0	  0	  0	  0	 73	 53	 34	 81	  0	 25	  0	  0	  0	  0	  0	  0	  0	  0	  0	  0	  0	  5	20536	  0
01/03/2017	14:43:34	->	L	00000000	 25	 80	 53	 24	  0	358	  0	  4	  4	  4	  4	  4	  4	  4	  4	  0	  0	  0	  0	  0	  0	  0	  0	  0	  0	  0	  0	  0	  0	  0	  0	  0	  0	  0	  0	  0	  0	  0	  0	 73	 53	 34	 80	  0	 26	  0	  0	  0	  0	  0	  0	  0	  0	  0	  0	  0	  5	20536	  0
01/03/2017	14:48:34	->	L	00000000	 26	 86	 53	 21	  0	  3	  0	  4	  4	  4	  4	  4	  4	  4	  4	  0	  0	  0	  0	  0	  0	  0	  0	  0	  0	  0	  0	  0	  0	  0	  0	  0	  0	  0	  0	  0	  0	  0	  0	 76	 53	 28	 86	  0	 21	  0	  0	  0	  0	  0	  0	  0	  0	  0	  0	  0	  5	21814	  0
01/03/2017	14:53:34	->	L	00000000	 26	 84	 53	 23	  0	  8	  0	  4	  4	  4	  4	  4	  4	  4	  4	  0	  0	  0	  0	  0	  0	  0	  0	  0	  0	  0	  0	  0	  0	  0	  0	  0	  0	  0	  0	  0	  0	  0	  0	 75	 53	 31	 84	  0	 22	  0	  0	  0	  0	  0	  0	  0	  0	  0	  0	  0	  5	21814	  0
01/03/2017	14:58:34	->	L	00000000	 26	 83	 53	 24	  0	 13	  0	  4	  4	  4	  4	  4	  4	  4	  4	  0	  0	  0	  0	  0	  0	  0	  0	  0	  0	  0	  0	  0	  0	  0	  0	  0	  0	  0	  0	  0	  0	  0	  0	 76	 53	 28	 83	  0	 23	  0	  0	  0	  0	  0	  0	  0	  0	  0	  0	  0	  5	21814	  0
01/03/2017	15:03:34	->	L	00000000	 26	 86	 54	 22	  0	 18	  0	  4	  4	  4	  4	  4	  4	  4	  4	  0	  0	  0	  0	  0	  0	  0	  0	  0	  0	  0	  0	  0	  0	  0	  0	  0	  0	  0	  0	  0	  0	  0	  0	 77	 54	 29	 86	  0	 22	  0	  0	  0	  0	  0	  0	  0	  0	  0	  0	  0	  5	21814	  0
01/03/2017	15:08:34	->	L	00000000	 26	 85	 54	 23	  0	 23	  0	  4	  4	  4	  4	  4	  4	  4	  4	  0	  0	  0	  0	  0	  0	  0	  0	  0	  0	  0	  0	  0	  0	  0	  0	  0	  0	  0	  0	  0	  0	  0	  0	 77	 54	 29	 85	  0	 23	  0	  0	  0	  0	  0	  0	  0	  0	  0	  0	  0	  5	21814	  0
01/03/2017	15:13:35	->	L	00000000	 26	 82	 53	 25	  0	 28	  0	  4	  4	  4	  4	  4	  4	  4	  4	  0	  0	  0	  0	  0	  0	  0	  0	  0	  0	  0	  0	  0	  0	  0	  0	  0	  0	  0	  0	  0	  0	  0	  0	 76	 53	 28	 82	  0	 24	  0	  0	  0	  0	  0	  0	  0	  0	  0	  0	  0	  5	21814	  0
01/03/2017	15:18:35	->	L	00000000	 26	 86	 54	 22	  0	 33	  0	  4	  4	  4	  4	  4	  4	  4	  4	  0	  0	  0	  0	  0	  0	  0	  0	  0	  0	  0	  0	  0	  0	  0	  0	  0	  0	  0	  0	  0	  0	  0	  0	 77	 54	 29	 86	  0	 22	  0	  0	  0	  0	  0	  0	  0	  0	  0	  0	  0	  5	21814	  0
01/03/2017	15:23:35	->	L	00000000	 26	 83	 54	 24	  0	 38	  0	  4	  4	  4	  4	  4	  4	  4	  4	  0	  0	  0	  0	  0	  0	  0	  0	  0	  0	  0	  0	  0	  0	  0	  0	  0	  0	  0	  0	  0	  0	  0	  0	 76	 54	 31	 83	  0	 24	  0	  0	  0	  0	  0	  0	  0	  0	  0	  0	  0	  5	21814	  0
01/03/2017	15:28:35	->	L	00000000	 26	 83	 54	 24	  0	 43	  0	  4	  4	  4	  4	  4	  4	  4	  4	  0	  0	  0	  0	  0	  0	  0	  0	  0	  0	  0	  0	  0	  0	  0	  0	  0	  0	  0	  0	  0	  0	  0	  0	 76	 54	 31	 83	  0	 24	  0	  0	  0	  0	  0	  0	  0	  0	  0	  0	  0	  5	21814	  0
01/03/2017	15:33:35	->	L	00000000	 26	 85	 54	 22	  0	 48	  0	  4	  4	  4	  4	  4	  4	  4	  4	  0	  0	  0	  0	  0	  0	  0	  0	  0	  0	  0	  0	  0	  0	  0	  0	  0	  0	  0	  0	  0	  0	  0	  0	 77	 54	 29	 85	  0	 23	  0	  0	  0	  0	  0	  0	  0	  0	  0	  0	  0	  5	21814	  0
01/03/2017	15:38:35	->	L	00000000	 26	 84	 54	 23	  0	 53	  0	  4	  4	  4	  4	  4	  4	  4	  4	  0	  0	  0	  0	  0	  0	  0	  0	  0	  0	  0	  0	  0	  0	  0	  0	  0	  0	  0	  0	  0	  0	  0	  0	 76	 54	 31	 84	  0	 23	  0	  0	  0	  0	  0	  0	  0	  0	  0	  0	  0	  5	21814	  0
01/03/2017	15:43:35	->	L	00000000	 26	 83	 54	 24	  0	 58	  0	  4	  4	  4	  4	  4	  4	  4	  4	  0	  0	  0	  0	  0	  0	  0	  0	  0	  0	  0	  0	  0	  0	  0	  0	  0	  0	  0	  0	  0	  0	  0	  0	 77	 54	 29	 83	  0	 24	  0	  0	  0	  0	  0	  0	  0	  0	  0	  0	  0	  5	21814	  0
01/03/2017	15:48:35	->	L	00000000	 26	 86	 54	 22	  0	 63	  0	  4	  4	  4	  4	  4	  4	  4	  4	  0	  0	  0	  0	  0	  0	  0	  0	  0	  0	  0	  0	  0	  0	  0	  0	  0	  0	  0	  0	  0	  0	  0	  0	 77	 54	 29	 86	  0	 22	  0	  0	  0	  0	  0	  0	  0	  0	  0	  0	  0	  5	21814	  0
01/03/2017	15:53:35	->	L	00000000	 26	 84	 54	 24	  0	 68	  0	  4	  4	  4	  4	  4	  4	  4	  4	  0	  0	  0	  0	  0	  0	  0	  0	  0	  0	  0	  0	  0	  0	  0	  0	  0	  0	  0	  0	  0	  0	  0	  0	 77	 54	 29	 84	  0	 23	  0	  0	  0	  0	  0	  0	  0	  0	  0	  0	  0	  5	21814	  0
01/03/2017	15:58:35	->	L	00000000	 26	 83	 54	 24	  0	 73	  0	  4	  4	  4	  4	  4	  4	  4	  4	  0	  0	  0	  0	  0	  0	  0	  0	  0	  0	  0	  0	  0	  0	  0	  0	  0	  0	  0	  0	  0	  0	  0	  0	 77	 54	 29	 83	  0	 24	  0	  0	  0	  0	  0	  0	  0	  0	  0	  0	  0	  5	21814	  0
01/03/2017	16:03:35	->	L	00000000	 26	 85	 54	 22	  0	 78	  0	  4	  4	  4	  4	  4	  4	  4	  4	  0	  0	  0	  0	  0	  0	  0	  0	  0	  0	  0	  0	  0	  0	  0	  0	  0	  0	  0	  0	  0	  0	  0	  0	 78	 54	 29	 85	  0	 23	  0	  0	  0	  0	  0	  0	  0	  0	  0	  0	  0	  5	21814	  0
01/03/2017	16:08:35	->	L	00000000	 26	 83	 54	 24	  0	 83	  0	  4	  4	  4	  4	  4	  4	  4	  4	  0	  0	  0	  0	  0	  0	  0	  0	  0	  0	  0	  0	  0	  0	  0	  0	  0	  0	  0	  0	  0	  0	  0	  0	 77	 54	 29	 83	  0	 24	  0	  0	  0	  0	  0	  0	  0	  0	  0	  0	  0	  5	21814	  0
01/03/2017	16:13:35	->	L	00000000	 26	 85	 54	 23	  0	 88	  0	  4	  4	  4	  4	  4	  4	  4	  4	  0	  0	  0	  0	  0	  0	  0	  0	  0	  0	  0	  0	  0	  0	  0	  0	  0	  0	  0	  0	  0	  0	  0	  0	 78	 54	 29	 85	  0	 23	  0	  0	  0	  0	  0	  0	  0	  0	  0	  0	  0	  5	21814	  0
01/03/2017	16:18:35	->	L	00000000	 26	 84	 54	 23	  0	 93	  0	  4	  4	  4	  4	  4	  4	  4	  4	  0	  0	  0	  0	  0	  0	  0	  0	  0	  0	  0	  0	  0	  0	  0	  0	  0	  0	  0	  0	  0	  0	  0	  0	 77	 54	 29	 84	  0	 23	  0	  0	  0	  0	  0	  0	  0	  0	  0	  0	  0	  5	21814	  0
01/03/2017	16:23:35	->	L	00000000	 26	 76	 53	 28	  0	 98	  0	  4	  4	  4	  4	  4	  4	  4	  4	  0	  0	  0	  0	  0	  0	  0	  0	  0	  0	  0	  0	  0	  0	  0	  0	  0	  0	  0	  0	  0	  0	  0	  0	 74	 53	 31	 76	  0	 28	  0	  0	  0	  0	  0	  0	  0	  0	  0	  0	  0	  5	19254	  0
01/03/2017	16:28:35	->	L	00000000	 26	 76	 52	 28	  0	103	  0	  4	  4	  4	  4	  4	  4	  4	  4	  0	  0	  0	  0	  0	  0	  0	  0	  0	  0	  0	  0	  0	  0	  0	  0	  0	  0	  0	  0	  0	  0	  0	  0	 73	 52	 31	 76	  0	 28	  0	  0	  0	  0	  0	  0	  0	  0	  0	  0	  0	  5	19254	  0
01/03/2017	16:33:35	->	L	00000000	 26	 75	 52	 28	  0	108	  0	  4	  4	  4	  4	  4	  4	  4	  4	  0	  0	  0	  0	  0	  0	  0	  0	  0	  0	  0	  0	  0	  0	  0	  0	  0	  0	  0	  0	  0	  0	  0	  0	 72	 52	 34	 75	  0	 28	  0	  0	  0	  0	  0	  0	  0	  0	  0	  0	  0	  5	19254	  0
01/03/2017	16:38:35	->	L	00000000	 26	 74	 51	 28	  0	113	  0	  4	  4	  4	  4	  4	  4	  4	  4	  0	  0	  0	  0	  0	  0	  0	  0	  0	  0	  0	  0	  0	  0	  0	  0	  0	  0	  0	  0	  0	  0	  0	  0	 72	 51	 31	 74	  0	 27	  0	  0	  0	  0	  0	  0	  0	  0	  0	  0	  0	  5	19254	  0
01/03/2017	16:43:35	->	L	00000000	 26	 75	 51	 28	  0	118	  0	  4	  4	  4	  4	  4	  4	  4	  4	  0	  0	  0	  0	  0	  0	  0	  0	  0	  0	  0	  0	  0	  0	  0	  0	  0	  0	  0	  0	  0	  0	  0	  0	 71	 51	 34	 75	  0	 28	  0	  0	  0	  0	  0	  0	  0	  0	  0	  0	  0	  5	19254	  0
01/03/2017	16:48:35	->	L	00000000	 26	 78	 51	 25	  0	123	  0	  4	  4	  4	  4	  4	  4	  4	  4	  0	  0	  0	  0	  0	  0	  0	  0	  0	  0	  0	  0	  0	  0	  0	  0	  0	  0	  0	  0	  0	  0	  0	  0	 73	 51	 30	 78	  0	 25	  0	  0	  0	  0	  0	  0	  0	  0	  0	  0	  0	  5	19254	  0
01/03/2017	16:53:35	<-	L	00000000	 26	 76	 52	 26	  0	128	  0	  4	  4	  4	  4	  4	  4	  4	  4	  0	  0	  0	  0	  0	  0	  0	  0	  0	  0	  0	  0	  0	  0	  0	  0	  0	  0	  0	  0	  0	  0	  0	  0	 73	 52	 31	 76	  0	 28	  0	  0	  0	  0	  0	  0	  0	  0	  0	  0	  0	  5	19254	  0
01/03/2017	16:58:35	<-	L	00000000	 26	 78	 53	 27	  0	133	  0	  4	  4	  4	  4	  4	  4	  4	  4	  0	  0	  0	  0	  0	  0	  0	  0	  0	  0	  0	  0	  0	  0	  0	  0	  0	  0	  0	  0	  0	  0	  0	  0	 78	 53	 27	 72	  0	 36	  0	  0	  0	  0	  0	  0	  0	  0	  0	  0	  0	  5	19254	  0
01/03/2017	17:03:35	<-	L	00000000	 26	 79	 53	 28	  0	138	  0	  4	  4	  4	  4	  4	  4	  4	  4	  0	  0	  0	  0	  0	  0	  0	  0	  0	  0	  0	  0	  0	  0	  0	  0	  0	  0	  0	  0	  0	  0	  0	  0	 79	 53	 28	 72	  0	 36	  0	  0	  0	  0	  0	  0	  0	  0	  0	  0	  0	  5	19254	  0
01/03/2017	17:08:35	<-	L	00000000	 26	 78	 53	 28	  0	143	  0	  4	  4	  4	  4	  4	  4	  4	  4	  0	  0	  0	  0	  0	  0	  0	  0	  0	  0	  0	  0	  0	  0	  0	  0	  0	  0	  0	  0	  0	  0	  0	  0	 78	 53	 27	 71	  0	 39	  0	  0	  0	  0	  0	  0	  0	  0	  0	  0	  0	  5	19254	  0
01/03/2017	17:13:35	<-	L	00000000	 26	 77	 52	 26	  0	148	  0	  4	  4	  4	  4	  4	  4	  4	  4	  0	  0	  0	  0	  0	  0	  0	  0	  0	  0	  0	  0	  0	  0	  0	  0	  0	  0	  0	  0	  0	  0	  0	  0	 77	 52	 26	 70	  0	 38	  0	  0	  0	  0	  0	  0	  0	  0	  0	  0	  0	  5	19254	  0
01/03/2017	17:18:35	<-	L	00000000	 26	 75	 52	 28	  0	153	  0	  4	  4	  4	  4	  4	  4	  4	  4	  0	  0	  0	  0	  0	  0	  0	  0	  0	  0	  0	  0	  0	  0	  0	  0	  0	  0	  0	  0	  0	  0	  0	  0	 75	 52	 28	 69	  0	 39	  0	  0	  0	  0	  0	  0	  0	  0	  0	  0	  0	  5	19254	  0
01/03/2017	17:23:35	<-	L	00000000	 26	 73	 51	 27	  0	158	  0	  4	  4	  4	  4	  4	  4	  4	  4	  0	  0	  0	  0	  0	  0	  0	  0	  0	  0	  0	  0	  0	  0	  0	  0	  0	  0	  0	  0	  0	  0	  0	  0	 73	 51	 30	 68	  0	 39	  0	  0	  0	  0	  0	  0	  0	  0	  0	  0	  0	  5	19254	  0
01/03/2017	17:28:35	<-	L	00000000	 26	 77	 52	 26	  0	163	  0	  4	  4	  4	  4	  4	  4	  4	  4	  0	  0	  0	  0	  0	  0	  0	  0	  0	  0	  0	  0	  0	  0	  0	  0	  0	  0	  0	  0	  0	  0	  0	  0	 77	 52	 26	 69	  0	 39	  0	  0	  0	  0	  0	  0	  0	  0	  0	  0	  0	  5	19254	  0
01/03/2017	17:33:35	<-	L	00000000	 26	 77	 52	 27	  0	168	  0	  4	  4	  4	  4	  4	  4	  4	  4	  0	  0	  0	  0	  0	  0	  0	  0	  0	  0	  0	  0	  0	  0	  0	  0	  0	  0	  0	  0	  0	  0	  0	  0	 77	 52	 26	 69	  0	 39	  0	  0	  0	  0	  0	  0	  0	  0	  0	  0	  0	  5	19254	  0
01/03/2017	17:38:35	<-	L	00000000	 26	 76	 51	 26	  0	173	  0	  4	  4	  4	  4	  4	  4	  4	  4	  0	  0	  0	  0	  0	  0	  0	  0	  0	  0	  0	  0	  0	  0	  0	  0	  0	  0	  0	  0	  0	  0	  0	  0	 76	 51	 26	 68	  0	 39	  0	  0	  0	  0	  0	  0	  0	  0	  0	  0	  0	  5	19254	  0
01/03/2017	17:43:35	<-	L	00000000	 26	 74	 51	 28	  0	178	  0	  4	  4	  4	  4	  4	  4	  4	  4	  0	  0	  0	  0	  0	  0	  0	  0	  0	  0	  0	  0	  0	  0	  0	  0	  0	  0	  0	  0	  0	  0	  0	  0	 74	 51	 27	 68	  0	 39	  0	  0	  0	  0	  0	  0	  0	  0	  0	  0	  0	  5	19254	  0
01/03/2017	17:48:35	<-	L	00000000	 26	 85	 53	 22	  0	183	  0	  4	  4	  4	  4	  4	  4	  4	  4	  0	  0	  0	  0	  0	  0	  0	  0	  0	  0	  0	  0	  0	  0	  0	  0	  0	  0	  0	  0	  0	  0	  0	  0	 85	 53	 22	 73	  0	 34	  0	  0	  0	  0	  0	  0	  0	  0	  0	  0	  0	  5	21814	  0
01/03/2017	17:53:35	<-	L	00000000	 26	 83	 53	 23	  0	188	  0	  4	  4	  4	  4	  4	  4	  4	  4	  0	  0	  0	  0	  0	  0	  0	  0	  0	  0	  0	  0	  0	  0	  0	  0	  0	  0	  0	  0	  0	  0	  0	  0	 83	 53	 23	 73	  0	 34	  0	  0	  0	  0	  0	  0	  0	  0	  0	  0	  0	  5	21814	  0
01/03/2017	17:58:35	<-	L	00000000	 26	 87	 54	 21	  0	193	  0	  4	  4	  4	  4	  4	  4	  4	  4	  0	  0	  0	  0	  0	  0	  0	  0	  0	  0	  0	  0	  0	  0	  0	  0	  0	  0	  0	  0	  0	  0	  0	  0	 87	 54	 21	 75	  0	 32	  0	  0	  0	  0	  0	  0	  0	  0	  0	  0	  0	  5	21814	  0
01/03/2017	18:03:35	<-	L	00000000	 26	 85	 54	 23	  0	198	  0	  4	  4	  4	  4	  4	  4	  4	  4	  0	  0	  0	  0	  0	  0	  0	  0	  0	  0	  0	  0	  0	  0	  0	  0	  0	  0	  0	  0	  0	  0	  0	  0	 85	 54	 23	 74	  0	 35	  0	  0	  0	  0	  0	  0	  0	  0	  0	  0	  0	  5	21814	  0
01/03/2017	18:08:35	<-	L	00000000	 26	 82	 53	 24	  0	203	  0	  4	  4	  4	  4	  4	  4	  4	  4	  0	  0	  0	  0	  0	  0	  0	  0	  0	  0	  0	  0	  0	  0	  0	  0	  0	  0	  0	  0	  0	  0	  0	  0	 82	 53	 24	 73	  0	 34	  0	  0	  0	  0	  0	  0	  0	  0	  0	  0	  0	  5	21814	  0
01/03/2017	18:13:35	<-	L	00000000	 26	 87	 54	 21	  0	208	  0	  4	  4	  4	  4	  4	  4	  4	  4	  0	  0	  0	  0	  0	  0	  0	  0	  0	  0	  0	  0	  0	  0	  0	  0	  0	  0	  0	  0	  0	  0	  0	  0	 87	 54	 21	 75	  0	 32	  0	  0	  0	  0	  0	  0	  0	  0	  0	  0	  0	  5	21814	  0
01/03/2017	18:18:35	<-	L	00000000	 26	 86	 54	 23	  0	213	  0	  4	  4	  4	  4	  4	  4	  4	  4	  0	  0	  0	  0	  0	  0	  0	  0	  0	  0	  0	  0	  0	  0	  0	  0	  0	  0	  0	  0	  0	  0	  0	  0	 86	 54	 22	 75	  0	 32	  0	  0	  0	  0	  0	  0	  0	  0	  0	  0	  0	  5	21814	  0
01/03/2017	18:23:35	<-	L	00000000	 26	 83	 53	 23	  0	218	  0	  4	  4	  4	  4	  4	  4	  4	  4	  0	  0	  0	  0	  0	  0	  0	  0	  0	  0	  0	  0	  0	  0	  0	  0	  0	  0	  0	  0	  0	  0	  0	  0	 83	 53	 23	 72	  0	 36	  0	  0	  0	  0	  0	  0	  0	  0	  0	  0	  0	  5	21814	  0
01/03/2017	18:28:35	<-	L	00000000	 26	 87	 54	 22	  0	223	  0	  4	  4	  4	  4	  4	  4	  4	  4	  0	  0	  0	  0	  0	  0	  0	  0	  0	  0	  0	  0	  0	  0	  0	  0	  0	  0	  0	  0	  0	  0	  0	  0	 87	 54	 21	 76	  0	 31	  0	  0	  0	  0	  0	  0	  0	  0	  0	  0	  0	  5	21814	  0
