04/02/2017	10:32:12	<-	L	00000000	 10	 27	 23	 77	  0	  2	  0	  8	  8	  8	  8	  8	  8	  8	  8	  0	  0	  0	  0	  0	  0	  0	  0	  0	  0	  0	  0	  0	  0	  0	  0	  0	  0	  0	  0	  0	  0	  0	  0	 27	 23	 77	 27	  0	 77	  0	  0	  0	  0	  0	  0	  0	  0	  0	  0	  0	  5	6934	  1
04/02/2017	10:37:12	<-	L	00000000	 10	 26	 22	 74	  0	  7	  0	  7	  7	  7	  7	  7	  7	  7	  7	  0	  0	  0	  0	  0	  0	  0	  0	  0	  0	  0	  0	  0	  0	  0	  0	  0	  0	  0	  0	  0	  0	  0	  0	 26	 22	 76	 20	  0	100	  0	  0	  0	  0	  0	  0	  0	  0	  0	  0	  0	  5	7191	  1
04/02/2017	10:42:12	<-	L	00000000	 10	 34	 23	 46	  0	 12	  0	  7	  7	  7	  7	  7	  7	  7	  7	  0	  0	  0	  0	  0	  0	  0	  0	  0	  0	  0	  0	  0	  0	  0	  0	  0	  0	  0	  0	  0	  0	  0	  0	 34	 23	 46	 22	  0	100	  0	  0	  0	  0	  0	  0	  0	  0	  0	  0	  0	  5	7448	  1
04/02/2017	10:47:12	<-	L	00000000	 10	 29	 24	 74	  0	 17	  0	  7	  7	  7	  7	  7	  7	  7	  7	  0	  0	  0	  0	  0	  0	  0	  0	  0	  0	  0	  0	  0	  0	  0	  0	  0	  0	  0	  0	  0	  0	  0	  0	 29	 24	 74	 22	  0	100	  0	  0	  0	  0	  0	  0	  0	  0	  0	  0	  0	  5	7705	  1
04/02/2017	10:52:12	<-	L	00000000	 10	 36	 25	 46	  0	 22	  0	  7	  7	  7	  7	  7	  7	  7	  7	  0	  0	  0	  0	  0	  0	  0	  0	  0	  0	  0	  0	  0	  0	  0	  0	  0	  0	  0	  0	  0	  0	  0	  0	 36	 25	 46	 24	  0	100	  0	  0	  0	  0	  0	  0	  0	  0	  0	  0	  0	  5	7962	  1
04/02/2017	10:57:12	<-	L	00000000	 10	 32	 26	 67	  0	 27	  0	  7	  7	  7	  7	  7	  7	  7	  7	  0	  0	  0	  0	  0	  0	  0	  0	  0	  0	  0	  0	  0	  0	  0	  0	  0	  0	  0	  0	  0	  0	  0	  0	 32	 26	 67	 24	  0	100	  0	  0	  0	  0	  0	  0	  0	  0	  0	  0	  0	  5	8219	  1
04/02/2017	11:02:12	<-	L	00000000	 10	 37	 27	 54	  0	 32	  0	  7	  7	  7	  7	  7	  7	  7	  7	  0	  0	  0	  0	  0	  0	  0	  0	  0	  0	  0	  0	  0	  0	  0	  0	  0	  0	  0	  0	  0	  0	  0	  0	 37	 27	 51	 26	  0	100	  0	  0	  0	  0	  0	  0	  0	  0	  0	  0	  0	  5	8476	  1
04/02/2017	11:07:13	<-	L	00000000	 10	 35	 28	 58	  0	 37	  0	  7	  7	  7	  7	  7	  7	  7	  7	  0	  0	  0	  0	  0	  0	  0	  0	  0	  0	  0	  0	  0	  0	  0	  0	  0	  0	  0	  0	  0	  0	  0	  0	 35	 28	 62	 27	  0	100	  0	  0	  0	  0	  0	  0	  0	  0	  0	  0	  0	  5	8733	  1
04/02/2017	11:12:13	<-	L	00000000	 10	 34	 28	 74	  0	 42	  0	  7	  7	  7	  7	  7	  7	  7	  7	  0	  0	  0	  0	  0	  0	  0	  0	  0	  0	  0	  0	  0	  0	  0	  0	  0	  0	  0	  0	  0	  0	  0	  0	 34	 28	 67	 27	  0	100	  0	  0	  0	  0	  0	  0	  0	  0	  0	  0	  0	  5	8990	  1
04/02/2017	11:17:13	<-	L	00000000	 10	 38	 30	 55	  0	 47	  0	  7	  7	  7	  7	  7	  7	  7	  7	  0	  0	  0	  0	  0	  0	  0	  0	  0	  0	  0	  0	  0	  0	  0	  0	  0	  0	  0	  0	  0	  0	  0	  0	 38	 30	 59	 29	  0	100	  0	  0	  0	  0	  0	  0	  0	  0	  0	  0	  0	  5	9247	  1
04/02/2017	11:22:13	<-	L	00000000	 10	 35	 30	 77	  0	 52	  0	  7	  7	  7	  6	  6	  6	  7	  7	  0	  0	  0	  0	  0	  0	  0	  0	  0	  0	  0	  0	  0	  0	  0	  0	  0	  0	  0	  0	  0	  0	  0	  0	 35	 30	 75	 29	  0	100	  0	  0	  0	  0	  0	  0	  0	  0	  0	  0	  0	  5	9504	  1
04/02/2017	11:27:13	<-	L	00000000	 10	 41	 32	 52	  0	 57	  0	  6	  6	  6	  6	  6	  6	  6	  6	  0	  0	  0	  0	  0	  0	  0	  0	  0	  0	  0	  0	  0	  0	  0	  0	  0	  0	  0	  0	  0	  0	  0	  0	 41	 32	 56	 31	  0	100	  0	  0	  0	  0	  0	  0	  0	  0	  0	  0	  0	  5	9761	  1
04/02/2017	11:32:13	<-	L	00000000	 10	 37	 32	 78	  0	 62	  0	  6	  6	  6	  6	  6	  6	  7	  7	  0	  0	  0	  0	  0	  0	  0	  0	  0	  0	  0	  0	  0	  0	  0	  0	  0	  0	  0	  0	  0	  0	  0	  0	 37	 32	 75	 31	  0	100	  0	  0	  0	  0	  0	  0	  0	  0	  0	  0	  0	  5	9761	  1
04/02/2017	11:37:13	<-	L	00000000	 10	 44	 34	 49	  0	 67	  0	  6	  6	  6	  6	  6	  6	  6	  6	  0	  0	  0	  0	  0	  0	  0	  0	  0	  0	  0	  0	  0	  0	  0	  0	  0	  0	  0	  0	  0	  0	  0	  0	 44	 34	 53	 33	  0	100	  0	  0	  0	  0	  0	  0	  0	  0	  0	  0	  0	  5	10018	  1
04/02/2017	11:42:13	<-	L	00000000	 10	 40	 34	 68	  0	 72	  0	  6	  6	  6	  6	  6	  6	  6	  6	  0	  0	  0	  0	  0	  0	  0	  0	  0	  0	  0	  0	  0	  0	  0	  0	  0	  0	  0	  0	  0	  0	  0	  0	 40	 34	 68	 34	  0	100	  0	  0	  0	  0	  0	  0	  0	  0	  0	  0	  0	  5	10275	  1
04/02/2017	11:47:13	<-	L	00000000	 10	 45	 35	 60	  0	 77	  0	  6	  6	  6	  6	  6	  6	  6	  6	  0	  0	  0	  0	  0	  0	  0	  0	  0	  0	  0	  0	  0	  0	  0	  0	  0	  0	  0	  0	  0	  0	  0	  0	 45	 35	 53	 35	  0	100	  0	  0	  0	  0	  0	  0	  0	  0	  0	  0	  0	  5	10532	  1
04/02/2017	11:52:13	<-	L	00000000	 10	 44	 37	 61	  0	 82	  0	  6	  6	  6	  6	  6	  6	  6	  6	  0	  0	  0	  0	  0	  0	  0	  0	  0	  0	  0	  0	  0	  0	  0	  0	  0	  0	  0	  0	  0	  0	  0	  0	 44	 37	 65	 36	  0	100	  0	  0	  0	  0	  0	  0	  0	  0	  0	  0	  0	  5	10789	  1
04/02/2017	11:57:13	<-	L	00000000	 10	 42	 38	 78	  0	 87	  0	  6	  6	  6	  6	  6	  6	  6	  6	  0	  0	  0	  0	  0	  0	  0	  0	  0	  0	  0	  0	  0	  0	  0	  0	  0	  0	  0	  0	  0	  0	  0	  0	 42	 38	 78	 37	  0	100	  0	  0	  0	  0	  0	  0	  0	  0	  0	  0	  0	  5	11046	  1
04/02/2017	12:02:13	<-	L	00000000	 10	 49	 39	 51	  0	 92	  0	  6	  6	  6	  6	  6	  6	  6	  6	  0	  0	  0	  0	  0	  0	  0	  0	  0	  0	  0	  0	  0	  0	  0	  0	  0	  0	  0	  0	  0	  0	  0	  0	 49	 39	 54	 39	  0	100	  0	  0	  0	  0	  0	  0	  0	  0	  0	  0	  0	  5	11303	  1
04/02/2017	12:07:13	<-	L	00000000	 10	 46	 39	 65	  0	 97	  0	  6	  6	  6	  6	  6	  6	  6	  6	  0	  0	  0	  0	  0	  0	  0	  0	  0	  0	  0	  0	  0	  0	  0	  0	  0	  0	  0	  0	  0	  0	  0	  0	 46	 39	 65	 39	  0	100	  0	  0	  0	  0	  0	  0	  0	  0	  0	  0	  0	  5	11560	  1
04/02/2017	12:12:13	<-	L	00000000	 10	 52	 41	 48	  0	102	  0	  6	  6	  6	  6	  6	  6	  6	  6	  0	  0	  0	  0	  0	  0	  0	  0	  0	  0	  0	  0	  0	  0	  0	  0	  0	  0	  0	  0	  0	  0	  0	  0	 52	 41	 51	 40	  0	100	  0	  0	  0	  0	  0	  0	  0	  0	  0	  0	  0	  5	11817	  1
04/02/2017	12:17:13	<-	L	00000000	 10	 47	 42	 70	  0	107	  0	  6	  6	  6	  6	  6	  6	  6	  6	  0	  0	  0	  0	  0	  0	  0	  0	  0	  0	  0	  0	  0	  0	  0	  0	  0	  0	  0	  0	  0	  0	  0	  0	 47	 42	 76	 41	  0	100	  0	  0	  0	  0	  0	  0	  0	  0	  0	  0	  0	  5	12074	  1
04/02/2017	12:22:13	<-	L	00000000	 10	 52	 42	 55	  0	112	  0	  6	  6	  6	  6	  6	  6	  6	  6	  0	  0	  0	  0	  0	  0	  0	  0	  0	  0	  0	  0	  0	  0	  0	  0	  0	  0	  0	  0	  0	  0	  0	  0	 52	 42	 55	 42	  0	100	  0	  0	  0	  0	  0	  0	  0	  0	  0	  0	  0	  5	12331	  1
04/02/2017	12:27:13	<-	L	00000000	 10	 49	 44	 70	  0	117	  0	  5	  5	  5	  5	  6	  6	  6	  5	  0	  0	  0	  0	  0	  0	  0	  0	  0	  0	  0	  0	  0	  0	  0	  0	  0	  0	  0	  0	  0	  0	  0	  0	 49	 44	 77	 43	  0	100	  0	  0	  0	  0	  0	  0	  0	  0	  0	  0	  0	  5	12588	  1
04/02/2017	12:32:13	  	L	00000000	 10	 46	 43	 85	  0	122	  0	  5	  5	  5	  5	  5	  5	  6	  5	  0	  0	  0	  0	  0	  0	  0	  0	  0	  0	  0	  0	  0	  0	  0	  0	  0	  0	  0	  0	  0	  0	  0	  0	 46	 43	 85	 43	  0	100	  0	  0	  0	  0	  0	  0	  0	  0	  0	  0	  0	  5	12845	  1
04/02/2017	12:37:13	->	L	00000000	 10	 45	 43	 89	  0	127	  0	  6	  6	  5	  5	  5	  5	  6	  6	  0	  0	  0	  0	  0	  0	  0	  0	  0	  0	  0	  0	  0	  0	  0	  0	  0	  0	  0	  0	  0	  0	  0	  0	 44	 43	 94	 45	  0	 89	  0	  0	  0	  0	  0	  0	  0	  0	  0	  0	  0	  5	13102	  1
04/02/2017	12:42:13	->	L	00000000	 10	 44	 43	 94	  0	132	  0	  6	  6	  6	  6	  6	  6	  6	  6	  0	  0	  0	  0	  0	  0	  0	  0	  0	  0	  0	  0	  0	  0	  0	  0	  0	  0	  0	  0	  0	  0	  0	  0	 44	 43	 94	 44	  0	 94	  0	  0	  0	  0	  0	  0	  0	  0	  0	  0	  0	  5	13359	  1
04/02/2017	12:47:13	->	L	00000000	 10	 44	 43	 94	  0	137	  0	  6	  6	  6	  6	  6	  6	  6	  6	  0	  0	  0	  0	  0	  0	  0	  0	  0	  0	  0	  0	  0	  0	  0	  0	  0	  0	  0	  0	  0	  0	  0	  0	 43	 43	100	 44	  0	 94	  0	  0	  0	  0	  0	  0	  0	  0	  0	  0	  0	  5	13616	  1
04/02/2017	12:52:13	->	L	00000000	 10	 44	 43	 94	  0	142	  0	  6	  6	  6	  6	  6	  6	  6	  6	  0	  0	  0	  0	  0	  0	  0	  0	  0	  0	  0	  0	  0	  0	  0	  0	  0	  0	  0	  0	  0	  0	  0	  0	 43	 43	100	 44	  0	 94	  0	  0	  0	  0	  0	  0	  0	  0	  0	  0	  0	  5	13873	  1
04/02/2017	12:57:13	->	L	00000000	 10	 59	 51	 64	  0	147	  0	  5	  5	  5	  5	  5	  5	  5	  5	  0	  0	  0	  0	  0	  0	  0	  0	  0	  0	  0	  0	  0	  0	  0	  0	  0	  0	  0	  0	  0	  0	  0	  0	 49	 51	100	 59	  0	 64	  0	  0	  0	  0	  0	  0	  0	  0	  0	  0	  0	  5	14130	  1
04/02/2017	13:02:13	->	L	00000000	 10	 59	 51	 78	  0	152	  0	  5	  5	  5	  5	  5	  5	  5	  5	  0	  0	  0	  0	  0	  0	  0	  0	  0	  0	  0	  0	  0	  0	  0	  0	  0	  0	  0	  0	  0	  0	  0	  0	 50	 51	100	 59	  0	 64	  0	  0	  0	  0	  0	  0	  0	  0	  0	  0	  0	  5	14387	  1
04/02/2017	13:07:12	->	L	00000000	 10	 58	 49	 68	  0	157	  0	  5	  5	  5	  5	  5	  5	  5	  5	  0	  0	  0	  0	  0	  0	  0	  0	  0	  0	  0	  0	  0	  0	  0	  0	  0	  0	  0	  0	  0	  0	  0	  0	 50	 49	 94	 58	  0	 61	  0	  0	  0	  0	  0	  0	  0	  0	  0	  0	  0	  5	14644	  1
04/02/2017	13:12:12	->	L	00000000	 10	 58	 51	 72	  0	162	  0	  5	  5	  5	  5	  5	  5	  5	  5	  0	  0	  0	  0	  0	  0	  0	  0	  0	  0	  0	  0	  0	  0	  0	  0	  0	  0	  0	  0	  0	  0	  0	  0	 52	 51	 94	 58	  0	 68	  0	  0	  0	  0	  0	  0	  0	  0	  0	  0	  0	  5	14901	  1
04/02/2017	13:17:14	->	L	00000000	 10	 58	 54	 78	  0	167	  0	  5	  5	  5	  5	  5	  5	  5	  5	  0	  0	  0	  0	  0	  0	  0	  0	  0	  0	  0	  0	  0	  0	  0	  0	  0	  0	  0	  0	  0	  0	  0	  0	 53	 54	100	 58	  0	 81	  0	  0	  0	  0	  0	  0	  0	  0	  0	  0	  0	  5	15158	  1
04/02/2017	13:22:13	->	L	00000000	 10	 61	 52	 58	  0	172	  0	  5	  5	  5	  5	  5	  5	  5	  5	  0	  0	  0	  0	  0	  0	  0	  0	  0	  0	  0	  0	  0	  0	  0	  0	  0	  0	  0	  0	  0	  0	  0	  0	 54	 52	 90	 61	  0	 62	  0	  0	  0	  0	  0	  0	  0	  0	  0	  0	  0	  5	15415	  1
04/02/2017	13:27:13	->	L	00000000	 10	 64	 53	 62	  0	177	  0	  4	  5	  5	  5	  5	  5	  5	  4	  0	  0	  0	  0	  0	  0	  0	  0	  0	  0	  0	  0	  0	  0	  0	  0	  0	  0	  0	  0	  0	  0	  0	  0	 55	 53	 90	 64	  0	 55	  0	  0	  0	  0	  0	  0	  0	  0	  0	  0	  0	  5	15672	  1
04/02/2017	13:32:13	->	L	00000000	 10	 59	 54	 78	  0	182	  0	  4	  4	  5	  5	  4	  4	  4	  4	  0	  0	  0	  0	  0	  0	  0	  0	  0	  0	  0	  0	  0	  0	  0	  0	  0	  0	  0	  0	  0	  0	  0	  0	 55	 54	 94	 59	  0	 78	  0	  0	  0	  0	  0	  0	  0	  0	  0	  0	  0	  5	15929	  1
04/02/2017	13:37:13	->	L	00000000	 10	 64	 56	 59	  0	187	  0	  4	  4	  5	  4	  4	  4	  4	  4	  0	  0	  0	  0	  0	  0	  0	  0	  0	  0	  0	  0	  0	  0	  0	  0	  0	  0	  0	  0	  0	  0	  0	  0	 59	 56	 86	 64	  0	 66	  0	  0	  0	  0	  0	  0	  0	  0	  0	  0	  0	  5	16186	  1
04/02/2017	13:42:13	->	L	00000000	 10	 66	 58	 60	  0	192	  0	  4	  4	  4	  4	  4	  4	  4	  4	  0	  0	  0	  0	  0	  0	  0	  0	  0	  0	  0	  0	  0	  0	  0	  0	  0	  0	  0	  0	  0	  0	  0	  0	 60	 58	 90	 66	  0	 66	  0	  0	  0	  0	  0	  0	  0	  0	  0	  0	  0	  5	16443	  1
04/02/2017	13:47:13	->	L	00000000	 10	 66	 59	 79	  0	197	  0	  4	  4	  4	  4	  4	  4	  4	  4	  0	  0	  0	  0	  0	  0	  0	  0	  0	  0	  0	  0	  0	  0	  0	  0	  0	  0	  0	  0	  0	  0	  0	  0	 59	 59	100	 66	  0	 70	  0	  0	  0	  0	  0	  0	  0	  0	  0	  0	  0	  5	16700	  1
04/02/2017	13:52:13	->	L	00000000	 10	 65	 60	 81	  0	202	  0	  4	  4	  4	  4	  4	  4	  4	  4	  0	  0	  0	  0	  0	  0	  0	  0	  0	  0	  0	  0	  0	  0	  0	  0	  0	  0	  0	  0	  0	  0	  0	  0	 59	 60	100	 65	  0	 79	  0	  0	  0	  0	  0	  0	  0	  0	  0	  0	  0	  5	16957	  1
04/02/2017	13:57:13	->	L	00000000	 10	 65	 60	 79	  0	207	  0	  4	  4	  4	  4	  4	  4	  4	  4	  0	  0	  0	  0	  0	  0	  0	  0	  0	  0	  0	  0	  0	  0	  0	  0	  0	  0	  0	  0	  0	  0	  0	  0	 60	 60	100	 65	  0	 79	  0	  0	  0	  0	  0	  0	  0	  0	  0	  0	  0	  5	17214	  1
04/02/2017	14:02:13	->	L	00000000	 10	 69	 60	 60	  0	212	  0	  4	  4	  4	  4	  4	  4	  4	  4	  0	  0	  0	  0	  0	  0	  0	  0	  0	  0	  0	  0	  0	  0	  0	  0	  0	  0	  0	  0	  0	  0	  0	  0	 62	 60	 90	 69	  0	 64	  0	  0	  0	  0	  0	  0	  0	  0	  0	  0	  0	  5	17214	  1
04/02/2017	14:07:13	->	L	00000000	 10	 70	 60	 67	  0	217	  0	  4	  4	  4	  4	  4	  4	  4	  4	  0	  0	  0	  0	  0	  0	  0	  0	  0	  0	  0	  0	  0	  0	  0	  0	  0	  0	  0	  0	  0	  0	  0	  0	 62	 60	 90	 70	  0	 60	  0	  0	  0	  0	  0	  0	  0	  0	  0	  0	  0	  5	17471	  1
04/02/2017	14:12:13	->	L	00000000	 10	 71	 63	 71	  0	222	  0	  4	  4	  4	  4	  4	  4	  4	  4	  0	  0	  0	  0	  0	  0	  0	  0	  0	  0	  0	  0	  0	  0	  0	  0	  0	  0	  0	  0	  0	  0	  0	  0	 64	 63	 95	 71	  0	 68	  0	  0	  0	  0	  0	  0	  0	  0	  0	  0	  0	  5	17728	  1
04/02/2017	14:17:13	->	L	00000000	 10	 71	 64	 71	  0	227	  0	  4	  4	  4	  4	  4	  4	  4	  4	  0	  0	  0	  0	  0	  0	  0	  0	  0	  0	  0	  0	  0	  0	  0	  0	  0	  0	  0	  0	  0	  0	  0	  0	 65	 64	 95	 71	  0	 71	  0	  0	  0	  0	  0	  0	  0	  0	  0	  0	  0	  5	17985	  1
04/02/2017	14:22:13	->	L	00000000	 10	 69	 65	 87	  0	232	  0	  4	  4	  4	  4	  4	  4	  4	  4	  0	  0	  0	  0	  0	  0	  0	  0	  0	  0	  0	  0	  0	  0	  0	  0	  0	  0	  0	  0	  0	  0	  0	  0	 65	 65	100	 69	  0	 82	  0	  0	  0	  0	  0	  0	  0	  0	  0	  0	  0	  5	18242	  1
04/02/2017	14:27:13	->	L	00000000	 10	 70	 65	 74	  0	237	  0	  4	  4	  4	  4	  4	  4	  4	  4	  0	  0	  0	  0	  0	  0	  0	  0	  0	  0	  0	  0	  0	  0	  0	  0	  0	  0	  0	  0	  0	  0	  0	  0	 66	 65	 95	 70	  0	 80	  0	  0	  0	  0	  0	  0	  0	  0	  0	  0	  0	  5	18499	  1
04/02/2017	14:32:14	->	L	00000000	 10	 71	 66	 80	  0	242	  0	  4	  4	  4	  4	  4	  4	  4	  4	  0	  0	  0	  0	  0	  0	  0	  0	  0	  0	  0	  0	  0	  0	  0	  0	  0	  0	  0	  0	  0	  0	  0	  0	 68	 66	 91	 71	  0	 80	  0	  0	  0	  0	  0	  0	  0	  0	  0	  0	  0	  5	18756	  1
04/02/2017	14:37:14	<-	L	00000000	 10	 72	 65	 68	  0	247	  0	  4	  4	  4	  4	  4	  4	  4	  4	  0	  0	  0	  0	  0	  0	  0	  0	  0	  0	  0	  0	  0	  0	  0	  0	  0	  0	  0	  0	  0	  0	  0	  0	 72	 65	 72	 67	  0	 91	  0	  0	  0	  0	  0	  0	  0	  0	  0	  0	  0	  5	19013	  1
04/02/2017	14:42:14	<-	L	00000000	 10	 73	 66	 72	  0	252	  0	  4	  4	  4	  4	  4	  4	  4	  4	  0	  0	  0	  0	  0	  0	  0	  0	  0	  0	  0	  0	  0	  0	  0	  0	  0	  0	  0	  0	  0	  0	  0	  0	 73	 66	 72	 67	  0	 95	  0	  0	  0	  0	  0	  0	  0	  0	  0	  0	  0	  5	19270	  1
04/02/2017	14:47:13	<-	L	00000000	 10	 75	 67	 66	  0	257	  0	  4	  4	  4	  4	  4	  4	  4	  4	  0	  0	  0	  0	  0	  0	  0	  0	  0	  0	  0	  0	  0	  0	  0	  0	  0	  0	  0	  0	  0	  0	  0	  0	 75	 67	 69	 68	  0	 95	  0	  0	  0	  0	  0	  0	  0	  0	  0	  0	  0	  5	19527	  1
04/02/2017	14:52:13	<-	L	00000000	 10	 76	 68	 69	  0	262	  0	  4	  4	  4	  4	  4	  4	  4	  4	  0	  0	  0	  0	  0	  0	  0	  0	  0	  0	  0	  0	  0	  0	  0	  0	  0	  0	  0	  0	  0	  0	  0	  0	 76	 68	 69	 68	  0	100	  0	  0	  0	  0	  0	  0	  0	  0	  0	  0	  0	  5	19784	  1
04/02/2017	14:57:13	<-	L	00000000	 10	 76	 68	 66	  0	267	  0	  4	  4	  4	  4	  4	  4	  4	  4	  0	  0	  0	  0	  0	  0	  0	  0	  0	  0	  0	  0	  0	  0	  0	  0	  0	  0	  0	  0	  0	  0	  0	  0	 76	 68	 69	 69	  0	 95	  0	  0	  0	  0	  0	  0	  0	  0	  0	  0	  0	  5	20041	  1
04/02/2017	15:02:13	<-	L	00000000	 10	 77	 69	 69	  0	272	  0	  4	  4	  4	  4	  4	  4	  4	  4	  0	  0	  0	  0	  0	  0	  0	  0	  0	  0	  0	  0	  0	  0	  0	  0	  0	  0	  0	  0	  0	  0	  0	  0	 77	 69	 69	 70	  0	 95	  0	  0	  0	  0	  0	  0	  0	  0	  0	  0	  0	  5	20298	  1
04/02/2017	15:07:14	<-	L	00000000	 10	 80	 70	 63	  0	277	  0	  4	  4	  4	  4	  4	  4	  4	  4	  0	  0	  0	  0	  0	  0	  0	  0	  0	  0	  0	  0	  0	  0	  0	  0	  0	  0	  0	  0	  0	  0	  0	  0	 80	 70	 63	 71	  0	 95	  0	  0	  0	  0	  0	  0	  0	  0	  0	  0	  0	  5	20555	  1
04/02/2017	15:12:14	<-	L	00000000	 10	 74	 70	 83	  0	282	  0	  4	  4	  4	  4	  4	  4	  4	  4	  0	  0	  0	  0	  0	  0	  0	  0	  0	  0	  0	  0	  0	  0	  0	  0	  0	  0	  0	  0	  0	  0	  0	  0	 74	 70	 83	 70	  0	100	  0	  0	  0	  0	  0	  0	  0	  0	  0	  0	  0	  5	20812	  1
04/02/2017	15:17:14	<-	L	00000000	 10	 71	 69	 91	  0	287	  0	  4	  4	  4	  4	  4	  4	  4	  4	  0	  0	  0	  0	  0	  0	  0	  0	  0	  0	  0	  0	  0	  0	  0	  0	  0	  0	  0	  0	  0	  0	  0	  0	 71	 69	 91	 69	  0	100	  0	  0	  0	  0	  0	  0	  0	  0	  0	  0	  0	  5	21069	  1
04/02/2017	15:22:14	<-	L	00000000	 10	 82	 71	 64	  0	292	  0	  4	  4	  4	  4	  4	  4	  4	  4	  0	  0	  0	  0	  0	  0	  0	  0	  0	  0	  0	  0	  0	  0	  0	  0	  0	  0	  0	  0	  0	  0	  0	  0	 82	 71	 61	 72	  0	 95	  0	  0	  0	  0	  0	  0	  0	  0	  0	  0	  0	  5	21326	  1
04/02/2017	15:27:14	<-	L	00000000	 10	 83	 72	 61	  0	297	  0	  4	  4	  4	  4	  4	  4	  4	  4	  0	  0	  0	  0	  0	  0	  0	  0	  0	  0	  0	  0	  0	  0	  0	  0	  0	  0	  0	  0	  0	  0	  0	  0	 83	 72	 61	 73	  0	 95	  0	  0	  0	  0	  0	  0	  0	  0	  0	  0	  0	  5	21583	  1
04/02/2017	15:32:14	<-	L	00000000	 21	 81	 73	 67	  0	  2	  0	  4	  4	  4	  4	  4	  4	  4	  4	  0	  0	  0	  0	  0	  0	  0	  0	  0	  0	  0	  0	  0	  0	  0	  0	  0	  0	  0	  0	  0	  0	  0	  0	 81	 73	 67	 74	  0	 95	  0	  0	  0	  0	  0	  0	  0	  0	  0	  0	  0	  5	19268	  0
04/02/2017	15:37:14	<-	L	00000000	 21	 77	 71	 76	  0	  7	  0	  4	  4	  4	  4	  4	  4	  4	  4	  0	  0	  0	  0	  0	  0	  0	  0	  0	  0	  0	  0	  0	  0	  0	  0	  0	  0	  0	  0	  0	  0	  0	  0	 77	 71	 76	 72	  0	 95	  0	  0	  0	  0	  0	  0	  0	  0	  0	  0	  0	  5	19268	  0
04/02/2017	15:42:14	<-	L	00000000	 21	 77	 70	 75	  0	 12	  0	  4	  4	  4	  4	  4	  4	  4	  4	  0	  0	  0	  0	  0	  0	  0	  0	  0	  0	  0	  0	  0	  0	  0	  0	  0	  0	  0	  0	  0	  0	  0	  0	 77	 70	 73	 71	  0	 95	  0	  0	  0	  0	  0	  0	  0	  0	  0	  0	  0	  5	19268	  0
04/02/2017	15:47:14	<-	L	00000000	 21	 74	 70	 83	  0	 17	  0	  4	  4	  4	  4	  4	  4	  4	  4	  0	  0	  0	  0	  0	  0	  0	  0	  0	  0	  0	  0	  0	  0	  0	  0	  0	  0	  0	  0	  0	  0	  0	  0	 74	 70	 83	 71	  0	 95	  0	  0	  0	  0	  0	  0	  0	  0	  0	  0	  0	  5	19268	  0
04/02/2017	15:52:14	<-	L	00000000	 21	 82	 70	 58	  0	 22	  0	  4	  4	  4	  4	  4	  4	  4	  4	  0	  0	  0	  0	  0	  0	  0	  0	  0	  0	  0	  0	  0	  0	  0	  0	  0	  0	  0	  0	  0	  0	  0	  0	 82	 70	 58	 72	  0	 91	  0	  0	  0	  0	  0	  0	  0	  0	  0	  0	  0	  5	21828	  0
04/02/2017	15:57:14	<-	L	00000000	 21	 82	 70	 58	  0	 27	  0	  4	  4	  4	  4	  4	  4	  4	  4	  0	  0	  0	  0	  0	  0	  0	  0	  0	  0	  0	  0	  0	  0	  0	  0	  0	  0	  0	  0	  0	  0	  0	  0	 82	 70	 58	 72	  0	 91	  0	  0	  0	  0	  0	  0	  0	  0	  0	  0	  0	  5	21828	  0
