09/05/2017	09:42:42	->	L	00000000	 27	 81	 60	 35	  0	114	  0	  4	  4	  4	  4	  4	  4	  4	  4	  0	  0	  0	  0	  0	  0	  0	  0	  0	  0	  0	  0	  0	  0	  0	  0	  0	  0	  0	  0	  0	  0	  0	  0	 69	 60	 64	 81	  0	 35	  0	  0	  0	  0	  0	  0	  0	  0	  0	  0	  0	  5	21820	  0
09/05/2017	09:47:30	->	L	00000000	 27	 81	 60	 35	  0	119	  0	  4	  4	  4	  4	  4	  4	  4	  4	  0	  0	  0	  0	  0	  0	  0	  0	  0	  0	  0	  0	  0	  0	  0	  0	  0	  0	  0	  0	  0	  0	  0	  0	 69	 60	 64	 81	  0	 35	  0	  0	  0	  0	  0	  0	  0	  0	  0	  0	  0	  5	21820	  0
09/05/2017	09:52:30	->	L	00000000	 27	 81	 60	 35	  0	124	  0	  4	  4	  4	  4	  4	  4	  4	  4	  0	  0	  0	  0	  0	  0	  0	  0	  0	  0	  0	  0	  0	  0	  0	  0	  0	  0	  0	  0	  0	  0	  0	  0	 70	 60	 60	 81	  0	 35	  0	  0	  0	  0	  0	  0	  0	  0	  0	  0	  0	  5	21820	  0
09/05/2017	09:57:30	->	L	00000000	 27	 81	 60	 34	  0	129	  0	  4	  4	  4	  4	  4	  4	  4	  4	  0	  0	  0	  0	  0	  0	  0	  0	  0	  0	  0	  0	  0	  0	  0	  0	  0	  0	  0	  0	  0	  0	  0	  0	 70	 60	 60	 81	  0	 35	  0	  0	  0	  0	  0	  0	  0	  0	  0	  0	  0	  5	21820	  0
09/05/2017	10:02:30	<-	L	00000000	 27	 87	 63	 33	  0	134	  0	  4	  4	  4	  4	  4	  4	  4	  4	  0	  0	  0	  0	  0	  0	  0	  0	  0	  0	  0	  0	  0	  0	  0	  0	  0	  0	  0	  0	  0	  0	  0	  0	 87	 63	 33	 74	  0	 58	  0	  0	  0	  0	  0	  0	  0	  0	  0	  0	  0	  5	21820	  0
09/05/2017	10:07:30	<-	L	00000000	 27	 85	 61	 32	  0	139	  0	  4	  4	  4	  4	  4	  4	  4	  4	  0	  0	  0	  0	  0	  0	  0	  0	  0	  0	  0	  0	  0	  0	  0	  0	  0	  0	  0	  0	  0	  0	  0	  0	 85	 61	 32	 71	  0	 61	  0	  0	  0	  0	  0	  0	  0	  0	  0	  0	  0	  5	21820	  0
09/05/2017	10:12:30	<-	L	00000000	 27	 85	 61	 32	  0	144	  0	  4	  4	  4	  4	  4	  4	  4	  4	  0	  0	  0	  0	  0	  0	  0	  0	  0	  0	  0	  0	  0	  0	  0	  0	  0	  0	  0	  0	  0	  0	  0	  0	 85	 61	 32	 70	  0	 64	  0	  0	  0	  0	  0	  0	  0	  0	  0	  0	  0	  5	21820	  0
09/05/2017	10:17:30	<-	L	00000000	 27	 86	 61	 30	  0	149	  0	  4	  4	  4	  4	  4	  4	  4	  4	  0	  0	  0	  0	  0	  0	  0	  0	  0	  0	  0	  0	  0	  0	  0	  0	  0	  0	  0	  0	  0	  0	  0	  0	 86	 61	 30	 70	  0	 64	  0	  0	  0	  0	  0	  0	  0	  0	  0	  0	  0	  5	21820	  0
09/05/2017	10:22:30	<-	L	00000000	 27	 86	 60	 30	  0	154	  0	  4	  4	  4	  4	  4	  4	  4	  4	  0	  0	  0	  0	  0	  0	  0	  0	  0	  0	  0	  0	  0	  0	  0	  0	  0	  0	  0	  0	  0	  0	  0	  0	 86	 60	 30	 70	  0	 60	  0	  0	  0	  0	  0	  0	  0	  0	  0	  0	  0	  5	21820	  0
09/05/2017	10:27:30	<-	L	00000000	 27	 86	 61	 30	  0	159	  0	  4	  4	  4	  4	  4	  4	  4	  4	  0	  0	  0	  0	  0	  0	  0	  0	  0	  0	  0	  0	  0	  0	  0	  0	  0	  0	  0	  0	  0	  0	  0	  0	 86	 61	 30	 70	  0	 64	  0	  0	  0	  0	  0	  0	  0	  0	  0	  0	  0	  5	21820	  0
09/05/2017	10:32:30	<-	L	00000000	 27	 86	 60	 30	  0	164	  0	  4	  4	  4	  4	  4	  4	  4	  4	  0	  0	  0	  0	  0	  0	  0	  0	  0	  0	  0	  0	  0	  0	  0	  0	  0	  0	  0	  0	  0	  0	  0	  0	 86	 60	 30	 70	  0	 60	  0	  0	  0	  0	  0	  0	  0	  0	  0	  0	  0	  5	21820	  0
09/05/2017	10:37:30	<-	L	00000000	 27	 85	 60	 32	  0	169	  0	  4	  4	  4	  4	  4	  4	  4	  4	  0	  0	  0	  0	  0	  0	  0	  0	  0	  0	  0	  0	  0	  0	  0	  0	  0	  0	  0	  0	  0	  0	  0	  0	 85	 60	 30	 69	  0	 64	  0	  0	  0	  0	  0	  0	  0	  0	  0	  0	  0	  5	21820	  0
09/05/2017	10:42:30	<-	L	00000000	 27	 84	 60	 32	  0	174	  0	  4	  4	  4	  4	  4	  4	  4	  4	  0	  0	  0	  0	  0	  0	  0	  0	  0	  0	  0	  0	  0	  0	  0	  0	  0	  0	  0	  0	  0	  0	  0	  0	 84	 60	 32	 69	  0	 64	  0	  0	  0	  0	  0	  0	  0	  0	  0	  0	  0	  5	21820	  0
09/05/2017	10:47:30	<-	L	00000000	 27	 85	 60	 32	  0	179	  0	  4	  4	  4	  4	  4	  4	  4	  4	  0	  0	  0	  0	  0	  0	  0	  0	  0	  0	  0	  0	  0	  0	  0	  0	  0	  0	  0	  0	  0	  0	  0	  0	 85	 60	 30	 69	  0	 64	  0	  0	  0	  0	  0	  0	  0	  0	  0	  0	  0	  5	21820	  0
09/05/2017	10:52:30	<-	L	00000000	 27	 83	 60	 32	  0	184	  0	  4	  4	  4	  4	  4	  4	  4	  4	  0	  0	  0	  0	  0	  0	  0	  0	  0	  0	  0	  0	  0	  0	  0	  0	  0	  0	  0	  0	  0	  0	  0	  0	 83	 60	 32	 69	  0	 64	  0	  0	  0	  0	  0	  0	  0	  0	  0	  0	  0	  5	21820	  0
09/05/2017	10:57:30	<-	L	00000000	 27	 84	 60	 32	  0	189	  0	  4	  4	  4	  4	  4	  4	  4	  4	  0	  0	  0	  0	  0	  0	  0	  0	  0	  0	  0	  0	  0	  0	  0	  0	  0	  0	  0	  0	  0	  0	  0	  0	 84	 60	 32	 69	  0	 64	  0	  0	  0	  0	  0	  0	  0	  0	  0	  0	  0	  5	21820	  0
09/05/2017	11:02:30	<-	L	00000000	 27	 83	 60	 34	  0	194	  0	  4	  4	  4	  4	  4	  4	  4	  4	  0	  0	  0	  0	  0	  0	  0	  0	  0	  0	  0	  0	  0	  0	  0	  0	  0	  0	  0	  0	  0	  0	  0	  0	 83	 60	 32	 69	  0	 64	  0	  0	  0	  0	  0	  0	  0	  0	  0	  0	  0	  5	21820	  0
09/05/2017	11:07:30	<-	L	00000000	 27	 85	 60	 30	  0	199	  0	  4	  4	  4	  4	  4	  4	  4	  4	  0	  0	  0	  0	  0	  0	  0	  0	  0	  0	  0	  0	  0	  0	  0	  0	  0	  0	  0	  0	  0	  0	  0	  0	 85	 60	 30	 69	  0	 64	  0	  0	  0	  0	  0	  0	  0	  0	  0	  0	  0	  5	21820	  0
09/05/2017	11:12:30	<-	L	00000000	 27	 84	 60	 32	  0	204	  0	  4	  4	  4	  4	  4	  4	  4	  4	  0	  0	  0	  0	  0	  0	  0	  0	  0	  0	  0	  0	  0	  0	  0	  0	  0	  0	  0	  0	  0	  0	  0	  0	 84	 60	 32	 69	  0	 64	  0	  0	  0	  0	  0	  0	  0	  0	  0	  0	  0	  5	21820	  0
09/05/2017	11:17:30	<-	L	00000000	 27	 84	 60	 32	  0	209	  0	  4	  4	  4	  4	  4	  4	  4	  4	  0	  0	  0	  0	  0	  0	  0	  0	  0	  0	  0	  0	  0	  0	  0	  0	  0	  0	  0	  0	  0	  0	  0	  0	 84	 60	 32	 69	  0	 64	  0	  0	  0	  0	  0	  0	  0	  0	  0	  0	  0	  5	21820	  0
09/05/2017	11:22:30	<-	L	00000000	 27	 85	 60	 32	  0	214	  0	  4	  4	  4	  4	  4	  4	  4	  4	  0	  0	  0	  0	  0	  0	  0	  0	  0	  0	  0	  0	  0	  0	  0	  0	  0	  0	  0	  0	  0	  0	  0	  0	 85	 60	 30	 69	  0	 64	  0	  0	  0	  0	  0	  0	  0	  0	  0	  0	  0	  5	21820	  0
09/05/2017	11:27:30	<-	L	00000000	 27	 83	 60	 32	  0	219	  0	  4	  4	  4	  4	  4	  4	  4	  4	  0	  0	  0	  0	  0	  0	  0	  0	  0	  0	  0	  0	  0	  0	  0	  0	  0	  0	  0	  0	  0	  0	  0	  0	 83	 60	 32	 69	  0	 64	  0	  0	  0	  0	  0	  0	  0	  0	  0	  0	  0	  5	21820	  0
09/05/2017	11:32:30	<-	L	00000000	 27	 84	 60	 30	  0	224	  0	  4	  4	  4	  4	  4	  4	  4	  4	  0	  0	  0	  0	  0	  0	  0	  0	  0	  0	  0	  0	  0	  0	  0	  0	  0	  0	  0	  0	  0	  0	  0	  0	 84	 60	 32	 69	  0	 64	  0	  0	  0	  0	  0	  0	  0	  0	  0	  0	  0	  5	21820	  0
09/05/2017	11:37:31	<-	L	00000000	 27	 84	 60	 32	  0	229	  0	  4	  4	  4	  4	  4	  4	  4	  4	  0	  0	  0	  0	  0	  0	  0	  0	  0	  0	  0	  0	  0	  0	  0	  0	  0	  0	  0	  0	  0	  0	  0	  0	 84	 60	 32	 69	  0	 64	  0	  0	  0	  0	  0	  0	  0	  0	  0	  0	  0	  5	21820	  0
09/05/2017	11:42:30	<-	L	00000000	 27	 84	 60	 32	  0	234	  0	  4	  4	  4	  4	  4	  4	  4	  4	  0	  0	  0	  0	  0	  0	  0	  0	  0	  0	  0	  0	  0	  0	  0	  0	  0	  0	  0	  0	  0	  0	  0	  0	 84	 60	 32	 69	  0	 64	  0	  0	  0	  0	  0	  0	  0	  0	  0	  0	  0	  5	21820	  0
09/05/2017	11:47:30	<-	L	00000000	 27	 83	 60	 32	  0	239	  0	  4	  4	  4	  4	  4	  4	  4	  4	  0	  0	  0	  0	  0	  0	  0	  0	  0	  0	  0	  0	  0	  0	  0	  0	  0	  0	  0	  0	  0	  0	  0	  0	 83	 60	 32	 69	  0	 64	  0	  0	  0	  0	  0	  0	  0	  0	  0	  0	  0	  5	21820	  0
09/05/2017	11:52:30	<-	L	00000000	 27	 84	 60	 32	  0	244	  0	  4	  4	  4	  4	  4	  4	  4	  4	  0	  0	  0	  0	  0	  0	  0	  0	  0	  0	  0	  0	  0	  0	  0	  0	  0	  0	  0	  0	  0	  0	  0	  0	 84	 60	 32	 69	  0	 64	  0	  0	  0	  0	  0	  0	  0	  0	  0	  0	  0	  5	21820	  0
09/05/2017	11:57:30	<-	L	00000000	 27	 84	 60	 30	  0	249	  0	  4	  4	  4	  4	  4	  4	  4	  4	  0	  0	  0	  0	  0	  0	  0	  0	  0	  0	  0	  0	  0	  0	  0	  0	  0	  0	  0	  0	  0	  0	  0	  0	 84	 60	 32	 69	  0	 64	  0	  0	  0	  0	  0	  0	  0	  0	  0	  0	  0	  5	21820	  0
09/05/2017	12:02:30	<-	L	00000000	 27	 84	 60	 32	  0	254	  0	  4	  4	  4	  4	  4	  4	  4	  4	  0	  0	  0	  0	  0	  0	  0	  0	  0	  0	  0	  0	  0	  0	  0	  0	  0	  0	  0	  0	  0	  0	  0	  0	 84	 60	 32	 69	  0	 64	  0	  0	  0	  0	  0	  0	  0	  0	  0	  0	  0	  5	21820	  0
09/05/2017	12:07:30	<-	L	00000000	 27	 84	 60	 32	  0	259	  0	  4	  4	  4	  4	  4	  4	  4	  4	  0	  0	  0	  0	  0	  0	  0	  0	  0	  0	  0	  0	  0	  0	  0	  0	  0	  0	  0	  0	  0	  0	  0	  0	 84	 60	 32	 69	  0	 64	  0	  0	  0	  0	  0	  0	  0	  0	  0	  0	  0	  5	21820	  0
09/05/2017	12:12:30	<-	L	00000000	 27	 84	 60	 32	  0	264	  0	  4	  4	  4	  4	  4	  4	  4	  4	  0	  0	  0	  0	  0	  0	  0	  0	  0	  0	  0	  0	  0	  0	  0	  0	  0	  0	  0	  0	  0	  0	  0	  0	 84	 60	 32	 69	  0	 64	  0	  0	  0	  0	  0	  0	  0	  0	  0	  0	  0	  5	21820	  0
09/05/2017	12:17:30	<-	L	00000000	 27	 84	 60	 32	  0	269	  0	  4	  4	  4	  4	  4	  4	  4	  4	  0	  0	  0	  0	  0	  0	  0	  0	  0	  0	  0	  0	  0	  0	  0	  0	  0	  0	  0	  0	  0	  0	  0	  0	 84	 60	 32	 69	  0	 64	  0	  0	  0	  0	  0	  0	  0	  0	  0	  0	  0	  5	21820	  0
09/05/2017	12:22:30	<-	L	00000000	 27	 84	 60	 32	  0	274	  0	  4	  4	  4	  4	  4	  4	  4	  4	  0	  0	  0	  0	  0	  0	  0	  0	  0	  0	  0	  0	  0	  0	  0	  0	  0	  0	  0	  0	  0	  0	  0	  0	 84	 60	 32	 69	  0	 64	  0	  0	  0	  0	  0	  0	  0	  0	  0	  0	  0	  5	21820	  0
09/05/2017	12:27:30	<-	L	00000000	 27	 84	 60	 32	  0	279	  0	  4	  4	  4	  4	  4	  4	  4	  4	  0	  0	  0	  0	  0	  0	  0	  0	  0	  0	  0	  0	  0	  0	  0	  0	  0	  0	  0	  0	  0	  0	  0	  0	 84	 60	 32	 69	  0	 64	  0	  0	  0	  0	  0	  0	  0	  0	  0	  0	  0	  5	21820	  0
09/05/2017	12:32:30	<-	L	00000000	 27	 84	 60	 32	  0	284	  0	  4	  4	  4	  4	  4	  4	  4	  4	  0	  0	  0	  0	  0	  0	  0	  0	  0	  0	  0	  0	  0	  0	  0	  0	  0	  0	  0	  0	  0	  0	  0	  0	 84	 60	 32	 69	  0	 64	  0	  0	  0	  0	  0	  0	  0	  0	  0	  0	  0	  5	21820	  0
09/05/2017	12:37:30	<-	L	00000000	 27	 83	 60	 32	  0	289	  0	  4	  4	  4	  4	  4	  4	  4	  4	  0	  0	  0	  0	  0	  0	  0	  0	  0	  0	  0	  0	  0	  0	  0	  0	  0	  0	  0	  0	  0	  0	  0	  0	 83	 60	 32	 69	  0	 64	  0	  0	  0	  0	  0	  0	  0	  0	  0	  0	  0	  5	21820	  0
09/05/2017	12:42:30	<-	L	00000000	 27	 83	 60	 32	  0	294	  0	  4	  4	  4	  4	  4	  4	  4	  4	  0	  0	  0	  0	  0	  0	  0	  0	  0	  0	  0	  0	  0	  0	  0	  0	  0	  0	  0	  0	  0	  0	  0	  0	 83	 60	 32	 69	  0	 64	  0	  0	  0	  0	  0	  0	  0	  0	  0	  0	  0	  5	21820	  0
09/05/2017	12:47:30	<-	L	00000000	 27	 82	 60	 32	  0	299	  0	  4	  4	  4	  4	  4	  4	  4	  4	  0	  0	  0	  0	  0	  0	  0	  0	  0	  0	  0	  0	  0	  0	  0	  0	  0	  0	  0	  0	  0	  0	  0	  0	 82	 60	 34	 69	  0	 64	  0	  0	  0	  0	  0	  0	  0	  0	  0	  0	  0	  5	21820	  0
09/05/2017	12:52:30	<-	L	00000000	 27	 82	 60	 32	  0	304	  0	  4	  4	  4	  4	  4	  4	  4	  4	  0	  0	  0	  0	  0	  0	  0	  0	  0	  0	  0	  0	  0	  0	  0	  0	  0	  0	  0	  0	  0	  0	  0	  0	 82	 60	 34	 69	  0	 64	  0	  0	  0	  0	  0	  0	  0	  0	  0	  0	  0	  5	21820	  0
09/05/2017	12:57:30	<-	L	00000000	 27	 83	 60	 32	  0	309	  0	  4	  4	  4	  4	  4	  4	  4	  4	  0	  0	  0	  0	  0	  0	  0	  0	  0	  0	  0	  0	  0	  0	  0	  0	  0	  0	  0	  0	  0	  0	  0	  0	 83	 60	 32	 69	  0	 64	  0	  0	  0	  0	  0	  0	  0	  0	  0	  0	  0	  5	21820	  0
09/05/2017	13:02:30	<-	L	00000000	 27	 83	 60	 32	  0	314	  0	  4	  4	  4	  4	  4	  4	  4	  4	  0	  0	  0	  0	  0	  0	  0	  0	  0	  0	  0	  0	  0	  0	  0	  0	  0	  0	  0	  0	  0	  0	  0	  0	 83	 60	 32	 69	  0	 64	  0	  0	  0	  0	  0	  0	  0	  0	  0	  0	  0	  5	21820	  0
09/05/2017	13:07:30	<-	L	00000000	 27	 82	 60	 32	  0	319	  0	  4	  4	  4	  4	  4	  4	  4	  4	  0	  0	  0	  0	  0	  0	  0	  0	  0	  0	  0	  0	  0	  0	  0	  0	  0	  0	  0	  0	  0	  0	  0	  0	 82	 60	 34	 69	  0	 64	  0	  0	  0	  0	  0	  0	  0	  0	  0	  0	  0	  5	21820	  0
09/05/2017	13:12:30	<-	L	00000000	 27	 83	 60	 32	  0	324	  0	  4	  4	  4	  4	  4	  4	  4	  4	  0	  0	  0	  0	  0	  0	  0	  0	  0	  0	  0	  0	  0	  0	  0	  0	  0	  0	  0	  0	  0	  0	  0	  0	 83	 60	 32	 70	  0	 60	  0	  0	  0	  0	  0	  0	  0	  0	  0	  0	  0	  5	21820	  0
09/05/2017	13:17:30	<-	L	00000000	 27	 82	 59	 32	  0	329	  0	  4	  4	  4	  4	  4	  4	  4	  4	  0	  0	  0	  0	  0	  0	  0	  0	  0	  0	  0	  0	  0	  0	  0	  0	  0	  0	  0	  0	  0	  0	  0	  0	 82	 59	 31	 69	  0	 60	  0	  0	  0	  0	  0	  0	  0	  0	  0	  0	  0	  5	21820	  0
09/05/2017	13:22:30	<-	L	00000000	 27	 84	 60	 32	  0	334	  0	  4	  4	  4	  4	  4	  4	  4	  4	  0	  0	  0	  0	  0	  0	  0	  0	  0	  0	  0	  0	  0	  0	  0	  0	  0	  0	  0	  0	  0	  0	  0	  0	 84	 60	 32	 70	  0	 60	  0	  0	  0	  0	  0	  0	  0	  0	  0	  0	  0	  5	21820	  0
09/05/2017	13:27:30	<-	L	00000000	 27	 83	 59	 32	  0	339	  0	  4	  4	  4	  4	  4	  4	  4	  4	  0	  0	  0	  0	  0	  0	  0	  0	  0	  0	  0	  0	  0	  0	  0	  0	  0	  0	  0	  0	  0	  0	  0	  0	 83	 59	 31	 70	  0	 57	  0	  0	  0	  0	  0	  0	  0	  0	  0	  0	  0	  5	21820	  0
09/05/2017	13:32:30	<-	L	00000000	 27	 82	 59	 31	  0	344	  0	  4	  4	  4	  4	  4	  4	  4	  4	  0	  0	  0	  0	  0	  0	  0	  0	  0	  0	  0	  0	  0	  0	  0	  0	  0	  0	  0	  0	  0	  0	  0	  0	 82	 59	 31	 70	  0	 57	  0	  0	  0	  0	  0	  0	  0	  0	  0	  0	  0	  5	21820	  0
09/05/2017	13:37:30	<-	L	00000000	 27	 82	 60	 32	  0	349	  0	  4	  4	  4	  4	  4	  4	  4	  4	  0	  0	  0	  0	  0	  0	  0	  0	  0	  0	  0	  0	  0	  0	  0	  0	  0	  0	  0	  0	  0	  0	  0	  0	 82	 60	 34	 70	  0	 60	  0	  0	  0	  0	  0	  0	  0	  0	  0	  0	  0	  5	21820	  0
09/05/2017	13:42:30	<-	L	00000000	 27	 83	 59	 32	  0	354	  0	  4	  4	  4	  4	  4	  4	  4	  4	  0	  0	  0	  0	  0	  0	  0	  0	  0	  0	  0	  0	  0	  0	  0	  0	  0	  0	  0	  0	  0	  0	  0	  0	 83	 59	 31	 70	  0	 57	  0	  0	  0	  0	  0	  0	  0	  0	  0	  0	  0	  5	21820	  0
09/05/2017	13:47:30	<-	L	00000000	 27	 83	 59	 31	  0	359	  0	  4	  4	  4	  4	  4	  4	  4	  4	  0	  0	  0	  0	  0	  0	  0	  0	  0	  0	  0	  0	  0	  0	  0	  0	  0	  0	  0	  0	  0	  0	  0	  0	 83	 59	 31	 70	  0	 57	  0	  0	  0	  0	  0	  0	  0	  0	  0	  0	  0	  5	21820	  0
09/05/2017	13:52:30	<-	L	00000000	 28	 82	 58	 29	  0	  3	  0	  4	  4	  4	  4	  4	  4	  4	  4	  0	  0	  0	  0	  0	  0	  0	  0	  0	  0	  0	  0	  0	  0	  0	  0	  0	  0	  0	  0	  0	  0	  0	  0	 82	 58	 31	 69	  0	 57	  0	  0	  0	  0	  0	  0	  0	  0	  0	  0	  0	  5	21816	  0
09/05/2017	13:57:30	<-	L	00000000	 28	 82	 57	 29	  0	  8	  0	  4	  4	  4	  4	  4	  4	  4	  4	  0	  0	  0	  0	  0	  0	  0	  0	  0	  0	  0	  0	  0	  0	  0	  0	  0	  0	  0	  0	  0	  0	  0	  0	 82	 57	 29	 69	  0	 54	  0	  0	  0	  0	  0	  0	  0	  0	  0	  0	  0	  5	21816	  0
09/05/2017	14:02:30	->	L	00000000	 28	 78	 57	 36	  0	 13	  0	  4	  4	  4	  4	  4	  4	  4	  4	  0	  0	  0	  0	  0	  0	  0	  0	  0	  0	  0	  0	  0	  0	  0	  0	  0	  0	  0	  0	  0	  0	  0	  0	 74	 57	 41	 78	  0	 33	  0	  0	  0	  0	  0	  0	  0	  0	  0	  0	  0	  5	21816	  0
09/05/2017	14:07:30	->	L	00000000	 28	 84	 59	 29	  0	 18	  0	  4	  4	  4	  4	  4	  4	  4	  4	  0	  0	  0	  0	  0	  0	  0	  0	  0	  0	  0	  0	  0	  0	  0	  0	  0	  0	  0	  0	  0	  0	  0	  0	 72	 59	 51	 84	  0	 29	  0	  0	  0	  0	  0	  0	  0	  0	  0	  0	  0	  5	21816	  0
09/05/2017	14:12:30	->	L	00000000	 28	 84	 57	 27	  0	 23	  0	  4	  4	  4	  4	  4	  4	  4	  4	  0	  0	  0	  0	  0	  0	  0	  0	  0	  0	  0	  0	  0	  0	  0	  0	  0	  0	  0	  0	  0	  0	  0	  0	 71	 57	 48	 84	  0	 27	  0	  0	  0	  0	  0	  0	  0	  0	  0	  0	  0	  5	21816	  0
09/05/2017	14:17:30	->	L	00000000	 28	 84	 57	 27	  0	 28	  0	  4	  4	  4	  4	  4	  4	  4	  4	  0	  0	  0	  0	  0	  0	  0	  0	  0	  0	  0	  0	  0	  0	  0	  0	  0	  0	  0	  0	  0	  0	  0	  0	 71	 57	 48	 84	  0	 27	  0	  0	  0	  0	  0	  0	  0	  0	  0	  0	  0	  5	21816	  0
09/05/2017	14:22:30	->	L	00000000	 28	 84	 57	 27	  0	 33	  0	  4	  4	  4	  4	  4	  4	  4	  4	  0	  0	  0	  0	  0	  0	  0	  0	  0	  0	  0	  0	  0	  0	  0	  0	  0	  0	  0	  0	  0	  0	  0	  0	 71	 57	 48	 84	  0	 27	  0	  0	  0	  0	  0	  0	  0	  0	  0	  0	  0	  5	21816	  0
09/05/2017	14:27:30	->	L	00000000	 28	 83	 57	 29	  0	 38	  0	  4	  4	  4	  4	  4	  4	  4	  4	  0	  0	  0	  0	  0	  0	  0	  0	  0	  0	  0	  0	  0	  0	  0	  0	  0	  0	  0	  0	  0	  0	  0	  0	 71	 57	 48	 83	  0	 29	  0	  0	  0	  0	  0	  0	  0	  0	  0	  0	  0	  5	21816	  0
09/05/2017	14:32:30	->	L	00000000	 28	 83	 57	 29	  0	 43	  0	  4	  4	  4	  4	  4	  4	  4	  4	  0	  0	  0	  0	  0	  0	  0	  0	  0	  0	  0	  0	  0	  0	  0	  0	  0	  0	  0	  0	  0	  0	  0	  0	 71	 57	 48	 83	  0	 29	  0	  0	  0	  0	  0	  0	  0	  0	  0	  0	  0	  5	21816	  0
09/05/2017	14:37:30	->	L	00000000	 28	 83	 56	 27	  0	 48	  0	  4	  4	  4	  4	  4	  4	  4	  4	  0	  0	  0	  0	  0	  0	  0	  0	  0	  0	  0	  0	  0	  0	  0	  0	  0	  0	  0	  0	  0	  0	  0	  0	 71	 56	 46	 83	  0	 27	  0	  0	  0	  0	  0	  0	  0	  0	  0	  0	  0	  5	21816	  0
09/05/2017	14:42:30	->	L	00000000	 28	 83	 56	 27	  0	 53	  0	  4	  4	  4	  4	  4	  4	  4	  4	  0	  0	  0	  0	  0	  0	  0	  0	  0	  0	  0	  0	  0	  0	  0	  0	  0	  0	  0	  0	  0	  0	  0	  0	 71	 56	 46	 83	  0	 27	  0	  0	  0	  0	  0	  0	  0	  0	  0	  0	  0	  5	21816	  0
09/05/2017	14:47:30	->	L	00000000	 28	 75	 56	 40	  0	 58	  0	  4	  4	  4	  4	  4	  4	  4	  4	  0	  0	  0	  0	  0	  0	  0	  0	  0	  0	  0	  0	  0	  0	  0	  0	  0	  0	  0	  0	  0	  0	  0	  0	 69	 56	 50	 75	  0	 37	  0	  0	  0	  0	  0	  0	  0	  0	  0	  0	  0	  5	21816	  0
09/05/2017	14:52:30	->	L	00000000	 28	 82	 56	 29	  0	 63	  0	  4	  4	  4	  4	  4	  4	  4	  4	  0	  0	  0	  0	  0	  0	  0	  0	  0	  0	  0	  0	  0	  0	  0	  0	  0	  0	  0	  0	  0	  0	  0	  0	 70	 56	 48	 82	  0	 29	  0	  0	  0	  0	  0	  0	  0	  0	  0	  0	  0	  5	21816	  0
09/05/2017	14:57:30	->	L	00000000	 28	 82	 56	 29	  0	 68	  0	  4	  4	  4	  4	  4	  4	  4	  4	  0	  0	  0	  0	  0	  0	  0	  0	  0	  0	  0	  0	  0	  0	  0	  0	  0	  0	  0	  0	  0	  0	  0	  0	 71	 56	 46	 82	  0	 29	  0	  0	  0	  0	  0	  0	  0	  0	  0	  0	  0	  5	21816	  0
09/05/2017	15:02:30	->	L	00000000	 28	 82	 56	 29	  0	 73	  0	  4	  4	  4	  4	  4	  4	  4	  4	  0	  0	  0	  0	  0	  0	  0	  0	  0	  0	  0	  0	  0	  0	  0	  0	  0	  0	  0	  0	  0	  0	  0	  0	 71	 56	 46	 82	  0	 29	  0	  0	  0	  0	  0	  0	  0	  0	  0	  0	  0	  5	21816	  0
09/05/2017	15:07:30	->	L	00000000	 28	 82	 56	 29	  0	 78	  0	  4	  4	  4	  4	  4	  4	  4	  4	  0	  0	  0	  0	  0	  0	  0	  0	  0	  0	  0	  0	  0	  0	  0	  0	  0	  0	  0	  0	  0	  0	  0	  0	 71	 56	 46	 82	  0	 29	  0	  0	  0	  0	  0	  0	  0	  0	  0	  0	  0	  5	21816	  0
09/05/2017	15:12:30	->	L	00000000	 28	 82	 56	 29	  0	 83	  0	  4	  4	  4	  4	  4	  4	  4	  4	  0	  0	  0	  0	  0	  0	  0	  0	  0	  0	  0	  0	  0	  0	  0	  0	  0	  0	  0	  0	  0	  0	  0	  0	 71	 56	 46	 82	  0	 29	  0	  0	  0	  0	  0	  0	  0	  0	  0	  0	  0	  5	21816	  0
09/05/2017	15:17:30	->	L	00000000	 28	 82	 56	 29	  0	 88	  0	  4	  4	  4	  4	  4	  4	  4	  4	  0	  0	  0	  0	  0	  0	  0	  0	  0	  0	  0	  0	  0	  0	  0	  0	  0	  0	  0	  0	  0	  0	  0	  0	 71	 56	 46	 82	  0	 29	  0	  0	  0	  0	  0	  0	  0	  0	  0	  0	  0	  5	21816	  0
09/05/2017	15:22:30	->	L	00000000	 28	 81	 56	 28	  0	 93	  0	  4	  4	  4	  4	  4	  4	  4	  4	  0	  0	  0	  0	  0	  0	  0	  0	  0	  0	  0	  0	  0	  0	  0	  0	  0	  0	  0	  0	  0	  0	  0	  0	 70	 56	 48	 81	  0	 28	  0	  0	  0	  0	  0	  0	  0	  0	  0	  0	  0	  5	21816	  0
09/05/2017	15:27:30	->	L	00000000	 28	 81	 56	 28	  0	 98	  0	  4	  4	  4	  4	  4	  4	  4	  4	  0	  0	  0	  0	  0	  0	  0	  0	  0	  0	  0	  0	  0	  0	  0	  0	  0	  0	  0	  0	  0	  0	  0	  0	 70	 56	 48	 81	  0	 28	  0	  0	  0	  0	  0	  0	  0	  0	  0	  0	  0	  5	21816	  0
09/05/2017	15:32:30	->	L	00000000	 28	 80	 56	 28	  0	103	  0	  4	  4	  4	  4	  4	  4	  4	  4	  0	  0	  0	  0	  0	  0	  0	  0	  0	  0	  0	  0	  0	  0	  0	  0	  0	  0	  0	  0	  0	  0	  0	  0	 70	 56	 48	 80	  0	 30	  0	  0	  0	  0	  0	  0	  0	  0	  0	  0	  0	  5	21816	  0
09/05/2017	15:37:30	->	L	00000000	 28	 80	 55	 28	  0	108	  0	  4	  4	  4	  4	  4	  4	  4	  4	  0	  0	  0	  0	  0	  0	  0	  0	  0	  0	  0	  0	  0	  0	  0	  0	  0	  0	  0	  0	  0	  0	  0	  0	 70	 55	 46	 80	  0	 28	  0	  0	  0	  0	  0	  0	  0	  0	  0	  0	  0	  5	21816	  0
09/05/2017	15:42:30	->	L	00000000	 28	 80	 56	 30	  0	113	  0	  4	  4	  4	  4	  4	  4	  4	  4	  0	  0	  0	  0	  0	  0	  0	  0	  0	  0	  0	  0	  0	  0	  0	  0	  0	  0	  0	  0	  0	  0	  0	  0	 70	 56	 48	 80	  0	 30	  0	  0	  0	  0	  0	  0	  0	  0	  0	  0	  0	  5	21816	  0
09/05/2017	15:47:30	->	L	00000000	 28	 80	 55	 30	  0	118	  0	  4	  4	  4	  4	  4	  4	  4	  4	  0	  0	  0	  0	  0	  0	  0	  0	  0	  0	  0	  0	  0	  0	  0	  0	  0	  0	  0	  0	  0	  0	  0	  0	 70	 55	 46	 80	  0	 28	  0	  0	  0	  0	  0	  0	  0	  0	  0	  0	  0	  5	21816	  0
09/05/2017	15:52:30	->	L	00000000	 28	 81	 56	 28	  0	123	  0	  4	  4	  4	  4	  4	  4	  4	  4	  0	  0	  0	  0	  0	  0	  0	  0	  0	  0	  0	  0	  0	  0	  0	  0	  0	  0	  0	  0	  0	  0	  0	  0	 70	 56	 48	 81	  0	 28	  0	  0	  0	  0	  0	  0	  0	  0	  0	  0	  0	  5	21816	  0
09/05/2017	15:57:30	->	L	00000000	 28	 81	 56	 28	  0	128	  0	  4	  4	  4	  4	  4	  4	  4	  4	  0	  0	  0	  0	  0	  0	  0	  0	  0	  0	  0	  0	  0	  0	  0	  0	  0	  0	  0	  0	  0	  0	  0	  0	 71	 56	 46	 81	  0	 28	  0	  0	  0	  0	  0	  0	  0	  0	  0	  0	  0	  5	21816	  0
09/05/2017	16:02:30	->	L	00000000	 28	 82	 56	 29	  0	133	  0	  4	  4	  4	  4	  4	  4	  4	  4	  0	  0	  0	  0	  0	  0	  0	  0	  0	  0	  0	  0	  0	  0	  0	  0	  0	  0	  0	  0	  0	  0	  0	  0	 71	 56	 46	 82	  0	 29	  0	  0	  0	  0	  0	  0	  0	  0	  0	  0	  0	  5	21816	  0
09/05/2017	16:07:30	->	L	00000000	 28	 82	 56	 29	  0	138	  0	  4	  4	  4	  4	  4	  4	  4	  4	  0	  0	  0	  0	  0	  0	  0	  0	  0	  0	  0	  0	  0	  0	  0	  0	  0	  0	  0	  0	  0	  0	  0	  0	 71	 56	 46	 82	  0	 29	  0	  0	  0	  0	  0	  0	  0	  0	  0	  0	  0	  5	21816	  0
09/05/2017	16:12:30	->	L	00000000	 28	 82	 56	 29	  0	143	  0	  4	  4	  4	  4	  4	  4	  4	  4	  0	  0	  0	  0	  0	  0	  0	  0	  0	  0	  0	  0	  0	  0	  0	  0	  0	  0	  0	  0	  0	  0	  0	  0	 71	 56	 46	 82	  0	 29	  0	  0	  0	  0	  0	  0	  0	  0	  0	  0	  0	  5	21816	  0
09/05/2017	16:17:30	->	L	00000000	 28	 83	 56	 27	  0	148	  0	  4	  4	  4	  4	  4	  4	  4	  4	  0	  0	  0	  0	  0	  0	  0	  0	  0	  0	  0	  0	  0	  0	  0	  0	  0	  0	  0	  0	  0	  0	  0	  0	 72	 56	 44	 83	  0	 27	  0	  0	  0	  0	  0	  0	  0	  0	  0	  0	  0	  5	21816	  0
09/05/2017	16:22:30	->	L	00000000	 28	 84	 56	 26	  0	153	  0	  4	  4	  4	  4	  4	  4	  4	  4	  0	  0	  0	  0	  0	  0	  0	  0	  0	  0	  0	  0	  0	  0	  0	  0	  0	  0	  0	  0	  0	  0	  0	  0	 72	 56	 44	 84	  0	 26	  0	  0	  0	  0	  0	  0	  0	  0	  0	  0	  0	  5	21816	  0
09/05/2017	16:27:30	->	L	00000000	 28	 83	 56	 27	  0	158	  0	  4	  4	  4	  4	  4	  4	  4	  4	  0	  0	  0	  0	  0	  0	  0	  0	  0	  0	  0	  0	  0	  0	  0	  0	  0	  0	  0	  0	  0	  0	  0	  0	 72	 56	 44	 83	  0	 27	  0	  0	  0	  0	  0	  0	  0	  0	  0	  0	  0	  5	21816	  0
09/05/2017	16:32:30	->	L	00000000	 28	 83	 56	 27	  0	163	  0	  4	  4	  4	  4	  4	  4	  4	  4	  0	  0	  0	  0	  0	  0	  0	  0	  0	  0	  0	  0	  0	  0	  0	  0	  0	  0	  0	  0	  0	  0	  0	  0	 72	 56	 44	 83	  0	 27	  0	  0	  0	  0	  0	  0	  0	  0	  0	  0	  0	  5	21816	  0
09/05/2017	16:37:30	->	L	00000000	 28	 83	 56	 26	  0	168	  0	  4	  4	  4	  4	  4	  4	  4	  4	  0	  0	  0	  0	  0	  0	  0	  0	  0	  0	  0	  0	  0	  0	  0	  0	  0	  0	  0	  0	  0	  0	  0	  0	 73	 56	 41	 83	  0	 27	  0	  0	  0	  0	  0	  0	  0	  0	  0	  0	  0	  5	21816	  0
09/05/2017	16:42:30	->	L	00000000	 28	 84	 56	 27	  0	173	  0	  4	  4	  4	  4	  4	  4	  4	  4	  0	  0	  0	  0	  0	  0	  0	  0	  0	  0	  0	  0	  0	  0	  0	  0	  0	  0	  0	  0	  0	  0	  0	  0	 73	 56	 41	 84	  0	 26	  0	  0	  0	  0	  0	  0	  0	  0	  0	  0	  0	  5	21816	  0
09/05/2017	16:47:30	->	L	00000000	 28	 83	 56	 27	  0	178	  0	  4	  4	  4	  4	  4	  4	  4	  4	  0	  0	  0	  0	  0	  0	  0	  0	  0	  0	  0	  0	  0	  0	  0	  0	  0	  0	  0	  0	  0	  0	  0	  0	 73	 56	 41	 83	  0	 27	  0	  0	  0	  0	  0	  0	  0	  0	  0	  0	  0	  5	21816	  0
09/05/2017	16:52:30	->	L	00000000	 28	 82	 56	 29	  0	183	  0	  4	  4	  4	  4	  4	  4	  4	  4	  0	  0	  0	  0	  0	  0	  0	  0	  0	  0	  0	  0	  0	  0	  0	  0	  0	  0	  0	  0	  0	  0	  0	  0	 73	 56	 41	 82	  0	 29	  0	  0	  0	  0	  0	  0	  0	  0	  0	  0	  0	  5	21816	  0
09/05/2017	16:57:30	->	L	00000000	 28	 83	 56	 27	  0	188	  0	  4	  4	  4	  4	  4	  4	  4	  4	  0	  0	  0	  0	  0	  0	  0	  0	  0	  0	  0	  0	  0	  0	  0	  0	  0	  0	  0	  0	  0	  0	  0	  0	 73	 56	 41	 83	  0	 27	  0	  0	  0	  0	  0	  0	  0	  0	  0	  0	  0	  5	21816	  0
09/05/2017	17:02:30	->	L	00000000	 28	 83	 56	 26	  0	193	  0	  4	  4	  4	  4	  4	  4	  4	  4	  0	  0	  0	  0	  0	  0	  0	  0	  0	  0	  0	  0	  0	  0	  0	  0	  0	  0	  0	  0	  0	  0	  0	  0	 73	 56	 41	 83	  0	 27	  0	  0	  0	  0	  0	  0	  0	  0	  0	  0	  0	  5	21816	  0
09/05/2017	17:07:30	->	L	00000000	 28	 84	 56	 25	  0	198	  0	  4	  4	  4	  4	  4	  4	  4	  4	  0	  0	  0	  0	  0	  0	  0	  0	  0	  0	  0	  0	  0	  0	  0	  0	  0	  0	  0	  0	  0	  0	  0	  0	 73	 56	 41	 84	  0	 26	  0	  0	  0	  0	  0	  0	  0	  0	  0	  0	  0	  5	21816	  0
09/05/2017	17:12:30	->	L	00000000	 28	 85	 56	 25	  0	203	  0	  4	  4	  4	  4	  4	  4	  4	  4	  0	  0	  0	  0	  0	  0	  0	  0	  0	  0	  0	  0	  0	  0	  0	  0	  0	  0	  0	  0	  0	  0	  0	  0	 74	 56	 40	 85	  0	 25	  0	  0	  0	  0	  0	  0	  0	  0	  0	  0	  0	  5	21816	  0
09/05/2017	17:17:30	->	L	00000000	 28	 84	 56	 26	  0	208	  0	  4	  4	  4	  4	  4	  4	  4	  4	  0	  0	  0	  0	  0	  0	  0	  0	  0	  0	  0	  0	  0	  0	  0	  0	  0	  0	  0	  0	  0	  0	  0	  0	 74	 56	 40	 84	  0	 26	  0	  0	  0	  0	  0	  0	  0	  0	  0	  0	  0	  5	21816	  0
09/05/2017	17:22:30	->	L	00000000	 28	 84	 56	 26	  0	213	  0	  4	  4	  4	  4	  4	  4	  4	  4	  0	  0	  0	  0	  0	  0	  0	  0	  0	  0	  0	  0	  0	  0	  0	  0	  0	  0	  0	  0	  0	  0	  0	  0	 74	 56	 40	 84	  0	 26	  0	  0	  0	  0	  0	  0	  0	  0	  0	  0	  0	  5	21816	  0
09/05/2017	17:27:30	->	L	00000000	 28	 83	 56	 27	  0	218	  0	  4	  4	  4	  4	  4	  4	  4	  4	  0	  0	  0	  0	  0	  0	  0	  0	  0	  0	  0	  0	  0	  0	  0	  0	  0	  0	  0	  0	  0	  0	  0	  0	 73	 56	 41	 83	  0	 27	  0	  0	  0	  0	  0	  0	  0	  0	  0	  0	  0	  5	21816	  0
09/05/2017	17:32:30	->	L	00000000	 28	 83	 56	 27	  0	223	  0	  4	  4	  4	  4	  4	  4	  4	  4	  0	  0	  0	  0	  0	  0	  0	  0	  0	  0	  0	  0	  0	  0	  0	  0	  0	  0	  0	  0	  0	  0	  0	  0	 73	 56	 41	 83	  0	 27	  0	  0	  0	  0	  0	  0	  0	  0	  0	  0	  0	  5	21816	  0
09/05/2017	17:37:30	->	L	00000000	 28	 82	 56	 29	  0	228	  0	  4	  4	  4	  4	  4	  4	  4	  4	  0	  0	  0	  0	  0	  0	  0	  0	  0	  0	  0	  0	  0	  0	  0	  0	  0	  0	  0	  0	  0	  0	  0	  0	 73	 56	 41	 82	  0	 29	  0	  0	  0	  0	  0	  0	  0	  0	  0	  0	  0	  5	21816	  0
09/05/2017	17:42:30	->	L	00000000	 28	 82	 56	 29	  0	233	  0	  4	  4	  4	  4	  4	  4	  4	  4	  0	  0	  0	  0	  0	  0	  0	  0	  0	  0	  0	  0	  0	  0	  0	  0	  0	  0	  0	  0	  0	  0	  0	  0	 73	 56	 41	 82	  0	 29	  0	  0	  0	  0	  0	  0	  0	  0	  0	  0	  0	  5	21816	  0
09/05/2017	18:17:30	->	L	00000000	 28	 76	 52	 28	  0	237	  0	  4	  4	  4	  4	  4	  4	  4	  4	  0	  0	  0	  0	  0	  0	  0	  0	  0	  0	  0	  0	  0	  0	  0	  0	  0	  0	  0	  0	  0	  0	  0	  0	 68	 52	 42	 76	  0	 28	  0	  0	  0	  0	  0	  0	  0	  0	  0	  0	  0	  5	21816	  0
09/05/2017	18:22:30	->	L	00000000	 28	 74	 58	 45	  0	242	  0	  4	  4	  4	  4	  4	  4	  4	  4	  0	  0	  0	  0	  0	  0	  0	  0	  0	  0	  0	  0	  0	  0	  0	  0	  0	  0	  0	  0	  0	  0	  0	  0	 70	 58	 54	 74	  0	 45	  0	  0	  0	  0	  0	  0	  0	  0	  0	  0	  0	  5	19256	  0
09/05/2017	18:27:30	->	L	00000000	 28	 78	 59	 39	  0	247	  0	  4	  4	  4	  4	  4	  4	  4	  4	  0	  0	  0	  0	  0	  0	  0	  0	  0	  0	  0	  0	  0	  0	  0	  0	  0	  0	  0	  0	  0	  0	  0	  0	 70	 59	 57	 78	  0	 39	  0	  0	  0	  0	  0	  0	  0	  0	  0	  0	  0	  5	19256	  0
09/05/2017	18:32:30	  	L	00000000	 28	 76	 58	 38	  0	252	  0	  4	  4	  4	  4	  4	  4	  4	  4	  0	  0	  0	  0	  0	  0	  0	  0	  0	  0	  0	  0	  0	  0	  0	  0	  0	  0	  0	  0	  0	  0	  0	  0	 70	 58	 54	 76	  0	 41	  0	  0	  0	  0	  0	  0	  0	  0	  0	  0	  0	  5	19256	  0
09/05/2017	18:37:29	<-	L	00000000	 28	 76	 59	 42	 59	257	  0	  4	  4	  4	  4	  4	  4	  4	  4	  0	  0	  0	  0	  0	  0	  0	  0	  0	  0	  0	  0	  0	  0	  0	  0	  0	  0	  0	  0	  0	  0	  0	  0	 76	 59	 42	 71	  0	 55	  0	  0	  0	  0	  0	  0	  0	  0	  0	  0	  0	  5	19256	  0
09/05/2017	18:42:30	<-	L	00000000	 28	 74	 58	 45	  0	262	  0	  4	  4	  4	  4	  4	  4	  4	  4	  0	  0	  0	  0	  0	  0	  0	  0	  0	  0	  0	  0	  0	  0	  0	  0	  0	  0	  0	  0	  0	  0	  0	  0	 74	 58	 45	 70	  0	 54	  0	  0	  0	  0	  0	  0	  0	  0	  0	  0	  0	  5	19256	  0
09/05/2017	18:47:30	<-	L	00000000	 28	 78	 58	 37	  0	267	  0	  4	  4	  4	  4	  4	  4	  4	  4	  0	  0	  0	  0	  0	  0	  0	  0	  0	  0	  0	  0	  0	  0	  0	  0	  0	  0	  0	  0	  0	  0	  0	  0	 78	 58	 37	 70	  0	 54	  0	  0	  0	  0	  0	  0	  0	  0	  0	  0	  0	  5	19256	  0
09/05/2017	18:52:30	<-	L	00000000	 28	 75	 58	 42	  0	272	  0	  4	  4	  4	  4	  4	  4	  4	  4	  0	  0	  0	  0	  0	  0	  0	  0	  0	  0	  0	  0	  0	  0	  0	  0	  0	  0	  0	  0	  0	  0	  0	  0	 75	 58	 42	 69	  0	 57	  0	  0	  0	  0	  0	  0	  0	  0	  0	  0	  0	  5	19256	  0
09/05/2017	18:57:30	<-	L	00000000	 28	 78	 58	 38	  0	277	  0	  4	  4	  4	  4	  4	  4	  4	  4	  0	  0	  0	  0	  0	  0	  0	  0	  0	  0	  0	  0	  0	  0	  0	  0	  0	  0	  0	  0	  0	  0	  0	  0	 78	 58	 37	 70	  0	 54	  0	  0	  0	  0	  0	  0	  0	  0	  0	  0	  0	  5	19256	  0
09/05/2017	19:02:30	<-	L	00000000	 28	 76	 58	 41	  0	282	  0	  4	  4	  4	  4	  4	  4	  4	  4	  0	  0	  0	  0	  0	  0	  0	  0	  0	  0	  0	  0	  0	  0	  0	  0	  0	  0	  0	  0	  0	  0	  0	  0	 76	 58	 41	 69	  0	 57	  0	  0	  0	  0	  0	  0	  0	  0	  0	  0	  0	  5	19256	  0
09/05/2017	19:07:30	<-	L	00000000	 28	 75	 57	 41	  0	287	  0	  4	  4	  4	  4	  4	  4	  4	  4	  0	  0	  0	  0	  0	  0	  0	  0	  0	  0	  0	  0	  0	  0	  0	  0	  0	  0	  0	  0	  0	  0	  0	  0	 75	 57	 40	 69	  0	 54	  0	  0	  0	  0	  0	  0	  0	  0	  0	  0	  0	  5	19256	  0
09/05/2017	19:12:30	<-	L	00000000	 28	 79	 58	 34	  0	292	  0	  4	  4	  4	  4	  4	  4	  4	  4	  0	  0	  0	  0	  0	  0	  0	  0	  0	  0	  0	  0	  0	  0	  0	  0	  0	  0	  0	  0	  0	  0	  0	  0	 79	 58	 34	 70	  0	 54	  0	  0	  0	  0	  0	  0	  0	  0	  0	  0	  0	  5	19256	  0
09/05/2017	19:17:30	<-	L	00000000	 28	 84	 58	 30	  0	297	  0	  4	  4	  4	  4	  4	  4	  4	  4	  0	  0	  0	  0	  0	  0	  0	  0	  0	  0	  0	  0	  0	  0	  0	  0	  0	  0	  0	  0	  0	  0	  0	  0	 84	 58	 29	 71	  0	 51	  0	  0	  0	  0	  0	  0	  0	  0	  0	  0	  0	  5	21816	  0
09/05/2017	19:22:30	<-	L	00000000	 28	 86	 59	 27	  0	302	  0	  4	  4	  4	  4	  4	  4	  4	  4	  0	  0	  0	  0	  0	  0	  0	  0	  0	  0	  0	  0	  0	  0	  0	  0	  0	  0	  0	  0	  0	  0	  0	  0	 86	 59	 28	 72	  0	 51	  0	  0	  0	  0	  0	  0	  0	  0	  0	  0	  0	  5	21816	  0
09/05/2017	19:27:30	<-	L	00000000	 28	 86	 58	 28	  0	307	  0	  4	  4	  4	  4	  4	  4	  4	  4	  0	  0	  0	  0	  0	  0	  0	  0	  0	  0	  0	  0	  0	  0	  0	  0	  0	  0	  0	  0	  0	  0	  0	  0	 86	 58	 27	 72	  0	 49	  0	  0	  0	  0	  0	  0	  0	  0	  0	  0	  0	  5	21816	  0
09/05/2017	19:32:30	<-	L	00000000	 28	 86	 58	 27	  0	312	  0	  4	  4	  4	  4	  4	  4	  4	  4	  0	  0	  0	  0	  0	  0	  0	  0	  0	  0	  0	  0	  0	  0	  0	  0	  0	  0	  0	  0	  0	  0	  0	  0	 86	 58	 27	 73	  0	 47	  0	  0	  0	  0	  0	  0	  0	  0	  0	  0	  0	  5	21816	  0
09/05/2017	19:37:30	<-	L	00000000	 28	 86	 58	 27	  0	317	  0	  4	  4	  4	  4	  4	  4	  4	  4	  0	  0	  0	  0	  0	  0	  0	  0	  0	  0	  0	  0	  0	  0	  0	  0	  0	  0	  0	  0	  0	  0	  0	  0	 86	 58	 27	 73	  0	 47	  0	  0	  0	  0	  0	  0	  0	  0	  0	  0	  0	  5	21816	  0
09/05/2017	19:42:30	<-	L	00000000	 28	 87	 58	 27	  0	322	  0	  4	  4	  4	  4	  4	  4	  4	  4	  0	  0	  0	  0	  0	  0	  0	  0	  0	  0	  0	  0	  0	  0	  0	  0	  0	  0	  0	  0	  0	  0	  0	  0	 87	 58	 25	 73	  0	 47	  0	  0	  0	  0	  0	  0	  0	  0	  0	  0	  0	  5	21816	  0
09/05/2017	19:47:30	<-	L	00000000	 28	 86	 58	 27	  0	327	  0	  4	  4	  4	  4	  4	  4	  4	  4	  0	  0	  0	  0	  0	  0	  0	  0	  0	  0	  0	  0	  0	  0	  0	  0	  0	  0	  0	  0	  0	  0	  0	  0	 86	 58	 27	 73	  0	 47	  0	  0	  0	  0	  0	  0	  0	  0	  0	  0	  0	  5	21816	  0
09/05/2017	19:52:30	<-	L	00000000	 28	 84	 58	 29	  0	332	  0	  4	  4	  4	  4	  4	  4	  4	  4	  0	  0	  0	  0	  0	  0	  0	  0	  0	  0	  0	  0	  0	  0	  0	  0	  0	  0	  0	  0	  0	  0	  0	  0	 84	 58	 29	 73	  0	 47	  0	  0	  0	  0	  0	  0	  0	  0	  0	  0	  0	  5	21816	  0
09/05/2017	19:57:30	<-	L	00000000	 28	 85	 58	 27	  0	337	  0	  4	  4	  4	  4	  4	  4	  4	  4	  0	  0	  0	  0	  0	  0	  0	  0	  0	  0	  0	  0	  0	  0	  0	  0	  0	  0	  0	  0	  0	  0	  0	  0	 85	 58	 28	 73	  0	 47	  0	  0	  0	  0	  0	  0	  0	  0	  0	  0	  0	  5	21816	  0
09/05/2017	20:02:30	<-	L	00000000	 28	 84	 57	 29	  0	342	  0	  4	  4	  4	  4	  4	  4	  4	  4	  0	  0	  0	  0	  0	  0	  0	  0	  0	  0	  0	  0	  0	  0	  0	  0	  0	  0	  0	  0	  0	  0	  0	  0	 84	 57	 27	 73	  0	 44	  0	  0	  0	  0	  0	  0	  0	  0	  0	  0	  0	  5	21816	  0
09/05/2017	20:07:30	<-	L	00000000	 28	 83	 57	 29	  0	347	  0	  4	  4	  4	  4	  4	  4	  4	  4	  0	  0	  0	  0	  0	  0	  0	  0	  0	  0	  0	  0	  0	  0	  0	  0	  0	  0	  0	  0	  0	  0	  0	  0	 83	 57	 29	 73	  0	 44	  0	  0	  0	  0	  0	  0	  0	  0	  0	  0	  0	  5	21816	  0
09/05/2017	20:12:30	<-	L	00000000	 28	 83	 57	 29	  0	352	  0	  4	  4	  4	  4	  4	  4	  4	  4	  0	  0	  0	  0	  0	  0	  0	  0	  0	  0	  0	  0	  0	  0	  0	  0	  0	  0	  0	  0	  0	  0	  0	  0	 83	 57	 29	 74	  0	 41	  0	  0	  0	  0	  0	  0	  0	  0	  0	  0	  0	  5	21816	  0
09/05/2017	20:17:30	<-	L	00000000	 28	 84	 57	 27	  0	357	  0	  4	  4	  4	  4	  4	  4	  4	  4	  0	  0	  0	  0	  0	  0	  0	  0	  0	  0	  0	  0	  0	  0	  0	  0	  0	  0	  0	  0	  0	  0	  0	  0	 84	 57	 27	 74	  0	 41	  0	  0	  0	  0	  0	  0	  0	  0	  0	  0	  0	  5	21816	  0
09/05/2017	20:22:30	<-	L	00000000	 29	 86	 56	 25	  0	  1	  0	  4	  4	  4	  4	  4	  4	  4	  4	  0	  0	  0	  0	  0	  0	  0	  0	  0	  0	  0	  0	  0	  0	  0	  0	  0	  0	  0	  0	  0	  0	  0	  0	 86	 56	 24	 74	  0	 40	  0	  0	  0	  0	  0	  0	  0	  0	  0	  0	  0	  5	21812	  0
09/05/2017	20:27:30	<-	L	00000000	 29	 85	 54	 23	  0	  6	  0	  4	  4	  4	  4	  4	  4	  4	  4	  0	  0	  0	  0	  0	  0	  0	  0	  0	  0	  0	  0	  0	  0	  0	  0	  0	  0	  0	  0	  0	  0	  0	  0	 85	 54	 23	 74	  0	 35	  0	  0	  0	  0	  0	  0	  0	  0	  0	  0	  0	  5	21812	  0
09/05/2017	20:32:30	<-	L	00000000	 29	 85	 54	 22	  0	 11	  0	  4	  4	  4	  4	  4	  4	  4	  4	  0	  0	  0	  0	  0	  0	  0	  0	  0	  0	  0	  0	  0	  0	  0	  0	  0	  0	  0	  0	  0	  0	  0	  0	 85	 54	 23	 74	  0	 35	  0	  0	  0	  0	  0	  0	  0	  0	  0	  0	  0	  5	21812	  0
09/05/2017	20:37:30	<-	L	00000000	 29	 85	 54	 23	  0	 16	  0	  4	  4	  4	  4	  4	  4	  4	  4	  0	  0	  0	  0	  0	  0	  0	  0	  0	  0	  0	  0	  0	  0	  0	  0	  0	  0	  0	  0	  0	  0	  0	  0	 85	 54	 23	 74	  0	 35	  0	  0	  0	  0	  0	  0	  0	  0	  0	  0	  0	  5	21812	  0
09/05/2017	20:42:30	<-	L	00000000	 29	 84	 54	 23	  0	 21	  0	  4	  4	  4	  4	  4	  4	  4	  4	  0	  0	  0	  0	  0	  0	  0	  0	  0	  0	  0	  0	  0	  0	  0	  0	  0	  0	  0	  0	  0	  0	  0	  0	 84	 54	 23	 74	  0	 35	  0	  0	  0	  0	  0	  0	  0	  0	  0	  0	  0	  5	21812	  0
09/05/2017	20:47:30	<-	L	00000000	 29	 84	 53	 23	  0	 26	  0	  4	  4	  4	  4	  4	  4	  4	  4	  0	  0	  0	  0	  0	  0	  0	  0	  0	  0	  0	  0	  0	  0	  0	  0	  0	  0	  0	  0	  0	  0	  0	  0	 84	 53	 22	 74	  0	 31	  0	  0	  0	  0	  0	  0	  0	  0	  0	  0	  0	  5	21812	  0
09/05/2017	20:52:30	<-	L	00000000	 29	 85	 54	 23	  0	 31	  0	  4	  4	  4	  4	  4	  4	  4	  4	  0	  0	  0	  0	  0	  0	  0	  0	  0	  0	  0	  0	  0	  0	  0	  0	  0	  0	  0	  0	  0	  0	  0	  0	 85	 54	 23	 74	  0	 35	  0	  0	  0	  0	  0	  0	  0	  0	  0	  0	  0	  5	21812	  0
09/05/2017	20:57:30	<-	L	00000000	 29	 85	 54	 22	  0	 36	  0	  4	  4	  4	  4	  4	  4	  4	  4	  0	  0	  0	  0	  0	  0	  0	  0	  0	  0	  0	  0	  0	  0	  0	  0	  0	  0	  0	  0	  0	  0	  0	  0	 85	 54	 23	 74	  0	 35	  0	  0	  0	  0	  0	  0	  0	  0	  0	  0	  0	  5	21812	  0
09/05/2017	21:02:30	<-	L	00000000	 29	 84	 53	 22	  0	 41	  0	  4	  4	  4	  4	  4	  4	  4	  4	  0	  0	  0	  0	  0	  0	  0	  0	  0	  0	  0	  0	  0	  0	  0	  0	  0	  0	  0	  0	  0	  0	  0	  0	 84	 53	 22	 74	  0	 31	  0	  0	  0	  0	  0	  0	  0	  0	  0	  0	  0	  5	21812	  0
09/05/2017	21:07:30	<-	L	00000000	 29	 83	 53	 23	  0	 46	  0	  4	  4	  4	  4	  4	  4	  4	  4	  0	  0	  0	  0	  0	  0	  0	  0	  0	  0	  0	  0	  0	  0	  0	  0	  0	  0	  0	  0	  0	  0	  0	  0	 83	 53	 23	 74	  0	 31	  0	  0	  0	  0	  0	  0	  0	  0	  0	  0	  0	  5	21812	  0
09/05/2017	21:12:30	<-	L	00000000	 29	 83	 53	 23	  0	 51	  0	  4	  4	  4	  4	  4	  4	  4	  4	  0	  0	  0	  0	  0	  0	  0	  0	  0	  0	  0	  0	  0	  0	  0	  0	  0	  0	  0	  0	  0	  0	  0	  0	 83	 53	 23	 74	  0	 31	  0	  0	  0	  0	  0	  0	  0	  0	  0	  0	  0	  5	21812	  0
09/05/2017	21:17:30	<-	L	00000000	 29	 84	 53	 22	  0	 56	  0	  4	  4	  4	  4	  4	  4	  4	  4	  0	  0	  0	  0	  0	  0	  0	  0	  0	  0	  0	  0	  0	  0	  0	  0	  0	  0	  0	  0	  0	  0	  0	  0	 84	 53	 22	 74	  0	 31	  0	  0	  0	  0	  0	  0	  0	  0	  0	  0	  0	  5	21812	  0
09/05/2017	21:22:30	<-	L	00000000	 29	 84	 53	 22	  0	 61	  0	  4	  4	  4	  4	  4	  4	  4	  4	  0	  0	  0	  0	  0	  0	  0	  0	  0	  0	  0	  0	  0	  0	  0	  0	  0	  0	  0	  0	  0	  0	  0	  0	 84	 53	 22	 74	  0	 31	  0	  0	  0	  0	  0	  0	  0	  0	  0	  0	  0	  5	21812	  0
09/05/2017	21:27:30	<-	L	00000000	 29	 75	 51	 28	  0	 66	  0	  4	  4	  4	  4	  4	  4	  4	  4	  0	  0	  0	  0	  0	  0	  0	  0	  0	  0	  0	  0	  0	  0	  0	  0	  0	  0	  0	  0	  0	  0	  0	  0	 75	 51	 28	 72	  0	 31	  0	  0	  0	  0	  0	  0	  0	  0	  0	  0	  0	  5	19252	  0
09/05/2017	21:32:30	<-	L	00000000	 29	 76	 52	 28	  0	 71	  0	  4	  4	  4	  4	  4	  4	  4	  4	  0	  0	  0	  0	  0	  0	  0	  0	  0	  0	  0	  0	  0	  0	  0	  0	  0	  0	  0	  0	  0	  0	  0	  0	 76	 52	 28	 71	  0	 36	  0	  0	  0	  0	  0	  0	  0	  0	  0	  0	  0	  5	19252	  0
09/05/2017	21:37:30	<-	L	00000000	 29	 74	 51	 28	  0	 76	  0	  4	  4	  4	  4	  4	  4	  4	  4	  0	  0	  0	  0	  0	  0	  0	  0	  0	  0	  0	  0	  0	  0	  0	  0	  0	  0	  0	  0	  0	  0	  0	  0	 74	 51	 27	 71	  0	 34	  0	  0	  0	  0	  0	  0	  0	  0	  0	  0	  0	  5	19252	  0
09/05/2017	21:42:30	<-	L	00000000	 29	 78	 52	 26	  0	 81	  0	  4	  4	  4	  4	  4	  4	  4	  4	  0	  0	  0	  0	  0	  0	  0	  0	  0	  0	  0	  0	  0	  0	  0	  0	  0	  0	  0	  0	  0	  0	  0	  0	 78	 52	 27	 71	  0	 36	  0	  0	  0	  0	  0	  0	  0	  0	  0	  0	  0	  5	19252	  0
09/05/2017	21:47:30	<-	L	00000000	 29	 75	 51	 28	  0	 86	  0	  4	  4	  4	  4	  4	  4	  4	  4	  0	  0	  0	  0	  0	  0	  0	  0	  0	  0	  0	  0	  0	  0	  0	  0	  0	  0	  0	  0	  0	  0	  0	  0	 75	 51	 28	 70	  0	 35	  0	  0	  0	  0	  0	  0	  0	  0	  0	  0	  0	  5	19252	  0
09/05/2017	21:52:30	<-	L	00000000	 29	 77	 52	 28	  0	 91	  0	  4	  4	  4	  4	  4	  4	  4	  4	  0	  0	  0	  0	  0	  0	  0	  0	  0	  0	  0	  0	  0	  0	  0	  0	  0	  0	  0	  0	  0	  0	  0	  0	 77	 52	 26	 70	  0	 38	  0	  0	  0	  0	  0	  0	  0	  0	  0	  0	  0	  5	19252	  0
09/05/2017	21:57:30	<-	L	00000000	 29	 75	 51	 28	  0	 96	  0	  4	  4	  4	  4	  4	  4	  4	  4	  0	  0	  0	  0	  0	  0	  0	  0	  0	  0	  0	  0	  0	  0	  0	  0	  0	  0	  0	  0	  0	  0	  0	  0	 75	 51	 28	 70	  0	 35	  0	  0	  0	  0	  0	  0	  0	  0	  0	  0	  0	  5	19252	  0
09/05/2017	22:02:30	<-	L	00000000	 29	 78	 52	 27	  0	101	  0	  4	  4	  4	  4	  4	  4	  4	  4	  0	  0	  0	  0	  0	  0	  0	  0	  0	  0	  0	  0	  0	  0	  0	  0	  0	  0	  0	  0	  0	  0	  0	  0	 78	 52	 27	 70	  0	 38	  0	  0	  0	  0	  0	  0	  0	  0	  0	  0	  0	  5	19252	  0
09/05/2017	22:07:30	<-	L	00000000	 29	 74	 51	 27	  0	106	  0	  4	  4	  4	  4	  4	  4	  4	  4	  0	  0	  0	  0	  0	  0	  0	  0	  0	  0	  0	  0	  0	  0	  0	  0	  0	  0	  0	  0	  0	  0	  0	  0	 74	 51	 27	 70	  0	 35	  0	  0	  0	  0	  0	  0	  0	  0	  0	  0	  0	  5	19252	  0
09/05/2017	22:12:30	<-	L	00000000	 29	 77	 52	 26	  0	111	  0	  4	  4	  4	  4	  4	  4	  4	  4	  0	  0	  0	  0	  0	  0	  0	  0	  0	  0	  0	  0	  0	  0	  0	  0	  0	  0	  0	  0	  0	  0	  0	  0	 77	 52	 26	 70	  0	 38	  0	  0	  0	  0	  0	  0	  0	  0	  0	  0	  0	  5	19252	  0
09/05/2017	22:17:31	<-	L	00000000	 29	 74	 51	 27	  0	116	  0	  4	  4	  4	  4	  4	  4	  4	  4	  0	  0	  0	  0	  0	  0	  0	  0	  0	  0	  0	  0	  0	  0	  0	  0	  0	  0	  0	  0	  0	  0	  0	  0	 74	 51	 27	 69	  0	 38	  0	  0	  0	  0	  0	  0	  0	  0	  0	  0	  0	  5	19252	  0
09/05/2017	22:22:31	<-	L	00000000	 29	 77	 52	 26	  0	121	  0	  4	  4	  4	  4	  4	  4	  4	  4	  0	  0	  0	  0	  0	  0	  0	  0	  0	  0	  0	  0	  0	  0	  0	  0	  0	  0	  0	  0	  0	  0	  0	  0	 77	 52	 26	 70	  0	 38	  0	  0	  0	  0	  0	  0	  0	  0	  0	  0	  0	  5	19252	  0
09/05/2017	22:27:31	<-	L	00000000	 29	 74	 51	 27	  0	126	  0	  4	  4	  4	  4	  4	  4	  4	  4	  0	  0	  0	  0	  0	  0	  0	  0	  0	  0	  0	  0	  0	  0	  0	  0	  0	  0	  0	  0	  0	  0	  0	  0	 74	 51	 27	 69	  0	 38	  0	  0	  0	  0	  0	  0	  0	  0	  0	  0	  0	  5	19252	  0
09/05/2017	22:32:31	<-	L	00000000	 29	 76	 52	 28	  0	131	  0	  4	  4	  4	  4	  4	  4	  4	  4	  0	  0	  0	  0	  0	  0	  0	  0	  0	  0	  0	  0	  0	  0	  0	  0	  0	  0	  0	  0	  0	  0	  0	  0	 76	 52	 28	 70	  0	 38	  0	  0	  0	  0	  0	  0	  0	  0	  0	  0	  0	  5	19252	  0
09/05/2017	22:37:30	->	L	00000000	 29	 78	 53	 27	  0	136	  0	  4	  4	  4	  4	  4	  4	  4	  4	  0	  0	  0	  0	  0	  0	  0	  0	  0	  0	  0	  0	  0	  0	  0	  0	  0	  0	  0	  0	  0	  0	  0	  0	 72	 53	 36	 78	  0	 27	  0	  0	  0	  0	  0	  0	  0	  0	  0	  0	  0	  5	19252	  0
09/05/2017	22:42:30	->	L	00000000	 29	 74	 51	 27	  0	141	  0	  4	  4	  4	  4	  4	  4	  4	  4	  0	  0	  0	  0	  0	  0	  0	  0	  0	  0	  0	  0	  0	  0	  0	  0	  0	  0	  0	  0	  0	  0	  0	  0	 71	 51	 34	 74	  0	 27	  0	  0	  0	  0	  0	  0	  0	  0	  0	  0	  0	  5	19252	  0
09/05/2017	22:47:30	->	L	00000000	 29	 72	 51	 31	  0	146	  0	  4	  4	  4	  4	  4	  4	  4	  4	  0	  0	  0	  0	  0	  0	  0	  0	  0	  0	  0	  0	  0	  0	  0	  0	  0	  0	  0	  0	  0	  0	  0	  0	 70	 51	 35	 72	  0	 31	  0	  0	  0	  0	  0	  0	  0	  0	  0	  0	  0	  5	19252	  0
09/05/2017	22:52:30	->	L	00000000	 29	 78	 52	 27	  0	151	  0	  4	  4	  4	  4	  4	  4	  4	  4	  0	  0	  0	  0	  0	  0	  0	  0	  0	  0	  0	  0	  0	  0	  0	  0	  0	  0	  0	  0	  0	  0	  0	  0	 71	 52	 36	 78	  0	 27	  0	  0	  0	  0	  0	  0	  0	  0	  0	  0	  0	  5	19252	  0
09/05/2017	22:57:30	->	L	00000000	 29	 74	 51	 28	  0	156	  0	  4	  4	  4	  4	  4	  4	  4	  4	  0	  0	  0	  0	  0	  0	  0	  0	  0	  0	  0	  0	  0	  0	  0	  0	  0	  0	  0	  0	  0	  0	  0	  0	 71	 51	 34	 74	  0	 27	  0	  0	  0	  0	  0	  0	  0	  0	  0	  0	  0	  5	19252	  0
09/05/2017	23:02:30	->	L	00000000	 29	 78	 52	 27	  0	161	  0	  4	  4	  4	  4	  4	  4	  4	  4	  0	  0	  0	  0	  0	  0	  0	  0	  0	  0	  0	  0	  0	  0	  0	  0	  0	  0	  0	  0	  0	  0	  0	  0	 71	 52	 36	 78	  0	 27	  0	  0	  0	  0	  0	  0	  0	  0	  0	  0	  0	  5	19252	  0
09/05/2017	23:07:30	->	L	00000000	 29	 76	 52	 28	  0	166	  0	  4	  4	  4	  4	  4	  4	  4	  4	  0	  0	  0	  0	  0	  0	  0	  0	  0	  0	  0	  0	  0	  0	  0	  0	  0	  0	  0	  0	  0	  0	  0	  0	 71	 52	 36	 76	  0	 28	  0	  0	  0	  0	  0	  0	  0	  0	  0	  0	  0	  5	19252	  0
09/05/2017	23:37:30	->	L	00000000	 29	 71	 50	 30	  0	174	  0	  4	  4	  4	  4	  4	  4	  4	  4	  0	  0	  0	  0	  0	  0	  0	  0	  0	  0	  0	  0	  0	  0	  0	  0	  0	  0	  0	  0	  0	  0	  0	  0	 65	 50	 44	 71	  0	 30	  0	  0	  0	  0	  0	  0	  0	  0	  0	  0	  0	  5	19252	  0
09/05/2017	23:42:30	->	L	00000000	 29	 83	 54	 25	  0	179	  0	  4	  4	  4	  4	  4	  4	  4	  4	  0	  0	  0	  0	  0	  0	  0	  0	  0	  0	  0	  0	  0	  0	  0	  0	  0	  0	  0	  0	  0	  0	  0	  0	 72	 54	 39	 83	  0	 24	  0	  0	  0	  0	  0	  0	  0	  0	  0	  0	  0	  5	21812	  0
09/05/2017	23:47:30	->	L	00000000	 29	 83	 55	 26	  0	184	  0	  4	  4	  4	  4	  4	  4	  4	  4	  0	  0	  0	  0	  0	  0	  0	  0	  0	  0	  0	  0	  0	  0	  0	  0	  0	  0	  0	  0	  0	  0	  0	  0	 74	 55	 37	 83	  0	 26	  0	  0	  0	  0	  0	  0	  0	  0	  0	  0	  0	  5	21812	  0
09/05/2017	23:52:30	->	L	00000000	 29	 83	 55	 24	  0	189	  0	  4	  4	  4	  4	  4	  4	  4	  4	  0	  0	  0	  0	  0	  0	  0	  0	  0	  0	  0	  0	  0	  0	  0	  0	  0	  0	  0	  0	  0	  0	  0	  0	 75	 55	 35	 83	  0	 26	  0	  0	  0	  0	  0	  0	  0	  0	  0	  0	  0	  5	21812	  0
09/05/2017	23:57:30	->	L	00000000	 29	 85	 55	 23	  0	194	  0	  4	  4	  4	  4	  4	  4	  4	  4	  0	  0	  0	  0	  0	  0	  0	  0	  0	  0	  0	  0	  0	  0	  0	  0	  0	  0	  0	  0	  0	  0	  0	  0	 76	 55	 32	 85	  0	 24	  0	  0	  0	  0	  0	  0	  0	  0	  0	  0	  0	  5	21812	  0
10/05/2017	00:02:30	->	L	00000000	 29	 86	 55	 22	  0	199	  0	  4	  4	  4	  4	  4	  4	  4	  4	  0	  0	  0	  0	  0	  0	  0	  0	  0	  0	  0	  0	  0	  0	  0	  0	  0	  0	  0	  0	  0	  0	  0	  0	 77	 55	 32	 86	  0	 23	  0	  0	  0	  0	  0	  0	  0	  0	  0	  0	  0	  5	21812	  0
10/05/2017	00:07:30	->	L	00000000	 29	 86	 55	 24	  0	204	  0	  4	  4	  4	  4	  4	  4	  4	  4	  0	  0	  0	  0	  0	  0	  0	  0	  0	  0	  0	  0	  0	  0	  0	  0	  0	  0	  0	  0	  0	  0	  0	  0	 77	 55	 32	 86	  0	 23	  0	  0	  0	  0	  0	  0	  0	  0	  0	  0	  0	  5	21812	  0
10/05/2017	00:12:30	->	L	00000000	 29	 84	 55	 26	  0	209	  0	  4	  4	  4	  4	  4	  4	  4	  4	  0	  0	  0	  0	  0	  0	  0	  0	  0	  0	  0	  0	  0	  0	  0	  0	  0	  0	  0	  0	  0	  0	  0	  0	 77	 55	 32	 84	  0	 24	  0	  0	  0	  0	  0	  0	  0	  0	  0	  0	  0	  5	21812	  0
10/05/2017	00:17:30	->	L	00000000	 29	 84	 55	 24	  0	214	  0	  4	  4	  4	  4	  4	  4	  4	  4	  0	  0	  0	  0	  0	  0	  0	  0	  0	  0	  0	  0	  0	  0	  0	  0	  0	  0	  0	  0	  0	  0	  0	  0	 77	 55	 32	 84	  0	 24	  0	  0	  0	  0	  0	  0	  0	  0	  0	  0	  0	  5	21812	  0
10/05/2017	00:22:30	->	L	00000000	 29	 85	 55	 24	  0	219	  0	  4	  4	  4	  4	  4	  4	  4	  4	  0	  0	  0	  0	  0	  0	  0	  0	  0	  0	  0	  0	  0	  0	  0	  0	  0	  0	  0	  0	  0	  0	  0	  0	 78	 55	 29	 85	  0	 24	  0	  0	  0	  0	  0	  0	  0	  0	  0	  0	  0	  5	21812	  0
10/05/2017	00:27:30	->	L	00000000	 29	 86	 55	 22	  0	224	  0	  4	  4	  4	  4	  4	  4	  4	  4	  0	  0	  0	  0	  0	  0	  0	  0	  0	  0	  0	  0	  0	  0	  0	  0	  0	  0	  0	  0	  0	  0	  0	  0	 78	 55	 29	 86	  0	 23	  0	  0	  0	  0	  0	  0	  0	  0	  0	  0	  0	  5	21812	  0
10/05/2017	00:32:30	->	L	00000000	 29	 87	 54	 22	  0	229	  0	  4	  4	  4	  4	  4	  4	  4	  4	  0	  0	  0	  0	  0	  0	  0	  0	  0	  0	  0	  0	  0	  0	  0	  0	  0	  0	  0	  0	  0	  0	  0	  0	 78	 54	 29	 87	  0	 21	  0	  0	  0	  0	  0	  0	  0	  0	  0	  0	  0	  5	21812	  0
10/05/2017	00:37:30	->	L	00000000	 29	 86	 54	 22	  0	234	  0	  4	  4	  4	  4	  4	  4	  4	  4	  0	  0	  0	  0	  0	  0	  0	  0	  0	  0	  0	  0	  0	  0	  0	  0	  0	  0	  0	  0	  0	  0	  0	  0	 78	 54	 29	 86	  0	 22	  0	  0	  0	  0	  0	  0	  0	  0	  0	  0	  0	  5	21812	  0
10/05/2017	00:42:30	->	L	00000000	 29	 83	 54	 24	  0	239	  0	  4	  4	  4	  4	  4	  4	  4	  4	  0	  0	  0	  0	  0	  0	  0	  0	  0	  0	  0	  0	  0	  0	  0	  0	  0	  0	  0	  0	  0	  0	  0	  0	 78	 54	 29	 83	  0	 24	  0	  0	  0	  0	  0	  0	  0	  0	  0	  0	  0	  5	21812	  0
10/05/2017	00:47:30	->	L	00000000	 29	 85	 54	 23	  0	244	  0	  4	  4	  4	  4	  4	  4	  4	  4	  0	  0	  0	  0	  0	  0	  0	  0	  0	  0	  0	  0	  0	  0	  0	  0	  0	  0	  0	  0	  0	  0	  0	  0	 79	 54	 27	 85	  0	 23	  0	  0	  0	  0	  0	  0	  0	  0	  0	  0	  0	  5	21812	  0
10/05/2017	00:52:30	->	L	00000000	 29	 87	 54	 21	  0	249	  0	  4	  4	  4	  4	  4	  4	  4	  4	  0	  0	  0	  0	  0	  0	  0	  0	  0	  0	  0	  0	  0	  0	  0	  0	  0	  0	  0	  0	  0	  0	  0	  0	 79	 54	 27	 87	  0	 21	  0	  0	  0	  0	  0	  0	  0	  0	  0	  0	  0	  5	21812	  0
10/05/2017	00:57:30	->	L	00000000	 29	 86	 53	 22	  0	254	  0	  4	  4	  4	  4	  4	  4	  4	  4	  0	  0	  0	  0	  0	  0	  0	  0	  0	  0	  0	  0	  0	  0	  0	  0	  0	  0	  0	  0	  0	  0	  0	  0	 79	 53	 28	 86	  0	 21	  0	  0	  0	  0	  0	  0	  0	  0	  0	  0	  0	  5	21812	  0
10/05/2017	01:02:30	->	L	00000000	 29	 83	 53	 22	  0	259	  0	  4	  4	  4	  4	  4	  4	  4	  4	  0	  0	  0	  0	  0	  0	  0	  0	  0	  0	  0	  0	  0	  0	  0	  0	  0	  0	  0	  0	  0	  0	  0	  0	 79	 53	 28	 83	  0	 23	  0	  0	  0	  0	  0	  0	  0	  0	  0	  0	  0	  5	21812	  0
10/05/2017	01:07:31	->	L	00000000	 29	 85	 54	 23	  0	264	  0	  4	  4	  4	  4	  4	  4	  4	  4	  0	  0	  0	  0	  0	  0	  0	  0	  0	  0	  0	  0	  0	  0	  0	  0	  0	  0	  0	  0	  0	  0	  0	  0	 79	 54	 27	 85	  0	 23	  0	  0	  0	  0	  0	  0	  0	  0	  0	  0	  0	  5	21812	  0
10/05/2017	01:12:31	->	L	00000000	 29	 86	 53	 20	  0	269	  0	  4	  4	  4	  4	  4	  4	  4	  4	  0	  0	  0	  0	  0	  0	  0	  0	  0	  0	  0	  0	  0	  0	  0	  0	  0	  0	  0	  0	  0	  0	  0	  0	 79	 53	 28	 86	  0	 21	  0	  0	  0	  0	  0	  0	  0	  0	  0	  0	  0	  5	21812	  0
10/05/2017	01:17:31	->	L	00000000	 29	 86	 53	 22	  0	274	  0	  4	  4	  4	  4	  4	  4	  4	  4	  0	  0	  0	  0	  0	  0	  0	  0	  0	  0	  0	  0	  0	  0	  0	  0	  0	  0	  0	  0	  0	  0	  0	  0	 79	 53	 28	 86	  0	 22	  0	  0	  0	  0	  0	  0	  0	  0	  0	  0	  0	  5	21812	  0
10/05/2017	01:22:31	->	L	00000000	 29	 83	 53	 22	  0	279	  0	  4	  4	  4	  4	  4	  4	  4	  4	  0	  0	  0	  0	  0	  0	  0	  0	  0	  0	  0	  0	  0	  0	  0	  0	  0	  0	  0	  0	  0	  0	  0	  0	 79	 53	 28	 83	  0	 23	  0	  0	  0	  0	  0	  0	  0	  0	  0	  0	  0	  5	21812	  0
10/05/2017	01:27:31	->	L	00000000	 29	 84	 53	 22	  0	284	  0	  4	  4	  4	  4	  4	  4	  4	  4	  0	  0	  0	  0	  0	  0	  0	  0	  0	  0	  0	  0	  0	  0	  0	  0	  0	  0	  0	  0	  0	  0	  0	  0	 79	 53	 28	 84	  0	 22	  0	  0	  0	  0	  0	  0	  0	  0	  0	  0	  0	  5	21812	  0
10/05/2017	01:32:31	->	L	00000000	 29	 85	 53	 21	  0	289	  0	  4	  4	  4	  4	  4	  4	  4	  4	  0	  0	  0	  0	  0	  0	  0	  0	  0	  0	  0	  0	  0	  0	  0	  0	  0	  0	  0	  0	  0	  0	  0	  0	 79	 53	 28	 85	  0	 21	  0	  0	  0	  0	  0	  0	  0	  0	  0	  0	  0	  5	21812	  0
10/05/2017	01:37:31	->	L	00000000	 29	 87	 53	 20	  0	294	  0	  4	  4	  4	  4	  4	  4	  4	  4	  0	  0	  0	  0	  0	  0	  0	  0	  0	  0	  0	  0	  0	  0	  0	  0	  0	  0	  0	  0	  0	  0	  0	  0	 80	 53	 26	 87	  0	 20	  0	  0	  0	  0	  0	  0	  0	  0	  0	  0	  0	  5	21812	  0
10/05/2017	01:42:31	->	L	00000000	 29	 85	 53	 21	  0	299	  0	  4	  4	  4	  4	  4	  4	  4	  4	  0	  0	  0	  0	  0	  0	  0	  0	  0	  0	  0	  0	  0	  0	  0	  0	  0	  0	  0	  0	  0	  0	  0	  0	 79	 53	 28	 85	  0	 22	  0	  0	  0	  0	  0	  0	  0	  0	  0	  0	  0	  5	21812	  0
10/05/2017	01:47:31	->	L	00000000	 29	 84	 52	 23	  0	304	  0	  4	  4	  4	  4	  4	  4	  4	  4	  0	  0	  0	  0	  0	  0	  0	  0	  0	  0	  0	  0	  0	  0	  0	  0	  0	  0	  0	  0	  0	  0	  0	  0	 79	 52	 25	 84	  0	 21	  0	  0	  0	  0	  0	  0	  0	  0	  0	  0	  0	  5	21812	  0
10/05/2017	01:52:31	->	L	00000000	 29	 85	 53	 22	  0	309	  0	  4	  4	  4	  4	  4	  4	  4	  4	  0	  0	  0	  0	  0	  0	  0	  0	  0	  0	  0	  0	  0	  0	  0	  0	  0	  0	  0	  0	  0	  0	  0	  0	 80	 53	 26	 85	  0	 22	  0	  0	  0	  0	  0	  0	  0	  0	  0	  0	  0	  5	21812	  0
10/05/2017	01:57:31	->	L	00000000	 29	 86	 53	 20	  0	314	  0	  4	  4	  4	  4	  4	  4	  4	  4	  0	  0	  0	  0	  0	  0	  0	  0	  0	  0	  0	  0	  0	  0	  0	  0	  0	  0	  0	  0	  0	  0	  0	  0	 80	 53	 26	 86	  0	 21	  0	  0	  0	  0	  0	  0	  0	  0	  0	  0	  0	  5	21812	  0
10/05/2017	02:02:31	->	L	00000000	 29	 87	 52	 20	  0	319	  0	  4	  4	  4	  4	  4	  4	  4	  4	  0	  0	  0	  0	  0	  0	  0	  0	  0	  0	  0	  0	  0	  0	  0	  0	  0	  0	  0	  0	  0	  0	  0	  0	 80	 52	 24	 87	  0	 19	  0	  0	  0	  0	  0	  0	  0	  0	  0	  0	  0	  5	21812	  0
10/05/2017	02:07:31	->	L	00000000	 29	 84	 52	 21	  0	324	  0	  4	  4	  4	  4	  4	  4	  4	  4	  0	  0	  0	  0	  0	  0	  0	  0	  0	  0	  0	  0	  0	  0	  0	  0	  0	  0	  0	  0	  0	  0	  0	  0	 80	 52	 24	 84	  0	 21	  0	  0	  0	  0	  0	  0	  0	  0	  0	  0	  0	  5	21812	  0
10/05/2017	02:12:31	->	L	00000000	 29	 85	 52	 21	  0	329	  0	  4	  4	  4	  4	  4	  4	  4	  4	  0	  0	  0	  0	  0	  0	  0	  0	  0	  0	  0	  0	  0	  0	  0	  0	  0	  0	  0	  0	  0	  0	  0	  0	 80	 52	 24	 85	  0	 21	  0	  0	  0	  0	  0	  0	  0	  0	  0	  0	  0	  5	21812	  0
10/05/2017	02:17:31	->	L	00000000	 29	 87	 52	 19	  0	334	  0	  4	  4	  4	  4	  4	  4	  4	  4	  0	  0	  0	  0	  0	  0	  0	  0	  0	  0	  0	  0	  0	  0	  0	  0	  0	  0	  0	  0	  0	  0	  0	  0	 80	 52	 24	 87	  0	 19	  0	  0	  0	  0	  0	  0	  0	  0	  0	  0	  0	  5	21812	  0
10/05/2017	02:22:31	->	L	00000000	 29	 84	 52	 21	  0	339	  0	  4	  4	  4	  4	  4	  4	  4	  4	  0	  0	  0	  0	  0	  0	  0	  0	  0	  0	  0	  0	  0	  0	  0	  0	  0	  0	  0	  0	  0	  0	  0	  0	 80	 52	 24	 84	  0	 21	  0	  0	  0	  0	  0	  0	  0	  0	  0	  0	  0	  5	21812	  0
10/05/2017	02:27:31	->	L	00000000	 29	 85	 52	 21	  0	344	  0	  4	  4	  4	  4	  4	  4	  4	  4	  0	  0	  0	  0	  0	  0	  0	  0	  0	  0	  0	  0	  0	  0	  0	  0	  0	  0	  0	  0	  0	  0	  0	  0	 80	 52	 24	 85	  0	 21	  0	  0	  0	  0	  0	  0	  0	  0	  0	  0	  0	  5	21812	  0
10/05/2017	02:32:31	->	L	00000000	 29	 87	 52	 19	  0	349	  0	  4	  4	  4	  4	  4	  4	  4	  4	  0	  0	  0	  0	  0	  0	  0	  0	  0	  0	  0	  0	  0	  0	  0	  0	  0	  0	  0	  0	  0	  0	  0	  0	 80	 52	 24	 87	  0	 19	  0	  0	  0	  0	  0	  0	  0	  0	  0	  0	  0	  5	21812	  0
10/05/2017	02:37:31	->	L	00000000	 29	 85	 52	 21	  0	354	  0	  4	  4	  4	  4	  4	  4	  4	  4	  0	  0	  0	  0	  0	  0	  0	  0	  0	  0	  0	  0	  0	  0	  0	  0	  0	  0	  0	  0	  0	  0	  0	  0	 80	 52	 24	 85	  0	 21	  0	  0	  0	  0	  0	  0	  0	  0	  0	  0	  0	  5	21812	  0
10/05/2017	02:42:31	->	L	00000000	 29	 84	 52	 21	  0	359	  0	  4	  4	  4	  4	  4	  4	  4	  4	  0	  0	  0	  0	  0	  0	  0	  0	  0	  0	  0	  0	  0	  0	  0	  0	  0	  0	  0	  0	  0	  0	  0	  0	 80	 52	 24	 84	  0	 21	  0	  0	  0	  0	  0	  0	  0	  0	  0	  0	  0	  5	21812	  0
10/05/2017	02:47:31	->	L	00000000	210	 85	 51	 20	  0	  3	  0	  4	  4	  4	  4	  4	  4	  4	  4	  0	  0	  0	  0	  0	  0	  0	  0	  0	  0	  0	  0	  0	  0	  0	  0	  0	  0	  0	  0	  0	  0	  0	  0	 80	 51	 23	 85	  0	 20	  0	  0	  0	  0	  0	  0	  0	  0	  0	  0	  0	  5	21810	  0
10/05/2017	02:52:31	->	L	00000000	210	 86	 51	 19	  0	  8	  0	  4	  4	  4	  4	  4	  4	  4	  4	  0	  0	  0	  0	  0	  0	  0	  0	  0	  0	  0	  0	  0	  0	  0	  0	  0	  0	  0	  0	  0	  0	  0	  0	 80	 51	 23	 86	  0	 19	  0	  0	  0	  0	  0	  0	  0	  0	  0	  0	  0	  5	21810	  0
10/05/2017	02:57:31	<-	L	00000000	210	 83	 51	 21	  0	 13	  0	  4	  4	  4	  4	  4	  4	  4	  4	  0	  0	  0	  0	  0	  0	  0	  0	  0	  0	  0	  0	  0	  0	  0	  0	  0	  0	  0	  0	  0	  0	  0	  0	 79	 51	 24	 83	  0	 21	  0	  0	  0	  0	  0	  0	  0	  0	  0	  0	  0	  5	21810	  0
10/05/2017	03:02:31	<-	L	00000000	210	 85	 52	 21	  0	 18	  0	  4	  4	  4	  4	  4	  4	  4	  4	  0	  0	  0	  0	  0	  0	  0	  0	  0	  0	  0	  0	  0	  0	  0	  0	  0	  0	  0	  0	  0	  0	  0	  0	 85	 52	 21	 80	  0	 24	  0	  0	  0	  0	  0	  0	  0	  0	  0	  0	  0	  5	21810	  0
10/05/2017	03:07:32	<-	L	00000000	210	 85	 51	 20	  0	 23	  0	  4	  4	  4	  4	  4	  4	  4	  4	  0	  0	  0	  0	  0	  0	  0	  0	  0	  0	  0	  0	  0	  0	  0	  0	  0	  0	  0	  0	  0	  0	  0	  0	 85	 51	 20	 80	  0	 23	  0	  0	  0	  0	  0	  0	  0	  0	  0	  0	  0	  5	21810	  0
10/05/2017	03:12:32	<-	L	00000000	210	 87	 51	 18	  0	 28	  0	  4	  4	  4	  4	  4	  4	  4	  4	  0	  0	  0	  0	  0	  0	  0	  0	  0	  0	  0	  0	  0	  0	  0	  0	  0	  0	  0	  0	  0	  0	  0	  0	 87	 51	 18	 79	  0	 24	  0	  0	  0	  0	  0	  0	  0	  0	  0	  0	  0	  5	21810	  0
10/05/2017	03:17:31	<-	L	00000000	210	 85	 50	 19	  0	 33	  0	  4	  4	  4	  4	  4	  4	  4	  4	  0	  0	  0	  0	  0	  0	  0	  0	  0	  0	  0	  0	  0	  0	  0	  0	  0	  0	  0	  0	  0	  0	  0	  0	 85	 50	 19	 79	  0	 23	  0	  0	  0	  0	  0	  0	  0	  0	  0	  0	  0	  5	21810	  0
10/05/2017	03:22:31	<-	L	00000000	210	 85	 50	 18	  0	 38	  0	  4	  4	  4	  4	  4	  4	  4	  4	  0	  0	  0	  0	  0	  0	  0	  0	  0	  0	  0	  0	  0	  0	  0	  0	  0	  0	  0	  0	  0	  0	  0	  0	 85	 50	 19	 79	  0	 23	  0	  0	  0	  0	  0	  0	  0	  0	  0	  0	  0	  5	21810	  0
10/05/2017	03:27:31	<-	L	00000000	210	 89	 51	 17	  0	 43	  0	  4	  4	  4	  4	  4	  4	  4	  4	  0	  0	  0	  0	  0	  0	  0	  0	  0	  0	  0	  0	  0	  0	  0	  0	  0	  0	  0	  0	  0	  0	  0	  0	 89	 51	 17	 80	  0	 23	  0	  0	  0	  0	  0	  0	  0	  0	  0	  0	  0	  5	21810	  0
10/05/2017	03:32:31	<-	L	00000000	210	 84	 50	 19	  0	 48	  0	  4	  4	  4	  4	  4	  4	  4	  4	  0	  0	  0	  0	  0	  0	  0	  0	  0	  0	  0	  0	  0	  0	  0	  0	  0	  0	  0	  0	  0	  0	  0	  0	 84	 50	 19	 79	  0	 23	  0	  0	  0	  0	  0	  0	  0	  0	  0	  0	  0	  5	21810	  0
10/05/2017	03:37:31	<-	L	00000000	210	 89	 51	 17	  0	 53	  0	  4	  4	  4	  4	  4	  4	  4	  4	  0	  0	  0	  0	  0	  0	  0	  0	  0	  0	  0	  0	  0	  0	  0	  0	  0	  0	  0	  0	  0	  0	  0	  0	 89	 51	 17	 80	  0	 23	  0	  0	  0	  0	  0	  0	  0	  0	  0	  0	  0	  5	21810	  0
10/05/2017	03:42:31	<-	L	00000000	210	 85	 50	 19	  0	 58	  0	  4	  4	  4	  4	  4	  4	  4	  4	  0	  0	  0	  0	  0	  0	  0	  0	  0	  0	  0	  0	  0	  0	  0	  0	  0	  0	  0	  0	  0	  0	  0	  0	 85	 50	 19	 79	  0	 23	  0	  0	  0	  0	  0	  0	  0	  0	  0	  0	  0	  5	21810	  0
10/05/2017	03:47:31	<-	L	00000000	210	 89	 51	 17	  0	 63	  0	  4	  4	  4	  4	  4	  4	  4	  4	  0	  0	  0	  0	  0	  0	  0	  0	  0	  0	  0	  0	  0	  0	  0	  0	  0	  0	  0	  0	  0	  0	  0	  0	 89	 51	 17	 80	  0	 23	  0	  0	  0	  0	  0	  0	  0	  0	  0	  0	  0	  5	21810	  0
10/05/2017	03:52:31	<-	L	00000000	210	 87	 50	 17	  0	 68	  0	  4	  4	  4	  4	  4	  4	  4	  4	  0	  0	  0	  0	  0	  0	  0	  0	  0	  0	  0	  0	  0	  0	  0	  0	  0	  0	  0	  0	  0	  0	  0	  0	 87	 50	 17	 80	  0	 22	  0	  0	  0	  0	  0	  0	  0	  0	  0	  0	  0	  5	21810	  0
10/05/2017	03:57:31	<-	L	00000000	210	 84	 50	 18	  0	 73	  0	  4	  4	  4	  4	  4	  4	  4	  4	  0	  0	  0	  0	  0	  0	  0	  0	  0	  0	  0	  0	  0	  0	  0	  0	  0	  0	  0	  0	  0	  0	  0	  0	 84	 50	 19	 79	  0	 23	  0	  0	  0	  0	  0	  0	  0	  0	  0	  0	  0	  5	21810	  0
10/05/2017	04:02:31	<-	L	00000000	210	 89	 50	 17	  0	 78	  0	  4	  4	  4	  4	  4	  4	  4	  4	  0	  0	  0	  0	  0	  0	  0	  0	  0	  0	  0	  0	  0	  0	  0	  0	  0	  0	  0	  0	  0	  0	  0	  0	 89	 50	 16	 80	  0	 22	  0	  0	  0	  0	  0	  0	  0	  0	  0	  0	  0	  5	21810	  0
10/05/2017	04:07:31	<-	L	00000000	210	 84	 50	 19	  0	 83	  0	  4	  4	  4	  4	  4	  4	  4	  4	  0	  0	  0	  0	  0	  0	  0	  0	  0	  0	  0	  0	  0	  0	  0	  0	  0	  0	  0	  0	  0	  0	  0	  0	 84	 50	 19	 80	  0	 22	  0	  0	  0	  0	  0	  0	  0	  0	  0	  0	  0	  5	21810	  0
10/05/2017	04:12:31	<-	L	00000000	210	 89	 51	 17	  0	 88	  0	  4	  4	  4	  4	  4	  4	  4	  4	  0	  0	  0	  0	  0	  0	  0	  0	  0	  0	  0	  0	  0	  0	  0	  0	  0	  0	  0	  0	  0	  0	  0	  0	 89	 51	 17	 80	  0	 23	  0	  0	  0	  0	  0	  0	  0	  0	  0	  0	  0	  5	21810	  0
10/05/2017	04:17:31	<-	L	00000000	210	 88	 50	 18	  0	 93	  0	  4	  4	  4	  4	  4	  4	  4	  4	  0	  0	  0	  0	  0	  0	  0	  0	  0	  0	  0	  0	  0	  0	  0	  0	  0	  0	  0	  0	  0	  0	  0	  0	 88	 50	 17	 80	  0	 22	  0	  0	  0	  0	  0	  0	  0	  0	  0	  0	  0	  5	21810	  0
10/05/2017	04:22:31	<-	L	00000000	210	 84	 50	 19	  0	 98	  0	  4	  4	  4	  4	  4	  4	  4	  4	  0	  0	  0	  0	  0	  0	  0	  0	  0	  0	  0	  0	  0	  0	  0	  0	  0	  0	  0	  0	  0	  0	  0	  0	 84	 50	 19	 79	  0	 23	  0	  0	  0	  0	  0	  0	  0	  0	  0	  0	  0	  5	21810	  0
10/05/2017	04:27:31	<-	L	00000000	210	 86	 50	 18	  0	103	  0	  4	  4	  4	  4	  4	  4	  4	  4	  0	  0	  0	  0	  0	  0	  0	  0	  0	  0	  0	  0	  0	  0	  0	  0	  0	  0	  0	  0	  0	  0	  0	  0	 86	 50	 18	 80	  0	 22	  0	  0	  0	  0	  0	  0	  0	  0	  0	  0	  0	  5	21810	  0
10/05/2017	04:32:31	<-	L	00000000	210	 87	 50	 17	  0	108	  0	  4	  4	  4	  4	  4	  4	  4	  4	  0	  0	  0	  0	  0	  0	  0	  0	  0	  0	  0	  0	  0	  0	  0	  0	  0	  0	  0	  0	  0	  0	  0	  0	 87	 50	 17	 80	  0	 22	  0	  0	  0	  0	  0	  0	  0	  0	  0	  0	  0	  5	21810	  0
10/05/2017	04:37:31	<-	L	00000000	210	 84	 50	 19	  0	113	  0	  4	  4	  4	  4	  4	  4	  4	  4	  0	  0	  0	  0	  0	  0	  0	  0	  0	  0	  0	  0	  0	  0	  0	  0	  0	  0	  0	  0	  0	  0	  0	  0	 84	 50	 19	 79	  0	 23	  0	  0	  0	  0	  0	  0	  0	  0	  0	  0	  0	  5	21810	  0
10/05/2017	04:42:31	<-	L	00000000	210	 86	 50	 17	  0	118	  0	  4	  4	  4	  4	  4	  4	  4	  4	  0	  0	  0	  0	  0	  0	  0	  0	  0	  0	  0	  0	  0	  0	  0	  0	  0	  0	  0	  0	  0	  0	  0	  0	 86	 50	 18	 80	  0	 22	  0	  0	  0	  0	  0	  0	  0	  0	  0	  0	  0	  5	21810	  0
10/05/2017	04:47:31	<-	L	00000000	210	 85	 50	 18	  0	123	  0	  4	  4	  4	  4	  4	  4	  4	  4	  0	  0	  0	  0	  0	  0	  0	  0	  0	  0	  0	  0	  0	  0	  0	  0	  0	  0	  0	  0	  0	  0	  0	  0	 85	 50	 19	 79	  0	 23	  0	  0	  0	  0	  0	  0	  0	  0	  0	  0	  0	  5	21810	  0
10/05/2017	04:52:32	<-	L	00000000	210	 86	 50	 18	  0	128	  0	  4	  4	  4	  4	  4	  4	  4	  4	  0	  0	  0	  0	  0	  0	  0	  0	  0	  0	  0	  0	  0	  0	  0	  0	  0	  0	  0	  0	  0	  0	  0	  0	 86	 50	 18	 80	  0	 22	  0	  0	  0	  0	  0	  0	  0	  0	  0	  0	  0	  5	21810	  0
10/05/2017	04:57:32	<-	L	00000000	210	 87	 50	 18	  0	133	  0	  4	  4	  4	  4	  4	  4	  4	  4	  0	  0	  0	  0	  0	  0	  0	  0	  0	  0	  0	  0	  0	  0	  0	  0	  0	  0	  0	  0	  0	  0	  0	  0	 87	 50	 17	 80	  0	 22	  0	  0	  0	  0	  0	  0	  0	  0	  0	  0	  0	  5	21810	  0
10/05/2017	05:02:32	<-	L	00000000	210	 84	 50	 19	  0	138	  0	  4	  4	  4	  4	  4	  4	  4	  4	  0	  0	  0	  0	  0	  0	  0	  0	  0	  0	  0	  0	  0	  0	  0	  0	  0	  0	  0	  0	  0	  0	  0	  0	 84	 50	 19	 80	  0	 22	  0	  0	  0	  0	  0	  0	  0	  0	  0	  0	  0	  5	21810	  0
10/05/2017	05:07:32	<-	L	00000000	210	 87	 50	 17	  0	143	  0	  4	  4	  4	  4	  4	  4	  4	  4	  0	  0	  0	  0	  0	  0	  0	  0	  0	  0	  0	  0	  0	  0	  0	  0	  0	  0	  0	  0	  0	  0	  0	  0	 87	 50	 17	 80	  0	 22	  0	  0	  0	  0	  0	  0	  0	  0	  0	  0	  0	  5	21810	  0
10/05/2017	05:12:32	<-	L	00000000	210	 84	 49	 18	  0	148	  0	  4	  4	  4	  4	  4	  4	  4	  4	  0	  0	  0	  0	  0	  0	  0	  0	  0	  0	  0	  0	  0	  0	  0	  0	  0	  0	  0	  0	  0	  0	  0	  0	 84	 49	 18	 79	  0	 21	  0	  0	  0	  0	  0	  0	  0	  0	  0	  0	  0	  5	21810	  0
10/05/2017	05:17:32	<-	L	00000000	210	 87	 50	 17	  0	153	  0	  4	  4	  4	  4	  4	  4	  4	  4	  0	  0	  0	  0	  0	  0	  0	  0	  0	  0	  0	  0	  0	  0	  0	  0	  0	  0	  0	  0	  0	  0	  0	  0	 87	 50	 17	 80	  0	 22	  0	  0	  0	  0	  0	  0	  0	  0	  0	  0	  0	  5	21810	  0
10/05/2017	05:22:32	<-	L	00000000	210	 84	 49	 18	  0	158	  0	  4	  4	  4	  4	  4	  4	  4	  4	  0	  0	  0	  0	  0	  0	  0	  0	  0	  0	  0	  0	  0	  0	  0	  0	  0	  0	  0	  0	  0	  0	  0	  0	 84	 49	 18	 80	  0	 21	  0	  0	  0	  0	  0	  0	  0	  0	  0	  0	  0	  5	21810	  0
10/05/2017	05:27:32	<-	L	00000000	210	 88	 50	 17	  0	163	  0	  4	  4	  4	  4	  4	  4	  4	  4	  0	  0	  0	  0	  0	  0	  0	  0	  0	  0	  0	  0	  0	  0	  0	  0	  0	  0	  0	  0	  0	  0	  0	  0	 88	 50	 17	 80	  0	 22	  0	  0	  0	  0	  0	  0	  0	  0	  0	  0	  0	  5	21810	  0
10/05/2017	05:32:32	<-	L	00000000	210	 84	 49	 19	  0	168	  0	  4	  4	  4	  4	  4	  4	  4	  4	  0	  0	  0	  0	  0	  0	  0	  0	  0	  0	  0	  0	  0	  0	  0	  0	  0	  0	  0	  0	  0	  0	  0	  0	 84	 49	 18	 80	  0	 21	  0	  0	  0	  0	  0	  0	  0	  0	  0	  0	  0	  5	21810	  0
10/05/2017	05:37:32	<-	L	00000000	210	 89	 50	 16	  0	173	  0	  4	  4	  4	  4	  4	  4	  4	  4	  0	  0	  0	  0	  0	  0	  0	  0	  0	  0	  0	  0	  0	  0	  0	  0	  0	  0	  0	  0	  0	  0	  0	  0	 89	 50	 16	 81	  0	 21	  0	  0	  0	  0	  0	  0	  0	  0	  0	  0	  0	  5	21810	  0
10/05/2017	05:42:32	<-	L	00000000	210	 87	 50	 17	  0	178	  0	  4	  4	  4	  4	  4	  4	  4	  4	  0	  0	  0	  0	  0	  0	  0	  0	  0	  0	  0	  0	  0	  0	  0	  0	  0	  0	  0	  0	  0	  0	  0	  0	 87	 50	 17	 81	  0	 21	  0	  0	  0	  0	  0	  0	  0	  0	  0	  0	  0	  5	21810	  0
10/05/2017	05:47:32	<-	L	00000000	210	 84	 49	 18	  0	183	  0	  4	  4	  4	  4	  4	  4	  4	  4	  0	  0	  0	  0	  0	  0	  0	  0	  0	  0	  0	  0	  0	  0	  0	  0	  0	  0	  0	  0	  0	  0	  0	  0	 84	 49	 18	 80	  0	 21	  0	  0	  0	  0	  0	  0	  0	  0	  0	  0	  0	  5	21810	  0
10/05/2017	05:52:32	<-	L	00000000	210	 82	 49	 19	  0	188	  0	  4	  4	  4	  4	  4	  4	  4	  4	  0	  0	  0	  0	  0	  0	  0	  0	  0	  0	  0	  0	  0	  0	  0	  0	  0	  0	  0	  0	  0	  0	  0	  0	 82	 49	 20	 80	  0	 21	  0	  0	  0	  0	  0	  0	  0	  0	  0	  0	  0	  5	21810	  0
10/05/2017	05:57:31	<-	L	00000000	210	 85	 49	 18	  0	193	  0	  4	  4	  4	  4	  4	  4	  4	  4	  0	  0	  0	  0	  0	  0	  0	  0	  0	  0	  0	  0	  0	  0	  0	  0	  0	  0	  0	  0	  0	  0	  0	  0	 85	 49	 18	 80	  0	 21	  0	  0	  0	  0	  0	  0	  0	  0	  0	  0	  0	  5	21810	  0
10/05/2017	06:02:31	<-	L	00000000	210	 87	 50	 18	  0	198	  0	  4	  4	  4	  4	  4	  4	  4	  4	  0	  0	  0	  0	  0	  0	  0	  0	  0	  0	  0	  0	  0	  0	  0	  0	  0	  0	  0	  0	  0	  0	  0	  0	 87	 50	 17	 81	  0	 21	  0	  0	  0	  0	  0	  0	  0	  0	  0	  0	  0	  5	21810	  0
10/05/2017	06:07:31	<-	L	00000000	210	 88	 50	 16	  0	203	  0	  4	  4	  4	  4	  4	  4	  4	  4	  0	  0	  0	  0	  0	  0	  0	  0	  0	  0	  0	  0	  0	  0	  0	  0	  0	  0	  0	  0	  0	  0	  0	  0	 88	 50	 17	 81	  0	 21	  0	  0	  0	  0	  0	  0	  0	  0	  0	  0	  0	  5	21810	  0
10/05/2017	06:12:31	<-	L	00000000	210	 85	 49	 19	  0	208	  0	  4	  4	  4	  4	  4	  4	  4	  4	  0	  0	  0	  0	  0	  0	  0	  0	  0	  0	  0	  0	  0	  0	  0	  0	  0	  0	  0	  0	  0	  0	  0	  0	 85	 49	 18	 81	  0	 20	  0	  0	  0	  0	  0	  0	  0	  0	  0	  0	  0	  5	21810	  0
10/05/2017	06:17:31	<-	L	00000000	210	 89	 50	 17	  0	213	  0	  4	  4	  4	  4	  4	  4	  4	  4	  0	  0	  0	  0	  0	  0	  0	  0	  0	  0	  0	  0	  0	  0	  0	  0	  0	  0	  0	  0	  0	  0	  0	  0	 89	 50	 16	 81	  0	 21	  0	  0	  0	  0	  0	  0	  0	  0	  0	  0	  0	  5	21810	  0
10/05/2017	06:22:31	<-	L	00000000	210	 88	 50	 16	  0	218	  0	  4	  4	  4	  4	  4	  4	  4	  4	  0	  0	  0	  0	  0	  0	  0	  0	  0	  0	  0	  0	  0	  0	  0	  0	  0	  0	  0	  0	  0	  0	  0	  0	 88	 50	 17	 81	  0	 21	  0	  0	  0	  0	  0	  0	  0	  0	  0	  0	  0	  5	21810	  0
10/05/2017	06:27:32	<-	L	00000000	210	 85	 50	 18	  0	223	  0	  4	  4	  4	  4	  4	  4	  4	  4	  0	  0	  0	  0	  0	  0	  0	  0	  0	  0	  0	  0	  0	  0	  0	  0	  0	  0	  0	  0	  0	  0	  0	  0	 85	 50	 19	 81	  0	 21	  0	  0	  0	  0	  0	  0	  0	  0	  0	  0	  0	  5	21810	  0
10/05/2017	06:32:32	<-	L	00000000	210	 86	 50	 18	  0	228	  0	  4	  4	  4	  4	  4	  4	  4	  4	  0	  0	  0	  0	  0	  0	  0	  0	  0	  0	  0	  0	  0	  0	  0	  0	  0	  0	  0	  0	  0	  0	  0	  0	 86	 50	 18	 81	  0	 21	  0	  0	  0	  0	  0	  0	  0	  0	  0	  0	  0	  5	21810	  0
10/05/2017	06:37:32	<-	L	00000000	210	 89	 50	 16	  0	233	  0	  4	  4	  4	  4	  4	  4	  4	  4	  0	  0	  0	  0	  0	  0	  0	  0	  0	  0	  0	  0	  0	  0	  0	  0	  0	  0	  0	  0	  0	  0	  0	  0	 89	 50	 16	 82	  0	 21	  0	  0	  0	  0	  0	  0	  0	  0	  0	  0	  0	  5	21810	  0
10/05/2017	06:42:32	<-	L	00000000	210	 86	 50	 17	  0	238	  0	  4	  4	  4	  4	  4	  4	  4	  4	  0	  0	  0	  0	  0	  0	  0	  0	  0	  0	  0	  0	  0	  0	  0	  0	  0	  0	  0	  0	  0	  0	  0	  0	 86	 50	 18	 81	  0	 21	  0	  0	  0	  0	  0	  0	  0	  0	  0	  0	  0	  5	21810	  0
10/05/2017	06:47:32	<-	L	00000000	210	 84	 49	 18	  0	243	  0	  4	  4	  4	  4	  4	  4	  4	  4	  0	  0	  0	  0	  0	  0	  0	  0	  0	  0	  0	  0	  0	  0	  0	  0	  0	  0	  0	  0	  0	  0	  0	  0	 84	 49	 18	 81	  0	 20	  0	  0	  0	  0	  0	  0	  0	  0	  0	  0	  0	  5	21810	  0
10/05/2017	06:52:32	<-	L	00000000	210	 87	 50	 18	  0	248	  0	  4	  4	  4	  4	  4	  4	  4	  4	  0	  0	  0	  0	  0	  0	  0	  0	  0	  0	  0	  0	  0	  0	  0	  0	  0	  0	  0	  0	  0	  0	  0	  0	 87	 50	 17	 81	  0	 21	  0	  0	  0	  0	  0	  0	  0	  0	  0	  0	  0	  5	21810	  0
10/05/2017	07:07:32	<-	L	00000000	210	 55	 34	 28	  0	252	  0	  4	  4	  4	  4	  4	  4	  4	  4	  0	  0	  0	  0	  0	  0	  0	  0	  0	  0	  0	  0	  0	  0	  0	  0	  0	  0	  0	  0	  0	  0	  0	  0	 54	 34	 26	 55	  0	 23	  0	  0	  0	  0	  0	  0	  0	  0	  0	  0	  0	  5	21810	  0
10/05/2017	07:12:32	->	L	00000000	 30	 84	 45	 14	  0	  3	  0	  4	  4	  4	  4	  4	  4	  4	  4	  0	  0	  0	  0	  0	  0	  0	  0	  0	  0	  0	  0	  0	  0	  0	  0	  0	  0	  0	  0	  0	  0	  0	  0	 77	 45	 18	 84	  0	 14	  0	  0	  0	  0	  0	  0	  0	  0	  0	  0	  0	  5	20550	  1
10/05/2017	07:17:32	->	L	00000000	 30	 80	 49	 20	  0	  8	  0	  4	  4	  4	  4	  4	  4	  4	  4	  0	  0	  0	  0	  0	  0	  0	  0	  0	  0	  0	  0	  0	  0	  0	  0	  0	  0	  0	  0	  0	  0	  0	  0	 78	 49	 22	 80	  0	 21	  0	  0	  0	  0	  0	  0	  0	  0	  0	  0	  0	  5	20550	  1
10/05/2017	07:22:32	->	L	00000000	 30	 81	 57	 28	  0	 13	  0	  4	  4	  4	  4	  4	  4	  4	  4	  0	  0	  0	  0	  0	  0	  0	  0	  0	  0	  0	  0	  0	  0	  0	  0	  0	  0	  0	  0	  0	  0	  0	  0	 80	 57	 30	 81	  0	 31	  0	  0	  0	  0	  0	  0	  0	  0	  0	  0	  0	  5	20550	  1
10/05/2017	07:27:32	->	L	00000000	 30	 82	 62	 38	  0	 18	  0	  4	  4	  4	  4	  4	  4	  4	  4	  0	  0	  0	  0	  0	  0	  0	  0	  0	  0	  0	  0	  0	  0	  0	  0	  0	  0	  0	  0	  0	  0	  0	  0	 82	 62	 38	 82	  0	 38	  0	  0	  0	  0	  0	  0	  0	  0	  0	  0	  0	  5	20550	  1
10/05/2017	07:32:32	->	L	00000000	 30	 84	 65	 41	  0	 23	  0	  4	  4	  4	  4	  4	  4	  4	  4	  0	  0	  0	  0	  0	  0	  0	  0	  0	  0	  0	  0	  0	  0	  0	  0	  0	  0	  0	  0	  0	  0	  0	  0	 83	 65	 44	 84	  0	 41	  0	  0	  0	  0	  0	  0	  0	  0	  0	  0	  0	  5	20550	  1
10/05/2017	07:37:32	->	L	00000000	 30	 85	 67	 44	  0	 28	  0	  4	  4	  4	  4	  4	  4	  4	  4	  0	  0	  0	  0	  0	  0	  0	  0	  0	  0	  0	  0	  0	  0	  0	  0	  0	  0	  0	  0	  0	  0	  0	  0	 84	 67	 46	 85	  0	 44	  0	  0	  0	  0	  0	  0	  0	  0	  0	  0	  0	  5	20550	  1
10/05/2017	07:42:32	->	L	00000000	 30	 85	 69	 49	  0	 33	  0	  4	  4	  4	  4	  4	  4	  4	  4	  0	  0	  0	  0	  0	  0	  0	  0	  0	  0	  0	  0	  0	  0	  0	  0	  0	  0	  0	  0	  0	  0	  0	  0	 85	 69	 49	 85	  0	 49	  0	  0	  0	  0	  0	  0	  0	  0	  0	  0	  0	  5	20550	  1
10/05/2017	07:47:32	->	L	00000000	 30	 86	 68	 45	  0	 38	  0	  4	  4	  4	  4	  4	  4	  4	  4	  0	  0	  0	  0	  0	  0	  0	  0	  0	  0	  0	  0	  0	  0	  0	  0	  0	  0	  0	  0	  0	  0	  0	  0	 86	 68	 45	 86	  0	 45	  0	  0	  0	  0	  0	  0	  0	  0	  0	  0	  0	  5	20550	  1
10/05/2017	07:52:32	->	L	00000000	 30	 86	 69	 47	  0	 43	  0	  4	  4	  4	  4	  4	  4	  4	  4	  0	  0	  0	  0	  0	  0	  0	  0	  0	  0	  0	  0	  0	  0	  0	  0	  0	  0	  0	  0	  0	  0	  0	  0	 86	 69	 47	 86	  0	 47	  0	  0	  0	  0	  0	  0	  0	  0	  0	  0	  0	  5	20550	  1
10/05/2017	07:57:32	->	L	00000000	 30	 86	 68	 47	  0	 48	  0	  4	  4	  4	  4	  4	  4	  4	  4	  0	  0	  0	  0	  0	  0	  0	  0	  0	  0	  0	  0	  0	  0	  0	  0	  0	  0	  0	  0	  0	  0	  0	  0	 86	 68	 45	 86	  0	 45	  0	  0	  0	  0	  0	  0	  0	  0	  0	  0	  0	  5	20550	  1
10/05/2017	08:02:32	->	L	00000000	 30	 87	 69	 45	  0	 53	  0	  4	  4	  4	  4	  4	  4	  4	  4	  0	  0	  0	  0	  0	  0	  0	  0	  0	  0	  0	  0	  0	  0	  0	  0	  0	  0	  0	  0	  0	  0	  0	  0	 87	 69	 45	 86	  0	 47	  0	  0	  0	  0	  0	  0	  0	  0	  0	  0	  0	  5	20550	  1
10/05/2017	08:07:32	->	L	00000000	 30	 87	 69	 45	  0	 58	  0	  4	  4	  4	  4	  4	  4	  4	  4	  0	  0	  0	  0	  0	  0	  0	  0	  0	  0	  0	  0	  0	  0	  0	  0	  0	  0	  0	  0	  0	  0	  0	  0	 87	 69	 45	 87	  0	 45	  0	  0	  0	  0	  0	  0	  0	  0	  0	  0	  0	  5	20550	  1
10/05/2017	08:12:32	->	L	00000000	 30	 87	 69	 45	  0	 63	  0	  4	  4	  4	  4	  4	  4	  4	  4	  0	  0	  0	  0	  0	  0	  0	  0	  0	  0	  0	  0	  0	  0	  0	  0	  0	  0	  0	  0	  0	  0	  0	  0	 87	 69	 45	 87	  0	 45	  0	  0	  0	  0	  0	  0	  0	  0	  0	  0	  0	  5	20550	  1
10/05/2017	08:17:32	->	L	00000000	 30	 87	 70	 47	  0	 68	  0	  4	  4	  4	  4	  4	  4	  4	  4	  0	  0	  0	  0	  0	  0	  0	  0	  0	  0	  0	  0	  0	  0	  0	  0	  0	  0	  0	  0	  0	  0	  0	  0	 87	 70	 47	 87	  0	 47	  0	  0	  0	  0	  0	  0	  0	  0	  0	  0	  0	  5	20550	  1
10/05/2017	08:22:32	->	L	00000000	 30	 87	 70	 47	  0	 73	  0	  4	  4	  4	  4	  4	  4	  4	  4	  0	  0	  0	  0	  0	  0	  0	  0	  0	  0	  0	  0	  0	  0	  0	  0	  0	  0	  0	  0	  0	  0	  0	  0	 87	 70	 47	 87	  0	 47	  0	  0	  0	  0	  0	  0	  0	  0	  0	  0	  0	  5	20550	  1
10/05/2017	08:27:32	->	L	00000000	 30	 87	 69	 45	  0	 78	  0	  4	  4	  4	  4	  4	  4	  4	  4	  0	  0	  0	  0	  0	  0	  0	  0	  0	  0	  0	  0	  0	  0	  0	  0	  0	  0	  0	  0	  0	  0	  0	  0	 87	 69	 45	 87	  0	 45	  0	  0	  0	  0	  0	  0	  0	  0	  0	  0	  0	  5	20550	  1
10/05/2017	08:32:32	->	L	00000000	 30	 87	 69	 45	  0	 83	  0	  4	  4	  4	  4	  4	  4	  4	  4	  0	  0	  0	  0	  0	  0	  0	  0	  0	  0	  0	  0	  0	  0	  0	  0	  0	  0	  0	  0	  0	  0	  0	  0	 87	 69	 45	 87	  0	 45	  0	  0	  0	  0	  0	  0	  0	  0	  0	  0	  0	  5	20550	  1
10/05/2017	08:37:32	->	L	00000000	 30	 87	 69	 45	  0	 88	  0	  4	  4	  4	  4	  4	  4	  4	  4	  0	  0	  0	  0	  0	  0	  0	  0	  0	  0	  0	  0	  0	  0	  0	  0	  0	  0	  0	  0	  0	  0	  0	  0	 87	 69	 45	 87	  0	 45	  0	  0	  0	  0	  0	  0	  0	  0	  0	  0	  0	  5	20550	  1
10/05/2017	08:42:32	->	L	00000000	 30	 87	 68	 43	  0	 93	  0	  4	  4	  4	  4	  4	  4	  4	  4	  0	  0	  0	  0	  0	  0	  0	  0	  0	  0	  0	  0	  0	  0	  0	  0	  0	  0	  0	  0	  0	  0	  0	  0	 87	 68	 43	 87	  0	 43	  0	  0	  0	  0	  0	  0	  0	  0	  0	  0	  0	  5	20550	  1
10/05/2017	08:47:32	->	L	00000000	 30	 87	 69	 45	  0	 98	  0	  4	  4	  4	  4	  4	  4	  4	  4	  0	  0	  0	  0	  0	  0	  0	  0	  0	  0	  0	  0	  0	  0	  0	  0	  0	  0	  0	  0	  0	  0	  0	  0	 87	 69	 45	 87	  0	 45	  0	  0	  0	  0	  0	  0	  0	  0	  0	  0	  0	  5	20550	  1
10/05/2017	08:52:32	->	L	00000000	 30	 87	 68	 43	  0	103	  0	  4	  4	  4	  4	  4	  4	  4	  4	  0	  0	  0	  0	  0	  0	  0	  0	  0	  0	  0	  0	  0	  0	  0	  0	  0	  0	  0	  0	  0	  0	  0	  0	 87	 68	 43	 87	  0	 43	  0	  0	  0	  0	  0	  0	  0	  0	  0	  0	  0	  5	20550	  1
10/05/2017	08:57:32	->	L	00000000	 30	 87	 67	 43	  0	108	  0	  4	  4	  4	  4	  4	  4	  4	  4	  0	  0	  0	  0	  0	  0	  0	  0	  0	  0	  0	  0	  0	  0	  0	  0	  0	  0	  0	  0	  0	  0	  0	  0	 87	 67	 41	 86	  0	 42	  0	  0	  0	  0	  0	  0	  0	  0	  0	  0	  0	  5	20550	  1
10/05/2017	09:02:32	->	L	00000000	 30	 86	 66	 40	  0	113	  0	  4	  4	  4	  4	  4	  4	  4	  4	  0	  0	  0	  0	  0	  0	  0	  0	  0	  0	  0	  0	  0	  0	  0	  0	  0	  0	  0	  0	  0	  0	  0	  0	 86	 66	 40	 86	  0	 40	  0	  0	  0	  0	  0	  0	  0	  0	  0	  0	  0	  5	20550	  1
10/05/2017	09:07:32	->	L	00000000	 30	 86	 65	 37	  0	118	  0	  4	  4	  4	  4	  4	  4	  4	  4	  0	  0	  0	  0	  0	  0	  0	  0	  0	  0	  0	  0	  0	  0	  0	  0	  0	  0	  0	  0	  0	  0	  0	  0	 86	 65	 37	 86	  0	 37	  0	  0	  0	  0	  0	  0	  0	  0	  0	  0	  0	  5	20550	  1
10/05/2017	09:12:32	<-	L	00000000	 40	 85	 63	 36	  0	  2	  0	  4	  4	  4	  4	  4	  4	  4	  4	  0	  0	  0	  0	  0	  0	  0	  0	  0	  0	  0	  0	  0	  0	  0	  0	  0	  0	  0	  0	  0	  0	  0	  0	 85	 63	 36	 84	  0	 36	  0	  0	  0	  0	  0	  0	  0	  0	  0	  0	  0	  5	15410	  0
10/05/2017	09:17:32	<-	L	00000000	 40	 82	 55	 26	  0	  7	  0	  4	  4	  4	  4	  4	  4	  4	  4	  0	  0	  0	  0	  0	  0	  0	  0	  0	  0	  0	  0	  0	  0	  0	  0	  0	  0	  0	  0	  0	  0	  0	  0	 82	 55	 26	 82	  0	 26	  0	  0	  0	  0	  0	  0	  0	  0	  0	  0	  0	  5	15410	  0
10/05/2017	09:22:32	<-	L	00000000	 40	 81	 53	 25	  0	 12	  0	  4	  4	  4	  4	  4	  4	  4	  4	  0	  0	  0	  0	  0	  0	  0	  0	  0	  0	  0	  0	  0	  0	  0	  0	  0	  0	  0	  0	  0	  0	  0	  0	 81	 53	 25	 81	  0	 25	  0	  0	  0	  0	  0	  0	  0	  0	  0	  0	  0	  5	15410	  0
10/05/2017	09:27:32	<-	L	00000000	 40	 81	 53	 25	  0	 17	  0	  4	  4	  4	  4	  4	  4	  4	  4	  0	  0	  0	  0	  0	  0	  0	  0	  0	  0	  0	  0	  0	  0	  0	  0	  0	  0	  0	  0	  0	  0	  0	  0	 81	 53	 25	 80	  0	 26	  0	  0	  0	  0	  0	  0	  0	  0	  0	  0	  0	  5	15410	  0
10/05/2017	09:32:32	<-	L	00000000	 40	 80	 52	 24	  0	 22	  0	  4	  4	  4	  4	  4	  4	  4	  4	  0	  0	  0	  0	  0	  0	  0	  0	  0	  0	  0	  0	  0	  0	  0	  0	  0	  0	  0	  0	  0	  0	  0	  0	 80	 52	 24	 79	  0	 25	  0	  0	  0	  0	  0	  0	  0	  0	  0	  0	  0	  5	15410	  0
10/05/2017	09:37:32	<-	L	00000000	 40	 79	 52	 24	  0	 27	  0	  4	  4	  4	  4	  4	  4	  4	  4	  0	  0	  0	  0	  0	  0	  0	  0	  0	  0	  0	  0	  0	  0	  0	  0	  0	  0	  0	  0	  0	  0	  0	  0	 79	 52	 25	 78	  0	 27	  0	  0	  0	  0	  0	  0	  0	  0	  0	  0	  0	  5	15410	  0
10/05/2017	09:42:32	<-	L	00000000	 40	 79	 51	 24	  0	 32	  0	  4	  4	  4	  4	  4	  4	  4	  4	  0	  0	  0	  0	  0	  0	  0	  0	  0	  0	  0	  0	  0	  0	  0	  0	  0	  0	  0	  0	  0	  0	  0	  0	 79	 51	 24	 78	  0	 25	  0	  0	  0	  0	  0	  0	  0	  0	  0	  0	  0	  5	15410	  0
10/05/2017	09:47:32	<-	L	00000000	 40	 78	 51	 24	  0	 37	  0	  4	  4	  4	  4	  4	  4	  4	  4	  0	  0	  0	  0	  0	  0	  0	  0	  0	  0	  0	  0	  0	  0	  0	  0	  0	  0	  0	  0	  0	  0	  0	  0	 78	 51	 25	 77	  0	 27	  0	  0	  0	  0	  0	  0	  0	  0	  0	  0	  0	  5	15410	  0
10/05/2017	09:52:32	<-	L	00000000	 40	 78	 51	 25	  0	 42	  0	  4	  4	  4	  4	  4	  4	  4	  4	  0	  0	  0	  0	  0	  0	  0	  0	  0	  0	  0	  0	  0	  0	  0	  0	  0	  0	  0	  0	  0	  0	  0	  0	 78	 51	 25	 77	  0	 27	  0	  0	  0	  0	  0	  0	  0	  0	  0	  0	  0	  5	15410	  0
10/05/2017	09:57:32	<-	L	00000000	 40	 78	 51	 25	  0	 47	  0	  4	  4	  4	  4	  4	  4	  4	  4	  0	  0	  0	  0	  0	  0	  0	  0	  0	  0	  0	  0	  0	  0	  0	  0	  0	  0	  0	  0	  0	  0	  0	  0	 78	 51	 25	 76	  0	 26	  0	  0	  0	  0	  0	  0	  0	  0	  0	  0	  0	  5	15410	  0
10/05/2017	10:02:32	<-	L	00000000	 40	 77	 50	 24	  0	 52	  0	  4	  4	  4	  4	  4	  4	  4	  4	  0	  0	  0	  0	  0	  0	  0	  0	  0	  0	  0	  0	  0	  0	  0	  0	  0	  0	  0	  0	  0	  0	  0	  0	 77	 50	 24	 76	  0	 26	  0	  0	  0	  0	  0	  0	  0	  0	  0	  0	  0	  5	15410	  0
10/05/2017	10:07:32	<-	L	00000000	 40	 77	 50	 24	  0	 57	  0	  4	  4	  4	  4	  4	  4	  4	  4	  0	  0	  0	  0	  0	  0	  0	  0	  0	  0	  0	  0	  0	  0	  0	  0	  0	  0	  0	  0	  0	  0	  0	  0	 77	 50	 24	 75	  0	 25	  0	  0	  0	  0	  0	  0	  0	  0	  0	  0	  0	  5	15410	  0
10/05/2017	10:12:32	<-	L	00000000	 50	 77	 50	 24	  0	  1	  0	  4	  4	  4	  4	  4	  4	  4	  4	  0	  0	  0	  0	  0	  0	  0	  0	  0	  0	  0	  0	  0	  0	  0	  0	  0	  0	  0	  0	  0	  0	  0	  0	 77	 50	 24	 75	  0	 25	  0	  0	  0	  0	  0	  0	  0	  0	  0	  0	  0	  5	19769	  0
10/05/2017	10:17:32	<-	L	00000000	 50	 76	 50	 26	  0	  6	  0	  4	  4	  4	  4	  4	  4	  4	  4	  0	  0	  0	  0	  0	  0	  0	  0	  0	  0	  0	  0	  0	  0	  0	  0	  0	  0	  0	  0	  0	  0	  0	  0	 76	 50	 26	 75	  0	 25	  0	  0	  0	  0	  0	  0	  0	  0	  0	  0	  0	  5	19255	  0
10/05/2017	10:22:32	<-	L	00000000	 50	 76	 50	 26	  0	 11	  0	  4	  4	  4	  4	  4	  4	  4	  4	  0	  0	  0	  0	  0	  0	  0	  0	  0	  0	  0	  0	  0	  0	  0	  0	  0	  0	  0	  0	  0	  0	  0	  0	 76	 50	 26	 75	  0	 25	  0	  0	  0	  0	  0	  0	  0	  0	  0	  0	  0	  5	18741	  0
10/05/2017	10:27:32	<-	L	00000000	 50	 76	 50	 26	  0	 16	  0	  4	  4	  4	  4	  4	  4	  4	  4	  0	  0	  0	  0	  0	  0	  0	  0	  0	  0	  0	  0	  0	  0	  0	  0	  0	  0	  0	  0	  0	  0	  0	  0	 76	 50	 26	 74	  0	 27	  0	  0	  0	  0	  0	  0	  0	  0	  0	  0	  0	  5	17970	  0
10/05/2017	10:32:32	<-	L	00000000	 50	 76	 49	 26	  0	 21	  0	  4	  4	  4	  4	  4	  4	  4	  4	  0	  0	  0	  0	  0	  0	  0	  0	  0	  0	  0	  0	  0	  0	  0	  0	  0	  0	  0	  0	  0	  0	  0	  0	 76	 49	 24	 74	  0	 25	  0	  0	  0	  0	  0	  0	  0	  0	  0	  0	  0	  5	17456	  0
10/05/2017	10:37:32	<-	L	00000000	 50	 75	 48	 23	  0	 26	  0	  4	  4	  4	  4	  4	  4	  4	  4	  0	  0	  0	  0	  0	  0	  0	  0	  0	  0	  0	  0	  0	  0	  0	  0	  0	  0	  0	  0	  0	  0	  0	  0	 75	 48	 23	 73	  0	 24	  0	  0	  0	  0	  0	  0	  0	  0	  0	  0	  0	  5	16942	  0
10/05/2017	10:42:32	<-	L	00000000	 50	 74	 46	 22	  0	 31	  0	  4	  4	  4	  4	  4	  4	  4	  4	  0	  0	  0	  0	  0	  0	  0	  0	  0	  0	  0	  0	  0	  0	  0	  0	  0	  0	  0	  0	  0	  0	  0	  0	 74	 46	 22	 73	  0	 23	  0	  0	  0	  0	  0	  0	  0	  0	  0	  0	  0	  5	16428	  0
10/05/2017	10:47:32	<-	L	00000000	 50	 73	 45	 21	  0	 36	  0	  4	  4	  4	  4	  4	  4	  4	  4	  0	  0	  0	  0	  0	  0	  0	  0	  0	  0	  0	  0	  0	  0	  0	  0	  0	  0	  0	  0	  0	  0	  0	  0	 73	 45	 21	 72	  0	 22	  0	  0	  0	  0	  0	  0	  0	  0	  0	  0	  0	  5	15657	  0
10/05/2017	10:52:32	<-	L	00000000	 50	 71	 43	 20	  0	 41	  0	  4	  4	  4	  4	  4	  4	  4	  4	  0	  0	  0	  0	  0	  0	  0	  0	  0	  0	  0	  0	  0	  0	  0	  0	  0	  0	  0	  0	  0	  0	  0	  0	 71	 43	 20	 71	  0	 20	  0	  0	  0	  0	  0	  0	  0	  0	  0	  0	  0	  5	15143	  0
10/05/2017	10:57:32	<-	L	00000000	 50	 70	 41	 18	  0	 46	  0	  4	  4	  4	  4	  4	  4	  4	  4	  0	  0	  0	  0	  0	  0	  0	  0	  0	  0	  0	  0	  0	  0	  0	  0	  0	  0	  0	  0	  0	  0	  0	  0	 70	 41	 18	 70	  0	 18	  0	  0	  0	  0	  0	  0	  0	  0	  0	  0	  0	  5	14629	  0
10/05/2017	11:02:32	<-	L	00000000	 50	 69	 39	 16	  0	 51	  0	  4	  4	  4	  4	  4	  4	  4	  4	  0	  0	  0	  0	  0	  0	  0	  0	  0	  0	  0	  0	  0	  0	  0	  0	  0	  0	  0	  0	  0	  0	  0	  0	 68	 39	 17	 69	  0	 16	  0	  0	  0	  0	  0	  0	  0	  0	  0	  0	  0	  5	14115	  0
10/05/2017	11:07:32	<-	L	00000000	 50	 68	 38	 16	  0	 56	  0	  4	  4	  4	  4	  4	  4	  4	  4	  0	  0	  0	  0	  0	  0	  0	  0	  0	  0	  0	  0	  0	  0	  0	  0	  0	  0	  0	  0	  0	  0	  0	  0	 67	 38	 16	 68	  0	 16	  0	  0	  0	  0	  0	  0	  0	  0	  0	  0	  0	  5	13344	  0
10/05/2017	11:12:32	  	L	00000000	 60	 65	 38	 19	  0	  0	  0	  4	  4	  4	  4	  4	  4	  4	  4	  0	  0	  0	  0	  0	  0	  0	  0	  0	  0	  0	  0	  0	  0	  0	  0	  0	  0	  0	  0	  0	  0	  0	  0	 64	 38	 20	 65	  0	 19	  0	  0	  0	  0	  0	  0	  0	  0	  0	  0	  0	  5	12830	  0
10/05/2017	11:17:32	  	L	00000000	 60	 59	 38	 25	  0	  0	  0	  4	  4	  4	  4	  4	  4	  4	  4	  0	  0	  0	  0	  0	  0	  0	  0	  0	  0	  0	  0	  0	  0	  0	  0	  0	  0	  0	  0	  0	  0	  0	  0	 56	 38	 32	 59	  0	 25	  0	  0	  0	  0	  0	  0	  0	  0	  0	  0	  0	  5	12830	  0
