27/07/2017	16:38:12	<-	L	00000000	 10	 14	 12	 87	  0	  5	  0	  5	  5	  5	  5	  5	  5	  5	  5	  0	  0	  0	  0	  0	  0	  0	  0	  0	  0	  0	  0	  0	  0	  0	  0	  0	  0	  0	  0	  0	  0	  0	  0	 14	 12	 87	  4	  0	100	  0	  0	  0	  0	  0	  0	  0	  0	  0	  0	  0	  5	3598	  1
27/07/2017	17:23:13	  	L	00000000	 10	 14	 13	 93	  0	  6	  0	  5	  5	  5	  5	  5	  5	  5	  5	  0	  0	  0	  0	  0	  0	  0	  0	  0	  0	  0	  0	  0	  0	  0	  0	  0	  0	  0	  0	  0	  0	  0	  0	 13	 13	100	 14	  0	 93	  0	  0	  0	  0	  0	  0	  0	  0	  0	  0	  0	  5	3598	  1
27/07/2017	17:28:13	<-	L	00000000	 10	 13	 12	 93	  0	 11	  0	  5	  5	  5	  5	  5	  5	  5	  5	  0	  0	  0	  0	  0	  0	  0	  0	  0	  0	  0	  0	  0	  0	  0	  0	  0	  0	  0	  0	  0	  0	  0	  0	 13	 12	 93	 10	  0	100	  0	  0	  0	  0	  0	  0	  0	  0	  0	  0	  0	  5	3598	  1
27/07/2017	17:33:13	<-	L	00000000	 10	 14	 11	 81	  0	 16	  0	  5	  5	  5	  5	  5	  5	  5	  5	  0	  0	  0	  0	  0	  0	  0	  0	  0	  0	  0	  0	  0	  0	  0	  0	  0	  0	  0	  0	  0	  0	  0	  0	 14	 11	 81	  9	  0	100	  0	  0	  0	  0	  0	  0	  0	  0	  0	  0	  0	  5	3855	  1
27/07/2017	17:38:13	<-	L	00000000	 10	 18	 12	 72	  0	 21	  0	  6	  6	  6	  6	  6	  6	  6	  6	  0	  0	  0	  0	  0	  0	  0	  0	  0	  0	  0	  0	  0	  0	  0	  0	  0	  0	  0	  0	  0	  0	  0	  0	 18	 12	 64	 10	  0	100	  0	  0	  0	  0	  0	  0	  0	  0	  0	  0	  0	  5	4112	  1
27/07/2017	18:13:13	  	L	00000000	 10	 16	 15	 93	  0	 26	  0	  6	  6	  6	  6	  6	  6	  6	  6	  0	  0	  0	  0	  0	  0	  0	  0	  0	  0	  0	  0	  0	  0	  0	  0	  0	  0	  0	  0	  0	  0	  0	  0	 16	 15	 93	 16	  0	 93	  0	  0	  0	  0	  0	  0	  0	  0	  0	  0	  0	  5	4369	  1
27/07/2017	18:18:13	<-	L	00000000	 10	 18	 14	 75	  0	 31	  0	  6	  6	  6	  6	  6	  6	  6	  6	  0	  0	  0	  0	  0	  0	  0	  0	  0	  0	  0	  0	  0	  0	  0	  0	  0	  0	  0	  0	  0	  0	  0	  0	 18	 14	 75	 12	  0	100	  0	  0	  0	  0	  0	  0	  0	  0	  0	  0	  0	  5	4369	  1
28/07/2017	00:03:18	  	L	00000000	 10	 17	 16	 88	  0	 39	  0	  6	  6	  6	  6	  6	  6	  6	  6	  0	  0	  0	  0	  0	  0	  0	  0	  0	  0	  0	  0	  0	  0	  0	  0	  0	  0	  0	  0	  0	  0	  0	  0	 16	 16	100	 17	  0	 93	  0	  0	  0	  0	  0	  0	  0	  0	  0	  0	  0	  5	4883	  1
28/07/2017	00:08:18	<-	L	00000000	 10	 21	 16	 73	  0	 44	  0	  6	  6	  6	  6	  6	  6	  6	  6	  0	  0	  0	  0	  0	  0	  0	  0	  0	  0	  0	  0	  0	  0	  0	  0	  0	  0	  0	  0	  0	  0	  0	  0	 21	 16	 73	 14	  0	100	  0	  0	  0	  0	  0	  0	  0	  0	  0	  0	  0	  5	4883	  1
28/07/2017	00:13:18	<-	L	00000000	 10	 19	 15	 75	  0	 49	  0	  6	  6	  6	  6	  6	  6	  6	  6	  0	  0	  0	  0	  0	  0	  0	  0	  0	  0	  0	  0	  0	  0	  0	  0	  0	  0	  0	  0	  0	  0	  0	  0	 19	 15	 75	 14	  0	100	  0	  0	  0	  0	  0	  0	  0	  0	  0	  0	  0	  5	5140	  1
28/07/2017	00:18:18	<-	L	00000000	 10	 21	 16	 65	  0	 54	  0	  6	  6	  6	  6	  6	  6	  6	  6	  0	  0	  0	  0	  0	  0	  0	  0	  0	  0	  0	  0	  0	  0	  0	  0	  0	  0	  0	  0	  0	  0	  0	  0	 21	 16	 73	 15	  0	100	  0	  0	  0	  0	  0	  0	  0	  0	  0	  0	  0	  5	5397	  1
28/07/2017	00:23:18	<-	L	00000000	 10	 22	 17	 76	  0	 59	  0	  6	  6	  6	  6	  6	  6	  6	  6	  0	  0	  0	  0	  0	  0	  0	  0	  0	  0	  0	  0	  0	  0	  0	  0	  0	  0	  0	  0	  0	  0	  0	  0	 22	 17	 73	 15	  0	100	  0	  0	  0	  0	  0	  0	  0	  0	  0	  0	  0	  5	5654	  1
28/07/2017	00:28:19	<-	L	00000000	 10	 22	 17	 76	  0	 64	  0	  6	  6	  6	  6	  6	  6	  5	  5	  0	  0	  0	  0	  0	  0	  0	  0	  0	  0	  0	  0	  0	  0	  0	  0	  0	  0	  0	  0	  0	  0	  0	  0	 22	 17	 73	 16	  0	100	  0	  0	  0	  0	  0	  0	  0	  0	  0	  0	  0	  5	5911	  1
28/07/2017	00:33:18	<-	L	00000000	 10	 24	 18	 65	  0	 69	  0	  5	  5	  5	  5	  6	  5	  5	  5	  0	  0	  0	  0	  0	  0	  0	  0	  0	  0	  0	  0	  0	  0	  0	  0	  0	  0	  0	  0	  0	  0	  0	  0	 24	 18	 65	 17	  0	100	  0	  0	  0	  0	  0	  0	  0	  0	  0	  0	  0	  5	5911	  1
28/07/2017	00:38:18	<-	L	00000000	 10	 23	 18	 76	  0	 74	  0	  5	  5	  5	  5	  5	  5	  5	  5	  0	  0	  0	  0	  0	  0	  0	  0	  0	  0	  0	  0	  0	  0	  0	  0	  0	  0	  0	  0	  0	  0	  0	  0	 23	 18	 73	 17	  0	100	  0	  0	  0	  0	  0	  0	  0	  0	  0	  0	  0	  5	6168	  1
28/07/2017	00:43:18	<-	L	00000000	 10	 23	 19	 73	  0	 79	  0	  5	  5	  5	  5	  5	  5	  5	  5	  0	  0	  0	  0	  0	  0	  0	  0	  0	  0	  0	  0	  0	  0	  0	  0	  0	  0	  0	  0	  0	  0	  0	  0	 23	 19	 76	 18	  0	100	  0	  0	  0	  0	  0	  0	  0	  0	  0	  0	  0	  5	6425	  1
28/07/2017	00:48:19	<-	L	00000000	 10	 26	 20	 65	  0	 84	  0	  5	  5	  5	  5	  5	  5	  5	  5	  0	  0	  0	  0	  0	  0	  0	  0	  0	  0	  0	  0	  0	  0	  0	  0	  0	  0	  0	  0	  0	  0	  0	  0	 26	 20	 65	 19	  0	100	  0	  0	  0	  0	  0	  0	  0	  0	  0	  0	  0	  5	6682	  1
28/07/2017	00:53:19	<-	L	00000000	 10	 26	 20	 66	  0	 89	  0	  5	  5	  5	  5	  5	  5	  5	  5	  0	  0	  0	  0	  0	  0	  0	  0	  0	  0	  0	  0	  0	  0	  0	  0	  0	  0	  0	  0	  0	  0	  0	  0	 25	 20	 65	 19	  0	100	  0	  0	  0	  0	  0	  0	  0	  0	  0	  0	  0	  5	6939	  1
28/07/2017	00:58:19	<-	L	00000000	 10	 27	 21	 66	  0	 94	  0	  5	  5	  5	  5	  5	  5	  5	  5	  0	  0	  0	  0	  0	  0	  0	  0	  0	  0	  0	  0	  0	  0	  0	  0	  0	  0	  0	  0	  0	  0	  0	  0	 27	 21	 66	 20	  0	100	  0	  0	  0	  0	  0	  0	  0	  0	  0	  0	  0	  5	6939	  1
28/07/2017	01:03:19	<-	L	00000000	 10	 26	 21	 73	  0	 99	  0	  5	  5	  5	  5	  5	  5	  5	  5	  0	  0	  0	  0	  0	  0	  0	  0	  0	  0	  0	  0	  0	  0	  0	  0	  0	  0	  0	  0	  0	  0	  0	  0	 26	 21	 73	 21	  0	100	  0	  0	  0	  0	  0	  0	  0	  0	  0	  0	  0	  5	7196	  1
28/07/2017	01:08:19	<-	L	00000000	 10	 30	 22	 57	  0	104	  0	  5	  5	  5	  5	  5	  5	  5	  5	  0	  0	  0	  0	  0	  0	  0	  0	  0	  0	  0	  0	  0	  0	  0	  0	  0	  0	  0	  0	  0	  0	  0	  0	 30	 22	 57	 21	  0	100	  0	  0	  0	  0	  0	  0	  0	  0	  0	  0	  0	  5	7453	  1
28/07/2017	01:13:19	<-	L	00000000	 10	 29	 22	 61	  0	109	  0	  5	  5	  5	  5	  5	  5	  5	  5	  0	  0	  0	  0	  0	  0	  0	  0	  0	  0	  0	  0	  0	  0	  0	  0	  0	  0	  0	  0	  0	  0	  0	  0	 29	 22	 61	 22	  0	100	  0	  0	  0	  0	  0	  0	  0	  0	  0	  0	  0	  5	7710	  1
28/07/2017	01:18:19	<-	L	00000000	 10	 28	 23	 74	  0	114	  0	  5	  5	  5	  5	  5	  5	  5	  5	  0	  0	  0	  0	  0	  0	  0	  0	  0	  0	  0	  0	  0	  0	  0	  0	  0	  0	  0	  0	  0	  0	  0	  0	 28	 23	 74	 22	  0	100	  0	  0	  0	  0	  0	  0	  0	  0	  0	  0	  0	  5	7967	  1
28/07/2017	01:23:19	<-	L	00000000	 10	 30	 23	 61	  0	119	  0	  5	  5	  5	  5	  5	  5	  5	  5	  0	  0	  0	  0	  0	  0	  0	  0	  0	  0	  0	  0	  0	  0	  0	  0	  0	  0	  0	  0	  0	  0	  0	  0	 30	 23	 61	 23	  0	100	  0	  0	  0	  0	  0	  0	  0	  0	  0	  0	  0	  5	7967	  1
28/07/2017	01:28:19	<-	L	00000000	 10	 30	 23	 61	  0	124	  0	  5	  5	  5	  5	  5	  5	  5	  5	  0	  0	  0	  0	  0	  0	  0	  0	  0	  0	  0	  0	  0	  0	  0	  0	  0	  0	  0	  0	  0	  0	  0	  0	 30	 23	 61	 23	  0	100	  0	  0	  0	  0	  0	  0	  0	  0	  0	  0	  0	  5	8224	  1
28/07/2017	01:33:20	<-	L	00000000	 10	 31	 24	 66	  0	129	  0	  5	  5	  5	  5	  5	  5	  5	  5	  0	  0	  0	  0	  0	  0	  0	  0	  0	  0	  0	  0	  0	  0	  0	  0	  0	  0	  0	  0	  0	  0	  0	  0	 31	 24	 61	 24	  0	100	  0	  0	  0	  0	  0	  0	  0	  0	  0	  0	  0	  5	8481	  1
28/07/2017	01:38:19	<-	L	00000000	 10	 33	 25	 62	  0	134	  0	  5	  5	  5	  5	  5	  5	  5	  5	  0	  0	  0	  0	  0	  0	  0	  0	  0	  0	  0	  0	  0	  0	  0	  0	  0	  0	  0	  0	  0	  0	  0	  0	 33	 25	 57	 24	  0	100	  0	  0	  0	  0	  0	  0	  0	  0	  0	  0	  0	  5	8738	  1
28/07/2017	01:43:19	<-	L	00000000	 10	 33	 25	 57	  0	139	  0	  5	  5	  5	  5	  5	  5	  5	  5	  0	  0	  0	  0	  0	  0	  0	  0	  0	  0	  0	  0	  0	  0	  0	  0	  0	  0	  0	  0	  0	  0	  0	  0	 33	 25	 57	 25	  0	100	  0	  0	  0	  0	  0	  0	  0	  0	  0	  0	  0	  5	8995	  1
28/07/2017	01:48:19	<-	L	00000000	 10	 33	 25	 57	  0	144	  0	  5	  5	  4	  4	  4	  5	  5	  5	  0	  0	  0	  0	  0	  0	  0	  0	  0	  0	  0	  0	  0	  0	  0	  0	  0	  0	  0	  0	  0	  0	  0	  0	 33	 25	 57	 25	  0	100	  0	  0	  0	  0	  0	  0	  0	  0	  0	  0	  0	  5	8995	  1
28/07/2017	01:53:19	<-	L	00000000	 10	 35	 26	 54	  0	149	  0	  4	  4	  4	  4	  4	  4	  4	  4	  0	  0	  0	  0	  0	  0	  0	  0	  0	  0	  0	  0	  0	  0	  0	  0	  0	  0	  0	  0	  0	  0	  0	  0	 35	 26	 54	 25	  0	100	  0	  0	  0	  0	  0	  0	  0	  0	  0	  0	  0	  5	9252	  1
28/07/2017	01:58:19	<-	L	00000000	 10	 36	 26	 51	  0	154	  0	  4	  4	  4	  4	  4	  4	  4	  4	  0	  0	  0	  0	  0	  0	  0	  0	  0	  0	  0	  0	  0	  0	  0	  0	  0	  0	  0	  0	  0	  0	  0	  0	 36	 26	 51	 26	  0	100	  0	  0	  0	  0	  0	  0	  0	  0	  0	  0	  0	  5	9509	  1
28/07/2017	02:03:20	<-	L	00000000	 10	 37	 27	 55	  0	159	  0	  4	  4	  4	  4	  4	  4	  4	  4	  0	  0	  0	  0	  0	  0	  0	  0	  0	  0	  0	  0	  0	  0	  0	  0	  0	  0	  0	  0	  0	  0	  0	  0	 37	 27	 51	 27	  0	100	  0	  0	  0	  0	  0	  0	  0	  0	  0	  0	  0	  5	9766	  1
28/07/2017	02:08:20	<-	L	00000000	 10	 37	 27	 51	  0	164	  0	  4	  4	  4	  4	  4	  4	  4	  4	  0	  0	  0	  0	  0	  0	  0	  0	  0	  0	  0	  0	  0	  0	  0	  0	  0	  0	  0	  0	  0	  0	  0	  0	 37	 27	 51	 27	  0	100	  0	  0	  0	  0	  0	  0	  0	  0	  0	  0	  0	  5	9766	  1
28/07/2017	02:13:20	<-	L	00000000	 10	 38	 28	 51	  0	169	  0	  4	  4	  4	  4	  4	  4	  4	  4	  0	  0	  0	  0	  0	  0	  0	  0	  0	  0	  0	  0	  0	  0	  0	  0	  0	  0	  0	  0	  0	  0	  0	  0	 38	 28	 51	 27	  0	100	  0	  0	  0	  0	  0	  0	  0	  0	  0	  0	  0	  5	10023	  1
28/07/2017	02:18:20	<-	L	00000000	 10	 37	 28	 55	  0	174	  0	  4	  4	  4	  4	  4	  4	  4	  4	  0	  0	  0	  0	  0	  0	  0	  0	  0	  0	  0	  0	  0	  0	  0	  0	  0	  0	  0	  0	  0	  0	  0	  0	 37	 28	 55	 28	  0	100	  0	  0	  0	  0	  0	  0	  0	  0	  0	  0	  0	  5	10280	  1
28/07/2017	02:23:20	<-	L	00000000	 10	 38	 28	 51	  0	179	  0	  4	  4	  4	  4	  4	  4	  4	  4	  0	  0	  0	  0	  0	  0	  0	  0	  0	  0	  0	  0	  0	  0	  0	  0	  0	  0	  0	  0	  0	  0	  0	  0	 38	 28	 51	 28	  0	100	  0	  0	  0	  0	  0	  0	  0	  0	  0	  0	  0	  5	10537	  1
28/07/2017	02:28:20	  	L	00000000	 10	 35	 28	 62	  0	184	  0	  4	  4	  4	  4	  4	  4	  4	  4	  0	  0	  0	  0	  0	  0	  0	  0	  0	  0	  0	  0	  0	  0	  0	  0	  0	  0	  0	  0	  0	  0	  0	  0	 35	 28	 62	 29	  0	 93	  0	  0	  0	  0	  0	  0	  0	  0	  0	  0	  0	  5	10794	  1
28/07/2017	02:33:20	->	L	00000000	 10	 34	 27	 62	  0	189	  0	  4	  4	  4	  4	  4	  4	  4	  4	  0	  0	  0	  0	  0	  0	  0	  0	  0	  0	  0	  0	  0	  0	  0	  0	  0	  0	  0	  0	  0	  0	  0	  0	 28	 27	 93	 34	  0	 62	  0	  0	  0	  0	  0	  0	  0	  0	  0	  0	  0	  5	10794	  1
28/07/2017	02:38:20	->	L	00000000	 10	 35	 27	 58	  0	194	  0	  4	  4	  4	  4	  4	  4	  4	  4	  0	  0	  0	  0	  0	  0	  0	  0	  0	  0	  0	  0	  0	  0	  0	  0	  0	  0	  0	  0	  0	  0	  0	  0	 28	 27	 93	 35	  0	 58	  0	  0	  0	  0	  0	  0	  0	  0	  0	  0	  0	  5	11051	  1
28/07/2017	02:43:21	->	L	00000000	 10	 35	 27	 58	  0	199	  0	  4	  4	  4	  4	  4	  4	  4	  4	  0	  0	  0	  0	  0	  0	  0	  0	  0	  0	  0	  0	  0	  0	  0	  0	  0	  0	  0	  0	  0	  0	  0	  0	 28	 27	 93	 35	  0	 58	  0	  0	  0	  0	  0	  0	  0	  0	  0	  0	  0	  5	11308	  1
28/07/2017	02:48:20	->	L	00000000	 10	 35	 27	 58	  0	204	  0	  4	  4	  4	  4	  4	  4	  4	  4	  0	  0	  0	  0	  0	  0	  0	  0	  0	  0	  0	  0	  0	  0	  0	  0	  0	  0	  0	  0	  0	  0	  0	  0	 29	 27	 88	 35	  0	 58	  0	  0	  0	  0	  0	  0	  0	  0	  0	  0	  0	  5	11565	  1
28/07/2017	02:53:20	->	L	00000000	 10	 36	 27	 55	  0	209	  0	  4	  4	  4	  4	  4	  4	  4	  4	  0	  0	  0	  0	  0	  0	  0	  0	  0	  0	  0	  0	  0	  0	  0	  0	  0	  0	  0	  0	  0	  0	  0	  0	 29	 27	 88	 36	  0	 55	  0	  0	  0	  0	  0	  0	  0	  0	  0	  0	  0	  5	11822	  1
28/07/2017	02:58:20	->	L	00000000	 10	 36	 28	 58	  0	214	  0	  4	  4	  4	  4	  4	  4	  4	  4	  0	  0	  0	  0	  0	  0	  0	  0	  0	  0	  0	  0	  0	  0	  0	  0	  0	  0	  0	  0	  0	  0	  0	  0	 29	 28	 93	 36	  0	 58	  0	  0	  0	  0	  0	  0	  0	  0	  0	  0	  0	  5	11822	  1
28/07/2017	03:03:20	->	L	00000000	 10	 36	 28	 58	  0	219	  0	  4	  4	  4	  4	  4	  4	  4	  4	  0	  0	  0	  0	  0	  0	  0	  0	  0	  0	  0	  0	  0	  0	  0	  0	  0	  0	  0	  0	  0	  0	  0	  0	 29	 28	 93	 36	  0	 58	  0	  0	  0	  0	  0	  0	  0	  0	  0	  0	  0	  5	12079	  1
28/07/2017	03:08:20	->	L	00000000	 10	 36	 28	 58	  0	224	  0	  4	  4	  4	  4	  4	  4	  4	  4	  0	  0	  0	  0	  0	  0	  0	  0	  0	  0	  0	  0	  0	  0	  0	  0	  0	  0	  0	  0	  0	  0	  0	  0	 30	 28	 88	 36	  0	 58	  0	  0	  0	  0	  0	  0	  0	  0	  0	  0	  0	  5	12336	  1
28/07/2017	03:13:21	->	L	00000000	 10	 37	 29	 59	  0	229	  0	  4	  4	  4	  4	  4	  4	  4	  4	  0	  0	  0	  0	  0	  0	  0	  0	  0	  0	  0	  0	  0	  0	  0	  0	  0	  0	  0	  0	  0	  0	  0	  0	 30	 29	 93	 37	  0	 59	  0	  0	  0	  0	  0	  0	  0	  0	  0	  0	  0	  5	12593	  1
28/07/2017	03:18:21	->	L	00000000	 10	 37	 29	 59	  0	234	  0	  4	  4	  4	  4	  4	  4	  4	  4	  0	  0	  0	  0	  0	  0	  0	  0	  0	  0	  0	  0	  0	  0	  0	  0	  0	  0	  0	  0	  0	  0	  0	  0	 31	 29	 88	 37	  0	 59	  0	  0	  0	  0	  0	  0	  0	  0	  0	  0	  0	  5	12850	  1
28/07/2017	03:23:21	->	L	00000000	 10	 38	 29	 55	  0	239	  0	  4	  4	  4	  4	  4	  4	  4	  4	  0	  0	  0	  0	  0	  0	  0	  0	  0	  0	  0	  0	  0	  0	  0	  0	  0	  0	  0	  0	  0	  0	  0	  0	 31	 29	 88	 38	  0	 55	  0	  0	  0	  0	  0	  0	  0	  0	  0	  0	  0	  5	12850	  1
28/07/2017	03:28:21	->	L	00000000	 10	 38	 30	 59	  0	244	  0	  4	  4	  4	  4	  4	  4	  4	  4	  0	  0	  0	  0	  0	  0	  0	  0	  0	  0	  0	  0	  0	  0	  0	  0	  0	  0	  0	  0	  0	  0	  0	  0	 31	 30	 93	 38	  0	 59	  0	  0	  0	  0	  0	  0	  0	  0	  0	  0	  0	  5	13107	  1
28/07/2017	03:33:21	->	L	00000000	 10	 38	 30	 59	  0	249	  0	  4	  4	  4	  4	  4	  4	  4	  4	  0	  0	  0	  0	  0	  0	  0	  0	  0	  0	  0	  0	  0	  0	  0	  0	  0	  0	  0	  0	  0	  0	  0	  0	 32	 30	 88	 38	  0	 59	  0	  0	  0	  0	  0	  0	  0	  0	  0	  0	  0	  5	13364	  1
28/07/2017	03:38:21	->	L	00000000	 10	 39	 30	 55	  0	254	  0	  4	  4	  4	  4	  4	  4	  4	  4	  0	  0	  0	  0	  0	  0	  0	  0	  0	  0	  0	  0	  0	  0	  0	  0	  0	  0	  0	  0	  0	  0	  0	  0	 32	 30	 88	 39	  0	 55	  0	  0	  0	  0	  0	  0	  0	  0	  0	  0	  0	  5	13621	  1
28/07/2017	03:43:21	->	L	00000000	 10	 39	 31	 59	  0	259	  0	  4	  4	  4	  4	  4	  4	  4	  4	  0	  0	  0	  0	  0	  0	  0	  0	  0	  0	  0	  0	  0	  0	  0	  0	  0	  0	  0	  0	  0	  0	  0	  0	 32	 31	 93	 39	  0	 59	  0	  0	  0	  0	  0	  0	  0	  0	  0	  0	  0	  5	13878	  1
28/07/2017	03:48:22	->	L	00000000	 10	 39	 31	 59	  0	264	  0	  4	  4	  4	  4	  4	  4	  4	  4	  0	  0	  0	  0	  0	  0	  0	  0	  0	  0	  0	  0	  0	  0	  0	  0	  0	  0	  0	  0	  0	  0	  0	  0	 33	 31	 88	 39	  0	 59	  0	  0	  0	  0	  0	  0	  0	  0	  0	  0	  0	  5	13878	  1
28/07/2017	03:53:21	->	L	00000000	 10	 40	 31	 56	  0	269	  0	  4	  4	  4	  4	  4	  4	  4	  4	  0	  0	  0	  0	  0	  0	  0	  0	  0	  0	  0	  0	  0	  0	  0	  0	  0	  0	  0	  0	  0	  0	  0	  0	 33	 31	 88	 40	  0	 56	  0	  0	  0	  0	  0	  0	  0	  0	  0	  0	  0	  5	14135	  1
28/07/2017	03:58:21	->	L	00000000	 10	 40	 31	 56	  0	274	  0	  4	  4	  4	  4	  4	  4	  4	  4	  0	  0	  0	  0	  0	  0	  0	  0	  0	  0	  0	  0	  0	  0	  0	  0	  0	  0	  0	  0	  0	  0	  0	  0	 33	 31	 88	 40	  0	 56	  0	  0	  0	  0	  0	  0	  0	  0	  0	  0	  0	  5	14392	  1
28/07/2017	04:03:21	->	L	00000000	 10	 40	 32	 59	  0	279	  0	  4	  4	  4	  4	  4	  4	  4	  4	  0	  0	  0	  0	  0	  0	  0	  0	  0	  0	  0	  0	  0	  0	  0	  0	  0	  0	  0	  0	  0	  0	  0	  0	 33	 32	 93	 40	  0	 59	  0	  0	  0	  0	  0	  0	  0	  0	  0	  0	  0	  5	14649	  1
28/07/2017	04:08:21	->	L	00000000	 10	 41	 32	 56	  0	284	  0	  4	  4	  4	  4	  4	  4	  4	  4	  0	  0	  0	  0	  0	  0	  0	  0	  0	  0	  0	  0	  0	  0	  0	  0	  0	  0	  0	  0	  0	  0	  0	  0	 34	 32	 89	 41	  0	 56	  0	  0	  0	  0	  0	  0	  0	  0	  0	  0	  0	  5	14649	  1
28/07/2017	04:13:21	->	L	00000000	 10	 42	 33	 56	  0	289	  0	  4	  4	  4	  4	  4	  4	  4	  4	  0	  0	  0	  0	  0	  0	  0	  0	  0	  0	  0	  0	  0	  0	  0	  0	  0	  0	  0	  0	  0	  0	  0	  0	 34	 33	 94	 42	  0	 56	  0	  0	  0	  0	  0	  0	  0	  0	  0	  0	  0	  5	14906	  1
28/07/2017	04:18:21	->	L	00000000	 10	 42	 33	 56	  0	294	  0	  4	  4	  4	  4	  4	  4	  4	  4	  0	  0	  0	  0	  0	  0	  0	  0	  0	  0	  0	  0	  0	  0	  0	  0	  0	  0	  0	  0	  0	  0	  0	  0	 35	 33	 89	 42	  0	 56	  0	  0	  0	  0	  0	  0	  0	  0	  0	  0	  0	  5	15163	  1
28/07/2017	04:23:21	->	L	00000000	 10	 42	 33	 56	  0	299	  0	  4	  4	  4	  4	  4	  4	  4	  4	  0	  0	  0	  0	  0	  0	  0	  0	  0	  0	  0	  0	  0	  0	  0	  0	  0	  0	  0	  0	  0	  0	  0	  0	 35	 33	 89	 42	  0	 56	  0	  0	  0	  0	  0	  0	  0	  0	  0	  0	  0	  5	15420	  1
28/07/2017	04:28:22	->	L	00000000	 10	 42	 34	 60	  0	304	  0	  4	  4	  4	  4	  4	  4	  4	  4	  0	  0	  0	  0	  0	  0	  0	  0	  0	  0	  0	  0	  0	  0	  0	  0	  0	  0	  0	  0	  0	  0	  0	  0	 35	 34	 94	 42	  0	 60	  0	  0	  0	  0	  0	  0	  0	  0	  0	  0	  0	  5	15677	  1
28/07/2017	04:33:22	->	L	00000000	 10	 43	 34	 56	  0	309	  0	  4	  4	  4	  4	  4	  4	  4	  4	  0	  0	  0	  0	  0	  0	  0	  0	  0	  0	  0	  0	  0	  0	  0	  0	  0	  0	  0	  0	  0	  0	  0	  0	 36	 34	 89	 43	  0	 56	  0	  0	  0	  0	  0	  0	  0	  0	  0	  0	  0	  5	15677	  1
28/07/2017	04:38:22	->	L	00000000	 10	 43	 34	 56	  0	314	  0	  4	  4	  4	  4	  4	  4	  4	  4	  0	  0	  0	  0	  0	  0	  0	  0	  0	  0	  0	  0	  0	  0	  0	  0	  0	  0	  0	  0	  0	  0	  0	  0	 36	 34	 89	 43	  0	 56	  0	  0	  0	  0	  0	  0	  0	  0	  0	  0	  0	  5	15934	  1
28/07/2017	04:43:22	->	L	00000000	 10	 43	 34	 56	  0	319	  0	  4	  4	  4	  4	  4	  4	  4	  4	  0	  0	  0	  0	  0	  0	  0	  0	  0	  0	  0	  0	  0	  0	  0	  0	  0	  0	  0	  0	  0	  0	  0	  0	 36	 34	 89	 43	  0	 56	  0	  0	  0	  0	  0	  0	  0	  0	  0	  0	  0	  5	16191	  1
28/07/2017	04:48:22	->	L	00000000	 10	 43	 35	 60	  0	324	  0	  4	  4	  4	  4	  4	  4	  4	  4	  0	  0	  0	  0	  0	  0	  0	  0	  0	  0	  0	  0	  0	  0	  0	  0	  0	  0	  0	  0	  0	  0	  0	  0	 36	 35	 94	 43	  0	 60	  0	  0	  0	  0	  0	  0	  0	  0	  0	  0	  0	  5	16448	  1
28/07/2017	04:53:22	->	L	00000000	 10	 43	 35	 60	  0	329	  0	  4	  4	  4	  4	  4	  4	  4	  4	  0	  0	  0	  0	  0	  0	  0	  0	  0	  0	  0	  0	  0	  0	  0	  0	  0	  0	  0	  0	  0	  0	  0	  0	 37	 35	 89	 43	  0	 60	  0	  0	  0	  0	  0	  0	  0	  0	  0	  0	  0	  5	16705	  1
28/07/2017	04:58:22	->	L	00000000	 10	 43	 35	 57	  0	334	  0	  4	  4	  4	  4	  4	  4	  4	  4	  0	  0	  0	  0	  0	  0	  0	  0	  0	  0	  0	  0	  0	  0	  0	  0	  0	  0	  0	  0	  0	  0	  0	  0	 37	 35	 89	 43	  0	 60	  0	  0	  0	  0	  0	  0	  0	  0	  0	  0	  0	  5	16705	  1
28/07/2017	05:03:22	->	L	00000000	 10	 44	 36	 60	  0	339	  0	  4	  4	  4	  4	  4	  4	  4	  4	  0	  0	  0	  0	  0	  0	  0	  0	  0	  0	  0	  0	  0	  0	  0	  0	  0	  0	  0	  0	  0	  0	  0	  0	 37	 36	 94	 44	  0	 60	  0	  0	  0	  0	  0	  0	  0	  0	  0	  0	  0	  5	16962	  1
28/07/2017	05:08:22	->	L	00000000	 10	 44	 36	 60	  0	344	  0	  4	  4	  4	  4	  4	  4	  4	  4	  0	  0	  0	  0	  0	  0	  0	  0	  0	  0	  0	  0	  0	  0	  0	  0	  0	  0	  0	  0	  0	  0	  0	  0	 37	 36	 94	 44	  0	 60	  0	  0	  0	  0	  0	  0	  0	  0	  0	  0	  0	  5	17219	  1
28/07/2017	05:13:22	->	L	00000000	 10	 44	 36	 60	  0	349	  0	  4	  4	  4	  4	  4	  4	  4	  4	  0	  0	  0	  0	  0	  0	  0	  0	  0	  0	  0	  0	  0	  0	  0	  0	  0	  0	  0	  0	  0	  0	  0	  0	 38	 36	 89	 44	  0	 60	  0	  0	  0	  0	  0	  0	  0	  0	  0	  0	  0	  5	17476	  1
28/07/2017	05:18:22	->	L	00000000	 10	 44	 36	 60	  0	354	  0	  4	  4	  4	  4	  4	  4	  4	  4	  0	  0	  0	  0	  0	  0	  0	  0	  0	  0	  0	  0	  0	  0	  0	  0	  0	  0	  0	  0	  0	  0	  0	  0	 38	 36	 89	 44	  0	 60	  0	  0	  0	  0	  0	  0	  0	  0	  0	  0	  0	  5	17733	  1
28/07/2017	05:23:23	->	L	00000000	 10	 44	 37	 65	  0	359	  0	  4	  4	  4	  4	  4	  4	  4	  4	  0	  0	  0	  0	  0	  0	  0	  0	  0	  0	  0	  0	  0	  0	  0	  0	  0	  0	  0	  0	  0	  0	  0	  0	 38	 37	 94	 44	  0	 65	  0	  0	  0	  0	  0	  0	  0	  0	  0	  0	  0	  5	17733	  1
28/07/2017	05:28:23	->	L	00000000	 21	 44	 37	 65	  0	  3	  0	  4	  4	  4	  4	  4	  4	  4	  4	  0	  0	  0	  0	  0	  0	  0	  0	  0	  0	  0	  0	  0	  0	  0	  0	  0	  0	  0	  0	  0	  0	  0	  0	 38	 37	 94	 44	  0	 65	  0	  0	  0	  0	  0	  0	  0	  0	  0	  0	  0	  5	22608	  0
28/07/2017	05:33:22	->	L	00000000	 21	 45	 37	 61	  0	  8	  0	  4	  4	  4	  4	  4	  4	  4	  4	  0	  0	  0	  0	  0	  0	  0	  0	  0	  0	  0	  0	  0	  0	  0	  0	  0	  0	  0	  0	  0	  0	  0	  0	 39	 37	 89	 45	  0	 61	  0	  0	  0	  0	  0	  0	  0	  0	  0	  0	  0	  5	22608	  0
28/07/2017	05:38:23	->	L	00000000	 21	 45	 37	 57	  0	 13	  0	  4	  4	  4	  4	  4	  4	  4	  4	  0	  0	  0	  0	  0	  0	  0	  0	  0	  0	  0	  0	  0	  0	  0	  0	  0	  0	  0	  0	  0	  0	  0	  0	 39	 37	 89	 45	  0	 61	  0	  0	  0	  0	  0	  0	  0	  0	  0	  0	  0	  5	22608	  0
28/07/2017	05:43:23	->	L	00000000	 21	 46	 38	 61	  0	 18	  0	  4	  4	  4	  4	  4	  4	  4	  4	  0	  0	  0	  0	  0	  0	  0	  0	  0	  0	  0	  0	  0	  0	  0	  0	  0	  0	  0	  0	  0	  0	  0	  0	 39	 38	 94	 46	  0	 61	  0	  0	  0	  0	  0	  0	  0	  0	  0	  0	  0	  5	22608	  0
28/07/2017	05:48:23	->	L	00000000	 21	 47	 38	 58	  0	 23	  0	  4	  4	  4	  4	  4	  4	  4	  4	  0	  0	  0	  0	  0	  0	  0	  0	  0	  0	  0	  0	  0	  0	  0	  0	  0	  0	  0	  0	  0	  0	  0	  0	 40	 38	 89	 47	  0	 58	  0	  0	  0	  0	  0	  0	  0	  0	  0	  0	  0	  5	22608	  0
28/07/2017	05:53:23	->	L	00000000	 21	 47	 38	 58	  0	 28	  0	  4	  4	  4	  4	  4	  4	  4	  4	  0	  0	  0	  0	  0	  0	  0	  0	  0	  0	  0	  0	  0	  0	  0	  0	  0	  0	  0	  0	  0	  0	  0	  0	 40	 38	 89	 47	  0	 58	  0	  0	  0	  0	  0	  0	  0	  0	  0	  0	  0	  5	22608	  0
28/07/2017	05:58:23	  	L	00000000	 21	 45	 39	 69	  0	 33	  0	  4	  4	  4	  4	  4	  4	  4	  4	  0	  0	  0	  0	  0	  0	  0	  0	  0	  0	  0	  0	  0	  0	  0	  0	  0	  0	  0	  0	  0	  0	  0	  0	 40	 39	 94	 45	  0	 69	  0	  0	  0	  0	  0	  0	  0	  0	  0	  0	  0	  5	12840	  0
28/07/2017	06:03:23	->	L	00000000	 21	 46	 38	 61	  0	 38	  0	  4	  4	  4	  4	  4	  4	  4	  4	  0	  0	  0	  0	  0	  0	  0	  0	  0	  0	  0	  0	  0	  0	  0	  0	  0	  0	  0	  0	  0	  0	  0	  0	 40	 38	 89	 46	  0	 61	  0	  0	  0	  0	  0	  0	  0	  0	  0	  0	  0	  5	12840	  0
28/07/2017	06:08:23	->	L	00000000	 21	 48	 38	 54	  0	 43	  0	  4	  4	  4	  4	  4	  4	  4	  4	  0	  0	  0	  0	  0	  0	  0	  0	  0	  0	  0	  0	  0	  0	  0	  0	  0	  0	  0	  0	  0	  0	  0	  0	 40	 38	 89	 48	  0	 54	  0	  0	  0	  0	  0	  0	  0	  0	  0	  0	  0	  5	12840	  0
28/07/2017	06:13:24	->	L	00000000	 21	 48	 39	 58	  0	 48	  0	  4	  4	  4	  4	  4	  4	  4	  4	  0	  0	  0	  0	  0	  0	  0	  0	  0	  0	  0	  0	  0	  0	  0	  0	  0	  0	  0	  0	  0	  0	  0	  0	 40	 39	 94	 48	  0	 58	  0	  0	  0	  0	  0	  0	  0	  0	  0	  0	  0	  5	12840	  0
28/07/2017	06:18:23	->	L	00000000	 21	 48	 39	 58	  0	 53	  0	  4	  4	  4	  4	  4	  4	  4	  4	  0	  0	  0	  0	  0	  0	  0	  0	  0	  0	  0	  0	  0	  0	  0	  0	  0	  0	  0	  0	  0	  0	  0	  0	 41	 39	 89	 48	  0	 58	  0	  0	  0	  0	  0	  0	  0	  0	  0	  0	  0	  5	12840	  0
28/07/2017	06:23:23	->	L	00000000	 21	 48	 40	 62	  0	 58	  0	  4	  4	  4	  4	  4	  4	  4	  4	  0	  0	  0	  0	  0	  0	  0	  0	  0	  0	  0	  0	  0	  0	  0	  0	  0	  0	  0	  0	  0	  0	  0	  0	 41	 40	 94	 48	  0	 62	  0	  0	  0	  0	  0	  0	  0	  0	  0	  0	  0	  5	12840	  0
28/07/2017	06:28:23	->	L	00000000	 21	 48	 40	 62	  0	 63	  0	  4	  4	  4	  4	  4	  4	  4	  4	  0	  0	  0	  0	  0	  0	  0	  0	  0	  0	  0	  0	  0	  0	  0	  0	  0	  0	  0	  0	  0	  0	  0	  0	 42	 40	 89	 48	  0	 62	  0	  0	  0	  0	  0	  0	  0	  0	  0	  0	  0	  5	12840	  0
28/07/2017	06:33:23	<-	L	00000000	 21	 48	 41	 70	  0	 68	  0	  4	  4	  4	  4	  4	  4	  4	  4	  0	  0	  0	  0	  0	  0	  0	  0	  0	  0	  0	  0	  0	  0	  0	  0	  0	  0	  0	  0	  0	  0	  0	  0	 48	 41	 66	 43	  0	 89	  0	  0	  0	  0	  0	  0	  0	  0	  0	  0	  0	  5	12840	  0
28/07/2017	06:38:23	<-	L	00000000	 21	 49	 42	 66	  0	 73	  0	  4	  4	  4	  4	  4	  4	  4	  4	  0	  0	  0	  0	  0	  0	  0	  0	  0	  0	  0	  0	  0	  0	  0	  0	  0	  0	  0	  0	  0	  0	  0	  0	 49	 42	 66	 42	  0	100	  0	  0	  0	  0	  0	  0	  0	  0	  0	  0	  0	  5	12840	  0
28/07/2017	06:43:23	<-	L	00000000	 21	 49	 42	 66	  0	 78	  0	  4	  4	  4	  4	  4	  4	  4	  4	  0	  0	  0	  0	  0	  0	  0	  0	  0	  0	  0	  0	  0	  0	  0	  0	  0	  0	  0	  0	  0	  0	  0	  0	 49	 42	 66	 42	  0	100	  0	  0	  0	  0	  0	  0	  0	  0	  0	  0	  0	  5	12840	  0
28/07/2017	06:48:23	<-	L	00000000	 21	 49	 42	 66	  0	 83	  0	  4	  4	  4	  4	  4	  4	  4	  4	  0	  0	  0	  0	  0	  0	  0	  0	  0	  0	  0	  0	  0	  0	  0	  0	  0	  0	  0	  0	  0	  0	  0	  0	 49	 42	 66	 42	  0	100	  0	  0	  0	  0	  0	  0	  0	  0	  0	  0	  0	  5	12840	  0
28/07/2017	06:53:24	<-	L	00000000	 21	 48	 42	 70	  0	 88	  0	  4	  4	  4	  4	  4	  4	  4	  4	  0	  0	  0	  0	  0	  0	  0	  0	  0	  0	  0	  0	  0	  0	  0	  0	  0	  0	  0	  0	  0	  0	  0	  0	 48	 42	 70	 42	  0	100	  0	  0	  0	  0	  0	  0	  0	  0	  0	  0	  0	  5	15415	  0
28/07/2017	06:58:24	<-	L	00000000	 21	 49	 42	 70	  0	 93	  0	  4	  4	  4	  4	  4	  4	  4	  4	  0	  0	  0	  0	  0	  0	  0	  0	  0	  0	  0	  0	  0	  0	  0	  0	  0	  0	  0	  0	  0	  0	  0	  0	 49	 42	 66	 43	  0	 94	  0	  0	  0	  0	  0	  0	  0	  0	  0	  0	  0	  5	15415	  0
28/07/2017	07:03:24	<-	L	00000000	 21	 49	 42	 66	  0	 98	  0	  4	  4	  4	  4	  4	  4	  4	  4	  0	  0	  0	  0	  0	  0	  0	  0	  0	  0	  0	  0	  0	  0	  0	  0	  0	  0	  0	  0	  0	  0	  0	  0	 49	 42	 66	 43	  0	 94	  0	  0	  0	  0	  0	  0	  0	  0	  0	  0	  0	  5	15415	  0
28/07/2017	07:08:24	<-	L	00000000	 21	 50	 43	 66	  0	103	  0	  4	  4	  4	  4	  4	  4	  4	  4	  0	  0	  0	  0	  0	  0	  0	  0	  0	  0	  0	  0	  0	  0	  0	  0	  0	  0	  0	  0	  0	  0	  0	  0	 50	 43	 66	 43	  0	100	  0	  0	  0	  0	  0	  0	  0	  0	  0	  0	  0	  5	15415	  0
28/07/2017	07:13:24	<-	L	00000000	 21	 50	 43	 66	  0	108	  0	  4	  4	  4	  4	  4	  4	  4	  4	  0	  0	  0	  0	  0	  0	  0	  0	  0	  0	  0	  0	  0	  0	  0	  0	  0	  0	  0	  0	  0	  0	  0	  0	 50	 43	 66	 43	  0	100	  0	  0	  0	  0	  0	  0	  0	  0	  0	  0	  0	  5	15415	  0
28/07/2017	07:18:24	<-	L	00000000	 21	 50	 43	 66	  0	113	  0	  4	  4	  4	  4	  4	  4	  4	  4	  0	  0	  0	  0	  0	  0	  0	  0	  0	  0	  0	  0	  0	  0	  0	  0	  0	  0	  0	  0	  0	  0	  0	  0	 50	 43	 66	 43	  0	100	  0	  0	  0	  0	  0	  0	  0	  0	  0	  0	  0	  5	15415	  0
28/07/2017	07:23:24	<-	L	00000000	 21	 51	 43	 62	  0	118	  0	  4	  4	  4	  4	  4	  4	  4	  4	  0	  0	  0	  0	  0	  0	  0	  0	  0	  0	  0	  0	  0	  0	  0	  0	  0	  0	  0	  0	  0	  0	  0	  0	 51	 43	 62	 44	  0	 94	  0	  0	  0	  0	  0	  0	  0	  0	  0	  0	  0	  5	15415	  0
28/07/2017	07:28:24	<-	L	00000000	 21	 50	 43	 66	  0	123	  0	  4	  4	  4	  4	  4	  4	  4	  4	  0	  0	  0	  0	  0	  0	  0	  0	  0	  0	  0	  0	  0	  0	  0	  0	  0	  0	  0	  0	  0	  0	  0	  0	 50	 43	 66	 44	  0	 94	  0	  0	  0	  0	  0	  0	  0	  0	  0	  0	  0	  5	15415	  0
28/07/2017	07:33:24	<-	L	00000000	 21	 50	 43	 66	  0	128	  0	  4	  4	  4	  4	  4	  4	  4	  4	  0	  0	  0	  0	  0	  0	  0	  0	  0	  0	  0	  0	  0	  0	  0	  0	  0	  0	  0	  0	  0	  0	  0	  0	 50	 43	 66	 44	  0	 94	  0	  0	  0	  0	  0	  0	  0	  0	  0	  0	  0	  5	15415	  0
28/07/2017	07:38:24	<-	L	00000000	 21	 50	 44	 66	  0	133	  0	  4	  4	  4	  4	  4	  4	  4	  4	  0	  0	  0	  0	  0	  0	  0	  0	  0	  0	  0	  0	  0	  0	  0	  0	  0	  0	  0	  0	  0	  0	  0	  0	 50	 44	 70	 44	  0	100	  0	  0	  0	  0	  0	  0	  0	  0	  0	  0	  0	  5	15415	  0
28/07/2017	07:43:24	<-	L	00000000	 21	 51	 44	 66	  0	138	  0	  4	  4	  4	  4	  4	  4	  4	  4	  0	  0	  0	  0	  0	  0	  0	  0	  0	  0	  0	  0	  0	  0	  0	  0	  0	  0	  0	  0	  0	  0	  0	  0	 51	 44	 66	 44	  0	100	  0	  0	  0	  0	  0	  0	  0	  0	  0	  0	  0	  5	15415	  0
28/07/2017	07:48:24	<-	L	00000000	 21	 51	 44	 66	  0	143	  0	  4	  4	  4	  4	  4	  4	  4	  4	  0	  0	  0	  0	  0	  0	  0	  0	  0	  0	  0	  0	  0	  0	  0	  0	  0	  0	  0	  0	  0	  0	  0	  0	 51	 44	 66	 44	  0	100	  0	  0	  0	  0	  0	  0	  0	  0	  0	  0	  0	  5	15415	  0
28/07/2017	07:53:25	<-	L	00000000	 21	 51	 44	 66	  0	148	  0	  4	  4	  4	  4	  4	  4	  4	  4	  0	  0	  0	  0	  0	  0	  0	  0	  0	  0	  0	  0	  0	  0	  0	  0	  0	  0	  0	  0	  0	  0	  0	  0	 51	 44	 66	 44	  0	100	  0	  0	  0	  0	  0	  0	  0	  0	  0	  0	  0	  5	15415	  0
28/07/2017	07:58:24	<-	L	00000000	 21	 51	 44	 70	  0	153	  0	  4	  4	  4	  4	  4	  4	  4	  4	  0	  0	  0	  0	  0	  0	  0	  0	  0	  0	  0	  0	  0	  0	  0	  0	  0	  0	  0	  0	  0	  0	  0	  0	 51	 44	 66	 44	  0	100	  0	  0	  0	  0	  0	  0	  0	  0	  0	  0	  0	  5	15415	  0
28/07/2017	08:03:24	<-	L	00000000	 21	 51	 44	 66	  0	158	  0	  4	  4	  4	  4	  4	  4	  4	  4	  0	  0	  0	  0	  0	  0	  0	  0	  0	  0	  0	  0	  0	  0	  0	  0	  0	  0	  0	  0	  0	  0	  0	  0	 51	 44	 66	 45	  0	 94	  0	  0	  0	  0	  0	  0	  0	  0	  0	  0	  0	  5	15415	  0
28/07/2017	08:08:25	<-	L	00000000	 21	 52	 45	 63	  0	163	  0	  4	  4	  4	  4	  4	  4	  4	  4	  0	  0	  0	  0	  0	  0	  0	  0	  0	  0	  0	  0	  0	  0	  0	  0	  0	  0	  0	  0	  0	  0	  0	  0	 52	 45	 67	 45	  0	100	  0	  0	  0	  0	  0	  0	  0	  0	  0	  0	  0	  5	15415	  0
28/07/2017	08:13:25	<-	L	00000000	 21	 52	 45	 67	  0	168	  0	  4	  4	  4	  4	  4	  4	  4	  4	  0	  0	  0	  0	  0	  0	  0	  0	  0	  0	  0	  0	  0	  0	  0	  0	  0	  0	  0	  0	  0	  0	  0	  0	 52	 45	 67	 45	  0	100	  0	  0	  0	  0	  0	  0	  0	  0	  0	  0	  0	  5	15415	  0
28/07/2017	08:18:25	<-	L	00000000	 21	 53	 45	 63	  0	173	  0	  4	  4	  4	  4	  4	  4	  4	  4	  0	  0	  0	  0	  0	  0	  0	  0	  0	  0	  0	  0	  0	  0	  0	  0	  0	  0	  0	  0	  0	  0	  0	  0	 53	 45	 63	 45	  0	100	  0	  0	  0	  0	  0	  0	  0	  0	  0	  0	  0	  5	15415	  0
28/07/2017	08:23:25	<-	L	00000000	 21	 54	 45	 60	  0	178	  0	  4	  4	  4	  4	  4	  4	  4	  4	  0	  0	  0	  0	  0	  0	  0	  0	  0	  0	  0	  0	  0	  0	  0	  0	  0	  0	  0	  0	  0	  0	  0	  0	 54	 45	 60	 46	  0	 94	  0	  0	  0	  0	  0	  0	  0	  0	  0	  0	  0	  5	15415	  0
28/07/2017	08:28:25	<-	L	00000000	 21	 54	 46	 63	  0	183	  0	  4	  4	  4	  4	  4	  4	  4	  4	  0	  0	  0	  0	  0	  0	  0	  0	  0	  0	  0	  0	  0	  0	  0	  0	  0	  0	  0	  0	  0	  0	  0	  0	 54	 46	 63	 46	  0	100	  0	  0	  0	  0	  0	  0	  0	  0	  0	  0	  0	  5	15415	  0
28/07/2017	08:33:25	<-	L	00000000	 21	 54	 46	 63	  0	188	  0	  4	  4	  4	  4	  4	  4	  4	  4	  0	  0	  0	  0	  0	  0	  0	  0	  0	  0	  0	  0	  0	  0	  0	  0	  0	  0	  0	  0	  0	  0	  0	  0	 54	 46	 63	 46	  0	100	  0	  0	  0	  0	  0	  0	  0	  0	  0	  0	  0	  5	15415	  0
28/07/2017	08:38:25	<-	L	00000000	 21	 54	 46	 63	  0	193	  0	  4	  4	  4	  4	  4	  4	  4	  4	  0	  0	  0	  0	  0	  0	  0	  0	  0	  0	  0	  0	  0	  0	  0	  0	  0	  0	  0	  0	  0	  0	  0	  0	 54	 46	 63	 46	  0	100	  0	  0	  0	  0	  0	  0	  0	  0	  0	  0	  0	  5	15415	  0
28/07/2017	08:43:25	<-	L	00000000	 21	 54	 46	 63	  0	198	  0	  4	  4	  4	  4	  4	  4	  4	  4	  0	  0	  0	  0	  0	  0	  0	  0	  0	  0	  0	  0	  0	  0	  0	  0	  0	  0	  0	  0	  0	  0	  0	  0	 54	 46	 63	 46	  0	100	  0	  0	  0	  0	  0	  0	  0	  0	  0	  0	  0	  5	15415	  0
28/07/2017	08:48:25	<-	L	00000000	 21	 53	 46	 67	  0	203	  0	  4	  4	  4	  4	  4	  4	  4	  4	  0	  0	  0	  0	  0	  0	  0	  0	  0	  0	  0	  0	  0	  0	  0	  0	  0	  0	  0	  0	  0	  0	  0	  0	 53	 46	 67	 46	  0	100	  0	  0	  0	  0	  0	  0	  0	  0	  0	  0	  0	  5	15415	  0
28/07/2017	08:53:25	<-	L	00000000	 21	 53	 46	 67	  0	208	  0	  4	  4	  4	  4	  4	  4	  4	  4	  0	  0	  0	  0	  0	  0	  0	  0	  0	  0	  0	  0	  0	  0	  0	  0	  0	  0	  0	  0	  0	  0	  0	  0	 53	 46	 67	 46	  0	100	  0	  0	  0	  0	  0	  0	  0	  0	  0	  0	  0	  5	15415	  0
28/07/2017	08:58:25	<-	L	00000000	 21	 53	 46	 67	  0	213	  0	  4	  4	  4	  4	  4	  4	  4	  4	  0	  0	  0	  0	  0	  0	  0	  0	  0	  0	  0	  0	  0	  0	  0	  0	  0	  0	  0	  0	  0	  0	  0	  0	 53	 46	 67	 46	  0	100	  0	  0	  0	  0	  0	  0	  0	  0	  0	  0	  0	  5	15415	  0
28/07/2017	09:03:25	<-	L	00000000	 21	 53	 46	 67	  0	218	  0	  4	  4	  4	  4	  4	  4	  4	  4	  0	  0	  0	  0	  0	  0	  0	  0	  0	  0	  0	  0	  0	  0	  0	  0	  0	  0	  0	  0	  0	  0	  0	  0	 53	 46	 67	 47	  0	 94	  0	  0	  0	  0	  0	  0	  0	  0	  0	  0	  0	  5	15415	  0
28/07/2017	09:08:25	<-	L	00000000	 21	 53	 47	 71	  0	223	  0	  4	  4	  4	  4	  4	  4	  4	  4	  0	  0	  0	  0	  0	  0	  0	  0	  0	  0	  0	  0	  0	  0	  0	  0	  0	  0	  0	  0	  0	  0	  0	  0	 53	 47	 71	 47	  0	100	  0	  0	  0	  0	  0	  0	  0	  0	  0	  0	  0	  5	15415	  0
28/07/2017	09:13:25	<-	L	00000000	 21	 54	 47	 67	  0	228	  0	  4	  4	  4	  4	  4	  4	  4	  4	  0	  0	  0	  0	  0	  0	  0	  0	  0	  0	  0	  0	  0	  0	  0	  0	  0	  0	  0	  0	  0	  0	  0	  0	 54	 47	 67	 47	  0	100	  0	  0	  0	  0	  0	  0	  0	  0	  0	  0	  0	  5	15415	  0
28/07/2017	09:18:25	<-	L	00000000	 21	 54	 47	 67	  0	233	  0	  4	  4	  4	  4	  4	  4	  4	  4	  0	  0	  0	  0	  0	  0	  0	  0	  0	  0	  0	  0	  0	  0	  0	  0	  0	  0	  0	  0	  0	  0	  0	  0	 54	 47	 67	 47	  0	100	  0	  0	  0	  0	  0	  0	  0	  0	  0	  0	  0	  5	15415	  0
28/07/2017	09:23:26	<-	L	00000000	 21	 55	 47	 63	  0	238	  0	  4	  4	  4	  4	  4	  4	  4	  4	  0	  0	  0	  0	  0	  0	  0	  0	  0	  0	  0	  0	  0	  0	  0	  0	  0	  0	  0	  0	  0	  0	  0	  0	 55	 47	 63	 48	  0	 94	  0	  0	  0	  0	  0	  0	  0	  0	  0	  0	  0	  5	15415	  0
28/07/2017	09:28:26	<-	L	00000000	 21	 56	 47	 60	  0	243	  0	  4	  4	  4	  4	  4	  4	  4	  4	  0	  0	  0	  0	  0	  0	  0	  0	  0	  0	  0	  0	  0	  0	  0	  0	  0	  0	  0	  0	  0	  0	  0	  0	 56	 47	 60	 48	  0	 94	  0	  0	  0	  0	  0	  0	  0	  0	  0	  0	  0	  5	15415	  0
28/07/2017	09:33:26	<-	L	00000000	 21	 56	 48	 64	  0	248	  0	  4	  4	  4	  4	  4	  4	  4	  4	  0	  0	  0	  0	  0	  0	  0	  0	  0	  0	  0	  0	  0	  0	  0	  0	  0	  0	  0	  0	  0	  0	  0	  0	 56	 48	 64	 48	  0	100	  0	  0	  0	  0	  0	  0	  0	  0	  0	  0	  0	  5	15415	  0
28/07/2017	09:38:26	<-	L	00000000	 21	 57	 48	 60	  0	253	  0	  4	  4	  4	  4	  4	  4	  4	  4	  0	  0	  0	  0	  0	  0	  0	  0	  0	  0	  0	  0	  0	  0	  0	  0	  0	  0	  0	  0	  0	  0	  0	  0	 57	 48	 60	 49	  0	 94	  0	  0	  0	  0	  0	  0	  0	  0	  0	  0	  0	  5	15415	  0
