01/02/2017	15:36:01	  	L	00000000	 10	 28	 22	 66	  0	  0	  0	  4	  4	  4	  4	  4	  4	  4	  4	  0	  0	  0	  0	  0	  0	  0	  0	  0	  0	  0	  0	  0	  0	  0	  0	  0	  0	  0	  0	  0	  0	  0	  0	 27	 22	 74	 28	  0	 66	  0	  0	  0	  0	  0	  0	  0	  0	  0	  0	  0	  5	7196	  1
01/02/2017	15:41:02	->	L	00000000	 10	 29	 20	 60	  0	  5	  0	  4	  4	  4	  4	  4	  4	  4	  4	  0	  0	  0	  0	  0	  0	  0	  0	  0	  0	  0	  0	  0	  0	  0	  0	  0	  0	  0	  0	  0	  0	  0	  0	 23	 20	 82	 29	  0	 53	  0	  0	  0	  0	  0	  0	  0	  0	  0	  0	  0	  5	7196	  1
01/02/2017	15:46:01	->	L	00000000	 10	 29	 21	 61	  0	 10	  0	  4	  4	  4	  4	  4	  5	  5	  5	  0	  0	  0	  0	  0	  0	  0	  0	  0	  0	  0	  0	  0	  0	  0	  0	  0	  0	  0	  0	  0	  0	  0	  0	 25	 21	 76	 29	  0	 56	  0	  0	  0	  0	  0	  0	  0	  0	  0	  0	  0	  5	7453	  1
01/02/2017	15:51:01	->	L	00000000	 10	 31	 24	 61	  0	 15	  0	  5	  5	  5	  5	  5	  5	  5	  5	  0	  0	  0	  0	  0	  0	  0	  0	  0	  0	  0	  0	  0	  0	  0	  0	  0	  0	  0	  0	  0	  0	  0	  0	 28	 24	 77	 31	  0	 61	  0	  0	  0	  0	  0	  0	  0	  0	  0	  0	  0	  5	7710	  1
01/02/2017	15:56:01	->	L	00000000	 10	 33	 29	 75	  0	 20	  0	  4	  5	  5	  5	  4	  4	  4	  4	  0	  0	  0	  0	  0	  0	  0	  0	  0	  0	  0	  0	  0	  0	  0	  0	  0	  0	  0	  0	  0	  0	  0	  0	 33	 29	 77	 32	  0	 83	  0	  0	  0	  0	  0	  0	  0	  0	  0	  0	  0	  5	7710	  1
01/02/2017	16:01:02	->	L	00000000	 10	 35	 29	 67	  0	 25	  0	  4	  5	  5	  4	  4	  4	  4	  4	  0	  0	  0	  0	  0	  0	  0	  0	  0	  0	  0	  0	  0	  0	  0	  0	  0	  0	  0	  0	  0	  0	  0	  0	 32	 29	 83	 35	  0	 67	  0	  0	  0	  0	  0	  0	  0	  0	  0	  0	  0	  5	7967	  1
01/02/2017	16:06:01	->	L	00000000	 10	 37	 28	 63	  0	 30	  0	  4	  4	  4	  4	  4	  4	  4	  4	  0	  0	  0	  0	  0	  0	  0	  0	  0	  0	  0	  0	  0	  0	  0	  0	  0	  0	  0	  0	  0	  0	  0	  0	 29	 28	 93	 37	  0	 55	  0	  0	  0	  0	  0	  0	  0	  0	  0	  0	  0	  5	8224	  1
01/02/2017	16:11:01	->	L	00000000	 10	 34	 29	 77	  0	 35	  0	  4	  4	  4	  4	  4	  4	  4	  4	  0	  0	  0	  0	  0	  0	  0	  0	  0	  0	  0	  0	  0	  0	  0	  0	  0	  0	  0	  0	  0	  0	  0	  0	 30	 29	 93	 34	  0	 77	  0	  0	  0	  0	  0	  0	  0	  0	  0	  0	  0	  5	8481	  1
01/02/2017	16:16:02	->	L	00000000	 10	 33	 31	 77	  0	 40	  0	  4	  4	  4	  4	  4	  4	  4	  4	  0	  0	  0	  0	  0	  0	  0	  0	  0	  0	  0	  0	  0	  0	  0	  0	  0	  0	  0	  0	  0	  0	  0	  0	 31	 31	100	 33	  0	 88	  0	  0	  0	  0	  0	  0	  0	  0	  0	  0	  0	  5	8481	  1
01/02/2017	16:21:02	->	L	00000000	 10	 36	 32	 68	  0	 45	  0	  4	  4	  4	  4	  4	  4	  4	  4	  0	  0	  0	  0	  0	  0	  0	  0	  0	  0	  0	  0	  0	  0	  0	  0	  0	  0	  0	  0	  0	  0	  0	  0	 32	 32	100	 36	  0	 78	  0	  0	  0	  0	  0	  0	  0	  0	  0	  0	  0	  5	8738	  1
01/02/2017	16:26:02	->	L	00000000	 10	 41	 31	 56	  0	 50	  0	  4	  4	  4	  4	  4	  4	  4	  4	  0	  0	  0	  0	  0	  0	  0	  0	  0	  0	  0	  0	  0	  0	  0	  0	  0	  0	  0	  0	  0	  0	  0	  0	 34	 31	 83	 41	  0	 52	  0	  0	  0	  0	  0	  0	  0	  0	  0	  0	  0	  5	8995	  1
01/02/2017	16:31:02	->	L	00000000	 10	 34	 32	 94	  0	 55	  0	  4	  4	  4	  4	  4	  4	  4	  4	  0	  0	  0	  0	  0	  0	  0	  0	  0	  0	  0	  0	  0	  0	  0	  0	  0	  0	  0	  0	  0	  0	  0	  0	 33	 32	 93	 34	  0	 89	  0	  0	  0	  0	  0	  0	  0	  0	  0	  0	  0	  5	8995	  1
01/02/2017	16:36:02	->	L	00000000	 10	 37	 33	 78	  0	 60	  0	  4	  4	  4	  4	  4	  4	  4	  4	  0	  0	  0	  0	  0	  0	  0	  0	  0	  0	  0	  0	  0	  0	  0	  0	  0	  0	  0	  0	  0	  0	  0	  0	 34	 33	 94	 37	  0	 78	  0	  0	  0	  0	  0	  0	  0	  0	  0	  0	  0	  5	9252	  1
01/02/2017	16:41:02	->	L	00000000	 10	 41	 33	 56	  0	 65	  0	  4	  4	  4	  4	  4	  4	  4	  4	  0	  0	  0	  0	  0	  0	  0	  0	  0	  0	  0	  0	  0	  0	  0	  0	  0	  0	  0	  0	  0	  0	  0	  0	 35	 33	 89	 41	  0	 60	  0	  0	  0	  0	  0	  0	  0	  0	  0	  0	  0	  5	9509	  1
01/02/2017	16:46:02	->	L	00000000	 10	 41	 34	 60	  0	 70	  0	  4	  4	  4	  4	  4	  4	  4	  4	  0	  0	  0	  0	  0	  0	  0	  0	  0	  0	  0	  0	  0	  0	  0	  0	  0	  0	  0	  0	  0	  0	  0	  0	 35	 34	 94	 41	  0	 64	  0	  0	  0	  0	  0	  0	  0	  0	  0	  0	  0	  5	9766	  1
01/02/2017	16:51:02	->	L	00000000	 10	 40	 34	 64	  0	 75	  0	  4	  4	  4	  4	  4	  4	  4	  4	  0	  0	  0	  0	  0	  0	  0	  0	  0	  0	  0	  0	  0	  0	  0	  0	  0	  0	  0	  0	  0	  0	  0	  0	 36	 34	 89	 40	  0	 68	  0	  0	  0	  0	  0	  0	  0	  0	  0	  0	  0	  5	9766	  1
01/02/2017	16:56:02	->	L	00000000	 10	 40	 35	 68	  0	 80	  0	  4	  4	  4	  4	  4	  4	  4	  4	  0	  0	  0	  0	  0	  0	  0	  0	  0	  0	  0	  0	  0	  0	  0	  0	  0	  0	  0	  0	  0	  0	  0	  0	 36	 35	 94	 40	  0	 75	  0	  0	  0	  0	  0	  0	  0	  0	  0	  0	  0	  5	10023	  1
01/02/2017	17:01:02	->	L	00000000	 10	 39	 33	 78	  0	 85	  0	  4	  4	  4	  4	  4	  4	  4	  4	  0	  0	  0	  0	  0	  0	  0	  0	  0	  0	  0	  0	  0	  0	  0	  0	  0	  0	  0	  0	  0	  0	  0	  0	 36	 33	 83	 39	  0	 68	  0	  0	  0	  0	  0	  0	  0	  0	  0	  0	  0	  5	9766	  1
01/02/2017	17:06:02	->	L	00000000	 10	 40	 34	 68	  0	 90	  0	  4	  4	  4	  4	  4	  4	  4	  4	  0	  0	  0	  0	  0	  0	  0	  0	  0	  0	  0	  0	  0	  0	  0	  0	  0	  0	  0	  0	  0	  0	  0	  0	 36	 34	 89	 40	  0	 68	  0	  0	  0	  0	  0	  0	  0	  0	  0	  0	  0	  5	9766	  1
01/02/2017	17:11:02	->	L	00000000	 10	 41	 35	 68	  0	 95	  0	  4	  4	  4	  4	  4	  4	  4	  4	  0	  0	  0	  0	  0	  0	  0	  0	  0	  0	  0	  0	  0	  0	  0	  0	  0	  0	  0	  0	  0	  0	  0	  0	 37	 35	 89	 41	  0	 68	  0	  0	  0	  0	  0	  0	  0	  0	  0	  0	  0	  5	10023	  1
01/02/2017	17:16:02	->	L	00000000	 10	 42	 35	 69	  0	100	  0	  4	  4	  4	  4	  4	  4	  4	  4	  0	  0	  0	  0	  0	  0	  0	  0	  0	  0	  0	  0	  0	  0	  0	  0	  0	  0	  0	  0	  0	  0	  0	  0	 38	 35	 84	 42	  0	 64	  0	  0	  0	  0	  0	  0	  0	  0	  0	  0	  0	  5	10280	  1
01/02/2017	17:21:02	->	L	00000000	 10	 42	 38	 69	  0	105	  0	  4	  4	  4	  4	  4	  4	  4	  4	  0	  0	  0	  0	  0	  0	  0	  0	  0	  0	  0	  0	  0	  0	  0	  0	  0	  0	  0	  0	  0	  0	  0	  0	 38	 38	100	 42	  0	 78	  0	  0	  0	  0	  0	  0	  0	  0	  0	  0	  0	  5	10280	  1
01/02/2017	17:26:02	->	L	00000000	 10	 44	 38	 65	  0	110	  0	  4	  4	  4	  4	  4	  4	  4	  4	  0	  0	  0	  0	  0	  0	  0	  0	  0	  0	  0	  0	  0	  0	  0	  0	  0	  0	  0	  0	  0	  0	  0	  0	 40	 38	 89	 44	  0	 69	  0	  0	  0	  0	  0	  0	  0	  0	  0	  0	  0	  5	10537	  1
01/02/2017	17:31:02	->	L	00000000	 10	 42	 38	 84	  0	115	  0	  4	  4	  4	  4	  4	  4	  4	  4	  0	  0	  0	  0	  0	  0	  0	  0	  0	  0	  0	  0	  0	  0	  0	  0	  0	  0	  0	  0	  0	  0	  0	  0	 39	 38	 94	 42	  0	 78	  0	  0	  0	  0	  0	  0	  0	  0	  0	  0	  0	  5	10537	  1
01/02/2017	17:36:02	->	L	00000000	 10	 42	 39	 84	  0	120	  0	  4	  4	  4	  4	  4	  4	  4	  4	  0	  0	  0	  0	  0	  0	  0	  0	  0	  0	  0	  0	  0	  0	  0	  0	  0	  0	  0	  0	  0	  0	  0	  0	 41	 39	 89	 42	  0	 84	  0	  0	  0	  0	  0	  0	  0	  0	  0	  0	  0	  5	10794	  1
01/02/2017	17:41:02	<-	L	00000000	 10	 42	 39	 84	  0	125	  0	  4	  4	  4	  4	  4	  4	  4	  4	  0	  0	  0	  0	  0	  0	  0	  0	  0	  0	  0	  0	  0	  0	  0	  0	  0	  0	  0	  0	  0	  0	  0	  0	 42	 39	 84	 41	  0	 89	  0	  0	  0	  0	  0	  0	  0	  0	  0	  0	  0	  5	11051	  1
01/02/2017	17:46:02	<-	L	00000000	 10	 42	 40	 89	  0	130	  0	  4	  4	  4	  4	  4	  4	  4	  4	  0	  0	  0	  0	  0	  0	  0	  0	  0	  0	  0	  0	  0	  0	  0	  0	  0	  0	  0	  0	  0	  0	  0	  0	 42	 40	 89	 41	  0	 94	  0	  0	  0	  0	  0	  0	  0	  0	  0	  0	  0	  5	11051	  1
01/02/2017	17:51:02	<-	L	00000000	 10	 45	 42	 84	  0	135	  0	  4	  4	  4	  4	  4	  4	  4	  4	  0	  0	  0	  0	  0	  0	  0	  0	  0	  0	  0	  0	  0	  0	  0	  0	  0	  0	  0	  0	  0	  0	  0	  0	 45	 42	 84	 42	  0	100	  0	  0	  0	  0	  0	  0	  0	  0	  0	  0	  0	  5	11308	  1
01/02/2017	17:56:02	<-	L	00000000	 10	 47	 43	 76	  0	140	  0	  4	  4	  4	  4	  4	  4	  4	  4	  0	  0	  0	  0	  0	  0	  0	  0	  0	  0	  0	  0	  0	  0	  0	  0	  0	  0	  0	  0	  0	  0	  0	  0	 47	 43	 79	 44	  0	 94	  0	  0	  0	  0	  0	  0	  0	  0	  0	  0	  0	  5	11308	  1
01/02/2017	18:01:02	<-	L	00000000	 10	 46	 43	 85	  0	145	  0	  4	  4	  4	  4	  4	  4	  4	  4	  0	  0	  0	  0	  0	  0	  0	  0	  0	  0	  0	  0	  0	  0	  0	  0	  0	  0	  0	  0	  0	  0	  0	  0	 46	 43	 85	 44	  0	 94	  0	  0	  0	  0	  0	  0	  0	  0	  0	  0	  0	  5	11565	  1
01/02/2017	18:06:02	<-	L	00000000	 10	 48	 44	 77	  0	150	  0	  4	  4	  4	  4	  4	  4	  4	  4	  0	  0	  0	  0	  0	  0	  0	  0	  0	  0	  0	  0	  0	  0	  0	  0	  0	  0	  0	  0	  0	  0	  0	  0	 48	 44	 79	 45	  0	 94	  0	  0	  0	  0	  0	  0	  0	  0	  0	  0	  0	  5	11822	  1
01/02/2017	18:11:04	<-	L	00000000	 10	 48	 44	 85	  0	155	  0	  4	  4	  4	  4	  4	  4	  4	  4	  0	  0	  0	  0	  0	  0	  0	  0	  0	  0	  0	  0	  0	  0	  0	  0	  0	  0	  0	  0	  0	  0	  0	  0	 48	 44	 79	 45	  0	 94	  0	  0	  0	  0	  0	  0	  0	  0	  0	  0	  0	  5	11822	  1
01/02/2017	18:16:02	<-	L	00000000	 10	 47	 45	 89	  0	160	  0	  4	  4	  4	  4	  4	  4	  4	  4	  0	  0	  0	  0	  0	  0	  0	  0	  0	  0	  0	  0	  0	  0	  0	  0	  0	  0	  0	  0	  0	  0	  0	  0	 47	 45	 89	 44	  0	100	  0	  0	  0	  0	  0	  0	  0	  0	  0	  0	  0	  5	12079	  1
01/02/2017	18:21:02	<-	L	00000000	 10	 47	 45	 89	  0	165	  0	  4	  4	  4	  4	  4	  4	  4	  4	  0	  0	  0	  0	  0	  0	  0	  0	  0	  0	  0	  0	  0	  0	  0	  0	  0	  0	  0	  0	  0	  0	  0	  0	 47	 45	 89	 45	  0	100	  0	  0	  0	  0	  0	  0	  0	  0	  0	  0	  0	  5	12079	  1
01/02/2017	18:26:02	<-	L	00000000	 10	 52	 46	 71	  0	170	  0	  4	  4	  4	  4	  4	  4	  4	  4	  0	  0	  0	  0	  0	  0	  0	  0	  0	  0	  0	  0	  0	  0	  0	  0	  0	  0	  0	  0	  0	  0	  0	  0	 52	 46	 71	 48	  0	 89	  0	  0	  0	  0	  0	  0	  0	  0	  0	  0	  0	  5	12336	  1
01/02/2017	18:31:03	<-	L	00000000	 10	 50	 46	 85	  0	175	  0	  4	  4	  4	  4	  4	  4	  4	  4	  0	  0	  0	  0	  0	  0	  0	  0	  0	  0	  0	  0	  0	  0	  0	  0	  0	  0	  0	  0	  0	  0	  0	  0	 50	 46	 80	 47	  0	 94	  0	  0	  0	  0	  0	  0	  0	  0	  0	  0	  0	  5	12593	  1
01/02/2017	18:36:03	<-	L	00000000	 10	 49	 47	 89	  0	180	  0	  4	  4	  4	  4	  4	  4	  4	  4	  0	  0	  0	  0	  0	  0	  0	  0	  0	  0	  0	  0	  0	  0	  0	  0	  0	  0	  0	  0	  0	  0	  0	  0	 49	 47	 89	 47	  0	100	  0	  0	  0	  0	  0	  0	  0	  0	  0	  0	  0	  5	12593	  1
01/02/2017	18:41:03	<-	L	00000000	 10	 55	 49	 71	  0	185	  0	  4	  4	  4	  4	  4	  4	  4	  4	  0	  0	  0	  0	  0	  0	  0	  0	  0	  0	  0	  0	  0	  0	  0	  0	  0	  0	  0	  0	  0	  0	  0	  0	 55	 49	 71	 50	  0	 94	  0	  0	  0	  0	  0	  0	  0	  0	  0	  0	  0	  5	12850	  1
01/02/2017	18:46:03	<-	L	00000000	 10	 50	 48	 89	  0	190	  0	  4	  4	  4	  4	  4	  4	  4	  4	  0	  0	  0	  0	  0	  0	  0	  0	  0	  0	  0	  0	  0	  0	  0	  0	  0	  0	  0	  0	  0	  0	  0	  0	 50	 48	 89	 48	  0	100	  0	  0	  0	  0	  0	  0	  0	  0	  0	  0	  0	  5	12850	  1
01/02/2017	18:51:03	<-	L	00000000	 10	 55	 50	 77	  0	195	  0	  4	  4	  4	  4	  4	  4	  4	  4	  0	  0	  0	  0	  0	  0	  0	  0	  0	  0	  0	  0	  0	  0	  0	  0	  0	  0	  0	  0	  0	  0	  0	  0	 55	 50	 77	 51	  0	 94	  0	  0	  0	  0	  0	  0	  0	  0	  0	  0	  0	  5	13107	  1
01/02/2017	18:56:03	<-	L	00000000	 10	 51	 50	 94	  0	200	  0	  4	  4	  4	  4	  4	  4	  4	  4	  0	  0	  0	  0	  0	  0	  0	  0	  0	  0	  0	  0	  0	  0	  0	  0	  0	  0	  0	  0	  0	  0	  0	  0	 51	 50	 94	 49	  0	100	  0	  0	  0	  0	  0	  0	  0	  0	  0	  0	  0	  5	13364	  1
01/02/2017	19:01:03	<-	L	00000000	 10	 52	 48	 85	  0	205	  0	  4	  4	  4	  4	  4	  4	  4	  4	  0	  0	  0	  0	  0	  0	  0	  0	  0	  0	  0	  0	  0	  0	  0	  0	  0	  0	  0	  0	  0	  0	  0	  0	 52	 48	 80	 50	  0	 89	  0	  0	  0	  0	  0	  0	  0	  0	  0	  0	  0	  5	13364	  1
01/02/2017	19:06:03	<-	L	00000000	 10	 52	 50	 90	  0	210	  0	  4	  4	  4	  4	  4	  4	  4	  4	  0	  0	  0	  0	  0	  0	  0	  0	  0	  0	  0	  0	  0	  0	  0	  0	  0	  0	  0	  0	  0	  0	  0	  0	 52	 50	 90	 50	  0	100	  0	  0	  0	  0	  0	  0	  0	  0	  0	  0	  0	  5	13621	  1
01/02/2017	19:11:03	<-	L	00000000	 10	 55	 53	 90	  0	215	  0	  4	  4	  4	  4	  4	  4	  4	  4	  0	  0	  0	  0	  0	  0	  0	  0	  0	  0	  0	  0	  0	  0	  0	  0	  0	  0	  0	  0	  0	  0	  0	  0	 55	 53	 90	 52	  0	100	  0	  0	  0	  0	  0	  0	  0	  0	  0	  0	  0	  5	13621	  1
01/02/2017	19:16:03	<-	L	00000000	 10	 56	 53	 86	  0	220	  0	  4	  4	  4	  4	  4	  4	  4	  4	  0	  0	  0	  0	  0	  0	  0	  0	  0	  0	  0	  0	  0	  0	  0	  0	  0	  0	  0	  0	  0	  0	  0	  0	 56	 53	 86	 53	  0	100	  0	  0	  0	  0	  0	  0	  0	  0	  0	  0	  0	  5	13878	  1
01/02/2017	19:21:03	<-	L	00000000	 10	 57	 50	 72	  0	225	  0	  4	  4	  4	  4	  4	  4	  4	  4	  0	  0	  0	  0	  0	  0	  0	  0	  0	  0	  0	  0	  0	  0	  0	  0	  0	  0	  0	  0	  0	  0	  0	  0	 57	 50	 68	 54	  0	 80	  0	  0	  0	  0	  0	  0	  0	  0	  0	  0	  0	  5	14135	  1
01/02/2017	19:26:03	<-	L	00000000	 10	 56	 53	 90	  0	230	  0	  4	  4	  4	  4	  4	  4	  4	  4	  0	  0	  0	  0	  0	  0	  0	  0	  0	  0	  0	  0	  0	  0	  0	  0	  0	  0	  0	  0	  0	  0	  0	  0	 56	 53	 86	 54	  0	 94	  0	  0	  0	  0	  0	  0	  0	  0	  0	  0	  0	  5	14135	  1
01/02/2017	19:31:03	<-	L	00000000	 10	 58	 55	 86	  0	235	  0	  4	  4	  4	  4	  4	  4	  4	  4	  0	  0	  0	  0	  0	  0	  0	  0	  0	  0	  0	  0	  0	  0	  0	  0	  0	  0	  0	  0	  0	  0	  0	  0	 58	 55	 86	 55	  0	100	  0	  0	  0	  0	  0	  0	  0	  0	  0	  0	  0	  5	14392	  1
01/02/2017	19:36:03	<-	L	00000000	 10	 57	 54	 90	  0	240	  0	  4	  4	  4	  4	  4	  4	  4	  4	  0	  0	  0	  0	  0	  0	  0	  0	  0	  0	  0	  0	  0	  0	  0	  0	  0	  0	  0	  0	  0	  0	  0	  0	 57	 54	 86	 54	  0	100	  0	  0	  0	  0	  0	  0	  0	  0	  0	  0	  0	  5	14392	  1
01/02/2017	19:41:03	->	L	00000000	 10	 55	 53	 86	  0	245	  0	  4	  4	  4	  4	  4	  4	  4	  4	  0	  0	  0	  0	  0	  0	  0	  0	  0	  0	  0	  0	  0	  0	  0	  0	  0	  0	  0	  0	  0	  0	  0	  0	 55	 53	 90	 55	  0	 90	  0	  0	  0	  0	  0	  0	  0	  0	  0	  0	  0	  5	14649	  1
01/02/2017	19:46:03	->	L	00000000	 10	 57	 52	 80	  0	250	  0	  4	  4	  4	  4	  4	  4	  4	  4	  0	  0	  0	  0	  0	  0	  0	  0	  0	  0	  0	  0	  0	  0	  0	  0	  0	  0	  0	  0	  0	  0	  0	  0	 55	 52	 86	 57	  0	 78	  0	  0	  0	  0	  0	  0	  0	  0	  0	  0	  0	  5	14906	  1
01/02/2017	19:51:03	->	L	00000000	 10	 58	 54	 80	  0	255	  0	  4	  4	  4	  4	  4	  4	  4	  4	  0	  0	  0	  0	  0	  0	  0	  0	  0	  0	  0	  0	  0	  0	  0	  0	  0	  0	  0	  0	  0	  0	  0	  0	 56	 54	 90	 58	  0	 81	  0	  0	  0	  0	  0	  0	  0	  0	  0	  0	  0	  5	14906	  1
01/02/2017	19:56:03	->	L	00000000	 10	 64	 55	 62	  0	260	  0	  4	  4	  4	  4	  4	  4	  4	  4	  0	  0	  0	  0	  0	  0	  0	  0	  0	  0	  0	  0	  0	  0	  0	  0	  0	  0	  0	  0	  0	  0	  0	  0	 57	 55	 90	 64	  0	 62	  0	  0	  0	  0	  0	  0	  0	  0	  0	  0	  0	  5	15163	  1
01/02/2017	20:01:03	->	L	00000000	 10	 63	 54	 69	  0	265	  0	  4	  4	  4	  4	  4	  4	  4	  4	  0	  0	  0	  0	  0	  0	  0	  0	  0	  0	  0	  0	  0	  0	  0	  0	  0	  0	  0	  0	  0	  0	  0	  0	 57	 54	 86	 63	  0	 62	  0	  0	  0	  0	  0	  0	  0	  0	  0	  0	  0	  5	15163	  1
01/02/2017	20:06:03	->	L	00000000	 10	 63	 55	 66	  0	270	  0	  4	  4	  4	  4	  4	  4	  4	  4	  0	  0	  0	  0	  0	  0	  0	  0	  0	  0	  0	  0	  0	  0	  0	  0	  0	  0	  0	  0	  0	  0	  0	  0	 57	 55	 90	 63	  0	 66	  0	  0	  0	  0	  0	  0	  0	  0	  0	  0	  0	  5	15420	  1
01/02/2017	20:11:03	->	L	00000000	 10	 62	 55	 69	  0	275	  0	  4	  4	  4	  4	  4	  4	  4	  4	  0	  0	  0	  0	  0	  0	  0	  0	  0	  0	  0	  0	  0	  0	  0	  0	  0	  0	  0	  0	  0	  0	  0	  0	 58	 55	 86	 62	  0	 69	  0	  0	  0	  0	  0	  0	  0	  0	  0	  0	  0	  5	15677	  1
01/02/2017	20:16:03	->	L	00000000	 10	 61	 56	 72	  0	280	  0	  4	  4	  4	  4	  4	  4	  4	  4	  0	  0	  0	  0	  0	  0	  0	  0	  0	  0	  0	  0	  0	  0	  0	  0	  0	  0	  0	  0	  0	  0	  0	  0	 58	 55	 90	 60	  0	 78	  0	  0	  0	  0	  0	  0	  0	  0	  0	  0	  0	  5	15677	  1
01/02/2017	20:21:03	->	L	00000000	 10	 63	 56	 73	  0	285	  0	  4	  4	  4	  4	  4	  4	  4	  4	  0	  0	  0	  0	  0	  0	  0	  0	  0	  0	  0	  0	  0	  0	  0	  0	  0	  0	  0	  0	  0	  0	  0	  0	 59	 56	 86	 63	  0	 69	  0	  0	  0	  0	  0	  0	  0	  0	  0	  0	  0	  5	15934	  1
01/02/2017	20:26:03	->	L	00000000	 10	 66	 58	 63	  0	290	  0	  4	  4	  4	  4	  4	  4	  4	  4	  0	  0	  0	  0	  0	  0	  0	  0	  0	  0	  0	  0	  0	  0	  0	  0	  0	  0	  0	  0	  0	  0	  0	  0	 60	 58	 90	 66	  0	 66	  0	  0	  0	  0	  0	  0	  0	  0	  0	  0	  0	  5	15934	  1
01/02/2017	20:31:03	->	L	00000000	 10	 66	 58	 63	  0	295	  0	  4	  4	  4	  4	  4	  4	  4	  4	  0	  0	  0	  0	  0	  0	  0	  0	  0	  0	  0	  0	  0	  0	  0	  0	  0	  0	  0	  0	  0	  0	  0	  0	 60	 58	 90	 66	  0	 66	  0	  0	  0	  0	  0	  0	  0	  0	  0	  0	  0	  5	16191	  1
01/02/2017	20:36:03	->	L	00000000	 10	 65	 58	 73	  0	300	  0	  4	  4	  4	  4	  4	  4	  4	  4	  0	  0	  0	  0	  0	  0	  0	  0	  0	  0	  0	  0	  0	  0	  0	  0	  0	  0	  0	  0	  0	  0	  0	  0	 61	 58	 86	 65	  0	 70	  0	  0	  0	  0	  0	  0	  0	  0	  0	  0	  0	  5	16448	  1
01/02/2017	20:41:03	->	L	00000000	 10	 64	 59	 73	  0	305	  0	  4	  4	  4	  4	  4	  4	  4	  4	  0	  0	  0	  0	  0	  0	  0	  0	  0	  0	  0	  0	  0	  0	  0	  0	  0	  0	  0	  0	  0	  0	  0	  0	 62	 59	 90	 64	  0	 79	  0	  0	  0	  0	  0	  0	  0	  0	  0	  0	  0	  5	16448	  1
01/02/2017	20:46:03	->	L	00000000	 10	 65	 59	 73	  0	310	  0	  4	  4	  4	  4	  4	  4	  4	  4	  0	  0	  0	  0	  0	  0	  0	  0	  0	  0	  0	  0	  0	  0	  0	  0	  0	  0	  0	  0	  0	  0	  0	  0	 62	 59	 86	 65	  0	 73	  0	  0	  0	  0	  0	  0	  0	  0	  0	  0	  0	  5	16705	  1
01/02/2017	20:51:03	->	L	00000000	 10	 64	 60	 79	  0	315	  0	  4	  4	  4	  4	  4	  4	  4	  4	  0	  0	  0	  0	  0	  0	  0	  0	  0	  0	  0	  0	  0	  0	  0	  0	  0	  0	  0	  0	  0	  0	  0	  0	 63	 60	 86	 64	  0	 81	  0	  0	  0	  0	  0	  0	  0	  0	  0	  0	  0	  5	16705	  1
01/02/2017	20:56:03	->	L	00000000	 10	 66	 60	 79	  0	320	  0	  4	  4	  4	  4	  4	  4	  4	  4	  0	  0	  0	  0	  0	  0	  0	  0	  0	  0	  0	  0	  0	  0	  0	  0	  0	  0	  0	  0	  0	  0	  0	  0	 63	 60	 86	 66	  0	 73	  0	  0	  0	  0	  0	  0	  0	  0	  0	  0	  0	  5	16962	  1
01/02/2017	21:01:03	->	L	00000000	 10	 73	 61	 55	  0	325	  0	  4	  4	  4	  4	  4	  4	  4	  4	  0	  0	  0	  0	  0	  0	  0	  0	  0	  0	  0	  0	  0	  0	  0	  0	  0	  0	  0	  0	  0	  0	  0	  0	 64	 61	 87	 73	  0	 55	  0	  0	  0	  0	  0	  0	  0	  0	  0	  0	  0	  5	17219	  1
01/02/2017	21:06:04	->	L	00000000	 10	 71	 62	 64	  0	330	  0	  4	  4	  4	  4	  4	  4	  4	  4	  0	  0	  0	  0	  0	  0	  0	  0	  0	  0	  0	  0	  0	  0	  0	  0	  0	  0	  0	  0	  0	  0	  0	  0	 65	 62	 87	 71	  0	 64	  0	  0	  0	  0	  0	  0	  0	  0	  0	  0	  0	  5	17219	  1
01/02/2017	21:11:03	->	L	00000000	 10	 71	 62	 65	  0	335	  0	  4	  4	  4	  4	  4	  4	  4	  4	  0	  0	  0	  0	  0	  0	  0	  0	  0	  0	  0	  0	  0	  0	  0	  0	  0	  0	  0	  0	  0	  0	  0	  0	 65	 62	 87	 71	  0	 64	  0	  0	  0	  0	  0	  0	  0	  0	  0	  0	  0	  5	17476	  1
01/02/2017	21:16:03	->	L	00000000	 10	 71	 63	 68	  0	340	  0	  4	  4	  4	  4	  4	  4	  4	  4	  0	  0	  0	  0	  0	  0	  0	  0	  0	  0	  0	  0	  0	  0	  0	  0	  0	  0	  0	  0	  0	  0	  0	  0	 65	 63	 90	 71	  0	 68	  0	  0	  0	  0	  0	  0	  0	  0	  0	  0	  0	  5	17476	  1
01/02/2017	21:21:03	->	L	00000000	 10	 69	 63	 71	  0	345	  0	  4	  4	  4	  4	  4	  4	  4	  4	  0	  0	  0	  0	  0	  0	  0	  0	  0	  0	  0	  0	  0	  0	  0	  0	  0	  0	  0	  0	  0	  0	  0	  0	 66	 63	 87	 69	  0	 74	  0	  0	  0	  0	  0	  0	  0	  0	  0	  0	  0	  5	17733	  1
01/02/2017	21:26:03	->	L	00000000	 10	 69	 63	 79	  0	350	  0	  4	  4	  4	  4	  4	  4	  4	  4	  0	  0	  0	  0	  0	  0	  0	  0	  0	  0	  0	  0	  0	  0	  0	  0	  0	  0	  0	  0	  0	  0	  0	  0	 66	 63	 90	 69	  0	 74	  0	  0	  0	  0	  0	  0	  0	  0	  0	  0	  0	  5	17990	  1
01/02/2017	21:31:03	->	L	00000000	 10	 71	 64	 74	  0	355	  0	  4	  4	  4	  4	  4	  4	  4	  4	  0	  0	  0	  0	  0	  0	  0	  0	  0	  0	  0	  0	  0	  0	  0	  0	  0	  0	  0	  0	  0	  0	  0	  0	 67	 64	 87	 71	  0	 71	  0	  0	  0	  0	  0	  0	  0	  0	  0	  0	  0	  5	17990	  1
01/02/2017	21:36:03	->	L	00000000	 10	 78	 65	 54	  0	360	  0	  4	  4	  4	  4	  4	  4	  4	  4	  0	  0	  0	  0	  0	  0	  0	  0	  0	  0	  0	  0	  0	  0	  0	  0	  0	  0	  0	  0	  0	  0	  0	  0	 68	 65	 87	 78	  0	 54	  0	  0	  0	  0	  0	  0	  0	  0	  0	  0	  0	  5	18247	  1
01/02/2017	21:41:03	->	L	00000000	 21	 84	 64	 44	  0	  4	  0	  4	  4	  4	  4	  4	  4	  4	  4	  0	  0	  0	  0	  0	  0	  0	  0	  0	  0	  0	  0	  0	  0	  0	  0	  0	  0	  0	  0	  0	  0	  0	  0	 69	 64	 79	 84	  0	 39	  0	  0	  0	  0	  0	  0	  0	  0	  0	  0	  0	  5	20556	  0
01/02/2017	21:46:03	->	L	00000000	 21	 77	 66	 53	  0	  9	  0	  4	  4	  4	  4	  4	  4	  4	  4	  0	  0	  0	  0	  0	  0	  0	  0	  0	  0	  0	  0	  0	  0	  0	  0	  0	  0	  0	  0	  0	  0	  0	  0	 68	 66	 91	 77	  0	 59	  0	  0	  0	  0	  0	  0	  0	  0	  0	  0	  0	  5	20556	  0
01/02/2017	21:51:03	->	L	00000000	 21	 83	 64	 39	  0	 14	  0	  4	  4	  4	  4	  4	  4	  4	  4	  0	  0	  0	  0	  0	  0	  0	  0	  0	  0	  0	  0	  0	  0	  0	  0	  0	  0	  0	  0	  0	  0	  0	  0	 70	 64	 74	 83	  0	 41	  0	  0	  0	  0	  0	  0	  0	  0	  0	  0	  0	  5	20556	  0
01/02/2017	21:56:04	->	L	00000000	 21	 75	 64	 59	  0	 19	  0	  4	  4	  4	  4	  4	  4	  4	  4	  0	  0	  0	  0	  0	  0	  0	  0	  0	  0	  0	  0	  0	  0	  0	  0	  0	  0	  0	  0	  0	  0	  0	  0	 68	 64	 82	 75	  0	 59	  0	  0	  0	  0	  0	  0	  0	  0	  0	  0	  0	  5	19276	  0
01/02/2017	22:01:04	->	L	00000000	 21	 74	 64	 68	  0	 24	  0	  4	  4	  4	  4	  4	  4	  4	  4	  0	  0	  0	  0	  0	  0	  0	  0	  0	  0	  0	  0	  0	  0	  0	  0	  0	  0	  0	  0	  0	  0	  0	  0	 67	 64	 87	 74	  0	 62	  0	  0	  0	  0	  0	  0	  0	  0	  0	  0	  0	  5	19276	  0
01/02/2017	22:06:04	->	L	00000000	 21	 82	 65	 45	  0	 29	  0	  4	  4	  4	  4	  4	  4	  4	  4	  0	  0	  0	  0	  0	  0	  0	  0	  0	  0	  0	  0	  0	  0	  0	  0	  0	  0	  0	  0	  0	  0	  0	  0	 69	 65	 82	 82	  0	 45	  0	  0	  0	  0	  0	  0	  0	  0	  0	  0	  0	  5	19276	  0
01/02/2017	22:11:04	->	L	00000000	 21	 75	 64	 59	  0	 34	  0	  4	  4	  4	  4	  4	  4	  4	  4	  0	  0	  0	  0	  0	  0	  0	  0	  0	  0	  0	  0	  0	  0	  0	  0	  0	  0	  0	  0	  0	  0	  0	  0	 68	 64	 82	 75	  0	 59	  0	  0	  0	  0	  0	  0	  0	  0	  0	  0	  0	  5	19276	  0
01/02/2017	22:16:03	->	L	00000000	 21	 80	 66	 47	  0	 39	  0	  4	  4	  4	  4	  4	  4	  4	  4	  0	  0	  0	  0	  0	  0	  0	  0	  0	  0	  0	  0	  0	  0	  0	  0	  0	  0	  0	  0	  0	  0	  0	  0	 69	 66	 87	 80	  0	 51	  0	  0	  0	  0	  0	  0	  0	  0	  0	  0	  0	  5	19276	  0
01/02/2017	22:21:03	->	L	00000000	 21	 76	 64	 57	  0	 44	  0	  4	  4	  4	  4	  4	  4	  4	  4	  0	  0	  0	  0	  0	  0	  0	  0	  0	  0	  0	  0	  0	  0	  0	  0	  0	  0	  0	  0	  0	  0	  0	  0	 68	 64	 82	 76	  0	 56	  0	  0	  0	  0	  0	  0	  0	  0	  0	  0	  0	  5	19276	  0
01/02/2017	22:26:03	->	L	00000000	 21	 75	 65	 69	  0	 49	  0	  4	  4	  4	  4	  4	  4	  4	  4	  0	  0	  0	  0	  0	  0	  0	  0	  0	  0	  0	  0	  0	  0	  0	  0	  0	  0	  0	  0	  0	  0	  0	  0	 68	 65	 87	 75	  0	 62	  0	  0	  0	  0	  0	  0	  0	  0	  0	  0	  0	  5	19276	  0
01/02/2017	22:31:03	->	L	00000000	 21	 78	 66	 51	  0	 54	  0	  4	  4	  4	  4	  4	  4	  4	  4	  0	  0	  0	  0	  0	  0	  0	  0	  0	  0	  0	  0	  0	  0	  0	  0	  0	  0	  0	  0	  0	  0	  0	  0	 69	 66	 87	 78	  0	 57	  0	  0	  0	  0	  0	  0	  0	  0	  0	  0	  0	  5	19276	  0
01/02/2017	22:36:03	->	L	00000000	 21	 73	 65	 65	  0	 59	  0	  4	  4	  4	  4	  4	  4	  4	  4	  0	  0	  0	  0	  0	  0	  0	  0	  0	  0	  0	  0	  0	  0	  0	  0	  0	  0	  0	  0	  0	  0	  0	  0	 68	 65	 87	 73	  0	 68	  0	  0	  0	  0	  0	  0	  0	  0	  0	  0	  0	  5	19276	  0
01/02/2017	22:41:04	<-	L	00000000	 21	 72	 65	 68	  0	 64	  0	  4	  4	  4	  4	  4	  4	  4	  4	  0	  0	  0	  0	  0	  0	  0	  0	  0	  0	  0	  0	  0	  0	  0	  0	  0	  0	  0	  0	  0	  0	  0	  0	 68	 65	 87	 72	  0	 72	  0	  0	  0	  0	  0	  0	  0	  0	  0	  0	  0	  5	19276	  0
01/02/2017	22:46:04	<-	L	00000000	 21	 74	 66	 68	  0	 69	  0	  4	  4	  4	  4	  4	  4	  4	  4	  0	  0	  0	  0	  0	  0	  0	  0	  0	  0	  0	  0	  0	  0	  0	  0	  0	  0	  0	  0	  0	  0	  0	  0	 74	 66	 69	 71	  0	 80	  0	  0	  0	  0	  0	  0	  0	  0	  0	  0	  0	  5	19276	  0
01/02/2017	22:51:03	<-	L	00000000	 21	 77	 66	 57	  0	 74	  0	  4	  4	  4	  4	  4	  4	  4	  4	  0	  0	  0	  0	  0	  0	  0	  0	  0	  0	  0	  0	  0	  0	  0	  0	  0	  0	  0	  0	  0	  0	  0	  0	 77	 66	 59	 72	  0	 75	  0	  0	  0	  0	  0	  0	  0	  0	  0	  0	  0	  5	19276	  0
01/02/2017	22:56:03	<-	L	00000000	 21	 73	 65	 69	  0	 79	  0	  4	  4	  4	  4	  4	  4	  4	  4	  0	  0	  0	  0	  0	  0	  0	  0	  0	  0	  0	  0	  0	  0	  0	  0	  0	  0	  0	  0	  0	  0	  0	  0	 73	 65	 68	 71	  0	 74	  0	  0	  0	  0	  0	  0	  0	  0	  0	  0	  0	  5	19276	  0
01/02/2017	23:01:03	<-	L	00000000	 21	 78	 67	 57	  0	 84	  0	  4	  4	  4	  4	  4	  4	  4	  4	  0	  0	  0	  0	  0	  0	  0	  0	  0	  0	  0	  0	  0	  0	  0	  0	  0	  0	  0	  0	  0	  0	  0	  0	 78	 67	 60	 73	  0	 75	  0	  0	  0	  0	  0	  0	  0	  0	  0	  0	  0	  5	19276	  0
01/02/2017	23:06:03	<-	L	00000000	 21	 74	 66	 65	  0	 89	  0	  4	  4	  4	  4	  4	  4	  4	  4	  0	  0	  0	  0	  0	  0	  0	  0	  0	  0	  0	  0	  0	  0	  0	  0	  0	  0	  0	  0	  0	  0	  0	  0	 74	 66	 69	 71	  0	 80	  0	  0	  0	  0	  0	  0	  0	  0	  0	  0	  0	  5	19276	  0
01/02/2017	23:11:03	<-	L	00000000	 21	 77	 66	 62	  0	 94	  0	  4	  4	  4	  4	  4	  4	  4	  4	  0	  0	  0	  0	  0	  0	  0	  0	  0	  0	  0	  0	  0	  0	  0	  0	  0	  0	  0	  0	  0	  0	  0	  0	 77	 66	 59	 73	  0	 72	  0	  0	  0	  0	  0	  0	  0	  0	  0	  0	  0	  5	19276	  0
01/02/2017	23:16:04	<-	L	00000000	 21	 76	 67	 59	  0	 99	  0	  4	  4	  4	  4	  4	  4	  4	  4	  0	  0	  0	  0	  0	  0	  0	  0	  0	  0	  0	  0	  0	  0	  0	  0	  0	  0	  0	  0	  0	  0	  0	  0	 76	 67	 66	 73	  0	 75	  0	  0	  0	  0	  0	  0	  0	  0	  0	  0	  0	  5	19276	  0
01/02/2017	23:21:04	<-	L	00000000	 21	 74	 66	 69	  0	104	  0	  4	  4	  4	  4	  4	  4	  4	  4	  0	  0	  0	  0	  0	  0	  0	  0	  0	  0	  0	  0	  0	  0	  0	  0	  0	  0	  0	  0	  0	  0	  0	  0	 74	 66	 69	 71	  0	 80	  0	  0	  0	  0	  0	  0	  0	  0	  0	  0	  0	  5	19276	  0
01/02/2017	23:26:04	<-	L	00000000	 21	 77	 66	 62	  0	109	  0	  4	  4	  4	  4	  4	  4	  4	  4	  0	  0	  0	  0	  0	  0	  0	  0	  0	  0	  0	  0	  0	  0	  0	  0	  0	  0	  0	  0	  0	  0	  0	  0	 77	 66	 59	 73	  0	 72	  0	  0	  0	  0	  0	  0	  0	  0	  0	  0	  0	  5	19276	  0
01/02/2017	23:31:04	<-	L	00000000	 21	 76	 67	 59	  0	114	  0	  4	  4	  4	  4	  4	  4	  4	  4	  0	  0	  0	  0	  0	  0	  0	  0	  0	  0	  0	  0	  0	  0	  0	  0	  0	  0	  0	  0	  0	  0	  0	  0	 76	 67	 66	 73	  0	 75	  0	  0	  0	  0	  0	  0	  0	  0	  0	  0	  0	  5	19276	  0
01/02/2017	23:36:04	<-	L	00000000	 21	 75	 66	 69	  0	119	  0	  4	  4	  4	  4	  4	  4	  4	  4	  0	  0	  0	  0	  0	  0	  0	  0	  0	  0	  0	  0	  0	  0	  0	  0	  0	  0	  0	  0	  0	  0	  0	  0	 75	 66	 65	 72	  0	 75	  0	  0	  0	  0	  0	  0	  0	  0	  0	  0	  0	  5	19276	  0
01/02/2017	23:41:04	<-	L	00000000	 21	 75	 66	 66	  0	124	  0	  4	  4	  4	  4	  4	  4	  4	  4	  0	  0	  0	  0	  0	  0	  0	  0	  0	  0	  0	  0	  0	  0	  0	  0	  0	  0	  0	  0	  0	  0	  0	  0	 75	 66	 65	 73	  0	 72	  0	  0	  0	  0	  0	  0	  0	  0	  0	  0	  0	  5	19276	  0
01/02/2017	23:46:04	<-	L	00000000	 21	 76	 68	 65	  0	129	  0	  4	  4	  4	  4	  4	  4	  4	  4	  0	  0	  0	  0	  0	  0	  0	  0	  0	  0	  0	  0	  0	  0	  0	  0	  0	  0	  0	  0	  0	  0	  0	  0	 76	 68	 69	 73	  0	 80	  0	  0	  0	  0	  0	  0	  0	  0	  0	  0	  0	  5	19276	  0
01/02/2017	23:51:04	<-	L	00000000	 21	 75	 66	 65	  0	134	  0	  4	  4	  4	  4	  4	  4	  4	  4	  0	  0	  0	  0	  0	  0	  0	  0	  0	  0	  0	  0	  0	  0	  0	  0	  0	  0	  0	  0	  0	  0	  0	  0	 75	 66	 65	 73	  0	 72	  0	  0	  0	  0	  0	  0	  0	  0	  0	  0	  0	  5	19276	  0
01/02/2017	23:56:04	<-	L	00000000	 21	 78	 67	 66	  0	139	  0	  4	  4	  4	  4	  4	  4	  4	  4	  0	  0	  0	  0	  0	  0	  0	  0	  0	  0	  0	  0	  0	  0	  0	  0	  0	  0	  0	  0	  0	  0	  0	  0	 78	 67	 60	 74	  0	 72	  0	  0	  0	  0	  0	  0	  0	  0	  0	  0	  0	  5	20556	  0
02/02/2017	00:01:04	<-	L	00000000	 21	 79	 69	 58	  0	144	  0	  4	  4	  4	  4	  4	  4	  4	  4	  0	  0	  0	  0	  0	  0	  0	  0	  0	  0	  0	  0	  0	  0	  0	  0	  0	  0	  0	  0	  0	  0	  0	  0	 79	 69	 63	 75	  0	 75	  0	  0	  0	  0	  0	  0	  0	  0	  0	  0	  0	  5	20556	  0
02/02/2017	00:06:04	<-	L	00000000	 21	 81	 68	 55	  0	149	  0	  4	  4	  4	  4	  4	  4	  4	  4	  0	  0	  0	  0	  0	  0	  0	  0	  0	  0	  0	  0	  0	  0	  0	  0	  0	  0	  0	  0	  0	  0	  0	  0	 81	 68	 55	 76	  0	 69	  0	  0	  0	  0	  0	  0	  0	  0	  0	  0	  0	  5	20556	  0
02/02/2017	00:11:04	<-	L	00000000	 21	 81	 68	 60	  0	154	  0	  4	  4	  4	  4	  4	  4	  4	  4	  0	  0	  0	  0	  0	  0	  0	  0	  0	  0	  0	  0	  0	  0	  0	  0	  0	  0	  0	  0	  0	  0	  0	  0	 81	 68	 55	 76	  0	 69	  0	  0	  0	  0	  0	  0	  0	  0	  0	  0	  0	  5	20556	  0
02/02/2017	00:16:04	<-	L	00000000	 21	 78	 69	 63	  0	159	  0	  4	  4	  4	  4	  4	  4	  4	  4	  0	  0	  0	  0	  0	  0	  0	  0	  0	  0	  0	  0	  0	  0	  0	  0	  0	  0	  0	  0	  0	  0	  0	  0	 78	 69	 66	 76	  0	 73	  0	  0	  0	  0	  0	  0	  0	  0	  0	  0	  0	  5	20556	  0
02/02/2017	00:21:04	<-	L	00000000	 21	 80	 68	 58	  0	164	  0	  4	  4	  4	  4	  4	  4	  4	  4	  0	  0	  0	  0	  0	  0	  0	  0	  0	  0	  0	  0	  0	  0	  0	  0	  0	  0	  0	  0	  0	  0	  0	  0	 80	 68	 58	 76	  0	 69	  0	  0	  0	  0	  0	  0	  0	  0	  0	  0	  0	  5	20556	  0
02/02/2017	00:26:04	<-	L	00000000	 21	 81	 69	 61	  0	169	  0	  4	  4	  4	  4	  4	  4	  4	  4	  0	  0	  0	  0	  0	  0	  0	  0	  0	  0	  0	  0	  0	  0	  0	  0	  0	  0	  0	  0	  0	  0	  0	  0	 81	 69	 58	 77	  0	 69	  0	  0	  0	  0	  0	  0	  0	  0	  0	  0	  0	  5	20556	  0
02/02/2017	00:31:04	<-	L	00000000	 21	 78	 70	 66	  0	174	  0	  4	  4	  4	  4	  4	  4	  4	  4	  0	  0	  0	  0	  0	  0	  0	  0	  0	  0	  0	  0	  0	  0	  0	  0	  0	  0	  0	  0	  0	  0	  0	  0	 78	 70	 70	 76	  0	 75	  0	  0	  0	  0	  0	  0	  0	  0	  0	  0	  0	  5	20556	  0
02/02/2017	00:36:04	<-	L	00000000	 21	 81	 69	 55	  0	179	  0	  4	  4	  4	  4	  4	  4	  4	  4	  0	  0	  0	  0	  0	  0	  0	  0	  0	  0	  0	  0	  0	  0	  0	  0	  0	  0	  0	  0	  0	  0	  0	  0	 81	 69	 58	 77	  0	 69	  0	  0	  0	  0	  0	  0	  0	  0	  0	  0	  0	  5	20556	  0
02/02/2017	00:41:04	<-	L	00000000	 21	 82	 69	 64	  0	184	  0	  4	  4	  4	  4	  4	  4	  4	  4	  0	  0	  0	  0	  0	  0	  0	  0	  0	  0	  0	  0	  0	  0	  0	  0	  0	  0	  0	  0	  0	  0	  0	  0	 82	 69	 55	 77	  0	 69	  0	  0	  0	  0	  0	  0	  0	  0	  0	  0	  0	  5	20556	  0
02/02/2017	00:46:04	<-	L	00000000	 21	 78	 70	 63	  0	189	  0	  4	  4	  4	  4	  4	  4	  4	  4	  0	  0	  0	  0	  0	  0	  0	  0	  0	  0	  0	  0	  0	  0	  0	  0	  0	  0	  0	  0	  0	  0	  0	  0	 78	 70	 70	 76	  0	 75	  0	  0	  0	  0	  0	  0	  0	  0	  0	  0	  0	  5	20556	  0
02/02/2017	00:51:04	<-	L	00000000	 21	 83	 69	 55	  0	194	  0	  4	  4	  4	  4	  4	  4	  4	  4	  0	  0	  0	  0	  0	  0	  0	  0	  0	  0	  0	  0	  0	  0	  0	  0	  0	  0	  0	  0	  0	  0	  0	  0	 83	 69	 52	 78	  0	 66	  0	  0	  0	  0	  0	  0	  0	  0	  0	  0	  0	  5	20556	  0
02/02/2017	00:56:04	<-	L	00000000	 21	 78	 69	 73	  0	199	  0	  4	  4	  4	  4	  4	  4	  4	  4	  0	  0	  0	  0	  0	  0	  0	  0	  0	  0	  0	  0	  0	  0	  0	  0	  0	  0	  0	  0	  0	  0	  0	  0	 78	 69	 66	 76	  0	 73	  0	  0	  0	  0	  0	  0	  0	  0	  0	  0	  0	  5	20556	  0
02/02/2017	01:01:04	<-	L	00000000	 21	 82	 71	 58	  0	204	  0	  4	  4	  4	  4	  4	  4	  4	  4	  0	  0	  0	  0	  0	  0	  0	  0	  0	  0	  0	  0	  0	  0	  0	  0	  0	  0	  0	  0	  0	  0	  0	  0	 82	 71	 61	 78	  0	 73	  0	  0	  0	  0	  0	  0	  0	  0	  0	  0	  0	  5	20556	  0
02/02/2017	01:06:04	<-	L	00000000	 21	 79	 70	 70	  0	209	  0	  4	  4	  4	  4	  4	  4	  4	  4	  0	  0	  0	  0	  0	  0	  0	  0	  0	  0	  0	  0	  0	  0	  0	  0	  0	  0	  0	  0	  0	  0	  0	  0	 79	 70	 67	 77	  0	 73	  0	  0	  0	  0	  0	  0	  0	  0	  0	  0	  0	  5	20556	  0
02/02/2017	01:11:04	<-	L	00000000	 21	 81	 71	 61	  0	214	  0	  4	  4	  4	  4	  4	  4	  4	  4	  0	  0	  0	  0	  0	  0	  0	  0	  0	  0	  0	  0	  0	  0	  0	  0	  0	  0	  0	  0	  0	  0	  0	  0	 81	 71	 64	 76	  0	 80	  0	  0	  0	  0	  0	  0	  0	  0	  0	  0	  0	  5	20556	  0
02/02/2017	01:16:04	<-	L	00000000	 21	 81	 71	 63	  0	219	  0	  4	  4	  4	  4	  4	  4	  4	  4	  0	  0	  0	  0	  0	  0	  0	  0	  0	  0	  0	  0	  0	  0	  0	  0	  0	  0	  0	  0	  0	  0	  0	  0	 81	 71	 64	 78	  0	 73	  0	  0	  0	  0	  0	  0	  0	  0	  0	  0	  0	  5	20556	  0
02/02/2017	01:21:04	<-	L	00000000	 21	 80	 70	 67	  0	224	  0	  4	  4	  4	  4	  4	  4	  4	  4	  0	  0	  0	  0	  0	  0	  0	  0	  0	  0	  0	  0	  0	  0	  0	  0	  0	  0	  0	  0	  0	  0	  0	  0	 80	 70	 63	 77	  0	 73	  0	  0	  0	  0	  0	  0	  0	  0	  0	  0	  0	  5	20556	  0
02/02/2017	01:26:05	<-	L	00000000	 21	 82	 70	 64	  0	229	  0	  4	  4	  4	  4	  4	  4	  4	  4	  0	  0	  0	  0	  0	  0	  0	  0	  0	  0	  0	  0	  0	  0	  0	  0	  0	  0	  0	  0	  0	  0	  0	  0	 82	 70	 58	 78	  0	 70	  0	  0	  0	  0	  0	  0	  0	  0	  0	  0	  0	  5	20556	  0
02/02/2017	01:31:05	<-	L	00000000	 21	 78	 72	 67	  0	234	  0	  4	  4	  4	  4	  4	  4	  4	  4	  0	  0	  0	  0	  0	  0	  0	  0	  0	  0	  0	  0	  0	  0	  0	  0	  0	  0	  0	  0	  0	  0	  0	  0	 78	 72	 76	 77	  0	 81	  0	  0	  0	  0	  0	  0	  0	  0	  0	  0	  0	  5	20556	  0
02/02/2017	01:36:05	<-	L	00000000	 21	 82	 71	 58	  0	239	  0	  4	  4	  4	  4	  4	  4	  4	  4	  0	  0	  0	  0	  0	  0	  0	  0	  0	  0	  0	  0	  0	  0	  0	  0	  0	  0	  0	  0	  0	  0	  0	  0	 82	 71	 61	 78	  0	 73	  0	  0	  0	  0	  0	  0	  0	  0	  0	  0	  0	  5	20556	  0
02/02/2017	01:41:04	  	L	00000000	 21	 78	 70	 70	  0	244	  0	  4	  4	  4	  4	  4	  4	  4	  4	  0	  0	  0	  0	  0	  0	  0	  0	  0	  0	  0	  0	  0	  0	  0	  0	  0	  0	  0	  0	  0	  0	  0	  0	 78	 70	 70	 77	  0	 73	  0	  0	  0	  0	  0	  0	  0	  0	  0	  0	  0	  5	20556	  0
02/02/2017	01:46:04	->	L	00000000	 21	 79	 71	 67	  0	249	  0	  4	  4	  4	  4	  4	  4	  4	  4	  0	  0	  0	  0	  0	  0	  0	  0	  0	  0	  0	  0	  0	  0	  0	  0	  0	  0	  0	  0	  0	  0	  0	  0	 75	 71	 83	 79	  0	 70	  0	  0	  0	  0	  0	  0	  0	  0	  0	  0	  0	  5	20556	  0
02/02/2017	01:51:04	->	L	00000000	 21	 83	 70	 55	  0	254	  0	  4	  4	  4	  4	  4	  4	  4	  4	  0	  0	  0	  0	  0	  0	  0	  0	  0	  0	  0	  0	  0	  0	  0	  0	  0	  0	  0	  0	  0	  0	  0	  0	 75	 70	 80	 83	  0	 55	  0	  0	  0	  0	  0	  0	  0	  0	  0	  0	  0	  5	20556	  0
02/02/2017	01:56:04	->	L	00000000	 21	 78	 71	 73	  0	259	  0	  4	  4	  4	  4	  4	  4	  4	  4	  0	  0	  0	  0	  0	  0	  0	  0	  0	  0	  0	  0	  0	  0	  0	  0	  0	  0	  0	  0	  0	  0	  0	  0	 74	 71	 88	 78	  0	 73	  0	  0	  0	  0	  0	  0	  0	  0	  0	  0	  0	  5	20556	  0
02/02/2017	02:01:04	->	L	00000000	 21	 82	 71	 61	  0	264	  0	  4	  4	  4	  4	  4	  4	  4	  4	  0	  0	  0	  0	  0	  0	  0	  0	  0	  0	  0	  0	  0	  0	  0	  0	  0	  0	  0	  0	  0	  0	  0	  0	 75	 71	 83	 82	  0	 61	  0	  0	  0	  0	  0	  0	  0	  0	  0	  0	  0	  5	20556	  0
02/02/2017	02:06:04	->	L	00000000	 21	 79	 71	 67	  0	269	  0	  4	  4	  4	  4	  4	  4	  4	  4	  0	  0	  0	  0	  0	  0	  0	  0	  0	  0	  0	  0	  0	  0	  0	  0	  0	  0	  0	  0	  0	  0	  0	  0	 75	 71	 83	 79	  0	 70	  0	  0	  0	  0	  0	  0	  0	  0	  0	  0	  0	  5	20556	  0
02/02/2017	02:11:04	->	L	00000000	 21	 81	 70	 61	  0	274	  0	  4	  4	  4	  4	  4	  4	  4	  4	  0	  0	  0	  0	  0	  0	  0	  0	  0	  0	  0	  0	  0	  0	  0	  0	  0	  0	  0	  0	  0	  0	  0	  0	 75	 70	 80	 81	  0	 61	  0	  0	  0	  0	  0	  0	  0	  0	  0	  0	  0	  5	20556	  0
02/02/2017	02:16:04	->	L	00000000	 21	 81	 71	 67	  0	279	  0	  4	  4	  4	  4	  4	  4	  4	  4	  0	  0	  0	  0	  0	  0	  0	  0	  0	  0	  0	  0	  0	  0	  0	  0	  0	  0	  0	  0	  0	  0	  0	  0	 75	 71	 83	 81	  0	 64	  0	  0	  0	  0	  0	  0	  0	  0	  0	  0	  0	  5	20556	  0
02/02/2017	02:21:05	->	L	00000000	 21	 81	 71	 61	  0	284	  0	  4	  4	  4	  4	  4	  4	  4	  4	  0	  0	  0	  0	  0	  0	  0	  0	  0	  0	  0	  0	  0	  0	  0	  0	  0	  0	  0	  0	  0	  0	  0	  0	 75	 71	 83	 81	  0	 64	  0	  0	  0	  0	  0	  0	  0	  0	  0	  0	  0	  5	20556	  0
02/02/2017	02:26:04	->	L	00000000	 21	 80	 70	 70	  0	289	  0	  4	  4	  4	  4	  4	  4	  4	  4	  0	  0	  0	  0	  0	  0	  0	  0	  0	  0	  0	  0	  0	  0	  0	  0	  0	  0	  0	  0	  0	  0	  0	  0	 74	 70	 83	 80	  0	 63	  0	  0	  0	  0	  0	  0	  0	  0	  0	  0	  0	  5	20556	  0
02/02/2017	02:31:04	->	L	00000000	 21	 80	 72	 64	  0	294	  0	  4	  4	  4	  4	  4	  4	  4	  4	  0	  0	  0	  0	  0	  0	  0	  0	  0	  0	  0	  0	  0	  0	  0	  0	  0	  0	  0	  0	  0	  0	  0	  0	 75	 72	 88	 80	  0	 70	  0	  0	  0	  0	  0	  0	  0	  0	  0	  0	  0	  5	20556	  0
02/02/2017	02:36:05	->	L	00000000	 21	 83	 70	 58	  0	299	  0	  4	  4	  4	  4	  4	  4	  4	  4	  0	  0	  0	  0	  0	  0	  0	  0	  0	  0	  0	  0	  0	  0	  0	  0	  0	  0	  0	  0	  0	  0	  0	  0	 76	 70	 75	 83	  0	 55	  0	  0	  0	  0	  0	  0	  0	  0	  0	  0	  0	  5	20556	  0
02/02/2017	02:41:05	->	L	00000000	 21	 78	 70	 73	  0	304	  0	  4	  4	  4	  4	  4	  4	  4	  4	  0	  0	  0	  0	  0	  0	  0	  0	  0	  0	  0	  0	  0	  0	  0	  0	  0	  0	  0	  0	  0	  0	  0	  0	 75	 70	 80	 78	  0	 70	  0	  0	  0	  0	  0	  0	  0	  0	  0	  0	  0	  5	20556	  0
02/02/2017	02:46:04	->	L	00000000	 21	 83	 71	 55	  0	309	  0	  4	  4	  4	  4	  4	  4	  4	  4	  0	  0	  0	  0	  0	  0	  0	  0	  0	  0	  0	  0	  0	  0	  0	  0	  0	  0	  0	  0	  0	  0	  0	  0	 76	 71	 80	 83	  0	 59	  0	  0	  0	  0	  0	  0	  0	  0	  0	  0	  0	  5	20556	  0
02/02/2017	02:51:04	->	L	00000000	 21	 79	 71	 70	  0	314	  0	  4	  4	  4	  4	  4	  4	  4	  4	  0	  0	  0	  0	  0	  0	  0	  0	  0	  0	  0	  0	  0	  0	  0	  0	  0	  0	  0	  0	  0	  0	  0	  0	 75	 71	 83	 79	  0	 70	  0	  0	  0	  0	  0	  0	  0	  0	  0	  0	  0	  5	20556	  0
02/02/2017	02:56:04	->	L	00000000	 21	 83	 71	 59	  0	319	  0	  4	  4	  4	  4	  4	  4	  4	  4	  0	  0	  0	  0	  0	  0	  0	  0	  0	  0	  0	  0	  0	  0	  0	  0	  0	  0	  0	  0	  0	  0	  0	  0	 76	 71	 80	 83	  0	 59	  0	  0	  0	  0	  0	  0	  0	  0	  0	  0	  0	  5	20556	  0
02/02/2017	03:01:04	->	L	00000000	 21	 79	 71	 70	  0	324	  0	  4	  4	  4	  4	  4	  4	  4	  4	  0	  0	  0	  0	  0	  0	  0	  0	  0	  0	  0	  0	  0	  0	  0	  0	  0	  0	  0	  0	  0	  0	  0	  0	 75	 71	 83	 79	  0	 70	  0	  0	  0	  0	  0	  0	  0	  0	  0	  0	  0	  5	20556	  0
02/02/2017	03:06:04	->	L	00000000	 21	 83	 71	 59	  0	329	  0	  4	  4	  4	  4	  4	  4	  4	  4	  0	  0	  0	  0	  0	  0	  0	  0	  0	  0	  0	  0	  0	  0	  0	  0	  0	  0	  0	  0	  0	  0	  0	  0	 76	 71	 80	 83	  0	 59	  0	  0	  0	  0	  0	  0	  0	  0	  0	  0	  0	  5	20556	  0
02/02/2017	03:11:04	->	L	00000000	 21	 79	 71	 73	  0	334	  0	  4	  4	  4	  4	  4	  4	  4	  4	  0	  0	  0	  0	  0	  0	  0	  0	  0	  0	  0	  0	  0	  0	  0	  0	  0	  0	  0	  0	  0	  0	  0	  0	 75	 71	 83	 79	  0	 70	  0	  0	  0	  0	  0	  0	  0	  0	  0	  0	  0	  5	20556	  0
02/02/2017	03:16:04	->	L	00000000	 21	 82	 72	 64	  0	339	  0	  4	  4	  4	  4	  4	  4	  4	  4	  0	  0	  0	  0	  0	  0	  0	  0	  0	  0	  0	  0	  0	  0	  0	  0	  0	  0	  0	  0	  0	  0	  0	  0	 76	 72	 83	 82	  0	 64	  0	  0	  0	  0	  0	  0	  0	  0	  0	  0	  0	  5	20556	  0
02/02/2017	03:21:04	->	L	00000000	 21	 79	 70	 70	  0	344	  0	  4	  4	  4	  4	  4	  4	  4	  4	  0	  0	  0	  0	  0	  0	  0	  0	  0	  0	  0	  0	  0	  0	  0	  0	  0	  0	  0	  0	  0	  0	  0	  0	 75	 70	 80	 79	  0	 67	  0	  0	  0	  0	  0	  0	  0	  0	  0	  0	  0	  5	20556	  0
02/02/2017	03:26:04	->	L	00000000	 21	 82	 71	 61	  0	349	  0	  4	  4	  4	  4	  4	  4	  4	  4	  0	  0	  0	  0	  0	  0	  0	  0	  0	  0	  0	  0	  0	  0	  0	  0	  0	  0	  0	  0	  0	  0	  0	  0	 76	 71	 80	 82	  0	 61	  0	  0	  0	  0	  0	  0	  0	  0	  0	  0	  0	  5	20556	  0
02/02/2017	03:31:04	->	L	00000000	 21	 79	 72	 70	  0	354	  0	  4	  4	  4	  4	  4	  4	  4	  4	  0	  0	  0	  0	  0	  0	  0	  0	  0	  0	  0	  0	  0	  0	  0	  0	  0	  0	  0	  0	  0	  0	  0	  0	 75	 72	 88	 79	  0	 73	  0	  0	  0	  0	  0	  0	  0	  0	  0	  0	  0	  5	20556	  0
02/02/2017	03:36:04	->	L	00000000	 21	 83	 71	 59	  0	359	  0	  4	  4	  4	  4	  4	  4	  4	  4	  0	  0	  0	  0	  0	  0	  0	  0	  0	  0	  0	  0	  0	  0	  0	  0	  0	  0	  0	  0	  0	  0	  0	  0	 76	 71	 80	 83	  0	 59	  0	  0	  0	  0	  0	  0	  0	  0	  0	  0	  0	  5	20556	  0
02/02/2017	03:41:04	->	L	00000000	 21	 79	 72	 73	  0	364	  0	  4	  4	  4	  4	  4	  4	  4	  4	  0	  0	  0	  0	  0	  0	  0	  0	  0	  0	  0	  0	  0	  0	  0	  0	  0	  0	  0	  0	  0	  0	  0	  0	 75	 72	 88	 79	  0	 73	  0	  0	  0	  0	  0	  0	  0	  0	  0	  0	  0	  5	20556	  0
02/02/2017	03:46:04	->	L	00000000	 21	 84	 73	 56	  0	369	  0	  4	  4	  4	  4	  4	  4	  4	  4	  0	  0	  0	  0	  0	  0	  0	  0	  0	  0	  0	  0	  0	  0	  0	  0	  0	  0	  0	  0	  0	  0	  0	  0	 76	 73	 88	 84	  0	 62	  0	  0	  0	  0	  0	  0	  0	  0	  0	  0	  0	  5	20556	  0
02/02/2017	03:51:04	->	L	00000000	 21	 81	 72	 67	  0	374	  0	  4	  4	  4	  4	  4	  4	  4	  4	  0	  0	  0	  0	  0	  0	  0	  0	  0	  0	  0	  0	  0	  0	  0	  0	  0	  0	  0	  0	  0	  0	  0	  0	 76	 72	 83	 81	  0	 67	  0	  0	  0	  0	  0	  0	  0	  0	  0	  0	  0	  5	20556	  0
02/02/2017	03:56:04	->	L	00000000	 21	 81	 72	 74	  0	379	  0	  4	  4	  4	  4	  4	  4	  4	  4	  0	  0	  0	  0	  0	  0	  0	  0	  0	  0	  0	  0	  0	  0	  0	  0	  0	  0	  0	  0	  0	  0	  0	  0	 75	 72	 88	 81	  0	 67	  0	  0	  0	  0	  0	  0	  0	  0	  0	  0	  0	  5	20556	  0
02/02/2017	04:01:04	->	L	00000000	 21	 83	 73	 59	  0	384	  0	  4	  4	  4	  4	  4	  4	  4	  4	  0	  0	  0	  0	  0	  0	  0	  0	  0	  0	  0	  0	  0	  0	  0	  0	  0	  0	  0	  0	  0	  0	  0	  0	 76	 73	 88	 83	  0	 64	  0	  0	  0	  0	  0	  0	  0	  0	  0	  0	  0	  5	20556	  0
02/02/2017	04:06:04	->	L	00000000	 21	 79	 72	 73	  0	389	  0	  4	  4	  4	  4	  4	  4	  4	  4	  0	  0	  0	  0	  0	  0	  0	  0	  0	  0	  0	  0	  0	  0	  0	  0	  0	  0	  0	  0	  0	  0	  0	  0	 76	 72	 83	 79	  0	 73	  0	  0	  0	  0	  0	  0	  0	  0	  0	  0	  0	  5	20556	  0
02/02/2017	04:11:04	->	L	00000000	 21	 84	 72	 62	  0	394	  0	  4	  4	  4	  4	  4	  4	  4	  4	  0	  0	  0	  0	  0	  0	  0	  0	  0	  0	  0	  0	  0	  0	  0	  0	  0	  0	  0	  0	  0	  0	  0	  0	 76	 72	 83	 84	  0	 59	  0	  0	  0	  0	  0	  0	  0	  0	  0	  0	  0	  5	20556	  0
02/02/2017	04:16:04	->	L	00000000	 21	 81	 73	 64	  0	399	  0	  4	  4	  4	  4	  4	  4	  4	  4	  0	  0	  0	  0	  0	  0	  0	  0	  0	  0	  0	  0	  0	  0	  0	  0	  0	  0	  0	  0	  0	  0	  0	  0	 76	 73	 88	 81	  0	 70	  0	  0	  0	  0	  0	  0	  0	  0	  0	  0	  0	  5	20556	  0
02/02/2017	04:21:04	->	L	00000000	 21	 80	 71	 73	  0	404	  0	  4	  4	  4	  4	  4	  4	  4	  4	  0	  0	  0	  0	  0	  0	  0	  0	  0	  0	  0	  0	  0	  0	  0	  0	  0	  0	  0	  0	  0	  0	  0	  0	 76	 71	 80	 80	  0	 67	  0	  0	  0	  0	  0	  0	  0	  0	  0	  0	  0	  5	20556	  0
02/02/2017	04:26:04	->	L	00000000	 21	 83	 72	 61	  0	409	  0	  4	  4	  4	  4	  4	  4	  4	  4	  0	  0	  0	  0	  0	  0	  0	  0	  0	  0	  0	  0	  0	  0	  0	  0	  0	  0	  0	  0	  0	  0	  0	  0	 76	 72	 83	 83	  0	 61	  0	  0	  0	  0	  0	  0	  0	  0	  0	  0	  0	  5	20556	  0
02/02/2017	04:31:04	->	L	00000000	 21	 78	 72	 70	  0	414	  0	  4	  4	  4	  4	  4	  4	  4	  4	  0	  0	  0	  0	  0	  0	  0	  0	  0	  0	  0	  0	  0	  0	  0	  0	  0	  0	  0	  0	  0	  0	  0	  0	 76	 72	 83	 78	  0	 76	  0	  0	  0	  0	  0	  0	  0	  0	  0	  0	  0	  5	20556	  0
02/02/2017	04:36:04	->	L	00000000	 21	 83	 71	 59	  0	419	  0	  4	  4	  4	  4	  4	  4	  4	  4	  0	  0	  0	  0	  0	  0	  0	  0	  0	  0	  0	  0	  0	  0	  0	  0	  0	  0	  0	  0	  0	  0	  0	  0	 76	 71	 80	 83	  0	 59	  0	  0	  0	  0	  0	  0	  0	  0	  0	  0	  0	  5	20556	  0
02/02/2017	04:41:04	->	L	00000000	 21	 79	 72	 73	  0	424	  0	  4	  4	  4	  4	  4	  4	  4	  4	  0	  0	  0	  0	  0	  0	  0	  0	  0	  0	  0	  0	  0	  0	  0	  0	  0	  0	  0	  0	  0	  0	  0	  0	 75	 72	 88	 79	  0	 73	  0	  0	  0	  0	  0	  0	  0	  0	  0	  0	  0	  5	20556	  0
02/02/2017	04:46:04	<-	L	00000000	 21	 81	 72	 64	  0	429	  0	  4	  4	  4	  4	  4	  4	  4	  4	  0	  0	  0	  0	  0	  0	  0	  0	  0	  0	  0	  0	  0	  0	  0	  0	  0	  0	  0	  0	  0	  0	  0	  0	 81	 72	 67	 79	  0	 73	  0	  0	  0	  0	  0	  0	  0	  0	  0	  0	  0	  5	20556	  0
02/02/2017	04:51:04	<-	L	00000000	 21	 79	 71	 73	  0	434	  0	  4	  4	  4	  4	  4	  4	  4	  4	  0	  0	  0	  0	  0	  0	  0	  0	  0	  0	  0	  0	  0	  0	  0	  0	  0	  0	  0	  0	  0	  0	  0	  0	 79	 71	 70	 78	  0	 73	  0	  0	  0	  0	  0	  0	  0	  0	  0	  0	  0	  5	20556	  0
02/02/2017	04:56:04	<-	L	00000000	 21	 79	 71	 70	  0	439	  0	  4	  4	  4	  4	  4	  4	  4	  4	  0	  0	  0	  0	  0	  0	  0	  0	  0	  0	  0	  0	  0	  0	  0	  0	  0	  0	  0	  0	  0	  0	  0	  0	 79	 71	 70	 79	  0	 70	  0	  0	  0	  0	  0	  0	  0	  0	  0	  0	  0	  5	20556	  0
02/02/2017	05:01:05	<-	L	00000000	 21	 81	 72	 67	  0	444	  0	  4	  4	  4	  4	  4	  4	  4	  4	  0	  0	  0	  0	  0	  0	  0	  0	  0	  0	  0	  0	  0	  0	  0	  0	  0	  0	  0	  0	  0	  0	  0	  0	 81	 72	 67	 79	  0	 73	  0	  0	  0	  0	  0	  0	  0	  0	  0	  0	  0	  5	20556	  0
02/02/2017	05:06:05	<-	L	00000000	 21	 79	 71	 73	  0	449	  0	  4	  4	  4	  4	  4	  4	  4	  4	  0	  0	  0	  0	  0	  0	  0	  0	  0	  0	  0	  0	  0	  0	  0	  0	  0	  0	  0	  0	  0	  0	  0	  0	 79	 71	 70	 78	  0	 73	  0	  0	  0	  0	  0	  0	  0	  0	  0	  0	  0	  5	20556	  0
02/02/2017	05:11:05	<-	L	00000000	 21	 81	 72	 67	  0	454	  0	  4	  4	  4	  4	  4	  4	  4	  4	  0	  0	  0	  0	  0	  0	  0	  0	  0	  0	  0	  0	  0	  0	  0	  0	  0	  0	  0	  0	  0	  0	  0	  0	 81	 72	 67	 79	  0	 73	  0	  0	  0	  0	  0	  0	  0	  0	  0	  0	  0	  5	20556	  0
02/02/2017	05:16:05	<-	L	00000000	 21	 79	 72	 73	  0	459	  0	  4	  4	  4	  4	  4	  4	  4	  4	  0	  0	  0	  0	  0	  0	  0	  0	  0	  0	  0	  0	  0	  0	  0	  0	  0	  0	  0	  0	  0	  0	  0	  0	 79	 72	 73	 78	  0	 76	  0	  0	  0	  0	  0	  0	  0	  0	  0	  0	  0	  5	20556	  0
02/02/2017	05:21:05	<-	L	00000000	 21	 80	 71	 64	  0	464	  0	  4	  4	  4	  4	  4	  4	  4	  4	  0	  0	  0	  0	  0	  0	  0	  0	  0	  0	  0	  0	  0	  0	  0	  0	  0	  0	  0	  0	  0	  0	  0	  0	 80	 71	 67	 78	  0	 73	  0	  0	  0	  0	  0	  0	  0	  0	  0	  0	  0	  5	20556	  0
02/02/2017	05:26:05	<-	L	00000000	 21	 80	 72	 74	  0	469	  0	  4	  4	  4	  4	  4	  4	  4	  4	  0	  0	  0	  0	  0	  0	  0	  0	  0	  0	  0	  0	  0	  0	  0	  0	  0	  0	  0	  0	  0	  0	  0	  0	 80	 72	 70	 78	  0	 76	  0	  0	  0	  0	  0	  0	  0	  0	  0	  0	  0	  5	20556	  0
02/02/2017	05:31:05	<-	L	00000000	 21	 79	 73	 70	  0	474	  0	  4	  4	  4	  4	  4	  4	  4	  4	  0	  0	  0	  0	  0	  0	  0	  0	  0	  0	  0	  0	  0	  0	  0	  0	  0	  0	  0	  0	  0	  0	  0	  0	 79	 73	 76	 78	  0	 81	  0	  0	  0	  0	  0	  0	  0	  0	  0	  0	  0	  5	20556	  0
02/02/2017	05:36:05	<-	L	00000000	 21	 80	 71	 67	  0	479	  0	  4	  4	  4	  4	  4	  4	  4	  4	  0	  0	  0	  0	  0	  0	  0	  0	  0	  0	  0	  0	  0	  0	  0	  0	  0	  0	  0	  0	  0	  0	  0	  0	 80	 71	 67	 78	  0	 73	  0	  0	  0	  0	  0	  0	  0	  0	  0	  0	  0	  5	20556	  0
02/02/2017	05:41:05	<-	L	00000000	 21	 80	 71	 74	  0	484	  0	  4	  4	  4	  4	  4	  4	  4	  4	  0	  0	  0	  0	  0	  0	  0	  0	  0	  0	  0	  0	  0	  0	  0	  0	  0	  0	  0	  0	  0	  0	  0	  0	 80	 71	 67	 78	  0	 73	  0	  0	  0	  0	  0	  0	  0	  0	  0	  0	  0	  5	20556	  0
02/02/2017	05:46:05	<-	L	00000000	 21	 79	 72	 70	  0	489	  0	  4	  4	  4	  4	  4	  4	  4	  4	  0	  0	  0	  0	  0	  0	  0	  0	  0	  0	  0	  0	  0	  0	  0	  0	  0	  0	  0	  0	  0	  0	  0	  0	 79	 72	 73	 78	  0	 76	  0	  0	  0	  0	  0	  0	  0	  0	  0	  0	  0	  5	20556	  0
02/02/2017	05:51:05	<-	L	00000000	 21	 81	 72	 67	  0	494	  0	  4	  4	  4	  4	  4	  4	  4	  4	  0	  0	  0	  0	  0	  0	  0	  0	  0	  0	  0	  0	  0	  0	  0	  0	  0	  0	  0	  0	  0	  0	  0	  0	 81	 72	 67	 78	  0	 76	  0	  0	  0	  0	  0	  0	  0	  0	  0	  0	  0	  5	20556	  0
02/02/2017	05:56:05	<-	L	00000000	 21	 80	 71	 74	  0	499	  0	  4	  4	  4	  4	  4	  4	  4	  4	  0	  0	  0	  0	  0	  0	  0	  0	  0	  0	  0	  0	  0	  0	  0	  0	  0	  0	  0	  0	  0	  0	  0	  0	 80	 71	 67	 78	  0	 73	  0	  0	  0	  0	  0	  0	  0	  0	  0	  0	  0	  5	20556	  0
02/02/2017	06:01:05	<-	L	00000000	 21	 79	 73	 73	  0	504	  0	  4	  4	  4	  4	  4	  4	  4	  4	  0	  0	  0	  0	  0	  0	  0	  0	  0	  0	  0	  0	  0	  0	  0	  0	  0	  0	  0	  0	  0	  0	  0	  0	 79	 73	 76	 78	  0	 81	  0	  0	  0	  0	  0	  0	  0	  0	  0	  0	  0	  5	20556	  0
02/02/2017	06:06:05	<-	L	00000000	 21	 81	 72	 67	  0	509	  0	  4	  4	  4	  4	  4	  4	  4	  4	  0	  0	  0	  0	  0	  0	  0	  0	  0	  0	  0	  0	  0	  0	  0	  0	  0	  0	  0	  0	  0	  0	  0	  0	 81	 72	 67	 79	  0	 73	  0	  0	  0	  0	  0	  0	  0	  0	  0	  0	  0	  5	20556	  0
02/02/2017	06:11:05	<-	L	00000000	 21	 81	 72	 74	  0	514	  0	  4	  4	  4	  4	  4	  4	  4	  4	  0	  0	  0	  0	  0	  0	  0	  0	  0	  0	  0	  0	  0	  0	  0	  0	  0	  0	  0	  0	  0	  0	  0	  0	 81	 72	 67	 78	  0	 76	  0	  0	  0	  0	  0	  0	  0	  0	  0	  0	  0	  5	20556	  0
02/02/2017	06:16:05	<-	L	00000000	 21	 79	 72	 67	  0	519	  0	  4	  4	  4	  4	  4	  4	  4	  4	  0	  0	  0	  0	  0	  0	  0	  0	  0	  0	  0	  0	  0	  0	  0	  0	  0	  0	  0	  0	  0	  0	  0	  0	 79	 72	 73	 78	  0	 76	  0	  0	  0	  0	  0	  0	  0	  0	  0	  0	  0	  5	20556	  0
02/02/2017	06:21:05	<-	L	00000000	 21	 82	 72	 64	  0	524	  0	  4	  4	  4	  4	  4	  4	  4	  4	  0	  0	  0	  0	  0	  0	  0	  0	  0	  0	  0	  0	  0	  0	  0	  0	  0	  0	  0	  0	  0	  0	  0	  0	 82	 72	 64	 79	  0	 73	  0	  0	  0	  0	  0	  0	  0	  0	  0	  0	  0	  5	20556	  0
02/02/2017	06:26:05	<-	L	00000000	 21	 79	 71	 73	  0	529	  0	  4	  4	  4	  4	  4	  4	  4	  4	  0	  0	  0	  0	  0	  0	  0	  0	  0	  0	  0	  0	  0	  0	  0	  0	  0	  0	  0	  0	  0	  0	  0	  0	 79	 71	 70	 78	  0	 73	  0	  0	  0	  0	  0	  0	  0	  0	  0	  0	  0	  5	20556	  0
02/02/2017	06:31:05	<-	L	00000000	 21	 80	 73	 64	  0	534	  0	  4	  4	  4	  4	  4	  4	  4	  4	  0	  0	  0	  0	  0	  0	  0	  0	  0	  0	  0	  0	  0	  0	  0	  0	  0	  0	  0	  0	  0	  0	  0	  0	 80	 73	 74	 79	  0	 76	  0	  0	  0	  0	  0	  0	  0	  0	  0	  0	  0	  5	20556	  0
02/02/2017	06:36:05	<-	L	00000000	 21	 81	 72	 70	  0	539	  0	  4	  4	  4	  4	  4	  4	  4	  4	  0	  0	  0	  0	  0	  0	  0	  0	  0	  0	  0	  0	  0	  0	  0	  0	  0	  0	  0	  0	  0	  0	  0	  0	 81	 72	 67	 79	  0	 73	  0	  0	  0	  0	  0	  0	  0	  0	  0	  0	  0	  5	20556	  0
02/02/2017	06:41:05	<-	L	00000000	 22	 79	 71	 70	  0	  3	  0	  4	  4	  4	  4	  4	  4	  4	  4	  0	  0	  0	  0	  0	  0	  0	  0	  0	  0	  0	  0	  0	  0	  0	  0	  0	  0	  0	  0	  0	  0	  0	  0	 79	 71	 70	 78	  0	 73	  0	  0	  0	  0	  0	  0	  0	  0	  0	  0	  0	  5	20553	  0
02/02/2017	06:46:05	<-	L	00000000	 22	 81	 73	 67	  0	  8	  0	  4	  4	  4	  4	  4	  4	  4	  4	  0	  0	  0	  0	  0	  0	  0	  0	  0	  0	  0	  0	  0	  0	  0	  0	  0	  0	  0	  0	  0	  0	  0	  0	 81	 73	 70	 79	  0	 76	  0	  0	  0	  0	  0	  0	  0	  0	  0	  0	  0	  5	20553	  0
02/02/2017	06:51:05	<-	L	00000000	 22	 81	 72	 70	  0	 13	  0	  4	  4	  4	  4	  4	  4	  4	  4	  0	  0	  0	  0	  0	  0	  0	  0	  0	  0	  0	  0	  0	  0	  0	  0	  0	  0	  0	  0	  0	  0	  0	  0	 81	 72	 67	 78	  0	 76	  0	  0	  0	  0	  0	  0	  0	  0	  0	  0	  0	  5	20553	  0
02/02/2017	06:56:05	<-	L	00000000	 22	 79	 72	 70	  0	 18	  0	  4	  4	  4	  4	  4	  4	  4	  4	  0	  0	  0	  0	  0	  0	  0	  0	  0	  0	  0	  0	  0	  0	  0	  0	  0	  0	  0	  0	  0	  0	  0	  0	 79	 72	 73	 78	  0	 76	  0	  0	  0	  0	  0	  0	  0	  0	  0	  0	  0	  5	20553	  0
02/02/2017	07:01:05	<-	L	00000000	 22	 82	 73	 61	  0	 23	  0	  4	  4	  4	  4	  4	  4	  4	  4	  0	  0	  0	  0	  0	  0	  0	  0	  0	  0	  0	  0	  0	  0	  0	  0	  0	  0	  0	  0	  0	  0	  0	  0	 82	 73	 67	 79	  0	 76	  0	  0	  0	  0	  0	  0	  0	  0	  0	  0	  0	  5	20553	  0
02/02/2017	07:06:05	<-	L	00000000	 22	 79	 72	 73	  0	 28	  0	  4	  4	  4	  4	  4	  4	  4	  4	  0	  0	  0	  0	  0	  0	  0	  0	  0	  0	  0	  0	  0	  0	  0	  0	  0	  0	  0	  0	  0	  0	  0	  0	 79	 72	 73	 78	  0	 76	  0	  0	  0	  0	  0	  0	  0	  0	  0	  0	  0	  5	20553	  0
02/02/2017	07:11:05	<-	L	00000000	 22	 82	 72	 67	  0	 33	  0	  4	  4	  4	  4	  4	  4	  4	  4	  0	  0	  0	  0	  0	  0	  0	  0	  0	  0	  0	  0	  0	  0	  0	  0	  0	  0	  0	  0	  0	  0	  0	  0	 82	 72	 64	 79	  0	 73	  0	  0	  0	  0	  0	  0	  0	  0	  0	  0	  0	  5	20553	  0
02/02/2017	07:16:05	<-	L	00000000	 22	 78	 72	 70	  0	 38	  0	  4	  4	  4	  4	  4	  4	  4	  4	  0	  0	  0	  0	  0	  0	  0	  0	  0	  0	  0	  0	  0	  0	  0	  0	  0	  0	  0	  0	  0	  0	  0	  0	 78	 72	 76	 78	  0	 76	  0	  0	  0	  0	  0	  0	  0	  0	  0	  0	  0	  5	20553	  0
02/02/2017	07:21:05	<-	L	00000000	 22	 82	 72	 64	  0	 43	  0	  4	  4	  4	  4	  4	  4	  4	  4	  0	  0	  0	  0	  0	  0	  0	  0	  0	  0	  0	  0	  0	  0	  0	  0	  0	  0	  0	  0	  0	  0	  0	  0	 82	 72	 64	 80	  0	 70	  0	  0	  0	  0	  0	  0	  0	  0	  0	  0	  0	  5	20553	  0
02/02/2017	07:26:05	<-	L	00000000	 22	 79	 72	 76	  0	 48	  0	  4	  4	  4	  4	  4	  4	  4	  4	  0	  0	  0	  0	  0	  0	  0	  0	  0	  0	  0	  0	  0	  0	  0	  0	  0	  0	  0	  0	  0	  0	  0	  0	 79	 72	 73	 78	  0	 76	  0	  0	  0	  0	  0	  0	  0	  0	  0	  0	  0	  5	20553	  0
02/02/2017	07:31:05	<-	L	00000000	 22	 81	 72	 64	  0	 53	  0	  4	  4	  4	  4	  4	  4	  4	  4	  0	  0	  0	  0	  0	  0	  0	  0	  0	  0	  0	  0	  0	  0	  0	  0	  0	  0	  0	  0	  0	  0	  0	  0	 81	 72	 67	 79	  0	 73	  0	  0	  0	  0	  0	  0	  0	  0	  0	  0	  0	  5	20553	  0
02/02/2017	07:36:05	<-	L	00000000	 22	 80	 72	 70	  0	 58	  0	  4	  4	  4	  4	  4	  4	  4	  4	  0	  0	  0	  0	  0	  0	  0	  0	  0	  0	  0	  0	  0	  0	  0	  0	  0	  0	  0	  0	  0	  0	  0	  0	 80	 72	 70	 78	  0	 76	  0	  0	  0	  0	  0	  0	  0	  0	  0	  0	  0	  5	20553	  0
02/02/2017	07:41:05	<-	L	00000000	 22	 81	 71	 74	  0	 63	  0	  4	  4	  4	  4	  4	  4	  4	  4	  0	  0	  0	  0	  0	  0	  0	  0	  0	  0	  0	  0	  0	  0	  0	  0	  0	  0	  0	  0	  0	  0	  0	  0	 81	 71	 64	 79	  0	 70	  0	  0	  0	  0	  0	  0	  0	  0	  0	  0	  0	  5	20553	  0
02/02/2017	07:46:05	->	L	00000000	 22	 83	 72	 61	  0	 68	  0	  4	  4	  4	  4	  4	  4	  4	  4	  0	  0	  0	  0	  0	  0	  0	  0	  0	  0	  0	  0	  0	  0	  0	  0	  0	  0	  0	  0	  0	  0	  0	  0	 77	 72	 81	 83	  0	 61	  0	  0	  0	  0	  0	  0	  0	  0	  0	  0	  0	  5	20553	  0
02/02/2017	07:51:05	->	L	00000000	 22	 81	 72	 64	  0	 73	  0	  4	  4	  4	  4	  4	  4	  4	  4	  0	  0	  0	  0	  0	  0	  0	  0	  0	  0	  0	  0	  0	  0	  0	  0	  0	  0	  0	  0	  0	  0	  0	  0	 77	 72	 81	 81	  0	 67	  0	  0	  0	  0	  0	  0	  0	  0	  0	  0	  0	  5	20553	  0
02/02/2017	07:56:05	->	L	00000000	 22	 79	 71	 73	  0	 78	  0	  4	  4	  4	  4	  4	  4	  4	  4	  0	  0	  0	  0	  0	  0	  0	  0	  0	  0	  0	  0	  0	  0	  0	  0	  0	  0	  0	  0	  0	  0	  0	  0	 76	 71	 80	 79	  0	 70	  0	  0	  0	  0	  0	  0	  0	  0	  0	  0	  0	  5	20553	  0
02/02/2017	08:01:05	->	L	00000000	 22	 82	 72	 61	  0	 83	  0	  4	  4	  4	  4	  4	  4	  4	  4	  0	  0	  0	  0	  0	  0	  0	  0	  0	  0	  0	  0	  0	  0	  0	  0	  0	  0	  0	  0	  0	  0	  0	  0	 77	 72	 81	 82	  0	 64	  0	  0	  0	  0	  0	  0	  0	  0	  0	  0	  0	  5	20553	  0
02/02/2017	08:06:05	->	L	00000000	 22	 80	 72	 70	  0	 88	  0	  4	  4	  4	  4	  4	  4	  4	  4	  0	  0	  0	  0	  0	  0	  0	  0	  0	  0	  0	  0	  0	  0	  0	  0	  0	  0	  0	  0	  0	  0	  0	  0	 76	 72	 83	 80	  0	 70	  0	  0	  0	  0	  0	  0	  0	  0	  0	  0	  0	  5	19273	  0
02/02/2017	08:11:05	->	L	00000000	 22	 76	 70	 83	  0	 93	  0	  4	  4	  4	  4	  4	  4	  4	  4	  0	  0	  0	  0	  0	  0	  0	  0	  0	  0	  0	  0	  0	  0	  0	  0	  0	  0	  0	  0	  0	  0	  0	  0	 75	 70	 80	 76	  0	 75	  0	  0	  0	  0	  0	  0	  0	  0	  0	  0	  0	  5	19273	  0
02/02/2017	08:16:05	->	L	00000000	 22	 75	 71	 83	  0	 98	  0	  4	  4	  4	  4	  4	  4	  4	  4	  0	  0	  0	  0	  0	  0	  0	  0	  0	  0	  0	  0	  0	  0	  0	  0	  0	  0	  0	  0	  0	  0	  0	  0	 74	 71	 88	 75	  0	 83	  0	  0	  0	  0	  0	  0	  0	  0	  0	  0	  0	  5	19273	  0
02/02/2017	08:21:05	->	L	00000000	 22	 76	 71	 75	  0	103	  0	  4	  4	  4	  4	  4	  4	  4	  4	  0	  0	  0	  0	  0	  0	  0	  0	  0	  0	  0	  0	  0	  0	  0	  0	  0	  0	  0	  0	  0	  0	  0	  0	 74	 71	 88	 76	  0	 80	  0	  0	  0	  0	  0	  0	  0	  0	  0	  0	  0	  5	19273	  0
02/02/2017	08:26:05	->	L	00000000	 22	 76	 70	 80	  0	108	  0	  4	  4	  4	  4	  4	  4	  4	  4	  0	  0	  0	  0	  0	  0	  0	  0	  0	  0	  0	  0	  0	  0	  0	  0	  0	  0	  0	  0	  0	  0	  0	  0	 74	 70	 83	 76	  0	 75	  0	  0	  0	  0	  0	  0	  0	  0	  0	  0	  0	  5	19273	  0
02/02/2017	08:31:05	->	L	00000000	 22	 77	 71	 73	 71	113	  0	  4	  4	  4	  4	  4	  4	  4	  4	  0	  0	  0	  0	  0	  0	  0	  0	  0	  0	  0	  0	  0	  0	  0	  0	  0	  0	  0	  0	  0	  0	  0	  0	 74	 71	 88	 77	  0	 76	  0	  0	  0	  0	  0	  0	  0	  0	  0	  0	  0	  5	19273	  0
02/02/2017	08:36:05	->	L	00000000	 22	 80	 70	 63	  0	118	  0	  4	  4	  4	  4	  4	  4	  4	  4	  0	  0	  0	  0	  0	  0	  0	  0	  0	  0	  0	  0	  0	  0	  0	  0	  0	  0	  0	  0	  0	  0	  0	  0	 74	 70	 83	 80	  0	 63	  0	  0	  0	  0	  0	  0	  0	  0	  0	  0	  0	  5	19273	  0
02/02/2017	08:41:05	->	L	00000000	 22	 76	 70	 83	  0	123	  0	  4	  4	  4	  4	  4	  4	  4	  4	  0	  0	  0	  0	  0	  0	  0	  0	  0	  0	  0	  0	  0	  0	  0	  0	  0	  0	  0	  0	  0	  0	  0	  0	 73	 70	 87	 76	  0	 75	  0	  0	  0	  0	  0	  0	  0	  0	  0	  0	  0	  5	19273	  0
02/02/2017	08:46:05	->	L	00000000	 22	 75	 70	 80	  0	128	  0	  4	  4	  4	  4	  4	  4	  4	  4	  0	  0	  0	  0	  0	  0	  0	  0	  0	  0	  0	  0	  0	  0	  0	  0	  0	  0	  0	  0	  0	  0	  0	  0	 74	 70	 83	 75	  0	 80	  0	  0	  0	  0	  0	  0	  0	  0	  0	  0	  0	  5	19273	  0
02/02/2017	08:51:05	->	L	00000000	 22	 76	 70	 73	  0	133	  0	  4	  4	  4	  4	  4	  4	  4	  4	  0	  0	  0	  0	  0	  0	  0	  0	  0	  0	  0	  0	  0	  0	  0	  0	  0	  0	  0	  0	  0	  0	  0	  0	 74	 70	 83	 76	  0	 75	  0	  0	  0	  0	  0	  0	  0	  0	  0	  0	  0	  5	19273	  0
02/02/2017	08:56:05	->	L	00000000	 22	 78	 70	 73	  0	138	  0	  4	  4	  4	  4	  4	  4	  4	  4	  0	  0	  0	  0	  0	  0	  0	  0	  0	  0	  0	  0	  0	  0	  0	  0	  0	  0	  0	  0	  0	  0	  0	  0	 74	 70	 83	 78	  0	 70	  0	  0	  0	  0	  0	  0	  0	  0	  0	  0	  0	  5	19273	  0
02/02/2017	09:01:05	->	L	00000000	 22	 81	 71	 61	  0	143	  0	  4	  4	  4	  4	  4	  4	  4	  4	  0	  0	  0	  0	  0	  0	  0	  0	  0	  0	  0	  0	  0	  0	  0	  0	  0	  0	  0	  0	  0	  0	  0	  0	 74	 71	 88	 81	  0	 64	  0	  0	  0	  0	  0	  0	  0	  0	  0	  0	  0	  5	19273	  0
02/02/2017	09:06:05	->	L	00000000	 22	 74	 70	 83	  0	148	  0	  4	  4	  4	  4	  4	  4	  4	  4	  0	  0	  0	  0	  0	  0	  0	  0	  0	  0	  0	  0	  0	  0	  0	  0	  0	  0	  0	  0	  0	  0	  0	  0	 73	 70	 87	 74	  0	 83	  0	  0	  0	  0	  0	  0	  0	  0	  0	  0	  0	  5	19273	  0
02/02/2017	09:11:05	->	L	00000000	 22	 75	 69	 83	  0	153	  0	  4	  4	  4	  4	  4	  4	  4	  4	  0	  0	  0	  0	  0	  0	  0	  0	  0	  0	  0	  0	  0	  0	  0	  0	  0	  0	  0	  0	  0	  0	  0	  0	 73	 69	 83	 75	  0	 75	  0	  0	  0	  0	  0	  0	  0	  0	  0	  0	  0	  5	19273	  0
02/02/2017	09:16:05	->	L	00000000	 22	 79	 71	 70	  0	158	  0	  4	  4	  4	  4	  4	  4	  4	  4	  0	  0	  0	  0	  0	  0	  0	  0	  0	  0	  0	  0	  0	  0	  0	  0	  0	  0	  0	  0	  0	  0	  0	  0	 75	 71	 83	 79	  0	 70	  0	  0	  0	  0	  0	  0	  0	  0	  0	  0	  0	  5	20553	  0
02/02/2017	09:21:05	->	L	00000000	 22	 84	 71	 58	  0	163	  0	  4	  4	  4	  4	  4	  4	  4	  4	  0	  0	  0	  0	  0	  0	  0	  0	  0	  0	  0	  0	  0	  0	  0	  0	  0	  0	  0	  0	  0	  0	  0	  0	 76	 71	 80	 84	  0	 56	  0	  0	  0	  0	  0	  0	  0	  0	  0	  0	  0	  5	20553	  0
02/02/2017	09:26:05	->	L	00000000	 22	 85	 70	 53	  0	168	  0	  4	  4	  4	  4	  4	  4	  4	  4	  0	  0	  0	  0	  0	  0	  0	  0	  0	  0	  0	  0	  0	  0	  0	  0	  0	  0	  0	  0	  0	  0	  0	  0	 76	 70	 75	 85	  0	 51	  0	  0	  0	  0	  0	  0	  0	  0	  0	  0	  0	  5	20553	  0
02/02/2017	09:31:05	->	L	00000000	 22	 82	 72	 61	  0	173	  0	  4	  4	  4	  4	  4	  4	  4	  4	  0	  0	  0	  0	  0	  0	  0	  0	  0	  0	  0	  0	  0	  0	  0	  0	  0	  0	  0	  0	  0	  0	  0	  0	 76	 72	 83	 82	  0	 64	  0	  0	  0	  0	  0	  0	  0	  0	  0	  0	  0	  5	20553	  0
02/02/2017	09:36:05	->	L	00000000	 22	 79	 70	 67	  0	178	  0	  4	  4	  4	  4	  4	  4	  4	  4	  0	  0	  0	  0	  0	  0	  0	  0	  0	  0	  0	  0	  0	  0	  0	  0	  0	  0	  0	  0	  0	  0	  0	  0	 76	 70	 75	 79	  0	 67	  0	  0	  0	  0	  0	  0	  0	  0	  0	  0	  0	  5	20553	  0
02/02/2017	09:41:05	->	L	00000000	 22	 82	 71	 64	  0	183	  0	  4	  4	  4	  4	  4	  4	  4	  4	  0	  0	  0	  0	  0	  0	  0	  0	  0	  0	  0	  0	  0	  0	  0	  0	  0	  0	  0	  0	  0	  0	  0	  0	 76	 71	 80	 82	  0	 61	  0	  0	  0	  0	  0	  0	  0	  0	  0	  0	  0	  5	20553	  0
02/02/2017	09:46:05	->	L	00000000	 22	 86	 72	 49	  0	188	  0	  4	  4	  4	  4	  4	  4	  4	  4	  0	  0	  0	  0	  0	  0	  0	  0	  0	  0	  0	  0	  0	  0	  0	  0	  0	  0	  0	  0	  0	  0	  0	  0	 77	 72	 81	 86	  0	 53	  0	  0	  0	  0	  0	  0	  0	  0	  0	  0	  0	  5	20553	  0
02/02/2017	09:51:05	->	L	00000000	 22	 84	 71	 56	  0	193	  0	  4	  4	  4	  4	  4	  4	  4	  4	  0	  0	  0	  0	  0	  0	  0	  0	  0	  0	  0	  0	  0	  0	  0	  0	  0	  0	  0	  0	  0	  0	  0	  0	 77	 71	 76	 84	  0	 56	  0	  0	  0	  0	  0	  0	  0	  0	  0	  0	  0	  5	20553	  0
02/02/2017	09:56:05	->	L	00000000	 22	 81	 71	 67	  0	198	  0	  4	  4	  4	  4	  4	  4	  4	  4	  0	  0	  0	  0	  0	  0	  0	  0	  0	  0	  0	  0	  0	  0	  0	  0	  0	  0	  0	  0	  0	  0	  0	  0	 76	 71	 80	 81	  0	 64	  0	  0	  0	  0	  0	  0	  0	  0	  0	  0	  0	  5	20553	  0
02/02/2017	10:01:05	->	L	00000000	 22	 79	 72	 70	  0	203	  0	  4	  4	  4	  4	  4	  4	  4	  4	  0	  0	  0	  0	  0	  0	  0	  0	  0	  0	  0	  0	  0	  0	  0	  0	  0	  0	  0	  0	  0	  0	  0	  0	 76	 72	 83	 79	  0	 73	  0	  0	  0	  0	  0	  0	  0	  0	  0	  0	  0	  5	20553	  0
02/02/2017	10:06:05	->	L	00000000	 22	 85	 71	 56	  0	208	  0	  4	  4	  4	  4	  4	  4	  4	  4	  0	  0	  0	  0	  0	  0	  0	  0	  0	  0	  0	  0	  0	  0	  0	  0	  0	  0	  0	  0	  0	  0	  0	  0	 77	 71	 76	 85	  0	 53	  0	  0	  0	  0	  0	  0	  0	  0	  0	  0	  0	  5	20553	  0
02/02/2017	10:11:05	->	L	00000000	 22	 84	 71	 56	  0	213	  0	  4	  4	  4	  4	  4	  4	  4	  4	  0	  0	  0	  0	  0	  0	  0	  0	  0	  0	  0	  0	  0	  0	  0	  0	  0	  0	  0	  0	  0	  0	  0	  0	 77	 71	 76	 84	  0	 56	  0	  0	  0	  0	  0	  0	  0	  0	  0	  0	  0	  5	20553	  0
02/02/2017	10:16:05	->	L	00000000	 22	 81	 72	 61	  0	218	  0	  4	  4	  4	  4	  4	  4	  4	  4	  0	  0	  0	  0	  0	  0	  0	  0	  0	  0	  0	  0	  0	  0	  0	  0	  0	  0	  0	  0	  0	  0	  0	  0	 76	 72	 83	 81	  0	 67	  0	  0	  0	  0	  0	  0	  0	  0	  0	  0	  0	  5	20553	  0
02/02/2017	10:21:05	->	L	00000000	 22	 80	 71	 67	  0	223	  0	  4	  4	  4	  4	  4	  4	  4	  4	  0	  0	  0	  0	  0	  0	  0	  0	  0	  0	  0	  0	  0	  0	  0	  0	  0	  0	  0	  0	  0	  0	  0	  0	 76	 71	 80	 80	  0	 67	  0	  0	  0	  0	  0	  0	  0	  0	  0	  0	  0	  5	20553	  0
02/02/2017	10:26:05	->	L	00000000	 22	 79	 71	 73	  0	228	  0	  4	  4	  4	  4	  4	  4	  4	  4	  0	  0	  0	  0	  0	  0	  0	  0	  0	  0	  0	  0	  0	  0	  0	  0	  0	  0	  0	  0	  0	  0	  0	  0	 76	 71	 80	 79	  0	 70	  0	  0	  0	  0	  0	  0	  0	  0	  0	  0	  0	  5	20553	  0
02/02/2017	10:31:05	->	L	00000000	 22	 84	 73	 61	  0	233	  0	  4	  4	  4	  4	  4	  4	  4	  4	  0	  0	  0	  0	  0	  0	  0	  0	  0	  0	  0	  0	  0	  0	  0	  0	  0	  0	  0	  0	  0	  0	  0	  0	 77	 73	 83	 84	  0	 62	  0	  0	  0	  0	  0	  0	  0	  0	  0	  0	  0	  5	20553	  0
02/02/2017	10:36:05	->	L	00000000	 22	 86	 72	 52	  0	238	  0	  4	  4	  4	  4	  4	  4	  4	  4	  0	  0	  0	  0	  0	  0	  0	  0	  0	  0	  0	  0	  0	  0	  0	  0	  0	  0	  0	  0	  0	  0	  0	  0	 77	 72	 81	 86	  0	 53	  0	  0	  0	  0	  0	  0	  0	  0	  0	  0	  0	  5	20553	  0
02/02/2017	10:41:05	->	L	00000000	 22	 84	 72	 56	  0	243	  0	  4	  4	  4	  4	  4	  4	  4	  4	  0	  0	  0	  0	  0	  0	  0	  0	  0	  0	  0	  0	  0	  0	  0	  0	  0	  0	  0	  0	  0	  0	  0	  0	 77	 72	 81	 84	  0	 59	  0	  0	  0	  0	  0	  0	  0	  0	  0	  0	  0	  5	20553	  0
02/02/2017	10:46:05	<-	L	00000000	 22	 80	 72	 67	  0	248	  0	  4	  4	  4	  4	  4	  4	  4	  4	  0	  0	  0	  0	  0	  0	  0	  0	  0	  0	  0	  0	  0	  0	  0	  0	  0	  0	  0	  0	  0	  0	  0	  0	 80	 72	 70	 78	  0	 76	  0	  0	  0	  0	  0	  0	  0	  0	  0	  0	  0	  5	20553	  0
02/02/2017	10:51:05	<-	L	00000000	 22	 82	 72	 61	  0	253	  0	  4	  4	  4	  4	  4	  4	  4	  4	  0	  0	  0	  0	  0	  0	  0	  0	  0	  0	  0	  0	  0	  0	  0	  0	  0	  0	  0	  0	  0	  0	  0	  0	 82	 72	 64	 80	  0	 70	  0	  0	  0	  0	  0	  0	  0	  0	  0	  0	  0	  5	20553	  0
02/02/2017	10:56:05	<-	L	00000000	 22	 78	 71	 76	  0	258	  0	  4	  4	  4	  4	  4	  4	  4	  4	  0	  0	  0	  0	  0	  0	  0	  0	  0	  0	  0	  0	  0	  0	  0	  0	  0	  0	  0	  0	  0	  0	  0	  0	 78	 71	 73	 78	  0	 73	  0	  0	  0	  0	  0	  0	  0	  0	  0	  0	  0	  5	20553	  0
02/02/2017	11:01:05	<-	L	00000000	 22	 84	 73	 59	  0	263	  0	  4	  4	  4	  4	  4	  4	  4	  4	  0	  0	  0	  0	  0	  0	  0	  0	  0	  0	  0	  0	  0	  0	  0	  0	  0	  0	  0	  0	  0	  0	  0	  0	 84	 73	 62	 80	  0	 74	  0	  0	  0	  0	  0	  0	  0	  0	  0	  0	  0	  5	20553	  0
02/02/2017	11:06:05	<-	L	00000000	 22	 84	 72	 59	  0	268	  0	  4	  4	  4	  4	  4	  4	  4	  4	  0	  0	  0	  0	  0	  0	  0	  0	  0	  0	  0	  0	  0	  0	  0	  0	  0	  0	  0	  0	  0	  0	  0	  0	 84	 72	 59	 81	  0	 67	  0	  0	  0	  0	  0	  0	  0	  0	  0	  0	  0	  5	20553	  0
02/02/2017	11:11:05	<-	L	00000000	 22	 81	 71	 70	  0	273	  0	  4	  4	  4	  4	  4	  4	  4	  4	  0	  0	  0	  0	  0	  0	  0	  0	  0	  0	  0	  0	  0	  0	  0	  0	  0	  0	  0	  0	  0	  0	  0	  0	 81	 71	 64	 80	  0	 67	  0	  0	  0	  0	  0	  0	  0	  0	  0	  0	  0	  5	20553	  0
02/02/2017	11:16:05	<-	L	00000000	 22	 79	 72	 73	  0	278	  0	  4	  4	  4	  4	  4	  4	  4	  4	  0	  0	  0	  0	  0	  0	  0	  0	  0	  0	  0	  0	  0	  0	  0	  0	  0	  0	  0	  0	  0	  0	  0	  0	 79	 72	 73	 78	  0	 76	  0	  0	  0	  0	  0	  0	  0	  0	  0	  0	  0	  5	20553	  0
02/02/2017	11:21:05	<-	L	00000000	 22	 81	 72	 70	  0	283	  0	  4	  4	  4	  4	  4	  4	  4	  4	  0	  0	  0	  0	  0	  0	  0	  0	  0	  0	  0	  0	  0	  0	  0	  0	  0	  0	  0	  0	  0	  0	  0	  0	 81	 72	 67	 79	  0	 73	  0	  0	  0	  0	  0	  0	  0	  0	  0	  0	  0	  5	20553	  0
02/02/2017	11:26:05	<-	L	00000000	 22	 83	 72	 62	  0	288	  0	  4	  4	  4	  4	  4	  4	  4	  4	  0	  0	  0	  0	  0	  0	  0	  0	  0	  0	  0	  0	  0	  0	  0	  0	  0	  0	  0	  0	  0	  0	  0	  0	 83	 72	 61	 80	  0	 70	  0	  0	  0	  0	  0	  0	  0	  0	  0	  0	  0	  5	20553	  0
02/02/2017	11:31:05	<-	L	00000000	 22	 80	 73	 67	  0	293	  0	  4	  4	  4	  4	  4	  4	  4	  4	  0	  0	  0	  0	  0	  0	  0	  0	  0	  0	  0	  0	  0	  0	  0	  0	  0	  0	  0	  0	  0	  0	  0	  0	 80	 73	 74	 79	  0	 76	  0	  0	  0	  0	  0	  0	  0	  0	  0	  0	  0	  5	20553	  0
02/02/2017	11:36:05	<-	L	00000000	 22	 79	 72	 73	  0	298	  0	  4	  4	  4	  4	  4	  4	  4	  4	  0	  0	  0	  0	  0	  0	  0	  0	  0	  0	  0	  0	  0	  0	  0	  0	  0	  0	  0	  0	  0	  0	  0	  0	 79	 72	 73	 78	  0	 76	  0	  0	  0	  0	  0	  0	  0	  0	  0	  0	  0	  5	20553	  0
02/02/2017	11:41:05	<-	L	00000000	 22	 82	 72	 70	  0	303	  0	  4	  4	  4	  4	  4	  4	  4	  4	  0	  0	  0	  0	  0	  0	  0	  0	  0	  0	  0	  0	  0	  0	  0	  0	  0	  0	  0	  0	  0	  0	  0	  0	 82	 72	 64	 80	  0	 70	  0	  0	  0	  0	  0	  0	  0	  0	  0	  0	  0	  5	20553	  0
02/02/2017	11:46:05	<-	L	00000000	 22	 84	 73	 59	  0	308	  0	  4	  4	  4	  4	  4	  4	  4	  4	  0	  0	  0	  0	  0	  0	  0	  0	  0	  0	  0	  0	  0	  0	  0	  0	  0	  0	  0	  0	  0	  0	  0	  0	 84	 73	 62	 81	  0	 70	  0	  0	  0	  0	  0	  0	  0	  0	  0	  0	  0	  5	20553	  0
02/02/2017	11:51:05	<-	L	00000000	 22	 83	 72	 61	  0	313	  0	  4	  4	  4	  4	  4	  4	  4	  4	  0	  0	  0	  0	  0	  0	  0	  0	  0	  0	  0	  0	  0	  0	  0	  0	  0	  0	  0	  0	  0	  0	  0	  0	 83	 72	 61	 81	  0	 67	  0	  0	  0	  0	  0	  0	  0	  0	  0	  0	  0	  5	20553	  0
02/02/2017	11:56:05	<-	L	00000000	 22	 80	 71	 70	  0	318	  0	  4	  4	  4	  4	  4	  4	  4	  4	  0	  0	  0	  0	  0	  0	  0	  0	  0	  0	  0	  0	  0	  0	  0	  0	  0	  0	  0	  0	  0	  0	  0	  0	 80	 71	 67	 79	  0	 70	  0	  0	  0	  0	  0	  0	  0	  0	  0	  0	  0	  5	20553	  0
02/02/2017	12:01:05	<-	L	00000000	 22	 79	 73	 73	  0	323	  0	  4	  4	  4	  4	  4	  4	  4	  4	  0	  0	  0	  0	  0	  0	  0	  0	  0	  0	  0	  0	  0	  0	  0	  0	  0	  0	  0	  0	  0	  0	  0	  0	 79	 73	 76	 79	  0	 76	  0	  0	  0	  0	  0	  0	  0	  0	  0	  0	  0	  5	20553	  0
02/02/2017	12:06:05	<-	L	00000000	 22	 82	 73	 70	  0	328	  0	  4	  4	  4	  4	  4	  4	  4	  4	  0	  0	  0	  0	  0	  0	  0	  0	  0	  0	  0	  0	  0	  0	  0	  0	  0	  0	  0	  0	  0	  0	  0	  0	 82	 73	 67	 80	  0	 74	  0	  0	  0	  0	  0	  0	  0	  0	  0	  0	  0	  5	20553	  0
02/02/2017	12:11:05	<-	L	00000000	 22	 84	 73	 62	  0	333	  0	  4	  4	  4	  4	  4	  4	  4	  4	  0	  0	  0	  0	  0	  0	  0	  0	  0	  0	  0	  0	  0	  0	  0	  0	  0	  0	  0	  0	  0	  0	  0	  0	 84	 73	 62	 81	  0	 70	  0	  0	  0	  0	  0	  0	  0	  0	  0	  0	  0	  5	20553	  0
02/02/2017	12:16:05	<-	L	00000000	 22	 82	 73	 61	  0	338	  0	  4	  4	  4	  4	  4	  4	  4	  4	  0	  0	  0	  0	  0	  0	  0	  0	  0	  0	  0	  0	  0	  0	  0	  0	  0	  0	  0	  0	  0	  0	  0	  0	 82	 73	 67	 80	  0	 74	  0	  0	  0	  0	  0	  0	  0	  0	  0	  0	  0	  5	20553	  0
02/02/2017	12:21:05	<-	L	00000000	 22	 80	 72	 64	  0	343	  0	  4	  4	  4	  4	  4	  4	  4	  4	  0	  0	  0	  0	  0	  0	  0	  0	  0	  0	  0	  0	  0	  0	  0	  0	  0	  0	  0	  0	  0	  0	  0	  0	 80	 72	 70	 79	  0	 73	  0	  0	  0	  0	  0	  0	  0	  0	  0	  0	  0	  5	20553	  0
02/02/2017	12:26:05	<-	L	00000000	 22	 79	 71	 76	  0	348	  0	  4	  4	  4	  4	  4	  4	  4	  4	  0	  0	  0	  0	  0	  0	  0	  0	  0	  0	  0	  0	  0	  0	  0	  0	  0	  0	  0	  0	  0	  0	  0	  0	 79	 71	 70	 79	  0	 70	  0	  0	  0	  0	  0	  0	  0	  0	  0	  0	  0	  5	20553	  0
02/02/2017	12:46:05	  	L	00000000	 22	 73	 65	 62	  0	354	  0	  4	  4	  4	  4	  4	  4	  4	  4	  0	  0	  0	  0	  0	  0	  0	  0	  0	  0	  0	  0	  0	  0	  0	  0	  0	  0	  0	  0	  0	  0	  0	  0	 71	 65	 74	 73	  0	 68	  0	  0	  0	  0	  0	  0	  0	  0	  0	  0	  0	  5	20553	  0
02/02/2017	12:51:05	<-	L	00000000	 22	 83	 70	 59	  0	359	  0	  4	  4	  4	  4	  4	  4	  4	  4	  0	  0	  0	  0	  0	  0	  0	  0	  0	  0	  0	  0	  0	  0	  0	  0	  0	  0	  0	  0	  0	  0	  0	  0	 83	 70	 55	 79	  0	 67	  0	  0	  0	  0	  0	  0	  0	  0	  0	  0	  0	  5	20553	  0
02/02/2017	12:56:05	<-	L	00000000	 22	 79	 71	 70	  0	364	  0	  4	  4	  4	  4	  4	  4	  4	  4	  0	  0	  0	  0	  0	  0	  0	  0	  0	  0	  0	  0	  0	  0	  0	  0	  0	  0	  0	  0	  0	  0	  0	  0	 79	 71	 70	 78	  0	 73	  0	  0	  0	  0	  0	  0	  0	  0	  0	  0	  0	  5	20553	  0
02/02/2017	13:01:05	<-	L	00000000	 22	 84	 73	 59	  0	369	  0	  4	  4	  4	  4	  4	  4	  4	  4	  0	  0	  0	  0	  0	  0	  0	  0	  0	  0	  0	  0	  0	  0	  0	  0	  0	  0	  0	  0	  0	  0	  0	  0	 84	 73	 62	 80	  0	 74	  0	  0	  0	  0	  0	  0	  0	  0	  0	  0	  0	  5	20553	  0
02/02/2017	13:06:05	<-	L	00000000	 22	 83	 71	 61	  0	374	  0	  4	  4	  4	  4	  4	  4	  4	  4	  0	  0	  0	  0	  0	  0	  0	  0	  0	  0	  0	  0	  0	  0	  0	  0	  0	  0	  0	  0	  0	  0	  0	  0	 83	 71	 59	 80	  0	 67	  0	  0	  0	  0	  0	  0	  0	  0	  0	  0	  0	  5	20553	  0
02/02/2017	13:11:05	<-	L	00000000	 22	 80	 72	 70	  0	379	  0	  4	  4	  4	  4	  4	  4	  4	  4	  0	  0	  0	  0	  0	  0	  0	  0	  0	  0	  0	  0	  0	  0	  0	  0	  0	  0	  0	  0	  0	  0	  0	  0	 80	 72	 70	 79	  0	 73	  0	  0	  0	  0	  0	  0	  0	  0	  0	  0	  0	  5	20553	  0
02/02/2017	13:16:05	<-	L	00000000	 22	 79	 73	 70	  0	384	  0	  4	  4	  4	  4	  4	  4	  4	  4	  0	  0	  0	  0	  0	  0	  0	  0	  0	  0	  0	  0	  0	  0	  0	  0	  0	  0	  0	  0	  0	  0	  0	  0	 79	 73	 76	 78	  0	 81	  0	  0	  0	  0	  0	  0	  0	  0	  0	  0	  0	  5	20553	  0
02/02/2017	13:21:05	<-	L	00000000	 22	 83	 72	 64	  0	389	  0	  4	  4	  4	  4	  4	  4	  4	  4	  0	  0	  0	  0	  0	  0	  0	  0	  0	  0	  0	  0	  0	  0	  0	  0	  0	  0	  0	  0	  0	  0	  0	  0	 83	 72	 61	 80	  0	 70	  0	  0	  0	  0	  0	  0	  0	  0	  0	  0	  0	  5	20553	  0
02/02/2017	13:26:05	<-	L	00000000	 22	 83	 72	 62	  0	394	  0	  4	  4	  4	  4	  4	  4	  4	  4	  0	  0	  0	  0	  0	  0	  0	  0	  0	  0	  0	  0	  0	  0	  0	  0	  0	  0	  0	  0	  0	  0	  0	  0	 83	 72	 61	 81	  0	 67	  0	  0	  0	  0	  0	  0	  0	  0	  0	  0	  0	  5	20553	  0
02/02/2017	13:31:05	<-	L	00000000	 22	 81	 74	 61	  0	399	  0	  4	  4	  4	  4	  4	  4	  4	  4	  0	  0	  0	  0	  0	  0	  0	  0	  0	  0	  0	  0	  0	  0	  0	  0	  0	  0	  0	  0	  0	  0	  0	  0	 81	 74	 74	 80	  0	 76	  0	  0	  0	  0	  0	  0	  0	  0	  0	  0	  0	  5	20553	  0
02/02/2017	13:36:05	<-	L	00000000	 22	 80	 71	 67	  0	404	  0	  4	  4	  4	  4	  4	  4	  4	  4	  0	  0	  0	  0	  0	  0	  0	  0	  0	  0	  0	  0	  0	  0	  0	  0	  0	  0	  0	  0	  0	  0	  0	  0	 80	 71	 67	 79	  0	 70	  0	  0	  0	  0	  0	  0	  0	  0	  0	  0	  0	  5	20553	  0
02/02/2017	13:41:05	<-	L	00000000	 22	 80	 71	 73	  0	409	  0	  4	  4	  4	  4	  4	  4	  4	  4	  0	  0	  0	  0	  0	  0	  0	  0	  0	  0	  0	  0	  0	  0	  0	  0	  0	  0	  0	  0	  0	  0	  0	  0	 80	 71	 67	 79	  0	 70	  0	  0	  0	  0	  0	  0	  0	  0	  0	  0	  0	  5	20553	  0
02/02/2017	13:46:05	<-	L	00000000	 22	 83	 73	 59	  0	414	  0	  4	  4	  4	  4	  4	  4	  4	  4	  0	  0	  0	  0	  0	  0	  0	  0	  0	  0	  0	  0	  0	  0	  0	  0	  0	  0	  0	  0	  0	  0	  0	  0	 83	 73	 64	 81	  0	 70	  0	  0	  0	  0	  0	  0	  0	  0	  0	  0	  0	  5	20553	  0
02/02/2017	13:51:05	<-	L	00000000	 22	 81	 72	 67	  0	419	  0	  4	  4	  4	  4	  4	  4	  4	  4	  0	  0	  0	  0	  0	  0	  0	  0	  0	  0	  0	  0	  0	  0	  0	  0	  0	  0	  0	  0	  0	  0	  0	  0	 81	 72	 67	 80	  0	 70	  0	  0	  0	  0	  0	  0	  0	  0	  0	  0	  0	  5	20553	  0
02/02/2017	13:56:05	<-	L	00000000	 22	 79	 71	 76	  0	424	  0	  4	  4	  4	  4	  4	  4	  4	  4	  0	  0	  0	  0	  0	  0	  0	  0	  0	  0	  0	  0	  0	  0	  0	  0	  0	  0	  0	  0	  0	  0	  0	  0	 79	 71	 70	 79	  0	 70	  0	  0	  0	  0	  0	  0	  0	  0	  0	  0	  0	  5	20553	  0
02/02/2017	14:01:05	->	L	00000000	 22	 80	 72	 67	  0	429	  0	  4	  4	  4	  4	  4	  4	  4	  4	  0	  0	  0	  0	  0	  0	  0	  0	  0	  0	  0	  0	  0	  0	  0	  0	  0	  0	  0	  0	  0	  0	  0	  0	 78	 72	 76	 80	  0	 70	  0	  0	  0	  0	  0	  0	  0	  0	  0	  0	  0	  5	20553	  0
02/02/2017	14:06:05	->	L	00000000	 22	 80	 72	 67	  0	434	  0	  4	  4	  4	  4	  4	  4	  4	  4	  0	  0	  0	  0	  0	  0	  0	  0	  0	  0	  0	  0	  0	  0	  0	  0	  0	  0	  0	  0	  0	  0	  0	  0	 77	 72	 81	 80	  0	 70	  0	  0	  0	  0	  0	  0	  0	  0	  0	  0	  0	  5	20553	  0
02/02/2017	14:11:05	->	L	00000000	 22	 80	 71	 74	  0	439	  0	  4	  4	  4	  4	  4	  4	  4	  4	  0	  0	  0	  0	  0	  0	  0	  0	  0	  0	  0	  0	  0	  0	  0	  0	  0	  0	  0	  0	  0	  0	  0	  0	 76	 71	 80	 80	  0	 67	  0	  0	  0	  0	  0	  0	  0	  0	  0	  0	  0	  5	20553	  0
02/02/2017	14:16:05	->	L	00000000	 22	 79	 73	 70	  0	444	  0	  4	  4	  4	  4	  4	  4	  4	  4	  0	  0	  0	  0	  0	  0	  0	  0	  0	  0	  0	  0	  0	  0	  0	  0	  0	  0	  0	  0	  0	  0	  0	  0	 77	 73	 83	 79	  0	 76	  0	  0	  0	  0	  0	  0	  0	  0	  0	  0	  0	  5	20553	  0
02/02/2017	14:21:06	->	L	00000000	 22	 79	 71	 70	  0	449	  0	  4	  4	  4	  4	  4	  4	  4	  4	  0	  0	  0	  0	  0	  0	  0	  0	  0	  0	  0	  0	  0	  0	  0	  0	  0	  0	  0	  0	  0	  0	  0	  0	 77	 71	 76	 79	  0	 70	  0	  0	  0	  0	  0	  0	  0	  0	  0	  0	  0	  5	20553	  0
02/02/2017	14:26:06	->	L	00000000	 22	 84	 71	 64	  0	454	  0	  4	  4	  4	  4	  4	  4	  4	  4	  0	  0	  0	  0	  0	  0	  0	  0	  0	  0	  0	  0	  0	  0	  0	  0	  0	  0	  0	  0	  0	  0	  0	  0	 77	 71	 76	 84	  0	 56	  0	  0	  0	  0	  0	  0	  0	  0	  0	  0	  0	  5	20553	  0
02/02/2017	14:31:06	->	L	00000000	 22	 84	 72	 56	  0	459	  0	  4	  4	  4	  4	  4	  4	  4	  4	  0	  0	  0	  0	  0	  0	  0	  0	  0	  0	  0	  0	  0	  0	  0	  0	  0	  0	  0	  0	  0	  0	  0	  0	 78	 72	 76	 84	  0	 59	  0	  0	  0	  0	  0	  0	  0	  0	  0	  0	  0	  5	20553	  0
02/02/2017	14:36:06	->	L	00000000	 22	 83	 71	 56	  0	464	  0	  4	  4	  4	  4	  4	  4	  4	  4	  0	  0	  0	  0	  0	  0	  0	  0	  0	  0	  0	  0	  0	  0	  0	  0	  0	  0	  0	  0	  0	  0	  0	  0	 77	 71	 76	 83	  0	 59	  0	  0	  0	  0	  0	  0	  0	  0	  0	  0	  0	  5	20553	  0
02/02/2017	14:41:06	->	L	00000000	 22	 82	 71	 64	  0	469	  0	  4	  4	  4	  4	  4	  4	  4	  4	  0	  0	  0	  0	  0	  0	  0	  0	  0	  0	  0	  0	  0	  0	  0	  0	  0	  0	  0	  0	  0	  0	  0	  0	 77	 71	 76	 82	  0	 61	  0	  0	  0	  0	  0	  0	  0	  0	  0	  0	  0	  5	20553	  0
02/02/2017	14:46:06	->	L	00000000	 22	 80	 73	 67	  0	474	  0	  4	  4	  4	  4	  4	  4	  4	  4	  0	  0	  0	  0	  0	  0	  0	  0	  0	  0	  0	  0	  0	  0	  0	  0	  0	  0	  0	  0	  0	  0	  0	  0	 77	 73	 83	 80	  0	 74	  0	  0	  0	  0	  0	  0	  0	  0	  0	  0	  0	  5	20553	  0
02/02/2017	14:51:06	->	L	00000000	 22	 80	 72	 70	  0	479	  0	  4	  4	  4	  4	  4	  4	  4	  4	  0	  0	  0	  0	  0	  0	  0	  0	  0	  0	  0	  0	  0	  0	  0	  0	  0	  0	  0	  0	  0	  0	  0	  0	 77	 72	 81	 80	  0	 70	  0	  0	  0	  0	  0	  0	  0	  0	  0	  0	  0	  5	20553	  0
02/02/2017	14:56:06	->	L	00000000	 22	 79	 71	 76	  0	484	  0	  4	  4	  4	  4	  4	  4	  4	  4	  0	  0	  0	  0	  0	  0	  0	  0	  0	  0	  0	  0	  0	  0	  0	  0	  0	  0	  0	  0	  0	  0	  0	  0	 76	 71	 80	 79	  0	 70	  0	  0	  0	  0	  0	  0	  0	  0	  0	  0	  0	  5	20553	  0
02/02/2017	15:01:06	->	L	00000000	 22	 84	 73	 59	  0	489	  0	  4	  4	  4	  4	  4	  4	  4	  4	  0	  0	  0	  0	  0	  0	  0	  0	  0	  0	  0	  0	  0	  0	  0	  0	  0	  0	  0	  0	  0	  0	  0	  0	 77	 73	 83	 84	  0	 62	  0	  0	  0	  0	  0	  0	  0	  0	  0	  0	  0	  5	20553	  0
02/02/2017	15:06:06	->	L	00000000	 22	 85	 71	 53	  0	494	  0	  4	  4	  4	  4	  4	  4	  4	  4	  0	  0	  0	  0	  0	  0	  0	  0	  0	  0	  0	  0	  0	  0	  0	  0	  0	  0	  0	  0	  0	  0	  0	  0	 77	 71	 76	 85	  0	 53	  0	  0	  0	  0	  0	  0	  0	  0	  0	  0	  0	  5	20553	  0
02/02/2017	15:11:06	->	L	00000000	 22	 83	 71	 64	  0	499	  0	  4	  4	  4	  4	  4	  4	  4	  4	  0	  0	  0	  0	  0	  0	  0	  0	  0	  0	  0	  0	  0	  0	  0	  0	  0	  0	  0	  0	  0	  0	  0	  0	 77	 71	 76	 83	  0	 59	  0	  0	  0	  0	  0	  0	  0	  0	  0	  0	  0	  5	20553	  0
02/02/2017	15:16:06	->	L	00000000	 22	 80	 72	 64	  0	504	  0	  4	  4	  4	  4	  4	  4	  4	  4	  0	  0	  0	  0	  0	  0	  0	  0	  0	  0	  0	  0	  0	  0	  0	  0	  0	  0	  0	  0	  0	  0	  0	  0	 77	 72	 81	 80	  0	 70	  0	  0	  0	  0	  0	  0	  0	  0	  0	  0	  0	  5	20553	  0
02/02/2017	15:21:06	->	L	00000000	 22	 79	 71	 67	  0	509	  0	  4	  4	  4	  4	  4	  4	  4	  4	  0	  0	  0	  0	  0	  0	  0	  0	  0	  0	  0	  0	  0	  0	  0	  0	  0	  0	  0	  0	  0	  0	  0	  0	 77	 71	 76	 79	  0	 70	  0	  0	  0	  0	  0	  0	  0	  0	  0	  0	  0	  5	20553	  0
02/02/2017	15:26:06	->	L	00000000	 22	 81	 71	 73	  0	514	  0	  4	  4	  4	  4	  4	  4	  4	  4	  0	  0	  0	  0	  0	  0	  0	  0	  0	  0	  0	  0	  0	  0	  0	  0	  0	  0	  0	  0	  0	  0	  0	  0	 76	 71	 80	 81	  0	 64	  0	  0	  0	  0	  0	  0	  0	  0	  0	  0	  0	  5	20553	  0
02/02/2017	15:31:06	->	L	00000000	 22	 83	 72	 64	  0	519	  0	  4	  4	  4	  4	  4	  4	  4	  4	  0	  0	  0	  0	  0	  0	  0	  0	  0	  0	  0	  0	  0	  0	  0	  0	  0	  0	  0	  0	  0	  0	  0	  0	 77	 72	 81	 83	  0	 61	  0	  0	  0	  0	  0	  0	  0	  0	  0	  0	  0	  5	20553	  0
02/02/2017	15:36:06	->	L	00000000	 22	 86	 71	 53	  0	524	  0	  4	  4	  4	  4	  4	  4	  4	  4	  0	  0	  0	  0	  0	  0	  0	  0	  0	  0	  0	  0	  0	  0	  0	  0	  0	  0	  0	  0	  0	  0	  0	  0	 77	 71	 76	 86	  0	 52	  0	  0	  0	  0	  0	  0	  0	  0	  0	  0	  0	  5	20553	  0
02/02/2017	15:41:06	->	L	00000000	 22	 85	 71	 53	  0	529	  0	  4	  4	  4	  4	  4	  4	  4	  4	  0	  0	  0	  0	  0	  0	  0	  0	  0	  0	  0	  0	  0	  0	  0	  0	  0	  0	  0	  0	  0	  0	  0	  0	 77	 71	 76	 85	  0	 53	  0	  0	  0	  0	  0	  0	  0	  0	  0	  0	  0	  5	20553	  0
02/02/2017	15:46:06	->	L	00000000	 22	 84	 72	 53	  0	534	  0	  4	  4	  4	  4	  4	  4	  4	  4	  0	  0	  0	  0	  0	  0	  0	  0	  0	  0	  0	  0	  0	  0	  0	  0	  0	  0	  0	  0	  0	  0	  0	  0	 78	 72	 76	 84	  0	 59	  0	  0	  0	  0	  0	  0	  0	  0	  0	  0	  0	  5	20553	  0
02/02/2017	15:51:06	->	L	00000000	 22	 83	 72	 59	  0	539	  0	  4	  4	  4	  4	  4	  4	  4	  4	  0	  0	  0	  0	  0	  0	  0	  0	  0	  0	  0	  0	  0	  0	  0	  0	  0	  0	  0	  0	  0	  0	  0	  0	 77	 72	 81	 83	  0	 61	  0	  0	  0	  0	  0	  0	  0	  0	  0	  0	  0	  5	20553	  0
02/02/2017	15:56:06	->	L	00000000	 23	 80	 70	 67	  0	  3	  0	  4	  4	  4	  4	  4	  4	  4	  4	  0	  0	  0	  0	  0	  0	  0	  0	  0	  0	  0	  0	  0	  0	  0	  0	  0	  0	  0	  0	  0	  0	  0	  0	 76	 70	 75	 80	  0	 63	  0	  0	  0	  0	  0	  0	  0	  0	  0	  0	  0	  5	20550	  0
02/02/2017	16:01:06	->	L	00000000	 23	 79	 71	 70	  0	  8	  0	  4	  4	  4	  4	  4	  4	  4	  4	  0	  0	  0	  0	  0	  0	  0	  0	  0	  0	  0	  0	  0	  0	  0	  0	  0	  0	  0	  0	  0	  0	  0	  0	 76	 71	 80	 79	  0	 70	  0	  0	  0	  0	  0	  0	  0	  0	  0	  0	  0	  5	20550	  0
02/02/2017	16:06:06	->	L	00000000	 23	 79	 70	 67	  0	 13	  0	  4	  4	  4	  4	  4	  4	  4	  4	  0	  0	  0	  0	  0	  0	  0	  0	  0	  0	  0	  0	  0	  0	  0	  0	  0	  0	  0	  0	  0	  0	  0	  0	 76	 70	 75	 79	  0	 67	  0	  0	  0	  0	  0	  0	  0	  0	  0	  0	  0	  5	20550	  0
02/02/2017	16:11:06	->	L	00000000	 23	 83	 70	 64	  0	 18	  0	  4	  4	  4	  4	  4	  4	  4	  4	  0	  0	  0	  0	  0	  0	  0	  0	  0	  0	  0	  0	  0	  0	  0	  0	  0	  0	  0	  0	  0	  0	  0	  0	 76	 70	 75	 83	  0	 55	  0	  0	  0	  0	  0	  0	  0	  0	  0	  0	  0	  5	20550	  0
02/02/2017	16:16:06	->	L	00000000	 23	 86	 72	 56	  0	 23	  0	  4	  4	  4	  4	  4	  4	  4	  4	  0	  0	  0	  0	  0	  0	  0	  0	  0	  0	  0	  0	  0	  0	  0	  0	  0	  0	  0	  0	  0	  0	  0	  0	 77	 72	 81	 86	  0	 53	  0	  0	  0	  0	  0	  0	  0	  0	  0	  0	  0	  5	20550	  0
02/02/2017	16:21:06	->	L	00000000	 23	 86	 71	 52	  0	 28	  0	  4	  4	  4	  4	  4	  4	  4	  4	  0	  0	  0	  0	  0	  0	  0	  0	  0	  0	  0	  0	  0	  0	  0	  0	  0	  0	  0	  0	  0	  0	  0	  0	 77	 71	 76	 86	  0	 52	  0	  0	  0	  0	  0	  0	  0	  0	  0	  0	  0	  5	20550	  0
02/02/2017	16:26:06	->	L	00000000	 23	 85	 71	 56	  0	 33	  0	  4	  4	  4	  4	  4	  4	  4	  4	  0	  0	  0	  0	  0	  0	  0	  0	  0	  0	  0	  0	  0	  0	  0	  0	  0	  0	  0	  0	  0	  0	  0	  0	 77	 71	 76	 85	  0	 53	  0	  0	  0	  0	  0	  0	  0	  0	  0	  0	  0	  5	20550	  0
02/02/2017	16:31:06	->	L	00000000	 23	 82	 71	 58	  0	 38	  0	  4	  4	  4	  4	  4	  4	  4	  4	  0	  0	  0	  0	  0	  0	  0	  0	  0	  0	  0	  0	  0	  0	  0	  0	  0	  0	  0	  0	  0	  0	  0	  0	 77	 71	 76	 82	  0	 61	  0	  0	  0	  0	  0	  0	  0	  0	  0	  0	  0	  5	20550	  0
