23/07/2017	14:31:55	  	L	00000000	 10	 19	 16	 82	  0	  2	  0	  6	  6	  6	  6	  6	  6	  6	  6	  0	  0	  0	  0	  0	  0	  0	  0	  0	  0	  0	  0	  0	  0	  0	  0	  0	  0	  0	  0	  0	  0	  0	  0	 18	 16	 88	 19	  0	 82	  0	  0	  0	  0	  0	  0	  0	  0	  0	  0	  0	  5	4883	  1
23/07/2017	14:36:55	->	L	00000000	 10	 19	 16	 82	  0	  7	  0	  6	  6	  6	  6	  6	  6	  6	  6	  0	  0	  0	  0	  0	  0	  0	  0	  0	  0	  0	  0	  0	  0	  0	  0	  0	  0	  0	  0	  0	  0	  0	  0	 18	 16	 88	 19	  0	 82	  0	  0	  0	  0	  0	  0	  0	  0	  0	  0	  0	  5	5140	  1
23/07/2017	14:41:55	->	L	00000000	 10	 19	 16	 82	  0	 12	  0	  6	  6	  6	  6	  6	  6	  6	  6	  0	  0	  0	  0	  0	  0	  0	  0	  0	  0	  0	  0	  0	  0	  0	  0	  0	  0	  0	  0	  0	  0	  0	  0	 18	 16	 88	 19	  0	 82	  0	  0	  0	  0	  0	  0	  0	  0	  0	  0	  0	  5	5140	  1
23/07/2017	14:46:55	->	L	00000000	 10	 19	 16	 82	  0	 17	  0	  6	  6	  6	  6	  6	  6	  6	  6	  0	  0	  0	  0	  0	  0	  0	  0	  0	  0	  0	  0	  0	  0	  0	  0	  0	  0	  0	  0	  0	  0	  0	  0	 18	 16	 88	 19	  0	 82	  0	  0	  0	  0	  0	  0	  0	  0	  0	  0	  0	  5	5397	  1
23/07/2017	14:51:55	->	L	00000000	 10	 19	 16	 82	  0	 22	  0	  6	  6	  6	  6	  6	  6	  6	  6	  0	  0	  0	  0	  0	  0	  0	  0	  0	  0	  0	  0	  0	  0	  0	  0	  0	  0	  0	  0	  0	  0	  0	  0	 18	 16	 88	 19	  0	 82	  0	  0	  0	  0	  0	  0	  0	  0	  0	  0	  0	  5	5654	  1
23/07/2017	14:56:55	->	L	00000000	 10	 19	 16	 82	  0	 27	  0	  6	  6	  6	  6	  6	  6	  6	  6	  0	  0	  0	  0	  0	  0	  0	  0	  0	  0	  0	  0	  0	  0	  0	  0	  0	  0	  0	  0	  0	  0	  0	  0	 18	 16	 88	 19	  0	 82	  0	  0	  0	  0	  0	  0	  0	  0	  0	  0	  0	  5	5654	  1
23/07/2017	15:01:55	->	L	00000000	 10	 19	 16	 82	  0	 32	  0	  6	  6	  6	  6	  6	  6	  6	  6	  0	  0	  0	  0	  0	  0	  0	  0	  0	  0	  0	  0	  0	  0	  0	  0	  0	  0	  0	  0	  0	  0	  0	  0	 19	 16	 82	 19	  0	 82	  0	  0	  0	  0	  0	  0	  0	  0	  0	  0	  0	  5	5911	  1
23/07/2017	15:06:55	->	L	00000000	 10	 19	 16	 82	  0	 37	  0	  6	  6	  6	  6	  6	  6	  6	  6	  0	  0	  0	  0	  0	  0	  0	  0	  0	  0	  0	  0	  0	  0	  0	  0	  0	  0	  0	  0	  0	  0	  0	  0	 18	 16	 88	 19	  0	 82	  0	  0	  0	  0	  0	  0	  0	  0	  0	  0	  0	  5	6168	  1
23/07/2017	15:11:55	->	L	00000000	 10	 19	 16	 82	  0	 42	  0	  6	  6	  6	  6	  6	  6	  6	  6	  0	  0	  0	  0	  0	  0	  0	  0	  0	  0	  0	  0	  0	  0	  0	  0	  0	  0	  0	  0	  0	  0	  0	  0	 19	 16	 82	 19	  0	 82	  0	  0	  0	  0	  0	  0	  0	  0	  0	  0	  0	  5	6425	  1
23/07/2017	15:16:55	->	L	00000000	 10	 19	 16	 82	  0	 47	  0	  6	  6	  6	  6	  6	  6	  6	  6	  0	  0	  0	  0	  0	  0	  0	  0	  0	  0	  0	  0	  0	  0	  0	  0	  0	  0	  0	  0	  0	  0	  0	  0	 19	 16	 82	 19	  0	 82	  0	  0	  0	  0	  0	  0	  0	  0	  0	  0	  0	  5	6425	  1
23/07/2017	15:21:55	->	L	00000000	 10	 19	 16	 82	  0	 52	  0	  6	  6	  6	  6	  6	  6	  6	  6	  0	  0	  0	  0	  0	  0	  0	  0	  0	  0	  0	  0	  0	  0	  0	  0	  0	  0	  0	  0	  0	  0	  0	  0	 19	 16	 82	 19	  0	 82	  0	  0	  0	  0	  0	  0	  0	  0	  0	  0	  0	  5	6682	  1
23/07/2017	15:26:55	->	L	00000000	 10	 19	 16	 88	  0	 57	  0	  6	  6	  6	  6	  6	  6	  6	  6	  0	  0	  0	  0	  0	  0	  0	  0	  0	  0	  0	  0	  0	  0	  0	  0	  0	  0	  0	  0	  0	  0	  0	  0	 19	 17	 82	 19	  0	 82	  0	  0	  0	  0	  0	  0	  0	  0	  0	  0	  0	  5	6939	  1
23/07/2017	15:31:55	->	L	00000000	 10	 19	 17	 88	  0	 62	  0	  6	  6	  6	  6	  6	  6	  6	  6	  0	  0	  0	  0	  0	  0	  0	  0	  0	  0	  0	  0	  0	  0	  0	  0	  0	  0	  0	  0	  0	  0	  0	  0	 19	 17	 88	 19	  0	 88	  0	  0	  0	  0	  0	  0	  0	  0	  0	  0	  0	  5	7196	  1
23/07/2017	15:36:56	->	L	00000000	 10	 19	 17	 88	  0	 67	  0	  6	  6	  6	  6	  6	  6	  6	  6	  0	  0	  0	  0	  0	  0	  0	  0	  0	  0	  0	  0	  0	  0	  0	  0	  0	  0	  0	  0	  0	  0	  0	  0	 19	 17	 88	 19	  0	 88	  0	  0	  0	  0	  0	  0	  0	  0	  0	  0	  0	  5	7196	  1
23/07/2017	15:41:56	->	L	00000000	 10	 20	 17	 82	  0	 72	  0	  6	  6	  6	  6	  6	  6	  6	  6	  0	  0	  0	  0	  0	  0	  0	  0	  0	  0	  0	  0	  0	  0	  0	  0	  0	  0	  0	  0	  0	  0	  0	  0	 19	 17	 88	 20	  0	 82	  0	  0	  0	  0	  0	  0	  0	  0	  0	  0	  0	  5	7453	  1
23/07/2017	15:46:56	->	L	00000000	 10	 20	 17	 88	  0	 77	  0	  6	  6	  6	  6	  6	  6	  6	  6	  0	  0	  0	  0	  0	  0	  0	  0	  0	  0	  0	  0	  0	  0	  0	  0	  0	  0	  0	  0	  0	  0	  0	  0	 19	 17	 88	 20	  0	 82	  0	  0	  0	  0	  0	  0	  0	  0	  0	  0	  0	  5	7710	  1
23/07/2017	15:51:56	->	L	00000000	 10	 20	 17	 82	  0	 82	  0	  6	  6	  6	  6	  6	  6	  6	  6	  0	  0	  0	  0	  0	  0	  0	  0	  0	  0	  0	  0	  0	  0	  0	  0	  0	  0	  0	  0	  0	  0	  0	  0	 19	 17	 88	 20	  0	 82	  0	  0	  0	  0	  0	  0	  0	  0	  0	  0	  0	  5	7710	  1
23/07/2017	15:56:56	->	L	00000000	 10	 19	 17	 88	  0	 87	  0	  6	  6	  6	  6	  6	  6	  6	  6	  0	  0	  0	  0	  0	  0	  0	  0	  0	  0	  0	  0	  0	  0	  0	  0	  0	  0	  0	  0	  0	  0	  0	  0	 19	 17	 88	 19	  0	 88	  0	  0	  0	  0	  0	  0	  0	  0	  0	  0	  0	  5	7967	  1
23/07/2017	16:01:56	->	L	00000000	 10	 20	 17	 82	  0	 92	  0	  6	  6	  6	  6	  6	  6	  6	  6	  0	  0	  0	  0	  0	  0	  0	  0	  0	  0	  0	  0	  0	  0	  0	  0	  0	  0	  0	  0	  0	  0	  0	  0	 19	 17	 88	 20	  0	 82	  0	  0	  0	  0	  0	  0	  0	  0	  0	  0	  0	  5	8224	  1
23/07/2017	16:06:56	->	L	00000000	 10	 20	 17	 88	  0	 97	  0	  6	  6	  6	  6	  6	  6	  6	  6	  0	  0	  0	  0	  0	  0	  0	  0	  0	  0	  0	  0	  0	  0	  0	  0	  0	  0	  0	  0	  0	  0	  0	  0	 19	 17	 88	 20	  0	 82	  0	  0	  0	  0	  0	  0	  0	  0	  0	  0	  0	  5	8481	  1
23/07/2017	16:11:56	->	L	00000000	 10	 20	 17	 82	  0	102	  0	  6	  6	  6	  6	  6	  6	  6	  6	  0	  0	  0	  0	  0	  0	  0	  0	  0	  0	  0	  0	  0	  0	  0	  0	  0	  0	  0	  0	  0	  0	  0	  0	 19	 17	 88	 20	  0	 82	  0	  0	  0	  0	  0	  0	  0	  0	  0	  0	  0	  5	8481	  1
23/07/2017	16:16:56	->	L	00000000	 10	 20	 17	 82	  0	107	  0	  6	  6	  6	  6	  6	  6	  6	  6	  0	  0	  0	  0	  0	  0	  0	  0	  0	  0	  0	  0	  0	  0	  0	  0	  0	  0	  0	  0	  0	  0	  0	  0	 19	 17	 88	 20	  0	 82	  0	  0	  0	  0	  0	  0	  0	  0	  0	  0	  0	  5	8738	  1
23/07/2017	16:21:57	->	L	00000000	 10	 20	 17	 82	  0	112	  0	  6	  6	  6	  6	  6	  6	  6	  6	  0	  0	  0	  0	  0	  0	  0	  0	  0	  0	  0	  0	  0	  0	  0	  0	  0	  0	  0	  0	  0	  0	  0	  0	 19	 17	 88	 20	  0	 82	  0	  0	  0	  0	  0	  0	  0	  0	  0	  0	  0	  5	8995	  1
23/07/2017	16:26:56	->	L	00000000	 10	 20	 17	 82	  0	117	  0	  6	  6	  6	  6	  6	  6	  6	  6	  0	  0	  0	  0	  0	  0	  0	  0	  0	  0	  0	  0	  0	  0	  0	  0	  0	  0	  0	  0	  0	  0	  0	  0	 19	 17	 88	 20	  0	 82	  0	  0	  0	  0	  0	  0	  0	  0	  0	  0	  0	  5	8995	  1
23/07/2017	16:31:56	->	L	00000000	 10	 20	 17	 82	  0	122	  0	  6	  6	  6	  6	  6	  6	  6	  6	  0	  0	  0	  0	  0	  0	  0	  0	  0	  0	  0	  0	  0	  0	  0	  0	  0	  0	  0	  0	  0	  0	  0	  0	 19	 17	 88	 20	  0	 82	  0	  0	  0	  0	  0	  0	  0	  0	  0	  0	  0	  5	9252	  1
23/07/2017	16:36:56	->	L	00000000	 10	 20	 17	 82	  0	127	  0	  6	  6	  6	  6	  6	  6	  6	  6	  0	  0	  0	  0	  0	  0	  0	  0	  0	  0	  0	  0	  0	  0	  0	  0	  0	  0	  0	  0	  0	  0	  0	  0	 19	 17	 88	 20	  0	 82	  0	  0	  0	  0	  0	  0	  0	  0	  0	  0	  0	  5	9509	  1
23/07/2017	16:41:56	->	L	00000000	 10	 20	 17	 82	  0	132	  0	  6	  6	  6	  6	  6	  6	  6	  6	  0	  0	  0	  0	  0	  0	  0	  0	  0	  0	  0	  0	  0	  0	  0	  0	  0	  0	  0	  0	  0	  0	  0	  0	 19	 17	 88	 20	  0	 82	  0	  0	  0	  0	  0	  0	  0	  0	  0	  0	  0	  5	9766	  1
23/07/2017	16:46:57	->	L	00000000	 10	 20	 17	 82	  0	137	  0	  6	  6	  6	  6	  6	  6	  6	  6	  0	  0	  0	  0	  0	  0	  0	  0	  0	  0	  0	  0	  0	  0	  0	  0	  0	  0	  0	  0	  0	  0	  0	  0	 19	 17	 88	 20	  0	 82	  0	  0	  0	  0	  0	  0	  0	  0	  0	  0	  0	  5	9766	  1
23/07/2017	16:51:57	->	L	00000000	 10	 20	 17	 82	  0	142	  0	  6	  6	  6	  6	  6	  6	  6	  6	  0	  0	  0	  0	  0	  0	  0	  0	  0	  0	  0	  0	  0	  0	  0	  0	  0	  0	  0	  0	  0	  0	  0	  0	 19	 17	 88	 20	  0	 82	  0	  0	  0	  0	  0	  0	  0	  0	  0	  0	  0	  5	10023	  1
23/07/2017	16:56:57	->	L	00000000	 10	 20	 17	 82	  0	147	  0	  6	  6	  6	  6	  6	  6	  6	  6	  0	  0	  0	  0	  0	  0	  0	  0	  0	  0	  0	  0	  0	  0	  0	  0	  0	  0	  0	  0	  0	  0	  0	  0	 19	 17	 88	 20	  0	 82	  0	  0	  0	  0	  0	  0	  0	  0	  0	  0	  0	  5	10280	  1
23/07/2017	17:01:57	->	L	00000000	 10	 20	 17	 82	  0	152	  0	  6	  6	  6	  6	  6	  6	  6	  6	  0	  0	  0	  0	  0	  0	  0	  0	  0	  0	  0	  0	  0	  0	  0	  0	  0	  0	  0	  0	  0	  0	  0	  0	 19	 17	 88	 20	  0	 82	  0	  0	  0	  0	  0	  0	  0	  0	  0	  0	  0	  5	10537	  1
23/07/2017	17:06:57	->	L	00000000	 10	 20	 17	 82	  0	157	  0	  6	  6	  6	  6	  6	  6	  6	  6	  0	  0	  0	  0	  0	  0	  0	  0	  0	  0	  0	  0	  0	  0	  0	  0	  0	  0	  0	  0	  0	  0	  0	  0	 19	 17	 88	 20	  0	 82	  0	  0	  0	  0	  0	  0	  0	  0	  0	  0	  0	  5	10537	  1
23/07/2017	17:11:57	->	L	00000000	 10	 20	 17	 82	  0	162	  0	  6	  6	  6	  6	  6	  6	  6	  6	  0	  0	  0	  0	  0	  0	  0	  0	  0	  0	  0	  0	  0	  0	  0	  0	  0	  0	  0	  0	  0	  0	  0	  0	 19	 17	 88	 20	  0	 82	  0	  0	  0	  0	  0	  0	  0	  0	  0	  0	  0	  5	10794	  1
23/07/2017	17:16:57	->	L	00000000	 10	 20	 17	 82	  0	167	  0	  6	  6	  6	  6	  6	  6	  6	  6	  0	  0	  0	  0	  0	  0	  0	  0	  0	  0	  0	  0	  0	  0	  0	  0	  0	  0	  0	  0	  0	  0	  0	  0	 19	 17	 88	 20	  0	 82	  0	  0	  0	  0	  0	  0	  0	  0	  0	  0	  0	  5	11051	  1
23/07/2017	17:21:57	->	L	00000000	 10	 20	 17	 82	  0	172	  0	  6	  6	  6	  6	  6	  6	  6	  6	  0	  0	  0	  0	  0	  0	  0	  0	  0	  0	  0	  0	  0	  0	  0	  0	  0	  0	  0	  0	  0	  0	  0	  0	 19	 17	 88	 20	  0	 82	  0	  0	  0	  0	  0	  0	  0	  0	  0	  0	  0	  5	11051	  1
23/07/2017	17:26:57	->	L	00000000	 10	 20	 17	 82	  0	177	  0	  6	  6	  6	  6	  6	  6	  6	  6	  0	  0	  0	  0	  0	  0	  0	  0	  0	  0	  0	  0	  0	  0	  0	  0	  0	  0	  0	  0	  0	  0	  0	  0	 19	 17	 88	 20	  0	 82	  0	  0	  0	  0	  0	  0	  0	  0	  0	  0	  0	  5	11308	  1
23/07/2017	17:31:57	->	L	00000000	 10	 20	 17	 82	  0	182	  0	  6	  6	  6	  6	  6	  6	  6	  6	  0	  0	  0	  0	  0	  0	  0	  0	  0	  0	  0	  0	  0	  0	  0	  0	  0	  0	  0	  0	  0	  0	  0	  0	 19	 17	 88	 20	  0	 82	  0	  0	  0	  0	  0	  0	  0	  0	  0	  0	  0	  5	11565	  1
23/07/2017	17:36:57	<-	L	00000000	 10	 20	 17	 82	  0	187	  0	  6	  6	  6	  6	  6	  6	  6	  6	  0	  0	  0	  0	  0	  0	  0	  0	  0	  0	  0	  0	  0	  0	  0	  0	  0	  0	  0	  0	  0	  0	  0	  0	 19	 17	 88	 20	  0	 82	  0	  0	  0	  0	  0	  0	  0	  0	  0	  0	  0	  5	11822	  1
23/07/2017	17:41:57	<-	L	00000000	 10	 20	 17	 82	  0	192	  0	  6	  6	  6	  6	  6	  6	  6	  6	  0	  0	  0	  0	  0	  0	  0	  0	  0	  0	  0	  0	  0	  0	  0	  0	  0	  0	  0	  0	  0	  0	  0	  0	 19	 17	 88	 20	  0	 82	  0	  0	  0	  0	  0	  0	  0	  0	  0	  0	  0	  5	11822	  1
23/07/2017	17:46:57	<-	L	00000000	 10	 20	 17	 82	  0	197	  0	  6	  6	  6	  6	  6	  6	  6	  6	  0	  0	  0	  0	  0	  0	  0	  0	  0	  0	  0	  0	  0	  0	  0	  0	  0	  0	  0	  0	  0	  0	  0	  0	 19	 17	 88	 20	  0	 82	  0	  0	  0	  0	  0	  0	  0	  0	  0	  0	  0	  5	12079	  1
23/07/2017	18:21:58	  	L	00000000	 10	 20	 17	 82	  0	203	  0	  6	  6	  6	  6	  6	  6	  6	  6	  0	  0	  0	  0	  0	  0	  0	  0	  0	  0	  0	  0	  0	  0	  0	  0	  0	  0	  0	  0	  0	  0	  0	  0	 19	 17	 88	 20	  0	 82	  0	  0	  0	  0	  0	  0	  0	  0	  0	  0	  0	  5	12336	  1
23/07/2017	18:26:58	<-	L	00000000	 10	 21	 17	 76	  0	208	  0	  6	  6	  6	  6	  6	  6	  6	  6	  0	  0	  0	  0	  0	  0	  0	  0	  0	  0	  0	  0	  0	  0	  0	  0	  0	  0	  0	  0	  0	  0	  0	  0	 19	 17	 88	 21	  0	 76	  0	  0	  0	  0	  0	  0	  0	  0	  0	  0	  0	  5	12593	  1
23/07/2017	18:31:58	<-	L	00000000	 10	 20	 17	 82	  0	213	  0	  6	  6	  6	  6	  6	  6	  6	  6	  0	  0	  0	  0	  0	  0	  0	  0	  0	  0	  0	  0	  0	  0	  0	  0	  0	  0	  0	  0	  0	  0	  0	  0	 19	 17	 88	 20	  0	 82	  0	  0	  0	  0	  0	  0	  0	  0	  0	  0	  0	  5	12593	  1
23/07/2017	18:36:58	<-	L	00000000	 10	 21	 17	 76	  0	218	  0	  6	  6	  6	  6	  6	  6	  6	  6	  0	  0	  0	  0	  0	  0	  0	  0	  0	  0	  0	  0	  0	  0	  0	  0	  0	  0	  0	  0	  0	  0	  0	  0	 19	 17	 88	 21	  0	 76	  0	  0	  0	  0	  0	  0	  0	  0	  0	  0	  0	  5	12850	  1
23/07/2017	18:41:58	<-	L	00000000	 10	 20	 17	 82	  0	223	  0	  6	  6	  6	  6	  6	  6	  6	  6	  0	  0	  0	  0	  0	  0	  0	  0	  0	  0	  0	  0	  0	  0	  0	  0	  0	  0	  0	  0	  0	  0	  0	  0	 19	 17	 88	 20	  0	 82	  0	  0	  0	  0	  0	  0	  0	  0	  0	  0	  0	  5	13107	  1
23/07/2017	18:46:58	<-	L	00000000	 10	 20	 17	 82	  0	228	  0	  6	  6	  6	  6	  6	  6	  6	  6	  0	  0	  0	  0	  0	  0	  0	  0	  0	  0	  0	  0	  0	  0	  0	  0	  0	  0	  0	  0	  0	  0	  0	  0	 19	 17	 88	 20	  0	 82	  0	  0	  0	  0	  0	  0	  0	  0	  0	  0	  0	  5	13364	  1
23/07/2017	18:51:59	<-	L	00000000	 10	 20	 17	 82	  0	233	  0	  6	  6	  6	  6	  6	  6	  6	  6	  0	  0	  0	  0	  0	  0	  0	  0	  0	  0	  0	  0	  0	  0	  0	  0	  0	  0	  0	  0	  0	  0	  0	  0	 19	 17	 88	 20	  0	 82	  0	  0	  0	  0	  0	  0	  0	  0	  0	  0	  0	  5	13364	  1
23/07/2017	18:56:58	<-	L	00000000	 10	 21	 17	 76	  0	238	  0	  6	  6	  6	  6	  6	  6	  6	  6	  0	  0	  0	  0	  0	  0	  0	  0	  0	  0	  0	  0	  0	  0	  0	  0	  0	  0	  0	  0	  0	  0	  0	  0	 19	 17	 88	 21	  0	 76	  0	  0	  0	  0	  0	  0	  0	  0	  0	  0	  0	  5	13621	  1
23/07/2017	19:01:58	<-	L	00000000	 10	 20	 17	 82	  0	243	  0	  6	  6	  6	  6	  6	  6	  6	  6	  0	  0	  0	  0	  0	  0	  0	  0	  0	  0	  0	  0	  0	  0	  0	  0	  0	  0	  0	  0	  0	  0	  0	  0	 19	 17	 88	 20	  0	 82	  0	  0	  0	  0	  0	  0	  0	  0	  0	  0	  0	  5	13878	  1
23/07/2017	19:06:58	<-	L	00000000	 10	 20	 17	 88	  0	248	  0	  6	  6	  6	  6	  6	  6	  6	  6	  0	  0	  0	  0	  0	  0	  0	  0	  0	  0	  0	  0	  0	  0	  0	  0	  0	  0	  0	  0	  0	  0	  0	  0	 20	 17	 82	 20	  0	 82	  0	  0	  0	  0	  0	  0	  0	  0	  0	  0	  0	  5	14135	  1
23/07/2017	19:11:58	<-	L	00000000	 10	 20	 17	 88	  0	253	  0	  6	  6	  6	  6	  6	  6	  6	  6	  0	  0	  0	  0	  0	  0	  0	  0	  0	  0	  0	  0	  0	  0	  0	  0	  0	  0	  0	  0	  0	  0	  0	  0	 20	 17	 82	 20	  0	 82	  0	  0	  0	  0	  0	  0	  0	  0	  0	  0	  0	  5	14135	  1
23/07/2017	19:16:59	<-	L	00000000	 10	 20	 17	 82	  0	258	  0	  6	  6	  6	  6	  6	  6	  6	  6	  0	  0	  0	  0	  0	  0	  0	  0	  0	  0	  0	  0	  0	  0	  0	  0	  0	  0	  0	  0	  0	  0	  0	  0	 19	 17	 88	 20	  0	 82	  0	  0	  0	  0	  0	  0	  0	  0	  0	  0	  0	  5	14392	  1
23/07/2017	19:21:59	<-	L	00000000	 10	 20	 17	 82	  0	263	  0	  6	  6	  6	  6	  6	  6	  6	  6	  0	  0	  0	  0	  0	  0	  0	  0	  0	  0	  0	  0	  0	  0	  0	  0	  0	  0	  0	  0	  0	  0	  0	  0	 20	 17	 82	 20	  0	 82	  0	  0	  0	  0	  0	  0	  0	  0	  0	  0	  0	  5	14649	  1
23/07/2017	19:26:59	<-	L	00000000	 10	 20	 17	 82	  0	268	  0	  6	  6	  6	  6	  6	  6	  6	  6	  0	  0	  0	  0	  0	  0	  0	  0	  0	  0	  0	  0	  0	  0	  0	  0	  0	  0	  0	  0	  0	  0	  0	  0	 20	 17	 82	 20	  0	 82	  0	  0	  0	  0	  0	  0	  0	  0	  0	  0	  0	  5	14649	  1
23/07/2017	19:32:00	<-	L	00000000	 10	 20	 17	 88	  0	273	  0	  6	  6	  6	  6	  6	  6	  6	  6	  0	  0	  0	  0	  0	  0	  0	  0	  0	  0	  0	  0	  0	  0	  0	  0	  0	  0	  0	  0	  0	  0	  0	  0	 20	 17	 82	 20	  0	 82	  0	  0	  0	  0	  0	  0	  0	  0	  0	  0	  0	  5	14906	  1
23/07/2017	19:36:59	<-	L	00000000	 10	 20	 17	 82	  0	278	  0	  6	  6	  6	  6	  6	  6	  6	  6	  0	  0	  0	  0	  0	  0	  0	  0	  0	  0	  0	  0	  0	  0	  0	  0	  0	  0	  0	  0	  0	  0	  0	  0	 20	 17	 82	 20	  0	 82	  0	  0	  0	  0	  0	  0	  0	  0	  0	  0	  0	  5	15163	  1
23/07/2017	19:41:59	<-	L	00000000	 10	 20	 17	 88	  0	283	  0	  6	  6	  6	  6	  6	  6	  6	  6	  0	  0	  0	  0	  0	  0	  0	  0	  0	  0	  0	  0	  0	  0	  0	  0	  0	  0	  0	  0	  0	  0	  0	  0	 20	 17	 82	 20	  0	 82	  0	  0	  0	  0	  0	  0	  0	  0	  0	  0	  0	  5	15420	  1
23/07/2017	19:46:59	<-	L	00000000	 10	 20	 17	 82	  0	288	  0	  6	  6	  6	  6	  6	  6	  6	  6	  0	  0	  0	  0	  0	  0	  0	  0	  0	  0	  0	  0	  0	  0	  0	  0	  0	  0	  0	  0	  0	  0	  0	  0	 20	 17	 82	 20	  0	 82	  0	  0	  0	  0	  0	  0	  0	  0	  0	  0	  0	  5	15420	  1
23/07/2017	19:52:00	<-	L	00000000	 10	 20	 17	 88	  0	293	  0	  6	  6	  6	  6	  6	  6	  6	  6	  0	  0	  0	  0	  0	  0	  0	  0	  0	  0	  0	  0	  0	  0	  0	  0	  0	  0	  0	  0	  0	  0	  0	  0	 20	 17	 82	 20	  0	 82	  0	  0	  0	  0	  0	  0	  0	  0	  0	  0	  0	  5	15677	  1
23/07/2017	19:56:59	<-	L	00000000	 10	 20	 17	 82	  0	298	  0	  6	  6	  6	  6	  6	  6	  6	  6	  0	  0	  0	  0	  0	  0	  0	  0	  0	  0	  0	  0	  0	  0	  0	  0	  0	  0	  0	  0	  0	  0	  0	  0	 20	 17	 82	 20	  0	 82	  0	  0	  0	  0	  0	  0	  0	  0	  0	  0	  0	  5	15934	  1
23/07/2017	20:01:59	<-	L	00000000	 10	 20	 17	 82	  0	303	  0	  6	  6	  6	  6	  6	  6	  6	  6	  0	  0	  0	  0	  0	  0	  0	  0	  0	  0	  0	  0	  0	  0	  0	  0	  0	  0	  0	  0	  0	  0	  0	  0	 19	 17	 88	 20	  0	 82	  0	  0	  0	  0	  0	  0	  0	  0	  0	  0	  0	  5	16191	  1
23/07/2017	20:06:59	<-	L	00000000	 10	 20	 17	 82	  0	308	  0	  6	  6	  6	  6	  6	  6	  6	  6	  0	  0	  0	  0	  0	  0	  0	  0	  0	  0	  0	  0	  0	  0	  0	  0	  0	  0	  0	  0	  0	  0	  0	  0	 19	 17	 88	 20	  0	 82	  0	  0	  0	  0	  0	  0	  0	  0	  0	  0	  0	  5	16191	  1
23/07/2017	20:11:59	<-	L	00000000	 10	 20	 17	 82	  0	313	  0	  6	  6	  6	  6	  6	  6	  6	  6	  0	  0	  0	  0	  0	  0	  0	  0	  0	  0	  0	  0	  0	  0	  0	  0	  0	  0	  0	  0	  0	  0	  0	  0	 19	 17	 88	 20	  0	 82	  0	  0	  0	  0	  0	  0	  0	  0	  0	  0	  0	  5	16448	  1
23/07/2017	20:16:59	<-	L	00000000	 10	 20	 17	 82	  0	318	  0	  6	  6	  6	  6	  6	  6	  6	  6	  0	  0	  0	  0	  0	  0	  0	  0	  0	  0	  0	  0	  0	  0	  0	  0	  0	  0	  0	  0	  0	  0	  0	  0	 19	 17	 88	 20	  0	 82	  0	  0	  0	  0	  0	  0	  0	  0	  0	  0	  0	  5	16705	  1
23/07/2017	20:21:59	<-	L	00000000	 10	 20	 17	 82	  0	323	  0	  6	  6	  6	  6	  6	  6	  6	  6	  0	  0	  0	  0	  0	  0	  0	  0	  0	  0	  0	  0	  0	  0	  0	  0	  0	  0	  0	  0	  0	  0	  0	  0	 19	 17	 88	 20	  0	 82	  0	  0	  0	  0	  0	  0	  0	  0	  0	  0	  0	  5	16705	  1
23/07/2017	20:27:00	<-	L	00000000	 10	 20	 17	 82	  0	328	  0	  6	  6	  6	  6	  6	  6	  6	  6	  0	  0	  0	  0	  0	  0	  0	  0	  0	  0	  0	  0	  0	  0	  0	  0	  0	  0	  0	  0	  0	  0	  0	  0	 19	 17	 88	 20	  0	 82	  0	  0	  0	  0	  0	  0	  0	  0	  0	  0	  0	  5	16962	  1
23/07/2017	20:32:00	<-	L	00000000	 10	 20	 17	 82	  0	333	  0	  6	  6	  6	  6	  6	  6	  6	  6	  0	  0	  0	  0	  0	  0	  0	  0	  0	  0	  0	  0	  0	  0	  0	  0	  0	  0	  0	  0	  0	  0	  0	  0	 19	 17	 88	 20	  0	 82	  0	  0	  0	  0	  0	  0	  0	  0	  0	  0	  0	  5	17219	  1
23/07/2017	20:37:00	<-	L	00000000	 10	 20	 17	 82	  0	338	  0	  6	  6	  6	  6	  6	  6	  6	  6	  0	  0	  0	  0	  0	  0	  0	  0	  0	  0	  0	  0	  0	  0	  0	  0	  0	  0	  0	  0	  0	  0	  0	  0	 19	 17	 88	 20	  0	 82	  0	  0	  0	  0	  0	  0	  0	  0	  0	  0	  0	  5	17476	  1
23/07/2017	20:42:00	<-	L	00000000	 10	 20	 17	 82	  0	343	  0	  6	  6	  6	  6	  6	  6	  6	  6	  0	  0	  0	  0	  0	  0	  0	  0	  0	  0	  0	  0	  0	  0	  0	  0	  0	  0	  0	  0	  0	  0	  0	  0	 19	 17	 88	 20	  0	 82	  0	  0	  0	  0	  0	  0	  0	  0	  0	  0	  0	  5	17476	  1
23/07/2017	20:47:00	<-	L	00000000	 10	 20	 17	 82	  0	348	  0	  6	  6	  6	  6	  6	  6	  6	  6	  0	  0	  0	  0	  0	  0	  0	  0	  0	  0	  0	  0	  0	  0	  0	  0	  0	  0	  0	  0	  0	  0	  0	  0	 19	 17	 88	 20	  0	 82	  0	  0	  0	  0	  0	  0	  0	  0	  0	  0	  0	  5	17733	  1
23/07/2017	20:52:00	<-	L	00000000	 10	 20	 17	 82	  0	353	  0	  6	  6	  6	  6	  6	  6	  6	  6	  0	  0	  0	  0	  0	  0	  0	  0	  0	  0	  0	  0	  0	  0	  0	  0	  0	  0	  0	  0	  0	  0	  0	  0	 19	 17	 88	 20	  0	 82	  0	  0	  0	  0	  0	  0	  0	  0	  0	  0	  0	  5	17990	  1
23/07/2017	20:57:00	<-	L	00000000	 10	 20	 17	 82	  0	358	  0	  6	  6	  6	  6	  6	  6	  6	  6	  0	  0	  0	  0	  0	  0	  0	  0	  0	  0	  0	  0	  0	  0	  0	  0	  0	  0	  0	  0	  0	  0	  0	  0	 19	 17	 88	 20	  0	 82	  0	  0	  0	  0	  0	  0	  0	  0	  0	  0	  0	  5	17990	  1
23/07/2017	21:02:00	<-	L	00000000	 10	 20	 17	 82	  0	363	  0	  6	  6	  6	  6	  6	  6	  6	  6	  0	  0	  0	  0	  0	  0	  0	  0	  0	  0	  0	  0	  0	  0	  0	  0	  0	  0	  0	  0	  0	  0	  0	  0	 19	 17	 88	 20	  0	 82	  0	  0	  0	  0	  0	  0	  0	  0	  0	  0	  0	  5	18247	  1
23/07/2017	21:07:01	->	L	00000000	 10	 20	 17	 82	  0	368	  0	  6	  6	  6	  6	  6	  6	  6	  6	  0	  0	  0	  0	  0	  0	  0	  0	  0	  0	  0	  0	  0	  0	  0	  0	  0	  0	  0	  0	  0	  0	  0	  0	 19	 17	 88	 20	  0	 82	  0	  0	  0	  0	  0	  0	  0	  0	  0	  0	  0	  5	18504	  1
23/07/2017	21:12:00	->	L	00000000	 10	 20	 17	 82	  0	373	  0	  6	  6	  6	  6	  6	  6	  6	  6	  0	  0	  0	  0	  0	  0	  0	  0	  0	  0	  0	  0	  0	  0	  0	  0	  0	  0	  0	  0	  0	  0	  0	  0	 19	 17	 88	 20	  0	 82	  0	  0	  0	  0	  0	  0	  0	  0	  0	  0	  0	  5	18761	  1
23/07/2017	21:17:00	->	L	00000000	 10	 20	 17	 82	  0	378	  0	  6	  6	  6	  6	  6	  6	  6	  6	  0	  0	  0	  0	  0	  0	  0	  0	  0	  0	  0	  0	  0	  0	  0	  0	  0	  0	  0	  0	  0	  0	  0	  0	 19	 17	 88	 20	  0	 82	  0	  0	  0	  0	  0	  0	  0	  0	  0	  0	  0	  5	18761	  1
23/07/2017	21:22:00	->	L	00000000	 10	 20	 17	 82	  0	383	  0	  6	  6	  6	  6	  6	  6	  6	  6	  0	  0	  0	  0	  0	  0	  0	  0	  0	  0	  0	  0	  0	  0	  0	  0	  0	  0	  0	  0	  0	  0	  0	  0	 19	 17	 88	 20	  0	 82	  0	  0	  0	  0	  0	  0	  0	  0	  0	  0	  0	  5	19018	  1
23/07/2017	21:27:00	->	L	00000000	 10	 20	 17	 82	  0	388	  0	  6	  6	  6	  6	  6	  6	  6	  6	  0	  0	  0	  0	  0	  0	  0	  0	  0	  0	  0	  0	  0	  0	  0	  0	  0	  0	  0	  0	  0	  0	  0	  0	 19	 17	 88	 20	  0	 82	  0	  0	  0	  0	  0	  0	  0	  0	  0	  0	  0	  5	19275	  1
23/07/2017	21:32:00	->	L	00000000	 10	 20	 17	 82	  0	393	  0	  6	  6	  6	  6	  6	  6	  6	  6	  0	  0	  0	  0	  0	  0	  0	  0	  0	  0	  0	  0	  0	  0	  0	  0	  0	  0	  0	  0	  0	  0	  0	  0	 19	 17	 88	 20	  0	 82	  0	  0	  0	  0	  0	  0	  0	  0	  0	  0	  0	  5	19532	  1
23/07/2017	21:37:00	->	L	00000000	 10	 20	 17	 82	  0	398	  0	  6	  6	  6	  6	  6	  6	  6	  6	  0	  0	  0	  0	  0	  0	  0	  0	  0	  0	  0	  0	  0	  0	  0	  0	  0	  0	  0	  0	  0	  0	  0	  0	 19	 17	 88	 20	  0	 82	  0	  0	  0	  0	  0	  0	  0	  0	  0	  0	  0	  5	19532	  1
23/07/2017	21:42:01	->	L	00000000	 10	 20	 17	 82	  0	403	  0	  6	  6	  6	  6	  6	  6	  6	  6	  0	  0	  0	  0	  0	  0	  0	  0	  0	  0	  0	  0	  0	  0	  0	  0	  0	  0	  0	  0	  0	  0	  0	  0	 19	 17	 88	 20	  0	 82	  0	  0	  0	  0	  0	  0	  0	  0	  0	  0	  0	  5	19789	  1
23/07/2017	21:47:01	->	L	00000000	 10	 20	 17	 82	  0	408	  0	  6	  6	  6	  6	  6	  6	  6	  6	  0	  0	  0	  0	  0	  0	  0	  0	  0	  0	  0	  0	  0	  0	  0	  0	  0	  0	  0	  0	  0	  0	  0	  0	 19	 17	 88	 20	  0	 82	  0	  0	  0	  0	  0	  0	  0	  0	  0	  0	  0	  5	20046	  1
23/07/2017	21:52:01	->	L	00000000	 10	 20	 17	 82	  0	413	  0	  6	  6	  6	  6	  6	  6	  6	  6	  0	  0	  0	  0	  0	  0	  0	  0	  0	  0	  0	  0	  0	  0	  0	  0	  0	  0	  0	  0	  0	  0	  0	  0	 19	 17	 88	 20	  0	 82	  0	  0	  0	  0	  0	  0	  0	  0	  0	  0	  0	  5	20046	  1
23/07/2017	21:57:01	->	L	00000000	 10	 20	 17	 82	  0	418	  0	  6	  6	  6	  6	  6	  6	  6	  6	  0	  0	  0	  0	  0	  0	  0	  0	  0	  0	  0	  0	  0	  0	  0	  0	  0	  0	  0	  0	  0	  0	  0	  0	 19	 17	 88	 20	  0	 82	  0	  0	  0	  0	  0	  0	  0	  0	  0	  0	  0	  5	20303	  1
23/07/2017	22:02:01	->	L	00000000	 21	 20	 17	 82	  0	  2	  0	  6	  6	  6	  6	  6	  6	  6	  6	  0	  0	  0	  0	  0	  0	  0	  0	  0	  0	  0	  0	  0	  0	  0	  0	  0	  0	  0	  0	  0	  0	  0	  0	 19	 17	 88	 20	  0	 82	  0	  0	  0	  0	  0	  0	  0	  0	  0	  0	  0	  5	21830	  0
23/07/2017	22:07:01	->	L	00000000	 21	 20	 17	 82	  0	  7	  0	  6	  6	  6	  6	  6	  6	  6	  6	  0	  0	  0	  0	  0	  0	  0	  0	  0	  0	  0	  0	  0	  0	  0	  0	  0	  0	  0	  0	  0	  0	  0	  0	 19	 17	 88	 20	  0	 82	  0	  0	  0	  0	  0	  0	  0	  0	  0	  0	  0	  5	21830	  0
23/07/2017	22:12:02	->	L	00000000	 21	 20	 17	 82	  0	 12	  0	  6	  6	  6	  6	  6	  6	  6	  6	  0	  0	  0	  0	  0	  0	  0	  0	  0	  0	  0	  0	  0	  0	  0	  0	  0	  0	  0	  0	  0	  0	  0	  0	 19	 17	 88	 20	  0	 82	  0	  0	  0	  0	  0	  0	  0	  0	  0	  0	  0	  5	21830	  0
23/07/2017	22:17:01	->	L	00000000	 21	 20	 17	 82	  0	 17	  0	  6	  6	  6	  6	  6	  6	  6	  6	  0	  0	  0	  0	  0	  0	  0	  0	  0	  0	  0	  0	  0	  0	  0	  0	  0	  0	  0	  0	  0	  0	  0	  0	 19	 17	 88	 20	  0	 82	  0	  0	  0	  0	  0	  0	  0	  0	  0	  0	  0	  5	21830	  0
23/07/2017	22:22:01	->	L	00000000	 21	 20	 17	 82	  0	 22	  0	  6	  6	  6	  6	  6	  6	  6	  6	  0	  0	  0	  0	  0	  0	  0	  0	  0	  0	  0	  0	  0	  0	  0	  0	  0	  0	  0	  0	  0	  0	  0	  0	 19	 17	 88	 20	  0	 82	  0	  0	  0	  0	  0	  0	  0	  0	  0	  0	  0	  5	21830	  0
23/07/2017	22:27:01	->	L	00000000	 21	 20	 17	 82	  0	 27	  0	  6	  6	  6	  6	  6	  6	  6	  6	  0	  0	  0	  0	  0	  0	  0	  0	  0	  0	  0	  0	  0	  0	  0	  0	  0	  0	  0	  0	  0	  0	  0	  0	 19	 17	 88	 20	  0	 82	  0	  0	  0	  0	  0	  0	  0	  0	  0	  0	  0	  5	21830	  0
23/07/2017	22:32:02	  	L	00000000	 21	 20	 17	 82	  0	 31	  0	  6	  6	  6	  6	  6	  6	  6	  6	  0	  0	  0	  0	  0	  0	  0	  0	  0	  0	  0	  0	  0	  0	  0	  0	  0	  0	  0	  0	  0	  0	  0	  0	 19	 17	 88	 20	  0	 82	  0	  0	  0	  0	  0	  0	  0	  0	  0	  0	  0	  5	21830	  0
23/07/2017	22:37:01	  	L	00000000	 21	 21	 17	 82	  0	 31	  0	  6	  6	  6	  6	  6	  6	  6	  6	  0	  0	  0	  0	  0	  0	  0	  0	  0	  0	  0	  0	  0	  0	  0	  0	  0	  0	  0	  0	  0	  0	  0	  0	 19	 17	 88	 21	  0	 76	  0	  0	  0	  0	  0	  0	  0	  0	  0	  0	  0	  5	21830	  0
23/07/2017	22:42:01	  	L	00000000	 21	 20	 17	 76	  0	 31	  0	  6	  6	  6	  6	  6	  6	  6	  6	  0	  0	  0	  0	  0	  0	  0	  0	  0	  0	  0	  0	  0	  0	  0	  0	  0	  0	  0	  0	  0	  0	  0	  0	 19	 17	 88	 20	  0	 82	  0	  0	  0	  0	  0	  0	  0	  0	  0	  0	  0	  5	21830	  0
23/07/2017	22:47:02	  	L	00000000	 21	 20	 17	 82	  0	 31	  0	  6	  6	  6	  6	  6	  6	  6	  6	  0	  0	  0	  0	  0	  0	  0	  0	  0	  0	  0	  0	  0	  0	  0	  0	  0	  0	  0	  0	  0	  0	  0	  0	 19	 17	 88	 20	  0	 82	  0	  0	  0	  0	  0	  0	  0	  0	  0	  0	  0	  5	21830	  0
23/07/2017	22:52:01	  	L	00000000	 21	 20	 17	 82	  0	 31	  0	  6	  6	  6	  6	  6	  6	  6	  6	  0	  0	  0	  0	  0	  0	  0	  0	  0	  0	  0	  0	  0	  0	  0	  0	  0	  0	  0	  0	  0	  0	  0	  0	 19	 17	 88	 20	  0	 82	  0	  0	  0	  0	  0	  0	  0	  0	  0	  0	  0	  5	21830	  0
23/07/2017	22:57:02	  	L	00000000	 21	 20	 17	 82	  0	 31	  0	  6	  6	  6	  6	  6	  6	  6	  6	  0	  0	  0	  0	  0	  0	  0	  0	  0	  0	  0	  0	  0	  0	  0	  0	  0	  0	  0	  0	  0	  0	  0	  0	 19	 17	 88	 20	  0	 82	  0	  0	  0	  0	  0	  0	  0	  0	  0	  0	  0	  5	21830	  0
23/07/2017	23:02:02	  	L	00000000	 21	 21	 17	 82	  0	 31	  0	  6	  6	  6	  6	  6	  6	  6	  6	  0	  0	  0	  0	  0	  0	  0	  0	  0	  0	  0	  0	  0	  0	  0	  0	  0	  0	  0	  0	  0	  0	  0	  0	 19	 17	 88	 21	  0	 76	  0	  0	  0	  0	  0	  0	  0	  0	  0	  0	  0	  5	21830	  0
23/07/2017	23:17:02	  	L	00000000	 21	 20	 17	 82	  0	 31	  0	  6	  6	  6	  6	  6	  6	  6	  6	  0	  0	  0	  0	  0	  0	  0	  0	  0	  0	  0	  0	  0	  0	  0	  0	  0	  0	  0	  0	  0	  0	  0	  0	 19	 17	 88	 20	  0	 82	  0	  0	  0	  0	  0	  0	  0	  0	  0	  0	  0	  5	21830	  0
23/07/2017	23:22:01	->	L	00000000	 21	 20	 17	 76	  0	 36	  0	  6	  6	  6	  6	  6	  6	  6	  6	  0	  0	  0	  0	  0	  0	  0	  0	  0	  0	  0	  0	  0	  0	  0	  0	  0	  0	  0	  0	  0	  0	  0	  0	 19	 17	 88	 20	  0	 82	  0	  0	  0	  0	  0	  0	  0	  0	  0	  0	  0	  5	21830	  0
23/07/2017	23:27:01	->	L	00000000	 21	 20	 17	 82	  0	 41	  0	  6	  6	  6	  6	  6	  6	  6	  6	  0	  0	  0	  0	  0	  0	  0	  0	  0	  0	  0	  0	  0	  0	  0	  0	  0	  0	  0	  0	  0	  0	  0	  0	 19	 17	 88	 20	  0	 82	  0	  0	  0	  0	  0	  0	  0	  0	  0	  0	  0	  5	21830	  0
23/07/2017	23:37:02	->	L	00000000	 21	 20	 17	 82	  0	 46	  0	  6	  6	  6	  6	  6	  6	  6	  6	  0	  0	  0	  0	  0	  0	  0	  0	  0	  0	  0	  0	  0	  0	  0	  0	  0	  0	  0	  0	  0	  0	  0	  0	 19	 17	 88	 20	  0	 82	  0	  0	  0	  0	  0	  0	  0	  0	  0	  0	  0	  5	21830	  0
23/07/2017	23:42:07	  	L	00000000	  4	  4	  4	  1	  0	  0	  0	  4	  4	  4	  4	  4	  4	  4	  4	  0	  0	  0	  0	  0	  0	  0	  0	  0	  0	  0	  0	  0	  0	  0	  0	  0	  0	  0	  0	  0	  0	  0	  0	  0	  0	  0	  0	  0	  0	  0	  0	  0	  0	  0	  0	  0	  0	  0	  0	  0	  5	1799	1792
23/07/2017	23:52:02	->	L	00000000	 21	 20	 17	 82	  0	 55	  0	  6	  6	  6	  6	  6	  6	  6	  6	  0	  0	  0	  0	  0	  0	  0	  0	  0	  0	  0	  0	  0	  0	  0	  0	  0	  0	  0	  0	  0	  0	  0	  0	 19	 17	 88	 20	  0	 82	  0	  0	  0	  0	  0	  0	  0	  0	  0	  0	  0	  5	21830	  0
24/07/2017	00:03:40	  	L	00000000	  6	  6	  6	  1	  0	  0	  0	  6	  6	  6	  6	  6	  6	  6	  6	  0	  0	  0	  0	  0	  0	  0	  0	  0	  0	  0	  0	  0	  0	  0	  0	  0	  0	  0	  0	  0	  0	  0	  0	  0	  0	  0	  0	  0	  0	  0	  0	  0	  0	  0	  0	  0	  0	  0	  0	  0	  5	3855	3840
24/07/2017	00:07:03	  	L	00000000	 21	 20	 17	 82	  0	 59	  0	  6	  6	  6	  6	  6	  6	  6	  6	  0	  0	  0	  0	  0	  0	  0	  0	  0	  0	  0	  0	  0	  0	  0	  0	  0	  0	  0	  0	  0	  0	  0	  0	 19	 17	 88	 20	  0	 82	  0	  0	  0	  0	  0	  0	  0	  0	  0	  0	  0	  5	21830	  0
