09/08/2016	15:31:58	  	L	00000000	 10	 23	 16	 59	  0	  0	  0	  5	  5	  5	  4	  5	  4	  5	  5	  0	  0	  0	  0	  0	  0	  0	  0	  0	  0	  0	  0	  0	  0	  0	  0	  0	  0	  0	  0	  0	  0	  0	  0	 23	 16	 59	 22	  0	 65	  0	  0	  0	  0	  0	  0	  0	  0	  0	  0	  0	  5	6163	  0
09/08/2016	15:36:58	->	L	00000000	 10	 25	 17	 55	  0	  5	  0	  4	  4	  4	  4	  4	  4	  4	  4	  0	  0	  0	  0	  0	  0	  0	  0	  0	  0	  0	  0	  0	  0	  0	  0	  0	  0	  0	  0	  0	  0	  0	  0	 25	 17	 55	 25	  0	 55	  0	  0	  0	  0	  0	  0	  0	  0	  0	  0	  0	  5	6420	  0
09/08/2016	15:41:58	->	L	00000000	 10	 33	 18	 32	  0	 10	  0	  4	  4	  4	  4	  4	  4	  4	  4	  0	  0	  0	  0	  0	  0	  0	  0	  0	  0	  0	  0	  0	  0	  0	  0	  0	  0	  0	  0	  0	  0	  0	  0	 27	 18	 52	 33	  0	 32	  0	  0	  0	  0	  0	  0	  0	  0	  0	  0	  0	  5	6934	  0
09/08/2016	15:46:58	->	L	00000000	 10	 37	 20	 26	  0	 15	  0	  4	  4	  4	  4	  4	  4	  4	  4	  0	  0	  0	  0	  0	  0	  0	  0	  0	  0	  0	  0	  0	  0	  0	  0	  0	  0	  0	  0	  0	  0	  0	  0	 30	 20	 49	 37	  0	 26	  0	  0	  0	  0	  0	  0	  0	  0	  0	  0	  0	  5	7191	  0
09/08/2016	15:51:58	->	L	00000000	 10	 39	 23	 30	  0	 20	  0	  4	  4	  4	  4	  4	  4	  4	  4	  0	  0	  0	  0	  0	  0	  0	  0	  0	  0	  0	  0	  0	  0	  0	  0	  0	  0	  0	  0	  0	  0	  0	  0	 33	 23	 50	 39	  0	 30	  0	  0	  0	  0	  0	  0	  0	  0	  0	  0	  0	  5	7705	  0
09/08/2016	15:56:58	->	L	00000000	 10	 40	 25	 35	  0	 25	  0	  4	  4	  4	  4	  4	  4	  4	  4	  0	  0	  0	  0	  0	  0	  0	  0	  0	  0	  0	  0	  0	  0	  0	  0	  0	  0	  0	  0	  0	  0	  0	  0	 33	 25	 57	 40	  0	 35	  0	  0	  0	  0	  0	  0	  0	  0	  0	  0	  0	  5	7962	  0
09/08/2016	16:01:58	->	L	00000000	 10	 42	 27	 36	  0	 30	  0	  4	  4	  4	  4	  4	  4	  4	  4	  0	  0	  0	  0	  0	  0	  0	  0	  0	  0	  0	  0	  0	  0	  0	  0	  0	  0	  0	  0	  0	  0	  0	  0	 34	 27	 62	 42	  0	 36	  0	  0	  0	  0	  0	  0	  0	  0	  0	  0	  0	  5	8476	  0
09/08/2016	16:06:58	->	L	00000000	 10	 42	 28	 38	  0	 35	  0	  4	  4	  4	  4	  4	  4	  4	  4	  0	  0	  0	  0	  0	  0	  0	  0	  0	  0	  0	  0	  0	  0	  0	  0	  0	  0	  0	  0	  0	  0	  0	  0	 34	 28	 67	 42	  0	 38	  0	  0	  0	  0	  0	  0	  0	  0	  0	  0	  0	  5	8733	  0
09/08/2016	16:11:58	->	L	00000000	 10	 42	 29	 41	  0	 40	  0	  4	  4	  4	  4	  4	  4	  4	  4	  0	  0	  0	  0	  0	  0	  0	  0	  0	  0	  0	  0	  0	  0	  0	  0	  0	  0	  0	  0	  0	  0	  0	  0	 33	 29	 77	 42	  0	 41	  0	  0	  0	  0	  0	  0	  0	  0	  0	  0	  0	  5	9247	  0
09/08/2016	16:16:58	->	L	00000000	 10	 42	 30	 41	  0	 45	  0	  4	  4	  4	  4	  4	  4	  4	  4	  0	  0	  0	  0	  0	  0	  0	  0	  0	  0	  0	  0	  0	  0	  0	  0	  0	  0	  0	  0	  0	  0	  0	  0	 34	 30	 77	 42	  0	 45	  0	  0	  0	  0	  0	  0	  0	  0	  0	  0	  0	  5	9761	  0
09/08/2016	16:21:58	->	L	00000000	 10	 42	 31	 48	  0	 50	  0	  4	  4	  4	  4	  4	  4	  4	  4	  0	  0	  0	  0	  0	  0	  0	  0	  0	  0	  0	  0	  0	  0	  0	  0	  0	  0	  0	  0	  0	  0	  0	  0	 34	 31	 83	 42	  0	 48	  0	  0	  0	  0	  0	  0	  0	  0	  0	  0	  0	  5	10018	  0
09/08/2016	16:26:58	->	L	00000000	 10	 42	 32	 48	  0	 55	  0	  4	  4	  4	  4	  4	  4	  4	  4	  0	  0	  0	  0	  0	  0	  0	  0	  0	  0	  0	  0	  0	  0	  0	  0	  0	  0	  0	  0	  0	  0	  0	  0	 35	 32	 83	 42	  0	 52	  0	  0	  0	  0	  0	  0	  0	  0	  0	  0	  0	  5	10532	  0
09/08/2016	16:31:58	->	L	00000000	 10	 42	 31	 48	  0	 60	  0	  4	  4	  4	  4	  4	  4	  4	  4	  0	  0	  0	  0	  0	  0	  0	  0	  0	  0	  0	  0	  0	  0	  0	  0	  0	  0	  0	  0	  0	  0	  0	  0	 33	 31	 88	 42	  0	 48	  0	  0	  0	  0	  0	  0	  0	  0	  0	  0	  0	  5	10789	  0
09/08/2016	16:36:58	->	L	00000000	 10	 46	 32	 39	  0	 65	  0	  4	  4	  4	  4	  4	  4	  4	  4	  0	  0	  0	  0	  0	  0	  0	  0	  0	  0	  0	  0	  0	  0	  0	  0	  0	  0	  0	  0	  0	  0	  0	  0	 37	 32	 75	 46	  0	 39	  0	  0	  0	  0	  0	  0	  0	  0	  0	  0	  0	  5	11303	  0
09/08/2016	16:41:58	->	L	00000000	 10	 47	 34	 42	  0	 70	  0	  4	  4	  4	  4	  4	  4	  4	  4	  0	  0	  0	  0	  0	  0	  0	  0	  0	  0	  0	  0	  0	  0	  0	  0	  0	  0	  0	  0	  0	  0	  0	  0	 39	 34	 75	 47	  0	 42	  0	  0	  0	  0	  0	  0	  0	  0	  0	  0	  0	  5	11560	  0
09/08/2016	16:46:58	->	L	00000000	 10	 47	 34	 42	  0	 75	  0	  4	  4	  4	  4	  4	  4	  4	  4	  0	  0	  0	  0	  0	  0	  0	  0	  0	  0	  0	  0	  0	  0	  0	  0	  0	  0	  0	  0	  0	  0	  0	  0	 40	 34	 68	 47	  0	 42	  0	  0	  0	  0	  0	  0	  0	  0	  0	  0	  0	  5	12074	  0
09/08/2016	16:51:58	->	L	00000000	 10	 48	 34	 40	  0	 80	  0	  4	  4	  4	  4	  4	  4	  4	  4	  0	  0	  0	  0	  0	  0	  0	  0	  0	  0	  0	  0	  0	  0	  0	  0	  0	  0	  0	  0	  0	  0	  0	  0	 41	 34	 64	 48	  0	 40	  0	  0	  0	  0	  0	  0	  0	  0	  0	  0	  0	  5	12331	  0
09/08/2016	16:56:58	->	L	00000000	 10	 49	 34	 38	  0	 85	  0	  4	  4	  4	  4	  4	  4	  4	  4	  0	  0	  0	  0	  0	  0	  0	  0	  0	  0	  0	  0	  0	  0	  0	  0	  0	  0	  0	  0	  0	  0	  0	  0	 43	 34	 56	 49	  0	 38	  0	  0	  0	  0	  0	  0	  0	  0	  0	  0	  0	  5	12845	  0
09/08/2016	17:01:58	->	L	00000000	 10	 50	 34	 35	  0	 90	  0	  4	  4	  4	  4	  4	  4	  4	  4	  0	  0	  0	  0	  0	  0	  0	  0	  0	  0	  0	  0	  0	  0	  0	  0	  0	  0	  0	  0	  0	  0	  0	  0	 44	 34	 53	 50	  0	 35	  0	  0	  0	  0	  0	  0	  0	  0	  0	  0	  0	  5	13359	  0
09/08/2016	17:06:58	->	L	00000000	 10	 52	 34	 32	  0	 95	  0	  4	  4	  4	  4	  4	  4	  4	  4	  0	  0	  0	  0	  0	  0	  0	  0	  0	  0	  0	  0	  0	  0	  0	  0	  0	  0	  0	  0	  0	  0	  0	  0	 46	 34	 47	 52	  0	 31	  0	  0	  0	  0	  0	  0	  0	  0	  0	  0	  0	  5	13616	  0
09/08/2016	17:11:58	->	L	00000000	 10	 52	 34	 31	  0	100	  0	  4	  4	  4	  4	  4	  4	  4	  4	  0	  0	  0	  0	  0	  0	  0	  0	  0	  0	  0	  0	  0	  0	  0	  0	  0	  0	  0	  0	  0	  0	  0	  0	 47	 34	 42	 52	  0	 31	  0	  0	  0	  0	  0	  0	  0	  0	  0	  0	  0	  5	14130	  0
09/08/2016	17:16:58	->	L	00000000	 10	 53	 34	 31	  0	105	  0	  4	  4	  4	  4	  4	  4	  4	  4	  0	  0	  0	  0	  0	  0	  0	  0	  0	  0	  0	  0	  0	  0	  0	  0	  0	  0	  0	  0	  0	  0	  0	  0	 48	 34	 40	 53	  0	 28	  0	  0	  0	  0	  0	  0	  0	  0	  0	  0	  0	  5	14387	  0
09/08/2016	17:21:58	->	L	00000000	 10	 53	 35	 31	  0	110	  0	  4	  4	  4	  4	  4	  4	  4	  4	  0	  0	  0	  0	  0	  0	  0	  0	  0	  0	  0	  0	  0	  0	  0	  0	  0	  0	  0	  0	  0	  0	  0	  0	 49	 35	 41	 53	  0	 31	  0	  0	  0	  0	  0	  0	  0	  0	  0	  0	  0	  5	14901	  0
09/08/2016	17:26:58	->	L	00000000	 10	 54	 35	 28	  0	115	  0	  4	  4	  4	  4	  4	  4	  4	  4	  0	  0	  0	  0	  0	  0	  0	  0	  0	  0	  0	  0	  0	  0	  0	  0	  0	  0	  0	  0	  0	  0	  0	  0	 49	 35	 41	 54	  0	 28	  0	  0	  0	  0	  0	  0	  0	  0	  0	  0	  0	  5	15158	  0
09/08/2016	17:31:58	->	L	00000000	 10	 54	 35	 28	  0	120	  0	  4	  4	  4	  4	  4	  4	  4	  4	  0	  0	  0	  0	  0	  0	  0	  0	  0	  0	  0	  0	  0	  0	  0	  0	  0	  0	  0	  0	  0	  0	  0	  0	 50	 35	 38	 54	  0	 28	  0	  0	  0	  0	  0	  0	  0	  0	  0	  0	  0	  5	20555	  0
09/08/2016	17:36:58	->	L	00000000	 21	 52	 35	 32	  0	  4	  0	  4	  4	  4	  4	  4	  4	  4	  4	  0	  0	  0	  0	  0	  0	  0	  0	  0	  0	  0	  0	  0	  0	  0	  0	  0	  0	  0	  0	  0	  0	  0	  0	 49	 35	 41	 52	  0	 32	  0	  0	  0	  0	  0	  0	  0	  0	  0	  0	  0	  5	20530	  0
09/08/2016	17:41:58	->	L	00000000	 21	 51	 34	 32	  0	  9	  0	  4	  4	  4	  4	  4	  4	  4	  4	  0	  0	  0	  0	  0	  0	  0	  0	  0	  0	  0	  0	  0	  0	  0	  0	  0	  0	  0	  0	  0	  0	  0	  0	 48	 34	 40	 51	  0	 32	  0	  0	  0	  0	  0	  0	  0	  0	  0	  0	  0	  5	20530	  0
09/08/2016	17:51:58	->	L	00000000	 21	 48	 32	 34	  0	 16	  0	  4	  4	  4	  4	  4	  4	  4	  4	  0	  0	  0	  0	  0	  0	  0	  0	  0	  0	  0	  0	  0	  0	  0	  0	  0	  0	  0	  0	  0	  0	  0	  0	 47	 32	 37	 48	  0	 34	  0	  0	  0	  0	  0	  0	  0	  0	  0	  0	  0	  5	20530	  0
09/08/2016	17:56:58	->	L	00000000	 21	 49	 32	 31	  0	 21	  0	  4	  4	  4	  4	  4	  4	  4	  4	  0	  0	  0	  0	  0	  0	  0	  0	  0	  0	  0	  0	  0	  0	  0	  0	  0	  0	  0	  0	  0	  0	  0	  0	 48	 32	 34	 49	  0	 31	  0	  0	  0	  0	  0	  0	  0	  0	  0	  0	  0	  5	20530	  0
09/08/2016	18:01:58	->	L	00000000	 21	 50	 33	 31	  0	 26	  0	  4	  4	  4	  4	  4	  4	  4	  4	  0	  0	  0	  0	  0	  0	  0	  0	  0	  0	  0	  0	  0	  0	  0	  0	  0	  0	  0	  0	  0	  0	  0	  0	 48	 33	 38	 50	  0	 31	  0	  0	  0	  0	  0	  0	  0	  0	  0	  0	  0	  5	20530	  0
09/08/2016	18:06:58	->	L	00000000	 21	 50	 33	 31	  0	 31	  0	  4	  4	  4	  4	  4	  4	  4	  4	  0	  0	  0	  0	  0	  0	  0	  0	  0	  0	  0	  0	  0	  0	  0	  0	  0	  0	  0	  0	  0	  0	  0	  0	 49	 33	 34	 50	  0	 31	  0	  0	  0	  0	  0	  0	  0	  0	  0	  0	  0	  5	20530	  0
09/08/2016	18:11:58	->	L	00000000	 21	 50	 33	 31	  0	 36	  0	  4	  4	  4	  4	  4	  4	  4	  4	  0	  0	  0	  0	  0	  0	  0	  0	  0	  0	  0	  0	  0	  0	  0	  0	  0	  0	  0	  0	  0	  0	  0	  0	 49	 33	 34	 50	  0	 31	  0	  0	  0	  0	  0	  0	  0	  0	  0	  0	  0	  5	20530	  0
09/08/2016	18:16:58	->	L	00000000	 21	 62	 34	 15	  0	 41	  0	  4	  4	  4	  4	  4	  4	  4	  4	  0	  0	  0	  0	  0	  0	  0	  0	  0	  0	  0	  0	  0	  0	  0	  0	  0	  0	  0	  0	  0	  0	  0	  0	 48	 34	 40	 62	  0	 15	  0	  0	  0	  0	  0	  0	  0	  0	  0	  0	  0	  5	20530	  0
09/08/2016	18:21:58	->	L	00000000	 21	 65	 38	 19	  0	 46	  0	  4	  4	  4	  4	  4	  4	  4	  4	  0	  0	  0	  0	  0	  0	  0	  0	  0	  0	  0	  0	  0	  0	  0	  0	  0	  0	  0	  0	  0	  0	  0	  0	 49	 38	 50	 65	  0	 19	  0	  0	  0	  0	  0	  0	  0	  0	  0	  0	  0	  5	20530	  0
09/08/2016	18:26:58	->	L	00000000	 21	 66	 40	 19	  0	 51	  0	  4	  4	  4	  4	  4	  4	  4	  4	  0	  0	  0	  0	  0	  0	  0	  0	  0	  0	  0	  0	  0	  0	  0	  0	  0	  0	  0	  0	  0	  0	  0	  0	 50	 40	 55	 66	  0	 21	  0	  0	  0	  0	  0	  0	  0	  0	  0	  0	  0	  5	20530	  0
09/08/2016	18:31:58	->	L	00000000	 21	 67	 41	 22	  0	 56	  0	  4	  4	  4	  4	  4	  4	  4	  4	  0	  0	  0	  0	  0	  0	  0	  0	  0	  0	  0	  0	  0	  0	  0	  0	  0	  0	  0	  0	  0	  0	  0	  0	 52	 41	 51	 67	  0	 22	  0	  0	  0	  0	  0	  0	  0	  0	  0	  0	  0	  5	20530	  0
09/08/2016	18:36:58	->	L	00000000	 21	 68	 42	 23	  0	 61	  0	  4	  4	  4	  4	  4	  4	  4	  4	  0	  0	  0	  0	  0	  0	  0	  0	  0	  0	  0	  0	  0	  0	  0	  0	  0	  0	  0	  0	  0	  0	  0	  0	 53	 42	 52	 68	  0	 23	  0	  0	  0	  0	  0	  0	  0	  0	  0	  0	  0	  5	20530	  0
09/08/2016	18:41:58	->	L	00000000	 21	 69	 44	 23	  0	 66	  0	  4	  4	  4	  4	  4	  4	  4	  4	  0	  0	  0	  0	  0	  0	  0	  0	  0	  0	  0	  0	  0	  0	  0	  0	  0	  0	  0	  0	  0	  0	  0	  0	 54	 44	 56	 69	  0	 23	  0	  0	  0	  0	  0	  0	  0	  0	  0	  0	  0	  5	20530	  0
09/08/2016	18:46:58	->	L	00000000	 21	 69	 44	 23	  0	 71	  0	  4	  4	  4	  4	  4	  4	  4	  4	  0	  0	  0	  0	  0	  0	  0	  0	  0	  0	  0	  0	  0	  0	  0	  0	  0	  0	  0	  0	  0	  0	  0	  0	 55	 44	 52	 69	  0	 23	  0	  0	  0	  0	  0	  0	  0	  0	  0	  0	  0	  5	20530	  0
09/08/2016	18:51:58	->	L	00000000	 21	 70	 45	 23	  0	 76	  0	  4	  4	  4	  4	  4	  4	  4	  4	  0	  0	  0	  0	  0	  0	  0	  0	  0	  0	  0	  0	  0	  0	  0	  0	  0	  0	  0	  0	  0	  0	  0	  0	 56	 45	 53	 70	  0	 23	  0	  0	  0	  0	  0	  0	  0	  0	  0	  0	  0	  5	20530	  0
09/08/2016	18:56:58	->	L	00000000	 21	 70	 46	 25	  0	 81	  0	  4	  4	  4	  4	  4	  4	  4	  4	  0	  0	  0	  0	  0	  0	  0	  0	  0	  0	  0	  0	  0	  0	  0	  0	  0	  0	  0	  0	  0	  0	  0	  0	 56	 46	 56	 70	  0	 25	  0	  0	  0	  0	  0	  0	  0	  0	  0	  0	  0	  5	20530	  0
09/08/2016	19:01:58	->	L	00000000	 21	 71	 47	 26	  0	 86	  0	  4	  4	  4	  4	  4	  4	  4	  4	  0	  0	  0	  0	  0	  0	  0	  0	  0	  0	  0	  0	  0	  0	  0	  0	  0	  0	  0	  0	  0	  0	  0	  0	 57	 47	 57	 71	  0	 26	  0	  0	  0	  0	  0	  0	  0	  0	  0	  0	  0	  5	20530	  0
09/08/2016	19:06:58	->	L	00000000	 21	 71	 47	 26	  0	 91	  0	  4	  4	  4	  4	  4	  4	  4	  4	  0	  0	  0	  0	  0	  0	  0	  0	  0	  0	  0	  0	  0	  0	  0	  0	  0	  0	  0	  0	  0	  0	  0	  0	 57	 47	 57	 71	  0	 26	  0	  0	  0	  0	  0	  0	  0	  0	  0	  0	  0	  5	20530	  0
09/08/2016	19:11:58	->	L	00000000	 21	 71	 47	 26	  0	 96	  0	  4	  4	  4	  4	  4	  4	  4	  4	  0	  0	  0	  0	  0	  0	  0	  0	  0	  0	  0	  0	  0	  0	  0	  0	  0	  0	  0	  0	  0	  0	  0	  0	 58	 47	 53	 71	  0	 26	  0	  0	  0	  0	  0	  0	  0	  0	  0	  0	  0	  5	20530	  0
09/08/2016	19:16:58	->	L	00000000	 21	 71	 48	 26	  0	101	  0	  4	  4	  4	  4	  4	  4	  4	  4	  0	  0	  0	  0	  0	  0	  0	  0	  0	  0	  0	  0	  0	  0	  0	  0	  0	  0	  0	  0	  0	  0	  0	  0	 58	 48	 57	 71	  0	 26	  0	  0	  0	  0	  0	  0	  0	  0	  0	  0	  0	  5	20530	  0
09/08/2016	19:21:58	->	L	00000000	 21	 71	 48	 26	  0	106	  0	  4	  4	  4	  4	  4	  4	  4	  4	  0	  0	  0	  0	  0	  0	  0	  0	  0	  0	  0	  0	  0	  0	  0	  0	  0	  0	  0	  0	  0	  0	  0	  0	 59	 48	 54	 71	  0	 26	  0	  0	  0	  0	  0	  0	  0	  0	  0	  0	  0	  5	20530	  0
09/08/2016	19:26:58	->	L	00000000	 21	 71	 48	 26	  0	111	  0	  4	  4	  4	  4	  4	  4	  4	  4	  0	  0	  0	  0	  0	  0	  0	  0	  0	  0	  0	  0	  0	  0	  0	  0	  0	  0	  0	  0	  0	  0	  0	  0	 59	 48	 54	 71	  0	 26	  0	  0	  0	  0	  0	  0	  0	  0	  0	  0	  0	  5	20530	  0
09/08/2016	19:31:58	->	L	00000000	 21	 71	 48	 26	  0	116	  0	  4	  4	  4	  4	  4	  4	  4	  4	  0	  0	  0	  0	  0	  0	  0	  0	  0	  0	  0	  0	  0	  0	  0	  0	  0	  0	  0	  0	  0	  0	  0	  0	 59	 48	 54	 71	  0	 26	  0	  0	  0	  0	  0	  0	  0	  0	  0	  0	  0	  5	20530	  0
09/08/2016	19:36:58	  	L	00000000	 21	 71	 49	 27	  0	121	  0	  4	  4	  4	  4	  4	  4	  4	  4	  0	  0	  0	  0	  0	  0	  0	  0	  0	  0	  0	  0	  0	  0	  0	  0	  0	  0	  0	  0	  0	  0	  0	  0	 60	 49	 54	 71	  0	 29	  0	  0	  0	  0	  0	  0	  0	  0	  0	  0	  0	  5	20530	  0
09/08/2016	19:41:58	<-	L	00000000	 21	 74	 51	 27	  0	126	  0	  4	  4	  4	  4	  4	  4	  4	  4	  0	  0	  0	  0	  0	  0	  0	  0	  0	  0	  0	  0	  0	  0	  0	  0	  0	  0	  0	  0	  0	  0	  0	  0	 74	 51	 27	 68	  0	 39	  0	  0	  0	  0	  0	  0	  0	  0	  0	  0	  0	  5	20530	  0
09/08/2016	19:46:58	<-	L	00000000	 21	 75	 50	 25	  0	131	  0	  4	  4	  4	  4	  4	  4	  4	  4	  0	  0	  0	  0	  0	  0	  0	  0	  0	  0	  0	  0	  0	  0	  0	  0	  0	  0	  0	  0	  0	  0	  0	  0	 75	 50	 25	 68	  0	 37	  0	  0	  0	  0	  0	  0	  0	  0	  0	  0	  0	  5	20530	  0
09/08/2016	19:51:58	<-	L	00000000	 21	 74	 50	 25	  0	136	  0	  4	  4	  4	  4	  4	  4	  4	  4	  0	  0	  0	  0	  0	  0	  0	  0	  0	  0	  0	  0	  0	  0	  0	  0	  0	  0	  0	  0	  0	  0	  0	  0	 74	 50	 27	 68	  0	 37	  0	  0	  0	  0	  0	  0	  0	  0	  0	  0	  0	  5	20530	  0
09/08/2016	19:56:58	<-	L	00000000	 21	 75	 50	 25	  0	141	  0	  4	  4	  4	  4	  4	  4	  4	  4	  0	  0	  0	  0	  0	  0	  0	  0	  0	  0	  0	  0	  0	  0	  0	  0	  0	  0	  0	  0	  0	  0	  0	  0	 75	 50	 25	 68	  0	 37	  0	  0	  0	  0	  0	  0	  0	  0	  0	  0	  0	  5	20530	  0
09/08/2016	20:01:58	<-	L	00000000	 21	 76	 51	 25	  0	146	  0	  4	  4	  4	  4	  4	  4	  4	  4	  0	  0	  0	  0	  0	  0	  0	  0	  0	  0	  0	  0	  0	  0	  0	  0	  0	  0	  0	  0	  0	  0	  0	  0	 76	 51	 26	 69	  0	 38	  0	  0	  0	  0	  0	  0	  0	  0	  0	  0	  0	  5	20530	  0
09/08/2016	20:06:58	<-	L	00000000	 21	 75	 50	 26	  0	151	  0	  4	  4	  4	  4	  4	  4	  4	  4	  0	  0	  0	  0	  0	  0	  0	  0	  0	  0	  0	  0	  0	  0	  0	  0	  0	  0	  0	  0	  0	  0	  0	  0	 75	 50	 25	 68	  0	 37	  0	  0	  0	  0	  0	  0	  0	  0	  0	  0	  0	  5	20530	  0
09/08/2016	20:11:58	<-	L	00000000	 21	 76	 50	 25	  0	156	  0	  4	  4	  4	  4	  4	  4	  4	  4	  0	  0	  0	  0	  0	  0	  0	  0	  0	  0	  0	  0	  0	  0	  0	  0	  0	  0	  0	  0	  0	  0	  0	  0	 76	 50	 26	 69	  0	 35	  0	  0	  0	  0	  0	  0	  0	  0	  0	  0	  0	  5	20530	  0
09/08/2016	20:16:58	<-	L	00000000	 21	 76	 50	 26	  0	161	  0	  4	  4	  4	  4	  4	  4	  4	  4	  0	  0	  0	  0	  0	  0	  0	  0	  0	  0	  0	  0	  0	  0	  0	  0	  0	  0	  0	  0	  0	  0	  0	  0	 76	 50	 26	 70	  0	 33	  0	  0	  0	  0	  0	  0	  0	  0	  0	  0	  0	  5	20530	  0
09/08/2016	20:21:58	<-	L	00000000	 21	 77	 51	 27	  0	166	  0	  4	  4	  4	  4	  4	  4	  4	  4	  0	  0	  0	  0	  0	  0	  0	  0	  0	  0	  0	  0	  0	  0	  0	  0	  0	  0	  0	  0	  0	  0	  0	  0	 77	 51	 27	 70	  0	 35	  0	  0	  0	  0	  0	  0	  0	  0	  0	  0	  0	  5	20530	  0
09/08/2016	20:26:58	<-	L	00000000	 21	 77	 50	 24	  0	171	  0	  4	  4	  4	  4	  4	  4	  4	  4	  0	  0	  0	  0	  0	  0	  0	  0	  0	  0	  0	  0	  0	  0	  0	  0	  0	  0	  0	  0	  0	  0	  0	  0	 77	 50	 24	 70	  0	 33	  0	  0	  0	  0	  0	  0	  0	  0	  0	  0	  0	  5	20530	  0
09/08/2016	20:31:58	<-	L	00000000	 21	 77	 50	 24	  0	176	  0	  4	  4	  4	  4	  4	  4	  4	  4	  0	  0	  0	  0	  0	  0	  0	  0	  0	  0	  0	  0	  0	  0	  0	  0	  0	  0	  0	  0	  0	  0	  0	  0	 77	 50	 24	 71	  0	 30	  0	  0	  0	  0	  0	  0	  0	  0	  0	  0	  0	  5	20530	  0
09/08/2016	20:36:58	<-	L	00000000	 21	 78	 50	 23	  0	181	  0	  4	  4	  4	  4	  4	  4	  4	  4	  0	  0	  0	  0	  0	  0	  0	  0	  0	  0	  0	  0	  0	  0	  0	  0	  0	  0	  0	  0	  0	  0	  0	  0	 78	 50	 23	 72	  0	 29	  0	  0	  0	  0	  0	  0	  0	  0	  0	  0	  0	  5	21815	  0
09/08/2016	20:41:58	<-	L	00000000	 21	 79	 51	 24	  0	186	  0	  4	  4	  4	  4	  4	  4	  4	  4	  0	  0	  0	  0	  0	  0	  0	  0	  0	  0	  0	  0	  0	  0	  0	  0	  0	  0	  0	  0	  0	  0	  0	  0	 79	 51	 24	 72	  0	 31	  0	  0	  0	  0	  0	  0	  0	  0	  0	  0	  0	  5	21815	  0
09/08/2016	20:46:58	<-	L	00000000	 21	 80	 52	 24	  0	191	  0	  4	  4	  4	  4	  4	  4	  4	  4	  0	  0	  0	  0	  0	  0	  0	  0	  0	  0	  0	  0	  0	  0	  0	  0	  0	  0	  0	  0	  0	  0	  0	  0	 80	 52	 24	 73	  0	 31	  0	  0	  0	  0	  0	  0	  0	  0	  0	  0	  0	  5	21815	  0
09/08/2016	20:51:58	<-	L	00000000	 21	 80	 52	 23	  0	196	  0	  4	  4	  4	  4	  4	  4	  4	  4	  0	  0	  0	  0	  0	  0	  0	  0	  0	  0	  0	  0	  0	  0	  0	  0	  0	  0	  0	  0	  0	  0	  0	  0	 80	 52	 24	 74	  0	 30	  0	  0	  0	  0	  0	  0	  0	  0	  0	  0	  0	  5	21815	  0
09/08/2016	20:56:58	<-	L	00000000	 21	 81	 52	 23	  0	201	  0	  4	  4	  4	  4	  4	  4	  4	  4	  0	  0	  0	  0	  0	  0	  0	  0	  0	  0	  0	  0	  0	  0	  0	  0	  0	  0	  0	  0	  0	  0	  0	  0	 81	 52	 23	 74	  0	 30	  0	  0	  0	  0	  0	  0	  0	  0	  0	  0	  0	  5	21815	  0
09/08/2016	21:01:58	<-	L	00000000	 21	 82	 52	 23	  0	206	  0	  4	  4	  4	  4	  4	  4	  4	  4	  0	  0	  0	  0	  0	  0	  0	  0	  0	  0	  0	  0	  0	  0	  0	  0	  0	  0	  0	  0	  0	  0	  0	  0	 82	 52	 23	 75	  0	 28	  0	  0	  0	  0	  0	  0	  0	  0	  0	  0	  0	  5	21815	  0
09/08/2016	21:06:58	<-	L	00000000	 21	 82	 53	 24	  0	211	  0	  4	  4	  4	  4	  4	  4	  4	  4	  0	  0	  0	  0	  0	  0	  0	  0	  0	  0	  0	  0	  0	  0	  0	  0	  0	  0	  0	  0	  0	  0	  0	  0	 82	 53	 24	 75	  0	 31	  0	  0	  0	  0	  0	  0	  0	  0	  0	  0	  0	  5	21815	  0
09/08/2016	21:11:58	<-	L	00000000	 21	 83	 53	 23	  0	216	  0	  4	  4	  4	  4	  4	  4	  4	  4	  0	  0	  0	  0	  0	  0	  0	  0	  0	  0	  0	  0	  0	  0	  0	  0	  0	  0	  0	  0	  0	  0	  0	  0	 83	 53	 23	 76	  0	 28	  0	  0	  0	  0	  0	  0	  0	  0	  0	  0	  0	  5	21815	  0
09/08/2016	21:16:58	<-	L	00000000	 21	 83	 53	 23	  0	221	  0	  4	  4	  4	  4	  4	  4	  4	  4	  0	  0	  0	  0	  0	  0	  0	  0	  0	  0	  0	  0	  0	  0	  0	  0	  0	  0	  0	  0	  0	  0	  0	  0	 83	 53	 23	 76	  0	 28	  0	  0	  0	  0	  0	  0	  0	  0	  0	  0	  0	  5	21815	  0
09/08/2016	21:21:58	<-	L	00000000	 21	 83	 53	 23	  0	226	  0	  4	  4	  4	  4	  4	  4	  4	  4	  0	  0	  0	  0	  0	  0	  0	  0	  0	  0	  0	  0	  0	  0	  0	  0	  0	  0	  0	  0	  0	  0	  0	  0	 83	 53	 23	 76	  0	 28	  0	  0	  0	  0	  0	  0	  0	  0	  0	  0	  0	  5	21815	  0
09/08/2016	21:26:58	<-	L	00000000	 21	 83	 53	 23	  0	231	  0	  4	  4	  4	  4	  4	  4	  4	  4	  0	  0	  0	  0	  0	  0	  0	  0	  0	  0	  0	  0	  0	  0	  0	  0	  0	  0	  0	  0	  0	  0	  0	  0	 83	 53	 23	 77	  0	 29	  0	  0	  0	  0	  0	  0	  0	  0	  0	  0	  0	  5	21815	  0
09/08/2016	21:31:58	<-	L	00000000	 21	 83	 53	 23	  0	236	  0	  4	  4	  4	  4	  4	  4	  4	  4	  0	  0	  0	  0	  0	  0	  0	  0	  0	  0	  0	  0	  0	  0	  0	  0	  0	  0	  0	  0	  0	  0	  0	  0	 83	 53	 23	 76	  0	 28	  0	  0	  0	  0	  0	  0	  0	  0	  0	  0	  0	  5	21815	  0
09/08/2016	21:36:58	<-	L	00000000	 21	 83	 53	 23	  0	241	  0	  4	  4	  4	  4	  4	  4	  4	  4	  0	  0	  0	  0	  0	  0	  0	  0	  0	  0	  0	  0	  0	  0	  0	  0	  0	  0	  0	  0	  0	  0	  0	  0	 83	 53	 23	 77	  0	 29	  0	  0	  0	  0	  0	  0	  0	  0	  0	  0	  0	  5	21815	  0
09/08/2016	21:41:58	<-	L	00000000	 21	 84	 53	 22	  0	246	  0	  4	  4	  4	  4	  4	  4	  4	  4	  0	  0	  0	  0	  0	  0	  0	  0	  0	  0	  0	  0	  0	  0	  0	  0	  0	  0	  0	  0	  0	  0	  0	  0	 84	 53	 22	 77	  0	 29	  0	  0	  0	  0	  0	  0	  0	  0	  0	  0	  0	  5	21815	  0
09/08/2016	21:46:58	<-	L	00000000	 21	 84	 53	 22	  0	251	  0	  4	  4	  4	  4	  4	  4	  4	  4	  0	  0	  0	  0	  0	  0	  0	  0	  0	  0	  0	  0	  0	  0	  0	  0	  0	  0	  0	  0	  0	  0	  0	  0	 84	 53	 22	 77	  0	 29	  0	  0	  0	  0	  0	  0	  0	  0	  0	  0	  0	  5	21815	  0
09/08/2016	21:51:58	<-	L	00000000	 21	 84	 54	 23	  0	256	  0	  4	  4	  4	  4	  4	  4	  4	  4	  0	  0	  0	  0	  0	  0	  0	  0	  0	  0	  0	  0	  0	  0	  0	  0	  0	  0	  0	  0	  0	  0	  0	  0	 84	 54	 23	 78	  0	 29	  0	  0	  0	  0	  0	  0	  0	  0	  0	  0	  0	  5	21815	  0
09/08/2016	21:56:58	<-	L	00000000	 21	 85	 54	 23	  0	261	  0	  4	  4	  4	  4	  4	  4	  4	  4	  0	  0	  0	  0	  0	  0	  0	  0	  0	  0	  0	  0	  0	  0	  0	  0	  0	  0	  0	  0	  0	  0	  0	  0	 85	 54	 23	 78	  0	 29	  0	  0	  0	  0	  0	  0	  0	  0	  0	  0	  0	  5	21815	  0
09/08/2016	22:01:58	<-	L	00000000	 21	 85	 54	 23	  0	266	  0	  4	  4	  4	  4	  4	  4	  4	  4	  0	  0	  0	  0	  0	  0	  0	  0	  0	  0	  0	  0	  0	  0	  0	  0	  0	  0	  0	  0	  0	  0	  0	  0	 85	 54	 23	 78	  0	 29	  0	  0	  0	  0	  0	  0	  0	  0	  0	  0	  0	  5	21815	  0
09/08/2016	22:06:58	<-	L	00000000	 21	 85	 54	 23	  0	271	  0	  4	  4	  4	  4	  4	  4	  4	  4	  0	  0	  0	  0	  0	  0	  0	  0	  0	  0	  0	  0	  0	  0	  0	  0	  0	  0	  0	  0	  0	  0	  0	  0	 85	 54	 23	 78	  0	 29	  0	  0	  0	  0	  0	  0	  0	  0	  0	  0	  0	  5	21815	  0
09/08/2016	22:11:59	<-	L	00000000	 21	 83	 53	 23	  0	276	  0	  4	  4	  4	  4	  4	  4	  4	  4	  0	  0	  0	  0	  0	  0	  0	  0	  0	  0	  0	  0	  0	  0	  0	  0	  0	  0	  0	  0	  0	  0	  0	  0	 83	 53	 23	 77	  0	 29	  0	  0	  0	  0	  0	  0	  0	  0	  0	  0	  0	  5	21815	  0
09/08/2016	22:16:59	<-	L	00000000	 21	 84	 54	 23	  0	281	  0	  4	  4	  4	  4	  4	  4	  4	  4	  0	  0	  0	  0	  0	  0	  0	  0	  0	  0	  0	  0	  0	  0	  0	  0	  0	  0	  0	  0	  0	  0	  0	  0	 84	 54	 23	 78	  0	 29	  0	  0	  0	  0	  0	  0	  0	  0	  0	  0	  0	  5	21815	  0
09/08/2016	22:21:59	<-	L	00000000	 21	 70	 51	 35	  0	286	  0	  4	  4	  4	  4	  4	  4	  4	  4	  0	  0	  0	  0	  0	  0	  0	  0	  0	  0	  0	  0	  0	  0	  0	  0	  0	  0	  0	  0	  0	  0	  0	  0	 70	 51	 35	 68	  0	 39	  0	  0	  0	  0	  0	  0	  0	  0	  0	  0	  0	  5	21815	  0
09/08/2016	22:26:59	<-	L	00000000	 21	 66	 49	 38	  0	291	  0	  4	  4	  4	  4	  4	  4	  4	  4	  0	  0	  0	  0	  0	  0	  0	  0	  0	  0	  0	  0	  0	  0	  0	  0	  0	  0	  0	  0	  0	  0	  0	  0	 66	 49	 38	 64	  0	 44	  0	  0	  0	  0	  0	  0	  0	  0	  0	  0	  0	  5	21815	  0
09/08/2016	22:31:59	<-	L	00000000	 21	 63	 48	 40	  0	296	  0	  4	  4	  4	  4	  4	  4	  4	  4	  0	  0	  0	  0	  0	  0	  0	  0	  0	  0	  0	  0	  0	  0	  0	  0	  0	  0	  0	  0	  0	  0	  0	  0	 63	 48	 43	 62	  0	 45	  0	  0	  0	  0	  0	  0	  0	  0	  0	  0	  0	  5	21815	  0
09/08/2016	22:36:59	<-	L	00000000	 21	 80	 51	 23	  0	301	  0	  4	  4	  4	  4	  4	  4	  4	  4	  0	  0	  0	  0	  0	  0	  0	  0	  0	  0	  0	  0	  0	  0	  0	  0	  0	  0	  0	  0	  0	  0	  0	  0	 80	 51	 23	 74	  0	 27	  0	  0	  0	  0	  0	  0	  0	  0	  0	  0	  0	  5	21815	  0
09/08/2016	22:41:59	<-	L	00000000	 21	 83	 52	 22	  0	306	  0	  4	  4	  4	  4	  4	  4	  4	  4	  0	  0	  0	  0	  0	  0	  0	  0	  0	  0	  0	  0	  0	  0	  0	  0	  0	  0	  0	  0	  0	  0	  0	  0	 83	 52	 22	 77	  0	 26	  0	  0	  0	  0	  0	  0	  0	  0	  0	  0	  0	  5	21815	  0
09/08/2016	22:46:59	<-	L	00000000	 21	 85	 52	 21	  0	311	  0	  4	  4	  4	  4	  4	  4	  4	  4	  0	  0	  0	  0	  0	  0	  0	  0	  0	  0	  0	  0	  0	  0	  0	  0	  0	  0	  0	  0	  0	  0	  0	  0	 85	 52	 21	 78	  0	 27	  0	  0	  0	  0	  0	  0	  0	  0	  0	  0	  0	  5	21815	  0
09/08/2016	22:51:59	<-	L	00000000	 21	 83	 52	 22	  0	316	  0	  4	  4	  4	  4	  4	  4	  4	  4	  0	  0	  0	  0	  0	  0	  0	  0	  0	  0	  0	  0	  0	  0	  0	  0	  0	  0	  0	  0	  0	  0	  0	  0	 83	 52	 22	 77	  0	 26	  0	  0	  0	  0	  0	  0	  0	  0	  0	  0	  0	  5	21815	  0
09/08/2016	22:56:58	<-	L	00000000	 21	 84	 52	 21	  0	321	  0	  4	  4	  4	  4	  4	  4	  4	  4	  0	  0	  0	  0	  0	  0	  0	  0	  0	  0	  0	  0	  0	  0	  0	  0	  0	  0	  0	  0	  0	  0	  0	  0	 84	 52	 21	 78	  0	 27	  0	  0	  0	  0	  0	  0	  0	  0	  0	  0	  0	  5	21815	  0
09/08/2016	23:01:58	<-	L	00000000	 21	 86	 53	 21	  0	326	  0	  4	  4	  4	  4	  4	  4	  4	  4	  0	  0	  0	  0	  0	  0	  0	  0	  0	  0	  0	  0	  0	  0	  0	  0	  0	  0	  0	  0	  0	  0	  0	  0	 86	 53	 21	 80	  0	 26	  0	  0	  0	  0	  0	  0	  0	  0	  0	  0	  0	  5	21815	  0
09/08/2016	23:06:58	<-	L	00000000	 21	 82	 53	 22	  0	331	  0	  4	  4	  4	  4	  4	  4	  4	  4	  0	  0	  0	  0	  0	  0	  0	  0	  0	  0	  0	  0	  0	  0	  0	  0	  0	  0	  0	  0	  0	  0	  0	  0	 82	 53	 24	 78	  0	 27	  0	  0	  0	  0	  0	  0	  0	  0	  0	  0	  0	  5	21815	  0
09/08/2016	23:11:58	<-	L	00000000	 21	 85	 53	 22	  0	336	  0	  4	  4	  4	  4	  4	  4	  4	  4	  0	  0	  0	  0	  0	  0	  0	  0	  0	  0	  0	  0	  0	  0	  0	  0	  0	  0	  0	  0	  0	  0	  0	  0	 85	 53	 22	 79	  0	 28	  0	  0	  0	  0	  0	  0	  0	  0	  0	  0	  0	  5	21815	  0
09/08/2016	23:21:58	<-	L	00000000	 21	 80	 51	 24	  0	343	  0	  4	  4	  4	  4	  4	  4	  4	  4	  0	  0	  0	  0	  0	  0	  0	  0	  0	  0	  0	  0	  0	  0	  0	  0	  0	  0	  0	  0	  0	  0	  0	  0	 80	 51	 23	 75	  0	 28	  0	  0	  0	  0	  0	  0	  0	  0	  0	  0	  0	  5	21815	  0
09/08/2016	23:26:58	<-	L	00000000	 21	 83	 53	 24	  0	348	  0	  4	  4	  4	  4	  4	  4	  4	  4	  0	  0	  0	  0	  0	  0	  0	  0	  0	  0	  0	  0	  0	  0	  0	  0	  0	  0	  0	  0	  0	  0	  0	  0	 83	 53	 23	 77	  0	 29	  0	  0	  0	  0	  0	  0	  0	  0	  0	  0	  0	  5	21815	  0
09/08/2016	23:31:58	<-	L	00000000	 21	 88	 54	 21	  0	353	  0	  4	  4	  4	  4	  4	  4	  4	  4	  0	  0	  0	  0	  0	  0	  0	  0	  0	  0	  0	  0	  0	  0	  0	  0	  0	  0	  0	  0	  0	  0	  0	  0	 88	 54	 21	 81	  0	 26	  0	  0	  0	  0	  0	  0	  0	  0	  0	  0	  0	  5	21815	  0
09/08/2016	23:36:58	<-	L	00000000	 21	 84	 54	 23	  0	358	  0	  4	  4	  4	  4	  4	  4	  4	  4	  0	  0	  0	  0	  0	  0	  0	  0	  0	  0	  0	  0	  0	  0	  0	  0	  0	  0	  0	  0	  0	  0	  0	  0	 84	 54	 23	 79	  0	 27	  0	  0	  0	  0	  0	  0	  0	  0	  0	  0	  0	  5	21815	  0
09/08/2016	23:41:58	->	L	00000000	 21	 82	 54	 24	  0	363	  0	  4	  4	  4	  4	  4	  4	  4	  4	  0	  0	  0	  0	  0	  0	  0	  0	  0	  0	  0	  0	  0	  0	  0	  0	  0	  0	  0	  0	  0	  0	  0	  0	 82	 54	 25	 79	  0	 27	  0	  0	  0	  0	  0	  0	  0	  0	  0	  0	  0	  5	21815	  0
09/08/2016	23:46:58	->	L	00000000	 21	 84	 52	 22	  0	368	  0	  4	  4	  4	  4	  4	  4	  4	  4	  0	  0	  0	  0	  0	  0	  0	  0	  0	  0	  0	  0	  0	  0	  0	  0	  0	  0	  0	  0	  0	  0	  0	  0	 75	 52	 28	 84	  0	 21	  0	  0	  0	  0	  0	  0	  0	  0	  0	  0	  0	  5	21815	  0
09/08/2016	23:51:58	->	L	00000000	 21	 86	 51	 19	  0	373	  0	  4	  4	  4	  4	  4	  4	  4	  4	  0	  0	  0	  0	  0	  0	  0	  0	  0	  0	  0	  0	  0	  0	  0	  0	  0	  0	  0	  0	  0	  0	  0	  0	 75	 51	 28	 86	  0	 19	  0	  0	  0	  0	  0	  0	  0	  0	  0	  0	  0	  5	21815	  0
09/08/2016	23:56:58	->	L	00000000	 21	 83	 51	 21	  0	378	  0	  4	  4	  4	  4	  4	  4	  4	  4	  0	  0	  0	  0	  0	  0	  0	  0	  0	  0	  0	  0	  0	  0	  0	  0	  0	  0	  0	  0	  0	  0	  0	  0	 74	 51	 27	 83	  0	 21	  0	  0	  0	  0	  0	  0	  0	  0	  0	  0	  0	  5	21815	  0
10/08/2016	00:01:58	->	L	00000000	 21	 87	 51	 18	  0	383	  0	  4	  4	  4	  4	  4	  4	  4	  4	  0	  0	  0	  0	  0	  0	  0	  0	  0	  0	  0	  0	  0	  0	  0	  0	  0	  0	  0	  0	  0	  0	  0	  0	 75	 51	 28	 87	  0	 18	  0	  0	  0	  0	  0	  0	  0	  0	  0	  0	  0	  5	21815	  0
10/08/2016	00:06:58	->	L	00000000	 21	 84	 51	 21	  0	388	  0	  4	  4	  4	  4	  4	  4	  4	  4	  0	  0	  0	  0	  0	  0	  0	  0	  0	  0	  0	  0	  0	  0	  0	  0	  0	  0	  0	  0	  0	  0	  0	  0	 73	 51	 30	 84	  0	 20	  0	  0	  0	  0	  0	  0	  0	  0	  0	  0	  0	  5	21815	  0
10/08/2016	00:11:58	->	L	00000000	 21	 88	 51	 18	  0	393	  0	  4	  4	  4	  4	  4	  4	  4	  4	  0	  0	  0	  0	  0	  0	  0	  0	  0	  0	  0	  0	  0	  0	  0	  0	  0	  0	  0	  0	  0	  0	  0	  0	 74	 51	 27	 88	  0	 18	  0	  0	  0	  0	  0	  0	  0	  0	  0	  0	  0	  5	21815	  0
10/08/2016	00:16:58	->	L	00000000	 21	 83	 50	 19	  0	398	  0	  4	  4	  4	  4	  4	  4	  4	  4	  0	  0	  0	  0	  0	  0	  0	  0	  0	  0	  0	  0	  0	  0	  0	  0	  0	  0	  0	  0	  0	  0	  0	  0	 73	 50	 27	 83	  0	 20	  0	  0	  0	  0	  0	  0	  0	  0	  0	  0	  0	  5	21815	  0
10/08/2016	00:21:58	->	L	00000000	 21	 88	 51	 18	  0	403	  0	  4	  4	  4	  4	  4	  4	  4	  4	  0	  0	  0	  0	  0	  0	  0	  0	  0	  0	  0	  0	  0	  0	  0	  0	  0	  0	  0	  0	  0	  0	  0	  0	 74	 51	 27	 88	  0	 18	  0	  0	  0	  0	  0	  0	  0	  0	  0	  0	  0	  5	21815	  0
10/08/2016	00:26:58	->	L	00000000	 21	 84	 51	 20	  0	408	  0	  4	  4	  4	  4	  4	  4	  4	  4	  0	  0	  0	  0	  0	  0	  0	  0	  0	  0	  0	  0	  0	  0	  0	  0	  0	  0	  0	  0	  0	  0	  0	  0	 74	 51	 27	 84	  0	 20	  0	  0	  0	  0	  0	  0	  0	  0	  0	  0	  0	  5	21815	  0
10/08/2016	00:31:58	->	L	00000000	 21	 87	 51	 18	  0	413	  0	  4	  4	  4	  4	  4	  4	  4	  4	  0	  0	  0	  0	  0	  0	  0	  0	  0	  0	  0	  0	  0	  0	  0	  0	  0	  0	  0	  0	  0	  0	  0	  0	 74	 51	 27	 87	  0	 18	  0	  0	  0	  0	  0	  0	  0	  0	  0	  0	  0	  5	21815	  0
10/08/2016	00:36:58	->	L	00000000	 21	 85	 51	 19	  0	418	  0	  4	  4	  4	  4	  4	  4	  4	  4	  0	  0	  0	  0	  0	  0	  0	  0	  0	  0	  0	  0	  0	  0	  0	  0	  0	  0	  0	  0	  0	  0	  0	  0	 74	 51	 27	 85	  0	 20	  0	  0	  0	  0	  0	  0	  0	  0	  0	  0	  0	  5	21815	  0
10/08/2016	00:41:58	->	L	00000000	 22	 86	 51	 18	  0	  2	  0	  4	  4	  4	  4	  4	  4	  4	  4	  0	  0	  0	  0	  0	  0	  0	  0	  0	  0	  0	  0	  0	  0	  0	  0	  0	  0	  0	  0	  0	  0	  0	  0	 74	 51	 27	 86	  0	 19	  0	  0	  0	  0	  0	  0	  0	  0	  0	  0	  0	  5	21813	  0
10/08/2016	00:46:58	->	L	00000000	 22	 85	 51	 19	  0	  7	  0	  4	  4	  4	  4	  4	  4	  4	  4	  0	  0	  0	  0	  0	  0	  0	  0	  0	  0	  0	  0	  0	  0	  0	  0	  0	  0	  0	  0	  0	  0	  0	  0	 75	 51	 28	 85	  0	 20	  0	  0	  0	  0	  0	  0	  0	  0	  0	  0	  0	  5	21813	  0
10/08/2016	00:51:58	->	L	00000000	 22	 84	 50	 20	  0	 12	  0	  4	  4	  4	  4	  4	  4	  4	  4	  0	  0	  0	  0	  0	  0	  0	  0	  0	  0	  0	  0	  0	  0	  0	  0	  0	  0	  0	  0	  0	  0	  0	  0	 74	 50	 27	 84	  0	 19	  0	  0	  0	  0	  0	  0	  0	  0	  0	  0	  0	  5	21813	  0
10/08/2016	00:56:58	->	L	00000000	 22	 87	 51	 18	  0	 17	  0	  4	  4	  4	  4	  4	  4	  4	  4	  0	  0	  0	  0	  0	  0	  0	  0	  0	  0	  0	  0	  0	  0	  0	  0	  0	  0	  0	  0	  0	  0	  0	  0	 75	 51	 28	 87	  0	 18	  0	  0	  0	  0	  0	  0	  0	  0	  0	  0	  0	  5	21813	  0
10/08/2016	01:01:58	->	L	00000000	 22	 83	 50	 20	  0	 22	  0	  4	  4	  4	  4	  4	  4	  4	  4	  0	  0	  0	  0	  0	  0	  0	  0	  0	  0	  0	  0	  0	  0	  0	  0	  0	  0	  0	  0	  0	  0	  0	  0	 74	 50	 27	 83	  0	 20	  0	  0	  0	  0	  0	  0	  0	  0	  0	  0	  0	  5	21813	  0
10/08/2016	01:06:58	->	L	00000000	 22	 88	 50	 17	  0	 27	  0	  4	  4	  4	  4	  4	  4	  4	  4	  0	  0	  0	  0	  0	  0	  0	  0	  0	  0	  0	  0	  0	  0	  0	  0	  0	  0	  0	  0	  0	  0	  0	  0	 75	 50	 25	 88	  0	 17	  0	  0	  0	  0	  0	  0	  0	  0	  0	  0	  0	  5	21813	  0
10/08/2016	01:11:58	->	L	00000000	 22	 83	 50	 19	  0	 32	  0	  4	  4	  4	  4	  4	  4	  4	  4	  0	  0	  0	  0	  0	  0	  0	  0	  0	  0	  0	  0	  0	  0	  0	  0	  0	  0	  0	  0	  0	  0	  0	  0	 74	 50	 27	 83	  0	 20	  0	  0	  0	  0	  0	  0	  0	  0	  0	  0	  0	  5	21813	  0
10/08/2016	01:16:58	->	L	00000000	 22	 87	 50	 18	  0	 37	  0	  4	  4	  4	  4	  4	  4	  4	  4	  0	  0	  0	  0	  0	  0	  0	  0	  0	  0	  0	  0	  0	  0	  0	  0	  0	  0	  0	  0	  0	  0	  0	  0	 75	 50	 25	 87	  0	 17	  0	  0	  0	  0	  0	  0	  0	  0	  0	  0	  0	  5	21813	  0
10/08/2016	01:21:58	->	L	00000000	 22	 84	 50	 19	  0	 42	  0	  4	  4	  4	  4	  4	  4	  4	  4	  0	  0	  0	  0	  0	  0	  0	  0	  0	  0	  0	  0	  0	  0	  0	  0	  0	  0	  0	  0	  0	  0	  0	  0	 74	 50	 27	 84	  0	 19	  0	  0	  0	  0	  0	  0	  0	  0	  0	  0	  0	  5	21813	  0
10/08/2016	01:26:58	->	L	00000000	 22	 86	 50	 18	  0	 47	  0	  4	  4	  4	  4	  4	  4	  4	  4	  0	  0	  0	  0	  0	  0	  0	  0	  0	  0	  0	  0	  0	  0	  0	  0	  0	  0	  0	  0	  0	  0	  0	  0	 75	 50	 25	 86	  0	 18	  0	  0	  0	  0	  0	  0	  0	  0	  0	  0	  0	  5	21813	  0
10/08/2016	01:31:58	->	L	00000000	 22	 84	 50	 19	  0	 52	  0	  4	  4	  4	  4	  4	  4	  4	  4	  0	  0	  0	  0	  0	  0	  0	  0	  0	  0	  0	  0	  0	  0	  0	  0	  0	  0	  0	  0	  0	  0	  0	  0	 75	 50	 25	 84	  0	 19	  0	  0	  0	  0	  0	  0	  0	  0	  0	  0	  0	  5	21813	  0
10/08/2016	01:36:58	->	L	00000000	 22	 86	 50	 19	  0	 57	  0	  4	  4	  4	  4	  4	  4	  4	  4	  0	  0	  0	  0	  0	  0	  0	  0	  0	  0	  0	  0	  0	  0	  0	  0	  0	  0	  0	  0	  0	  0	  0	  0	 74	 50	 27	 86	  0	 18	  0	  0	  0	  0	  0	  0	  0	  0	  0	  0	  0	  5	21813	  0
10/08/2016	01:41:58	->	L	00000000	 22	 85	 50	 18	  0	 62	  0	  4	  4	  4	  4	  4	  4	  4	  4	  0	  0	  0	  0	  0	  0	  0	  0	  0	  0	  0	  0	  0	  0	  0	  0	  0	  0	  0	  0	  0	  0	  0	  0	 75	 50	 25	 85	  0	 19	  0	  0	  0	  0	  0	  0	  0	  0	  0	  0	  0	  5	21813	  0
10/08/2016	01:46:58	->	L	00000000	 22	 86	 50	 19	  0	 67	  0	  4	  4	  4	  4	  4	  4	  4	  4	  0	  0	  0	  0	  0	  0	  0	  0	  0	  0	  0	  0	  0	  0	  0	  0	  0	  0	  0	  0	  0	  0	  0	  0	 75	 50	 25	 86	  0	 18	  0	  0	  0	  0	  0	  0	  0	  0	  0	  0	  0	  5	21813	  0
10/08/2016	01:51:58	->	L	00000000	 22	 86	 50	 17	  0	 72	  0	  4	  4	  4	  4	  4	  4	  4	  4	  0	  0	  0	  0	  0	  0	  0	  0	  0	  0	  0	  0	  0	  0	  0	  0	  0	  0	  0	  0	  0	  0	  0	  0	 75	 50	 25	 86	  0	 18	  0	  0	  0	  0	  0	  0	  0	  0	  0	  0	  0	  5	21813	  0
10/08/2016	01:56:58	->	L	00000000	 22	 84	 50	 20	  0	 77	  0	  4	  4	  4	  4	  4	  4	  4	  4	  0	  0	  0	  0	  0	  0	  0	  0	  0	  0	  0	  0	  0	  0	  0	  0	  0	  0	  0	  0	  0	  0	  0	  0	 74	 50	 27	 84	  0	 19	  0	  0	  0	  0	  0	  0	  0	  0	  0	  0	  0	  5	21813	  0
10/08/2016	02:01:58	->	L	00000000	 22	 87	 50	 17	  0	 82	  0	  4	  4	  4	  4	  4	  4	  4	  4	  0	  0	  0	  0	  0	  0	  0	  0	  0	  0	  0	  0	  0	  0	  0	  0	  0	  0	  0	  0	  0	  0	  0	  0	 75	 50	 25	 87	  0	 17	  0	  0	  0	  0	  0	  0	  0	  0	  0	  0	  0	  5	21810	  0
10/08/2016	02:06:58	->	L	00000000	 22	 83	 50	 19	  0	 87	  0	  4	  4	  4	  4	  4	  4	  4	  4	  0	  0	  0	  0	  0	  0	  0	  0	  0	  0	  0	  0	  0	  0	  0	  0	  0	  0	  0	  0	  0	  0	  0	  0	 74	 50	 27	 83	  0	 20	  0	  0	  0	  0	  0	  0	  0	  0	  0	  0	  0	  5	21808	  0
10/08/2016	02:11:58	->	L	00000000	 22	 85	 49	 18	  0	 92	  0	  4	  4	  4	  4	  4	  4	  4	  4	  0	  0	  0	  0	  0	  0	  0	  0	  0	  0	  0	  0	  0	  0	  0	  0	  0	  0	  0	  0	  0	  0	  0	  0	 74	 49	 25	 85	  0	 18	  0	  0	  0	  0	  0	  0	  0	  0	  0	  0	  0	  5	21808	  0
10/08/2016	02:16:58	->	L	00000000	 22	 86	 48	 15	  0	 97	  0	  4	  4	  4	  4	  4	  4	  4	  4	  0	  0	  0	  0	  0	  0	  0	  0	  0	  0	  0	  0	  0	  0	  0	  0	  0	  0	  0	  0	  0	  0	  0	  0	 75	 48	 23	 86	  0	 16	  0	  0	  0	  0	  0	  0	  0	  0	  0	  0	  0	  5	21808	  0
10/08/2016	02:21:58	->	L	00000000	 22	 84	 47	 18	  0	102	  0	  4	  4	  4	  4	  4	  4	  4	  4	  0	  0	  0	  0	  0	  0	  0	  0	  0	  0	  0	  0	  0	  0	  0	  0	  0	  0	  0	  0	  0	  0	  0	  0	 74	 47	 23	 84	  0	 16	  0	  0	  0	  0	  0	  0	  0	  0	  0	  0	  0	  5	21808	  0
10/08/2016	02:26:58	->	L	00000000	 22	 86	 48	 16	  0	107	  0	  4	  4	  4	  4	  4	  4	  4	  4	  0	  0	  0	  0	  0	  0	  0	  0	  0	  0	  0	  0	  0	  0	  0	  0	  0	  0	  0	  0	  0	  0	  0	  0	 75	 48	 23	 86	  0	 16	  0	  0	  0	  0	  0	  0	  0	  0	  0	  0	  0	  5	21808	  0
10/08/2016	02:31:58	->	L	00000000	 22	 84	 48	 18	  0	112	  0	  4	  4	  4	  4	  4	  4	  4	  4	  0	  0	  0	  0	  0	  0	  0	  0	  0	  0	  0	  0	  0	  0	  0	  0	  0	  0	  0	  0	  0	  0	  0	  0	 74	 48	 25	 84	  0	 17	  0	  0	  0	  0	  0	  0	  0	  0	  0	  0	  0	  5	21808	  0
10/08/2016	02:36:58	->	L	00000000	 22	 88	 48	 15	  0	117	  0	  4	  4	  4	  4	  4	  4	  4	  4	  0	  0	  0	  0	  0	  0	  0	  0	  0	  0	  0	  0	  0	  0	  0	  0	  0	  0	  0	  0	  0	  0	  0	  0	 75	 48	 23	 88	  0	 15	  0	  0	  0	  0	  0	  0	  0	  0	  0	  0	  0	  5	21808	  0
10/08/2016	02:41:58	->	L	00000000	 22	 83	 48	 18	  0	122	  0	  4	  4	  4	  4	  4	  4	  4	  4	  0	  0	  0	  0	  0	  0	  0	  0	  0	  0	  0	  0	  0	  0	  0	  0	  0	  0	  0	  0	  0	  0	  0	  0	 74	 48	 25	 83	  0	 18	  0	  0	  0	  0	  0	  0	  0	  0	  0	  0	  0	  5	21808	  0
10/08/2016	02:46:58	->	L	00000000	 22	 87	 49	 15	  0	127	  0	  4	  4	  4	  4	  4	  4	  4	  4	  0	  0	  0	  0	  0	  0	  0	  0	  0	  0	  0	  0	  0	  0	  0	  0	  0	  0	  0	  0	  0	  0	  0	  0	 75	 49	 26	 87	  0	 16	  0	  0	  0	  0	  0	  0	  0	  0	  0	  0	  0	  5	21808	  0
10/08/2016	02:51:58	->	L	00000000	 22	 84	 48	 17	  0	132	  0	  4	  4	  4	  4	  4	  4	  4	  4	  0	  0	  0	  0	  0	  0	  0	  0	  0	  0	  0	  0	  0	  0	  0	  0	  0	  0	  0	  0	  0	  0	  0	  0	 75	 48	 23	 84	  0	 17	  0	  0	  0	  0	  0	  0	  0	  0	  0	  0	  0	  5	21808	  0
10/08/2016	02:56:58	->	L	00000000	 22	 87	 48	 16	  0	137	  0	  4	  4	  4	  4	  4	  4	  4	  4	  0	  0	  0	  0	  0	  0	  0	  0	  0	  0	  0	  0	  0	  0	  0	  0	  0	  0	  0	  0	  0	  0	  0	  0	 75	 48	 23	 87	  0	 15	  0	  0	  0	  0	  0	  0	  0	  0	  0	  0	  0	  5	21808	  0
10/08/2016	03:01:58	->	L	00000000	 22	 85	 48	 17	  0	142	  0	  4	  4	  4	  4	  4	  4	  4	  4	  0	  0	  0	  0	  0	  0	  0	  0	  0	  0	  0	  0	  0	  0	  0	  0	  0	  0	  0	  0	  0	  0	  0	  0	 76	 48	 22	 85	  0	 17	  0	  0	  0	  0	  0	  0	  0	  0	  0	  0	  0	  5	21808	  0
10/08/2016	03:06:58	->	L	00000000	 22	 85	 48	 17	  0	147	  0	  4	  4	  4	  4	  4	  4	  4	  4	  0	  0	  0	  0	  0	  0	  0	  0	  0	  0	  0	  0	  0	  0	  0	  0	  0	  0	  0	  0	  0	  0	  0	  0	 75	 48	 23	 85	  0	 17	  0	  0	  0	  0	  0	  0	  0	  0	  0	  0	  0	  5	21808	  0
10/08/2016	03:11:58	->	L	00000000	 22	 86	 46	 13	  0	152	  0	  4	  4	  4	  4	  4	  4	  4	  4	  0	  0	  0	  0	  0	  0	  0	  0	  0	  0	  0	  0	  0	  0	  0	  0	  0	  0	  0	  0	  0	  0	  0	  0	 76	 46	 20	 86	  0	 14	  0	  0	  0	  0	  0	  0	  0	  0	  0	  0	  0	  5	21806	  0
10/08/2016	03:16:58	->	L	00000000	 22	 83	 47	 16	  0	157	  0	  4	  4	  4	  4	  4	  4	  4	  4	  0	  0	  0	  0	  0	  0	  0	  0	  0	  0	  0	  0	  0	  0	  0	  0	  0	  0	  0	  0	  0	  0	  0	  0	 75	 47	 22	 83	  0	 17	  0	  0	  0	  0	  0	  0	  0	  0	  0	  0	  0	  5	21806	  0
10/08/2016	03:21:58	->	L	00000000	 22	 87	 46	 13	  0	162	  0	  4	  4	  4	  4	  4	  4	  4	  4	  0	  0	  0	  0	  0	  0	  0	  0	  0	  0	  0	  0	  0	  0	  0	  0	  0	  0	  0	  0	  0	  0	  0	  0	 76	 46	 20	 87	  0	 13	  0	  0	  0	  0	  0	  0	  0	  0	  0	  0	  0	  5	21806	  0
10/08/2016	03:26:58	->	L	00000000	 22	 83	 47	 17	  0	167	  0	  4	  4	  4	  4	  4	  4	  4	  4	  0	  0	  0	  0	  0	  0	  0	  0	  0	  0	  0	  0	  0	  0	  0	  0	  0	  0	  0	  0	  0	  0	  0	  0	 75	 47	 22	 83	  0	 17	  0	  0	  0	  0	  0	  0	  0	  0	  0	  0	  0	  5	21806	  0
10/08/2016	03:31:58	->	L	00000000	 22	 87	 46	 14	  0	172	  0	  4	  4	  4	  4	  4	  4	  4	  4	  0	  0	  0	  0	  0	  0	  0	  0	  0	  0	  0	  0	  0	  0	  0	  0	  0	  0	  0	  0	  0	  0	  0	  0	 75	 46	 21	 87	  0	 13	  0	  0	  0	  0	  0	  0	  0	  0	  0	  0	  0	  5	21806	  0
10/08/2016	03:36:58	->	L	00000000	 22	 85	 47	 15	  0	177	  0	  4	  4	  4	  4	  4	  4	  4	  4	  0	  0	  0	  0	  0	  0	  0	  0	  0	  0	  0	  0	  0	  0	  0	  0	  0	  0	  0	  0	  0	  0	  0	  0	 75	 47	 22	 85	  0	 16	  0	  0	  0	  0	  0	  0	  0	  0	  0	  0	  0	  5	21806	  0
10/08/2016	03:41:58	  	L	00000000	 22	 84	 46	 15	  0	182	  0	  4	  4	  4	  4	  4	  4	  4	  4	  0	  0	  0	  0	  0	  0	  0	  0	  0	  0	  0	  0	  0	  0	  0	  0	  0	  0	  0	  0	  0	  0	  0	  0	 74	 46	 22	 84	  0	 15	  0	  0	  0	  0	  0	  0	  0	  0	  0	  0	  0	  5	21806	  0
10/08/2016	03:46:58	<-	L	00000000	 22	 83	 47	 17	  0	187	  0	  4	  4	  4	  4	  4	  4	  4	  4	  0	  0	  0	  0	  0	  0	  0	  0	  0	  0	  0	  0	  0	  0	  0	  0	  0	  0	  0	  0	  0	  0	  0	  0	 83	 47	 17	 79	  0	 19	  0	  0	  0	  0	  0	  0	  0	  0	  0	  0	  0	  5	21806	  0
10/08/2016	03:51:58	<-	L	00000000	 22	 86	 47	 16	  0	192	  0	  4	  4	  4	  4	  4	  4	  4	  4	  0	  0	  0	  0	  0	  0	  0	  0	  0	  0	  0	  0	  0	  0	  0	  0	  0	  0	  0	  0	  0	  0	  0	  0	 86	 47	 15	 80	  0	 19	  0	  0	  0	  0	  0	  0	  0	  0	  0	  0	  0	  5	21806	  0
10/08/2016	03:56:58	<-	L	00000000	 22	 85	 47	 15	  0	197	  0	  4	  4	  4	  4	  4	  4	  4	  4	  0	  0	  0	  0	  0	  0	  0	  0	  0	  0	  0	  0	  0	  0	  0	  0	  0	  0	  0	  0	  0	  0	  0	  0	 85	 47	 16	 79	  0	 19	  0	  0	  0	  0	  0	  0	  0	  0	  0	  0	  0	  5	21806	  0
10/08/2016	04:01:58	<-	L	00000000	 22	 85	 47	 15	  0	202	  0	  4	  4	  4	  4	  4	  4	  4	  4	  0	  0	  0	  0	  0	  0	  0	  0	  0	  0	  0	  0	  0	  0	  0	  0	  0	  0	  0	  0	  0	  0	  0	  0	 85	 47	 16	 80	  0	 19	  0	  0	  0	  0	  0	  0	  0	  0	  0	  0	  0	  5	21806	  0
10/08/2016	04:06:58	<-	L	00000000	 22	 86	 47	 14	  0	207	  0	  4	  4	  4	  4	  4	  4	  4	  4	  0	  0	  0	  0	  0	  0	  0	  0	  0	  0	  0	  0	  0	  0	  0	  0	  0	  0	  0	  0	  0	  0	  0	  0	 86	 47	 15	 79	  0	 19	  0	  0	  0	  0	  0	  0	  0	  0	  0	  0	  0	  5	21806	  0
10/08/2016	04:11:58	<-	L	00000000	 22	 84	 47	 16	  0	212	  0	  4	  4	  4	  4	  4	  4	  4	  4	  0	  0	  0	  0	  0	  0	  0	  0	  0	  0	  0	  0	  0	  0	  0	  0	  0	  0	  0	  0	  0	  0	  0	  0	 84	 47	 16	 78	  0	 20	  0	  0	  0	  0	  0	  0	  0	  0	  0	  0	  0	  5	21806	  0
10/08/2016	04:16:58	<-	L	00000000	 22	 86	 47	 14	  0	217	  0	  4	  4	  4	  4	  4	  4	  4	  4	  0	  0	  0	  0	  0	  0	  0	  0	  0	  0	  0	  0	  0	  0	  0	  0	  0	  0	  0	  0	  0	  0	  0	  0	 86	 47	 15	 79	  0	 19	  0	  0	  0	  0	  0	  0	  0	  0	  0	  0	  0	  5	21806	  0
10/08/2016	04:21:58	<-	L	00000000	 22	 83	 46	 16	  0	222	  0	  4	  4	  4	  4	  4	  4	  4	  4	  0	  0	  0	  0	  0	  0	  0	  0	  0	  0	  0	  0	  0	  0	  0	  0	  0	  0	  0	  0	  0	  0	  0	  0	 83	 46	 16	 78	  0	 19	  0	  0	  0	  0	  0	  0	  0	  0	  0	  0	  0	  5	21806	  0
10/08/2016	04:26:58	<-	L	00000000	 22	 87	 47	 14	  0	227	  0	  4	  4	  4	  4	  4	  4	  4	  4	  0	  0	  0	  0	  0	  0	  0	  0	  0	  0	  0	  0	  0	  0	  0	  0	  0	  0	  0	  0	  0	  0	  0	  0	 87	 47	 14	 80	  0	 19	  0	  0	  0	  0	  0	  0	  0	  0	  0	  0	  0	  5	21806	  0
10/08/2016	04:31:58	<-	L	00000000	 22	 83	 46	 18	  0	232	  0	  4	  4	  4	  4	  4	  4	  4	  4	  0	  0	  0	  0	  0	  0	  0	  0	  0	  0	  0	  0	  0	  0	  0	  0	  0	  0	  0	  0	  0	  0	  0	  0	 83	 46	 16	 77	  0	 19	  0	  0	  0	  0	  0	  0	  0	  0	  0	  0	  0	  5	21806	  0
10/08/2016	04:36:58	<-	L	00000000	 22	 87	 47	 14	  0	237	  0	  4	  4	  4	  4	  4	  4	  4	  4	  0	  0	  0	  0	  0	  0	  0	  0	  0	  0	  0	  0	  0	  0	  0	  0	  0	  0	  0	  0	  0	  0	  0	  0	 87	 47	 14	 79	  0	 19	  0	  0	  0	  0	  0	  0	  0	  0	  0	  0	  0	  5	21806	  0
10/08/2016	04:41:58	<-	L	00000000	 22	 82	 47	 18	  0	242	  0	  4	  4	  4	  4	  4	  4	  4	  4	  0	  0	  0	  0	  0	  0	  0	  0	  0	  0	  0	  0	  0	  0	  0	  0	  0	  0	  0	  0	  0	  0	  0	  0	 82	 47	 18	 77	  0	 20	  0	  0	  0	  0	  0	  0	  0	  0	  0	  0	  0	  5	21806	  0
10/08/2016	04:46:58	<-	L	00000000	 22	 87	 47	 15	  0	247	  0	  4	  4	  4	  4	  4	  4	  4	  4	  0	  0	  0	  0	  0	  0	  0	  0	  0	  0	  0	  0	  0	  0	  0	  0	  0	  0	  0	  0	  0	  0	  0	  0	 87	 47	 14	 79	  0	 19	  0	  0	  0	  0	  0	  0	  0	  0	  0	  0	  0	  5	21806	  0
10/08/2016	04:51:58	<-	L	00000000	 22	 83	 47	 17	  0	252	  0	  4	  4	  4	  4	  4	  4	  4	  4	  0	  0	  0	  0	  0	  0	  0	  0	  0	  0	  0	  0	  0	  0	  0	  0	  0	  0	  0	  0	  0	  0	  0	  0	 83	 47	 17	 77	  0	 20	  0	  0	  0	  0	  0	  0	  0	  0	  0	  0	  0	  5	21806	  0
10/08/2016	04:56:58	<-	L	00000000	 22	 87	 47	 14	  0	257	  0	  4	  4	  4	  4	  4	  4	  4	  4	  0	  0	  0	  0	  0	  0	  0	  0	  0	  0	  0	  0	  0	  0	  0	  0	  0	  0	  0	  0	  0	  0	  0	  0	 87	 47	 14	 80	  0	 19	  0	  0	  0	  0	  0	  0	  0	  0	  0	  0	  0	  5	21806	  0
10/08/2016	05:01:58	<-	L	00000000	 22	 82	 46	 17	  0	262	  0	  4	  4	  4	  4	  4	  4	  4	  4	  0	  0	  0	  0	  0	  0	  0	  0	  0	  0	  0	  0	  0	  0	  0	  0	  0	  0	  0	  0	  0	  0	  0	  0	 82	 46	 17	 77	  0	 19	  0	  0	  0	  0	  0	  0	  0	  0	  0	  0	  0	  5	21806	  0
10/08/2016	05:06:58	<-	L	00000000	 22	 86	 47	 16	  0	267	  0	  4	  4	  4	  4	  4	  4	  4	  4	  0	  0	  0	  0	  0	  0	  0	  0	  0	  0	  0	  0	  0	  0	  0	  0	  0	  0	  0	  0	  0	  0	  0	  0	 86	 47	 15	 78	  0	 20	  0	  0	  0	  0	  0	  0	  0	  0	  0	  0	  0	  5	21806	  0
10/08/2016	05:11:58	<-	L	00000000	 22	 83	 47	 17	  0	272	  0	  4	  4	  4	  4	  4	  4	  4	  4	  0	  0	  0	  0	  0	  0	  0	  0	  0	  0	  0	  0	  0	  0	  0	  0	  0	  0	  0	  0	  0	  0	  0	  0	 83	 47	 17	 77	  0	 20	  0	  0	  0	  0	  0	  0	  0	  0	  0	  0	  0	  5	21806	  0
