09-03-2016	00:19:23	->	L	00000000	 10	 30	 24	 66	  0	  3	  0	  4	  4	  4	  4	  4	  4	  4	  4	  0	  0	  0	  0	  0	  0	  0	  0	  0	  0	  0	  0	  0	  0	  0	  0	  0	  0	  0	  0	  0	  0	  0	  0	 29	 24	 74	 30	  0	 66	  0	  0	  0	  0	  0	  0	  0	  0	  0	  0	  0	  5	7700	  1
09-03-2016	00:24:23	->	L	00000000	 10	 32	 23	 53	  0	  8	  0	  4	  4	  4	  4	  4	  4	  4	  4	  0	  0	  0	  0	  0	  0	  0	  0	  0	  0	  0	  0	  0	  0	  0	  0	  0	  0	  0	  0	  0	  0	  0	  0	 28	 23	 74	 31	  0	 53	  0	  0	  0	  0	  0	  0	  0	  0	  0	  0	  0	  5	7957	  1
09-03-2016	00:29:23	->	L	00000000	 10	 32	 23	 50	  0	 13	  0	  4	  4	  4	  4	  4	  4	  4	  4	  0	  0	  0	  0	  0	  0	  0	  0	  0	  0	  0	  0	  0	  0	  0	  0	  0	  0	  0	  0	  0	  0	  0	  0	 29	 23	 66	 32	  0	 53	  0	  0	  0	  0	  0	  0	  0	  0	  0	  0	  0	  5	8214	  1
09-03-2016	00:34:24	->	L	00000000	 10	 32	 24	 57	  0	 18	  0	  4	  4	  4	  4	  4	  4	  4	  4	  0	  0	  0	  0	  0	  0	  0	  0	  0	  0	  0	  0	  0	  0	  0	  0	  0	  0	  0	  0	  0	  0	  0	  0	 30	 24	 66	 32	  0	 57	  0	  0	  0	  0	  0	  0	  0	  0	  0	  0	  0	  5	8471	  1
09-03-2016	00:39:24	->	L	00000000	 10	 34	 25	 54	  0	 23	  0	  4	  4	  4	  4	  4	  4	  4	  4	  0	  0	  0	  0	  0	  0	  0	  0	  0	  0	  0	  0	  0	  0	  0	  0	  0	  0	  0	  0	  0	  0	  0	  0	 30	 25	 74	 34	  0	 54	  0	  0	  0	  0	  0	  0	  0	  0	  0	  0	  0	  5	8728	  1
09-03-2016	00:44:25	->	L	00000000	 10	 37	 25	 50	  0	 28	  0	  4	  4	  4	  4	  4	  4	  4	  4	  0	  0	  0	  0	  0	  0	  0	  0	  0	  0	  0	  0	  0	  0	  0	  0	  0	  0	  0	  0	  0	  0	  0	  0	 31	 25	 66	 37	  0	 44	  0	  0	  0	  0	  0	  0	  0	  0	  0	  0	  0	  5	8985	  1
09-03-2016	00:49:24	->	L	00000000	 10	 40	 26	 44	  0	 33	  0	  4	  4	  4	  4	  4	  4	  4	  4	  0	  0	  0	  0	  0	  0	  0	  0	  0	  0	  0	  0	  0	  0	  0	  0	  0	  0	  0	  0	  0	  0	  0	  0	 32	 26	 67	 40	  0	 37	  0	  0	  0	  0	  0	  0	  0	  0	  0	  0	  0	  5	9242	  1
09-03-2016	00:54:24	->	L	00000000	 10	 42	 27	 38	  0	 38	  0	  4	  4	  4	  4	  4	  4	  4	  4	  0	  0	  0	  0	  0	  0	  0	  0	  0	  0	  0	  0	  0	  0	  0	  0	  0	  0	  0	  0	  0	  0	  0	  0	 33	 27	 67	 42	  0	 36	  0	  0	  0	  0	  0	  0	  0	  0	  0	  0	  0	  5	9242	  1
09-03-2016	00:59:24	->	L	00000000	 10	 44	 28	 29	  0	 43	  0	  4	  4	  4	  4	  4	  4	  4	  4	  0	  0	  0	  0	  0	  0	  0	  0	  0	  0	  0	  0	  0	  0	  0	  0	  0	  0	  0	  0	  0	  0	  0	  0	 34	 28	 67	 44	  0	 32	  0	  0	  0	  0	  0	  0	  0	  0	  0	  0	  0	  5	9499	  1
09-03-2016	01:04:24	->	L	00000000	 10	 44	 28	 32	  0	 48	  0	  4	  4	  4	  4	  4	  4	  4	  4	  0	  0	  0	  0	  0	  0	  0	  0	  0	  0	  0	  0	  0	  0	  0	  0	  0	  0	  0	  0	  0	  0	  0	  0	 34	 28	 67	 44	  0	 32	  0	  0	  0	  0	  0	  0	  0	  0	  0	  0	  0	  5	9756	  1
09-03-2016	01:09:24	->	L	00000000	 10	 43	 29	 36	  0	 53	  0	  4	  4	  4	  4	  4	  4	  4	  4	  0	  0	  0	  0	  0	  0	  0	  0	  0	  0	  0	  0	  0	  0	  0	  0	  0	  0	  0	  0	  0	  0	  0	  0	 35	 29	 67	 43	  0	 38	  0	  0	  0	  0	  0	  0	  0	  0	  0	  0	  0	  5	10013	  1
09-03-2016	01:14:24	->	L	00000000	 10	 45	 30	 37	  0	 58	  0	  4	  4	  4	  4	  4	  4	  4	  4	  0	  0	  0	  0	  0	  0	  0	  0	  0	  0	  0	  0	  0	  0	  0	  0	  0	  0	  0	  0	  0	  0	  0	  0	 36	 30	 67	 44	  0	 37	  0	  0	  0	  0	  0	  0	  0	  0	  0	  0	  0	  5	10270	  1
09-03-2016	01:19:25	->	L	00000000	 10	 44	 31	 37	  0	 63	  0	  4	  4	  4	  4	  4	  4	  4	  4	  0	  0	  0	  0	  0	  0	  0	  0	  0	  0	  0	  0	  0	  0	  0	  0	  0	  0	  0	  0	  0	  0	  0	  0	 36	 31	 75	 44	  0	 41	  0	  0	  0	  0	  0	  0	  0	  0	  0	  0	  0	  5	10527	  1
09-03-2016	01:24:25	->	L	00000000	 10	 44	 31	 39	  0	 68	  0	  4	  4	  4	  4	  4	  4	  4	  4	  0	  0	  0	  0	  0	  0	  0	  0	  0	  0	  0	  0	  0	  0	  0	  0	  0	  0	  0	  0	  0	  0	  0	  0	 36	 31	 68	 44	  0	 39	  0	  0	  0	  0	  0	  0	  0	  0	  0	  0	  0	  5	10784	  1
09-03-2016	01:29:25	->	L	00000000	 10	 44	 32	 46	  0	 73	  0	  4	  4	  4	  4	  4	  4	  4	  4	  0	  0	  0	  0	  0	  0	  0	  0	  0	  0	  0	  0	  0	  0	  0	  0	  0	  0	  0	  0	  0	  0	  0	  0	 37	 32	 75	 44	  0	 46	  0	  0	  0	  0	  0	  0	  0	  0	  0	  0	  0	  5	11041	  1
09-03-2016	01:34:25	->	L	00000000	 10	 43	 33	 53	  0	 78	  0	  4	  4	  4	  4	  4	  4	  4	  4	  0	  0	  0	  0	  0	  0	  0	  0	  0	  0	  0	  0	  0	  0	  0	  0	  0	  0	  0	  0	  0	  0	  0	  0	 37	 33	 78	 43	  0	 53	  0	  0	  0	  0	  0	  0	  0	  0	  0	  0	  0	  5	11298	  1
09-03-2016	01:39:25	->	L	00000000	 10	 46	 33	 46	  0	 83	  0	  4	  4	  4	  4	  4	  4	  4	  4	  0	  0	  0	  0	  0	  0	  0	  0	  0	  0	  0	  0	  0	  0	  0	  0	  0	  0	  0	  0	  0	  0	  0	  0	 38	 33	 75	 46	  0	 42	  0	  0	  0	  0	  0	  0	  0	  0	  0	  0	  0	  5	11555	  1
09-03-2016	01:44:25	->	L	00000000	 10	 49	 35	 43	  0	 88	  0	  4	  4	  4	  4	  4	  4	  4	  4	  0	  0	  0	  0	  0	  0	  0	  0	  0	  0	  0	  0	  0	  0	  0	  0	  0	  0	  0	  0	  0	  0	  0	  0	 39	 35	 78	 49	  0	 41	  0	  0	  0	  0	  0	  0	  0	  0	  0	  0	  0	  5	11812	  1
09-03-2016	01:49:26	->	L	00000000	 10	 50	 36	 38	  0	 93	  0	  4	  4	  4	  4	  4	  4	  4	  4	  0	  0	  0	  0	  0	  0	  0	  0	  0	  0	  0	  0	  0	  0	  0	  0	  0	  0	  0	  0	  0	  0	  0	  0	 40	 36	 78	 50	  0	 41	  0	  0	  0	  0	  0	  0	  0	  0	  0	  0	  0	  5	12069	  1
09-03-2016	01:54:25	->	L	00000000	 10	 48	 36	 43	  0	 98	  0	  4	  4	  4	  4	  4	  4	  4	  4	  0	  0	  0	  0	  0	  0	  0	  0	  0	  0	  0	  0	  0	  0	  0	  0	  0	  0	  0	  0	  0	  0	  0	  0	 40	 36	 78	 48	  0	 47	  0	  0	  0	  0	  0	  0	  0	  0	  0	  0	  0	  5	12069	  1
09-03-2016	01:59:25	->	L	00000000	 10	 49	 37	 47	  0	103	  0	  4	  4	  4	  4	  4	  4	  4	  4	  0	  0	  0	  0	  0	  0	  0	  0	  0	  0	  0	  0	  0	  0	  0	  0	  0	  0	  0	  0	  0	  0	  0	  0	 41	 37	 78	 49	  0	 47	  0	  0	  0	  0	  0	  0	  0	  0	  0	  0	  0	  5	12326	  1
09-03-2016	02:04:26	->	L	00000000	 10	 48	 38	 50	  0	108	  0	  4	  4	  4	  4	  4	  4	  4	  4	  0	  0	  0	  0	  0	  0	  0	  0	  0	  0	  0	  0	  0	  0	  0	  0	  0	  0	  0	  0	  0	  0	  0	  0	 41	 38	 84	 48	  0	 54	  0	  0	  0	  0	  0	  0	  0	  0	  0	  0	  0	  5	12583	  1
09-03-2016	02:09:26	->	L	00000000	 10	 49	 39	 58	  0	113	  0	  4	  4	  4	  4	  4	  4	  4	  4	  0	  0	  0	  0	  0	  0	  0	  0	  0	  0	  0	  0	  0	  0	  0	  0	  0	  0	  0	  0	  0	  0	  0	  0	 42	 39	 84	 49	  0	 54	  0	  0	  0	  0	  0	  0	  0	  0	  0	  0	  0	  5	12840	  1
09-03-2016	02:14:26	->	L	00000000	 10	 54	 39	 40	  0	118	  0	  4	  4	  4	  4	  4	  4	  4	  4	  0	  0	  0	  0	  0	  0	  0	  0	  0	  0	  0	  0	  0	  0	  0	  0	  0	  0	  0	  0	  0	  0	  0	  0	 43	 39	 79	 54	  0	 40	  0	  0	  0	  0	  0	  0	  0	  0	  0	  0	  0	  5	13097	  1
09-03-2016	02:19:26	->	L	00000000	 10	 55	 40	 40	  0	123	  0	  4	  4	  4	  4	  4	  4	  4	  4	  0	  0	  0	  0	  0	  0	  0	  0	  0	  0	  0	  0	  0	  0	  0	  0	  0	  0	  0	  0	  0	  0	  0	  0	 44	 40	 79	 55	  0	 40	  0	  0	  0	  0	  0	  0	  0	  0	  0	  0	  0	  5	13354	  1
09-03-2016	02:24:26	->	L	00000000	 10	 53	 41	 45	  0	128	  0	  4	  4	  4	  4	  4	  4	  4	  4	  0	  0	  0	  0	  0	  0	  0	  0	  0	  0	  0	  0	  0	  0	  0	  0	  0	  0	  0	  0	  0	  0	  0	  0	 45	 41	 79	 53	  0	 49	  0	  0	  0	  0	  0	  0	  0	  0	  0	  0	  0	  5	13611	  1
09-03-2016	02:29:26	->	L	00000000	 10	 52	 42	 52	  0	133	  0	  4	  4	  4	  4	  4	  4	  4	  4	  0	  0	  0	  0	  0	  0	  0	  0	  0	  0	  0	  0	  0	  0	  0	  0	  0	  0	  0	  0	  0	  0	  0	  0	 45	 42	 84	 52	  0	 55	  0	  0	  0	  0	  0	  0	  0	  0	  0	  0	  0	  5	13868	  1
09-03-2016	02:34:26	->	L	00000000	 10	 56	 43	 49	  0	138	  0	  4	  4	  4	  4	  4	  4	  4	  4	  0	  0	  0	  0	  0	  0	  0	  0	  0	  0	  0	  0	  0	  0	  0	  0	  0	  0	  0	  0	  0	  0	  0	  0	 46	 43	 85	 56	  0	 46	  0	  0	  0	  0	  0	  0	  0	  0	  0	  0	  0	  5	14125	  1
09-03-2016	02:39:26	->	L	00000000	 10	 60	 45	 42	  0	143	  0	  4	  4	  4	  4	  4	  4	  4	  4	  0	  0	  0	  0	  0	  0	  0	  0	  0	  0	  0	  0	  0	  0	  0	  0	  0	  0	  0	  0	  0	  0	  0	  0	 48	 45	 85	 60	  0	 42	  0	  0	  0	  0	  0	  0	  0	  0	  0	  0	  0	  5	14382	  1
09-03-2016	02:44:26	->	L	00000000	 10	 60	 45	 42	  0	148	  0	  4	  4	  4	  4	  4	  4	  4	  4	  0	  0	  0	  0	  0	  0	  0	  0	  0	  0	  0	  0	  0	  0	  0	  0	  0	  0	  0	  0	  0	  0	  0	  0	 48	 45	 85	 60	  0	 42	  0	  0	  0	  0	  0	  0	  0	  0	  0	  0	  0	  5	14639	  1
09-03-2016	02:49:27	->	L	00000000	 10	 57	 46	 53	  0	153	  0	  4	  4	  4	  4	  4	  4	  4	  4	  0	  0	  0	  0	  0	  0	  0	  0	  0	  0	  0	  0	  0	  0	  0	  0	  0	  0	  0	  0	  0	  0	  0	  0	 48	 46	 89	 57	  0	 53	  0	  0	  0	  0	  0	  0	  0	  0	  0	  0	  0	  5	14896	  1
09-03-2016	02:54:26	->	L	00000000	 10	 57	 47	 60	  0	158	  0	  4	  4	  4	  4	  4	  4	  4	  4	  0	  0	  0	  0	  0	  0	  0	  0	  0	  0	  0	  0	  0	  0	  0	  0	  0	  0	  0	  0	  0	  0	  0	  0	 49	 47	 89	 57	  0	 57	  0	  0	  0	  0	  0	  0	  0	  0	  0	  0	  0	  5	14896	  1
09-03-2016	02:59:27	->	L	00000000	 10	 63	 48	 43	  0	163	  0	  4	  4	  4	  4	  4	  4	  4	  4	  0	  0	  0	  0	  0	  0	  0	  0	  0	  0	  0	  0	  0	  0	  0	  0	  0	  0	  0	  0	  0	  0	  0	  0	 51	 48	 85	 63	  0	 43	  0	  0	  0	  0	  0	  0	  0	  0	  0	  0	  0	  5	15153	  1
09-03-2016	03:04:27	->	L	00000000	 10	 61	 49	 51	  0	168	  0	  4	  4	  4	  4	  4	  4	  4	  4	  0	  0	  0	  0	  0	  0	  0	  0	  0	  0	  0	  0	  0	  0	  0	  0	  0	  0	  0	  0	  0	  0	  0	  0	 51	 49	 90	 61	  0	 51	  0	  0	  0	  0	  0	  0	  0	  0	  0	  0	  0	  5	15410	  1
09-03-2016	03:09:27	->	L	00000000	 10	 60	 49	 54	  0	173	  0	  4	  4	  4	  4	  4	  4	  4	  4	  0	  0	  0	  0	  0	  0	  0	  0	  0	  0	  0	  0	  0	  0	  0	  0	  0	  0	  0	  0	  0	  0	  0	  0	 52	 49	 85	 60	  0	 54	  0	  0	  0	  0	  0	  0	  0	  0	  0	  0	  0	  5	15667	  1
09-03-2016	03:14:27	->	L	00000000	 10	 64	 50	 48	  0	178	  0	  4	  4	  4	  4	  4	  4	  4	  4	  0	  0	  0	  0	  0	  0	  0	  0	  0	  0	  0	  0	  0	  0	  0	  0	  0	  0	  0	  0	  0	  0	  0	  0	 53	 50	 85	 64	  0	 46	  0	  0	  0	  0	  0	  0	  0	  0	  0	  0	  0	  5	15924	  1
09-03-2016	03:19:28	<-	L	00000000	 10	 67	 52	 45	  0	183	  0	  4	  4	  4	  4	  4	  4	  4	  4	  0	  0	  0	  0	  0	  0	  0	  0	  0	  0	  0	  0	  0	  0	  0	  0	  0	  0	  0	  0	  0	  0	  0	  0	 55	 52	 86	 67	  0	 45	  0	  0	  0	  0	  0	  0	  0	  0	  0	  0	  0	  5	16181	  1
09-03-2016	03:24:27	<-	L	00000000	 10	 69	 54	 46	  0	188	  0	  4	  4	  4	  4	  4	  4	  4	  4	  0	  0	  0	  0	  0	  0	  0	  0	  0	  0	  0	  0	  0	  0	  0	  0	  0	  0	  0	  0	  0	  0	  0	  0	 69	 54	 46	 61	  0	 69	  0	  0	  0	  0	  0	  0	  0	  0	  0	  0	  0	  5	16438	  1
09-03-2016	03:29:27	<-	L	00000000	 10	 67	 54	 47	  0	193	  0	  4	  4	  4	  4	  4	  4	  4	  4	  0	  0	  0	  0	  0	  0	  0	  0	  0	  0	  0	  0	  0	  0	  0	  0	  0	  0	  0	  0	  0	  0	  0	  0	 67	 54	 50	 61	  0	 69	  0	  0	  0	  0	  0	  0	  0	  0	  0	  0	  0	  5	16695	  1
09-03-2016	03:34:27	<-	L	00000000	 10	 65	 54	 53	  0	198	  0	  4	  4	  4	  4	  4	  4	  4	  4	  0	  0	  0	  0	  0	  0	  0	  0	  0	  0	  0	  0	  0	  0	  0	  0	  0	  0	  0	  0	  0	  0	  0	  0	 65	 54	 56	 60	  0	 72	  0	  0	  0	  0	  0	  0	  0	  0	  0	  0	  0	  5	16952	  1
09-03-2016	03:39:27	<-	L	00000000	 10	 69	 55	 50	  0	203	  0	  4	  4	  4	  4	  4	  4	  4	  4	  0	  0	  0	  0	  0	  0	  0	  0	  0	  0	  0	  0	  0	  0	  0	  0	  0	  0	  0	  0	  0	  0	  0	  0	 69	 55	 48	 61	  0	 72	  0	  0	  0	  0	  0	  0	  0	  0	  0	  0	  0	  5	17209	  1
09-03-2016	03:44:27	<-	L	00000000	 10	 74	 57	 44	  0	208	  0	  4	  4	  4	  4	  4	  4	  4	  4	  0	  0	  0	  0	  0	  0	  0	  0	  0	  0	  0	  0	  0	  0	  0	  0	  0	  0	  0	  0	  0	  0	  0	  0	 74	 57	 41	 63	  0	 73	  0	  0	  0	  0	  0	  0	  0	  0	  0	  0	  0	  5	17466	  1
09-03-2016	03:49:27	<-	L	00000000	 10	 74	 57	 42	  0	213	  0	  4	  4	  4	  4	  4	  4	  4	  4	  0	  0	  0	  0	  0	  0	  0	  0	  0	  0	  0	  0	  0	  0	  0	  0	  0	  0	  0	  0	  0	  0	  0	  0	 74	 57	 41	 65	  0	 66	  0	  0	  0	  0	  0	  0	  0	  0	  0	  0	  0	  5	17723	  1
09-03-2016	03:54:27	<-	L	00000000	 10	 72	 57	 44	  0	218	  0	  4	  4	  4	  4	  4	  4	  4	  4	  0	  0	  0	  0	  0	  0	  0	  0	  0	  0	  0	  0	  0	  0	  0	  0	  0	  0	  0	  0	  0	  0	  0	  0	 72	 57	 47	 65	  0	 66	  0	  0	  0	  0	  0	  0	  0	  0	  0	  0	  0	  5	17723	  1
09-03-2016	03:59:28	<-	L	00000000	 10	 70	 58	 51	  0	223	  0	  4	  4	  4	  4	  4	  4	  4	  4	  0	  0	  0	  0	  0	  0	  0	  0	  0	  0	  0	  0	  0	  0	  0	  0	  0	  0	  0	  0	  0	  0	  0	  0	 70	 58	 54	 64	  0	 73	  0	  0	  0	  0	  0	  0	  0	  0	  0	  0	  0	  5	17980	  1
09-03-2016	04:04:28	<-	L	00000000	 10	 70	 60	 57	  0	228	  0	  4	  4	  4	  4	  4	  4	  4	  4	  0	  0	  0	  0	  0	  0	  0	  0	  0	  0	  0	  0	  0	  0	  0	  0	  0	  0	  0	  0	  0	  0	  0	  0	 70	 60	 60	 65	  0	 79	  0	  0	  0	  0	  0	  0	  0	  0	  0	  0	  0	  5	18237	  1
09-03-2016	04:09:28	<-	L	00000000	 10	 78	 61	 46	  0	233	  0	  4	  4	  4	  4	  4	  4	  4	  4	  0	  0	  0	  0	  0	  0	  0	  0	  0	  0	  0	  0	  0	  0	  0	  0	  0	  0	  0	  0	  0	  0	  0	  0	 78	 61	 43	 67	  0	 74	  0	  0	  0	  0	  0	  0	  0	  0	  0	  0	  0	  5	18494	  1
09-03-2016	04:14:28	<-	L	00000000	 10	 76	 61	 50	  0	238	  0	  4	  4	  4	  4	  4	  4	  4	  4	  0	  0	  0	  0	  0	  0	  0	  0	  0	  0	  0	  0	  0	  0	  0	  0	  0	  0	  0	  0	  0	  0	  0	  0	 76	 61	 48	 68	  0	 71	  0	  0	  0	  0	  0	  0	  0	  0	  0	  0	  0	  5	18751	  1
09-03-2016	04:19:28	<-	L	00000000	 10	 77	 62	 46	  0	243	  0	  4	  4	  4	  4	  4	  4	  4	  4	  0	  0	  0	  0	  0	  0	  0	  0	  0	  0	  0	  0	  0	  0	  0	  0	  0	  0	  0	  0	  0	  0	  0	  0	 77	 62	 48	 69	  0	 71	  0	  0	  0	  0	  0	  0	  0	  0	  0	  0	  0	  5	19008	  1
09-03-2016	04:24:28	<-	L	00000000	 10	 75	 62	 53	  0	248	  0	  4	  4	  4	  4	  4	  4	  4	  4	  0	  0	  0	  0	  0	  0	  0	  0	  0	  0	  0	  0	  0	  0	  0	  0	  0	  0	  0	  0	  0	  0	  0	  0	 75	 62	 53	 68	  0	 74	  0	  0	  0	  0	  0	  0	  0	  0	  0	  0	  0	  5	19265	  1
09-03-2016	04:29:28	<-	L	00000000	 10	 76	 63	 56	  0	253	  0	  4	  4	  4	  4	  4	  4	  4	  4	  0	  0	  0	  0	  0	  0	  0	  0	  0	  0	  0	  0	  0	  0	  0	  0	  0	  0	  0	  0	  0	  0	  0	  0	 76	 63	 53	 68	  0	 79	  0	  0	  0	  0	  0	  0	  0	  0	  0	  0	  0	  5	19522	  1
09-03-2016	04:34:28	<-	L	00000000	 10	 80	 64	 44	  0	258	  0	  4	  4	  4	  4	  4	  4	  4	  4	  0	  0	  0	  0	  0	  0	  0	  0	  0	  0	  0	  0	  0	  0	  0	  0	  0	  0	  0	  0	  0	  0	  0	  0	 80	 64	 47	 71	  0	 71	  0	  0	  0	  0	  0	  0	  0	  0	  0	  0	  0	  5	19779	  1
09-03-2016	04:39:29	<-	L	00000000	 10	 76	 64	 56	  0	263	  0	  4	  4	  4	  4	  4	  4	  4	  4	  0	  0	  0	  0	  0	  0	  0	  0	  0	  0	  0	  0	  0	  0	  0	  0	  0	  0	  0	  0	  0	  0	  0	  0	 76	 64	 56	 70	  0	 74	  0	  0	  0	  0	  0	  0	  0	  0	  0	  0	  0	  5	20036	  1
09-03-2016	04:44:28	<-	L	00000000	 10	 82	 65	 47	  0	268	  0	  4	  4	  4	  4	  4	  4	  4	  4	  0	  0	  0	  0	  0	  0	  0	  0	  0	  0	  0	  0	  0	  0	  0	  0	  0	  0	  0	  0	  0	  0	  0	  0	 82	 65	 45	 71	  0	 74	  0	  0	  0	  0	  0	  0	  0	  0	  0	  0	  0	  5	20293	  1
09-03-2016	04:49:28	<-	L	00000000	 10	 78	 64	 54	  0	273	  0	  4	  4	  4	  4	  4	  4	  4	  4	  0	  0	  0	  0	  0	  0	  0	  0	  0	  0	  0	  0	  0	  0	  0	  0	  0	  0	  0	  0	  0	  0	  0	  0	 78	 64	 51	 71	  0	 71	  0	  0	  0	  0	  0	  0	  0	  0	  0	  0	  0	  5	20550	  1
09-03-2016	04:54:28	<-	L	00000000	 10	 81	 66	 51	  0	278	  0	  4	  4	  4	  4	  4	  4	  4	  4	  0	  0	  0	  0	  0	  0	  0	  0	  0	  0	  0	  0	  0	  0	  0	  0	  0	  0	  0	  0	  0	  0	  0	  0	 81	 66	 50	 72	  0	 75	  0	  0	  0	  0	  0	  0	  0	  0	  0	  0	  0	  5	20550	  1
09-03-2016	04:59:28	<-	L	00000000	 10	 82	 66	 45	  0	283	  0	  4	  4	  4	  4	  4	  4	  4	  4	  0	  0	  0	  0	  0	  0	  0	  0	  0	  0	  0	  0	  0	  0	  0	  0	  0	  0	  0	  0	  0	  0	  0	  0	 82	 66	 48	 73	  0	 72	  0	  0	  0	  0	  0	  0	  0	  0	  0	  0	  0	  5	20807	  1
09-03-2016	05:04:29	<-	L	00000000	 10	 81	 66	 50	  0	288	  0	  4	  4	  4	  4	  4	  4	  4	  4	  0	  0	  0	  0	  0	  0	  0	  0	  0	  0	  0	  0	  0	  0	  0	  0	  0	  0	  0	  0	  0	  0	  0	  0	 81	 66	 50	 72	  0	 75	  0	  0	  0	  0	  0	  0	  0	  0	  0	  0	  0	  5	21064	  1
09-03-2016	05:09:29	<-	L	00000000	 10	 84	 66	 42	  0	293	  0	  4	  4	  4	  4	  4	  4	  4	  4	  0	  0	  0	  0	  0	  0	  0	  0	  0	  0	  0	  0	  0	  0	  0	  0	  0	  0	  0	  0	  0	  0	  0	  0	 84	 66	 44	 74	  0	 69	  0	  0	  0	  0	  0	  0	  0	  0	  0	  0	  0	  5	21321	  1
09-03-2016	05:14:29	<-	L	00000000	 10	 83	 67	 48	  0	298	  0	  4	  4	  4	  4	  4	  4	  4	  4	  0	  0	  0	  0	  0	  0	  0	  0	  0	  0	  0	  0	  0	  0	  0	  0	  0	  0	  0	  0	  0	  0	  0	  0	 83	 67	 48	 74	  0	 72	  0	  0	  0	  0	  0	  0	  0	  0	  0	  0	  0	  5	21578	  1
09-03-2016	05:19:29	<-	L	00000000	 21	 85	 66	 42	  0	  2	  0	  4	  4	  4	  4	  4	  4	  4	  4	  0	  0	  0	  0	  0	  0	  0	  0	  0	  0	  0	  0	  0	  0	  0	  0	  0	  0	  0	  0	  0	  0	  0	  0	 85	 66	 42	 74	  0	 69	  0	  0	  0	  0	  0	  0	  0	  0	  0	  0	  0	  5	21827	  0
09-03-2016	05:24:29	<-	L	00000000	 21	 84	 66	 45	  0	  7	  0	  4	  4	  4	  4	  4	  4	  4	  4	  0	  0	  0	  0	  0	  0	  0	  0	  0	  0	  0	  0	  0	  0	  0	  0	  0	  0	  0	  0	  0	  0	  0	  0	 84	 66	 44	 73	  0	 72	  0	  0	  0	  0	  0	  0	  0	  0	  0	  0	  0	  5	21827	  0
09-03-2016	05:29:29	<-	L	00000000	 21	 87	 66	 37	  0	 12	  0	  4	  4	  4	  4	  4	  4	  4	  4	  0	  0	  0	  0	  0	  0	  0	  0	  0	  0	  0	  0	  0	  0	  0	  0	  0	  0	  0	  0	  0	  0	  0	  0	 87	 66	 37	 75	  0	 65	  0	  0	  0	  0	  0	  0	  0	  0	  0	  0	  0	  5	21827	  0
09-03-2016	05:34:29	<-	L	00000000	 21	 83	 65	 44	  0	 17	  0	  4	  4	  4	  4	  4	  4	  4	  4	  0	  0	  0	  0	  0	  0	  0	  0	  0	  0	  0	  0	  0	  0	  0	  0	  0	  0	  0	  0	  0	  0	  0	  0	 83	 65	 44	 73	  0	 68	  0	  0	  0	  0	  0	  0	  0	  0	  0	  0	  0	  5	21827	  0
09-03-2016	05:39:29	<-	L	00000000	 21	 86	 65	 40	  0	 22	  0	  4	  4	  4	  4	  4	  4	  4	  4	  0	  0	  0	  0	  0	  0	  0	  0	  0	  0	  0	  0	  0	  0	  0	  0	  0	  0	  0	  0	  0	  0	  0	  0	 86	 65	 37	 74	  0	 65	  0	  0	  0	  0	  0	  0	  0	  0	  0	  0	  0	  5	21827	  0
09-03-2016	05:44:29	<-	L	00000000	 21	 85	 65	 37	  0	 27	  0	  4	  4	  4	  4	  4	  4	  4	  4	  0	  0	  0	  0	  0	  0	  0	  0	  0	  0	  0	  0	  0	  0	  0	  0	  0	  0	  0	  0	  0	  0	  0	  0	 85	 65	 40	 74	  0	 65	  0	  0	  0	  0	  0	  0	  0	  0	  0	  0	  0	  5	21827	  0
09-03-2016	05:49:29	<-	L	00000000	 21	 84	 65	 41	  0	 32	  0	  4	  4	  4	  4	  4	  4	  4	  4	  0	  0	  0	  0	  0	  0	  0	  0	  0	  0	  0	  0	  0	  0	  0	  0	  0	  0	  0	  0	  0	  0	  0	  0	 84	 65	 41	 74	  0	 65	  0	  0	  0	  0	  0	  0	  0	  0	  0	  0	  0	  5	21827	  0
09-03-2016	05:54:29	<-	L	00000000	 21	 87	 65	 37	  0	 37	  0	  4	  4	  4	  4	  4	  4	  4	  4	  0	  0	  0	  0	  0	  0	  0	  0	  0	  0	  0	  0	  0	  0	  0	  0	  0	  0	  0	  0	  0	  0	  0	  0	 87	 65	 37	 75	  0	 62	  0	  0	  0	  0	  0	  0	  0	  0	  0	  0	  0	  5	21827	  0
09-03-2016	05:59:30	<-	L	00000000	 21	 83	 65	 44	  0	 42	  0	  4	  4	  4	  4	  4	  4	  4	  4	  0	  0	  0	  0	  0	  0	  0	  0	  0	  0	  0	  0	  0	  0	  0	  0	  0	  0	  0	  0	  0	  0	  0	  0	 83	 65	 44	 73	  0	 68	  0	  0	  0	  0	  0	  0	  0	  0	  0	  0	  0	  5	21827	  0
09-03-2016	06:04:30	<-	L	00000000	 21	 87	 65	 37	  0	 47	  0	  4	  4	  4	  4	  4	  4	  4	  4	  0	  0	  0	  0	  0	  0	  0	  0	  0	  0	  0	  0	  0	  0	  0	  0	  0	  0	  0	  0	  0	  0	  0	  0	 87	 65	 37	 74	  0	 65	  0	  0	  0	  0	  0	  0	  0	  0	  0	  0	  0	  5	21827	  0
09-03-2016	06:09:30	<-	L	00000000	 21	 84	 65	 44	  0	 52	  0	  4	  4	  4	  4	  4	  4	  4	  4	  0	  0	  0	  0	  0	  0	  0	  0	  0	  0	  0	  0	  0	  0	  0	  0	  0	  0	  0	  0	  0	  0	  0	  0	 84	 65	 41	 74	  0	 65	  0	  0	  0	  0	  0	  0	  0	  0	  0	  0	  0	  5	21827	  0
09-03-2016	06:14:30	<-	L	00000000	 21	 87	 65	 34	  0	 57	  0	  4	  4	  4	  4	  4	  4	  4	  4	  0	  0	  0	  0	  0	  0	  0	  0	  0	  0	  0	  0	  0	  0	  0	  0	  0	  0	  0	  0	  0	  0	  0	  0	 87	 65	 37	 75	  0	 62	  0	  0	  0	  0	  0	  0	  0	  0	  0	  0	  0	  5	21827	  0
09-03-2016	06:19:30	<-	L	00000000	 21	 83	 65	 41	  0	 62	  0	  4	  4	  4	  4	  4	  4	  4	  4	  0	  0	  0	  0	  0	  0	  0	  0	  0	  0	  0	  0	  0	  0	  0	  0	  0	  0	  0	  0	  0	  0	  0	  0	 83	 65	 44	 73	  0	 68	  0	  0	  0	  0	  0	  0	  0	  0	  0	  0	  0	  5	21827	  0
09-03-2016	06:24:30	<-	L	00000000	 21	 88	 65	 34	  0	 67	  0	  4	  4	  4	  4	  4	  4	  4	  4	  0	  0	  0	  0	  0	  0	  0	  0	  0	  0	  0	  0	  0	  0	  0	  0	  0	  0	  0	  0	  0	  0	  0	  0	 88	 65	 34	 75	  0	 62	  0	  0	  0	  0	  0	  0	  0	  0	  0	  0	  0	  5	21827	  0
09-03-2016	06:29:30	<-	L	00000000	 21	 84	 64	 37	  0	 72	  0	  4	  4	  4	  4	  4	  4	  4	  4	  0	  0	  0	  0	  0	  0	  0	  0	  0	  0	  0	  0	  0	  0	  0	  0	  0	  0	  0	  0	  0	  0	  0	  0	 84	 64	 39	 74	  0	 62	  0	  0	  0	  0	  0	  0	  0	  0	  0	  0	  0	  5	21827	  0
09-03-2016	06:34:30	<-	L	00000000	 21	 87	 65	 37	  0	 77	  0	  4	  4	  4	  4	  4	  4	  4	  4	  0	  0	  0	  0	  0	  0	  0	  0	  0	  0	  0	  0	  0	  0	  0	  0	  0	  0	  0	  0	  0	  0	  0	  0	 87	 65	 37	 74	  0	 65	  0	  0	  0	  0	  0	  0	  0	  0	  0	  0	  0	  5	21827	  0
09-03-2016	06:39:30	<-	L	00000000	 21	 85	 64	 37	  0	 82	  0	  4	  4	  4	  4	  4	  4	  4	  4	  0	  0	  0	  0	  0	  0	  0	  0	  0	  0	  0	  0	  0	  0	  0	  0	  0	  0	  0	  0	  0	  0	  0	  0	 85	 64	 37	 74	  0	 62	  0	  0	  0	  0	  0	  0	  0	  0	  0	  0	  0	  5	21827	  0
09-03-2016	06:44:30	<-	L	00000000	 21	 85	 65	 39	  0	 87	  0	  4	  4	  4	  4	  4	  4	  4	  4	  0	  0	  0	  0	  0	  0	  0	  0	  0	  0	  0	  0	  0	  0	  0	  0	  0	  0	  0	  0	  0	  0	  0	  0	 85	 65	 40	 74	  0	 65	  0	  0	  0	  0	  0	  0	  0	  0	  0	  0	  0	  5	21827	  0
09-03-2016	06:49:30	<-	L	00000000	 21	 87	 64	 33	  0	 92	  0	  4	  4	  4	  4	  4	  4	  4	  4	  0	  0	  0	  0	  0	  0	  0	  0	  0	  0	  0	  0	  0	  0	  0	  0	  0	  0	  0	  0	  0	  0	  0	  0	 87	 64	 33	 75	  0	 59	  0	  0	  0	  0	  0	  0	  0	  0	  0	  0	  0	  5	21827	  0
09-03-2016	06:54:31	<-	L	00000000	 21	 85	 64	 39	  0	 97	  0	  4	  4	  4	  4	  4	  4	  4	  4	  0	  0	  0	  0	  0	  0	  0	  0	  0	  0	  0	  0	  0	  0	  0	  0	  0	  0	  0	  0	  0	  0	  0	  0	 85	 64	 37	 74	  0	 62	  0	  0	  0	  0	  0	  0	  0	  0	  0	  0	  0	  5	21827	  0
09-03-2016	06:59:31	<-	L	00000000	 21	 87	 64	 37	  0	102	  0	  4	  4	  4	  4	  4	  4	  4	  4	  0	  0	  0	  0	  0	  0	  0	  0	  0	  0	  0	  0	  0	  0	  0	  0	  0	  0	  0	  0	  0	  0	  0	  0	 87	 64	 33	 75	  0	 59	  0	  0	  0	  0	  0	  0	  0	  0	  0	  0	  0	  5	21827	  0
09-03-2016	07:04:31	<-	L	00000000	 21	 84	 64	 41	  0	107	  0	  4	  4	  4	  4	  4	  4	  4	  4	  0	  0	  0	  0	  0	  0	  0	  0	  0	  0	  0	  0	  0	  0	  0	  0	  0	  0	  0	  0	  0	  0	  0	  0	 84	 64	 39	 74	  0	 62	  0	  0	  0	  0	  0	  0	  0	  0	  0	  0	  0	  5	21827	  0
09-03-2016	07:09:31	<-	L	00000000	 21	 89	 65	 34	  0	112	  0	  4	  4	  4	  4	  4	  4	  4	  4	  0	  0	  0	  0	  0	  0	  0	  0	  0	  0	  0	  0	  0	  0	  0	  0	  0	  0	  0	  0	  0	  0	  0	  0	 89	 65	 34	 76	  0	 59	  0	  0	  0	  0	  0	  0	  0	  0	  0	  0	  0	  5	21827	  0
09-03-2016	07:14:31	<-	L	00000000	 21	 83	 64	 39	  0	117	  0	  4	  4	  4	  4	  4	  4	  4	  4	  0	  0	  0	  0	  0	  0	  0	  0	  0	  0	  0	  0	  0	  0	  0	  0	  0	  0	  0	  0	  0	  0	  0	  0	 83	 64	 41	 74	  0	 62	  0	  0	  0	  0	  0	  0	  0	  0	  0	  0	  0	  5	21827	  0
09-03-2016	07:19:31	  	L	00000000	 21	 89	 65	 37	  0	122	  0	  4	  4	  4	  4	  4	  4	  4	  4	  0	  0	  0	  0	  0	  0	  0	  0	  0	  0	  0	  0	  0	  0	  0	  0	  0	  0	  0	  0	  0	  0	  0	  0	 89	 65	 34	 75	  0	 62	  0	  0	  0	  0	  0	  0	  0	  0	  0	  0	  0	  5	21827	  0
09-03-2016	07:24:31	->	L	00000000	 21	 86	 62	 31	  0	127	  0	  4	  4	  4	  4	  4	  4	  4	  4	  0	  0	  0	  0	  0	  0	  0	  0	  0	  0	  0	  0	  0	  0	  0	  0	  0	  0	  0	  0	  0	  0	  0	  0	 74	 62	 56	 86	  0	 33	  0	  0	  0	  0	  0	  0	  0	  0	  0	  0	  0	  5	21827	  0
09-03-2016	07:29:31	->	L	00000000	 21	 83	 61	 35	  0	132	  0	  4	  4	  4	  4	  4	  4	  4	  4	  0	  0	  0	  0	  0	  0	  0	  0	  0	  0	  0	  0	  0	  0	  0	  0	  0	  0	  0	  0	  0	  0	  0	  0	 70	 61	 64	 83	  0	 35	  0	  0	  0	  0	  0	  0	  0	  0	  0	  0	  0	  5	21827	  0
09-03-2016	07:34:31	->	L	00000000	 21	 87	 61	 30	  0	137	  0	  4	  4	  4	  4	  4	  4	  4	  4	  0	  0	  0	  0	  0	  0	  0	  0	  0	  0	  0	  0	  0	  0	  0	  0	  0	  0	  0	  0	  0	  0	  0	  0	 70	 61	 64	 87	  0	 30	  0	  0	  0	  0	  0	  0	  0	  0	  0	  0	  0	  5	21827	  0
09-03-2016	07:39:31	->	L	00000000	 21	 83	 61	 35	  0	142	  0	  4	  4	  4	  4	  4	  4	  4	  4	  0	  0	  0	  0	  0	  0	  0	  0	  0	  0	  0	  0	  0	  0	  0	  0	  0	  0	  0	  0	  0	  0	  0	  0	 69	 61	 67	 83	  0	 35	  0	  0	  0	  0	  0	  0	  0	  0	  0	  0	  0	  5	21827	  0
09-03-2016	07:44:32	->	L	00000000	 21	 87	 61	 30	  0	147	  0	  4	  4	  4	  4	  4	  4	  4	  4	  0	  0	  0	  0	  0	  0	  0	  0	  0	  0	  0	  0	  0	  0	  0	  0	  0	  0	  0	  0	  0	  0	  0	  0	 70	 61	 64	 87	  0	 30	  0	  0	  0	  0	  0	  0	  0	  0	  0	  0	  0	  5	21827	  0
09-03-2016	07:49:32	->	L	00000000	 21	 83	 61	 35	  0	152	  0	  4	  4	  4	  4	  4	  4	  4	  4	  0	  0	  0	  0	  0	  0	  0	  0	  0	  0	  0	  0	  0	  0	  0	  0	  0	  0	  0	  0	  0	  0	  0	  0	 68	 61	 71	 83	  0	 35	  0	  0	  0	  0	  0	  0	  0	  0	  0	  0	  0	  5	21827	  0
09-03-2016	07:54:32	->	L	00000000	 21	 86	 61	 32	  0	157	  0	  4	  4	  4	  4	  4	  4	  4	  4	  0	  0	  0	  0	  0	  0	  0	  0	  0	  0	  0	  0	  0	  0	  0	  0	  0	  0	  0	  0	  0	  0	  0	  0	 69	 61	 67	 86	  0	 30	  0	  0	  0	  0	  0	  0	  0	  0	  0	  0	  0	  5	21827	  0
09-03-2016	07:59:32	->	L	00000000	 21	 84	 61	 32	  0	162	  0	  4	  4	  4	  4	  4	  4	  4	  4	  0	  0	  0	  0	  0	  0	  0	  0	  0	  0	  0	  0	  0	  0	  0	  0	  0	  0	  0	  0	  0	  0	  0	  0	 69	 61	 67	 84	  0	 32	  0	  0	  0	  0	  0	  0	  0	  0	  0	  0	  0	  5	21827	  0
09-03-2016	08:04:32	->	L	00000000	 21	 85	 61	 32	  0	167	  0	  4	  4	  4	  4	  4	  4	  4	  4	  0	  0	  0	  0	  0	  0	  0	  0	  0	  0	  0	  0	  0	  0	  0	  0	  0	  0	  0	  0	  0	  0	  0	  0	 69	 61	 67	 85	  0	 32	  0	  0	  0	  0	  0	  0	  0	  0	  0	  0	  0	  5	21827	  0
09-03-2016	08:09:32	->	L	00000000	 21	 85	 61	 30	  0	172	  0	  4	  4	  4	  4	  4	  4	  4	  4	  0	  0	  0	  0	  0	  0	  0	  0	  0	  0	  0	  0	  0	  0	  0	  0	  0	  0	  0	  0	  0	  0	  0	  0	 69	 61	 67	 85	  0	 32	  0	  0	  0	  0	  0	  0	  0	  0	  0	  0	  0	  5	21827	  0
09-03-2016	08:14:32	->	L	00000000	 21	 84	 61	 32	  0	177	  0	  4	  4	  4	  4	  4	  4	  4	  4	  0	  0	  0	  0	  0	  0	  0	  0	  0	  0	  0	  0	  0	  0	  0	  0	  0	  0	  0	  0	  0	  0	  0	  0	 68	 61	 71	 84	  0	 32	  0	  0	  0	  0	  0	  0	  0	  0	  0	  0	  0	  5	21827	  0
09-03-2016	08:19:36	->	L	00000000	 21	 86	 61	 30	  0	182	  0	  4	  4	  4	  4	  4	  4	  4	  4	  0	  0	  0	  0	  0	  0	  0	  0	  0	  0	  0	  0	  0	  0	  0	  0	  0	  0	  0	  0	  0	  0	  0	  0	 69	 61	 67	 86	  0	 30	  0	  0	  0	  0	  0	  0	  0	  0	  0	  0	  0	  5	21827	  0
09-03-2016	08:24:37	->	L	00000000	 21	 83	 61	 35	  0	187	  0	  4	  4	  4	  4	  4	  4	  4	  4	  0	  0	  0	  0	  0	  0	  0	  0	  0	  0	  0	  0	  0	  0	  0	  0	  0	  0	  0	  0	  0	  0	  0	  0	 68	 61	 71	 83	  0	 35	  0	  0	  0	  0	  0	  0	  0	  0	  0	  0	  0	  5	21827	  0
09-03-2016	08:29:37	->	L	00000000	 21	 85	 61	 32	  0	192	  0	  4	  4	  4	  4	  4	  4	  4	  4	  0	  0	  0	  0	  0	  0	  0	  0	  0	  0	  0	  0	  0	  0	  0	  0	  0	  0	  0	  0	  0	  0	  0	  0	 69	 61	 67	 85	  0	 32	  0	  0	  0	  0	  0	  0	  0	  0	  0	  0	  0	  5	21827	  0
09-03-2016	08:34:37	->	L	00000000	 21	 86	 61	 30	  0	197	  0	  4	  4	  4	  4	  4	  4	  4	  4	  0	  0	  0	  0	  0	  0	  0	  0	  0	  0	  0	  0	  0	  0	  0	  0	  0	  0	  0	  0	  0	  0	  0	  0	 69	 61	 67	 86	  0	 30	  0	  0	  0	  0	  0	  0	  0	  0	  0	  0	  0	  5	21827	  0
09-03-2016	08:39:37	->	L	00000000	 21	 83	 61	 35	  0	202	  0	  4	  4	  4	  4	  4	  4	  4	  4	  0	  0	  0	  0	  0	  0	  0	  0	  0	  0	  0	  0	  0	  0	  0	  0	  0	  0	  0	  0	  0	  0	  0	  0	 68	 61	 71	 83	  0	 35	  0	  0	  0	  0	  0	  0	  0	  0	  0	  0	  0	  5	21827	  0
09-03-2016	08:44:37	->	L	00000000	 21	 84	 61	 35	  0	207	  0	  4	  4	  4	  4	  4	  4	  4	  4	  0	  0	  0	  0	  0	  0	  0	  0	  0	  0	  0	  0	  0	  0	  0	  0	  0	  0	  0	  0	  0	  0	  0	  0	 69	 61	 67	 84	  0	 32	  0	  0	  0	  0	  0	  0	  0	  0	  0	  0	  0	  5	21827	  0
09-03-2016	08:49:37	->	L	00000000	 21	 83	 61	 35	  0	212	  0	  4	  4	  4	  4	  4	  4	  4	  4	  0	  0	  0	  0	  0	  0	  0	  0	  0	  0	  0	  0	  0	  0	  0	  0	  0	  0	  0	  0	  0	  0	  0	  0	 69	 61	 67	 83	  0	 35	  0	  0	  0	  0	  0	  0	  0	  0	  0	  0	  0	  5	21827	  0
09-03-2016	08:54:37	->	L	00000000	 21	 85	 61	 32	  0	217	  0	  4	  4	  4	  4	  4	  4	  4	  4	  0	  0	  0	  0	  0	  0	  0	  0	  0	  0	  0	  0	  0	  0	  0	  0	  0	  0	  0	  0	  0	  0	  0	  0	 69	 61	 67	 85	  0	 32	  0	  0	  0	  0	  0	  0	  0	  0	  0	  0	  0	  5	21827	  0
09-03-2016	08:59:37	->	L	00000000	 21	 85	 61	 32	  0	222	  0	  4	  4	  4	  4	  4	  4	  4	  4	  0	  0	  0	  0	  0	  0	  0	  0	  0	  0	  0	  0	  0	  0	  0	  0	  0	  0	  0	  0	  0	  0	  0	  0	 69	 61	 67	 85	  0	 32	  0	  0	  0	  0	  0	  0	  0	  0	  0	  0	  0	  5	21827	  0
09-03-2016	09:04:37	->	L	00000000	 21	 85	 61	 32	  0	227	  0	  4	  4	  4	  4	  4	  4	  4	  4	  0	  0	  0	  0	  0	  0	  0	  0	  0	  0	  0	  0	  0	  0	  0	  0	  0	  0	  0	  0	  0	  0	  0	  0	 69	 61	 67	 85	  0	 32	  0	  0	  0	  0	  0	  0	  0	  0	  0	  0	  0	  5	21827	  0
09-03-2016	09:09:37	->	L	00000000	 21	 84	 60	 32	  0	232	  0	  4	  4	  4	  4	  4	  4	  4	  4	  0	  0	  0	  0	  0	  0	  0	  0	  0	  0	  0	  0	  0	  0	  0	  0	  0	  0	  0	  0	  0	  0	  0	  0	 69	 60	 64	 84	  0	 32	  0	  0	  0	  0	  0	  0	  0	  0	  0	  0	  0	  5	21827	  0
09-03-2016	09:14:37	->	L	00000000	 21	 84	 61	 32	  0	237	  0	  4	  4	  4	  4	  4	  4	  4	  4	  0	  0	  0	  0	  0	  0	  0	  0	  0	  0	  0	  0	  0	  0	  0	  0	  0	  0	  0	  0	  0	  0	  0	  0	 69	 61	 67	 84	  0	 32	  0	  0	  0	  0	  0	  0	  0	  0	  0	  0	  0	  5	21827	  0
09-03-2016	09:20:30	->	L	00000000	 21	 83	 60	 32	  0	243	  0	  4	  4	  4	  4	  4	  4	  4	  4	  0	  0	  0	  0	  0	  0	  0	  0	  0	  0	  0	  0	  0	  0	  0	  0	  0	  0	  0	  0	  0	  0	  0	  0	 68	 60	 67	 83	  0	 32	  0	  0	  0	  0	  0	  0	  0	  0	  0	  0	  0	  5	21827	  0
09-03-2016	09:24:38	->	L	00000000	 21	 82	 60	 34	  0	247	  0	  4	  4	  4	  4	  4	  4	  4	  4	  0	  0	  0	  0	  0	  0	  0	  0	  0	  0	  0	  0	  0	  0	  0	  0	  0	  0	  0	  0	  0	  0	  0	  0	 68	 60	 67	 82	  0	 34	  0	  0	  0	  0	  0	  0	  0	  0	  0	  0	  0	  5	21827	  0
09-03-2016	09:29:38	->	L	00000000	 21	 78	 60	 39	  0	252	  0	  4	  4	  4	  4	  4	  4	  4	  4	  0	  0	  0	  0	  0	  0	  0	  0	  0	  0	  0	  0	  0	  0	  0	  0	  0	  0	  0	  0	  0	  0	  0	  0	 67	 60	 70	 78	  0	 41	  0	  0	  0	  0	  0	  0	  0	  0	  0	  0	  0	  5	20547	  0
09-03-2016	09:34:38	->	L	00000000	 21	 79	 60	 39	  0	257	  0	  4	  4	  4	  4	  4	  4	  4	  4	  0	  0	  0	  0	  0	  0	  0	  0	  0	  0	  0	  0	  0	  0	  0	  0	  0	  0	  0	  0	  0	  0	  0	  0	 67	 60	 70	 79	  0	 39	  0	  0	  0	  0	  0	  0	  0	  0	  0	  0	  0	  5	20547	  0
09-03-2016	09:39:38	->	L	00000000	 21	 78	 59	 39	  0	262	  0	  4	  4	  4	  4	  4	  4	  4	  4	  0	  0	  0	  0	  0	  0	  0	  0	  0	  0	  0	  0	  0	  0	  0	  0	  0	  0	  0	  0	  0	  0	  0	  0	 65	 59	 73	 78	  0	 39	  0	  0	  0	  0	  0	  0	  0	  0	  0	  0	  0	  5	20547	  0
09-03-2016	09:44:38	->	L	00000000	 21	 80	 59	 34	  0	267	  0	  4	  4	  4	  4	  4	  4	  4	  4	  0	  0	  0	  0	  0	  0	  0	  0	  0	  0	  0	  0	  0	  0	  0	  0	  0	  0	  0	  0	  0	  0	  0	  0	 66	 59	 70	 80	  0	 34	  0	  0	  0	  0	  0	  0	  0	  0	  0	  0	  0	  5	20547	  0
09-03-2016	09:49:38	->	L	00000000	 21	 80	 59	 34	  0	272	  0	  4	  4	  4	  4	  4	  4	  4	  4	  0	  0	  0	  0	  0	  0	  0	  0	  0	  0	  0	  0	  0	  0	  0	  0	  0	  0	  0	  0	  0	  0	  0	  0	 67	 59	 67	 80	  0	 34	  0	  0	  0	  0	  0	  0	  0	  0	  0	  0	  0	  5	20547	  0
09-03-2016	09:54:38	->	L	00000000	 21	 80	 59	 34	  0	277	  0	  4	  4	  4	  4	  4	  4	  4	  4	  0	  0	  0	  0	  0	  0	  0	  0	  0	  0	  0	  0	  0	  0	  0	  0	  0	  0	  0	  0	  0	  0	  0	  0	 66	 59	 70	 80	  0	 34	  0	  0	  0	  0	  0	  0	  0	  0	  0	  0	  0	  5	20547	  0
09-03-2016	09:59:38	->	L	00000000	 21	 80	 59	 34	  0	282	  0	  4	  4	  4	  4	  4	  4	  4	  4	  0	  0	  0	  0	  0	  0	  0	  0	  0	  0	  0	  0	  0	  0	  0	  0	  0	  0	  0	  0	  0	  0	  0	  0	 67	 59	 67	 80	  0	 34	  0	  0	  0	  0	  0	  0	  0	  0	  0	  0	  0	  5	20547	  0
09-03-2016	10:04:38	->	L	00000000	 21	 80	 59	 33	  0	287	  0	  4	  4	  4	  4	  4	  4	  4	  4	  0	  0	  0	  0	  0	  0	  0	  0	  0	  0	  0	  0	  0	  0	  0	  0	  0	  0	  0	  0	  0	  0	  0	  0	 66	 59	 70	 80	  0	 34	  0	  0	  0	  0	  0	  0	  0	  0	  0	  0	  0	  5	20547	  0
09-03-2016	10:09:38	->	L	00000000	 21	 80	 58	 33	  0	292	  0	  4	  4	  4	  4	  4	  4	  4	  4	  0	  0	  0	  0	  0	  0	  0	  0	  0	  0	  0	  0	  0	  0	  0	  0	  0	  0	  0	  0	  0	  0	  0	  0	 66	 58	 66	 80	  0	 33	  0	  0	  0	  0	  0	  0	  0	  0	  0	  0	  0	  5	20547	  0
09-03-2016	10:14:38	->	L	00000000	 21	 79	 58	 33	  0	297	  0	  4	  4	  4	  4	  4	  4	  4	  4	  0	  0	  0	  0	  0	  0	  0	  0	  0	  0	  0	  0	  0	  0	  0	  0	  0	  0	  0	  0	  0	  0	  0	  0	 66	 58	 66	 79	  0	 34	  0	  0	  0	  0	  0	  0	  0	  0	  0	  0	  0	  5	20547	  0
09-03-2016	10:19:38	->	L	00000000	 22	 79	 58	 33	  0	  1	  0	  4	  4	  4	  4	  4	  4	  4	  4	  0	  0	  0	  0	  0	  0	  0	  0	  0	  0	  0	  0	  0	  0	  0	  0	  0	  0	  0	  0	  0	  0	  0	  0	 66	 58	 66	 79	  0	 34	  0	  0	  0	  0	  0	  0	  0	  0	  0	  0	  0	  5	20545	  0
09-03-2016	10:24:38	->	L	00000000	 22	 80	 58	 33	  0	  6	  0	  4	  4	  4	  4	  4	  4	  4	  4	  0	  0	  0	  0	  0	  0	  0	  0	  0	  0	  0	  0	  0	  0	  0	  0	  0	  0	  0	  0	  0	  0	  0	  0	 66	 58	 66	 80	  0	 33	  0	  0	  0	  0	  0	  0	  0	  0	  0	  0	  0	  5	20545	  0
09-03-2016	10:29:38	->	L	00000000	 22	 78	 58	 37	  0	 11	  0	  4	  4	  4	  4	  4	  4	  4	  4	  0	  0	  0	  0	  0	  0	  0	  0	  0	  0	  0	  0	  0	  0	  0	  0	  0	  0	  0	  0	  0	  0	  0	  0	 66	 58	 66	 78	  0	 37	  0	  0	  0	  0	  0	  0	  0	  0	  0	  0	  0	  5	20545	  0
09-03-2016	10:34:38	->	L	00000000	 22	 80	 58	 33	  0	 16	  0	  4	  4	  4	  4	  4	  4	  4	  4	  0	  0	  0	  0	  0	  0	  0	  0	  0	  0	  0	  0	  0	  0	  0	  0	  0	  0	  0	  0	  0	  0	  0	  0	 66	 58	 63	 80	  0	 33	  0	  0	  0	  0	  0	  0	  0	  0	  0	  0	  0	  5	20545	  0
09-03-2016	10:39:39	->	L	00000000	 22	 78	 58	 37	  0	 21	  0	  4	  4	  4	  4	  4	  4	  4	  4	  0	  0	  0	  0	  0	  0	  0	  0	  0	  0	  0	  0	  0	  0	  0	  0	  0	  0	  0	  0	  0	  0	  0	  0	 66	 58	 66	 78	  0	 37	  0	  0	  0	  0	  0	  0	  0	  0	  0	  0	  0	  5	20545	  0
09-03-2016	10:44:39	->	L	00000000	 22	 79	 58	 34	  0	 26	  0	  4	  4	  4	  4	  4	  4	  4	  4	  0	  0	  0	  0	  0	  0	  0	  0	  0	  0	  0	  0	  0	  0	  0	  0	  0	  0	  0	  0	  0	  0	  0	  0	 66	 58	 66	 79	  0	 34	  0	  0	  0	  0	  0	  0	  0	  0	  0	  0	  0	  5	20545	  0
09-03-2016	10:49:39	->	L	00000000	 22	 80	 58	 33	  0	 31	  0	  4	  4	  4	  4	  4	  4	  4	  4	  0	  0	  0	  0	  0	  0	  0	  0	  0	  0	  0	  0	  0	  0	  0	  0	  0	  0	  0	  0	  0	  0	  0	  0	 67	 58	 63	 80	  0	 33	  0	  0	  0	  0	  0	  0	  0	  0	  0	  0	  0	  5	20545	  0
09-03-2016	10:54:39	->	L	00000000	 22	 81	 58	 31	  0	 36	  0	  4	  4	  4	  4	  4	  4	  4	  4	  0	  0	  0	  0	  0	  0	  0	  0	  0	  0	  0	  0	  0	  0	  0	  0	  0	  0	  0	  0	  0	  0	  0	  0	 66	 58	 66	 81	  0	 31	  0	  0	  0	  0	  0	  0	  0	  0	  0	  0	  0	  5	20545	  0
09-03-2016	10:59:40	->	L	00000000	 22	 78	 58	 37	  0	 41	  0	  4	  4	  4	  4	  4	  4	  4	  4	  0	  0	  0	  0	  0	  0	  0	  0	  0	  0	  0	  0	  0	  0	  0	  0	  0	  0	  0	  0	  0	  0	  0	  0	 66	 58	 66	 78	  0	 37	  0	  0	  0	  0	  0	  0	  0	  0	  0	  0	  0	  5	20545	  0
09-03-2016	11:04:39	->	L	00000000	 22	 82	 58	 31	  0	 46	  0	  4	  4	  4	  4	  4	  4	  4	  4	  0	  0	  0	  0	  0	  0	  0	  0	  0	  0	  0	  0	  0	  0	  0	  0	  0	  0	  0	  0	  0	  0	  0	  0	 68	 58	 60	 82	  0	 31	  0	  0	  0	  0	  0	  0	  0	  0	  0	  0	  0	  5	20545	  0
09-03-2016	11:09:39	->	L	00000000	 22	 80	 58	 31	  0	 51	  0	  4	  4	  4	  4	  4	  4	  4	  4	  0	  0	  0	  0	  0	  0	  0	  0	  0	  0	  0	  0	  0	  0	  0	  0	  0	  0	  0	  0	  0	  0	  0	  0	 67	 58	 63	 80	  0	 33	  0	  0	  0	  0	  0	  0	  0	  0	  0	  0	  0	  5	20545	  0
09-03-2016	11:14:39	->	L	00000000	 22	 80	 58	 34	  0	 56	  0	  4	  4	  4	  4	  4	  4	  4	  4	  0	  0	  0	  0	  0	  0	  0	  0	  0	  0	  0	  0	  0	  0	  0	  0	  0	  0	  0	  0	  0	  0	  0	  0	 67	 58	 63	 80	  0	 33	  0	  0	  0	  0	  0	  0	  0	  0	  0	  0	  0	  5	20545	  0
09-03-2016	11:19:39	->	L	00000000	 22	 83	 58	 29	  0	 61	  0	  4	  4	  4	  4	  4	  4	  4	  4	  0	  0	  0	  0	  0	  0	  0	  0	  0	  0	  0	  0	  0	  0	  0	  0	  0	  0	  0	  0	  0	  0	  0	  0	 68	 58	 60	 83	  0	 29	  0	  0	  0	  0	  0	  0	  0	  0	  0	  0	  0	  5	20545	  0
09-03-2016	11:24:39	<-	L	00000000	 22	 88	 63	 33	  0	 66	  0	  4	  4	  4	  4	  4	  4	  4	  4	  0	  0	  0	  0	  0	  0	  0	  0	  0	  0	  0	  0	  0	  0	  0	  0	  0	  0	  0	  0	  0	  0	  0	  0	 88	 63	 31	 79	  0	 47	  0	  0	  0	  0	  0	  0	  0	  0	  0	  0	  0	  5	20545	  0
09-03-2016	11:29:39	<-	L	00000000	 22	 86	 62	 33	  0	 71	  0	  4	  4	  4	  4	  4	  4	  4	  4	  0	  0	  0	  0	  0	  0	  0	  0	  0	  0	  0	  0	  0	  0	  0	  0	  0	  0	  0	  0	  0	  0	  0	  0	 86	 62	 33	 77	  0	 48	  0	  0	  0	  0	  0	  0	  0	  0	  0	  0	  0	  5	20545	  0
09-03-2016	11:34:39	<-	L	00000000	 22	 85	 62	 33	  0	 76	  0	  4	  4	  4	  4	  4	  4	  4	  4	  0	  0	  0	  0	  0	  0	  0	  0	  0	  0	  0	  0	  0	  0	  0	  0	  0	  0	  0	  0	  0	  0	  0	  0	 85	 62	 33	 77	  0	 48	  0	  0	  0	  0	  0	  0	  0	  0	  0	  0	  0	  5	20545	  0
09-03-2016	11:39:40	<-	L	00000000	 22	 83	 62	 35	  0	 81	  0	  4	  4	  4	  4	  4	  4	  4	  4	  0	  0	  0	  0	  0	  0	  0	  0	  0	  0	  0	  0	  0	  0	  0	  0	  0	  0	  0	  0	  0	  0	  0	  0	 83	 62	 36	 76	  0	 50	  0	  0	  0	  0	  0	  0	  0	  0	  0	  0	  0	  5	20545	  0
09-03-2016	11:44:40	<-	L	00000000	 22	 81	 62	 40	  0	 86	  0	  4	  4	  4	  4	  4	  4	  4	  4	  0	  0	  0	  0	  0	  0	  0	  0	  0	  0	  0	  0	  0	  0	  0	  0	  0	  0	  0	  0	  0	  0	  0	  0	 81	 62	 40	 75	  0	 53	  0	  0	  0	  0	  0	  0	  0	  0	  0	  0	  0	  5	20545	  0
09-03-2016	11:49:39	<-	L	00000000	 22	 78	 61	 42	  0	 91	  0	  4	  4	  4	  4	  4	  4	  4	  4	  0	  0	  0	  0	  0	  0	  0	  0	  0	  0	  0	  0	  0	  0	  0	  0	  0	  0	  0	  0	  0	  0	  0	  0	 78	 61	 43	 74	  0	 52	  0	  0	  0	  0	  0	  0	  0	  0	  0	  0	  0	  5	20545	  0
09-03-2016	11:54:40	<-	L	00000000	 22	 83	 62	 40	  0	 96	  0	  4	  4	  4	  4	  4	  4	  4	  4	  0	  0	  0	  0	  0	  0	  0	  0	  0	  0	  0	  0	  0	  0	  0	  0	  0	  0	  0	  0	  0	  0	  0	  0	 83	 62	 36	 74	  0	 56	  0	  0	  0	  0	  0	  0	  0	  0	  0	  0	  0	  5	20545	  0
09-03-2016	11:59:40	<-	L	00000000	 22	 86	 62	 33	  0	101	  0	  4	  4	  4	  4	  4	  4	  4	  4	  0	  0	  0	  0	  0	  0	  0	  0	  0	  0	  0	  0	  0	  0	  0	  0	  0	  0	  0	  0	  0	  0	  0	  0	 86	 62	 33	 76	  0	 50	  0	  0	  0	  0	  0	  0	  0	  0	  0	  0	  0	  5	20545	  0
09-03-2016	22:59:52	  	L	00000000	 22	 43	 38	 76	  0	105	  0	  4	  4	  4	  4	  4	  4	  4	  4	  0	  0	  0	  0	  0	  0	  0	  0	  0	  0	  0	  0	  0	  0	  0	  0	  0	  0	  0	  0	  0	  0	  0	  0	 42	 38	 78	 43	  0	 76	  0	  0	  0	  0	  0	  0	  0	  0	  0	  0	  0	  5	20545	  0
09-03-2016	23:04:52	<-	L	00000000	 22	 72	 45	 22	  0	110	  0	  4	  4	  4	  4	  4	  4	  4	  4	  0	  0	  0	  0	  0	  0	  0	  0	  0	  0	  0	  0	  0	  0	  0	  0	  0	  0	  0	  0	  0	  0	  0	  0	 72	 45	 22	 57	  0	 50	  0	  0	  0	  0	  0	  0	  0	  0	  0	  0	  0	  5	20545	  0
09-03-2016	23:09:52	<-	L	00000000	 22	 77	 47	 20	  0	115	  0	  4	  4	  4	  4	  4	  4	  4	  4	  0	  0	  0	  0	  0	  0	  0	  0	  0	  0	  0	  0	  0	  0	  0	  0	  0	  0	  0	  0	  0	  0	  0	  0	 77	 47	 20	 63	  0	 40	  0	  0	  0	  0	  0	  0	  0	  0	  0	  0	  0	  5	20545	  0
09-03-2016	23:14:52	<-	L	00000000	 22	 79	 48	 20	  0	120	  0	  4	  4	  4	  4	  4	  4	  4	  4	  0	  0	  0	  0	  0	  0	  0	  0	  0	  0	  0	  0	  0	  0	  0	  0	  0	  0	  0	  0	  0	  0	  0	  0	 79	 48	 20	 65	  0	 38	  0	  0	  0	  0	  0	  0	  0	  0	  0	  0	  0	  5	20545	  0
09-03-2016	23:19:52	<-	L	00000000	 22	 80	 49	 21	  0	125	  0	  4	  4	  4	  4	  4	  4	  4	  4	  0	  0	  0	  0	  0	  0	  0	  0	  0	  0	  0	  0	  0	  0	  0	  0	  0	  0	  0	  0	  0	  0	  0	  0	 80	 49	 21	 67	  0	 37	  0	  0	  0	  0	  0	  0	  0	  0	  0	  0	  0	  5	20545	  0
09-03-2016	23:24:52	<-	L	00000000	 22	 80	 50	 22	  0	130	  0	  4	  4	  4	  4	  4	  4	  4	  4	  0	  0	  0	  0	  0	  0	  0	  0	  0	  0	  0	  0	  0	  0	  0	  0	  0	  0	  0	  0	  0	  0	  0	  0	 80	 50	 22	 67	  0	 39	  0	  0	  0	  0	  0	  0	  0	  0	  0	  0	  0	  5	20545	  0
09-03-2016	23:29:52	<-	L	00000000	 22	 80	 50	 21	  0	135	  0	  4	  4	  4	  4	  4	  4	  4	  4	  0	  0	  0	  0	  0	  0	  0	  0	  0	  0	  0	  0	  0	  0	  0	  0	  0	  0	  0	  0	  0	  0	  0	  0	 80	 50	 22	 68	  0	 37	  0	  0	  0	  0	  0	  0	  0	  0	  0	  0	  0	  5	20545	  0
09-03-2016	23:34:52	<-	L	00000000	 22	 78	 51	 25	  0	140	  0	  4	  4	  4	  4	  4	  4	  4	  4	  0	  0	  0	  0	  0	  0	  0	  0	  0	  0	  0	  0	  0	  0	  0	  0	  0	  0	  0	  0	  0	  0	  0	  0	 78	 51	 25	 67	  0	 42	  0	  0	  0	  0	  0	  0	  0	  0	  0	  0	  0	  5	20545	  0
09-03-2016	23:39:52	<-	L	00000000	 22	 82	 52	 23	  0	145	  0	  4	  4	  4	  4	  4	  4	  4	  4	  0	  0	  0	  0	  0	  0	  0	  0	  0	  0	  0	  0	  0	  0	  0	  0	  0	  0	  0	  0	  0	  0	  0	  0	 82	 52	 23	 69	  0	 39	  0	  0	  0	  0	  0	  0	  0	  0	  0	  0	  0	  5	20545	  0
09-03-2016	23:44:53	<-	L	00000000	 22	 78	 52	 26	  0	150	  0	  4	  4	  4	  4	  4	  4	  4	  4	  0	  0	  0	  0	  0	  0	  0	  0	  0	  0	  0	  0	  0	  0	  0	  0	  0	  0	  0	  0	  0	  0	  0	  0	 78	 52	 27	 68	  0	 42	  0	  0	  0	  0	  0	  0	  0	  0	  0	  0	  0	  5	20545	  0
09-03-2016	23:49:53	<-	L	00000000	 22	 82	 53	 24	  0	155	  0	  4	  4	  4	  4	  4	  4	  4	  4	  0	  0	  0	  0	  0	  0	  0	  0	  0	  0	  0	  0	  0	  0	  0	  0	  0	  0	  0	  0	  0	  0	  0	  0	 82	 53	 24	 69	  0	 43	  0	  0	  0	  0	  0	  0	  0	  0	  0	  0	  0	  5	20545	  0
09-03-2016	23:54:53	<-	L	00000000	 22	 79	 53	 27	  0	160	  0	  4	  4	  4	  4	  4	  4	  4	  4	  0	  0	  0	  0	  0	  0	  0	  0	  0	  0	  0	  0	  0	  0	  0	  0	  0	  0	  0	  0	  0	  0	  0	  0	 79	 53	 28	 69	  0	 43	  0	  0	  0	  0	  0	  0	  0	  0	  0	  0	  0	  5	20545	  0
09-03-2016	23:59:53	<-	L	00000000	 22	 81	 53	 25	  0	165	  0	  4	  4	  4	  4	  4	  4	  4	  4	  0	  0	  0	  0	  0	  0	  0	  0	  0	  0	  0	  0	  0	  0	  0	  0	  0	  0	  0	  0	  0	  0	  0	  0	 81	 53	 25	 70	  0	 40	  0	  0	  0	  0	  0	  0	  0	  0	  0	  0	  0	  5	20545	  0
10-03-2016	00:04:53	<-	L	00000000	 22	 80	 54	 27	  0	170	  0	  4	  4	  4	  4	  4	  4	  4	  4	  0	  0	  0	  0	  0	  0	  0	  0	  0	  0	  0	  0	  0	  0	  0	  0	  0	  0	  0	  0	  0	  0	  0	  0	 80	 54	 28	 69	  0	 46	  0	  0	  0	  0	  0	  0	  0	  0	  0	  0	  0	  5	20545	  0
10-03-2016	00:09:53	<-	L	00000000	 22	 81	 54	 25	  0	175	  0	  4	  4	  4	  4	  4	  4	  4	  4	  0	  0	  0	  0	  0	  0	  0	  0	  0	  0	  0	  0	  0	  0	  0	  0	  0	  0	  0	  0	  0	  0	  0	  0	 81	 54	 26	 71	  0	 40	  0	  0	  0	  0	  0	  0	  0	  0	  0	  0	  0	  5	20545	  0
10-03-2016	00:14:53	<-	L	00000000	 22	 73	 54	 35	  0	180	  0	  4	  4	  4	  4	  4	  4	  4	  4	  0	  0	  0	  0	  0	  0	  0	  0	  0	  0	  0	  0	  0	  0	  0	  0	  0	  0	  0	  0	  0	  0	  0	  0	 73	 54	 37	 68	  0	 47	  0	  0	  0	  0	  0	  0	  0	  0	  0	  0	  0	  5	20545	  0
10-03-2016	00:19:54	<-	L	00000000	 22	 84	 55	 26	  0	185	  0	  4	  4	  4	  4	  4	  4	  4	  4	  0	  0	  0	  0	  0	  0	  0	  0	  0	  0	  0	  0	  0	  0	  0	  0	  0	  0	  0	  0	  0	  0	  0	  0	 84	 55	 24	 70	  0	 46	  0	  0	  0	  0	  0	  0	  0	  0	  0	  0	  0	  5	20545	  0
10-03-2016	00:24:53	<-	L	00000000	 22	 78	 55	 30	  0	190	  0	  4	  4	  4	  4	  4	  4	  4	  4	  0	  0	  0	  0	  0	  0	  0	  0	  0	  0	  0	  0	  0	  0	  0	  0	  0	  0	  0	  0	  0	  0	  0	  0	 78	 55	 29	 70	  0	 46	  0	  0	  0	  0	  0	  0	  0	  0	  0	  0	  0	  5	20545	  0
10-03-2016	00:29:53	<-	L	00000000	 22	 84	 56	 26	  0	195	  0	  4	  4	  4	  4	  4	  4	  4	  4	  0	  0	  0	  0	  0	  0	  0	  0	  0	  0	  0	  0	  0	  0	  0	  0	  0	  0	  0	  0	  0	  0	  0	  0	 84	 56	 26	 72	  0	 44	  0	  0	  0	  0	  0	  0	  0	  0	  0	  0	  0	  5	20545	  0
10-03-2016	00:34:53	<-	L	00000000	 22	 80	 55	 28	  0	200	  0	  4	  4	  4	  4	  4	  4	  4	  4	  0	  0	  0	  0	  0	  0	  0	  0	  0	  0	  0	  0	  0	  0	  0	  0	  0	  0	  0	  0	  0	  0	  0	  0	 80	 55	 28	 71	  0	 43	  0	  0	  0	  0	  0	  0	  0	  0	  0	  0	  0	  5	20545	  0
10-03-2016	00:39:53	<-	L	00000000	 22	 80	 56	 30	  0	205	  0	  4	  4	  4	  4	  4	  4	  4	  4	  0	  0	  0	  0	  0	  0	  0	  0	  0	  0	  0	  0	  0	  0	  0	  0	  0	  0	  0	  0	  0	  0	  0	  0	 80	 56	 30	 71	  0	 46	  0	  0	  0	  0	  0	  0	  0	  0	  0	  0	  0	  5	20545	  0
10-03-2016	00:44:53	<-	L	00000000	 22	 82	 56	 27	  0	210	  0	  4	  4	  4	  4	  4	  4	  4	  4	  0	  0	  0	  0	  0	  0	  0	  0	  0	  0	  0	  0	  0	  0	  0	  0	  0	  0	  0	  0	  0	  0	  0	  0	 82	 56	 29	 72	  0	 44	  0	  0	  0	  0	  0	  0	  0	  0	  0	  0	  0	  5	20545	  0
10-03-2016	00:49:53	<-	L	00000000	 22	 78	 56	 32	  0	215	  0	  4	  4	  4	  4	  4	  4	  4	  4	  0	  0	  0	  0	  0	  0	  0	  0	  0	  0	  0	  0	  0	  0	  0	  0	  0	  0	  0	  0	  0	  0	  0	  0	 78	 56	 32	 71	  0	 46	  0	  0	  0	  0	  0	  0	  0	  0	  0	  0	  0	  5	20545	  0
10-03-2016	00:54:54	<-	L	00000000	 22	 84	 57	 27	  0	220	  0	  4	  4	  4	  4	  4	  4	  4	  4	  0	  0	  0	  0	  0	  0	  0	  0	  0	  0	  0	  0	  0	  0	  0	  0	  0	  0	  0	  0	  0	  0	  0	  0	 84	 57	 27	 73	  0	 44	  0	  0	  0	  0	  0	  0	  0	  0	  0	  0	  0	  5	20545	  0
10-03-2016	00:59:54	<-	L	00000000	 22	 78	 56	 32	  0	225	  0	  4	  4	  4	  4	  4	  4	  4	  4	  0	  0	  0	  0	  0	  0	  0	  0	  0	  0	  0	  0	  0	  0	  0	  0	  0	  0	  0	  0	  0	  0	  0	  0	 78	 56	 32	 71	  0	 46	  0	  0	  0	  0	  0	  0	  0	  0	  0	  0	  0	  5	20545	  0
10-03-2016	01:04:54	<-	L	00000000	 22	 85	 57	 27	  0	230	  0	  4	  4	  4	  4	  4	  4	  4	  4	  0	  0	  0	  0	  0	  0	  0	  0	  0	  0	  0	  0	  0	  0	  0	  0	  0	  0	  0	  0	  0	  0	  0	  0	 85	 57	 27	 73	  0	 44	  0	  0	  0	  0	  0	  0	  0	  0	  0	  0	  0	  5	20545	  0
10-03-2016	01:09:54	<-	L	00000000	 22	 81	 57	 31	  0	235	  0	  4	  4	  4	  4	  4	  4	  4	  4	  0	  0	  0	  0	  0	  0	  0	  0	  0	  0	  0	  0	  0	  0	  0	  0	  0	  0	  0	  0	  0	  0	  0	  0	 81	 57	 31	 73	  0	 44	  0	  0	  0	  0	  0	  0	  0	  0	  0	  0	  0	  5	20545	  0
10-03-2016	01:14:54	<-	L	00000000	 22	 79	 57	 33	  0	240	  0	  4	  4	  4	  4	  4	  4	  4	  4	  0	  0	  0	  0	  0	  0	  0	  0	  0	  0	  0	  0	  0	  0	  0	  0	  0	  0	  0	  0	  0	  0	  0	  0	 79	 57	 33	 72	  0	 47	  0	  0	  0	  0	  0	  0	  0	  0	  0	  0	  0	  5	20545	  0
10-03-2016	01:19:54	<-	L	00000000	 22	 84	 58	 29	  0	245	  0	  4	  4	  4	  4	  4	  4	  4	  4	  0	  0	  0	  0	  0	  0	  0	  0	  0	  0	  0	  0	  0	  0	  0	  0	  0	  0	  0	  0	  0	  0	  0	  0	 84	 58	 29	 73	  0	 47	  0	  0	  0	  0	  0	  0	  0	  0	  0	  0	  0	  5	20545	  0
10-03-2016	01:24:54	<-	L	00000000	 22	 79	 57	 30	  0	250	  0	  4	  4	  4	  4	  4	  4	  4	  4	  0	  0	  0	  0	  0	  0	  0	  0	  0	  0	  0	  0	  0	  0	  0	  0	  0	  0	  0	  0	  0	  0	  0	  0	 79	 57	 33	 72	  0	 47	  0	  0	  0	  0	  0	  0	  0	  0	  0	  0	  0	  5	20545	  0
10-03-2016	01:29:54	<-	L	00000000	 22	 83	 58	 31	  0	255	  0	  4	  4	  4	  4	  4	  4	  4	  4	  0	  0	  0	  0	  0	  0	  0	  0	  0	  0	  0	  0	  0	  0	  0	  0	  0	  0	  0	  0	  0	  0	  0	  0	 83	 58	 29	 73	  0	 47	  0	  0	  0	  0	  0	  0	  0	  0	  0	  0	  0	  5	20545	  0
10-03-2016	01:34:54	<-	L	00000000	 22	 81	 57	 29	  0	260	  0	  4	  4	  4	  4	  4	  4	  4	  4	  0	  0	  0	  0	  0	  0	  0	  0	  0	  0	  0	  0	  0	  0	  0	  0	  0	  0	  0	  0	  0	  0	  0	  0	 81	 57	 31	 73	  0	 44	  0	  0	  0	  0	  0	  0	  0	  0	  0	  0	  0	  5	20545	  0
10-03-2016	01:39:54	<-	L	00000000	 22	 78	 57	 33	  0	265	  0	  4	  4	  4	  4	  4	  4	  4	  4	  0	  0	  0	  0	  0	  0	  0	  0	  0	  0	  0	  0	  0	  0	  0	  0	  0	  0	  0	  0	  0	  0	  0	  0	 78	 57	 33	 72	  0	 47	  0	  0	  0	  0	  0	  0	  0	  0	  0	  0	  0	  5	20545	  0
10-03-2016	01:44:54	<-	L	00000000	 22	 84	 58	 29	  0	270	  0	  4	  4	  4	  4	  4	  4	  4	  4	  0	  0	  0	  0	  0	  0	  0	  0	  0	  0	  0	  0	  0	  0	  0	  0	  0	  0	  0	  0	  0	  0	  0	  0	 84	 58	 29	 73	  0	 47	  0	  0	  0	  0	  0	  0	  0	  0	  0	  0	  0	  5	20545	  0
10-03-2016	01:49:54	<-	L	00000000	 22	 78	 57	 33	  0	275	  0	  4	  4	  4	  4	  4	  4	  4	  4	  0	  0	  0	  0	  0	  0	  0	  0	  0	  0	  0	  0	  0	  0	  0	  0	  0	  0	  0	  0	  0	  0	  0	  0	 78	 57	 33	 72	  0	 47	  0	  0	  0	  0	  0	  0	  0	  0	  0	  0	  0	  5	20545	  0
10-03-2016	01:54:54	<-	L	00000000	 22	 84	 58	 29	  0	280	  0	  4	  4	  4	  4	  4	  4	  4	  4	  0	  0	  0	  0	  0	  0	  0	  0	  0	  0	  0	  0	  0	  0	  0	  0	  0	  0	  0	  0	  0	  0	  0	  0	 84	 58	 29	 73	  0	 47	  0	  0	  0	  0	  0	  0	  0	  0	  0	  0	  0	  5	20545	  0
10-03-2016	01:59:54	<-	L	00000000	 22	 80	 57	 31	  0	285	  0	  4	  4	  4	  4	  4	  4	  4	  4	  0	  0	  0	  0	  0	  0	  0	  0	  0	  0	  0	  0	  0	  0	  0	  0	  0	  0	  0	  0	  0	  0	  0	  0	 80	 57	 30	 73	  0	 44	  0	  0	  0	  0	  0	  0	  0	  0	  0	  0	  0	  5	20545	  0
10-03-2016	02:04:54	<-	L	00000000	 22	 81	 58	 30	  0	290	  0	  4	  4	  4	  4	  4	  4	  4	  4	  0	  0	  0	  0	  0	  0	  0	  0	  0	  0	  0	  0	  0	  0	  0	  0	  0	  0	  0	  0	  0	  0	  0	  0	 81	 58	 31	 73	  0	 47	  0	  0	  0	  0	  0	  0	  0	  0	  0	  0	  0	  5	20545	  0
10-03-2016	02:09:55	<-	L	00000000	 22	 82	 58	 31	  0	295	  0	  4	  4	  4	  4	  4	  4	  4	  4	  0	  0	  0	  0	  0	  0	  0	  0	  0	  0	  0	  0	  0	  0	  0	  0	  0	  0	  0	  0	  0	  0	  0	  0	 82	 58	 31	 73	  0	 47	  0	  0	  0	  0	  0	  0	  0	  0	  0	  0	  0	  5	20545	  0
10-03-2016	02:14:55	<-	L	00000000	 22	 78	 57	 33	  0	300	  0	  4	  4	  4	  4	  4	  4	  4	  4	  0	  0	  0	  0	  0	  0	  0	  0	  0	  0	  0	  0	  0	  0	  0	  0	  0	  0	  0	  0	  0	  0	  0	  0	 78	 57	 33	 72	  0	 47	  0	  0	  0	  0	  0	  0	  0	  0	  0	  0	  0	  5	20545	  0
10-03-2016	02:19:55	->	L	00000000	 23	 77	 56	 33	  0	  4	  0	  4	  4	  4	  4	  4	  4	  4	  4	  0	  0	  0	  0	  0	  0	  0	  0	  0	  0	  0	  0	  0	  0	  0	  0	  0	  0	  0	  0	  0	  0	  0	  0	 77	 56	 33	 76	  0	 36	  0	  0	  0	  0	  0	  0	  0	  0	  0	  0	  0	  5	21823	  0
10-03-2016	02:24:55	->	L	00000000	 23	 82	 55	 28	  0	  9	  0	  4	  4	  4	  4	  4	  4	  4	  4	  0	  0	  0	  0	  0	  0	  0	  0	  0	  0	  0	  0	  0	  0	  0	  0	  0	  0	  0	  0	  0	  0	  0	  0	 70	 55	 46	 82	  0	 26	  0	  0	  0	  0	  0	  0	  0	  0	  0	  0	  0	  5	21823	  0
10-03-2016	02:29:55	->	L	00000000	 23	 81	 55	 28	  0	 14	  0	  4	  4	  4	  4	  4	  4	  4	  4	  0	  0	  0	  0	  0	  0	  0	  0	  0	  0	  0	  0	  0	  0	  0	  0	  0	  0	  0	  0	  0	  0	  0	  0	 68	 55	 50	 81	  0	 28	  0	  0	  0	  0	  0	  0	  0	  0	  0	  0	  0	  5	20543	  0
10-03-2016	02:34:56	->	L	00000000	 23	 80	 55	 28	  0	 19	  0	  4	  4	  4	  4	  4	  4	  4	  4	  0	  0	  0	  0	  0	  0	  0	  0	  0	  0	  0	  0	  0	  0	  0	  0	  0	  0	  0	  0	  0	  0	  0	  0	 68	 55	 50	 80	  0	 28	  0	  0	  0	  0	  0	  0	  0	  0	  0	  0	  0	  5	20543	  0
10-03-2016	02:39:55	->	L	00000000	 23	 78	 55	 29	  0	 24	  0	  4	  4	  4	  4	  4	  4	  4	  4	  0	  0	  0	  0	  0	  0	  0	  0	  0	  0	  0	  0	  0	  0	  0	  0	  0	  0	  0	  0	  0	  0	  0	  0	 67	 55	 53	 78	  0	 29	  0	  0	  0	  0	  0	  0	  0	  0	  0	  0	  0	  5	20543	  0
10-03-2016	02:44:55	->	L	00000000	 23	 80	 55	 30	  0	 29	  0	  4	  4	  4	  4	  4	  4	  4	  4	  0	  0	  0	  0	  0	  0	  0	  0	  0	  0	  0	  0	  0	  0	  0	  0	  0	  0	  0	  0	  0	  0	  0	  0	 67	 55	 53	 80	  0	 28	  0	  0	  0	  0	  0	  0	  0	  0	  0	  0	  0	  5	20543	  0
10-03-2016	02:49:55	->	L	00000000	 23	 81	 56	 28	  0	 34	  0	  4	  4	  4	  4	  4	  4	  4	  4	  0	  0	  0	  0	  0	  0	  0	  0	  0	  0	  0	  0	  0	  0	  0	  0	  0	  0	  0	  0	  0	  0	  0	  0	 68	 56	 54	 81	  0	 28	  0	  0	  0	  0	  0	  0	  0	  0	  0	  0	  0	  5	20543	  0
10-03-2016	02:54:55	->	L	00000000	 23	 78	 55	 29	  0	 39	  0	  4	  4	  4	  4	  4	  4	  4	  4	  0	  0	  0	  0	  0	  0	  0	  0	  0	  0	  0	  0	  0	  0	  0	  0	  0	  0	  0	  0	  0	  0	  0	  0	 67	 55	 53	 78	  0	 29	  0	  0	  0	  0	  0	  0	  0	  0	  0	  0	  0	  5	20543	  0
10-03-2016	02:59:55	->	L	00000000	 23	 81	 56	 28	  0	 44	  0	  4	  4	  4	  4	  4	  4	  4	  4	  0	  0	  0	  0	  0	  0	  0	  0	  0	  0	  0	  0	  0	  0	  0	  0	  0	  0	  0	  0	  0	  0	  0	  0	 67	 56	 56	 81	  0	 28	  0	  0	  0	  0	  0	  0	  0	  0	  0	  0	  0	  5	20543	  0
10-03-2016	03:04:55	->	L	00000000	 23	 79	 55	 30	  0	 49	  0	  4	  4	  4	  4	  4	  4	  4	  4	  0	  0	  0	  0	  0	  0	  0	  0	  0	  0	  0	  0	  0	  0	  0	  0	  0	  0	  0	  0	  0	  0	  0	  0	 67	 55	 53	 79	  0	 30	  0	  0	  0	  0	  0	  0	  0	  0	  0	  0	  0	  5	20543	  0
10-03-2016	03:09:55	->	L	00000000	 23	 80	 56	 30	  0	 54	  0	  4	  4	  4	  4	  4	  4	  4	  4	  0	  0	  0	  0	  0	  0	  0	  0	  0	  0	  0	  0	  0	  0	  0	  0	  0	  0	  0	  0	  0	  0	  0	  0	 67	 56	 56	 80	  0	 30	  0	  0	  0	  0	  0	  0	  0	  0	  0	  0	  0	  5	20543	  0
10-03-2016	03:14:55	->	L	00000000	 23	 81	 56	 28	  0	 59	  0	  4	  4	  4	  4	  4	  4	  4	  4	  0	  0	  0	  0	  0	  0	  0	  0	  0	  0	  0	  0	  0	  0	  0	  0	  0	  0	  0	  0	  0	  0	  0	  0	 68	 56	 54	 81	  0	 28	  0	  0	  0	  0	  0	  0	  0	  0	  0	  0	  0	  5	20543	  0
10-03-2016	03:19:56	->	L	00000000	 23	 78	 56	 32	  0	 64	  0	  4	  4	  4	  4	  4	  4	  4	  4	  0	  0	  0	  0	  0	  0	  0	  0	  0	  0	  0	  0	  0	  0	  0	  0	  0	  0	  0	  0	  0	  0	  0	  0	 66	 56	 59	 78	  0	 32	  0	  0	  0	  0	  0	  0	  0	  0	  0	  0	  0	  5	20543	  0
10-03-2016	03:24:56	->	L	00000000	 23	 82	 56	 29	  0	 69	  0	  4	  4	  4	  4	  4	  4	  4	  4	  0	  0	  0	  0	  0	  0	  0	  0	  0	  0	  0	  0	  0	  0	  0	  0	  0	  0	  0	  0	  0	  0	  0	  0	 68	 56	 54	 82	  0	 29	  0	  0	  0	  0	  0	  0	  0	  0	  0	  0	  0	  5	20543	  0
10-03-2016	03:29:56	->	L	00000000	 23	 79	 56	 30	  0	 74	  0	  4	  4	  4	  4	  4	  4	  4	  4	  0	  0	  0	  0	  0	  0	  0	  0	  0	  0	  0	  0	  0	  0	  0	  0	  0	  0	  0	  0	  0	  0	  0	  0	 67	 56	 56	 79	  0	 30	  0	  0	  0	  0	  0	  0	  0	  0	  0	  0	  0	  5	20543	  0
10-03-2016	03:34:56	->	L	00000000	 23	 81	 56	 30	  0	 79	  0	  4	  4	  4	  4	  4	  4	  4	  4	  0	  0	  0	  0	  0	  0	  0	  0	  0	  0	  0	  0	  0	  0	  0	  0	  0	  0	  0	  0	  0	  0	  0	  0	 67	 56	 56	 81	  0	 28	  0	  0	  0	  0	  0	  0	  0	  0	  0	  0	  0	  5	20543	  0
10-03-2016	03:39:56	->	L	00000000	 23	 83	 56	 27	  0	 84	  0	  4	  4	  4	  4	  4	  4	  4	  4	  0	  0	  0	  0	  0	  0	  0	  0	  0	  0	  0	  0	  0	  0	  0	  0	  0	  0	  0	  0	  0	  0	  0	  0	 68	 56	 54	 83	  0	 27	  0	  0	  0	  0	  0	  0	  0	  0	  0	  0	  0	  5	20543	  0
10-03-2016	03:44:56	->	L	00000000	 23	 78	 56	 30	  0	 89	  0	  4	  4	  4	  4	  4	  4	  4	  4	  0	  0	  0	  0	  0	  0	  0	  0	  0	  0	  0	  0	  0	  0	  0	  0	  0	  0	  0	  0	  0	  0	  0	  0	 67	 56	 56	 78	  0	 32	  0	  0	  0	  0	  0	  0	  0	  0	  0	  0	  0	  5	20543	  0
10-03-2016	03:49:56	->	L	00000000	 23	 81	 57	 28	  0	 94	  0	  4	  4	  4	  4	  4	  4	  4	  4	  0	  0	  0	  0	  0	  0	  0	  0	  0	  0	  0	  0	  0	  0	  0	  0	  0	  0	  0	  0	  0	  0	  0	  0	 68	 57	 57	 81	  0	 31	  0	  0	  0	  0	  0	  0	  0	  0	  0	  0	  0	  5	20543	  0
10-03-2016	03:54:56	->	L	00000000	 23	 82	 57	 29	  0	 99	  0	  4	  4	  4	  4	  4	  4	  4	  4	  0	  0	  0	  0	  0	  0	  0	  0	  0	  0	  0	  0	  0	  0	  0	  0	  0	  0	  0	  0	  0	  0	  0	  0	 69	 57	 54	 82	  0	 29	  0	  0	  0	  0	  0	  0	  0	  0	  0	  0	  0	  5	20543	  0
10-03-2016	03:59:56	->	L	00000000	 23	 78	 56	 32	  0	104	  0	  4	  4	  4	  4	  4	  4	  4	  4	  0	  0	  0	  0	  0	  0	  0	  0	  0	  0	  0	  0	  0	  0	  0	  0	  0	  0	  0	  0	  0	  0	  0	  0	 67	 56	 56	 78	  0	 32	  0	  0	  0	  0	  0	  0	  0	  0	  0	  0	  0	  5	20543	  0
10-03-2016	04:04:56	->	L	00000000	 23	 82	 56	 28	  0	109	  0	  4	  4	  4	  4	  4	  4	  4	  4	  0	  0	  0	  0	  0	  0	  0	  0	  0	  0	  0	  0	  0	  0	  0	  0	  0	  0	  0	  0	  0	  0	  0	  0	 68	 56	 54	 82	  0	 29	  0	  0	  0	  0	  0	  0	  0	  0	  0	  0	  0	  5	20544	  0
10-03-2016	04:09:56	->	L	00000000	 23	 82	 56	 29	  0	114	  0	  4	  4	  4	  4	  4	  4	  4	  4	  0	  0	  0	  0	  0	  0	  0	  0	  0	  0	  0	  0	  0	  0	  0	  0	  0	  0	  0	  0	  0	  0	  0	  0	 68	 56	 54	 82	  0	 29	  0	  0	  0	  0	  0	  0	  0	  0	  0	  0	  0	  5	20544	  0
10-03-2016	04:14:56	->	L	00000000	 23	 78	 56	 32	  0	119	  0	  4	  4	  4	  4	  4	  4	  4	  4	  0	  0	  0	  0	  0	  0	  0	  0	  0	  0	  0	  0	  0	  0	  0	  0	  0	  0	  0	  0	  0	  0	  0	  0	 67	 56	 56	 78	  0	 32	  0	  0	  0	  0	  0	  0	  0	  0	  0	  0	  0	  5	20544	  0
10-03-2016	04:19:57	->	L	00000000	 23	 82	 57	 29	  0	124	  0	  4	  4	  4	  4	  4	  4	  4	  4	  0	  0	  0	  0	  0	  0	  0	  0	  0	  0	  0	  0	  0	  0	  0	  0	  0	  0	  0	  0	  0	  0	  0	  0	 68	 57	 57	 82	  0	 29	  0	  0	  0	  0	  0	  0	  0	  0	  0	  0	  0	  5	20544	  0
10-03-2016	04:24:57	->	L	00000000	 23	 80	 56	 31	  0	129	  0	  4	  4	  4	  4	  4	  4	  4	  4	  0	  0	  0	  0	  0	  0	  0	  0	  0	  0	  0	  0	  0	  0	  0	  0	  0	  0	  0	  0	  0	  0	  0	  0	 68	 56	 54	 80	  0	 30	  0	  0	  0	  0	  0	  0	  0	  0	  0	  0	  0	  5	20544	  0
10-03-2016	04:29:56	->	L	00000000	 23	 78	 56	 32	  0	134	  0	  4	  4	  4	  4	  4	  4	  4	  4	  0	  0	  0	  0	  0	  0	  0	  0	  0	  0	  0	  0	  0	  0	  0	  0	  0	  0	  0	  0	  0	  0	  0	  0	 67	 56	 56	 78	  0	 32	  0	  0	  0	  0	  0	  0	  0	  0	  0	  0	  0	  5	20544	  0
10-03-2016	04:34:57	->	L	00000000	 23	 82	 56	 29	  0	139	  0	  4	  4	  4	  4	  4	  4	  4	  4	  0	  0	  0	  0	  0	  0	  0	  0	  0	  0	  0	  0	  0	  0	  0	  0	  0	  0	  0	  0	  0	  0	  0	  0	 68	 56	 54	 82	  0	 29	  0	  0	  0	  0	  0	  0	  0	  0	  0	  0	  0	  5	20544	  0
10-03-2016	04:39:57	->	L	00000000	 23	 81	 56	 28	  0	144	  0	  4	  4	  4	  4	  4	  4	  4	  4	  0	  0	  0	  0	  0	  0	  0	  0	  0	  0	  0	  0	  0	  0	  0	  0	  0	  0	  0	  0	  0	  0	  0	  0	 68	 56	 54	 81	  0	 28	  0	  0	  0	  0	  0	  0	  0	  0	  0	  0	  0	  5	20544	  0
10-03-2016	04:44:57	->	L	00000000	 23	 78	 56	 32	  0	149	  0	  4	  4	  4	  4	  4	  4	  4	  4	  0	  0	  0	  0	  0	  0	  0	  0	  0	  0	  0	  0	  0	  0	  0	  0	  0	  0	  0	  0	  0	  0	  0	  0	 67	 56	 56	 78	  0	 32	  0	  0	  0	  0	  0	  0	  0	  0	  0	  0	  0	  5	20544	  0
10-03-2016	04:49:57	->	L	00000000	 23	 81	 56	 28	  0	154	  0	  4	  4	  4	  4	  4	  4	  4	  4	  0	  0	  0	  0	  0	  0	  0	  0	  0	  0	  0	  0	  0	  0	  0	  0	  0	  0	  0	  0	  0	  0	  0	  0	 68	 56	 54	 81	  0	 28	  0	  0	  0	  0	  0	  0	  0	  0	  0	  0	  0	  5	20544	  0
10-03-2016	04:54:57	->	L	00000000	 23	 80	 56	 30	  0	159	  0	  4	  4	  4	  4	  4	  4	  4	  4	  0	  0	  0	  0	  0	  0	  0	  0	  0	  0	  0	  0	  0	  0	  0	  0	  0	  0	  0	  0	  0	  0	  0	  0	 67	 56	 54	 80	  0	 30	  0	  0	  0	  0	  0	  0	  0	  0	  0	  0	  0	  5	20544	  0
10-03-2016	04:59:57	->	L	00000000	 23	 78	 56	 32	  0	164	  0	  4	  4	  4	  4	  4	  4	  4	  4	  0	  0	  0	  0	  0	  0	  0	  0	  0	  0	  0	  0	  0	  0	  0	  0	  0	  0	  0	  0	  0	  0	  0	  0	 66	 56	 59	 78	  0	 32	  0	  0	  0	  0	  0	  0	  0	  0	  0	  0	  0	  5	20544	  0
10-03-2016	05:04:57	->	L	00000000	 23	 82	 56	 29	  0	169	  0	  4	  4	  4	  4	  4	  4	  4	  4	  0	  0	  0	  0	  0	  0	  0	  0	  0	  0	  0	  0	  0	  0	  0	  0	  0	  0	  0	  0	  0	  0	  0	  0	 68	 56	 54	 82	  0	 29	  0	  0	  0	  0	  0	  0	  0	  0	  0	  0	  0	  5	20544	  0
10-03-2016	05:09:57	->	L	00000000	 23	 81	 56	 28	  0	174	  0	  4	  4	  4	  4	  4	  4	  4	  4	  0	  0	  0	  0	  0	  0	  0	  0	  0	  0	  0	  0	  0	  0	  0	  0	  0	  0	  0	  0	  0	  0	  0	  0	 68	 56	 54	 81	  0	 28	  0	  0	  0	  0	  0	  0	  0	  0	  0	  0	  0	  5	20544	  0
10-03-2016	05:14:57	->	L	00000000	 23	 78	 56	 32	  0	179	  0	  4	  4	  4	  4	  4	  4	  4	  4	  0	  0	  0	  0	  0	  0	  0	  0	  0	  0	  0	  0	  0	  0	  0	  0	  0	  0	  0	  0	  0	  0	  0	  0	 67	 56	 56	 78	  0	 32	  0	  0	  0	  0	  0	  0	  0	  0	  0	  0	  0	  5	20544	  0
10-03-2016	05:19:57	->	L	00000000	 23	 82	 56	 28	  0	184	  0	  4	  4	  4	  4	  4	  4	  4	  4	  0	  0	  0	  0	  0	  0	  0	  0	  0	  0	  0	  0	  0	  0	  0	  0	  0	  0	  0	  0	  0	  0	  0	  0	 68	 56	 54	 82	  0	 29	  0	  0	  0	  0	  0	  0	  0	  0	  0	  0	  0	  5	20544	  0
10-03-2016	05:24:58	->	L	00000000	 23	 82	 57	 29	  0	189	  0	  4	  4	  4	  4	  4	  4	  4	  4	  0	  0	  0	  0	  0	  0	  0	  0	  0	  0	  0	  0	  0	  0	  0	  0	  0	  0	  0	  0	  0	  0	  0	  0	 69	 57	 54	 82	  0	 29	  0	  0	  0	  0	  0	  0	  0	  0	  0	  0	  0	  5	20544	  0
10-03-2016	05:29:58	->	L	00000000	 23	 78	 56	 33	  0	194	  0	  4	  4	  4	  4	  4	  4	  4	  4	  0	  0	  0	  0	  0	  0	  0	  0	  0	  0	  0	  0	  0	  0	  0	  0	  0	  0	  0	  0	  0	  0	  0	  0	 68	 56	 54	 78	  0	 32	  0	  0	  0	  0	  0	  0	  0	  0	  0	  0	  0	  5	20544	  0
10-03-2016	05:34:57	->	L	00000000	 23	 82	 57	 29	  0	199	  0	  4	  4	  4	  4	  4	  4	  4	  4	  0	  0	  0	  0	  0	  0	  0	  0	  0	  0	  0	  0	  0	  0	  0	  0	  0	  0	  0	  0	  0	  0	  0	  0	 69	 57	 54	 82	  0	 29	  0	  0	  0	  0	  0	  0	  0	  0	  0	  0	  0	  5	20544	  0
10-03-2016	05:39:57	->	L	00000000	 23	 82	 57	 29	  0	204	  0	  4	  4	  4	  4	  4	  4	  4	  4	  0	  0	  0	  0	  0	  0	  0	  0	  0	  0	  0	  0	  0	  0	  0	  0	  0	  0	  0	  0	  0	  0	  0	  0	 69	 57	 54	 82	  0	 29	  0	  0	  0	  0	  0	  0	  0	  0	  0	  0	  0	  5	20544	  0
10-03-2016	05:44:57	->	L	00000000	 23	 79	 57	 30	  0	209	  0	  4	  4	  4	  4	  4	  4	  4	  4	  0	  0	  0	  0	  0	  0	  0	  0	  0	  0	  0	  0	  0	  0	  0	  0	  0	  0	  0	  0	  0	  0	  0	  0	 68	 57	 57	 79	  0	 33	  0	  0	  0	  0	  0	  0	  0	  0	  0	  0	  0	  5	20544	  0
10-03-2016	05:49:58	->	L	00000000	 23	 81	 57	 31	  0	214	  0	  4	  4	  4	  4	  4	  4	  4	  4	  0	  0	  0	  0	  0	  0	  0	  0	  0	  0	  0	  0	  0	  0	  0	  0	  0	  0	  0	  0	  0	  0	  0	  0	 68	 57	 57	 81	  0	 31	  0	  0	  0	  0	  0	  0	  0	  0	  0	  0	  0	  5	20544	  0
10-03-2016	05:54:58	->	L	00000000	 23	 83	 57	 27	  0	219	  0	  4	  4	  4	  4	  4	  4	  4	  4	  0	  0	  0	  0	  0	  0	  0	  0	  0	  0	  0	  0	  0	  0	  0	  0	  0	  0	  0	  0	  0	  0	  0	  0	 70	 57	 51	 83	  0	 29	  0	  0	  0	  0	  0	  0	  0	  0	  0	  0	  0	  5	20544	  0
10-03-2016	05:59:58	->	L	00000000	 23	 79	 57	 30	  0	224	  0	  4	  4	  4	  4	  4	  4	  4	  4	  0	  0	  0	  0	  0	  0	  0	  0	  0	  0	  0	  0	  0	  0	  0	  0	  0	  0	  0	  0	  0	  0	  0	  0	 68	 57	 57	 79	  0	 33	  0	  0	  0	  0	  0	  0	  0	  0	  0	  0	  0	  5	20544	  0
10-03-2016	06:04:58	->	L	00000000	 23	 81	 57	 30	  0	229	  0	  4	  4	  4	  4	  4	  4	  4	  4	  0	  0	  0	  0	  0	  0	  0	  0	  0	  0	  0	  0	  0	  0	  0	  0	  0	  0	  0	  0	  0	  0	  0	  0	 69	 57	 54	 81	  0	 31	  0	  0	  0	  0	  0	  0	  0	  0	  0	  0	  0	  5	20544	  0
10-03-2016	06:09:58	->	L	00000000	 23	 84	 57	 27	  0	234	  0	  4	  4	  4	  4	  4	  4	  4	  4	  0	  0	  0	  0	  0	  0	  0	  0	  0	  0	  0	  0	  0	  0	  0	  0	  0	  0	  0	  0	  0	  0	  0	  0	 70	 57	 51	 84	  0	 27	  0	  0	  0	  0	  0	  0	  0	  0	  0	  0	  0	  5	20544	  0
10-03-2016	06:14:58	->	L	00000000	 23	 80	 57	 31	  0	239	  0	  4	  4	  4	  4	  4	  4	  4	  4	  0	  0	  0	  0	  0	  0	  0	  0	  0	  0	  0	  0	  0	  0	  0	  0	  0	  0	  0	  0	  0	  0	  0	  0	 69	 57	 54	 80	  0	 30	  0	  0	  0	  0	  0	  0	  0	  0	  0	  0	  0	  5	20544	  0
10-03-2016	06:19:58	<-	L	00000000	 23	 80	 59	 34	  0	244	  0	  4	  4	  4	  4	  4	  4	  4	  4	  0	  0	  0	  0	  0	  0	  0	  0	  0	  0	  0	  0	  0	  0	  0	  0	  0	  0	  0	  0	  0	  0	  0	  0	 71	 59	 55	 80	  0	 34	  0	  0	  0	  0	  0	  0	  0	  0	  0	  0	  0	  5	20544	  0
10-03-2016	06:24:58	<-	L	00000000	 23	 82	 60	 34	  0	249	  0	  4	  4	  4	  4	  4	  4	  4	  4	  0	  0	  0	  0	  0	  0	  0	  0	  0	  0	  0	  0	  0	  0	  0	  0	  0	  0	  0	  0	  0	  0	  0	  0	 82	 60	 34	 78	  0	 41	  0	  0	  0	  0	  0	  0	  0	  0	  0	  0	  0	  5	20544	  0
10-03-2016	06:29:58	<-	L	00000000	 23	 82	 60	 32	  0	254	  0	  4	  4	  4	  4	  4	  4	  4	  4	  0	  0	  0	  0	  0	  0	  0	  0	  0	  0	  0	  0	  0	  0	  0	  0	  0	  0	  0	  0	  0	  0	  0	  0	 82	 60	 34	 77	  0	 43	  0	  0	  0	  0	  0	  0	  0	  0	  0	  0	  0	  5	20544	  0
10-03-2016	06:34:58	<-	L	00000000	 23	 82	 60	 32	  0	259	  0	  4	  4	  4	  4	  4	  4	  4	  4	  0	  0	  0	  0	  0	  0	  0	  0	  0	  0	  0	  0	  0	  0	  0	  0	  0	  0	  0	  0	  0	  0	  0	  0	 82	 60	 34	 77	  0	 43	  0	  0	  0	  0	  0	  0	  0	  0	  0	  0	  0	  5	20544	  0
10-03-2016	06:39:58	<-	L	00000000	 23	 81	 60	 34	  0	264	  0	  4	  4	  4	  4	  4	  4	  4	  4	  0	  0	  0	  0	  0	  0	  0	  0	  0	  0	  0	  0	  0	  0	  0	  0	  0	  0	  0	  0	  0	  0	  0	  0	 81	 60	 35	 77	  0	 43	  0	  0	  0	  0	  0	  0	  0	  0	  0	  0	  0	  5	20544	  0
10-03-2016	06:44:58	<-	L	00000000	 23	 81	 59	 34	  0	269	  0	  4	  4	  4	  4	  4	  4	  4	  4	  0	  0	  0	  0	  0	  0	  0	  0	  0	  0	  0	  0	  0	  0	  0	  0	  0	  0	  0	  0	  0	  0	  0	  0	 81	 59	 34	 76	  0	 42	  0	  0	  0	  0	  0	  0	  0	  0	  0	  0	  0	  5	20544	  0
10-03-2016	06:49:59	<-	L	00000000	 23	 80	 59	 34	  0	274	  0	  4	  4	  4	  4	  4	  4	  4	  4	  0	  0	  0	  0	  0	  0	  0	  0	  0	  0	  0	  0	  0	  0	  0	  0	  0	  0	  0	  0	  0	  0	  0	  0	 80	 59	 34	 76	  0	 42	  0	  0	  0	  0	  0	  0	  0	  0	  0	  0	  0	  5	20544	  0
10-03-2016	06:54:59	<-	L	00000000	 23	 79	 59	 37	  0	279	  0	  4	  4	  4	  4	  4	  4	  4	  4	  0	  0	  0	  0	  0	  0	  0	  0	  0	  0	  0	  0	  0	  0	  0	  0	  0	  0	  0	  0	  0	  0	  0	  0	 79	 59	 37	 75	  0	 45	  0	  0	  0	  0	  0	  0	  0	  0	  0	  0	  0	  5	20544	  0
10-03-2016	06:59:59	<-	L	00000000	 23	 79	 59	 37	  0	284	  0	  4	  4	  4	  4	  4	  4	  4	  4	  0	  0	  0	  0	  0	  0	  0	  0	  0	  0	  0	  0	  0	  0	  0	  0	  0	  0	  0	  0	  0	  0	  0	  0	 79	 59	 37	 75	  0	 45	  0	  0	  0	  0	  0	  0	  0	  0	  0	  0	  0	  5	20544	  0
10-03-2016	07:04:59	<-	L	00000000	 23	 81	 59	 34	  0	289	  0	  4	  4	  4	  4	  4	  4	  4	  4	  0	  0	  0	  0	  0	  0	  0	  0	  0	  0	  0	  0	  0	  0	  0	  0	  0	  0	  0	  0	  0	  0	  0	  0	 81	 59	 34	 76	  0	 42	  0	  0	  0	  0	  0	  0	  0	  0	  0	  0	  0	  5	20544	  0
10-03-2016	07:09:59	<-	L	00000000	 23	 85	 60	 31	  0	294	  0	  4	  4	  4	  4	  4	  4	  4	  4	  0	  0	  0	  0	  0	  0	  0	  0	  0	  0	  0	  0	  0	  0	  0	  0	  0	  0	  0	  0	  0	  0	  0	  0	 85	 60	 30	 76	  0	 45	  0	  0	  0	  0	  0	  0	  0	  0	  0	  0	  0	  5	20544	  0
10-03-2016	07:14:59	<-	L	00000000	 23	 85	 59	 31	  0	299	  0	  4	  4	  4	  4	  4	  4	  4	  4	  0	  0	  0	  0	  0	  0	  0	  0	  0	  0	  0	  0	  0	  0	  0	  0	  0	  0	  0	  0	  0	  0	  0	  0	 85	 59	 30	 76	  0	 42	  0	  0	  0	  0	  0	  0	  0	  0	  0	  0	  0	  5	20544	  0
10-03-2016	07:19:59	<-	L	00000000	 24	 87	 60	 28	  0	  3	  0	  4	  4	  4	  4	  4	  4	  4	  4	  0	  0	  0	  0	  0	  0	  0	  0	  0	  0	  0	  0	  0	  0	  0	  0	  0	  0	  0	  0	  0	  0	  0	  0	 87	 60	 28	 78	  0	 41	  0	  0	  0	  0	  0	  0	  0	  0	  0	  0	  0	  5	21822	  0
10-03-2016	07:24:59	<-	L	00000000	 24	 83	 59	 31	  0	  8	  0	  4	  4	  4	  4	  4	  4	  4	  4	  0	  0	  0	  0	  0	  0	  0	  0	  0	  0	  0	  0	  0	  0	  0	  0	  0	  0	  0	  0	  0	  0	  0	  0	 83	 59	 31	 77	  0	 41	  0	  0	  0	  0	  0	  0	  0	  0	  0	  0	  0	  5	21822	  0
10-03-2016	07:29:59	<-	L	00000000	 24	 89	 60	 28	  0	 13	  0	  4	  4	  4	  4	  4	  4	  4	  4	  0	  0	  0	  0	  0	  0	  0	  0	  0	  0	  0	  0	  0	  0	  0	  0	  0	  0	  0	  0	  0	  0	  0	  0	 89	 60	 26	 79	  0	 39	  0	  0	  0	  0	  0	  0	  0	  0	  0	  0	  0	  5	21822	  0
10-03-2016	07:34:59	<-	L	00000000	 24	 88	 60	 26	  0	 18	  0	  4	  4	  4	  4	  4	  4	  4	  4	  0	  0	  0	  0	  0	  0	  0	  0	  0	  0	  0	  0	  0	  0	  0	  0	  0	  0	  0	  0	  0	  0	  0	  0	 88	 60	 28	 79	  0	 39	  0	  0	  0	  0	  0	  0	  0	  0	  0	  0	  0	  5	21822	  0
10-03-2016	07:39:59	<-	L	00000000	 24	 83	 59	 31	  0	 23	  0	  4	  4	  4	  4	  4	  4	  4	  4	  0	  0	  0	  0	  0	  0	  0	  0	  0	  0	  0	  0	  0	  0	  0	  0	  0	  0	  0	  0	  0	  0	  0	  0	 83	 59	 31	 77	  0	 41	  0	  0	  0	  0	  0	  0	  0	  0	  0	  0	  0	  5	21822	  0
10-03-2016	07:44:59	<-	L	00000000	 24	 89	 60	 28	  0	 28	  0	  4	  4	  4	  4	  4	  4	  4	  4	  0	  0	  0	  0	  0	  0	  0	  0	  0	  0	  0	  0	  0	  0	  0	  0	  0	  0	  0	  0	  0	  0	  0	  0	 89	 60	 26	 79	  0	 39	  0	  0	  0	  0	  0	  0	  0	  0	  0	  0	  0	  5	21822	  0
10-03-2016	07:49:59	<-	L	00000000	 24	 88	 60	 26	  0	 33	  0	  4	  4	  4	  4	  4	  4	  4	  4	  0	  0	  0	  0	  0	  0	  0	  0	  0	  0	  0	  0	  0	  0	  0	  0	  0	  0	  0	  0	  0	  0	  0	  0	 88	 60	 28	 79	  0	 39	  0	  0	  0	  0	  0	  0	  0	  0	  0	  0	  0	  5	21822	  0
10-03-2016	07:55:00	<-	L	00000000	 24	 83	 59	 32	  0	 38	  0	  4	  4	  4	  4	  4	  4	  4	  4	  0	  0	  0	  0	  0	  0	  0	  0	  0	  0	  0	  0	  0	  0	  0	  0	  0	  0	  0	  0	  0	  0	  0	  0	 83	 59	 31	 78	  0	 39	  0	  0	  0	  0	  0	  0	  0	  0	  0	  0	  0	  5	21822	  0
10-03-2016	08:00:00	<-	L	00000000	 24	 88	 60	 28	  0	 43	  0	  4	  4	  4	  4	  4	  4	  4	  4	  0	  0	  0	  0	  0	  0	  0	  0	  0	  0	  0	  0	  0	  0	  0	  0	  0	  0	  0	  0	  0	  0	  0	  0	 90	 60	 28	 79	  0	 39	  0	  0	  0	  0	  0	  0	  0	  0	  0	  0	  0	  5	21822	  0
10-03-2016	08:05:00	<-	L	00000000	 24	 89	 60	 26	  0	 48	  0	  4	  4	  4	  4	  4	  4	  4	  4	  0	  0	  0	  0	  0	  0	  0	  0	  0	  0	  0	  0	  0	  0	  0	  0	  0	  0	  0	  0	  0	  0	  0	  0	 89	 60	 26	 80	  0	 38	  0	  0	  0	  0	  0	  0	  0	  0	  0	  0	  0	  5	21822	  0
10-03-2016	08:10:08	<-	L	00000000	 24	 85	 60	 30	  0	 53	  0	  4	  4	  4	  4	  4	  4	  4	  4	  0	  0	  0	  0	  0	  0	  0	  0	  0	  0	  0	  0	  0	  0	  0	  0	  0	  0	  0	  0	  0	  0	  0	  0	 85	 60	 30	 79	  0	 39	  0	  0	  0	  0	  0	  0	  0	  0	  0	  0	  0	  5	21822	  0
10-03-2016	08:15:08	<-	L	00000000	 24	 86	 60	 32	  0	 58	  0	  4	  4	  4	  4	  4	  4	  4	  4	  0	  0	  0	  0	  0	  0	  0	  0	  0	  0	  0	  0	  0	  0	  0	  0	  0	  0	  0	  0	  0	  0	  0	  0	 86	 60	 30	 78	  0	 41	  0	  0	  0	  0	  0	  0	  0	  0	  0	  0	  0	  5	21822	  0
10-03-2016	08:20:08	<-	L	00000000	 24	 92	 60	 24	  0	 63	  0	  4	  4	  4	  4	  4	  4	  4	  4	  0	  0	  0	  0	  0	  0	  0	  0	  0	  0	  0	  0	  0	  0	  0	  0	  0	  0	  0	  0	  0	  0	  0	  0	 92	 60	 24	 80	  0	 38	  0	  0	  0	  0	  0	  0	  0	  0	  0	  0	  0	  5	21822	  0
10-03-2016	08:25:08	<-	L	00000000	 24	 90	 60	 25	  0	 68	  0	  4	  4	  4	  4	  4	  4	  4	  4	  0	  0	  0	  0	  0	  0	  0	  0	  0	  0	  0	  0	  0	  0	  0	  0	  0	  0	  0	  0	  0	  0	  0	  0	 90	 60	 26	 80	  0	 38	  0	  0	  0	  0	  0	  0	  0	  0	  0	  0	  0	  5	21822	  0
10-03-2016	08:30:08	<-	L	00000000	 24	 86	 60	 28	  0	 73	  0	  4	  4	  4	  4	  4	  4	  4	  4	  0	  0	  0	  0	  0	  0	  0	  0	  0	  0	  0	  0	  0	  0	  0	  0	  0	  0	  0	  0	  0	  0	  0	  0	 86	 60	 30	 79	  0	 39	  0	  0	  0	  0	  0	  0	  0	  0	  0	  0	  0	  5	21822	  0
10-03-2016	08:35:08	<-	L	00000000	 24	 84	 59	 29	  0	 78	  0	  4	  4	  4	  4	  4	  4	  4	  4	  0	  0	  0	  0	  0	  0	  0	  0	  0	  0	  0	  0	  0	  0	  0	  0	  0	  0	  0	  0	  0	  0	  0	  0	 84	 59	 29	 78	  0	 39	  0	  0	  0	  0	  0	  0	  0	  0	  0	  0	  0	  5	21819	  0
10-03-2016	08:40:08	<-	L	00000000	 24	 91	 60	 25	  0	 83	  0	  4	  4	  4	  4	  4	  4	  4	  4	  0	  0	  0	  0	  0	  0	  0	  0	  0	  0	  0	  0	  0	  0	  0	  0	  0	  0	  0	  0	  0	  0	  0	  0	 91	 60	 25	 80	  0	 38	  0	  0	  0	  0	  0	  0	  0	  0	  0	  0	  0	  5	21819	  0
10-03-2016	08:45:08	<-	L	00000000	 24	 86	 58	 25	  0	 88	  0	  4	  4	  4	  4	  4	  4	  4	  4	  0	  0	  0	  0	  0	  0	  0	  0	  0	  0	  0	  0	  0	  0	  0	  0	  0	  0	  0	  0	  0	  0	  0	  0	 86	 58	 27	 78	  0	 37	  0	  0	  0	  0	  0	  0	  0	  0	  0	  0	  0	  5	21819	  0
10-03-2016	08:50:08	<-	L	00000000	 24	 84	 59	 29	  0	 93	  0	  4	  4	  4	  4	  4	  4	  4	  4	  0	  0	  0	  0	  0	  0	  0	  0	  0	  0	  0	  0	  0	  0	  0	  0	  0	  0	  0	  0	  0	  0	  0	  0	 84	 59	 29	 78	  0	 39	  0	  0	  0	  0	  0	  0	  0	  0	  0	  0	  0	  5	21819	  0
10-03-2016	08:55:08	<-	L	00000000	 24	 90	 59	 25	  0	 98	  0	  4	  4	  4	  4	  4	  4	  4	  4	  0	  0	  0	  0	  0	  0	  0	  0	  0	  0	  0	  0	  0	  0	  0	  0	  0	  0	  0	  0	  0	  0	  0	  0	 90	 59	 25	 79	  0	 37	  0	  0	  0	  0	  0	  0	  0	  0	  0	  0	  0	  5	21819	  0
10-03-2016	09:00:08	<-	L	00000000	 24	 86	 58	 27	  0	103	  0	  4	  4	  4	  4	  4	  4	  4	  4	  0	  0	  0	  0	  0	  0	  0	  0	  0	  0	  0	  0	  0	  0	  0	  0	  0	  0	  0	  0	  0	  0	  0	  0	 86	 58	 27	 78	  0	 37	  0	  0	  0	  0	  0	  0	  0	  0	  0	  0	  0	  5	21819	  0
10-03-2016	09:05:09	<-	L	00000000	 24	 84	 59	 29	  0	108	  0	  4	  4	  4	  4	  4	  4	  4	  4	  0	  0	  0	  0	  0	  0	  0	  0	  0	  0	  0	  0	  0	  0	  0	  0	  0	  0	  0	  0	  0	  0	  0	  0	 84	 59	 29	 78	  0	 39	  0	  0	  0	  0	  0	  0	  0	  0	  0	  0	  0	  5	21819	  0
10-03-2016	09:10:08	<-	L	00000000	 24	 91	 59	 24	  0	113	  0	  4	  4	  4	  4	  4	  4	  4	  4	  0	  0	  0	  0	  0	  0	  0	  0	  0	  0	  0	  0	  0	  0	  0	  0	  0	  0	  0	  0	  0	  0	  0	  0	 91	 59	 24	 80	  0	 34	  0	  0	  0	  0	  0	  0	  0	  0	  0	  0	  0	  5	21819	  0
10-03-2016	09:15:09	<-	L	00000000	 24	 86	 58	 27	  0	118	  0	  4	  4	  4	  4	  4	  4	  4	  4	  0	  0	  0	  0	  0	  0	  0	  0	  0	  0	  0	  0	  0	  0	  0	  0	  0	  0	  0	  0	  0	  0	  0	  0	 86	 58	 27	 78	  0	 37	  0	  0	  0	  0	  0	  0	  0	  0	  0	  0	  0	  5	21819	  0
10-03-2016	09:20:09	<-	L	00000000	 24	 83	 58	 31	  0	123	  0	  4	  4	  4	  4	  4	  4	  4	  4	  0	  0	  0	  0	  0	  0	  0	  0	  0	  0	  0	  0	  0	  0	  0	  0	  0	  0	  0	  0	  0	  0	  0	  0	 83	 58	 29	 78	  0	 37	  0	  0	  0	  0	  0	  0	  0	  0	  0	  0	  0	  5	21819	  0
10-03-2016	09:25:09	<-	L	00000000	 24	 90	 59	 25	  0	128	  0	  4	  4	  4	  4	  4	  4	  4	  4	  0	  0	  0	  0	  0	  0	  0	  0	  0	  0	  0	  0	  0	  0	  0	  0	  0	  0	  0	  0	  0	  0	  0	  0	 90	 59	 25	 79	  0	 37	  0	  0	  0	  0	  0	  0	  0	  0	  0	  0	  0	  5	21819	  0
10-03-2016	09:30:09	<-	L	00000000	 24	 91	 59	 24	  0	133	  0	  4	  4	  4	  4	  4	  4	  4	  4	  0	  0	  0	  0	  0	  0	  0	  0	  0	  0	  0	  0	  0	  0	  0	  0	  0	  0	  0	  0	  0	  0	  0	  0	 91	 59	 24	 80	  0	 34	  0	  0	  0	  0	  0	  0	  0	  0	  0	  0	  0	  5	21819	  0
10-03-2016	09:35:09	<-	L	00000000	 24	 86	 59	 27	  0	138	  0	  4	  4	  4	  4	  4	  4	  4	  4	  0	  0	  0	  0	  0	  0	  0	  0	  0	  0	  0	  0	  0	  0	  0	  0	  0	  0	  0	  0	  0	  0	  0	  0	 86	 59	 28	 79	  0	 37	  0	  0	  0	  0	  0	  0	  0	  0	  0	  0	  0	  5	21819	  0
10-03-2016	09:40:09	<-	L	00000000	 24	 83	 59	 29	  0	143	  0	  4	  4	  4	  4	  4	  4	  4	  4	  0	  0	  0	  0	  0	  0	  0	  0	  0	  0	  0	  0	  0	  0	  0	  0	  0	  0	  0	  0	  0	  0	  0	  0	 83	 59	 31	 78	  0	 39	  0	  0	  0	  0	  0	  0	  0	  0	  0	  0	  0	  5	21819	  0
10-03-2016	09:45:09	<-	L	00000000	 24	 88	 59	 27	  0	148	  0	  4	  4	  4	  4	  4	  4	  4	  4	  0	  0	  0	  0	  0	  0	  0	  0	  0	  0	  0	  0	  0	  0	  0	  0	  0	  0	  0	  0	  0	  0	  0	  0	 88	 59	 26	 80	  0	 34	  0	  0	  0	  0	  0	  0	  0	  0	  0	  0	  0	  5	21819	  0
10-03-2016	09:50:09	<-	L	00000000	 24	 91	 59	 23	  0	153	  0	  4	  4	  4	  4	  4	  4	  4	  4	  0	  0	  0	  0	  0	  0	  0	  0	  0	  0	  0	  0	  0	  0	  0	  0	  0	  0	  0	  0	  0	  0	  0	  0	 91	 59	 24	 81	  0	 34	  0	  0	  0	  0	  0	  0	  0	  0	  0	  0	  0	  5	21819	  0
10-03-2016	09:55:09	<-	L	00000000	 24	 87	 59	 26	  0	158	  0	  4	  4	  4	  4	  4	  4	  4	  4	  0	  0	  0	  0	  0	  0	  0	  0	  0	  0	  0	  0	  0	  0	  0	  0	  0	  0	  0	  0	  0	  0	  0	  0	 87	 59	 27	 80	  0	 34	  0	  0	  0	  0	  0	  0	  0	  0	  0	  0	  0	  5	21819	  0
10-03-2016	10:00:09	<-	L	00000000	 24	 84	 59	 29	  0	163	  0	  4	  4	  4	  4	  4	  4	  4	  4	  0	  0	  0	  0	  0	  0	  0	  0	  0	  0	  0	  0	  0	  0	  0	  0	  0	  0	  0	  0	  0	  0	  0	  0	 84	 59	 29	 79	  0	 37	  0	  0	  0	  0	  0	  0	  0	  0	  0	  0	  0	  5	21819	  0
10-03-2016	10:05:10	<-	L	00000000	 24	 89	 59	 27	  0	168	  0	  4	  4	  4	  4	  4	  4	  4	  4	  0	  0	  0	  0	  0	  0	  0	  0	  0	  0	  0	  0	  0	  0	  0	  0	  0	  0	  0	  0	  0	  0	  0	  0	 89	 59	 25	 80	  0	 34	  0	  0	  0	  0	  0	  0	  0	  0	  0	  0	  0	  5	21819	  0
10-03-2016	10:10:09	<-	L	00000000	 24	 91	 59	 24	  0	173	  0	  4	  4	  4	  4	  4	  4	  4	  4	  0	  0	  0	  0	  0	  0	  0	  0	  0	  0	  0	  0	  0	  0	  0	  0	  0	  0	  0	  0	  0	  0	  0	  0	 91	 59	 24	 81	  0	 34	  0	  0	  0	  0	  0	  0	  0	  0	  0	  0	  0	  5	21819	  0
10-03-2016	10:15:09	<-	L	00000000	 24	 87	 59	 26	  0	178	  0	  4	  4	  4	  4	  4	  4	  4	  4	  0	  0	  0	  0	  0	  0	  0	  0	  0	  0	  0	  0	  0	  0	  0	  0	  0	  0	  0	  0	  0	  0	  0	  0	 87	 59	 27	 81	  0	 34	  0	  0	  0	  0	  0	  0	  0	  0	  0	  0	  0	  5	21819	  0
10-03-2016	10:20:09	  	L	00000000	 24	 84	 59	 30	  0	183	  0	  4	  4	  4	  4	  4	  4	  4	  4	  0	  0	  0	  0	  0	  0	  0	  0	  0	  0	  0	  0	  0	  0	  0	  0	  0	  0	  0	  0	  0	  0	  0	  0	 84	 59	 29	 80	  0	 34	  0	  0	  0	  0	  0	  0	  0	  0	  0	  0	  0	  5	21819	  0
10-03-2016	10:25:10	->	L	00000000	 24	 85	 57	 27	  0	188	  0	  4	  4	  4	  4	  4	  4	  4	  4	  0	  0	  0	  0	  0	  0	  0	  0	  0	  0	  0	  0	  0	  0	  0	  0	  0	  0	  0	  0	  0	  0	  0	  0	 79	 57	 33	 85	  0	 27	  0	  0	  0	  0	  0	  0	  0	  0	  0	  0	  0	  5	21819	  0
10-03-2016	10:30:10	->	L	00000000	 24	 85	 57	 27	  0	193	  0	  4	  4	  4	  4	  4	  4	  4	  4	  0	  0	  0	  0	  0	  0	  0	  0	  0	  0	  0	  0	  0	  0	  0	  0	  0	  0	  0	  0	  0	  0	  0	  0	 77	 57	 36	 85	  0	 27	  0	  0	  0	  0	  0	  0	  0	  0	  0	  0	  0	  5	21819	  0
10-03-2016	10:35:10	->	L	00000000	 24	 87	 57	 24	  0	198	  0	  4	  4	  4	  4	  4	  4	  4	  4	  0	  0	  0	  0	  0	  0	  0	  0	  0	  0	  0	  0	  0	  0	  0	  0	  0	  0	  0	  0	  0	  0	  0	  0	 78	 57	 33	 87	  0	 24	  0	  0	  0	  0	  0	  0	  0	  0	  0	  0	  0	  5	21819	  0
10-03-2016	10:40:10	->	L	00000000	 24	 83	 57	 29	  0	203	  0	  4	  4	  4	  4	  4	  4	  4	  4	  0	  0	  0	  0	  0	  0	  0	  0	  0	  0	  0	  0	  0	  0	  0	  0	  0	  0	  0	  0	  0	  0	  0	  0	 76	 57	 38	 83	  0	 29	  0	  0	  0	  0	  0	  0	  0	  0	  0	  0	  0	  5	21819	  0
10-03-2016	10:45:10	->	L	00000000	 24	 88	 57	 24	  0	208	  0	  4	  4	  4	  4	  4	  4	  4	  4	  0	  0	  0	  0	  0	  0	  0	  0	  0	  0	  0	  0	  0	  0	  0	  0	  0	  0	  0	  0	  0	  0	  0	  0	 77	 57	 36	 88	  0	 24	  0	  0	  0	  0	  0	  0	  0	  0	  0	  0	  0	  5	21819	  0
10-03-2016	10:50:10	->	L	00000000	 24	 85	 57	 25	  0	213	  0	  4	  4	  4	  4	  4	  4	  4	  4	  0	  0	  0	  0	  0	  0	  0	  0	  0	  0	  0	  0	  0	  0	  0	  0	  0	  0	  0	  0	  0	  0	  0	  0	 76	 57	 38	 85	  0	 27	  0	  0	  0	  0	  0	  0	  0	  0	  0	  0	  0	  5	21819	  0
10-03-2016	10:55:10	->	L	00000000	 24	 86	 57	 27	  0	218	  0	  4	  4	  4	  4	  4	  4	  4	  4	  0	  0	  0	  0	  0	  0	  0	  0	  0	  0	  0	  0	  0	  0	  0	  0	  0	  0	  0	  0	  0	  0	  0	  0	 75	 57	 40	 86	  0	 25	  0	  0	  0	  0	  0	  0	  0	  0	  0	  0	  0	  5	21819	  0
10-03-2016	11:00:10	->	L	00000000	 24	 88	 57	 24	  0	223	  0	  4	  4	  4	  4	  4	  4	  4	  4	  0	  0	  0	  0	  0	  0	  0	  0	  0	  0	  0	  0	  0	  0	  0	  0	  0	  0	  0	  0	  0	  0	  0	  0	 76	 57	 38	 88	  0	 24	  0	  0	  0	  0	  0	  0	  0	  0	  0	  0	  0	  5	21819	  0
10-03-2016	11:05:10	->	L	00000000	 24	 85	 57	 25	  0	228	  0	  4	  4	  4	  4	  4	  4	  4	  4	  0	  0	  0	  0	  0	  0	  0	  0	  0	  0	  0	  0	  0	  0	  0	  0	  0	  0	  0	  0	  0	  0	  0	  0	 75	 57	 40	 85	  0	 27	  0	  0	  0	  0	  0	  0	  0	  0	  0	  0	  0	  5	21819	  0
10-03-2016	11:10:10	->	L	00000000	 24	 85	 57	 27	  0	233	  0	  4	  4	  4	  4	  4	  4	  4	  4	  0	  0	  0	  0	  0	  0	  0	  0	  0	  0	  0	  0	  0	  0	  0	  0	  0	  0	  0	  0	  0	  0	  0	  0	 75	 57	 40	 85	  0	 27	  0	  0	  0	  0	  0	  0	  0	  0	  0	  0	  0	  5	21819	  0
10-03-2016	11:15:10	->	L	00000000	 24	 88	 57	 24	  0	238	  0	  4	  4	  4	  4	  4	  4	  4	  4	  0	  0	  0	  0	  0	  0	  0	  0	  0	  0	  0	  0	  0	  0	  0	  0	  0	  0	  0	  0	  0	  0	  0	  0	 76	 57	 38	 88	  0	 24	  0	  0	  0	  0	  0	  0	  0	  0	  0	  0	  0	  5	21819	  0
10-03-2016	11:20:10	->	L	00000000	 24	 86	 57	 24	  0	243	  0	  4	  4	  4	  4	  4	  4	  4	  4	  0	  0	  0	  0	  0	  0	  0	  0	  0	  0	  0	  0	  0	  0	  0	  0	  0	  0	  0	  0	  0	  0	  0	  0	 76	 57	 38	 86	  0	 25	  0	  0	  0	  0	  0	  0	  0	  0	  0	  0	  0	  5	21819	  0
10-03-2016	11:25:10	->	L	00000000	 24	 84	 57	 29	  0	248	  0	  4	  4	  4	  4	  4	  4	  4	  4	  0	  0	  0	  0	  0	  0	  0	  0	  0	  0	  0	  0	  0	  0	  0	  0	  0	  0	  0	  0	  0	  0	  0	  0	 75	 57	 40	 84	  0	 27	  0	  0	  0	  0	  0	  0	  0	  0	  0	  0	  0	  5	21819	  0
10-03-2016	11:30:11	->	L	00000000	 24	 89	 57	 24	  0	253	  0	  4	  4	  4	  4	  4	  4	  4	  4	  0	  0	  0	  0	  0	  0	  0	  0	  0	  0	  0	  0	  0	  0	  0	  0	  0	  0	  0	  0	  0	  0	  0	  0	 77	 57	 38	 89	  0	 23	  0	  0	  0	  0	  0	  0	  0	  0	  0	  0	  0	  5	21819	  0
10-03-2016	11:35:11	->	L	00000000	 24	 87	 57	 24	  0	258	  0	  4	  4	  4	  4	  4	  4	  4	  4	  0	  0	  0	  0	  0	  0	  0	  0	  0	  0	  0	  0	  0	  0	  0	  0	  0	  0	  0	  0	  0	  0	  0	  0	 76	 57	 38	 87	  0	 24	  0	  0	  0	  0	  0	  0	  0	  0	  0	  0	  0	  5	21819	  0
10-03-2016	11:40:11	->	L	00000000	 24	 83	 57	 29	  0	263	  0	  4	  4	  4	  4	  4	  4	  4	  4	  0	  0	  0	  0	  0	  0	  0	  0	  0	  0	  0	  0	  0	  0	  0	  0	  0	  0	  0	  0	  0	  0	  0	  0	 75	 57	 40	 83	  0	 29	  0	  0	  0	  0	  0	  0	  0	  0	  0	  0	  0	  5	21819	  0
10-03-2016	11:45:11	->	L	00000000	 24	 88	 57	 24	  0	268	  0	  4	  4	  4	  4	  4	  4	  4	  4	  0	  0	  0	  0	  0	  0	  0	  0	  0	  0	  0	  0	  0	  0	  0	  0	  0	  0	  0	  0	  0	  0	  0	  0	 76	 57	 38	 88	  0	 24	  0	  0	  0	  0	  0	  0	  0	  0	  0	  0	  0	  5	21819	  0
10-03-2016	11:50:11	->	L	00000000	 24	 85	 57	 25	  0	273	  0	  4	  4	  4	  4	  4	  4	  4	  4	  0	  0	  0	  0	  0	  0	  0	  0	  0	  0	  0	  0	  0	  0	  0	  0	  0	  0	  0	  0	  0	  0	  0	  0	 76	 57	 38	 85	  0	 27	  0	  0	  0	  0	  0	  0	  0	  0	  0	  0	  0	  5	21819	  0
10-03-2016	11:55:11	->	L	00000000	 24	 84	 57	 27	  0	278	  0	  4	  4	  4	  4	  4	  4	  4	  4	  0	  0	  0	  0	  0	  0	  0	  0	  0	  0	  0	  0	  0	  0	  0	  0	  0	  0	  0	  0	  0	  0	  0	  0	 76	 57	 38	 84	  0	 27	  0	  0	  0	  0	  0	  0	  0	  0	  0	  0	  0	  5	21819	  0
10-03-2016	12:00:11	->	L	00000000	 24	 88	 57	 24	  0	283	  0	  4	  4	  4	  4	  4	  4	  4	  4	  0	  0	  0	  0	  0	  0	  0	  0	  0	  0	  0	  0	  0	  0	  0	  0	  0	  0	  0	  0	  0	  0	  0	  0	 77	 57	 36	 88	  0	 24	  0	  0	  0	  0	  0	  0	  0	  0	  0	  0	  0	  5	21819	  0
10-03-2016	12:05:12	->	L	00000000	 24	 86	 57	 24	  0	288	  0	  4	  4	  4	  4	  4	  4	  4	  4	  0	  0	  0	  0	  0	  0	  0	  0	  0	  0	  0	  0	  0	  0	  0	  0	  0	  0	  0	  0	  0	  0	  0	  0	 76	 57	 38	 86	  0	 25	  0	  0	  0	  0	  0	  0	  0	  0	  0	  0	  0	  5	21819	  0
10-03-2016	12:10:11	->	L	00000000	 24	 83	 57	 29	  0	293	  0	  4	  4	  4	  4	  4	  4	  4	  4	  0	  0	  0	  0	  0	  0	  0	  0	  0	  0	  0	  0	  0	  0	  0	  0	  0	  0	  0	  0	  0	  0	  0	  0	 75	 57	 40	 83	  0	 29	  0	  0	  0	  0	  0	  0	  0	  0	  0	  0	  0	  5	21819	  0
10-03-2016	12:15:11	->	L	00000000	 24	 88	 57	 25	  0	298	  0	  4	  4	  4	  4	  4	  4	  4	  4	  0	  0	  0	  0	  0	  0	  0	  0	  0	  0	  0	  0	  0	  0	  0	  0	  0	  0	  0	  0	  0	  0	  0	  0	 77	 57	 38	 88	  0	 24	  0	  0	  0	  0	  0	  0	  0	  0	  0	  0	  0	  5	21819	  0
10-03-2016	12:20:11	->	L	00000000	 25	 87	 57	 24	  0	  2	  0	  4	  4	  4	  4	  4	  4	  4	  4	  0	  0	  0	  0	  0	  0	  0	  0	  0	  0	  0	  0	  0	  0	  0	  0	  0	  0	  0	  0	  0	  0	  0	  0	 77	 57	 36	 87	  0	 24	  0	  0	  0	  0	  0	  0	  0	  0	  0	  0	  0	  5	21820	  0
10-03-2016	12:25:12	->	L	00000000	 25	 84	 57	 27	  0	  7	  0	  4	  4	  4	  4	  4	  4	  4	  4	  0	  0	  0	  0	  0	  0	  0	  0	  0	  0	  0	  0	  0	  0	  0	  0	  0	  0	  0	  0	  0	  0	  0	  0	 76	 57	 38	 84	  0	 27	  0	  0	  0	  0	  0	  0	  0	  0	  0	  0	  0	  5	21817	  0
10-03-2016	12:30:12	->	L	00000000	 25	 88	 57	 24	  0	 12	  0	  4	  4	  4	  4	  4	  4	  4	  4	  0	  0	  0	  0	  0	  0	  0	  0	  0	  0	  0	  0	  0	  0	  0	  0	  0	  0	  0	  0	  0	  0	  0	  0	 77	 57	 36	 88	  0	 24	  0	  0	  0	  0	  0	  0	  0	  0	  0	  0	  0	  5	21817	  0
10-03-2016	12:35:12	->	L	00000000	 25	 85	 57	 25	  0	 17	  0	  4	  4	  4	  4	  4	  4	  4	  4	  0	  0	  0	  0	  0	  0	  0	  0	  0	  0	  0	  0	  0	  0	  0	  0	  0	  0	  0	  0	  0	  0	  0	  0	 76	 57	 38	 85	  0	 27	  0	  0	  0	  0	  0	  0	  0	  0	  0	  0	  0	  5	21817	  0
10-03-2016	12:40:12	->	L	00000000	 25	 84	 57	 27	  0	 22	  0	  4	  4	  4	  4	  4	  4	  4	  4	  0	  0	  0	  0	  0	  0	  0	  0	  0	  0	  0	  0	  0	  0	  0	  0	  0	  0	  0	  0	  0	  0	  0	  0	 76	 57	 38	 84	  0	 27	  0	  0	  0	  0	  0	  0	  0	  0	  0	  0	  0	  5	21817	  0
10-03-2016	12:45:12	->	L	00000000	 25	 88	 57	 24	  0	 27	  0	  4	  4	  4	  4	  4	  4	  4	  4	  0	  0	  0	  0	  0	  0	  0	  0	  0	  0	  0	  0	  0	  0	  0	  0	  0	  0	  0	  0	  0	  0	  0	  0	 77	 57	 36	 88	  0	 24	  0	  0	  0	  0	  0	  0	  0	  0	  0	  0	  0	  5	21817	  0
10-03-2016	12:50:12	->	L	00000000	 25	 87	 57	 24	  0	 32	  0	  4	  4	  4	  4	  4	  4	  4	  4	  0	  0	  0	  0	  0	  0	  0	  0	  0	  0	  0	  0	  0	  0	  0	  0	  0	  0	  0	  0	  0	  0	  0	  0	 77	 57	 36	 87	  0	 24	  0	  0	  0	  0	  0	  0	  0	  0	  0	  0	  0	  5	21817	  0
10-03-2016	12:55:12	->	L	00000000	 25	 83	 57	 26	  0	 37	  0	  4	  4	  4	  4	  4	  4	  4	  4	  0	  0	  0	  0	  0	  0	  0	  0	  0	  0	  0	  0	  0	  0	  0	  0	  0	  0	  0	  0	  0	  0	  0	  0	 76	 57	 38	 83	  0	 29	  0	  0	  0	  0	  0	  0	  0	  0	  0	  0	  0	  5	21817	  0
10-03-2016	13:00:12	->	L	00000000	 25	 88	 57	 24	  0	 42	  0	  4	  4	  4	  4	  4	  4	  4	  4	  0	  0	  0	  0	  0	  0	  0	  0	  0	  0	  0	  0	  0	  0	  0	  0	  0	  0	  0	  0	  0	  0	  0	  0	 77	 57	 36	 88	  0	 24	  0	  0	  0	  0	  0	  0	  0	  0	  0	  0	  0	  5	21817	  0
10-03-2016	13:05:12	->	L	00000000	 25	 87	 56	 24	  0	 47	  0	  4	  4	  4	  4	  4	  4	  4	  4	  0	  0	  0	  0	  0	  0	  0	  0	  0	  0	  0	  0	  0	  0	  0	  0	  0	  0	  0	  0	  0	  0	  0	  0	 77	 56	 33	 87	  0	 23	  0	  0	  0	  0	  0	  0	  0	  0	  0	  0	  0	  5	21817	  0
10-03-2016	13:10:12	->	L	00000000	 25	 84	 56	 25	  0	 52	  0	  4	  4	  4	  4	  4	  4	  4	  4	  0	  0	  0	  0	  0	  0	  0	  0	  0	  0	  0	  0	  0	  0	  0	  0	  0	  0	  0	  0	  0	  0	  0	  0	 76	 56	 36	 84	  0	 26	  0	  0	  0	  0	  0	  0	  0	  0	  0	  0	  0	  5	21817	  0
10-03-2016	13:15:12	->	L	00000000	 25	 85	 56	 26	  0	 57	  0	  4	  4	  4	  4	  4	  4	  4	  4	  0	  0	  0	  0	  0	  0	  0	  0	  0	  0	  0	  0	  0	  0	  0	  0	  0	  0	  0	  0	  0	  0	  0	  0	 76	 56	 36	 85	  0	 25	  0	  0	  0	  0	  0	  0	  0	  0	  0	  0	  0	  5	21817	  0
10-03-2016	13:20:12	->	L	00000000	 25	 88	 56	 23	  0	 62	  0	  4	  4	  4	  4	  4	  4	  4	  4	  0	  0	  0	  0	  0	  0	  0	  0	  0	  0	  0	  0	  0	  0	  0	  0	  0	  0	  0	  0	  0	  0	  0	  0	 77	 56	 33	 88	  0	 23	  0	  0	  0	  0	  0	  0	  0	  0	  0	  0	  0	  5	21817	  0
10-03-2016	13:25:12	->	L	00000000	 25	 85	 56	 24	  0	 67	  0	  4	  4	  4	  4	  4	  4	  4	  4	  0	  0	  0	  0	  0	  0	  0	  0	  0	  0	  0	  0	  0	  0	  0	  0	  0	  0	  0	  0	  0	  0	  0	  0	 76	 56	 36	 85	  0	 25	  0	  0	  0	  0	  0	  0	  0	  0	  0	  0	  0	  5	21817	  0
10-03-2016	13:30:13	->	L	00000000	 25	 85	 57	 26	  0	 72	  0	  4	  4	  4	  4	  4	  4	  4	  4	  0	  0	  0	  0	  0	  0	  0	  0	  0	  0	  0	  0	  0	  0	  0	  0	  0	  0	  0	  0	  0	  0	  0	  0	 76	 57	 38	 85	  0	 27	  0	  0	  0	  0	  0	  0	  0	  0	  0	  0	  0	  5	21817	  0
10-03-2016	13:35:13	->	L	00000000	 25	 88	 57	 24	  0	 77	  0	  4	  4	  4	  4	  4	  4	  4	  4	  0	  0	  0	  0	  0	  0	  0	  0	  0	  0	  0	  0	  0	  0	  0	  0	  0	  0	  0	  0	  0	  0	  0	  0	 77	 57	 36	 88	  0	 24	  0	  0	  0	  0	  0	  0	  0	  0	  0	  0	  0	  5	21817	  0
10-03-2016	13:40:13	->	L	00000000	 25	 87	 57	 24	  0	 82	  0	  4	  4	  4	  4	  4	  4	  4	  4	  0	  0	  0	  0	  0	  0	  0	  0	  0	  0	  0	  0	  0	  0	  0	  0	  0	  0	  0	  0	  0	  0	  0	  0	 78	 57	 33	 87	  0	 24	  0	  0	  0	  0	  0	  0	  0	  0	  0	  0	  0	  5	21817	  0
10-03-2016	13:45:13	->	L	00000000	 25	 84	 56	 25	  0	 87	  0	  4	  4	  4	  4	  4	  4	  4	  4	  0	  0	  0	  0	  0	  0	  0	  0	  0	  0	  0	  0	  0	  0	  0	  0	  0	  0	  0	  0	  0	  0	  0	  0	 77	 56	 33	 84	  0	 26	  0	  0	  0	  0	  0	  0	  0	  0	  0	  0	  0	  5	21817	  0
10-03-2016	13:50:13	->	L	00000000	 25	 85	 57	 26	  0	 92	  0	  4	  4	  4	  4	  4	  4	  4	  4	  0	  0	  0	  0	  0	  0	  0	  0	  0	  0	  0	  0	  0	  0	  0	  0	  0	  0	  0	  0	  0	  0	  0	  0	 76	 57	 38	 85	  0	 27	  0	  0	  0	  0	  0	  0	  0	  0	  0	  0	  0	  5	21817	  0
10-03-2016	13:55:13	->	L	00000000	 25	 89	 57	 24	  0	 97	  0	  4	  4	  4	  4	  4	  4	  4	  4	  0	  0	  0	  0	  0	  0	  0	  0	  0	  0	  0	  0	  0	  0	  0	  0	  0	  0	  0	  0	  0	  0	  0	  0	 78	 57	 33	 89	  0	 23	  0	  0	  0	  0	  0	  0	  0	  0	  0	  0	  0	  5	21817	  0
10-03-2016	14:00:13	->	L	00000000	 25	 87	 57	 24	  0	102	  0	  4	  4	  4	  4	  4	  4	  4	  4	  0	  0	  0	  0	  0	  0	  0	  0	  0	  0	  0	  0	  0	  0	  0	  0	  0	  0	  0	  0	  0	  0	  0	  0	 78	 57	 33	 87	  0	 24	  0	  0	  0	  0	  0	  0	  0	  0	  0	  0	  0	  5	21817	  0
10-03-2016	14:05:13	->	L	00000000	 25	 84	 56	 25	  0	107	  0	  4	  4	  4	  4	  4	  4	  4	  4	  0	  0	  0	  0	  0	  0	  0	  0	  0	  0	  0	  0	  0	  0	  0	  0	  0	  0	  0	  0	  0	  0	  0	  0	 77	 56	 33	 84	  0	 26	  0	  0	  0	  0	  0	  0	  0	  0	  0	  0	  0	  5	21817	  0
10-03-2016	14:10:13	->	L	00000000	 25	 86	 56	 25	  0	112	  0	  4	  4	  4	  4	  4	  4	  4	  4	  0	  0	  0	  0	  0	  0	  0	  0	  0	  0	  0	  0	  0	  0	  0	  0	  0	  0	  0	  0	  0	  0	  0	  0	 77	 56	 33	 86	  0	 24	  0	  0	  0	  0	  0	  0	  0	  0	  0	  0	  0	  5	21817	  0
10-03-2016	14:15:13	->	L	00000000	 25	 89	 57	 22	  0	117	  0	  4	  4	  4	  4	  4	  4	  4	  4	  0	  0	  0	  0	  0	  0	  0	  0	  0	  0	  0	  0	  0	  0	  0	  0	  0	  0	  0	  0	  0	  0	  0	  0	 78	 57	 33	 89	  0	 23	  0	  0	  0	  0	  0	  0	  0	  0	  0	  0	  0	  5	21817	  0
10-03-2016	14:20:13	->	L	00000000	 25	 89	 56	 23	  0	122	  0	  4	  4	  4	  4	  4	  4	  4	  4	  0	  0	  0	  0	  0	  0	  0	  0	  0	  0	  0	  0	  0	  0	  0	  0	  0	  0	  0	  0	  0	  0	  0	  0	 78	 56	 32	 89	  0	 22	  0	  0	  0	  0	  0	  0	  0	  0	  0	  0	  0	  5	21817	  0
10-03-2016	14:25:13	<-	L	00000000	 25	 92	 58	 24	  0	127	  0	  4	  4	  4	  4	  4	  4	  4	  4	  0	  0	  0	  0	  0	  0	  0	  0	  0	  0	  0	  0	  0	  0	  0	  0	  0	  0	  0	  0	  0	  0	  0	  0	 92	 58	 22	 85	  0	 28	  0	  0	  0	  0	  0	  0	  0	  0	  0	  0	  0	  5	21817	  0
10-03-2016	14:30:13	<-	L	00000000	 25	 88	 58	 25	  0	132	  0	  4	  4	  4	  4	  4	  4	  4	  4	  0	  0	  0	  0	  0	  0	  0	  0	  0	  0	  0	  0	  0	  0	  0	  0	  0	  0	  0	  0	  0	  0	  0	  0	 88	 58	 25	 83	  0	 29	  0	  0	  0	  0	  0	  0	  0	  0	  0	  0	  0	  5	21817	  0
10-03-2016	14:35:13	<-	L	00000000	 25	 85	 57	 27	  0	137	  0	  4	  4	  4	  4	  4	  4	  4	  4	  0	  0	  0	  0	  0	  0	  0	  0	  0	  0	  0	  0	  0	  0	  0	  0	  0	  0	  0	  0	  0	  0	  0	  0	 85	 57	 27	 82	  0	 29	  0	  0	  0	  0	  0	  0	  0	  0	  0	  0	  0	  5	21817	  0
10-03-2016	14:40:14	<-	L	00000000	 25	 84	 57	 27	  0	142	  0	  4	  4	  4	  4	  4	  4	  4	  4	  0	  0	  0	  0	  0	  0	  0	  0	  0	  0	  0	  0	  0	  0	  0	  0	  0	  0	  0	  0	  0	  0	  0	  0	 84	 57	 27	 82	  0	 29	  0	  0	  0	  0	  0	  0	  0	  0	  0	  0	  0	  5	21817	  0
10-03-2016	14:45:14	<-	L	00000000	 25	 84	 56	 26	  0	147	  0	  4	  4	  4	  4	  4	  4	  4	  4	  0	  0	  0	  0	  0	  0	  0	  0	  0	  0	  0	  0	  0	  0	  0	  0	  0	  0	  0	  0	  0	  0	  0	  0	 84	 56	 26	 82	  0	 29	  0	  0	  0	  0	  0	  0	  0	  0	  0	  0	  0	  5	21817	  0
10-03-2016	14:50:14	<-	L	00000000	 25	 84	 56	 26	  0	152	  0	  4	  4	  4	  4	  4	  4	  4	  4	  0	  0	  0	  0	  0	  0	  0	  0	  0	  0	  0	  0	  0	  0	  0	  0	  0	  0	  0	  0	  0	  0	  0	  0	 84	 56	 26	 82	  0	 29	  0	  0	  0	  0	  0	  0	  0	  0	  0	  0	  0	  5	21817	  0
10-03-2016	14:55:14	<-	L	00000000	 25	 85	 56	 25	  0	157	  0	  4	  4	  4	  4	  4	  4	  4	  4	  0	  0	  0	  0	  0	  0	  0	  0	  0	  0	  0	  0	  0	  0	  0	  0	  0	  0	  0	  0	  0	  0	  0	  0	 85	 56	 25	 82	  0	 29	  0	  0	  0	  0	  0	  0	  0	  0	  0	  0	  0	  5	21817	  0
10-03-2016	15:00:14	<-	L	00000000	 25	 85	 56	 24	  0	162	  0	  4	  4	  4	  4	  4	  4	  4	  4	  0	  0	  0	  0	  0	  0	  0	  0	  0	  0	  0	  0	  0	  0	  0	  0	  0	  0	  0	  0	  0	  0	  0	  0	 85	 56	 25	 83	  0	 27	  0	  0	  0	  0	  0	  0	  0	  0	  0	  0	  0	  5	21817	  0
10-03-2016	15:05:14	<-	L	00000000	 25	 86	 57	 24	  0	167	  0	  4	  4	  4	  4	  4	  4	  4	  4	  0	  0	  0	  0	  0	  0	  0	  0	  0	  0	  0	  0	  0	  0	  0	  0	  0	  0	  0	  0	  0	  0	  0	  0	 86	 57	 25	 83	  0	 29	  0	  0	  0	  0	  0	  0	  0	  0	  0	  0	  0	  5	21817	  0
10-03-2016	15:10:14	<-	L	00000000	 25	 86	 56	 23	  0	172	  0	  4	  4	  4	  4	  4	  4	  4	  4	  0	  0	  0	  0	  0	  0	  0	  0	  0	  0	  0	  0	  0	  0	  0	  0	  0	  0	  0	  0	  0	  0	  0	  0	 86	 56	 24	 83	  0	 27	  0	  0	  0	  0	  0	  0	  0	  0	  0	  0	  0	  5	21817	  0
10-03-2016	15:15:15	<-	L	00000000	 25	 87	 57	 24	  0	177	  0	  4	  4	  4	  4	  4	  4	  4	  4	  0	  0	  0	  0	  0	  0	  0	  0	  0	  0	  0	  0	  0	  0	  0	  0	  0	  0	  0	  0	  0	  0	  0	  0	 87	 57	 24	 84	  0	 27	  0	  0	  0	  0	  0	  0	  0	  0	  0	  0	  0	  5	21817	  0
10-03-2016	15:20:14	<-	L	00000000	 25	 87	 57	 24	  0	182	  0	  4	  4	  4	  4	  4	  4	  4	  4	  0	  0	  0	  0	  0	  0	  0	  0	  0	  0	  0	  0	  0	  0	  0	  0	  0	  0	  0	  0	  0	  0	  0	  0	 87	 57	 24	 83	  0	 29	  0	  0	  0	  0	  0	  0	  0	  0	  0	  0	  0	  5	21817	  0
10-03-2016	15:25:14	<-	L	00000000	 25	 87	 57	 24	  0	187	  0	  4	  4	  4	  4	  4	  4	  4	  4	  0	  0	  0	  0	  0	  0	  0	  0	  0	  0	  0	  0	  0	  0	  0	  0	  0	  0	  0	  0	  0	  0	  0	  0	 87	 57	 24	 83	  0	 29	  0	  0	  0	  0	  0	  0	  0	  0	  0	  0	  0	  5	21817	  0
10-03-2016	15:30:14	<-	L	00000000	 25	 87	 56	 23	  0	192	  0	  4	  4	  4	  4	  4	  4	  4	  4	  0	  0	  0	  0	  0	  0	  0	  0	  0	  0	  0	  0	  0	  0	  0	  0	  0	  0	  0	  0	  0	  0	  0	  0	 87	 56	 23	 83	  0	 27	  0	  0	  0	  0	  0	  0	  0	  0	  0	  0	  0	  5	21817	  0
10-03-2016	15:35:14	<-	L	00000000	 25	 87	 57	 24	  0	197	  0	  4	  4	  4	  4	  4	  4	  4	  4	  0	  0	  0	  0	  0	  0	  0	  0	  0	  0	  0	  0	  0	  0	  0	  0	  0	  0	  0	  0	  0	  0	  0	  0	 87	 57	 24	 84	  0	 27	  0	  0	  0	  0	  0	  0	  0	  0	  0	  0	  0	  5	21817	  0
10-03-2016	15:40:15	<-	L	00000000	 25	 87	 57	 24	  0	202	  0	  4	  4	  4	  4	  4	  4	  4	  4	  0	  0	  0	  0	  0	  0	  0	  0	  0	  0	  0	  0	  0	  0	  0	  0	  0	  0	  0	  0	  0	  0	  0	  0	 87	 57	 24	 83	  0	 29	  0	  0	  0	  0	  0	  0	  0	  0	  0	  0	  0	  5	21817	  0
10-03-2016	15:45:15	<-	L	00000000	 25	 87	 56	 23	  0	207	  0	  4	  4	  4	  4	  4	  4	  4	  4	  0	  0	  0	  0	  0	  0	  0	  0	  0	  0	  0	  0	  0	  0	  0	  0	  0	  0	  0	  0	  0	  0	  0	  0	 87	 56	 23	 84	  0	 26	  0	  0	  0	  0	  0	  0	  0	  0	  0	  0	  0	  5	21817	  0
10-03-2016	15:50:15	<-	L	00000000	 25	 88	 57	 23	  0	212	  0	  4	  4	  4	  4	  4	  4	  4	  4	  0	  0	  0	  0	  0	  0	  0	  0	  0	  0	  0	  0	  0	  0	  0	  0	  0	  0	  0	  0	  0	  0	  0	  0	 88	 57	 24	 84	  0	 27	  0	  0	  0	  0	  0	  0	  0	  0	  0	  0	  0	  5	21817	  0
10-03-2016	15:55:15	<-	L	00000000	 25	 89	 57	 23	  0	217	  0	  4	  4	  4	  4	  4	  4	  4	  4	  0	  0	  0	  0	  0	  0	  0	  0	  0	  0	  0	  0	  0	  0	  0	  0	  0	  0	  0	  0	  0	  0	  0	  0	 89	 57	 23	 84	  0	 27	  0	  0	  0	  0	  0	  0	  0	  0	  0	  0	  0	  5	21817	  0
10-03-2016	16:00:15	<-	L	00000000	 25	 88	 57	 23	  0	222	  0	  4	  4	  4	  4	  4	  4	  4	  4	  0	  0	  0	  0	  0	  0	  0	  0	  0	  0	  0	  0	  0	  0	  0	  0	  0	  0	  0	  0	  0	  0	  0	  0	 88	 57	 24	 84	  0	 27	  0	  0	  0	  0	  0	  0	  0	  0	  0	  0	  0	  5	21817	  0
10-03-2016	16:05:15	<-	L	00000000	 25	 88	 57	 23	  0	227	  0	  4	  4	  4	  4	  4	  4	  4	  4	  0	  0	  0	  0	  0	  0	  0	  0	  0	  0	  0	  0	  0	  0	  0	  0	  0	  0	  0	  0	  0	  0	  0	  0	 88	 57	 24	 84	  0	 27	  0	  0	  0	  0	  0	  0	  0	  0	  0	  0	  0	  5	21817	  0
10-03-2016	16:10:15	<-	L	00000000	 25	 89	 56	 22	  0	232	  0	  4	  4	  4	  4	  4	  4	  4	  4	  0	  0	  0	  0	  0	  0	  0	  0	  0	  0	  0	  0	  0	  0	  0	  0	  0	  0	  0	  0	  0	  0	  0	  0	 89	 56	 22	 84	  0	 26	  0	  0	  0	  0	  0	  0	  0	  0	  0	  0	  0	  5	21817	  0
10-03-2016	16:15:15	<-	L	00000000	 25	 89	 57	 23	  0	237	  0	  4	  4	  4	  4	  4	  4	  4	  4	  0	  0	  0	  0	  0	  0	  0	  0	  0	  0	  0	  0	  0	  0	  0	  0	  0	  0	  0	  0	  0	  0	  0	  0	 89	 57	 23	 84	  0	 27	  0	  0	  0	  0	  0	  0	  0	  0	  0	  0	  0	  5	21817	  0
10-03-2016	16:20:15	<-	L	00000000	 25	 91	 57	 21	  0	242	  0	  4	  4	  4	  4	  4	  4	  4	  4	  0	  0	  0	  0	  0	  0	  0	  0	  0	  0	  0	  0	  0	  0	  0	  0	  0	  0	  0	  0	  0	  0	  0	  0	 91	 57	 22	 85	  0	 27	  0	  0	  0	  0	  0	  0	  0	  0	  0	  0	  0	  5	21817	  0
10-03-2016	16:25:15	<-	L	00000000	 25	 90	 57	 22	  0	247	  0	  4	  4	  4	  4	  4	  4	  4	  4	  0	  0	  0	  0	  0	  0	  0	  0	  0	  0	  0	  0	  0	  0	  0	  0	  0	  0	  0	  0	  0	  0	  0	  0	 90	 57	 23	 85	  0	 27	  0	  0	  0	  0	  0	  0	  0	  0	  0	  0	  0	  5	21817	  0
10-03-2016	16:30:16	<-	L	00000000	 25	 90	 57	 22	  0	252	  0	  4	  4	  4	  4	  4	  4	  4	  4	  0	  0	  0	  0	  0	  0	  0	  0	  0	  0	  0	  0	  0	  0	  0	  0	  0	  0	  0	  0	  0	  0	  0	  0	 90	 57	 23	 85	  0	 27	  0	  0	  0	  0	  0	  0	  0	  0	  0	  0	  0	  5	21817	  0
10-03-2016	16:35:16	<-	L	00000000	 25	 90	 57	 22	  0	257	  0	  4	  4	  4	  4	  4	  4	  4	  4	  0	  0	  0	  0	  0	  0	  0	  0	  0	  0	  0	  0	  0	  0	  0	  0	  0	  0	  0	  0	  0	  0	  0	  0	 90	 57	 23	 84	  0	 27	  0	  0	  0	  0	  0	  0	  0	  0	  0	  0	  0	  5	21817	  0
10-03-2016	16:40:16	<-	L	00000000	 25	 91	 57	 21	  0	262	  0	  4	  4	  4	  4	  4	  4	  4	  4	  0	  0	  0	  0	  0	  0	  0	  0	  0	  0	  0	  0	  0	  0	  0	  0	  0	  0	  0	  0	  0	  0	  0	  0	 91	 57	 22	 85	  0	 27	  0	  0	  0	  0	  0	  0	  0	  0	  0	  0	  0	  5	21817	  0
10-03-2016	16:45:16	<-	L	00000000	 25	 92	 57	 21	  0	267	  0	  4	  4	  4	  4	  4	  4	  4	  4	  0	  0	  0	  0	  0	  0	  0	  0	  0	  0	  0	  0	  0	  0	  0	  0	  0	  0	  0	  0	  0	  0	  0	  0	 92	 57	 21	 85	  0	 27	  0	  0	  0	  0	  0	  0	  0	  0	  0	  0	  0	  5	21817	  0
10-03-2016	16:50:16	<-	L	00000000	 25	 92	 57	 21	  0	272	  0	  4	  4	  4	  4	  4	  4	  4	  4	  0	  0	  0	  0	  0	  0	  0	  0	  0	  0	  0	  0	  0	  0	  0	  0	  0	  0	  0	  0	  0	  0	  0	  0	 92	 57	 21	 85	  0	 27	  0	  0	  0	  0	  0	  0	  0	  0	  0	  0	  0	  5	21817	  0
10-03-2016	16:55:16	<-	L	00000000	 25	 92	 57	 21	  0	277	  0	  4	  4	  4	  4	  4	  4	  4	  4	  0	  0	  0	  0	  0	  0	  0	  0	  0	  0	  0	  0	  0	  0	  0	  0	  0	  0	  0	  0	  0	  0	  0	  0	 92	 57	 21	 85	  0	 27	  0	  0	  0	  0	  0	  0	  0	  0	  0	  0	  0	  5	21817	  0
10-03-2016	17:00:16	<-	L	00000000	 25	 92	 57	 21	  0	282	  0	  4	  4	  4	  4	  4	  4	  4	  4	  0	  0	  0	  0	  0	  0	  0	  0	  0	  0	  0	  0	  0	  0	  0	  0	  0	  0	  0	  0	  0	  0	  0	  0	 92	 57	 21	 85	  0	 27	  0	  0	  0	  0	  0	  0	  0	  0	  0	  0	  0	  5	21817	  0
10-03-2016	17:05:16	<-	L	00000000	 25	 91	 57	 23	  0	287	  0	  4	  4	  4	  4	  4	  4	  4	  4	  0	  0	  0	  0	  0	  0	  0	  0	  0	  0	  0	  0	  0	  0	  0	  0	  0	  0	  0	  0	  0	  0	  0	  0	 91	 57	 22	 84	  0	 27	  0	  0	  0	  0	  0	  0	  0	  0	  0	  0	  0	  5	21817	  0
10-03-2016	17:10:16	<-	L	00000000	 25	 90	 57	 24	  0	292	  0	  4	  4	  4	  4	  4	  4	  4	  4	  0	  0	  0	  0	  0	  0	  0	  0	  0	  0	  0	  0	  0	  0	  0	  0	  0	  0	  0	  0	  0	  0	  0	  0	 90	 57	 23	 84	  0	 27	  0	  0	  0	  0	  0	  0	  0	  0	  0	  0	  0	  5	21817	  0
10-03-2016	17:15:16	<-	L	00000000	 25	 88	 57	 24	  0	297	  0	  4	  4	  4	  4	  4	  4	  4	  4	  0	  0	  0	  0	  0	  0	  0	  0	  0	  0	  0	  0	  0	  0	  0	  0	  0	  0	  0	  0	  0	  0	  0	  0	 88	 57	 24	 83	  0	 29	  0	  0	  0	  0	  0	  0	  0	  0	  0	  0	  0	  5	21817	  0
10-03-2016	17:20:16	<-	L	00000000	 26	 86	 55	 23	  0	  1	  0	  4	  4	  4	  4	  4	  4	  4	  4	  0	  0	  0	  0	  0	  0	  0	  0	  0	  0	  0	  0	  0	  0	  0	  0	  0	  0	  0	  0	  0	  0	  0	  0	 86	 55	 23	 81	  0	 28	  0	  0	  0	  0	  0	  0	  0	  0	  0	  0	  0	  5	21815	  0
10-03-2016	17:25:16	<-	L	00000000	 26	 90	 56	 23	  0	  6	  0	  4	  4	  4	  4	  4	  4	  4	  4	  0	  0	  0	  0	  0	  0	  0	  0	  0	  0	  0	  0	  0	  0	  0	  0	  0	  0	  0	  0	  0	  0	  0	  0	 90	 56	 22	 84	  0	 26	  0	  0	  0	  0	  0	  0	  0	  0	  0	  0	  0	  5	21815	  0
10-03-2016	17:30:16	<-	L	00000000	 26	 91	 56	 21	  0	 11	  0	  4	  4	  4	  4	  4	  4	  4	  4	  0	  0	  0	  0	  0	  0	  0	  0	  0	  0	  0	  0	  0	  0	  0	  0	  0	  0	  0	  0	  0	  0	  0	  0	 91	 56	 21	 84	  0	 26	  0	  0	  0	  0	  0	  0	  0	  0	  0	  0	  0	  5	21815	  0
