16/12/2016	18:43:15	<-	L	00000000	 10	 25	 20	 73	  0	  4	  0	  4	  4	  4	  4	  4	  4	  4	  4	  0	  0	  0	  0	  0	  0	  0	  0	  0	  0	  0	  0	  0	  0	  0	  0	  0	  0	  0	  0	  0	  0	  0	  0	 25	 20	 73	 23	  0	 82	  0	  0	  0	  0	  0	  0	  0	  0	  0	  0	  0	  5	6425	  1
16/12/2016	18:48:15	<-	L	00000000	 10	 26	 21	 73	  0	  9	  0	  4	  4	  4	  4	  4	  4	  4	  4	  0	  0	  0	  0	  0	  0	  0	  0	  0	  0	  0	  0	  0	  0	  0	  0	  0	  0	  0	  0	  0	  0	  0	  0	 26	 21	 73	 26	  0	 73	  0	  0	  0	  0	  0	  0	  0	  0	  0	  0	  0	  5	6682	  1
16/12/2016	18:53:15	<-	L	00000000	 10	 35	 21	 38	  0	 14	  0	  4	  4	  4	  4	  4	  4	  4	  4	  0	  0	  0	  0	  0	  0	  0	  0	  0	  0	  0	  0	  0	  0	  0	  0	  0	  0	  0	  0	  0	  0	  0	  0	 28	 21	 61	 35	  0	 36	  0	  0	  0	  0	  0	  0	  0	  0	  0	  0	  0	  5	6682	  1
16/12/2016	18:58:15	<-	L	00000000	 10	 37	 23	 30	  0	 19	  0	  4	  4	  4	  4	  4	  4	  4	  4	  0	  0	  0	  0	  0	  0	  0	  0	  0	  0	  0	  0	  0	  0	  0	  0	  0	  0	  0	  0	  0	  0	  0	  0	 30	 23	 61	 37	  0	 36	  0	  0	  0	  0	  0	  0	  0	  0	  0	  0	  0	  5	6939	  1
16/12/2016	19:03:15	<-	L	00000000	 10	 41	 24	 34	  0	 24	  0	  4	  4	  4	  4	  4	  4	  4	  4	  0	  0	  0	  0	  0	  0	  0	  0	  0	  0	  0	  0	  0	  0	  0	  0	  0	  0	  0	  0	  0	  0	  0	  0	 31	 24	 61	 41	  0	 28	  0	  0	  0	  0	  0	  0	  0	  0	  0	  0	  0	  5	7196	  1
16/12/2016	19:08:15	<-	L	00000000	 10	 37	 26	 47	  0	 29	  0	  4	  4	  4	  4	  4	  4	  4	  4	  0	  0	  0	  0	  0	  0	  0	  0	  0	  0	  0	  0	  0	  0	  0	  0	  0	  0	  0	  0	  0	  0	  0	  0	 32	 26	 67	 37	  0	 47	  0	  0	  0	  0	  0	  0	  0	  0	  0	  0	  0	  5	7196	  1
16/12/2016	19:13:15	<-	L	00000000	 10	 37	 28	 55	  0	 34	  0	  4	  4	  4	  4	  4	  4	  4	  4	  0	  0	  0	  0	  0	  0	  0	  0	  0	  0	  0	  0	  0	  0	  0	  0	  0	  0	  0	  0	  0	  0	  0	  0	 33	 28	 74	 37	  0	 55	  0	  0	  0	  0	  0	  0	  0	  0	  0	  0	  0	  5	7453	  1
16/12/2016	19:18:16	<-	L	00000000	 10	 36	 28	 63	  0	 39	  0	  4	  4	  4	  4	  4	  4	  4	  4	  0	  0	  0	  0	  0	  0	  0	  0	  0	  0	  0	  0	  0	  0	  0	  0	  0	  0	  0	  0	  0	  0	  0	  0	 32	 28	 77	 36	  0	 58	  0	  0	  0	  0	  0	  0	  0	  0	  0	  0	  0	  5	7453	  1
16/12/2016	19:23:16	<-	L	00000000	 10	 40	 29	 51	  0	 44	  0	  4	  4	  4	  4	  4	  4	  4	  4	  0	  0	  0	  0	  0	  0	  0	  0	  0	  0	  0	  0	  0	  0	  0	  0	  0	  0	  0	  0	  0	  0	  0	  0	 33	 29	 77	 40	  0	 48	  0	  0	  0	  0	  0	  0	  0	  0	  0	  0	  0	  5	7710	  1
16/12/2016	19:28:16	<-	L	00000000	 10	 37	 29	 59	  0	 49	  0	  4	  4	  4	  4	  4	  4	  4	  4	  0	  0	  0	  0	  0	  0	  0	  0	  0	  0	  0	  0	  0	  0	  0	  0	  0	  0	  0	  0	  0	  0	  0	  0	 32	 29	 83	 37	  0	 59	  0	  0	  0	  0	  0	  0	  0	  0	  0	  0	  0	  5	7967	  1
16/12/2016	19:33:16	<-	L	00000000	 10	 39	 30	 55	  0	 54	  0	  4	  4	  4	  4	  4	  4	  4	  4	  0	  0	  0	  0	  0	  0	  0	  0	  0	  0	  0	  0	  0	  0	  0	  0	  0	  0	  0	  0	  0	  0	  0	  0	 34	 30	 77	 39	  0	 55	  0	  0	  0	  0	  0	  0	  0	  0	  0	  0	  0	  5	7967	  1
16/12/2016	19:38:16	<-	L	00000000	 10	 40	 30	 55	  0	 59	  0	  4	  4	  4	  4	  4	  4	  4	  4	  0	  0	  0	  0	  0	  0	  0	  0	  0	  0	  0	  0	  0	  0	  0	  0	  0	  0	  0	  0	  0	  0	  0	  0	 33	 30	 83	 40	  0	 52	  0	  0	  0	  0	  0	  0	  0	  0	  0	  0	  0	  5	8224	  1
16/12/2016	19:43:16	<-	L	00000000	 10	 41	 31	 56	  0	 64	  0	  4	  4	  4	  4	  4	  4	  4	  4	  0	  0	  0	  0	  0	  0	  0	  0	  0	  0	  0	  0	  0	  0	  0	  0	  0	  0	  0	  0	  0	  0	  0	  0	 34	 31	 83	 41	  0	 52	  0	  0	  0	  0	  0	  0	  0	  0	  0	  0	  0	  5	8481	  1
16/12/2016	19:48:16	<-	L	00000000	 10	 42	 32	 56	  0	 69	  0	  4	  4	  4	  4	  4	  4	  4	  4	  0	  0	  0	  0	  0	  0	  0	  0	  0	  0	  0	  0	  0	  0	  0	  0	  0	  0	  0	  0	  0	  0	  0	  0	 34	 32	 89	 42	  0	 52	  0	  0	  0	  0	  0	  0	  0	  0	  0	  0	  0	  5	8481	  1
16/12/2016	19:53:16	<-	L	00000000	 10	 43	 32	 52	  0	 74	  0	  4	  4	  4	  4	  4	  4	  4	  4	  0	  0	  0	  0	  0	  0	  0	  0	  0	  0	  0	  0	  0	  0	  0	  0	  0	  0	  0	  0	  0	  0	  0	  0	 34	 32	 89	 43	  0	 49	  0	  0	  0	  0	  0	  0	  0	  0	  0	  0	  0	  5	8738	  1
16/12/2016	19:58:16	<-	L	00000000	 10	 41	 32	 59	  0	 79	  0	  4	  4	  4	  4	  4	  4	  4	  4	  0	  0	  0	  0	  0	  0	  0	  0	  0	  0	  0	  0	  0	  0	  0	  0	  0	  0	  0	  0	  0	  0	  0	  0	 33	 32	 93	 41	  0	 56	  0	  0	  0	  0	  0	  0	  0	  0	  0	  0	  0	  5	8738	  1
16/12/2016	20:03:16	<-	L	00000000	 10	 42	 31	 52	  0	 84	  0	  4	  4	  4	  4	  4	  4	  4	  4	  0	  0	  0	  0	  0	  0	  0	  0	  0	  0	  0	  0	  0	  0	  0	  0	  0	  0	  0	  0	  0	  0	  0	  0	 33	 31	 88	 42	  0	 48	  0	  0	  0	  0	  0	  0	  0	  0	  0	  0	  0	  5	8995	  1
16/12/2016	20:08:15	<-	L	00000000	 10	 41	 31	 52	  0	 89	  0	  4	  4	  4	  4	  4	  4	  4	  4	  0	  0	  0	  0	  0	  0	  0	  0	  0	  0	  0	  0	  0	  0	  0	  0	  0	  0	  0	  0	  0	  0	  0	  0	 33	 31	 88	 41	  0	 52	  0	  0	  0	  0	  0	  0	  0	  0	  0	  0	  0	  5	9252	  1
16/12/2016	20:13:15	<-	L	00000000	 10	 42	 31	 52	  0	 94	  0	  4	  4	  4	  4	  4	  4	  4	  4	  0	  0	  0	  0	  0	  0	  0	  0	  0	  0	  0	  0	  0	  0	  0	  0	  0	  0	  0	  0	  0	  0	  0	  0	 33	 31	 88	 42	  0	 48	  0	  0	  0	  0	  0	  0	  0	  0	  0	  0	  0	  5	9252	  1
16/12/2016	20:18:15	<-	L	00000000	 10	 42	 31	 52	  0	 99	  0	  4	  4	  4	  4	  4	  4	  4	  4	  0	  0	  0	  0	  0	  0	  0	  0	  0	  0	  0	  0	  0	  0	  0	  0	  0	  0	  0	  0	  0	  0	  0	  0	 33	 31	 88	 42	  0	 48	  0	  0	  0	  0	  0	  0	  0	  0	  0	  0	  0	  5	9509	  1
16/12/2016	20:23:15	<-	L	00000000	 10	 41	 31	 56	  0	104	  0	  4	  4	  4	  4	  4	  4	  4	  4	  0	  0	  0	  0	  0	  0	  0	  0	  0	  0	  0	  0	  0	  0	  0	  0	  0	  0	  0	  0	  0	  0	  0	  0	 33	 31	 88	 41	  0	 52	  0	  0	  0	  0	  0	  0	  0	  0	  0	  0	  0	  5	9766	  1
16/12/2016	20:28:15	<-	L	00000000	 10	 41	 31	 52	  0	109	  0	  4	  4	  4	  4	  4	  4	  4	  4	  0	  0	  0	  0	  0	  0	  0	  0	  0	  0	  0	  0	  0	  0	  0	  0	  0	  0	  0	  0	  0	  0	  0	  0	 34	 31	 83	 41	  0	 52	  0	  0	  0	  0	  0	  0	  0	  0	  0	  0	  0	  5	9766	  1
16/12/2016	20:33:15	<-	L	00000000	 10	 40	 31	 56	  0	114	  0	  4	  4	  4	  4	  4	  4	  4	  4	  0	  0	  0	  0	  0	  0	  0	  0	  0	  0	  0	  0	  0	  0	  0	  0	  0	  0	  0	  0	  0	  0	  0	  0	 33	 31	 88	 40	  0	 56	  0	  0	  0	  0	  0	  0	  0	  0	  0	  0	  0	  5	10023	  1
16/12/2016	20:38:15	<-	L	00000000	 10	 41	 31	 56	  0	119	  0	  4	  4	  4	  4	  4	  4	  4	  4	  0	  0	  0	  0	  0	  0	  0	  0	  0	  0	  0	  0	  0	  0	  0	  0	  0	  0	  0	  0	  0	  0	  0	  0	 34	 31	 83	 41	  0	 52	  0	  0	  0	  0	  0	  0	  0	  0	  0	  0	  0	  5	10023	  1
16/12/2016	20:43:15	<-	L	00000000	 10	 41	 31	 56	  0	124	  0	  4	  4	  4	  4	  4	  4	  4	  4	  0	  0	  0	  0	  0	  0	  0	  0	  0	  0	  0	  0	  0	  0	  0	  0	  0	  0	  0	  0	  0	  0	  0	  0	 33	 31	 88	 41	  0	 52	  0	  0	  0	  0	  0	  0	  0	  0	  0	  0	  0	  5	10280	  1
16/12/2016	20:48:15	<-	L	00000000	 10	 44	 33	 46	  0	129	  0	  4	  4	  4	  4	  4	  4	  4	  4	  0	  0	  0	  0	  0	  0	  0	  0	  0	  0	  0	  0	  0	  0	  0	  0	  0	  0	  0	  0	  0	  0	  0	  0	 36	 33	 83	 44	  0	 49	  0	  0	  0	  0	  0	  0	  0	  0	  0	  0	  0	  5	10537	  1
16/12/2016	20:53:15	<-	L	00000000	 10	 44	 35	 60	  0	134	  0	  4	  4	  4	  4	  4	  4	  4	  4	  0	  0	  0	  0	  0	  0	  0	  0	  0	  0	  0	  0	  0	  0	  0	  0	  0	  0	  0	  0	  0	  0	  0	  0	 37	 35	 89	 44	  0	 57	  0	  0	  0	  0	  0	  0	  0	  0	  0	  0	  0	  5	10537	  1
16/12/2016	20:58:15	<-	L	00000000	 10	 44	 35	 60	  0	139	  0	  4	  4	  4	  4	  4	  4	  4	  4	  0	  0	  0	  0	  0	  0	  0	  0	  0	  0	  0	  0	  0	  0	  0	  0	  0	  0	  0	  0	  0	  0	  0	  0	 37	 35	 89	 44	  0	 57	  0	  0	  0	  0	  0	  0	  0	  0	  0	  0	  0	  5	10794	  1
16/12/2016	21:03:15	<-	L	00000000	 10	 44	 35	 57	  0	144	  0	  4	  4	  4	  4	  4	  4	  4	  4	  0	  0	  0	  0	  0	  0	  0	  0	  0	  0	  0	  0	  0	  0	  0	  0	  0	  0	  0	  0	  0	  0	  0	  0	 37	 35	 89	 44	  0	 57	  0	  0	  0	  0	  0	  0	  0	  0	  0	  0	  0	  5	11051	  1
16/12/2016	21:08:15	<-	L	00000000	 10	 44	 35	 57	  0	149	  0	  4	  4	  4	  4	  4	  4	  4	  4	  0	  0	  0	  0	  0	  0	  0	  0	  0	  0	  0	  0	  0	  0	  0	  0	  0	  0	  0	  0	  0	  0	  0	  0	 37	 35	 89	 44	  0	 57	  0	  0	  0	  0	  0	  0	  0	  0	  0	  0	  0	  5	11051	  1
16/12/2016	21:13:15	<-	L	00000000	 10	 47	 36	 49	  0	154	  0	  4	  4	  4	  4	  4	  4	  4	  4	  0	  0	  0	  0	  0	  0	  0	  0	  0	  0	  0	  0	  0	  0	  0	  0	  0	  0	  0	  0	  0	  0	  0	  0	 39	 36	 84	 47	  0	 50	  0	  0	  0	  0	  0	  0	  0	  0	  0	  0	  0	  5	11308	  1
16/12/2016	21:18:15	<-	L	00000000	 10	 47	 38	 54	  0	159	  0	  4	  4	  4	  4	  4	  4	  4	  4	  0	  0	  0	  0	  0	  0	  0	  0	  0	  0	  0	  0	  0	  0	  0	  0	  0	  0	  0	  0	  0	  0	  0	  0	 40	 38	 89	 47	  0	 58	  0	  0	  0	  0	  0	  0	  0	  0	  0	  0	  0	  5	11308	  1
16/12/2016	21:23:15	<-	L	00000000	 10	 46	 38	 65	  0	164	  0	  4	  4	  4	  4	  4	  4	  4	  4	  0	  0	  0	  0	  0	  0	  0	  0	  0	  0	  0	  0	  0	  0	  0	  0	  0	  0	  0	  0	  0	  0	  0	  0	 39	 38	 94	 46	  0	 61	  0	  0	  0	  0	  0	  0	  0	  0	  0	  0	  0	  5	11565	  1
16/12/2016	21:28:15	<-	L	00000000	 10	 48	 38	 58	  0	169	  0	  4	  4	  4	  4	  4	  4	  4	  4	  0	  0	  0	  0	  0	  0	  0	  0	  0	  0	  0	  0	  0	  0	  0	  0	  0	  0	  0	  0	  0	  0	  0	  0	 40	 38	 89	 48	  0	 54	  0	  0	  0	  0	  0	  0	  0	  0	  0	  0	  0	  5	11822	  1
16/12/2016	21:33:15	<-	L	00000000	 10	 48	 38	 58	  0	174	  0	  4	  4	  4	  4	  4	  4	  4	  4	  0	  0	  0	  0	  0	  0	  0	  0	  0	  0	  0	  0	  0	  0	  0	  0	  0	  0	  0	  0	  0	  0	  0	  0	 39	 38	 94	 48	  0	 54	  0	  0	  0	  0	  0	  0	  0	  0	  0	  0	  0	  5	11822	  1
16/12/2016	21:38:15	<-	L	00000000	 10	 51	 39	 51	  0	179	  0	  4	  4	  4	  4	  4	  4	  4	  4	  0	  0	  0	  0	  0	  0	  0	  0	  0	  0	  0	  0	  0	  0	  0	  0	  0	  0	  0	  0	  0	  0	  0	  0	 41	 39	 89	 51	  0	 48	  0	  0	  0	  0	  0	  0	  0	  0	  0	  0	  0	  5	12079	  1
16/12/2016	21:43:16	<-	L	00000000	 10	 51	 40	 55	  0	184	  0	  4	  4	  4	  4	  4	  4	  4	  4	  0	  0	  0	  0	  0	  0	  0	  0	  0	  0	  0	  0	  0	  0	  0	  0	  0	  0	  0	  0	  0	  0	  0	  0	 41	 40	 94	 51	  0	 55	  0	  0	  0	  0	  0	  0	  0	  0	  0	  0	  0	  5	12336	  1
16/12/2016	21:48:16	<-	L	00000000	 10	 51	 40	 58	  0	189	  0	  4	  4	  4	  4	  4	  4	  4	  4	  0	  0	  0	  0	  0	  0	  0	  0	  0	  0	  0	  0	  0	  0	  0	  0	  0	  0	  0	  0	  0	  0	  0	  0	 42	 40	 89	 51	  0	 51	  0	  0	  0	  0	  0	  0	  0	  0	  0	  0	  0	  5	12336	  1
16/12/2016	21:53:16	<-	L	00000000	 10	 50	 41	 58	  0	194	  0	  4	  4	  4	  4	  4	  4	  4	  4	  0	  0	  0	  0	  0	  0	  0	  0	  0	  0	  0	  0	  0	  0	  0	  0	  0	  0	  0	  0	  0	  0	  0	  0	 42	 41	 94	 50	  0	 58	  0	  0	  0	  0	  0	  0	  0	  0	  0	  0	  0	  5	12593	  1
16/12/2016	21:58:16	<-	L	00000000	 10	 50	 41	 58	  0	199	  0	  4	  4	  4	  4	  4	  4	  4	  4	  0	  0	  0	  0	  0	  0	  0	  0	  0	  0	  0	  0	  0	  0	  0	  0	  0	  0	  0	  0	  0	  0	  0	  0	 42	 41	 94	 50	  0	 58	  0	  0	  0	  0	  0	  0	  0	  0	  0	  0	  0	  5	12593	  1
16/12/2016	22:03:16	<-	L	00000000	 10	 53	 42	 55	  0	204	  0	  4	  4	  4	  4	  4	  4	  4	  4	  0	  0	  0	  0	  0	  0	  0	  0	  0	  0	  0	  0	  0	  0	  0	  0	  0	  0	  0	  0	  0	  0	  0	  0	 44	 42	 89	 53	  0	 52	  0	  0	  0	  0	  0	  0	  0	  0	  0	  0	  0	  5	12850	  1
16/12/2016	22:08:16	<-	L	00000000	 10	 52	 42	 59	  0	209	  0	  4	  4	  4	  4	  4	  4	  4	  4	  0	  0	  0	  0	  0	  0	  0	  0	  0	  0	  0	  0	  0	  0	  0	  0	  0	  0	  0	  0	  0	  0	  0	  0	 44	 42	 89	 52	  0	 55	  0	  0	  0	  0	  0	  0	  0	  0	  0	  0	  0	  5	13107	  1
16/12/2016	22:13:16	<-	L	00000000	 10	 54	 42	 55	  0	214	  0	  4	  4	  4	  4	  4	  4	  4	  4	  0	  0	  0	  0	  0	  0	  0	  0	  0	  0	  0	  0	  0	  0	  0	  0	  0	  0	  0	  0	  0	  0	  0	  0	 44	 42	 89	 54	  0	 49	  0	  0	  0	  0	  0	  0	  0	  0	  0	  0	  0	  5	13107	  1
16/12/2016	22:18:16	<-	L	00000000	 10	 54	 43	 56	  0	219	  0	  4	  4	  4	  4	  4	  4	  4	  4	  0	  0	  0	  0	  0	  0	  0	  0	  0	  0	  0	  0	  0	  0	  0	  0	  0	  0	  0	  0	  0	  0	  0	  0	 45	 43	 89	 54	  0	 52	  0	  0	  0	  0	  0	  0	  0	  0	  0	  0	  0	  5	13364	  1
16/12/2016	22:23:16	<-	L	00000000	 10	 55	 43	 49	  0	224	  0	  4	  4	  4	  4	  4	  4	  4	  4	  0	  0	  0	  0	  0	  0	  0	  0	  0	  0	  0	  0	  0	  0	  0	  0	  0	  0	  0	  0	  0	  0	  0	  0	 46	 43	 85	 55	  0	 49	  0	  0	  0	  0	  0	  0	  0	  0	  0	  0	  0	  5	13621	  1
16/12/2016	22:28:16	<-	L	00000000	 10	 55	 44	 56	  0	229	  0	  4	  4	  4	  4	  4	  4	  4	  4	  0	  0	  0	  0	  0	  0	  0	  0	  0	  0	  0	  0	  0	  0	  0	  0	  0	  0	  0	  0	  0	  0	  0	  0	 47	 44	 85	 55	  0	 52	  0	  0	  0	  0	  0	  0	  0	  0	  0	  0	  0	  5	13621	  1
16/12/2016	22:33:16	<-	L	00000000	 10	 56	 44	 52	  0	234	  0	  4	  4	  4	  4	  4	  4	  4	  4	  0	  0	  0	  0	  0	  0	  0	  0	  0	  0	  0	  0	  0	  0	  0	  0	  0	  0	  0	  0	  0	  0	  0	  0	 48	 44	 79	 56	  0	 50	  0	  0	  0	  0	  0	  0	  0	  0	  0	  0	  0	  5	13878	  1
16/12/2016	22:38:16	<-	L	00000000	 10	 54	 45	 60	  0	239	  0	  4	  4	  4	  4	  4	  4	  4	  4	  0	  0	  0	  0	  0	  0	  0	  0	  0	  0	  0	  0	  0	  0	  0	  0	  0	  0	  0	  0	  0	  0	  0	  0	 48	 45	 85	 54	  0	 60	  0	  0	  0	  0	  0	  0	  0	  0	  0	  0	  0	  5	13878	  1
16/12/2016	22:43:16	->	L	00000000	 10	 51	 45	 70	  0	244	  0	  4	  4	  4	  4	  4	  4	  4	  4	  0	  0	  0	  0	  0	  0	  0	  0	  0	  0	  0	  0	  0	  0	  0	  0	  0	  0	  0	  0	  0	  0	  0	  0	 49	 45	 79	 51	  0	 70	  0	  0	  0	  0	  0	  0	  0	  0	  0	  0	  0	  5	14135	  1
16/12/2016	22:48:16	->	L	00000000	 10	 56	 45	 56	  0	249	  0	  4	  4	  4	  4	  4	  4	  4	  4	  0	  0	  0	  0	  0	  0	  0	  0	  0	  0	  0	  0	  0	  0	  0	  0	  0	  0	  0	  0	  0	  0	  0	  0	 49	 45	 79	 56	  0	 53	  0	  0	  0	  0	  0	  0	  0	  0	  0	  0	  0	  5	14392	  1
16/12/2016	22:53:15	->	L	00000000	 10	 56	 45	 50	  0	254	  0	  4	  4	  4	  4	  4	  4	  4	  4	  0	  0	  0	  0	  0	  0	  0	  0	  0	  0	  0	  0	  0	  0	  0	  0	  0	  0	  0	  0	  0	  0	  0	  0	 51	 45	 70	 56	  0	 50	  0	  0	  0	  0	  0	  0	  0	  0	  0	  0	  0	  5	14392	  1
16/12/2016	22:58:15	->	L	00000000	 10	 57	 46	 56	  0	259	  0	  4	  4	  4	  4	  4	  4	  4	  4	  0	  0	  0	  0	  0	  0	  0	  0	  0	  0	  0	  0	  0	  0	  0	  0	  0	  0	  0	  0	  0	  0	  0	  0	 51	 46	 77	 57	  0	 53	  0	  0	  0	  0	  0	  0	  0	  0	  0	  0	  0	  5	14649	  1
16/12/2016	23:03:15	->	L	00000000	 10	 56	 46	 53	  0	264	  0	  4	  4	  4	  4	  4	  4	  4	  4	  0	  0	  0	  0	  0	  0	  0	  0	  0	  0	  0	  0	  0	  0	  0	  0	  0	  0	  0	  0	  0	  0	  0	  0	 52	 46	 71	 56	  0	 56	  0	  0	  0	  0	  0	  0	  0	  0	  0	  0	  0	  5	14906	  1
16/12/2016	23:08:15	->	L	00000000	 10	 58	 46	 53	  0	269	  0	  4	  4	  4	  4	  4	  4	  4	  4	  0	  0	  0	  0	  0	  0	  0	  0	  0	  0	  0	  0	  0	  0	  0	  0	  0	  0	  0	  0	  0	  0	  0	  0	 53	 46	 67	 58	  0	 50	  0	  0	  0	  0	  0	  0	  0	  0	  0	  0	  0	  5	14906	  1
16/12/2016	23:13:15	->	L	00000000	 10	 56	 47	 60	  0	274	  0	  4	  4	  4	  4	  4	  4	  4	  4	  0	  0	  0	  0	  0	  0	  0	  0	  0	  0	  0	  0	  0	  0	  0	  0	  0	  0	  0	  0	  0	  0	  0	  0	 53	 47	 71	 56	  0	 60	  0	  0	  0	  0	  0	  0	  0	  0	  0	  0	  0	  5	15163	  1
16/12/2016	23:18:15	->	L	00000000	 10	 53	 46	 63	  0	279	  0	  4	  4	  4	  4	  4	  4	  4	  4	  0	  0	  0	  0	  0	  0	  0	  0	  0	  0	  0	  0	  0	  0	  0	  0	  0	  0	  0	  0	  0	  0	  0	  0	 52	 46	 71	 53	  0	 67	  0	  0	  0	  0	  0	  0	  0	  0	  0	  0	  0	  5	15163	  1
16/12/2016	23:23:15	->	L	00000000	 10	 52	 45	 67	  0	284	  0	  4	  4	  4	  4	  4	  4	  4	  4	  0	  0	  0	  0	  0	  0	  0	  0	  0	  0	  0	  0	  0	  0	  0	  0	  0	  0	  0	  0	  0	  0	  0	  0	 52	 45	 67	 52	  0	 67	  0	  0	  0	  0	  0	  0	  0	  0	  0	  0	  0	  5	15420	  1
16/12/2016	23:28:15	->	L	00000000	 10	 52	 44	 63	  0	289	  0	  4	  4	  4	  4	  4	  4	  4	  4	  0	  0	  0	  0	  0	  0	  0	  0	  0	  0	  0	  0	  0	  0	  0	  0	  0	  0	  0	  0	  0	  0	  0	  0	 51	 44	 66	 52	  0	 63	  0	  0	  0	  0	  0	  0	  0	  0	  0	  0	  0	  5	15677	  1
16/12/2016	23:33:16	->	L	00000000	 10	 57	 44	 50	  0	294	  0	  4	  4	  4	  4	  4	  4	  4	  4	  0	  0	  0	  0	  0	  0	  0	  0	  0	  0	  0	  0	  0	  0	  0	  0	  0	  0	  0	  0	  0	  0	  0	  0	 53	 44	 59	 57	  0	 46	  0	  0	  0	  0	  0	  0	  0	  0	  0	  0	  0	  5	15677	  1
16/12/2016	23:38:16	->	L	00000000	 10	 59	 46	 47	  0	299	  0	  4	  4	  4	  4	  4	  4	  4	  4	  0	  0	  0	  0	  0	  0	  0	  0	  0	  0	  0	  0	  0	  0	  0	  0	  0	  0	  0	  0	  0	  0	  0	  0	 55	 46	 60	 59	  0	 47	  0	  0	  0	  0	  0	  0	  0	  0	  0	  0	  0	  5	15934	  1
16/12/2016	23:43:16	->	L	00000000	 21	 54	 47	 67	  0	  3	  0	  4	  4	  4	  4	  4	  4	  4	  4	  0	  0	  0	  0	  0	  0	  0	  0	  0	  0	  0	  0	  0	  0	  0	  0	  0	  0	  0	  0	  0	  0	  0	  0	 54	 47	 67	 54	  0	 67	  0	  0	  0	  0	  0	  0	  0	  0	  0	  0	  0	  5	16704	  0
16/12/2016	23:48:16	->	L	00000000	 21	 53	 45	 63	  0	  8	  0	  4	  4	  4	  4	  4	  4	  4	  4	  0	  0	  0	  0	  0	  0	  0	  0	  0	  0	  0	  0	  0	  0	  0	  0	  0	  0	  0	  0	  0	  0	  0	  0	 53	 45	 63	 52	  0	 67	  0	  0	  0	  0	  0	  0	  0	  0	  0	  0	  0	  5	16704	  0
16/12/2016	23:53:16	->	L	00000000	 21	 53	 44	 59	  0	 13	  0	  4	  4	  4	  4	  4	  4	  4	  4	  0	  0	  0	  0	  0	  0	  0	  0	  0	  0	  0	  0	  0	  0	  0	  0	  0	  0	  0	  0	  0	  0	  0	  0	 53	 44	 59	 51	  0	 66	  0	  0	  0	  0	  0	  0	  0	  0	  0	  0	  0	  5	16704	  0
16/12/2016	23:58:16	->	L	00000000	 21	 53	 44	 59	  0	 18	  0	  4	  4	  4	  4	  4	  4	  4	  4	  0	  0	  0	  0	  0	  0	  0	  0	  0	  0	  0	  0	  0	  0	  0	  0	  0	  0	  0	  0	  0	  0	  0	  0	 53	 44	 59	 51	  0	 66	  0	  0	  0	  0	  0	  0	  0	  0	  0	  0	  0	  5	17984	  0
17/12/2016	00:03:16	->	L	00000000	 21	 53	 43	 56	  0	 23	  0	  4	  4	  4	  4	  4	  4	  4	  4	  0	  0	  0	  0	  0	  0	  0	  0	  0	  0	  0	  0	  0	  0	  0	  0	  0	  0	  0	  0	  0	  0	  0	  0	 53	 43	 56	 50	  0	 66	  0	  0	  0	  0	  0	  0	  0	  0	  0	  0	  0	  5	17984	  0
17/12/2016	00:08:16	->	L	00000000	 21	 53	 43	 56	  0	 28	  0	  4	  4	  4	  4	  4	  4	  4	  4	  0	  0	  0	  0	  0	  0	  0	  0	  0	  0	  0	  0	  0	  0	  0	  0	  0	  0	  0	  0	  0	  0	  0	  0	 53	 43	 56	 50	  0	 66	  0	  0	  0	  0	  0	  0	  0	  0	  0	  0	  0	  5	17984	  0
17/12/2016	00:13:16	->	L	00000000	 21	 53	 43	 56	  0	 33	  0	  4	  4	  4	  4	  4	  4	  4	  4	  0	  0	  0	  0	  0	  0	  0	  0	  0	  0	  0	  0	  0	  0	  0	  0	  0	  0	  0	  0	  0	  0	  0	  0	 53	 43	 56	 51	  0	 62	  0	  0	  0	  0	  0	  0	  0	  0	  0	  0	  0	  5	17984	  0
17/12/2016	00:18:16	->	L	00000000	 21	 54	 43	 56	  0	 38	  0	  4	  4	  4	  4	  4	  4	  4	  4	  0	  0	  0	  0	  0	  0	  0	  0	  0	  0	  0	  0	  0	  0	  0	  0	  0	  0	  0	  0	  0	  0	  0	  0	 54	 43	 52	 51	  0	 62	  0	  0	  0	  0	  0	  0	  0	  0	  0	  0	  0	  5	17984	  0
17/12/2016	00:23:16	->	L	00000000	 21	 54	 43	 56	  0	 43	  0	  4	  4	  4	  4	  4	  4	  4	  4	  0	  0	  0	  0	  0	  0	  0	  0	  0	  0	  0	  0	  0	  0	  0	  0	  0	  0	  0	  0	  0	  0	  0	  0	 54	 43	 52	 51	  0	 62	  0	  0	  0	  0	  0	  0	  0	  0	  0	  0	  0	  5	17984	  0
17/12/2016	00:28:16	->	L	00000000	 21	 54	 43	 52	  0	 48	  0	  4	  4	  4	  4	  4	  4	  4	  4	  0	  0	  0	  0	  0	  0	  0	  0	  0	  0	  0	  0	  0	  0	  0	  0	  0	  0	  0	  0	  0	  0	  0	  0	 54	 43	 52	 51	  0	 62	  0	  0	  0	  0	  0	  0	  0	  0	  0	  0	  0	  5	17984	  0
17/12/2016	00:38:16	->	L	00000000	 21	 51	 42	 59	  0	 57	  0	  4	  4	  4	  4	  4	  4	  4	  4	  0	  0	  0	  0	  0	  0	  0	  0	  0	  0	  0	  0	  0	  0	  0	  0	  0	  0	  0	  0	  0	  0	  0	  0	 51	 42	 59	 49	  0	 66	  0	  0	  0	  0	  0	  0	  0	  0	  0	  0	  0	  5	12855	  0
17/12/2016	09:58:18	  	L	00000000	 21	 31	 25	 66	  0	 59	  0	  4	  4	  4	  4	  4	  4	  4	  4	  0	  0	  0	  0	  0	  0	  0	  0	  0	  0	  0	  0	  0	  0	  0	  0	  0	  0	  0	  0	  0	  0	  0	  0	 31	 25	 66	 31	  0	 66	  0	  0	  0	  0	  0	  0	  0	  0	  0	  0	  0	  5	12855	  0
17/12/2016	10:03:18	->	L	00000000	 21	 32	 25	 62	  0	 64	  0	  4	  4	  4	  4	  4	  4	  4	  4	  0	  0	  0	  0	  0	  0	  0	  0	  0	  0	  0	  0	  0	  0	  0	  0	  0	  0	  0	  0	  0	  0	  0	  0	 32	 25	 62	 31	  0	 66	  0	  0	  0	  0	  0	  0	  0	  0	  0	  0	  0	  5	12855	  0
17/12/2016	10:08:18	->	L	00000000	 21	 37	 31	 68	  0	 69	  0	  4	  4	  4	  4	  4	  4	  4	  4	  0	  0	  0	  0	  0	  0	  0	  0	  0	  0	  0	  0	  0	  0	  0	  0	  0	  0	  0	  0	  0	  0	  0	  0	 37	 31	 68	 37	  0	 68	  0	  0	  0	  0	  0	  0	  0	  0	  0	  0	  0	  5	12855	  0
17/12/2016	10:13:18	->	L	00000000	 21	 40	 34	 68	  0	 74	  0	  4	  4	  4	  4	  4	  4	  4	  4	  0	  0	  0	  0	  0	  0	  0	  0	  0	  0	  0	  0	  0	  0	  0	  0	  0	  0	  0	  0	  0	  0	  0	  0	 40	 34	 68	 39	  0	 75	  0	  0	  0	  0	  0	  0	  0	  0	  0	  0	  0	  5	12855	  0
17/12/2016	10:18:18	  	L	00000000	 21	 41	 35	 68	  0	 77	  0	  4	  4	  4	  4	  4	  4	  4	  4	  0	  0	  0	  0	  0	  0	  0	  0	  0	  0	  0	  0	  0	  0	  0	  0	  0	  0	  0	  0	  0	  0	  0	  0	 41	 35	 68	 40	  0	 75	  0	  0	  0	  0	  0	  0	  0	  0	  0	  0	  0	  5	12855	  0
17/12/2016	10:23:18	  	L	00000000	 21	 42	 36	 69	  0	 80	  0	  4	  4	  4	  4	  4	  4	  4	  4	  0	  0	  0	  0	  0	  0	  0	  0	  0	  0	  0	  0	  0	  0	  0	  0	  0	  0	  0	  0	  0	  0	  0	  0	 42	 36	 69	 41	  0	 76	  0	  0	  0	  0	  0	  0	  0	  0	  0	  0	  0	  5	12855	  0
17/12/2016	10:28:18	->	L	00000000	 21	 50	 35	 35	  0	 85	  0	  4	  4	  4	  4	  4	  4	  4	  4	  0	  0	  0	  0	  0	  0	  0	  0	  0	  0	  0	  0	  0	  0	  0	  0	  0	  0	  0	  0	  0	  0	  0	  0	 41	 35	 68	 50	  0	 38	  0	  0	  0	  0	  0	  0	  0	  0	  0	  0	  0	  5	12855	  0
17/12/2016	10:33:18	->	L	00000000	 21	 50	 34	 38	  0	 90	  0	  4	  4	  4	  4	  4	  4	  4	  4	  0	  0	  0	  0	  0	  0	  0	  0	  0	  0	  0	  0	  0	  0	  0	  0	  0	  0	  0	  0	  0	  0	  0	  0	 41	 34	 64	 50	  0	 35	  0	  0	  0	  0	  0	  0	  0	  0	  0	  0	  0	  5	12855	  0
17/12/2016	10:38:18	->	L	00000000	 21	 53	 35	 28	  0	 95	  0	  4	  4	  4	  4	  4	  4	  4	  4	  0	  0	  0	  0	  0	  0	  0	  0	  0	  0	  0	  0	  0	  0	  0	  0	  0	  0	  0	  0	  0	  0	  0	  0	 42	 35	 64	 53	  0	 31	  0	  0	  0	  0	  0	  0	  0	  0	  0	  0	  0	  5	12855	  0
17/12/2016	10:43:18	->	L	00000000	 21	 50	 35	 35	  0	100	  0	  4	  4	  4	  4	  4	  4	  4	  4	  0	  0	  0	  0	  0	  0	  0	  0	  0	  0	  0	  0	  0	  0	  0	  0	  0	  0	  0	  0	  0	  0	  0	  0	 42	 35	 64	 50	  0	 38	  0	  0	  0	  0	  0	  0	  0	  0	  0	  0	  0	  5	12855	  0
17/12/2016	10:48:18	->	L	00000000	 21	 50	 35	 41	  0	105	  0	  4	  4	  4	  4	  4	  4	  4	  4	  0	  0	  0	  0	  0	  0	  0	  0	  0	  0	  0	  0	  0	  0	  0	  0	  0	  0	  0	  0	  0	  0	  0	  0	 42	 35	 64	 50	  0	 38	  0	  0	  0	  0	  0	  0	  0	  0	  0	  0	  0	  5	12855	  0
17/12/2016	10:53:18	->	L	00000000	 21	 46	 35	 49	  0	110	  0	  4	  4	  4	  4	  4	  4	  4	  4	  0	  0	  0	  0	  0	  0	  0	  0	  0	  0	  0	  0	  0	  0	  0	  0	  0	  0	  0	  0	  0	  0	  0	  0	 41	 35	 68	 46	  0	 49	  0	  0	  0	  0	  0	  0	  0	  0	  0	  0	  0	  5	12855	  0
17/12/2016	10:58:18	->	L	00000000	 21	 49	 35	 38	  0	115	  0	  4	  4	  4	  4	  4	  4	  4	  4	  0	  0	  0	  0	  0	  0	  0	  0	  0	  0	  0	  0	  0	  0	  0	  0	  0	  0	  0	  0	  0	  0	  0	  0	 42	 35	 64	 49	  0	 41	  0	  0	  0	  0	  0	  0	  0	  0	  0	  0	  0	  5	12855	  0
17/12/2016	11:03:18	->	L	00000000	 21	 50	 35	 38	  0	120	  0	  4	  4	  4	  4	  4	  4	  4	  4	  0	  0	  0	  0	  0	  0	  0	  0	  0	  0	  0	  0	  0	  0	  0	  0	  0	  0	  0	  0	  0	  0	  0	  0	 42	 35	 64	 50	  0	 38	  0	  0	  0	  0	  0	  0	  0	  0	  0	  0	  0	  5	12855	  0
17/12/2016	11:08:18	->	L	00000000	 21	 49	 36	 43	  0	125	  0	  4	  4	  4	  4	  4	  4	  4	  4	  0	  0	  0	  0	  0	  0	  0	  0	  0	  0	  0	  0	  0	  0	  0	  0	  0	  0	  0	  0	  0	  0	  0	  0	 41	 36	 76	 49	  0	 43	  0	  0	  0	  0	  0	  0	  0	  0	  0	  0	  0	  5	12855	  0
17/12/2016	11:13:18	->	L	00000000	 21	 50	 36	 41	  0	130	  0	  4	  4	  4	  4	  4	  4	  4	  4	  0	  0	  0	  0	  0	  0	  0	  0	  0	  0	  0	  0	  0	  0	  0	  0	  0	  0	  0	  0	  0	  0	  0	  0	 42	 36	 69	 50	  0	 41	  0	  0	  0	  0	  0	  0	  0	  0	  0	  0	  0	  5	12845	  0
17/12/2016	11:18:18	->	L	00000000	 21	 50	 36	 41	  0	135	  0	  4	  4	  4	  4	  4	  4	  4	  4	  0	  0	  0	  0	  0	  0	  0	  0	  0	  0	  0	  0	  0	  0	  0	  0	  0	  0	  0	  0	  0	  0	  0	  0	 42	 36	 69	 50	  0	 41	  0	  0	  0	  0	  0	  0	  0	  0	  0	  0	  0	  5	12845	  0
17/12/2016	11:23:18	->	L	00000000	 21	 49	 37	 47	  0	140	  0	  4	  4	  4	  4	  4	  4	  4	  4	  0	  0	  0	  0	  0	  0	  0	  0	  0	  0	  0	  0	  0	  0	  0	  0	  0	  0	  0	  0	  0	  0	  0	  0	 43	 37	 69	 49	  0	 47	  0	  0	  0	  0	  0	  0	  0	  0	  0	  0	  0	  5	12845	  0
17/12/2016	11:28:18	->	L	00000000	 21	 49	 37	 47	  0	145	  0	  4	  4	  4	  4	  4	  4	  4	  4	  0	  0	  0	  0	  0	  0	  0	  0	  0	  0	  0	  0	  0	  0	  0	  0	  0	  0	  0	  0	  0	  0	  0	  0	 43	 37	 69	 49	  0	 47	  0	  0	  0	  0	  0	  0	  0	  0	  0	  0	  0	  5	12845	  0
17/12/2016	11:33:18	->	L	00000000	 21	 53	 37	 39	  0	150	  0	  4	  4	  4	  4	  4	  4	  4	  4	  0	  0	  0	  0	  0	  0	  0	  0	  0	  0	  0	  0	  0	  0	  0	  0	  0	  0	  0	  0	  0	  0	  0	  0	 44	 37	 65	 53	  0	 36	  0	  0	  0	  0	  0	  0	  0	  0	  0	  0	  0	  5	12845	  0
17/12/2016	11:38:18	->	L	00000000	 21	 53	 38	 40	  0	155	  0	  4	  4	  4	  4	  4	  4	  4	  4	  0	  0	  0	  0	  0	  0	  0	  0	  0	  0	  0	  0	  0	  0	  0	  0	  0	  0	  0	  0	  0	  0	  0	  0	 45	 38	 65	 53	  0	 40	  0	  0	  0	  0	  0	  0	  0	  0	  0	  0	  0	  5	12845	  0
17/12/2016	11:43:18	->	L	00000000	 21	 55	 38	 34	  0	160	  0	  4	  4	  4	  4	  4	  4	  4	  4	  0	  0	  0	  0	  0	  0	  0	  0	  0	  0	  0	  0	  0	  0	  0	  0	  0	  0	  0	  0	  0	  0	  0	  0	 46	 38	 61	 55	  0	 34	  0	  0	  0	  0	  0	  0	  0	  0	  0	  0	  0	  5	12845	  0
17/12/2016	11:48:18	->	L	00000000	 21	 53	 38	 36	  0	165	  0	  4	  4	  4	  4	  4	  4	  4	  4	  0	  0	  0	  0	  0	  0	  0	  0	  0	  0	  0	  0	  0	  0	  0	  0	  0	  0	  0	  0	  0	  0	  0	  0	 45	 38	 65	 53	  0	 40	  0	  0	  0	  0	  0	  0	  0	  0	  0	  0	  0	  5	12845	  0
17/12/2016	11:53:18	->	L	00000000	 21	 52	 39	 44	  0	170	  0	  4	  4	  4	  4	  4	  4	  4	  4	  0	  0	  0	  0	  0	  0	  0	  0	  0	  0	  0	  0	  0	  0	  0	  0	  0	  0	  0	  0	  0	  0	  0	  0	 45	 39	 69	 52	  0	 44	  0	  0	  0	  0	  0	  0	  0	  0	  0	  0	  0	  5	12845	  0
17/12/2016	11:58:18	->	L	00000000	 21	 52	 39	 44	  0	175	  0	  4	  4	  4	  4	  4	  4	  4	  4	  0	  0	  0	  0	  0	  0	  0	  0	  0	  0	  0	  0	  0	  0	  0	  0	  0	  0	  0	  0	  0	  0	  0	  0	 45	 39	 69	 52	  0	 44	  0	  0	  0	  0	  0	  0	  0	  0	  0	  0	  0	  5	12845	  0
17/12/2016	12:03:18	->	L	00000000	 21	 55	 39	 37	  0	180	  0	  4	  4	  4	  4	  4	  4	  4	  4	  0	  0	  0	  0	  0	  0	  0	  0	  0	  0	  0	  0	  0	  0	  0	  0	  0	  0	  0	  0	  0	  0	  0	  0	 45	 39	 69	 55	  0	 37	  0	  0	  0	  0	  0	  0	  0	  0	  0	  0	  0	  5	12845	  0
17/12/2016	12:08:18	<-	L	00000000	 21	 50	 41	 58	  0	185	  0	  4	  4	  4	  4	  4	  4	  4	  4	  0	  0	  0	  0	  0	  0	  0	  0	  0	  0	  0	  0	  0	  0	  0	  0	  0	  0	  0	  0	  0	  0	  0	  0	 50	 41	 58	 48	  0	 66	  0	  0	  0	  0	  0	  0	  0	  0	  0	  0	  0	  5	12845	  0
17/12/2016	12:13:18	<-	L	00000000	 21	 54	 42	 45	  0	190	  0	  4	  4	  4	  4	  4	  4	  4	  4	  0	  0	  0	  0	  0	  0	  0	  0	  0	  0	  0	  0	  0	  0	  0	  0	  0	  0	  0	  0	  0	  0	  0	  0	 54	 42	 49	 50	  0	 62	  0	  0	  0	  0	  0	  0	  0	  0	  0	  0	  0	  5	12845	  0
17/12/2016	12:18:18	<-	L	00000000	 21	 50	 41	 62	  0	195	  0	  4	  4	  4	  4	  4	  4	  4	  4	  0	  0	  0	  0	  0	  0	  0	  0	  0	  0	  0	  0	  0	  0	  0	  0	  0	  0	  0	  0	  0	  0	  0	  0	 50	 41	 58	 45	  0	 79	  0	  0	  0	  0	  0	  0	  0	  0	  0	  0	  0	  5	12845	  0
17/12/2016	12:23:18	<-	L	00000000	 21	 50	 41	 58	  0	200	  0	  4	  4	  4	  4	  4	  4	  4	  4	  0	  0	  0	  0	  0	  0	  0	  0	  0	  0	  0	  0	  0	  0	  0	  0	  0	  0	  0	  0	  0	  0	  0	  0	 50	 41	 58	 45	  0	 79	  0	  0	  0	  0	  0	  0	  0	  0	  0	  0	  0	  5	12850	  0
