12/12/2016	13:40:58	<-	L	00000000	 40	 74	 41	 16	  0	  9	  0	  4	  4	  4	  4	  4	  4	  4	  4	  0	  0	  0	  0	  0	  0	  0	  0	  0	  0	  0	  0	  0	  0	  0	  0	  0	  0	  0	  0	  0	  0	  0	  0	 74	 41	 16	 72	  0	 17	  0	  0	  0	  0	  0	  0	  0	  0	  0	  0	  0	  5	15400	  0
12/12/2016	13:45:58	<-	L	00000000	 40	 75	 41	 15	  0	 14	  0	  4	  4	  4	  4	  4	  4	  4	  4	  0	  0	  0	  0	  0	  0	  0	  0	  0	  0	  0	  0	  0	  0	  0	  0	  0	  0	  0	  0	  0	  0	  0	  0	 75	 41	 15	 72	  0	 17	  0	  0	  0	  0	  0	  0	  0	  0	  0	  0	  0	  5	15400	  0
12/12/2016	13:50:58	<-	L	00000000	 40	 74	 40	 15	  0	 19	  0	  4	  4	  4	  4	  4	  4	  4	  4	  0	  0	  0	  0	  0	  0	  0	  0	  0	  0	  0	  0	  0	  0	  0	  0	  0	  0	  0	  0	  0	  0	  0	  0	 74	 40	 15	 71	  0	 16	  0	  0	  0	  0	  0	  0	  0	  0	  0	  0	  0	  5	15400	  0
12/12/2016	13:55:58	<-	L	00000000	 40	 74	 41	 16	  0	 24	  0	  4	  4	  4	  4	  4	  4	  4	  4	  0	  0	  0	  0	  0	  0	  0	  0	  0	  0	  0	  0	  0	  0	  0	  0	  0	  0	  0	  0	  0	  0	  0	  0	 74	 41	 16	 72	  0	 17	  0	  0	  0	  0	  0	  0	  0	  0	  0	  0	  0	  5	15400	  0
12/12/2016	14:00:58	<-	L	00000000	 40	 74	 40	 15	  0	 29	  0	  4	  4	  4	  4	  4	  4	  4	  4	  0	  0	  0	  0	  0	  0	  0	  0	  0	  0	  0	  0	  0	  0	  0	  0	  0	  0	  0	  0	  0	  0	  0	  0	 74	 40	 15	 71	  0	 16	  0	  0	  0	  0	  0	  0	  0	  0	  0	  0	  0	  5	15400	  0
12/12/2016	14:05:58	<-	L	00000000	 40	 74	 40	 15	  0	 34	  0	  4	  4	  4	  4	  4	  4	  4	  4	  0	  0	  0	  0	  0	  0	  0	  0	  0	  0	  0	  0	  0	  0	  0	  0	  0	  0	  0	  0	  0	  0	  0	  0	 74	 40	 15	 71	  0	 16	  0	  0	  0	  0	  0	  0	  0	  0	  0	  0	  0	  5	15400	  0
12/12/2016	14:10:58	<-	L	00000000	 40	 73	 40	 15	  0	 39	  0	  4	  4	  4	  4	  4	  4	  4	  4	  0	  0	  0	  0	  0	  0	  0	  0	  0	  0	  0	  0	  0	  0	  0	  0	  0	  0	  0	  0	  0	  0	  0	  0	 73	 40	 15	 71	  0	 16	  0	  0	  0	  0	  0	  0	  0	  0	  0	  0	  0	  5	15400	  0
12/12/2016	14:15:58	<-	L	00000000	 40	 73	 40	 15	  0	 44	  0	  4	  4	  4	  4	  4	  4	  4	  4	  0	  0	  0	  0	  0	  0	  0	  0	  0	  0	  0	  0	  0	  0	  0	  0	  0	  0	  0	  0	  0	  0	  0	  0	 73	 40	 15	 70	  0	 17	  0	  0	  0	  0	  0	  0	  0	  0	  0	  0	  0	  5	15400	  0
12/12/2016	14:20:58	<-	L	00000000	 40	 73	 40	 15	  0	 49	  0	  4	  4	  4	  4	  4	  4	  4	  4	  0	  0	  0	  0	  0	  0	  0	  0	  0	  0	  0	  0	  0	  0	  0	  0	  0	  0	  0	  0	  0	  0	  0	  0	 73	 40	 15	 70	  0	 17	  0	  0	  0	  0	  0	  0	  0	  0	  0	  0	  0	  5	15400	  0
12/12/2016	14:25:58	<-	L	00000000	 40	 72	 40	 16	  0	 54	  0	  4	  4	  4	  4	  4	  4	  4	  4	  0	  0	  0	  0	  0	  0	  0	  0	  0	  0	  0	  0	  0	  0	  0	  0	  0	  0	  0	  0	  0	  0	  0	  0	 72	 40	 16	 70	  0	 17	  0	  0	  0	  0	  0	  0	  0	  0	  0	  0	  0	  5	15400	  0
12/12/2016	14:30:58	<-	L	00000000	 40	 72	 40	 15	  0	 59	  0	  4	  4	  4	  4	  4	  4	  4	  4	  0	  0	  0	  0	  0	  0	  0	  0	  0	  0	  0	  0	  0	  0	  0	  0	  0	  0	  0	  0	  0	  0	  0	  0	 72	 40	 16	 69	  0	 17	  0	  0	  0	  0	  0	  0	  0	  0	  0	  0	  0	  5	15400	  0
12/12/2016	14:35:58	<-	L	00000000	 50	 73	 40	 15	  0	  3	  0	  4	  4	  4	  4	  4	  4	  4	  4	  0	  0	  0	  0	  0	  0	  0	  0	  0	  0	  0	  0	  0	  0	  0	  0	  0	  0	  0	  0	  0	  0	  0	  0	 73	 40	 15	 70	  0	 17	  0	  0	  0	  0	  0	  0	  0	  0	  0	  0	  0	  5	18227	  0
12/12/2016	14:40:58	<-	L	00000000	 50	 72	 39	 15	  0	  8	  0	  4	  4	  4	  4	  4	  4	  4	  4	  0	  0	  0	  0	  0	  0	  0	  0	  0	  0	  0	  0	  0	  0	  0	  0	  0	  0	  0	  0	  0	  0	  0	  0	 72	 39	 15	 69	  0	 16	  0	  0	  0	  0	  0	  0	  0	  0	  0	  0	  0	  5	17456	  0
12/12/2016	14:45:58	<-	L	00000000	 50	 71	 39	 15	  0	 13	  0	  4	  4	  4	  4	  4	  4	  4	  4	  0	  0	  0	  0	  0	  0	  0	  0	  0	  0	  0	  0	  0	  0	  0	  0	  0	  0	  0	  0	  0	  0	  0	  0	 71	 39	 15	 68	  0	 17	  0	  0	  0	  0	  0	  0	  0	  0	  0	  0	  0	  5	16942	  0
12/12/2016	14:50:58	<-	L	00000000	 50	 71	 38	 14	  0	 18	  0	  4	  4	  4	  4	  4	  4	  4	  4	  0	  0	  0	  0	  0	  0	  0	  0	  0	  0	  0	  0	  0	  0	  0	  0	  0	  0	  0	  0	  0	  0	  0	  0	 71	 38	 14	 68	  0	 16	  0	  0	  0	  0	  0	  0	  0	  0	  0	  0	  0	  5	16171	  0
12/12/2016	14:55:58	<-	L	00000000	 50	 71	 38	 14	  0	 23	  0	  4	  4	  4	  4	  4	  4	  4	  4	  0	  0	  0	  0	  0	  0	  0	  0	  0	  0	  0	  0	  0	  0	  0	  0	  0	  0	  0	  0	  0	  0	  0	  0	 71	 38	 14	 68	  0	 16	  0	  0	  0	  0	  0	  0	  0	  0	  0	  0	  0	  5	15400	  0
12/12/2016	15:00:58	<-	L	00000000	 50	 70	 38	 15	  0	 28	  0	  4	  4	  4	  4	  4	  4	  4	  4	  0	  0	  0	  0	  0	  0	  0	  0	  0	  0	  0	  0	  0	  0	  0	  0	  0	  0	  0	  0	  0	  0	  0	  0	 70	 38	 15	 68	  0	 16	  0	  0	  0	  0	  0	  0	  0	  0	  0	  0	  0	  5	14886	  0
12/12/2016	15:05:58	<-	L	00000000	 50	 68	 36	 14	  0	 33	  0	  4	  4	  4	  4	  4	  4	  4	  4	  0	  0	  0	  0	  0	  0	  0	  0	  0	  0	  0	  0	  0	  0	  0	  0	  0	  0	  0	  0	  0	  0	  0	  0	 68	 36	 14	 65	  0	 15	  0	  0	  0	  0	  0	  0	  0	  0	  0	  0	  0	  5	14115	  0
12/12/2016	15:10:58	<-	L	00000000	 50	 67	 35	 13	  0	 38	  0	  4	  4	  4	  4	  4	  4	  4	  4	  0	  0	  0	  0	  0	  0	  0	  0	  0	  0	  0	  0	  0	  0	  0	  0	  0	  0	  0	  0	  0	  0	  0	  0	 67	 35	 13	 64	  0	 15	  0	  0	  0	  0	  0	  0	  0	  0	  0	  0	  0	  5	13344	  0
12/12/2016	15:15:58	<-	L	00000000	 50	 66	 34	 12	  0	 43	  0	  4	  4	  4	  4	  4	  4	  4	  4	  0	  0	  0	  0	  0	  0	  0	  0	  0	  0	  0	  0	  0	  0	  0	  0	  0	  0	  0	  0	  0	  0	  0	  0	 66	 34	 12	 63	  0	 14	  0	  0	  0	  0	  0	  0	  0	  0	  0	  0	  0	  5	12830	  0
12/12/2016	15:20:58	<-	L	00000000	 50	 65	 34	 13	  0	 48	  0	  4	  4	  4	  4	  4	  4	  4	  4	  0	  0	  0	  0	  0	  0	  0	  0	  0	  0	  0	  0	  0	  0	  0	  0	  0	  0	  0	  0	  0	  0	  0	  0	 65	 34	 13	 63	  0	 14	  0	  0	  0	  0	  0	  0	  0	  0	  0	  0	  0	  5	12059	  0
12/12/2016	15:25:58	<-	L	00000000	 50	 64	 34	 13	  0	 53	  0	  4	  4	  4	  4	  4	  4	  4	  4	  0	  0	  0	  0	  0	  0	  0	  0	  0	  0	  0	  0	  0	  0	  0	  0	  0	  0	  0	  0	  0	  0	  0	  0	 64	 34	 13	 61	  0	 16	  0	  0	  0	  0	  0	  0	  0	  0	  0	  0	  0	  5	11288	  0
12/12/2016	15:30:58	->	L	00000000	 50	 63	 32	 11	  0	 58	  0	  4	  4	  4	  4	  4	  4	  4	  4	  0	  0	  0	  0	  0	  0	  0	  0	  0	  0	  0	  0	  0	  0	  0	  0	  0	  0	  0	  0	  0	  0	  0	  0	 61	 32	 13	 63	  0	 11	  0	  0	  0	  0	  0	  0	  0	  0	  0	  0	  0	  5	10774	  0
12/12/2016	15:35:58	  	L	00000000	 70	 62	 32	 12	  0	  0	  0	  4	  4	  4	  4	  4	  4	  4	  4	  0	  0	  0	  0	  0	  0	  0	  0	  0	  0	  0	  0	  0	  0	  0	  0	  0	  0	  0	  0	  0	  0	  0	  0	 59	 32	 15	 62	  0	 12	  0	  0	  0	  0	  0	  0	  0	  0	  0	  0	  0	  5	10260	  0
12/12/2016	15:40:58	  	L	00000000	 70	 56	 27	 12	  0	  0	  0	  4	  4	  4	  4	  4	  4	  4	  4	  0	  0	  0	  0	  0	  0	  0	  0	  0	  0	  0	  0	  0	  0	  0	  0	  0	  0	  0	  0	  0	  0	  0	  0	 42	 27	 36	 56	  0	 10	  0	  0	  0	  0	  0	  0	  0	  0	  0	  0	  0	  5	10260	  0
12/12/2016	15:45:58	  	L	00000000	 70	 52	 26	 12	  0	  0	  0	  4	  4	  4	  4	  4	  4	  4	  4	  0	  0	  0	  0	  0	  0	  0	  0	  0	  0	  0	  0	  0	  0	  0	  0	  0	  0	  0	  0	  0	  0	  0	  0	 38	 26	 44	 52	  0	 12	  0	  0	  0	  0	  0	  0	  0	  0	  0	  0	  0	  5	10260	  0
12/12/2016	15:50:58	  	L	00000000	 70	 50	 24	 11	  0	  0	  0	  4	  4	  4	  4	  4	  4	  4	  4	  0	  0	  0	  0	  0	  0	  0	  0	  0	  0	  0	  0	  0	  0	  0	  0	  0	  0	  0	  0	  0	  0	  0	  0	 36	 24	 43	 50	  0	 11	  0	  0	  0	  0	  0	  0	  0	  0	  0	  0	  0	  5	10260	  0
12/12/2016	15:55:58	  	L	00000000	 70	 48	 24	 15	  0	  0	  0	  4	  4	  4	  4	  4	  4	  4	  4	  0	  0	  0	  0	  0	  0	  0	  0	  0	  0	  0	  0	  0	  0	  0	  0	  0	  0	  0	  0	  0	  0	  0	  0	 37	 24	 39	 48	  0	 15	  0	  0	  0	  0	  0	  0	  0	  0	  0	  0	  0	  5	10260	  0
12/12/2016	16:00:58	  	L	00000000	 70	 47	 23	 15	  0	  0	  0	  4	  4	  4	  4	  4	  4	  4	  4	  0	  0	  0	  0	  0	  0	  0	  0	  0	  0	  0	  0	  0	  0	  0	  0	  0	  0	  0	  0	  0	  0	  0	  0	 35	 23	 43	 47	  0	 15	  0	  0	  0	  0	  0	  0	  0	  0	  0	  0	  0	  5	10260	  0
12/12/2016	16:05:58	  	L	00000000	 70	 45	 23	 15	  0	  0	  0	  4	  4	  4	  4	  4	  4	  4	  4	  0	  0	  0	  0	  0	  0	  0	  0	  0	  0	  0	  0	  0	  0	  0	  0	  0	  0	  0	  0	  0	  0	  0	  0	 35	 23	 43	 45	  0	 16	  0	  0	  0	  0	  0	  0	  0	  0	  0	  0	  0	  5	10260	  0
12/12/2016	16:10:58	  	L	00000000	 70	 45	 22	 14	  0	  0	  0	  4	  4	  4	  4	  4	  4	  4	  4	  0	  0	  0	  0	  0	  0	  0	  0	  0	  0	  0	  0	  0	  0	  0	  0	  0	  0	  0	  0	  0	  0	  0	  0	 34	 22	 43	 45	  0	 14	  0	  0	  0	  0	  0	  0	  0	  0	  0	  0	  0	  5	10260	  0
12/12/2016	16:15:58	  	L	00000000	 70	 44	 22	 15	  0	  0	  0	  4	  4	  4	  4	  4	  4	  4	  4	  0	  0	  0	  0	  0	  0	  0	  0	  0	  0	  0	  0	  0	  0	  0	  0	  0	  0	  0	  0	  0	  0	  0	  0	 34	 22	 43	 44	  0	 15	  0	  0	  0	  0	  0	  0	  0	  0	  0	  0	  0	  5	10260	  0
12/12/2016	16:20:58	  	L	00000000	 70	 45	 22	 14	  0	  0	  0	  4	  4	  4	  4	  4	  4	  4	  4	  0	  0	  0	  0	  0	  0	  0	  0	  0	  0	  0	  0	  0	  0	  0	  0	  0	  0	  0	  0	  0	  0	  0	  0	 33	 22	 45	 45	  0	 14	  0	  0	  0	  0	  0	  0	  0	  0	  0	  0	  0	  5	10260	  0
12/12/2016	16:25:58	  	L	00000000	 70	 43	 22	 17	  0	  0	  0	  4	  4	  4	  4	  4	  4	  4	  4	  0	  0	  0	  0	  0	  0	  0	  0	  0	  0	  0	  0	  0	  0	  0	  0	  0	  0	  0	  0	  0	  0	  0	  0	 34	 22	 43	 43	  0	 17	  0	  0	  0	  0	  0	  0	  0	  0	  0	  0	  0	  5	10260	  0
12/12/2016	16:30:58	  	L	00000000	 70	 42	 22	 21	  0	  0	  0	  4	  4	  4	  4	  4	  4	  4	  4	  0	  0	  0	  0	  0	  0	  0	  0	  0	  0	  0	  0	  0	  0	  0	  0	  0	  0	  0	  0	  0	  0	  0	  0	 35	 22	 38	 42	  0	 21	  0	  0	  0	  0	  0	  0	  0	  0	  0	  0	  0	  5	10260	  0
12/12/2016	16:35:58	  	L	00000000	 70	 42	 21	 17	  0	  0	  0	  4	  4	  4	  4	  4	  4	  4	  4	  0	  0	  0	  0	  0	  0	  0	  0	  0	  0	  0	  0	  0	  0	  0	  0	  0	  0	  0	  0	  0	  0	  0	  0	 33	 21	 42	 42	  0	 17	  0	  0	  0	  0	  0	  0	  0	  0	  0	  0	  0	  5	10260	  0
12/12/2016	16:40:58	  	L	00000000	 70	 42	 21	 17	  0	  0	  0	  4	  4	  4	  4	  4	  4	  4	  4	  0	  0	  0	  0	  0	  0	  0	  0	  0	  0	  0	  0	  0	  0	  0	  0	  0	  0	  0	  0	  0	  0	  0	  0	 33	 21	 42	 42	  0	 17	  0	  0	  0	  0	  0	  0	  0	  0	  0	  0	  0	  5	10260	  0
12/12/2016	16:45:58	  	L	00000000	 70	 41	 21	 20	  0	  0	  0	  4	  4	  4	  4	  4	  4	  4	  4	  0	  0	  0	  0	  0	  0	  0	  0	  0	  0	  0	  0	  0	  0	  0	  0	  0	  0	  0	  0	  0	  0	  0	  0	 35	 21	 36	 41	  0	 20	  0	  0	  0	  0	  0	  0	  0	  0	  0	  0	  0	  5	10260	  0
12/12/2016	16:50:58	  	L	00000000	 70	 42	 21	 17	  0	  0	  0	  4	  4	  4	  4	  4	  4	  4	  4	  0	  0	  0	  0	  0	  0	  0	  0	  0	  0	  0	  0	  0	  0	  0	  0	  0	  0	  0	  0	  0	  0	  0	  0	 33	 21	 42	 42	  0	 17	  0	  0	  0	  0	  0	  0	  0	  0	  0	  0	  0	  5	10260	  0
12/12/2016	16:55:58	  	L	00000000	 70	 41	 21	 17	  0	  0	  0	  4	  4	  4	  4	  4	  4	  4	  4	  0	  0	  0	  0	  0	  0	  0	  0	  0	  0	  0	  0	  0	  0	  0	  0	  0	  0	  0	  0	  0	  0	  0	  0	 32	 21	 45	 41	  0	 20	  0	  0	  0	  0	  0	  0	  0	  0	  0	  0	  0	  5	10260	  0
12/12/2016	17:00:58	  	L	00000000	 70	 40	 21	 22	  0	  0	  0	  4	  4	  4	  4	  4	  4	  4	  4	  0	  0	  0	  0	  0	  0	  0	  0	  0	  0	  0	  0	  0	  0	  0	  0	  0	  0	  0	  0	  0	  0	  0	  0	 35	 21	 36	 40	  0	 22	  0	  0	  0	  0	  0	  0	  0	  0	  0	  0	  0	  5	10260	  0
12/12/2016	17:05:58	  	L	00000000	 70	 40	 21	 22	  0	  0	  0	  4	  4	  4	  4	  4	  4	  4	  4	  0	  0	  0	  0	  0	  0	  0	  0	  0	  0	  0	  0	  0	  0	  0	  0	  0	  0	  0	  0	  0	  0	  0	  0	 35	 21	 36	 40	  0	 22	  0	  0	  0	  0	  0	  0	  0	  0	  0	  0	  0	  5	10260	  0
12/12/2016	17:10:58	  	L	00000000	 70	 40	 21	 22	  0	  0	  0	  4	  4	  4	  4	  4	  4	  4	  4	  0	  0	  0	  0	  0	  0	  0	  0	  0	  0	  0	  0	  0	  0	  0	  0	  0	  0	  0	  0	  0	  0	  0	  0	 34	 21	 38	 40	  0	 22	  0	  0	  0	  0	  0	  0	  0	  0	  0	  0	  0	  5	10260	  0
12/12/2016	17:15:58	  	L	00000000	 70	 40	 21	 22	  0	  0	  0	  4	  4	  4	  4	  4	  4	  4	  4	  0	  0	  0	  0	  0	  0	  0	  0	  0	  0	  0	  0	  0	  0	  0	  0	  0	  0	  0	  0	  0	  0	  0	  0	 33	 21	 42	 40	  0	 22	  0	  0	  0	  0	  0	  0	  0	  0	  0	  0	  0	  5	10260	  0
12/12/2016	17:20:58	  	L	00000000	 70	 39	 20	 22	  0	  0	  0	  4	  4	  4	  4	  4	  4	  4	  4	  0	  0	  0	  0	  0	  0	  0	  0	  0	  0	  0	  0	  0	  0	  0	  0	  0	  0	  0	  0	  0	  0	  0	  0	 32	 20	 42	 39	  0	 22	  0	  0	  0	  0	  0	  0	  0	  0	  0	  0	  0	  5	10260	  0
12/12/2016	17:25:58	  	L	00000000	 70	 40	 20	 20	  0	  0	  0	  4	  4	  4	  4	  4	  4	  4	  4	  0	  0	  0	  0	  0	  0	  0	  0	  0	  0	  0	  0	  0	  0	  0	  0	  0	  0	  0	  0	  0	  0	  0	  0	 32	 20	 42	 40	  0	 20	  0	  0	  0	  0	  0	  0	  0	  0	  0	  0	  0	  5	10260	  0
12/12/2016	17:30:58	  	L	00000000	 70	 39	 20	 22	  0	  0	  0	  4	  4	  4	  4	  4	  4	  4	  4	  0	  0	  0	  0	  0	  0	  0	  0	  0	  0	  0	  0	  0	  0	  0	  0	  0	  0	  0	  0	  0	  0	  0	  0	 33	 20	 37	 39	  0	 22	  0	  0	  0	  0	  0	  0	  0	  0	  0	  0	  0	  5	10260	  0
12/12/2016	17:35:58	  	L	00000000	 70	 39	 21	 25	  0	  0	  0	  4	  4	  4	  4	  4	  4	  4	  4	  0	  0	  0	  0	  0	  0	  0	  0	  0	  0	  0	  0	  0	  0	  0	  0	  0	  0	  0	  0	  0	  0	  0	  0	 35	 21	 36	 39	  0	 25	  0	  0	  0	  0	  0	  0	  0	  0	  0	  0	  0	  5	10260	  0
12/12/2016	17:40:58	  	L	00000000	 70	 39	 21	 25	  0	  0	  0	  4	  4	  4	  4	  4	  4	  4	  4	  0	  0	  0	  0	  0	  0	  0	  0	  0	  0	  0	  0	  0	  0	  0	  0	  0	  0	  0	  0	  0	  0	  0	  0	 33	 21	 42	 39	  0	 25	  0	  0	  0	  0	  0	  0	  0	  0	  0	  0	  0	  5	10260	  0
12/12/2016	17:45:58	  	L	00000000	 70	 39	 20	 25	  0	  0	  0	  4	  4	  4	  4	  4	  4	  4	  4	  0	  0	  0	  0	  0	  0	  0	  0	  0	  0	  0	  0	  0	  0	  0	  0	  0	  0	  0	  0	  0	  0	  0	  0	 33	 20	 37	 39	  0	 22	  0	  0	  0	  0	  0	  0	  0	  0	  0	  0	  0	  5	10260	  0
12/12/2016	17:50:58	  	L	00000000	 70	 35	 19	 26	  0	  0	  0	  4	  4	  4	  4	  4	  4	  4	  4	  0	  0	  0	  0	  0	  0	  0	  0	  0	  0	  0	  0	  0	  0	  0	  0	  0	  0	  0	  0	  0	  0	  0	  0	 29	 19	 49	 35	  0	 29	  0	  0	  0	  0	  0	  0	  0	  0	  0	  0	  0	  5	10260	  0
12/12/2016	17:55:58	  	L	00000000	 70	 34	 19	 33	  0	  0	  0	  4	  4	  4	  4	  4	  4	  4	  4	  0	  0	  0	  0	  0	  0	  0	  0	  0	  0	  0	  0	  0	  0	  0	  0	  0	  0	  0	  0	  0	  0	  0	  0	 29	 19	 49	 34	  0	 33	  0	  0	  0	  0	  0	  0	  0	  0	  0	  0	  0	  5	10260	  0
12/12/2016	18:00:58	  	L	00000000	 70	 32	 19	 37	  0	  0	  0	  4	  4	  4	  4	  4	  4	  4	  4	  0	  0	  0	  0	  0	  0	  0	  0	  0	  0	  0	  0	  0	  0	  0	  0	  0	  0	  0	  0	  0	  0	  0	  0	 30	 19	 44	 32	  0	 37	  0	  0	  0	  0	  0	  0	  0	  0	  0	  0	  0	  5	10260	  0
12/12/2016	18:05:58	  	L	00000000	 70	 32	 18	 35	  0	  0	  0	  4	  4	  4	  4	  4	  4	  4	  4	  0	  0	  0	  0	  0	  0	  0	  0	  0	  0	  0	  0	  0	  0	  0	  0	  0	  0	  0	  0	  0	  0	  0	  0	 28	 18	 48	 32	  0	 35	  0	  0	  0	  0	  0	  0	  0	  0	  0	  0	  0	  5	10260	  0
12/12/2016	18:10:58	  	L	00000000	 70	 32	 18	 35	  0	  0	  0	  4	  4	  4	  4	  4	  4	  4	  4	  0	  0	  0	  0	  0	  0	  0	  0	  0	  0	  0	  0	  0	  0	  0	  0	  0	  0	  0	  0	  0	  0	  0	  0	 28	 18	 48	 32	  0	 35	  0	  0	  0	  0	  0	  0	  0	  0	  0	  0	  0	  5	10260	  0
12/12/2016	18:15:58	  	L	00000000	 70	 32	 18	 35	  0	  0	  0	  4	  4	  4	  4	  4	  4	  4	  4	  0	  0	  0	  0	  0	  0	  0	  0	  0	  0	  0	  0	  0	  0	  0	  0	  0	  0	  0	  0	  0	  0	  0	  0	 27	 18	 52	 32	  0	 35	  0	  0	  0	  0	  0	  0	  0	  0	  0	  0	  0	  5	10260	  0
12/12/2016	18:20:58	  	L	00000000	 70	 31	 18	 37	  0	  0	  0	  4	  4	  4	  4	  4	  4	  4	  4	  0	  0	  0	  0	  0	  0	  0	  0	  0	  0	  0	  0	  0	  0	  0	  0	  0	  0	  0	  0	  0	  0	  0	  0	 27	 18	 52	 31	  0	 37	  0	  0	  0	  0	  0	  0	  0	  0	  0	  0	  0	  5	10260	  0
12/12/2016	18:25:58	  	L	00000000	 70	 31	 18	 37	  0	  0	  0	  4	  4	  4	  4	  4	  4	  4	  4	  0	  0	  0	  0	  0	  0	  0	  0	  0	  0	  0	  0	  0	  0	  0	  0	  0	  0	  0	  0	  0	  0	  0	  0	 27	 18	 52	 31	  0	 37	  0	  0	  0	  0	  0	  0	  0	  0	  0	  0	  0	  5	10260	  0
12/12/2016	18:30:58	  	L	00000000	 70	 31	 18	 37	  0	  0	  0	  4	  4	  4	  4	  4	  4	  4	  4	  0	  0	  0	  0	  0	  0	  0	  0	  0	  0	  0	  0	  0	  0	  0	  0	  0	  0	  0	  0	  0	  0	  0	  0	 27	 18	 52	 31	  0	 37	  0	  0	  0	  0	  0	  0	  0	  0	  0	  0	  0	  5	10260	  0
12/12/2016	18:35:58	  	L	00000000	 70	 30	 18	 41	  0	  0	  0	  4	  4	  4	  4	  4	  4	  4	  4	  0	  0	  0	  0	  0	  0	  0	  0	  0	  0	  0	  0	  0	  0	  0	  0	  0	  0	  0	  0	  0	  0	  0	  0	 28	 18	 48	 30	  0	 41	  0	  0	  0	  0	  0	  0	  0	  0	  0	  0	  0	  5	10260	  0
12/12/2016	18:40:58	  	L	00000000	 70	 30	 17	 36	  0	  0	  0	  4	  4	  4	  4	  4	  4	  4	  4	  0	  0	  0	  0	  0	  0	  0	  0	  0	  0	  0	  0	  0	  0	  0	  0	  0	  0	  0	  0	  0	  0	  0	  0	 27	 17	 48	 30	  0	 36	  0	  0	  0	  0	  0	  0	  0	  0	  0	  0	  0	  5	10260	  0
12/12/2016	18:45:58	  	L	00000000	 70	 30	 17	 36	  0	  0	  0	  4	  4	  4	  4	  4	  4	  4	  4	  0	  0	  0	  0	  0	  0	  0	  0	  0	  0	  0	  0	  0	  0	  0	  0	  0	  0	  0	  0	  0	  0	  0	  0	 26	 17	 52	 30	  0	 36	  0	  0	  0	  0	  0	  0	  0	  0	  0	  0	  0	  5	10260	  0
12/12/2016	18:50:58	  	L	00000000	 70	 30	 17	 36	  0	  0	  0	  4	  4	  4	  4	  4	  4	  4	  4	  0	  0	  0	  0	  0	  0	  0	  0	  0	  0	  0	  0	  0	  0	  0	  0	  0	  0	  0	  0	  0	  0	  0	  0	 26	 17	 52	 30	  0	 36	  0	  0	  0	  0	  0	  0	  0	  0	  0	  0	  0	  5	10260	  0
12/12/2016	18:55:58	  	L	00000000	 70	 29	 17	 41	  0	  0	  0	  4	  4	  4	  4	  4	  4	  4	  4	  0	  0	  0	  0	  0	  0	  0	  0	  0	  0	  0	  0	  0	  0	  0	  0	  0	  0	  0	  0	  0	  0	  0	  0	 25	 17	 55	 29	  0	 41	  0	  0	  0	  0	  0	  0	  0	  0	  0	  0	  0	  5	10260	  0
12/12/2016	19:00:58	  	L	00000000	 70	 29	 17	 41	  0	  0	  0	  4	  4	  4	  4	  4	  4	  4	  4	  0	  0	  0	  0	  0	  0	  0	  0	  0	  0	  0	  0	  0	  0	  0	  0	  0	  0	  0	  0	  0	  0	  0	  0	 25	 17	 55	 29	  0	 41	  0	  0	  0	  0	  0	  0	  0	  0	  0	  0	  0	  5	10260	  0
12/12/2016	19:05:58	  	L	00000000	 70	 29	 16	 36	  0	  0	  0	  4	  4	  4	  4	  4	  4	  4	  4	  0	  0	  0	  0	  0	  0	  0	  0	  0	  0	  0	  0	  0	  0	  0	  0	  0	  0	  0	  0	  0	  0	  0	  0	 25	 16	 51	 29	  0	 36	  0	  0	  0	  0	  0	  0	  0	  0	  0	  0	  0	  5	10260	  0
12/12/2016	19:10:58	  	L	00000000	 70	 28	 17	 41	  0	  0	  0	  4	  4	  4	  4	  4	  4	  4	  4	  0	  0	  0	  0	  0	  0	  0	  0	  0	  0	  0	  0	  0	  0	  0	  0	  0	  0	  0	  0	  0	  0	  0	  0	 25	 17	 55	 28	  0	 44	  0	  0	  0	  0	  0	  0	  0	  0	  0	  0	  0	  5	10260	  0
12/12/2016	19:15:58	  	L	00000000	 70	 28	 16	 41	  0	  0	  0	  4	  4	  4	  4	  4	  4	  4	  4	  0	  0	  0	  0	  0	  0	  0	  0	  0	  0	  0	  0	  0	  0	  0	  0	  0	  0	  0	  0	  0	  0	  0	  0	 25	 16	 51	 28	  0	 41	  0	  0	  0	  0	  0	  0	  0	  0	  0	  0	  0	  5	10260	  0
12/12/2016	19:20:58	  	L	00000000	 70	 28	 16	 41	  0	  0	  0	  4	  4	  4	  4	  4	  4	  4	  4	  0	  0	  0	  0	  0	  0	  0	  0	  0	  0	  0	  0	  0	  0	  0	  0	  0	  0	  0	  0	  0	  0	  0	  0	 24	 16	 55	 28	  0	 41	  0	  0	  0	  0	  0	  0	  0	  0	  0	  0	  0	  5	10260	  0
12/12/2016	19:25:58	  	L	00000000	 70	 28	 16	 41	  0	  0	  0	  4	  4	  4	  4	  4	  4	  4	  4	  0	  0	  0	  0	  0	  0	  0	  0	  0	  0	  0	  0	  0	  0	  0	  0	  0	  0	  0	  0	  0	  0	  0	  0	 24	 16	 55	 28	  0	 41	  0	  0	  0	  0	  0	  0	  0	  0	  0	  0	  0	  5	10260	  0
12/12/2016	19:30:58	  	L	00000000	 70	 28	 16	 41	  0	  0	  0	  4	  4	  4	  4	  4	  4	  4	  4	  0	  0	  0	  0	  0	  0	  0	  0	  0	  0	  0	  0	  0	  0	  0	  0	  0	  0	  0	  0	  0	  0	  0	  0	 25	 16	 51	 28	  0	 41	  0	  0	  0	  0	  0	  0	  0	  0	  0	  0	  0	  5	10260	  0
12/12/2016	19:35:58	  	L	00000000	 70	 28	 15	 36	  0	  0	  0	  4	  4	  4	  4	  4	  4	  4	  4	  0	  0	  0	  0	  0	  0	  0	  0	  0	  0	  0	  0	  0	  0	  0	  0	  0	  0	  0	  0	  0	  0	  0	  0	 24	 15	 51	 28	  0	 36	  0	  0	  0	  0	  0	  0	  0	  0	  0	  0	  0	  5	10260	  0
12/12/2016	19:40:58	  	L	00000000	 70	 28	 15	 36	  0	  0	  0	  4	  4	  4	  4	  4	  4	  4	  4	  0	  0	  0	  0	  0	  0	  0	  0	  0	  0	  0	  0	  0	  0	  0	  0	  0	  0	  0	  0	  0	  0	  0	  0	 24	 15	 51	 28	  0	 36	  0	  0	  0	  0	  0	  0	  0	  0	  0	  0	  0	  5	10260	  0
12/12/2016	19:45:58	  	L	00000000	 70	 27	 15	 40	  0	  0	  0	  4	  4	  4	  4	  4	  4	  4	  4	  0	  0	  0	  0	  0	  0	  0	  0	  0	  0	  0	  0	  0	  0	  0	  0	  0	  0	  0	  0	  0	  0	  0	  0	 24	 15	 51	 27	  0	 40	  0	  0	  0	  0	  0	  0	  0	  0	  0	  0	  0	  5	10260	  0
12/12/2016	19:50:58	  	L	00000000	 70	 28	 15	 36	  0	  0	  0	  4	  4	  4	  4	  4	  4	  4	  4	  0	  0	  0	  0	  0	  0	  0	  0	  0	  0	  0	  0	  0	  0	  0	  0	  0	  0	  0	  0	  0	  0	  0	  0	 23	 15	 55	 28	  0	 36	  0	  0	  0	  0	  0	  0	  0	  0	  0	  0	  0	  5	10260	  0
12/12/2016	19:55:58	  	L	00000000	 70	 27	 15	 40	  0	  0	  0	  4	  4	  4	  4	  4	  4	  4	  4	  0	  0	  0	  0	  0	  0	  0	  0	  0	  0	  0	  0	  0	  0	  0	  0	  0	  0	  0	  0	  0	  0	  0	  0	 24	 15	 51	 27	  0	 40	  0	  0	  0	  0	  0	  0	  0	  0	  0	  0	  0	  5	10260	  0
