22/04/2016	15:04:29	->	L	00000000	 30	 84	 57	 27	  0	 97	  0	  4	  4	  4	  4	  4	  4	  4	  4	  0	  0	  0	  0	  0	  0	  0	  0	  0	  0	  0	  0	  0	  0	  0	  0	  0	  0	  0	  0	  0	  0	  0	  0	 77	 57	 36	 84	  0	 27	  0	  0	  0	  0	  0	  0	  0	  0	  0	  0	  0	  5	20540	  1
22/04/2016	15:09:29	->	L	00000000	 30	 80	 57	 30	  0	102	  0	  4	  4	  4	  4	  4	  4	  4	  4	  0	  0	  0	  0	  0	  0	  0	  0	  0	  0	  0	  0	  0	  0	  0	  0	  0	  0	  0	  0	  0	  0	  0	  0	 76	 57	 38	 80	  0	 30	  0	  0	  0	  0	  0	  0	  0	  0	  0	  0	  0	  5	20540	  1
22/04/2016	15:14:29	->	L	00000000	 30	 81	 57	 29	  0	107	  0	  4	  4	  4	  4	  4	  4	  4	  4	  0	  0	  0	  0	  0	  0	  0	  0	  0	  0	  0	  0	  0	  0	  0	  0	  0	  0	  0	  0	  0	  0	  0	  0	 77	 57	 36	 81	  0	 31	  0	  0	  0	  0	  0	  0	  0	  0	  0	  0	  0	  5	20540	  1
22/04/2016	15:19:29	->	L	00000000	 30	 84	 58	 29	  0	112	  0	  4	  4	  4	  4	  4	  4	  4	  4	  0	  0	  0	  0	  0	  0	  0	  0	  0	  0	  0	  0	  0	  0	  0	  0	  0	  0	  0	  0	  0	  0	  0	  0	 77	 58	 38	 84	  0	 29	  0	  0	  0	  0	  0	  0	  0	  0	  0	  0	  0	  5	20540	  1
22/04/2016	15:24:30	->	L	00000000	 30	 80	 58	 33	  0	117	  0	  4	  4	  4	  4	  4	  4	  4	  4	  0	  0	  0	  0	  0	  0	  0	  0	  0	  0	  0	  0	  0	  0	  0	  0	  0	  0	  0	  0	  0	  0	  0	  0	 76	 58	 41	 80	  0	 33	  0	  0	  0	  0	  0	  0	  0	  0	  0	  0	  0	  5	20540	  1
22/04/2016	15:29:29	->	L	00000000	 40	 78	 55	 30	  0	  2	  0	  4	  4	  4	  4	  4	  4	  4	  4	  0	  0	  0	  0	  0	  0	  0	  0	  0	  0	  0	  0	  0	  0	  0	  0	  0	  0	  0	  0	  0	  0	  0	  0	 74	 55	 37	 78	  0	 29	  0	  0	  0	  0	  0	  0	  0	  0	  0	  0	  0	  5	15400	  1
22/04/2016	15:34:29	->	L	00000000	 40	 72	 49	 27	  0	  7	  0	  4	  4	  4	  4	  4	  4	  4	  4	  0	  0	  0	  0	  0	  0	  0	  0	  0	  0	  0	  0	  0	  0	  0	  0	  0	  0	  0	  0	  0	  0	  0	  0	 69	 49	 33	 72	  0	 27	  0	  0	  0	  0	  0	  0	  0	  0	  0	  0	  0	  5	15400	  1
22/04/2016	15:39:29	->	L	00000000	 40	 70	 46	 25	  0	 12	  0	  4	  4	  4	  4	  4	  4	  4	  4	  0	  0	  0	  0	  0	  0	  0	  0	  0	  0	  0	  0	  0	  0	  0	  0	  0	  0	  0	  0	  0	  0	  0	  0	 67	 46	 28	 70	  0	 25	  0	  0	  0	  0	  0	  0	  0	  0	  0	  0	  0	  5	15400	  1
22/04/2016	15:44:29	->	L	00000000	 40	 68	 44	 25	  0	 17	  0	  4	  4	  4	  4	  4	  4	  4	  4	  0	  0	  0	  0	  0	  0	  0	  0	  0	  0	  0	  0	  0	  0	  0	  0	  0	  0	  0	  0	  0	  0	  0	  0	 66	 44	 26	 67	  0	 25	  0	  0	  0	  0	  0	  0	  0	  0	  0	  0	  0	  5	15400	  1
22/04/2016	15:49:29	->	L	00000000	 40	 66	 43	 24	  0	 22	  0	  4	  4	  4	  4	  4	  4	  4	  4	  0	  0	  0	  0	  0	  0	  0	  0	  0	  0	  0	  0	  0	  0	  0	  0	  0	  0	  0	  0	  0	  0	  0	  0	 65	 43	 26	 66	  0	 24	  0	  0	  0	  0	  0	  0	  0	  0	  0	  0	  0	  5	15400	  0
22/04/2016	15:54:29	->	L	00000000	 40	 65	 41	 23	  0	 27	  0	  4	  4	  4	  4	  4	  4	  4	  4	  0	  0	  0	  0	  0	  0	  0	  0	  0	  0	  0	  0	  0	  0	  0	  0	  0	  0	  0	  0	  0	  0	  0	  0	 63	 41	 25	 65	  0	 23	  0	  0	  0	  0	  0	  0	  0	  0	  0	  0	  0	  5	15400	  0
22/04/2016	15:59:29	->	L	00000000	 40	 64	 40	 23	  0	 32	  0	  4	  4	  4	  4	  4	  4	  4	  4	  0	  0	  0	  0	  0	  0	  0	  0	  0	  0	  0	  0	  0	  0	  0	  0	  0	  0	  0	  0	  0	  0	  0	  0	 62	 40	 24	 64	  0	 23	  0	  0	  0	  0	  0	  0	  0	  0	  0	  0	  0	  5	15400	  0
22/04/2016	16:04:29	->	L	00000000	 40	 63	 41	 23	  0	 37	  0	  4	  4	  4	  4	  4	  4	  4	  4	  0	  0	  0	  0	  0	  0	  0	  0	  0	  0	  0	  0	  0	  0	  0	  0	  0	  0	  0	  0	  0	  0	  0	  0	 62	 41	 26	 63	  0	 25	  0	  0	  0	  0	  0	  0	  0	  0	  0	  0	  0	  5	15400	  0
22/04/2016	16:09:29	->	L	00000000	 40	 63	 41	 25	  0	 42	  0	  4	  4	  4	  4	  4	  4	  4	  4	  0	  0	  0	  0	  0	  0	  0	  0	  0	  0	  0	  0	  0	  0	  0	  0	  0	  0	  0	  0	  0	  0	  0	  0	 62	 41	 26	 63	  0	 25	  0	  0	  0	  0	  0	  0	  0	  0	  0	  0	  0	  5	15400	  0
22/04/2016	16:14:29	->	L	00000000	 40	 63	 41	 22	  0	 47	  0	  4	  4	  4	  4	  4	  4	  4	  4	  0	  0	  0	  0	  0	  0	  0	  0	  0	  0	  0	  0	  0	  0	  0	  0	  0	  0	  0	  0	  0	  0	  0	  0	 62	 41	 26	 63	  0	 25	  0	  0	  0	  0	  0	  0	  0	  0	  0	  0	  0	  5	15400	  0
22/04/2016	16:19:29	->	L	00000000	 40	 62	 40	 24	  0	 52	  0	  4	  4	  4	  4	  4	  4	  4	  4	  0	  0	  0	  0	  0	  0	  0	  0	  0	  0	  0	  0	  0	  0	  0	  0	  0	  0	  0	  0	  0	  0	  0	  0	 61	 40	 25	 62	  0	 24	  0	  0	  0	  0	  0	  0	  0	  0	  0	  0	  0	  5	15400	  0
22/04/2016	16:24:29	->	L	00000000	 40	 62	 41	 26	  0	 57	  0	  4	  4	  4	  4	  4	  4	  4	  4	  0	  0	  0	  0	  0	  0	  0	  0	  0	  0	  0	  0	  0	  0	  0	  0	  0	  0	  0	  0	  0	  0	  0	  0	 61	 41	 29	 62	  0	 26	  0	  0	  0	  0	  0	  0	  0	  0	  0	  0	  0	  5	15400	  0
22/04/2016	16:29:29	<-	L	00000000	 50	 62	 41	 26	  0	  2	  0	  4	  4	  4	  4	  4	  4	  4	  4	  0	  0	  0	  0	  0	  0	  0	  0	  0	  0	  0	  0	  0	  0	  0	  0	  0	  0	  0	  0	  0	  0	  0	  0	 61	 41	 29	 62	  0	 26	  0	  0	  0	  0	  0	  0	  0	  0	  0	  0	  0	  5	15919	  0
22/04/2016	16:34:29	<-	L	00000000	 50	 64	 42	 27	  0	  7	  0	  4	  4	  4	  4	  4	  4	  4	  4	  0	  0	  0	  0	  0	  0	  0	  0	  0	  0	  0	  0	  0	  0	  0	  0	  0	  0	  0	  0	  0	  0	  0	  0	 64	 42	 25	 63	  0	 26	  0	  0	  0	  0	  0	  0	  0	  0	  0	  0	  0	  5	15405	  0
22/04/2016	16:39:29	<-	L	00000000	 50	 63	 43	 30	  0	 12	  0	  4	  4	  4	  4	  4	  4	  4	  4	  0	  0	  0	  0	  0	  0	  0	  0	  0	  0	  0	  0	  0	  0	  0	  0	  0	  0	  0	  0	  0	  0	  0	  0	 63	 43	 30	 63	  0	 30	  0	  0	  0	  0	  0	  0	  0	  0	  0	  0	  0	  5	14891	  0
22/04/2016	16:44:29	<-	L	00000000	 50	 63	 42	 26	  0	 17	  0	  4	  4	  4	  4	  4	  4	  4	  4	  0	  0	  0	  0	  0	  0	  0	  0	  0	  0	  0	  0	  0	  0	  0	  0	  0	  0	  0	  0	  0	  0	  0	  0	 63	 42	 26	 62	  0	 30	  0	  0	  0	  0	  0	  0	  0	  0	  0	  0	  0	  5	14377	  0
22/04/2016	16:49:29	<-	L	00000000	 50	 61	 40	 25	  0	 22	  0	  4	  4	  4	  4	  4	  4	  4	  4	  0	  0	  0	  0	  0	  0	  0	  0	  0	  0	  0	  0	  0	  0	  0	  0	  0	  0	  0	  0	  0	  0	  0	  0	 61	 40	 25	 60	  0	 29	  0	  0	  0	  0	  0	  0	  0	  0	  0	  0	  0	  5	13863	  0
22/04/2016	16:54:29	<-	L	00000000	 50	 59	 39	 28	  0	 27	  0	  4	  4	  4	  4	  4	  4	  4	  4	  0	  0	  0	  0	  0	  0	  0	  0	  0	  0	  0	  0	  0	  0	  0	  0	  0	  0	  0	  0	  0	  0	  0	  0	 59	 39	 28	 58	  0	 30	  0	  0	  0	  0	  0	  0	  0	  0	  0	  0	  0	  5	13606	  0
