13/12/2016	13:35:58	->	L	00000000	 10	 20	 15	 73	  0	  3	  0	  5	  5	  5	  5	  5	  5	  5	  5	  0	  0	  0	  0	  0	  0	  0	  0	  0	  0	  0	  0	  0	  0	  0	  0	  0	  0	  0	  0	  0	  0	  0	  0	 20	 15	 73	 18	  0	 81	  0	  0	  0	  0	  0	  0	  0	  0	  0	  0	  0	  5	5135	  1
13/12/2016	13:40:58	->	L	00000000	 10	 23	 15	 55	  0	  8	  0	  4	  4	  4	  4	  4	  4	  4	  4	  0	  0	  0	  0	  0	  0	  0	  0	  0	  0	  0	  0	  0	  0	  0	  0	  0	  0	  0	  0	  0	  0	  0	  0	 22	 15	 59	 23	  0	 55	  0	  0	  0	  0	  0	  0	  0	  0	  0	  0	  0	  5	5392	  1
13/12/2016	13:45:58	->	L	00000000	 10	 27	 15	 43	  0	 13	  0	  4	  4	  4	  4	  4	  4	  4	  4	  0	  0	  0	  0	  0	  0	  0	  0	  0	  0	  0	  0	  0	  0	  0	  0	  0	  0	  0	  0	  0	  0	  0	  0	 22	 15	 59	 27	  0	 40	  0	  0	  0	  0	  0	  0	  0	  0	  0	  0	  0	  5	5649	  1
13/12/2016	13:50:58	->	L	00000000	 10	 22	 16	 59	  0	 18	  0	  4	  4	  4	  4	  4	  4	  4	  4	  0	  0	  0	  0	  0	  0	  0	  0	  0	  0	  0	  0	  0	  0	  0	  0	  0	  0	  0	  0	  0	  0	  0	  0	 22	 16	 65	 21	  0	 73	  0	  0	  0	  0	  0	  0	  0	  0	  0	  0	  0	  5	5906	  1
13/12/2016	13:55:58	->	L	00000000	 10	 24	 17	 60	  0	 23	  0	  4	  4	  4	  4	  4	  4	  4	  4	  0	  0	  0	  0	  0	  0	  0	  0	  0	  0	  0	  0	  0	  0	  0	  0	  0	  0	  0	  0	  0	  0	  0	  0	 23	 17	 65	 24	  0	 60	  0	  0	  0	  0	  0	  0	  0	  0	  0	  0	  0	  5	5906	  1
13/12/2016	14:00:58	->	L	00000000	 10	 27	 18	 52	  0	 28	  0	  4	  4	  4	  4	  4	  4	  4	  4	  0	  0	  0	  0	  0	  0	  0	  0	  0	  0	  0	  0	  0	  0	  0	  0	  0	  0	  0	  0	  0	  0	  0	  0	 25	 18	 60	 27	  0	 52	  0	  0	  0	  0	  0	  0	  0	  0	  0	  0	  0	  5	6163	  1
13/12/2016	14:05:58	->	L	00000000	 10	 29	 19	 49	  0	 33	  0	  4	  4	  4	  4	  4	  4	  4	  4	  0	  0	  0	  0	  0	  0	  0	  0	  0	  0	  0	  0	  0	  0	  0	  0	  0	  0	  0	  0	  0	  0	  0	  0	 26	 19	 60	 29	  0	 49	  0	  0	  0	  0	  0	  0	  0	  0	  0	  0	  0	  5	6420	  1
13/12/2016	14:10:58	->	L	00000000	 10	 31	 20	 45	  0	 38	  0	  4	  4	  4	  4	  4	  4	  4	  4	  0	  0	  0	  0	  0	  0	  0	  0	  0	  0	  0	  0	  0	  0	  0	  0	  0	  0	  0	  0	  0	  0	  0	  0	 27	 20	 60	 31	  0	 45	  0	  0	  0	  0	  0	  0	  0	  0	  0	  0	  0	  5	6677	  1
13/12/2016	14:15:58	->	L	00000000	 10	 31	 20	 53	  0	 43	  0	  4	  4	  4	  4	  4	  4	  4	  4	  0	  0	  0	  0	  0	  0	  0	  0	  0	  0	  0	  0	  0	  0	  0	  0	  0	  0	  0	  0	  0	  0	  0	  0	 27	 20	 60	 31	  0	 45	  0	  0	  0	  0	  0	  0	  0	  0	  0	  0	  0	  5	6934	  1
13/12/2016	14:20:58	->	L	00000000	 10	 27	 21	 66	  0	 48	  0	  4	  4	  4	  4	  4	  4	  4	  4	  0	  0	  0	  0	  0	  0	  0	  0	  0	  0	  0	  0	  0	  0	  0	  0	  0	  0	  0	  0	  0	  0	  0	  0	 26	 21	 73	 27	  0	 66	  0	  0	  0	  0	  0	  0	  0	  0	  0	  0	  0	  5	7191	  1
13/12/2016	14:25:58	->	L	00000000	 10	 29	 22	 61	  0	 53	  0	  4	  4	  4	  4	  4	  4	  4	  4	  0	  0	  0	  0	  0	  0	  0	  0	  0	  0	  0	  0	  0	  0	  0	  0	  0	  0	  0	  0	  0	  0	  0	  0	 28	 22	 66	 29	  0	 61	  0	  0	  0	  0	  0	  0	  0	  0	  0	  0	  0	  5	7191	  1
13/12/2016	14:30:58	->	L	00000000	 10	 31	 23	 53	  0	 58	  0	  4	  4	  4	  4	  4	  4	  4	  4	  0	  0	  0	  0	  0	  0	  0	  0	  0	  0	  0	  0	  0	  0	  0	  0	  0	  0	  0	  0	  0	  0	  0	  0	 29	 23	 66	 31	  0	 57	  0	  0	  0	  0	  0	  0	  0	  0	  0	  0	  0	  5	7448	  1
13/12/2016	14:35:58	->	L	00000000	 10	 33	 24	 50	  0	 63	  0	  4	  4	  4	  4	  4	  4	  4	  4	  0	  0	  0	  0	  0	  0	  0	  0	  0	  0	  0	  0	  0	  0	  0	  0	  0	  0	  0	  0	  0	  0	  0	  0	 30	 24	 66	 33	  0	 54	  0	  0	  0	  0	  0	  0	  0	  0	  0	  0	  0	  5	7705	  1
13/12/2016	14:40:58	->	L	00000000	 10	 36	 25	 43	  0	 68	  0	  4	  4	  4	  4	  4	  4	  4	  4	  0	  0	  0	  0	  0	  0	  0	  0	  0	  0	  0	  0	  0	  0	  0	  0	  0	  0	  0	  0	  0	  0	  0	  0	 31	 25	 66	 36	  0	 46	  0	  0	  0	  0	  0	  0	  0	  0	  0	  0	  0	  5	7962	  1
13/12/2016	14:45:59	->	L	00000000	 10	 35	 25	 54	  0	 73	  0	  4	  4	  4	  4	  4	  4	  4	  4	  0	  0	  0	  0	  0	  0	  0	  0	  0	  0	  0	  0	  0	  0	  0	  0	  0	  0	  0	  0	  0	  0	  0	  0	 31	 25	 66	 35	  0	 50	  0	  0	  0	  0	  0	  0	  0	  0	  0	  0	  0	  5	8219	  1
13/12/2016	14:50:59	->	L	00000000	 10	 31	 25	 62	  0	 78	  0	  4	  4	  4	  4	  4	  4	  4	  4	  0	  0	  0	  0	  0	  0	  0	  0	  0	  0	  0	  0	  0	  0	  0	  0	  0	  0	  0	  0	  0	  0	  0	  0	 30	 25	 74	 31	  0	 66	  0	  0	  0	  0	  0	  0	  0	  0	  0	  0	  0	  5	8476	  1
13/12/2016	14:55:59	->	L	00000000	 10	 33	 26	 62	  0	 83	  0	  4	  4	  4	  4	  4	  4	  4	  4	  0	  0	  0	  0	  0	  0	  0	  0	  0	  0	  0	  0	  0	  0	  0	  0	  0	  0	  0	  0	  0	  0	  0	  0	 31	 26	 74	 33	  0	 62	  0	  0	  0	  0	  0	  0	  0	  0	  0	  0	  0	  5	8476	  1
13/12/2016	15:00:59	->	L	00000000	 10	 36	 27	 55	  0	 88	  0	  4	  4	  4	  4	  4	  4	  4	  4	  0	  0	  0	  0	  0	  0	  0	  0	  0	  0	  0	  0	  0	  0	  0	  0	  0	  0	  0	  0	  0	  0	  0	  0	 33	 27	 67	 36	  0	 55	  0	  0	  0	  0	  0	  0	  0	  0	  0	  0	  0	  5	8733	  1
13/12/2016	15:05:59	->	L	00000000	 10	 37	 28	 55	  0	 93	  0	  4	  4	  4	  4	  4	  4	  4	  4	  0	  0	  0	  0	  0	  0	  0	  0	  0	  0	  0	  0	  0	  0	  0	  0	  0	  0	  0	  0	  0	  0	  0	  0	 34	 28	 67	 37	  0	 55	  0	  0	  0	  0	  0	  0	  0	  0	  0	  0	  0	  5	8990	  1
13/12/2016	15:10:59	->	L	00000000	 10	 40	 28	 40	  0	 98	  0	  4	  4	  4	  4	  4	  4	  4	  4	  0	  0	  0	  0	  0	  0	  0	  0	  0	  0	  0	  0	  0	  0	  0	  0	  0	  0	  0	  0	  0	  0	  0	  0	 36	 28	 58	 40	  0	 45	  0	  0	  0	  0	  0	  0	  0	  0	  0	  0	  0	  5	9247	  1
13/12/2016	15:15:59	->	L	00000000	 10	 41	 29	 51	  0	103	  0	  4	  4	  4	  4	  4	  4	  4	  4	  0	  0	  0	  0	  0	  0	  0	  0	  0	  0	  0	  0	  0	  0	  0	  0	  0	  0	  0	  0	  0	  0	  0	  0	 36	 29	 63	 41	  0	 45	  0	  0	  0	  0	  0	  0	  0	  0	  0	  0	  0	  5	9504	  1
13/12/2016	15:20:59	->	L	00000000	 10	 38	 29	 59	  0	108	  0	  4	  4	  4	  4	  4	  4	  4	  4	  0	  0	  0	  0	  0	  0	  0	  0	  0	  0	  0	  0	  0	  0	  0	  0	  0	  0	  0	  0	  0	  0	  0	  0	 35	 29	 67	 38	  0	 55	  0	  0	  0	  0	  0	  0	  0	  0	  0	  0	  0	  5	9761	  1
13/12/2016	15:25:59	->	L	00000000	 10	 38	 29	 59	  0	113	  0	  4	  4	  4	  4	  4	  4	  4	  4	  0	  0	  0	  0	  0	  0	  0	  0	  0	  0	  0	  0	  0	  0	  0	  0	  0	  0	  0	  0	  0	  0	  0	  0	 35	 29	 67	 38	  0	 55	  0	  0	  0	  0	  0	  0	  0	  0	  0	  0	  0	  5	9761	  1
13/12/2016	15:30:59	->	L	00000000	 10	 41	 30	 48	  0	118	  0	  4	  4	  4	  4	  4	  4	  4	  4	  0	  0	  0	  0	  0	  0	  0	  0	  0	  0	  0	  0	  0	  0	  0	  0	  0	  0	  0	  0	  0	  0	  0	  0	 37	 30	 63	 41	  0	 48	  0	  0	  0	  0	  0	  0	  0	  0	  0	  0	  0	  5	10018	  1
13/12/2016	15:36:01	->	L	00000000	 10	 42	 31	 46	  0	123	  0	  4	  4	  4	  4	  4	  4	  4	  4	  0	  0	  0	  0	  0	  0	  0	  0	  0	  0	  0	  0	  0	  0	  0	  0	  0	  0	  0	  0	  0	  0	  0	  0	 38	 31	 63	 42	  0	 48	  0	  0	  0	  0	  0	  0	  0	  0	  0	  0	  0	  5	10275	  1
13/12/2016	15:40:58	->	L	00000000	 10	 43	 31	 46	  0	128	  0	  4	  4	  4	  4	  4	  4	  4	  4	  0	  0	  0	  0	  0	  0	  0	  0	  0	  0	  0	  0	  0	  0	  0	  0	  0	  0	  0	  0	  0	  0	  0	  0	 38	 31	 63	 43	  0	 46	  0	  0	  0	  0	  0	  0	  0	  0	  0	  0	  0	  5	10532	  1
13/12/2016	15:45:58	->	L	00000000	 10	 43	 32	 46	  0	133	  0	  4	  4	  4	  4	  4	  4	  4	  4	  0	  0	  0	  0	  0	  0	  0	  0	  0	  0	  0	  0	  0	  0	  0	  0	  0	  0	  0	  0	  0	  0	  0	  0	 39	 32	 63	 43	  0	 49	  0	  0	  0	  0	  0	  0	  0	  0	  0	  0	  0	  5	10789	  1
13/12/2016	15:50:58	->	L	00000000	 10	 42	 32	 52	  0	138	  0	  4	  4	  4	  4	  4	  4	  4	  4	  0	  0	  0	  0	  0	  0	  0	  0	  0	  0	  0	  0	  0	  0	  0	  0	  0	  0	  0	  0	  0	  0	  0	  0	 39	 32	 63	 42	  0	 52	  0	  0	  0	  0	  0	  0	  0	  0	  0	  0	  0	  5	11046	  1
13/12/2016	15:55:58	->	L	00000000	 10	 44	 33	 53	  0	143	  0	  4	  4	  4	  4	  4	  4	  4	  4	  0	  0	  0	  0	  0	  0	  0	  0	  0	  0	  0	  0	  0	  0	  0	  0	  0	  0	  0	  0	  0	  0	  0	  0	 40	 33	 64	 44	  0	 49	  0	  0	  0	  0	  0	  0	  0	  0	  0	  0	  0	  5	11046	  1
13/12/2016	16:00:58	->	L	00000000	 10	 48	 34	 40	  0	148	  0	  4	  4	  4	  4	  4	  4	  4	  4	  0	  0	  0	  0	  0	  0	  0	  0	  0	  0	  0	  0	  0	  0	  0	  0	  0	  0	  0	  0	  0	  0	  0	  0	 42	 34	 60	 48	  0	 40	  0	  0	  0	  0	  0	  0	  0	  0	  0	  0	  0	  5	11303	  1
13/12/2016	16:05:58	->	L	00000000	 10	 47	 35	 43	  0	153	  0	  4	  4	  4	  4	  4	  4	  4	  4	  0	  0	  0	  0	  0	  0	  0	  0	  0	  0	  0	  0	  0	  0	  0	  0	  0	  0	  0	  0	  0	  0	  0	  0	 42	 35	 64	 47	  0	 47	  0	  0	  0	  0	  0	  0	  0	  0	  0	  0	  0	  5	11560	  1
13/12/2016	16:10:58	->	L	00000000	 10	 47	 35	 47	  0	158	  0	  4	  4	  4	  4	  4	  4	  4	  4	  0	  0	  0	  0	  0	  0	  0	  0	  0	  0	  0	  0	  0	  0	  0	  0	  0	  0	  0	  0	  0	  0	  0	  0	 42	 35	 64	 47	  0	 47	  0	  0	  0	  0	  0	  0	  0	  0	  0	  0	  0	  5	11817	  1
13/12/2016	16:15:58	->	L	00000000	 10	 46	 35	 47	  0	163	  0	  4	  4	  4	  4	  4	  4	  4	  4	  0	  0	  0	  0	  0	  0	  0	  0	  0	  0	  0	  0	  0	  0	  0	  0	  0	  0	  0	  0	  0	  0	  0	  0	 42	 35	 64	 46	  0	 49	  0	  0	  0	  0	  0	  0	  0	  0	  0	  0	  0	  5	12074	  1
13/12/2016	16:20:58	->	L	00000000	 10	 46	 36	 53	  0	168	  0	  4	  4	  4	  4	  4	  4	  4	  4	  0	  0	  0	  0	  0	  0	  0	  0	  0	  0	  0	  0	  0	  0	  0	  0	  0	  0	  0	  0	  0	  0	  0	  0	 43	 36	 64	 46	  0	 53	  0	  0	  0	  0	  0	  0	  0	  0	  0	  0	  0	  5	12331	  1
13/12/2016	16:25:58	->	L	00000000	 10	 47	 36	 50	  0	173	  0	  4	  4	  4	  4	  4	  4	  4	  4	  0	  0	  0	  0	  0	  0	  0	  0	  0	  0	  0	  0	  0	  0	  0	  0	  0	  0	  0	  0	  0	  0	  0	  0	 43	 36	 64	 47	  0	 50	  0	  0	  0	  0	  0	  0	  0	  0	  0	  0	  0	  5	12331	  1
13/12/2016	16:30:58	->	L	00000000	 10	 51	 37	 41	  0	178	  0	  4	  4	  4	  4	  4	  4	  4	  4	  0	  0	  0	  0	  0	  0	  0	  0	  0	  0	  0	  0	  0	  0	  0	  0	  0	  0	  0	  0	  0	  0	  0	  0	 44	 37	 65	 51	  0	 41	  0	  0	  0	  0	  0	  0	  0	  0	  0	  0	  0	  5	11303	  1
13/12/2016	16:35:58	->	L	00000000	 10	 46	 38	 57	  0	183	  0	  4	  4	  4	  4	  4	  4	  4	  4	  0	  0	  0	  0	  0	  0	  0	  0	  0	  0	  0	  0	  0	  0	  0	  0	  0	  0	  0	  0	  0	  0	  0	  0	 43	 38	 76	 46	  0	 61	  0	  0	  0	  0	  0	  0	  0	  0	  0	  0	  0	  5	11560	  1
13/12/2016	16:40:58	->	L	00000000	 10	 48	 38	 54	  0	188	  0	  4	  4	  4	  4	  4	  4	  4	  4	  0	  0	  0	  0	  0	  0	  0	  0	  0	  0	  0	  0	  0	  0	  0	  0	  0	  0	  0	  0	  0	  0	  0	  0	 44	 38	 69	 48	  0	 54	  0	  0	  0	  0	  0	  0	  0	  0	  0	  0	  0	  5	11817	  1
13/12/2016	16:45:58	->	L	00000000	 10	 50	 39	 51	  0	193	  0	  4	  4	  4	  4	  4	  4	  4	  4	  0	  0	  0	  0	  0	  0	  0	  0	  0	  0	  0	  0	  0	  0	  0	  0	  0	  0	  0	  0	  0	  0	  0	  0	 45	 39	 69	 50	  0	 51	  0	  0	  0	  0	  0	  0	  0	  0	  0	  0	  0	  5	11817	  1
13/12/2016	16:50:58	->	L	00000000	 10	 50	 39	 51	  0	198	  0	  4	  4	  4	  4	  4	  4	  4	  4	  0	  0	  0	  0	  0	  0	  0	  0	  0	  0	  0	  0	  0	  0	  0	  0	  0	  0	  0	  0	  0	  0	  0	  0	 46	 39	 65	 50	  0	 51	  0	  0	  0	  0	  0	  0	  0	  0	  0	  0	  0	  5	12074	  1
13/12/2016	16:55:58	->	L	00000000	 10	 52	 39	 48	  0	203	  0	  4	  4	  4	  4	  4	  4	  4	  4	  0	  0	  0	  0	  0	  0	  0	  0	  0	  0	  0	  0	  0	  0	  0	  0	  0	  0	  0	  0	  0	  0	  0	  0	 46	 39	 65	 52	  0	 44	  0	  0	  0	  0	  0	  0	  0	  0	  0	  0	  0	  5	12331	  1
13/12/2016	17:00:58	->	L	00000000	 10	 51	 40	 55	  0	208	  0	  4	  4	  4	  4	  4	  4	  4	  4	  0	  0	  0	  0	  0	  0	  0	  0	  0	  0	  0	  0	  0	  0	  0	  0	  0	  0	  0	  0	  0	  0	  0	  0	 46	 40	 69	 51	  0	 51	  0	  0	  0	  0	  0	  0	  0	  0	  0	  0	  0	  5	12331	  1
13/12/2016	17:05:58	->	L	00000000	 10	 53	 41	 49	  0	213	  0	  4	  4	  4	  4	  4	  4	  4	  4	  0	  0	  0	  0	  0	  0	  0	  0	  0	  0	  0	  0	  0	  0	  0	  0	  0	  0	  0	  0	  0	  0	  0	  0	 47	 41	 70	 53	  0	 49	  0	  0	  0	  0	  0	  0	  0	  0	  0	  0	  0	  5	12588	  1
13/12/2016	17:10:58	->	L	00000000	 10	 53	 41	 49	  0	218	  0	  4	  4	  4	  4	  4	  4	  4	  4	  0	  0	  0	  0	  0	  0	  0	  0	  0	  0	  0	  0	  0	  0	  0	  0	  0	  0	  0	  0	  0	  0	  0	  0	 47	 41	 70	 53	  0	 49	  0	  0	  0	  0	  0	  0	  0	  0	  0	  0	  0	  5	12845	  1
13/12/2016	17:15:58	->	L	00000000	 10	 52	 41	 49	  0	223	  0	  4	  4	  4	  4	  4	  4	  4	  4	  0	  0	  0	  0	  0	  0	  0	  0	  0	  0	  0	  0	  0	  0	  0	  0	  0	  0	  0	  0	  0	  0	  0	  0	 48	 41	 66	 52	  0	 49	  0	  0	  0	  0	  0	  0	  0	  0	  0	  0	  0	  5	12845	  1
13/12/2016	17:20:58	->	L	00000000	 10	 51	 41	 51	  0	228	  0	  4	  4	  4	  4	  4	  4	  4	  4	  0	  0	  0	  0	  0	  0	  0	  0	  0	  0	  0	  0	  0	  0	  0	  0	  0	  0	  0	  0	  0	  0	  0	  0	 48	 41	 66	 51	  0	 55	  0	  0	  0	  0	  0	  0	  0	  0	  0	  0	  0	  5	13102	  1
13/12/2016	17:25:58	->	L	00000000	 10	 51	 41	 55	  0	233	  0	  4	  4	  4	  4	  4	  4	  4	  4	  0	  0	  0	  0	  0	  0	  0	  0	  0	  0	  0	  0	  0	  0	  0	  0	  0	  0	  0	  0	  0	  0	  0	  0	 48	 41	 66	 51	  0	 55	  0	  0	  0	  0	  0	  0	  0	  0	  0	  0	  0	  5	13359	  1
13/12/2016	17:30:58	->	L	00000000	 10	 53	 42	 51	  0	238	  0	  4	  4	  4	  4	  4	  4	  4	  4	  0	  0	  0	  0	  0	  0	  0	  0	  0	  0	  0	  0	  0	  0	  0	  0	  0	  0	  0	  0	  0	  0	  0	  0	 49	 42	 70	 54	  0	 52	  0	  0	  0	  0	  0	  0	  0	  0	  0	  0	  0	  5	13616	  1
13/12/2016	17:35:58	<-	L	00000000	 10	 53	 42	 52	  0	243	  0	  4	  4	  4	  4	  4	  4	  4	  4	  0	  0	  0	  0	  0	  0	  0	  0	  0	  0	  0	  0	  0	  0	  0	  0	  0	  0	  0	  0	  0	  0	  0	  0	 48	 42	 70	 53	  0	 52	  0	  0	  0	  0	  0	  0	  0	  0	  0	  0	  0	  5	13616	  1
13/12/2016	17:40:58	<-	L	00000000	 10	 54	 44	 56	  0	248	  0	  4	  4	  4	  4	  4	  4	  4	  4	  0	  0	  0	  0	  0	  0	  0	  0	  0	  0	  0	  0	  0	  0	  0	  0	  0	  0	  0	  0	  0	  0	  0	  0	 54	 44	 56	 50	  0	 70	  0	  0	  0	  0	  0	  0	  0	  0	  0	  0	  0	  5	13873	  1
13/12/2016	17:45:58	<-	L	00000000	 10	 53	 44	 59	  0	253	  0	  4	  4	  4	  4	  4	  4	  4	  4	  0	  0	  0	  0	  0	  0	  0	  0	  0	  0	  0	  0	  0	  0	  0	  0	  0	  0	  0	  0	  0	  0	  0	  0	 53	 44	 59	 50	  0	 70	  0	  0	  0	  0	  0	  0	  0	  0	  0	  0	  0	  5	14130	  1
13/12/2016	17:50:58	<-	L	00000000	 10	 58	 45	 50	  0	258	  0	  4	  4	  4	  4	  4	  4	  4	  4	  0	  0	  0	  0	  0	  0	  0	  0	  0	  0	  0	  0	  0	  0	  0	  0	  0	  0	  0	  0	  0	  0	  0	  0	 58	 45	 46	 51	  0	 70	  0	  0	  0	  0	  0	  0	  0	  0	  0	  0	  0	  5	14130	  1
13/12/2016	17:55:58	<-	L	00000000	 10	 57	 45	 50	  0	263	  0	  4	  4	  4	  4	  4	  4	  4	  4	  0	  0	  0	  0	  0	  0	  0	  0	  0	  0	  0	  0	  0	  0	  0	  0	  0	  0	  0	  0	  0	  0	  0	  0	 57	 45	 50	 51	  0	 70	  0	  0	  0	  0	  0	  0	  0	  0	  0	  0	  0	  5	14387	  1
13/12/2016	18:00:58	<-	L	00000000	 10	 56	 45	 56	  0	268	  0	  4	  4	  4	  4	  4	  4	  4	  4	  0	  0	  0	  0	  0	  0	  0	  0	  0	  0	  0	  0	  0	  0	  0	  0	  0	  0	  0	  0	  0	  0	  0	  0	 56	 45	 53	 51	  0	 70	  0	  0	  0	  0	  0	  0	  0	  0	  0	  0	  0	  5	14644	  1
13/12/2016	18:05:58	<-	L	00000000	 10	 60	 45	 42	  0	273	  0	  4	  4	  4	  4	  4	  4	  4	  4	  0	  0	  0	  0	  0	  0	  0	  0	  0	  0	  0	  0	  0	  0	  0	  0	  0	  0	  0	  0	  0	  0	  0	  0	 60	 45	 42	 52	  0	 67	  0	  0	  0	  0	  0	  0	  0	  0	  0	  0	  0	  5	14644	  1
13/12/2016	18:10:58	<-	L	00000000	 10	 57	 45	 50	  0	278	  0	  4	  4	  4	  4	  4	  4	  4	  4	  0	  0	  0	  0	  0	  0	  0	  0	  0	  0	  0	  0	  0	  0	  0	  0	  0	  0	  0	  0	  0	  0	  0	  0	 57	 45	 50	 51	  0	 70	  0	  0	  0	  0	  0	  0	  0	  0	  0	  0	  0	  5	14901	  1
13/12/2016	18:15:58	<-	L	00000000	 10	 62	 45	 39	  0	283	  0	  4	  4	  4	  4	  4	  4	  4	  4	  0	  0	  0	  0	  0	  0	  0	  0	  0	  0	  0	  0	  0	  0	  0	  0	  0	  0	  0	  0	  0	  0	  0	  0	 62	 45	 36	 53	  0	 63	  0	  0	  0	  0	  0	  0	  0	  0	  0	  0	  0	  5	15158	  1
13/12/2016	18:20:58	<-	L	00000000	 10	 58	 45	 44	  0	288	  0	  4	  4	  4	  4	  4	  4	  4	  4	  0	  0	  0	  0	  0	  0	  0	  0	  0	  0	  0	  0	  0	  0	  0	  0	  0	  0	  0	  0	  0	  0	  0	  0	 58	 45	 46	 52	  0	 67	  0	  0	  0	  0	  0	  0	  0	  0	  0	  0	  0	  5	15415	  1
13/12/2016	18:25:58	<-	L	00000000	 10	 62	 45	 39	  0	293	  0	  4	  4	  4	  4	  4	  4	  4	  4	  0	  0	  0	  0	  0	  0	  0	  0	  0	  0	  0	  0	  0	  0	  0	  0	  0	  0	  0	  0	  0	  0	  0	  0	 62	 45	 36	 53	  0	 63	  0	  0	  0	  0	  0	  0	  0	  0	  0	  0	  0	  5	15415	  1
13/12/2016	18:30:58	<-	L	00000000	 10	 60	 45	 42	  0	298	  0	  4	  4	  4	  4	  4	  4	  4	  4	  0	  0	  0	  0	  0	  0	  0	  0	  0	  0	  0	  0	  0	  0	  0	  0	  0	  0	  0	  0	  0	  0	  0	  0	 60	 45	 42	 53	  0	 63	  0	  0	  0	  0	  0	  0	  0	  0	  0	  0	  0	  5	15672	  1
13/12/2016	18:35:58	<-	L	00000000	 10	 53	 44	 56	  0	303	  0	  4	  4	  4	  4	  4	  4	  4	  4	  0	  0	  0	  0	  0	  0	  0	  0	  0	  0	  0	  0	  0	  0	  0	  0	  0	  0	  0	  0	  0	  0	  0	  0	 53	 44	 59	 50	  0	 70	  0	  0	  0	  0	  0	  0	  0	  0	  0	  0	  0	  5	14135	  1
13/12/2016	18:40:58	<-	L	00000000	 10	 57	 45	 53	  0	308	  0	  4	  4	  4	  4	  4	  4	  4	  4	  0	  0	  0	  0	  0	  0	  0	  0	  0	  0	  0	  0	  0	  0	  0	  0	  0	  0	  0	  0	  0	  0	  0	  0	 57	 45	 50	 51	  0	 70	  0	  0	  0	  0	  0	  0	  0	  0	  0	  0	  0	  5	14135	  1
13/12/2016	18:45:58	<-	L	00000000	 10	 60	 45	 42	  0	313	  0	  4	  4	  4	  4	  4	  4	  4	  4	  0	  0	  0	  0	  0	  0	  0	  0	  0	  0	  0	  0	  0	  0	  0	  0	  0	  0	  0	  0	  0	  0	  0	  0	 60	 45	 42	 52	  0	 67	  0	  0	  0	  0	  0	  0	  0	  0	  0	  0	  0	  5	14392	  1
13/12/2016	18:50:58	<-	L	00000000	 10	 58	 45	 44	  0	318	  0	  4	  4	  4	  4	  4	  4	  4	  4	  0	  0	  0	  0	  0	  0	  0	  0	  0	  0	  0	  0	  0	  0	  0	  0	  0	  0	  0	  0	  0	  0	  0	  0	 58	 45	 46	 52	  0	 67	  0	  0	  0	  0	  0	  0	  0	  0	  0	  0	  0	  5	14392	  1
13/12/2016	18:55:58	<-	L	00000000	 10	 58	 45	 46	  0	323	  0	  4	  4	  4	  4	  4	  4	  4	  4	  0	  0	  0	  0	  0	  0	  0	  0	  0	  0	  0	  0	  0	  0	  0	  0	  0	  0	  0	  0	  0	  0	  0	  0	 58	 45	 46	 52	  0	 67	  0	  0	  0	  0	  0	  0	  0	  0	  0	  0	  0	  5	14649	  1
13/12/2016	19:00:58	<-	L	00000000	 10	 55	 45	 56	  0	328	  0	  4	  4	  4	  4	  4	  4	  4	  4	  0	  0	  0	  0	  0	  0	  0	  0	  0	  0	  0	  0	  0	  0	  0	  0	  0	  0	  0	  0	  0	  0	  0	  0	 55	 45	 56	 51	  0	 70	  0	  0	  0	  0	  0	  0	  0	  0	  0	  0	  0	  5	14649	  1
13/12/2016	19:05:58	<-	L	00000000	 10	 62	 45	 36	  0	333	  0	  4	  4	  4	  4	  4	  4	  4	  4	  0	  0	  0	  0	  0	  0	  0	  0	  0	  0	  0	  0	  0	  0	  0	  0	  0	  0	  0	  0	  0	  0	  0	  0	 62	 45	 36	 53	  0	 63	  0	  0	  0	  0	  0	  0	  0	  0	  0	  0	  0	  5	14906	  1
13/12/2016	19:10:58	<-	L	00000000	 10	 58	 45	 44	  0	338	  0	  4	  4	  4	  4	  4	  4	  4	  4	  0	  0	  0	  0	  0	  0	  0	  0	  0	  0	  0	  0	  0	  0	  0	  0	  0	  0	  0	  0	  0	  0	  0	  0	 58	 45	 46	 52	  0	 67	  0	  0	  0	  0	  0	  0	  0	  0	  0	  0	  0	  5	15163	  1
13/12/2016	19:15:58	<-	L	00000000	 10	 58	 45	 50	  0	343	  0	  4	  4	  4	  4	  4	  4	  4	  4	  0	  0	  0	  0	  0	  0	  0	  0	  0	  0	  0	  0	  0	  0	  0	  0	  0	  0	  0	  0	  0	  0	  0	  0	 58	 45	 46	 52	  0	 67	  0	  0	  0	  0	  0	  0	  0	  0	  0	  0	  0	  5	15163	  1
13/12/2016	19:20:58	<-	L	00000000	 10	 62	 46	 37	  0	348	  0	  4	  4	  4	  4	  4	  4	  4	  4	  0	  0	  0	  0	  0	  0	  0	  0	  0	  0	  0	  0	  0	  0	  0	  0	  0	  0	  0	  0	  0	  0	  0	  0	 62	 46	 40	 54	  0	 63	  0	  0	  0	  0	  0	  0	  0	  0	  0	  0	  0	  5	15420	  1
13/12/2016	19:25:58	<-	L	00000000	 10	 59	 45	 44	  0	353	  0	  4	  4	  4	  4	  4	  4	  4	  4	  0	  0	  0	  0	  0	  0	  0	  0	  0	  0	  0	  0	  0	  0	  0	  0	  0	  0	  0	  0	  0	  0	  0	  0	 59	 45	 44	 53	  0	 63	  0	  0	  0	  0	  0	  0	  0	  0	  0	  0	  0	  5	15420	  1
13/12/2016	19:30:58	<-	L	00000000	 10	 63	 46	 37	  0	358	  0	  4	  4	  4	  4	  4	  4	  4	  4	  0	  0	  0	  0	  0	  0	  0	  0	  0	  0	  0	  0	  0	  0	  0	  0	  0	  0	  0	  0	  0	  0	  0	  0	 63	 46	 37	 54	  0	 63	  0	  0	  0	  0	  0	  0	  0	  0	  0	  0	  0	  5	15677	  1
13/12/2016	19:35:58	<-	L	00000000	 21	 63	 46	 36	  0	  2	  0	  4	  4	  4	  4	  4	  4	  4	  4	  0	  0	  0	  0	  0	  0	  0	  0	  0	  0	  0	  0	  0	  0	  0	  0	  0	  0	  0	  0	  0	  0	  0	  0	 63	 46	 37	 54	  0	 63	  0	  0	  0	  0	  0	  0	  0	  0	  0	  0	  0	  5	15426	  0
13/12/2016	19:40:58	<-	L	00000000	 21	 59	 46	 47	  0	  7	  0	  4	  4	  4	  4	  4	  4	  4	  4	  0	  0	  0	  0	  0	  0	  0	  0	  0	  0	  0	  0	  0	  0	  0	  0	  0	  0	  0	  0	  0	  0	  0	  0	 59	 46	 47	 52	  0	 71	  0	  0	  0	  0	  0	  0	  0	  0	  0	  0	  0	  5	15426	  0
13/12/2016	19:45:58	<-	L	00000000	 21	 61	 46	 44	  0	 12	  0	  4	  4	  4	  4	  4	  4	  4	  4	  0	  0	  0	  0	  0	  0	  0	  0	  0	  0	  0	  0	  0	  0	  0	  0	  0	  0	  0	  0	  0	  0	  0	  0	 61	 46	 43	 53	  0	 67	  0	  0	  0	  0	  0	  0	  0	  0	  0	  0	  0	  5	15426	  0
13/12/2016	19:50:58	<-	L	00000000	 21	 60	 46	 43	  0	 17	  0	  4	  4	  4	  4	  4	  4	  4	  4	  0	  0	  0	  0	  0	  0	  0	  0	  0	  0	  0	  0	  0	  0	  0	  0	  0	  0	  0	  0	  0	  0	  0	  0	 60	 46	 44	 52	  0	 71	  0	  0	  0	  0	  0	  0	  0	  0	  0	  0	  0	  5	15426	  0
13/12/2016	19:55:58	<-	L	00000000	 21	 58	 45	 46	  0	 22	  0	  4	  4	  4	  4	  4	  4	  4	  4	  0	  0	  0	  0	  0	  0	  0	  0	  0	  0	  0	  0	  0	  0	  0	  0	  0	  0	  0	  0	  0	  0	  0	  0	 58	 45	 46	 52	  0	 67	  0	  0	  0	  0	  0	  0	  0	  0	  0	  0	  0	  5	15426	  0
13/12/2016	20:00:58	<-	L	00000000	 21	 64	 46	 37	  0	 27	  0	  4	  4	  4	  4	  4	  4	  4	  4	  0	  0	  0	  0	  0	  0	  0	  0	  0	  0	  0	  0	  0	  0	  0	  0	  0	  0	  0	  0	  0	  0	  0	  0	 64	 46	 36	 53	  0	 67	  0	  0	  0	  0	  0	  0	  0	  0	  0	  0	  0	  5	15426	  0
13/12/2016	20:05:58	<-	L	00000000	 21	 59	 46	 44	  0	 32	  0	  4	  4	  4	  4	  4	  4	  4	  4	  0	  0	  0	  0	  0	  0	  0	  0	  0	  0	  0	  0	  0	  0	  0	  0	  0	  0	  0	  0	  0	  0	  0	  0	 59	 46	 47	 52	  0	 71	  0	  0	  0	  0	  0	  0	  0	  0	  0	  0	  0	  5	15426	  0
13/12/2016	20:10:58	<-	L	00000000	 21	 60	 46	 47	  0	 37	  0	  4	  4	  4	  4	  4	  4	  4	  4	  0	  0	  0	  0	  0	  0	  0	  0	  0	  0	  0	  0	  0	  0	  0	  0	  0	  0	  0	  0	  0	  0	  0	  0	 60	 46	 44	 52	  0	 71	  0	  0	  0	  0	  0	  0	  0	  0	  0	  0	  0	  5	15426	  0
13/12/2016	20:20:58	<-	L	00000000	 21	 55	 35	 28	  0	 43	  0	  4	  4	  4	  4	  4	  4	  4	  4	  0	  0	  0	  0	  0	  0	  0	  0	  0	  0	  0	  0	  0	  0	  0	  0	  0	  0	  0	  0	  0	  0	  0	  0	 55	 35	 27	 53	  0	 31	  0	  0	  0	  0	  0	  0	  0	  0	  0	  0	  0	  5	16700	  0
13/12/2016	20:25:58	<-	L	00000000	 21	 62	 46	 37	  0	 48	  0	  4	  4	  4	  4	  4	  4	  4	  4	  0	  0	  0	  0	  0	  0	  0	  0	  0	  0	  0	  0	  0	  0	  0	  0	  0	  0	  0	  0	  0	  0	  0	  0	 62	 46	 40	 54	  0	 63	  0	  0	  0	  0	  0	  0	  0	  0	  0	  0	  0	  5	16700	  0
13/12/2016	20:30:58	<-	L	00000000	 21	 65	 46	 33	  0	 53	  0	  4	  4	  4	  4	  4	  4	  4	  4	  0	  0	  0	  0	  0	  0	  0	  0	  0	  0	  0	  0	  0	  0	  0	  0	  0	  0	  0	  0	  0	  0	  0	  0	 65	 46	 33	 55	  0	 60	  0	  0	  0	  0	  0	  0	  0	  0	  0	  0	  0	  5	16700	  0
13/12/2016	20:35:58	<-	L	00000000	 21	 67	 47	 32	  0	 58	  0	  4	  4	  4	  4	  4	  4	  4	  4	  0	  0	  0	  0	  0	  0	  0	  0	  0	  0	  0	  0	  0	  0	  0	  0	  0	  0	  0	  0	  0	  0	  0	  0	 67	 47	 32	 56	  0	 60	  0	  0	  0	  0	  0	  0	  0	  0	  0	  0	  0	  5	17980	  0
13/12/2016	20:40:58	<-	L	00000000	 21	 71	 48	 28	  0	 63	  0	  4	  4	  4	  4	  4	  4	  4	  4	  0	  0	  0	  0	  0	  0	  0	  0	  0	  0	  0	  0	  0	  0	  0	  0	  0	  0	  0	  0	  0	  0	  0	  0	 71	 48	 26	 58	  0	 57	  0	  0	  0	  0	  0	  0	  0	  0	  0	  0	  0	  5	17980	  0
13/12/2016	20:45:58	<-	L	00000000	 21	 66	 48	 34	  0	 68	  0	  4	  4	  4	  4	  4	  4	  4	  4	  0	  0	  0	  0	  0	  0	  0	  0	  0	  0	  0	  0	  0	  0	  0	  0	  0	  0	  0	  0	  0	  0	  0	  0	 66	 48	 36	 57	  0	 60	  0	  0	  0	  0	  0	  0	  0	  0	  0	  0	  0	  5	17980	  0
13/12/2016	20:50:58	<-	L	00000000	 21	 69	 48	 29	  0	 73	  0	  4	  4	  4	  4	  4	  4	  4	  4	  0	  0	  0	  0	  0	  0	  0	  0	  0	  0	  0	  0	  0	  0	  0	  0	  0	  0	  0	  0	  0	  0	  0	  0	 69	 48	 29	 57	  0	 60	  0	  0	  0	  0	  0	  0	  0	  0	  0	  0	  0	  5	17980	  0
13/12/2016	20:55:58	<-	L	00000000	 21	 69	 48	 28	  0	 78	  0	  4	  4	  4	  4	  4	  4	  4	  4	  0	  0	  0	  0	  0	  0	  0	  0	  0	  0	  0	  0	  0	  0	  0	  0	  0	  0	  0	  0	  0	  0	  0	  0	 69	 48	 29	 58	  0	 57	  0	  0	  0	  0	  0	  0	  0	  0	  0	  0	  0	  5	17980	  0
13/12/2016	21:00:58	<-	L	00000000	 21	 69	 48	 32	  0	 83	  0	  4	  4	  4	  4	  4	  4	  4	  4	  0	  0	  0	  0	  0	  0	  0	  0	  0	  0	  0	  0	  0	  0	  0	  0	  0	  0	  0	  0	  0	  0	  0	  0	 69	 48	 29	 58	  0	 57	  0	  0	  0	  0	  0	  0	  0	  0	  0	  0	  0	  5	17980	  0
13/12/2016	21:05:58	<-	L	00000000	 21	 69	 49	 30	  0	 88	  0	  4	  4	  4	  4	  4	  4	  4	  4	  0	  0	  0	  0	  0	  0	  0	  0	  0	  0	  0	  0	  0	  0	  0	  0	  0	  0	  0	  0	  0	  0	  0	  0	 69	 49	 33	 58	  0	 61	  0	  0	  0	  0	  0	  0	  0	  0	  0	  0	  0	  5	17980	  0
13/12/2016	21:10:58	<-	L	00000000	 21	 69	 49	 32	  0	 93	  0	  4	  4	  4	  4	  4	  4	  4	  4	  0	  0	  0	  0	  0	  0	  0	  0	  0	  0	  0	  0	  0	  0	  0	  0	  0	  0	  0	  0	  0	  0	  0	  0	 69	 49	 33	 58	  0	 61	  0	  0	  0	  0	  0	  0	  0	  0	  0	  0	  0	  5	17980	  0
13/12/2016	21:15:59	<-	L	00000000	 21	 71	 49	 29	  0	 98	  0	  4	  4	  4	  4	  4	  4	  4	  4	  0	  0	  0	  0	  0	  0	  0	  0	  0	  0	  0	  0	  0	  0	  0	  0	  0	  0	  0	  0	  0	  0	  0	  0	 71	 49	 29	 59	  0	 57	  0	  0	  0	  0	  0	  0	  0	  0	  0	  0	  0	  5	19260	  0
13/12/2016	21:20:58	<-	L	00000000	 21	 73	 50	 27	  0	103	  0	  4	  4	  4	  4	  4	  4	  4	  4	  0	  0	  0	  0	  0	  0	  0	  0	  0	  0	  0	  0	  0	  0	  0	  0	  0	  0	  0	  0	  0	  0	  0	  0	 73	 50	 27	 60	  0	 58	  0	  0	  0	  0	  0	  0	  0	  0	  0	  0	  0	  5	19260	  0
13/12/2016	21:25:58	<-	L	00000000	 21	 76	 50	 26	  0	108	  0	  4	  4	  4	  4	  4	  4	  4	  4	  0	  0	  0	  0	  0	  0	  0	  0	  0	  0	  0	  0	  0	  0	  0	  0	  0	  0	  0	  0	  0	  0	  0	  0	 76	 50	 26	 61	  0	 54	  0	  0	  0	  0	  0	  0	  0	  0	  0	  0	  0	  5	19260	  0
13/12/2016	21:30:58	<-	L	00000000	 21	 71	 50	 33	  0	113	  0	  4	  4	  4	  4	  4	  4	  4	  4	  0	  0	  0	  0	  0	  0	  0	  0	  0	  0	  0	  0	  0	  0	  0	  0	  0	  0	  0	  0	  0	  0	  0	  0	 71	 50	 30	 60	  0	 58	  0	  0	  0	  0	  0	  0	  0	  0	  0	  0	  0	  5	19260	  0
13/12/2016	21:35:58	<-	L	00000000	 21	 76	 51	 26	  0	118	  0	  4	  4	  4	  4	  4	  4	  4	  4	  0	  0	  0	  0	  0	  0	  0	  0	  0	  0	  0	  0	  0	  0	  0	  0	  0	  0	  0	  0	  0	  0	  0	  0	 76	 51	 26	 61	  0	 58	  0	  0	  0	  0	  0	  0	  0	  0	  0	  0	  0	  5	19260	  0
13/12/2016	21:40:58	->	L	00000000	 21	 74	 51	 27	  0	123	  0	  4	  4	  4	  4	  4	  4	  4	  4	  0	  0	  0	  0	  0	  0	  0	  0	  0	  0	  0	  0	  0	  0	  0	  0	  0	  0	  0	  0	  0	  0	  0	  0	 74	 51	 27	 62	  0	 55	  0	  0	  0	  0	  0	  0	  0	  0	  0	  0	  0	  5	19260	  0
13/12/2016	21:45:58	->	L	00000000	 21	 72	 50	 27	  0	128	  0	  4	  4	  4	  4	  4	  4	  4	  4	  0	  0	  0	  0	  0	  0	  0	  0	  0	  0	  0	  0	  0	  0	  0	  0	  0	  0	  0	  0	  0	  0	  0	  0	 66	 50	 41	 72	  0	 29	  0	  0	  0	  0	  0	  0	  0	  0	  0	  0	  0	  5	19260	  0
13/12/2016	21:50:58	->	L	00000000	 21	 75	 49	 25	  0	133	  0	  4	  4	  4	  4	  4	  4	  4	  4	  0	  0	  0	  0	  0	  0	  0	  0	  0	  0	  0	  0	  0	  0	  0	  0	  0	  0	  0	  0	  0	  0	  0	  0	 65	 49	 41	 75	  0	 26	  0	  0	  0	  0	  0	  0	  0	  0	  0	  0	  0	  5	19260	  0
13/12/2016	21:56:00	->	L	00000000	 21	 73	 50	 27	  0	138	  0	  4	  4	  4	  4	  4	  4	  4	  4	  0	  0	  0	  0	  0	  0	  0	  0	  0	  0	  0	  0	  0	  0	  0	  0	  0	  0	  0	  0	  0	  0	  0	  0	 65	 50	 44	 73	  0	 27	  0	  0	  0	  0	  0	  0	  0	  0	  0	  0	  0	  5	20540	  0
13/12/2016	22:00:59	->	L	00000000	 21	 79	 50	 23	  0	143	  0	  4	  4	  4	  4	  4	  4	  4	  4	  0	  0	  0	  0	  0	  0	  0	  0	  0	  0	  0	  0	  0	  0	  0	  0	  0	  0	  0	  0	  0	  0	  0	  0	 67	 50	 39	 79	  0	 23	  0	  0	  0	  0	  0	  0	  0	  0	  0	  0	  0	  5	20540	  0
13/12/2016	22:05:59	->	L	00000000	 21	 79	 50	 23	  0	148	  0	  4	  4	  4	  4	  4	  4	  4	  4	  0	  0	  0	  0	  0	  0	  0	  0	  0	  0	  0	  0	  0	  0	  0	  0	  0	  0	  0	  0	  0	  0	  0	  0	 67	 50	 39	 79	  0	 23	  0	  0	  0	  0	  0	  0	  0	  0	  0	  0	  0	  5	20540	  0
13/12/2016	22:10:59	->	L	00000000	 21	 79	 51	 24	  0	153	  0	  4	  4	  4	  4	  4	  4	  4	  4	  0	  0	  0	  0	  0	  0	  0	  0	  0	  0	  0	  0	  0	  0	  0	  0	  0	  0	  0	  0	  0	  0	  0	  0	 68	 51	 39	 79	  0	 24	  0	  0	  0	  0	  0	  0	  0	  0	  0	  0	  0	  5	20540	  0
13/12/2016	22:15:59	->	L	00000000	 21	 79	 51	 24	  0	158	  0	  4	  4	  4	  4	  4	  4	  4	  4	  0	  0	  0	  0	  0	  0	  0	  0	  0	  0	  0	  0	  0	  0	  0	  0	  0	  0	  0	  0	  0	  0	  0	  0	 67	 51	 42	 79	  0	 24	  0	  0	  0	  0	  0	  0	  0	  0	  0	  0	  0	  5	20540	  0
13/12/2016	22:20:59	->	L	00000000	 21	 79	 51	 24	  0	163	  0	  4	  4	  4	  4	  4	  4	  4	  4	  0	  0	  0	  0	  0	  0	  0	  0	  0	  0	  0	  0	  0	  0	  0	  0	  0	  0	  0	  0	  0	  0	  0	  0	 68	 51	 39	 79	  0	 24	  0	  0	  0	  0	  0	  0	  0	  0	  0	  0	  0	  5	20540	  0
13/12/2016	22:25:59	->	L	00000000	 21	 79	 51	 24	  0	168	  0	  4	  4	  4	  4	  4	  4	  4	  4	  0	  0	  0	  0	  0	  0	  0	  0	  0	  0	  0	  0	  0	  0	  0	  0	  0	  0	  0	  0	  0	  0	  0	  0	 68	 51	 39	 79	  0	 24	  0	  0	  0	  0	  0	  0	  0	  0	  0	  0	  0	  5	20540	  0
13/12/2016	22:30:59	->	L	00000000	 21	 79	 52	 25	  0	173	  0	  4	  4	  4	  4	  4	  4	  4	  4	  0	  0	  0	  0	  0	  0	  0	  0	  0	  0	  0	  0	  0	  0	  0	  0	  0	  0	  0	  0	  0	  0	  0	  0	 68	 52	 42	 79	  0	 25	  0	  0	  0	  0	  0	  0	  0	  0	  0	  0	  0	  5	20540	  0
13/12/2016	22:35:59	->	L	00000000	 21	 79	 52	 25	  0	178	  0	  4	  4	  4	  4	  4	  4	  4	  4	  0	  0	  0	  0	  0	  0	  0	  0	  0	  0	  0	  0	  0	  0	  0	  0	  0	  0	  0	  0	  0	  0	  0	  0	 68	 52	 42	 79	  0	 25	  0	  0	  0	  0	  0	  0	  0	  0	  0	  0	  0	  5	20540	  0
13/12/2016	22:40:59	->	L	00000000	 21	 79	 52	 25	  0	183	  0	  4	  4	  4	  4	  4	  4	  4	  4	  0	  0	  0	  0	  0	  0	  0	  0	  0	  0	  0	  0	  0	  0	  0	  0	  0	  0	  0	  0	  0	  0	  0	  0	 68	 52	 42	 79	  0	 25	  0	  0	  0	  0	  0	  0	  0	  0	  0	  0	  0	  5	20540	  0
13/12/2016	22:45:59	->	L	00000000	 21	 79	 52	 27	  0	188	  0	  4	  4	  4	  4	  4	  4	  4	  4	  0	  0	  0	  0	  0	  0	  0	  0	  0	  0	  0	  0	  0	  0	  0	  0	  0	  0	  0	  0	  0	  0	  0	  0	 68	 52	 42	 79	  0	 25	  0	  0	  0	  0	  0	  0	  0	  0	  0	  0	  0	  5	20540	  0
13/12/2016	22:50:59	->	L	00000000	 21	 78	 52	 27	  0	193	  0	  4	  4	  4	  4	  4	  4	  4	  4	  0	  0	  0	  0	  0	  0	  0	  0	  0	  0	  0	  0	  0	  0	  0	  0	  0	  0	  0	  0	  0	  0	  0	  0	 68	 52	 42	 78	  0	 27	  0	  0	  0	  0	  0	  0	  0	  0	  0	  0	  0	  5	20540	  0
13/12/2016	22:55:59	->	L	00000000	 21	 77	 52	 26	  0	198	  0	  4	  4	  4	  4	  4	  4	  4	  4	  0	  0	  0	  0	  0	  0	  0	  0	  0	  0	  0	  0	  0	  0	  0	  0	  0	  0	  0	  0	  0	  0	  0	  0	 68	 52	 42	 77	  0	 26	  0	  0	  0	  0	  0	  0	  0	  0	  0	  0	  0	  5	20540	  0
13/12/2016	23:00:59	->	L	00000000	 21	 76	 52	 26	  0	203	  0	  4	  4	  4	  4	  4	  4	  4	  4	  0	  0	  0	  0	  0	  0	  0	  0	  0	  0	  0	  0	  0	  0	  0	  0	  0	  0	  0	  0	  0	  0	  0	  0	 67	 52	 45	 76	  0	 28	  0	  0	  0	  0	  0	  0	  0	  0	  0	  0	  0	  5	20540	  0
13/12/2016	23:05:59	->	L	00000000	 21	 76	 52	 28	  0	208	  0	  4	  4	  4	  4	  4	  4	  4	  4	  0	  0	  0	  0	  0	  0	  0	  0	  0	  0	  0	  0	  0	  0	  0	  0	  0	  0	  0	  0	  0	  0	  0	  0	 67	 52	 45	 76	  0	 28	  0	  0	  0	  0	  0	  0	  0	  0	  0	  0	  0	  5	20540	  0
13/12/2016	23:10:59	->	L	00000000	 21	 75	 52	 28	  0	213	  0	  4	  4	  4	  4	  4	  4	  4	  4	  0	  0	  0	  0	  0	  0	  0	  0	  0	  0	  0	  0	  0	  0	  0	  0	  0	  0	  0	  0	  0	  0	  0	  0	 66	 52	 46	 75	  0	 28	  0	  0	  0	  0	  0	  0	  0	  0	  0	  0	  0	  5	20540	  0
13/12/2016	23:15:59	->	L	00000000	 21	 74	 52	 30	  0	218	  0	  4	  4	  4	  4	  4	  4	  4	  4	  0	  0	  0	  0	  0	  0	  0	  0	  0	  0	  0	  0	  0	  0	  0	  0	  0	  0	  0	  0	  0	  0	  0	  0	 66	 52	 46	 74	  0	 30	  0	  0	  0	  0	  0	  0	  0	  0	  0	  0	  0	  5	20540	  0
13/12/2016	23:20:59	->	L	00000000	 21	 73	 51	 30	  0	223	  0	  4	  4	  4	  4	  4	  4	  4	  4	  0	  0	  0	  0	  0	  0	  0	  0	  0	  0	  0	  0	  0	  0	  0	  0	  0	  0	  0	  0	  0	  0	  0	  0	 65	 51	 46	 73	  0	 30	  0	  0	  0	  0	  0	  0	  0	  0	  0	  0	  0	  5	20540	  0
13/12/2016	23:25:59	->	L	00000000	 21	 71	 51	 34	  0	228	  0	  4	  4	  4	  4	  4	  4	  4	  4	  0	  0	  0	  0	  0	  0	  0	  0	  0	  0	  0	  0	  0	  0	  0	  0	  0	  0	  0	  0	  0	  0	  0	  0	 64	 51	 49	 71	  0	 34	  0	  0	  0	  0	  0	  0	  0	  0	  0	  0	  0	  5	17980	  0
13/12/2016	23:30:59	->	L	00000000	 21	 68	 50	 37	  0	233	  0	  4	  4	  4	  4	  4	  4	  4	  4	  0	  0	  0	  0	  0	  0	  0	  0	  0	  0	  0	  0	  0	  0	  0	  0	  0	  0	  0	  0	  0	  0	  0	  0	 62	 50	 52	 68	  0	 37	  0	  0	  0	  0	  0	  0	  0	  0	  0	  0	  0	  5	17980	  0
13/12/2016	23:35:59	->	L	00000000	 21	 71	 51	 34	  0	238	  0	  4	  4	  4	  4	  4	  4	  4	  4	  0	  0	  0	  0	  0	  0	  0	  0	  0	  0	  0	  0	  0	  0	  0	  0	  0	  0	  0	  0	  0	  0	  0	  0	 63	 51	 52	 71	  0	 34	  0	  0	  0	  0	  0	  0	  0	  0	  0	  0	  0	  5	17980	  0
13/12/2016	23:40:59	->	L	00000000	 21	 67	 50	 37	  0	243	  0	  4	  4	  4	  4	  4	  4	  4	  4	  0	  0	  0	  0	  0	  0	  0	  0	  0	  0	  0	  0	  0	  0	  0	  0	  0	  0	  0	  0	  0	  0	  0	  0	 62	 50	 52	 67	  0	 39	  0	  0	  0	  0	  0	  0	  0	  0	  0	  0	  0	  5	17980	  0
13/12/2016	23:45:59	->	L	00000000	 21	 71	 50	 33	  0	248	  0	  4	  4	  4	  4	  4	  4	  4	  4	  0	  0	  0	  0	  0	  0	  0	  0	  0	  0	  0	  0	  0	  0	  0	  0	  0	  0	  0	  0	  0	  0	  0	  0	 63	 50	 48	 71	  0	 30	  0	  0	  0	  0	  0	  0	  0	  0	  0	  0	  0	  5	17980	  0
13/12/2016	23:50:59	->	L	00000000	 21	 68	 50	 37	  0	253	  0	  4	  4	  4	  4	  4	  4	  4	  4	  0	  0	  0	  0	  0	  0	  0	  0	  0	  0	  0	  0	  0	  0	  0	  0	  0	  0	  0	  0	  0	  0	  0	  0	 61	 50	 54	 68	  0	 37	  0	  0	  0	  0	  0	  0	  0	  0	  0	  0	  0	  5	17980	  0
13/12/2016	23:55:59	->	L	00000000	 21	 73	 50	 27	  0	258	  0	  4	  4	  4	  4	  4	  4	  4	  4	  0	  0	  0	  0	  0	  0	  0	  0	  0	  0	  0	  0	  0	  0	  0	  0	  0	  0	  0	  0	  0	  0	  0	  0	 64	 50	 46	 73	  0	 27	  0	  0	  0	  0	  0	  0	  0	  0	  0	  0	  0	  5	20540	  0
14/12/2016	00:00:59	->	L	00000000	 21	 75	 50	 27	  0	263	  0	  4	  4	  4	  4	  4	  4	  4	  4	  0	  0	  0	  0	  0	  0	  0	  0	  0	  0	  0	  0	  0	  0	  0	  0	  0	  0	  0	  0	  0	  0	  0	  0	 65	 50	 44	 75	  0	 25	  0	  0	  0	  0	  0	  0	  0	  0	  0	  0	  0	  5	20540	  0
14/12/2016	00:05:59	->	L	00000000	 21	 75	 50	 25	  0	268	  0	  4	  4	  4	  4	  4	  4	  4	  4	  0	  0	  0	  0	  0	  0	  0	  0	  0	  0	  0	  0	  0	  0	  0	  0	  0	  0	  0	  0	  0	  0	  0	  0	 65	 50	 44	 75	  0	 25	  0	  0	  0	  0	  0	  0	  0	  0	  0	  0	  0	  5	20540	  0
14/12/2016	00:10:59	->	L	00000000	 21	 75	 50	 25	  0	273	  0	  4	  4	  4	  4	  4	  4	  4	  4	  0	  0	  0	  0	  0	  0	  0	  0	  0	  0	  0	  0	  0	  0	  0	  0	  0	  0	  0	  0	  0	  0	  0	  0	 65	 50	 44	 75	  0	 25	  0	  0	  0	  0	  0	  0	  0	  0	  0	  0	  0	  5	20540	  0
14/12/2016	00:15:59	->	L	00000000	 21	 75	 50	 25	  0	278	  0	  4	  4	  4	  4	  4	  4	  4	  4	  0	  0	  0	  0	  0	  0	  0	  0	  0	  0	  0	  0	  0	  0	  0	  0	  0	  0	  0	  0	  0	  0	  0	  0	 66	 50	 41	 75	  0	 25	  0	  0	  0	  0	  0	  0	  0	  0	  0	  0	  0	  5	19260	  0
14/12/2016	00:20:59	->	L	00000000	 21	 74	 50	 27	  0	283	  0	  4	  4	  4	  4	  4	  4	  4	  4	  0	  0	  0	  0	  0	  0	  0	  0	  0	  0	  0	  0	  0	  0	  0	  0	  0	  0	  0	  0	  0	  0	  0	  0	 65	 50	 44	 74	  0	 27	  0	  0	  0	  0	  0	  0	  0	  0	  0	  0	  0	  5	19260	  0
14/12/2016	00:25:59	->	L	00000000	 21	 74	 50	 27	  0	288	  0	  4	  4	  4	  4	  4	  4	  4	  4	  0	  0	  0	  0	  0	  0	  0	  0	  0	  0	  0	  0	  0	  0	  0	  0	  0	  0	  0	  0	  0	  0	  0	  0	 65	 50	 44	 74	  0	 27	  0	  0	  0	  0	  0	  0	  0	  0	  0	  0	  0	  5	19260	  0
14/12/2016	00:30:59	->	L	00000000	 21	 74	 50	 27	  0	293	  0	  4	  4	  4	  4	  4	  4	  4	  4	  0	  0	  0	  0	  0	  0	  0	  0	  0	  0	  0	  0	  0	  0	  0	  0	  0	  0	  0	  0	  0	  0	  0	  0	 65	 50	 44	 74	  0	 27	  0	  0	  0	  0	  0	  0	  0	  0	  0	  0	  0	  5	19260	  0
14/12/2016	00:35:59	->	L	00000000	 21	 73	 50	 27	  0	298	  0	  4	  4	  4	  4	  4	  4	  4	  4	  0	  0	  0	  0	  0	  0	  0	  0	  0	  0	  0	  0	  0	  0	  0	  0	  0	  0	  0	  0	  0	  0	  0	  0	 65	 50	 44	 73	  0	 27	  0	  0	  0	  0	  0	  0	  0	  0	  0	  0	  0	  5	19260	  0
14/12/2016	00:40:59	->	L	00000000	 21	 73	 50	 27	  0	303	  0	  4	  4	  4	  4	  4	  4	  4	  4	  0	  0	  0	  0	  0	  0	  0	  0	  0	  0	  0	  0	  0	  0	  0	  0	  0	  0	  0	  0	  0	  0	  0	  0	 65	 50	 44	 73	  0	 27	  0	  0	  0	  0	  0	  0	  0	  0	  0	  0	  0	  5	19260	  0
14/12/2016	00:45:59	->	L	00000000	 21	 73	 50	 27	  0	308	  0	  4	  4	  4	  4	  4	  4	  4	  4	  0	  0	  0	  0	  0	  0	  0	  0	  0	  0	  0	  0	  0	  0	  0	  0	  0	  0	  0	  0	  0	  0	  0	  0	 65	 50	 44	 73	  0	 27	  0	  0	  0	  0	  0	  0	  0	  0	  0	  0	  0	  5	19260	  0
14/12/2016	00:50:59	->	L	00000000	 21	 73	 50	 27	  0	313	  0	  4	  4	  4	  4	  4	  4	  4	  4	  0	  0	  0	  0	  0	  0	  0	  0	  0	  0	  0	  0	  0	  0	  0	  0	  0	  0	  0	  0	  0	  0	  0	  0	 64	 50	 46	 73	  0	 27	  0	  0	  0	  0	  0	  0	  0	  0	  0	  0	  0	  5	19260	  0
14/12/2016	00:55:59	->	L	00000000	 21	 72	 50	 29	  0	318	  0	  4	  4	  4	  4	  4	  4	  4	  4	  0	  0	  0	  0	  0	  0	  0	  0	  0	  0	  0	  0	  0	  0	  0	  0	  0	  0	  0	  0	  0	  0	  0	  0	 65	 50	 44	 72	  0	 29	  0	  0	  0	  0	  0	  0	  0	  0	  0	  0	  0	  5	19260	  0
14/12/2016	01:00:59	->	L	00000000	 21	 73	 50	 29	  0	323	  0	  4	  4	  4	  4	  4	  4	  4	  4	  0	  0	  0	  0	  0	  0	  0	  0	  0	  0	  0	  0	  0	  0	  0	  0	  0	  0	  0	  0	  0	  0	  0	  0	 64	 50	 46	 73	  0	 27	  0	  0	  0	  0	  0	  0	  0	  0	  0	  0	  0	  5	19260	  0
14/12/2016	01:05:59	->	L	00000000	 21	 72	 50	 27	  0	328	  0	  4	  4	  4	  4	  4	  4	  4	  4	  0	  0	  0	  0	  0	  0	  0	  0	  0	  0	  0	  0	  0	  0	  0	  0	  0	  0	  0	  0	  0	  0	  0	  0	 64	 50	 46	 72	  0	 29	  0	  0	  0	  0	  0	  0	  0	  0	  0	  0	  0	  5	19260	  0
14/12/2016	01:10:59	->	L	00000000	 21	 73	 50	 29	  0	333	  0	  4	  4	  4	  4	  4	  4	  4	  4	  0	  0	  0	  0	  0	  0	  0	  0	  0	  0	  0	  0	  0	  0	  0	  0	  0	  0	  0	  0	  0	  0	  0	  0	 64	 50	 46	 73	  0	 27	  0	  0	  0	  0	  0	  0	  0	  0	  0	  0	  0	  5	19260	  0
14/12/2016	01:15:59	->	L	00000000	 21	 72	 50	 29	  0	338	  0	  4	  4	  4	  4	  4	  4	  4	  4	  0	  0	  0	  0	  0	  0	  0	  0	  0	  0	  0	  0	  0	  0	  0	  0	  0	  0	  0	  0	  0	  0	  0	  0	 64	 50	 46	 72	  0	 29	  0	  0	  0	  0	  0	  0	  0	  0	  0	  0	  0	  5	19260	  0
14/12/2016	01:20:59	->	L	00000000	 21	 72	 50	 29	  0	343	  0	  4	  4	  4	  4	  4	  4	  4	  4	  0	  0	  0	  0	  0	  0	  0	  0	  0	  0	  0	  0	  0	  0	  0	  0	  0	  0	  0	  0	  0	  0	  0	  0	 64	 50	 46	 72	  0	 29	  0	  0	  0	  0	  0	  0	  0	  0	  0	  0	  0	  5	19260	  0
14/12/2016	01:25:59	->	L	00000000	 21	 72	 50	 29	  0	348	  0	  4	  4	  4	  4	  4	  4	  4	  4	  0	  0	  0	  0	  0	  0	  0	  0	  0	  0	  0	  0	  0	  0	  0	  0	  0	  0	  0	  0	  0	  0	  0	  0	 64	 50	 46	 72	  0	 29	  0	  0	  0	  0	  0	  0	  0	  0	  0	  0	  0	  5	19260	  0
14/12/2016	01:30:59	->	L	00000000	 21	 72	 50	 29	  0	353	  0	  4	  4	  4	  4	  4	  4	  4	  4	  0	  0	  0	  0	  0	  0	  0	  0	  0	  0	  0	  0	  0	  0	  0	  0	  0	  0	  0	  0	  0	  0	  0	  0	 64	 50	 46	 72	  0	 29	  0	  0	  0	  0	  0	  0	  0	  0	  0	  0	  0	  5	19260	  0
14/12/2016	01:35:59	->	L	00000000	 21	 72	 50	 29	  0	358	  0	  4	  4	  4	  4	  4	  4	  4	  4	  0	  0	  0	  0	  0	  0	  0	  0	  0	  0	  0	  0	  0	  0	  0	  0	  0	  0	  0	  0	  0	  0	  0	  0	 64	 50	 46	 72	  0	 29	  0	  0	  0	  0	  0	  0	  0	  0	  0	  0	  0	  5	19260	  0
14/12/2016	01:40:59	  	L	00000000	 22	 72	 50	 29	  0	  3	  0	  4	  4	  4	  4	  4	  4	  4	  4	  0	  0	  0	  0	  0	  0	  0	  0	  0	  0	  0	  0	  0	  0	  0	  0	  0	  0	  0	  0	  0	  0	  0	  0	 64	 50	 46	 72	  0	 29	  0	  0	  0	  0	  0	  0	  0	  0	  0	  0	  0	  5	19264	  0
14/12/2016	01:45:59	<-	L	00000000	 22	 74	 51	 30	  0	  8	  0	  4	  4	  4	  4	  4	  4	  4	  4	  0	  0	  0	  0	  0	  0	  0	  0	  0	  0	  0	  0	  0	  0	  0	  0	  0	  0	  0	  0	  0	  0	  0	  0	 74	 51	 27	 65	  0	 46	  0	  0	  0	  0	  0	  0	  0	  0	  0	  0	  0	  5	19264	  0
14/12/2016	01:50:59	<-	L	00000000	 22	 74	 51	 27	  0	 13	  0	  4	  4	  4	  4	  4	  4	  4	  4	  0	  0	  0	  0	  0	  0	  0	  0	  0	  0	  0	  0	  0	  0	  0	  0	  0	  0	  0	  0	  0	  0	  0	  0	 74	 51	 27	 64	  0	 49	  0	  0	  0	  0	  0	  0	  0	  0	  0	  0	  0	  5	19264	  0
14/12/2016	01:55:59	<-	L	00000000	 22	 74	 51	 27	  0	 18	  0	  4	  4	  4	  4	  4	  4	  4	  4	  0	  0	  0	  0	  0	  0	  0	  0	  0	  0	  0	  0	  0	  0	  0	  0	  0	  0	  0	  0	  0	  0	  0	  0	 74	 51	 27	 64	  0	 49	  0	  0	  0	  0	  0	  0	  0	  0	  0	  0	  0	  5	19264	  0
14/12/2016	02:00:59	<-	L	00000000	 22	 74	 52	 27	  0	 23	  0	  4	  4	  4	  4	  4	  4	  4	  4	  0	  0	  0	  0	  0	  0	  0	  0	  0	  0	  0	  0	  0	  0	  0	  0	  0	  0	  0	  0	  0	  0	  0	  0	 74	 52	 30	 63	  0	 55	  0	  0	  0	  0	  0	  0	  0	  0	  0	  0	  0	  5	19264	  0
14/12/2016	02:05:59	<-	L	00000000	 22	 74	 51	 28	  0	 28	  0	  4	  4	  4	  4	  4	  4	  4	  4	  0	  0	  0	  0	  0	  0	  0	  0	  0	  0	  0	  0	  0	  0	  0	  0	  0	  0	  0	  0	  0	  0	  0	  0	 74	 51	 27	 63	  0	 52	  0	  0	  0	  0	  0	  0	  0	  0	  0	  0	  0	  5	19264	  0
14/12/2016	02:10:59	<-	L	00000000	 22	 73	 52	 30	  0	 33	  0	  4	  4	  4	  4	  4	  4	  4	  4	  0	  0	  0	  0	  0	  0	  0	  0	  0	  0	  0	  0	  0	  0	  0	  0	  0	  0	  0	  0	  0	  0	  0	  0	 73	 52	 31	 63	  0	 55	  0	  0	  0	  0	  0	  0	  0	  0	  0	  0	  0	  5	19264	  0
14/12/2016	02:15:59	<-	L	00000000	 22	 74	 51	 27	  0	 38	  0	  4	  4	  4	  4	  4	  4	  4	  4	  0	  0	  0	  0	  0	  0	  0	  0	  0	  0	  0	  0	  0	  0	  0	  0	  0	  0	  0	  0	  0	  0	  0	  0	 74	 51	 27	 63	  0	 52	  0	  0	  0	  0	  0	  0	  0	  0	  0	  0	  0	  5	19264	  0
14/12/2016	02:20:59	<-	L	00000000	 22	 73	 51	 30	  0	 43	  0	  4	  4	  4	  4	  4	  4	  4	  4	  0	  0	  0	  0	  0	  0	  0	  0	  0	  0	  0	  0	  0	  0	  0	  0	  0	  0	  0	  0	  0	  0	  0	  0	 73	 51	 30	 63	  0	 52	  0	  0	  0	  0	  0	  0	  0	  0	  0	  0	  0	  5	19264	  0
14/12/2016	02:25:59	<-	L	00000000	 22	 73	 51	 31	  0	 48	  0	  4	  4	  4	  4	  4	  4	  4	  4	  0	  0	  0	  0	  0	  0	  0	  0	  0	  0	  0	  0	  0	  0	  0	  0	  0	  0	  0	  0	  0	  0	  0	  0	 73	 51	 30	 62	  0	 55	  0	  0	  0	  0	  0	  0	  0	  0	  0	  0	  0	  5	19264	  0
14/12/2016	02:30:59	<-	L	00000000	 22	 76	 52	 28	  0	 53	  0	  4	  4	  4	  4	  4	  4	  4	  4	  0	  0	  0	  0	  0	  0	  0	  0	  0	  0	  0	  0	  0	  0	  0	  0	  0	  0	  0	  0	  0	  0	  0	  0	 76	 52	 28	 63	  0	 55	  0	  0	  0	  0	  0	  0	  0	  0	  0	  0	  0	  5	19264	  0
14/12/2016	02:35:59	<-	L	00000000	 22	 73	 51	 31	  0	 58	  0	  4	  4	  4	  4	  4	  4	  4	  4	  0	  0	  0	  0	  0	  0	  0	  0	  0	  0	  0	  0	  0	  0	  0	  0	  0	  0	  0	  0	  0	  0	  0	  0	 73	 51	 30	 62	  0	 55	  0	  0	  0	  0	  0	  0	  0	  0	  0	  0	  0	  5	19264	  0
14/12/2016	02:40:59	<-	L	00000000	 22	 76	 52	 28	  0	 63	  0	  4	  4	  4	  4	  4	  4	  4	  4	  0	  0	  0	  0	  0	  0	  0	  0	  0	  0	  0	  0	  0	  0	  0	  0	  0	  0	  0	  0	  0	  0	  0	  0	 76	 52	 28	 63	  0	 55	  0	  0	  0	  0	  0	  0	  0	  0	  0	  0	  0	  5	19264	  0
14/12/2016	02:45:59	<-	L	00000000	 22	 74	 51	 30	  0	 68	  0	  4	  4	  4	  4	  4	  4	  4	  4	  0	  0	  0	  0	  0	  0	  0	  0	  0	  0	  0	  0	  0	  0	  0	  0	  0	  0	  0	  0	  0	  0	  0	  0	 74	 51	 27	 62	  0	 55	  0	  0	  0	  0	  0	  0	  0	  0	  0	  0	  0	  5	19264	  0
14/12/2016	02:50:59	<-	L	00000000	 22	 75	 52	 28	  0	 73	  0	  4	  4	  4	  4	  4	  4	  4	  4	  0	  0	  0	  0	  0	  0	  0	  0	  0	  0	  0	  0	  0	  0	  0	  0	  0	  0	  0	  0	  0	  0	  0	  0	 75	 52	 28	 63	  0	 55	  0	  0	  0	  0	  0	  0	  0	  0	  0	  0	  0	  5	19264	  0
14/12/2016	02:55:59	<-	L	00000000	 22	 72	 51	 31	  0	 78	  0	  4	  4	  4	  4	  4	  4	  4	  4	  0	  0	  0	  0	  0	  0	  0	  0	  0	  0	  0	  0	  0	  0	  0	  0	  0	  0	  0	  0	  0	  0	  0	  0	 72	 51	 31	 62	  0	 55	  0	  0	  0	  0	  0	  0	  0	  0	  0	  0	  0	  5	19264	  0
14/12/2016	03:00:59	<-	L	00000000	 22	 77	 52	 26	  0	 83	  0	  4	  4	  4	  4	  4	  4	  4	  4	  0	  0	  0	  0	  0	  0	  0	  0	  0	  0	  0	  0	  0	  0	  0	  0	  0	  0	  0	  0	  0	  0	  0	  0	 77	 52	 26	 64	  0	 52	  0	  0	  0	  0	  0	  0	  0	  0	  0	  0	  0	  5	19264	  0
14/12/2016	03:05:59	<-	L	00000000	 22	 72	 51	 31	  0	 88	  0	  4	  4	  4	  4	  4	  4	  4	  4	  0	  0	  0	  0	  0	  0	  0	  0	  0	  0	  0	  0	  0	  0	  0	  0	  0	  0	  0	  0	  0	  0	  0	  0	 72	 51	 31	 62	  0	 55	  0	  0	  0	  0	  0	  0	  0	  0	  0	  0	  0	  5	19264	  0
14/12/2016	03:10:59	<-	L	00000000	 22	 77	 52	 26	  0	 93	  0	  4	  4	  4	  4	  4	  4	  4	  4	  0	  0	  0	  0	  0	  0	  0	  0	  0	  0	  0	  0	  0	  0	  0	  0	  0	  0	  0	  0	  0	  0	  0	  0	 77	 52	 26	 63	  0	 55	  0	  0	  0	  0	  0	  0	  0	  0	  0	  0	  0	  5	19264	  0
14/12/2016	03:15:59	<-	L	00000000	 22	 72	 51	 34	  0	 98	  0	  4	  4	  4	  4	  4	  4	  4	  4	  0	  0	  0	  0	  0	  0	  0	  0	  0	  0	  0	  0	  0	  0	  0	  0	  0	  0	  0	  0	  0	  0	  0	  0	 72	 51	 31	 62	  0	 55	  0	  0	  0	  0	  0	  0	  0	  0	  0	  0	  0	  5	19264	  0
14/12/2016	03:20:59	<-	L	00000000	 22	 77	 52	 26	  0	103	  0	  4	  4	  4	  4	  4	  4	  4	  4	  0	  0	  0	  0	  0	  0	  0	  0	  0	  0	  0	  0	  0	  0	  0	  0	  0	  0	  0	  0	  0	  0	  0	  0	 77	 52	 26	 63	  0	 55	  0	  0	  0	  0	  0	  0	  0	  0	  0	  0	  0	  5	19264	  0
14/12/2016	03:25:59	<-	L	00000000	 22	 72	 51	 31	  0	108	  0	  4	  4	  4	  4	  4	  4	  4	  4	  0	  0	  0	  0	  0	  0	  0	  0	  0	  0	  0	  0	  0	  0	  0	  0	  0	  0	  0	  0	  0	  0	  0	  0	 72	 51	 31	 62	  0	 55	  0	  0	  0	  0	  0	  0	  0	  0	  0	  0	  0	  5	19264	  0
14/12/2016	03:30:59	<-	L	00000000	 22	 77	 52	 26	  0	113	  0	  4	  4	  4	  4	  4	  4	  4	  4	  0	  0	  0	  0	  0	  0	  0	  0	  0	  0	  0	  0	  0	  0	  0	  0	  0	  0	  0	  0	  0	  0	  0	  0	 77	 52	 26	 64	  0	 52	  0	  0	  0	  0	  0	  0	  0	  0	  0	  0	  0	  5	19264	  0
14/12/2016	03:35:59	<-	L	00000000	 22	 72	 51	 31	  0	118	  0	  4	  4	  4	  4	  4	  4	  4	  4	  0	  0	  0	  0	  0	  0	  0	  0	  0	  0	  0	  0	  0	  0	  0	  0	  0	  0	  0	  0	  0	  0	  0	  0	 72	 51	 31	 62	  0	 55	  0	  0	  0	  0	  0	  0	  0	  0	  0	  0	  0	  5	19264	  0
14/12/2016	03:40:59	<-	L	00000000	 22	 77	 52	 26	  0	123	  0	  4	  4	  4	  4	  4	  4	  4	  4	  0	  0	  0	  0	  0	  0	  0	  0	  0	  0	  0	  0	  0	  0	  0	  0	  0	  0	  0	  0	  0	  0	  0	  0	 77	 52	 26	 64	  0	 52	  0	  0	  0	  0	  0	  0	  0	  0	  0	  0	  0	  5	19264	  0
14/12/2016	03:45:59	<-	L	00000000	 22	 72	 51	 30	  0	128	  0	  4	  4	  4	  4	  4	  4	  4	  4	  0	  0	  0	  0	  0	  0	  0	  0	  0	  0	  0	  0	  0	  0	  0	  0	  0	  0	  0	  0	  0	  0	  0	  0	 72	 51	 31	 63	  0	 52	  0	  0	  0	  0	  0	  0	  0	  0	  0	  0	  0	  5	19264	  0
14/12/2016	03:50:59	<-	L	00000000	 22	 76	 51	 26	  0	133	  0	  4	  4	  4	  4	  4	  4	  4	  4	  0	  0	  0	  0	  0	  0	  0	  0	  0	  0	  0	  0	  0	  0	  0	  0	  0	  0	  0	  0	  0	  0	  0	  0	 76	 51	 26	 63	  0	 52	  0	  0	  0	  0	  0	  0	  0	  0	  0	  0	  0	  5	19264	  0
14/12/2016	03:55:59	<-	L	00000000	 22	 75	 51	 28	  0	138	  0	  4	  4	  4	  4	  4	  4	  4	  4	  0	  0	  0	  0	  0	  0	  0	  0	  0	  0	  0	  0	  0	  0	  0	  0	  0	  0	  0	  0	  0	  0	  0	  0	 75	 51	 28	 63	  0	 52	  0	  0	  0	  0	  0	  0	  0	  0	  0	  0	  0	  5	19264	  0
14/12/2016	04:00:59	<-	L	00000000	 22	 74	 51	 30	  0	143	  0	  4	  4	  4	  4	  4	  4	  4	  4	  0	  0	  0	  0	  0	  0	  0	  0	  0	  0	  0	  0	  0	  0	  0	  0	  0	  0	  0	  0	  0	  0	  0	  0	 74	 51	 27	 63	  0	 52	  0	  0	  0	  0	  0	  0	  0	  0	  0	  0	  0	  5	19264	  0
14/12/2016	04:05:59	<-	L	00000000	 22	 76	 52	 26	  0	148	  0	  4	  4	  4	  4	  4	  4	  4	  4	  0	  0	  0	  0	  0	  0	  0	  0	  0	  0	  0	  0	  0	  0	  0	  0	  0	  0	  0	  0	  0	  0	  0	  0	 76	 52	 28	 64	  0	 52	  0	  0	  0	  0	  0	  0	  0	  0	  0	  0	  0	  5	19264	  0
14/12/2016	04:10:59	<-	L	00000000	 22	 72	 51	 31	  0	153	  0	  4	  4	  4	  4	  4	  4	  4	  4	  0	  0	  0	  0	  0	  0	  0	  0	  0	  0	  0	  0	  0	  0	  0	  0	  0	  0	  0	  0	  0	  0	  0	  0	 72	 51	 31	 62	  0	 55	  0	  0	  0	  0	  0	  0	  0	  0	  0	  0	  0	  5	19264	  0
14/12/2016	04:15:59	<-	L	00000000	 22	 77	 52	 26	  0	158	  0	  4	  4	  4	  4	  4	  4	  4	  4	  0	  0	  0	  0	  0	  0	  0	  0	  0	  0	  0	  0	  0	  0	  0	  0	  0	  0	  0	  0	  0	  0	  0	  0	 77	 52	 26	 64	  0	 52	  0	  0	  0	  0	  0	  0	  0	  0	  0	  0	  0	  5	19264	  0
14/12/2016	04:20:59	<-	L	00000000	 22	 73	 51	 31	  0	163	  0	  4	  4	  4	  4	  4	  4	  4	  4	  0	  0	  0	  0	  0	  0	  0	  0	  0	  0	  0	  0	  0	  0	  0	  0	  0	  0	  0	  0	  0	  0	  0	  0	 73	 51	 30	 62	  0	 55	  0	  0	  0	  0	  0	  0	  0	  0	  0	  0	  0	  5	19264	  0
14/12/2016	04:25:59	<-	L	00000000	 22	 77	 52	 26	  0	168	  0	  4	  4	  4	  4	  4	  4	  4	  4	  0	  0	  0	  0	  0	  0	  0	  0	  0	  0	  0	  0	  0	  0	  0	  0	  0	  0	  0	  0	  0	  0	  0	  0	 77	 52	 26	 63	  0	 55	  0	  0	  0	  0	  0	  0	  0	  0	  0	  0	  0	  5	19264	  0
14/12/2016	04:30:59	<-	L	00000000	 22	 72	 51	 34	  0	173	  0	  4	  4	  4	  4	  4	  4	  4	  4	  0	  0	  0	  0	  0	  0	  0	  0	  0	  0	  0	  0	  0	  0	  0	  0	  0	  0	  0	  0	  0	  0	  0	  0	 72	 51	 31	 62	  0	 55	  0	  0	  0	  0	  0	  0	  0	  0	  0	  0	  0	  5	19264	  0
14/12/2016	04:35:59	<-	L	00000000	 22	 77	 51	 27	  0	178	  0	  4	  4	  4	  4	  4	  4	  4	  4	  0	  0	  0	  0	  0	  0	  0	  0	  0	  0	  0	  0	  0	  0	  0	  0	  0	  0	  0	  0	  0	  0	  0	  0	 77	 51	 27	 64	  0	 49	  0	  0	  0	  0	  0	  0	  0	  0	  0	  0	  0	  5	19264	  0
14/12/2016	04:40:59	<-	L	00000000	 22	 72	 51	 31	  0	183	  0	  4	  4	  4	  4	  4	  4	  4	  4	  0	  0	  0	  0	  0	  0	  0	  0	  0	  0	  0	  0	  0	  0	  0	  0	  0	  0	  0	  0	  0	  0	  0	  0	 72	 51	 31	 62	  0	 55	  0	  0	  0	  0	  0	  0	  0	  0	  0	  0	  0	  5	19264	  0
14/12/2016	04:45:59	<-	L	00000000	 22	 78	 52	 25	  0	188	  0	  4	  4	  4	  4	  4	  4	  4	  4	  0	  0	  0	  0	  0	  0	  0	  0	  0	  0	  0	  0	  0	  0	  0	  0	  0	  0	  0	  0	  0	  0	  0	  0	 78	 52	 27	 64	  0	 52	  0	  0	  0	  0	  0	  0	  0	  0	  0	  0	  0	  5	19264	  0
14/12/2016	04:50:59	<-	L	00000000	 22	 71	 51	 34	  0	193	  0	  4	  4	  4	  4	  4	  4	  4	  4	  0	  0	  0	  0	  0	  0	  0	  0	  0	  0	  0	  0	  0	  0	  0	  0	  0	  0	  0	  0	  0	  0	  0	  0	 71	 51	 34	 62	  0	 55	  0	  0	  0	  0	  0	  0	  0	  0	  0	  0	  0	  5	19264	  0
14/12/2016	04:55:59	<-	L	00000000	 22	 77	 51	 27	  0	198	  0	  4	  4	  4	  4	  4	  4	  4	  4	  0	  0	  0	  0	  0	  0	  0	  0	  0	  0	  0	  0	  0	  0	  0	  0	  0	  0	  0	  0	  0	  0	  0	  0	 77	 51	 27	 64	  0	 49	  0	  0	  0	  0	  0	  0	  0	  0	  0	  0	  0	  5	19264	  0
14/12/2016	05:00:59	<-	L	00000000	 22	 72	 51	 30	  0	203	  0	  4	  4	  4	  4	  4	  4	  4	  4	  0	  0	  0	  0	  0	  0	  0	  0	  0	  0	  0	  0	  0	  0	  0	  0	  0	  0	  0	  0	  0	  0	  0	  0	 72	 51	 31	 62	  0	 55	  0	  0	  0	  0	  0	  0	  0	  0	  0	  0	  0	  5	19264	  0
14/12/2016	05:05:59	<-	L	00000000	 22	 78	 51	 27	  0	208	  0	  4	  4	  4	  4	  4	  4	  4	  4	  0	  0	  0	  0	  0	  0	  0	  0	  0	  0	  0	  0	  0	  0	  0	  0	  0	  0	  0	  0	  0	  0	  0	  0	 78	 51	 25	 63	  0	 52	  0	  0	  0	  0	  0	  0	  0	  0	  0	  0	  0	  5	19264	  0
14/12/2016	05:10:59	<-	L	00000000	 22	 73	 51	 27	  0	213	  0	  4	  4	  4	  4	  4	  4	  4	  4	  0	  0	  0	  0	  0	  0	  0	  0	  0	  0	  0	  0	  0	  0	  0	  0	  0	  0	  0	  0	  0	  0	  0	  0	 73	 51	 30	 63	  0	 52	  0	  0	  0	  0	  0	  0	  0	  0	  0	  0	  0	  5	19264	  0
14/12/2016	05:15:59	<-	L	00000000	 22	 77	 51	 28	  0	218	  0	  4	  4	  4	  4	  4	  4	  4	  4	  0	  0	  0	  0	  0	  0	  0	  0	  0	  0	  0	  0	  0	  0	  0	  0	  0	  0	  0	  0	  0	  0	  0	  0	 77	 51	 27	 63	  0	 52	  0	  0	  0	  0	  0	  0	  0	  0	  0	  0	  0	  5	19264	  0
14/12/2016	05:20:59	<-	L	00000000	 22	 74	 51	 26	  0	223	  0	  4	  4	  4	  4	  4	  4	  4	  4	  0	  0	  0	  0	  0	  0	  0	  0	  0	  0	  0	  0	  0	  0	  0	  0	  0	  0	  0	  0	  0	  0	  0	  0	 74	 51	 27	 63	  0	 52	  0	  0	  0	  0	  0	  0	  0	  0	  0	  0	  0	  5	19264	  0
14/12/2016	05:25:59	<-	L	00000000	 22	 76	 51	 28	  0	228	  0	  4	  4	  4	  4	  4	  4	  4	  4	  0	  0	  0	  0	  0	  0	  0	  0	  0	  0	  0	  0	  0	  0	  0	  0	  0	  0	  0	  0	  0	  0	  0	  0	 76	 51	 26	 63	  0	 52	  0	  0	  0	  0	  0	  0	  0	  0	  0	  0	  0	  5	19264	  0
14/12/2016	05:30:59	<-	L	00000000	 22	 75	 51	 26	  0	233	  0	  4	  4	  4	  4	  4	  4	  4	  4	  0	  0	  0	  0	  0	  0	  0	  0	  0	  0	  0	  0	  0	  0	  0	  0	  0	  0	  0	  0	  0	  0	  0	  0	 75	 51	 28	 64	  0	 49	  0	  0	  0	  0	  0	  0	  0	  0	  0	  0	  0	  5	19264	  0
14/12/2016	05:35:59	<-	L	00000000	 22	 75	 51	 27	  0	238	  0	  4	  4	  4	  4	  4	  4	  4	  4	  0	  0	  0	  0	  0	  0	  0	  0	  0	  0	  0	  0	  0	  0	  0	  0	  0	  0	  0	  0	  0	  0	  0	  0	 75	 51	 28	 63	  0	 52	  0	  0	  0	  0	  0	  0	  0	  0	  0	  0	  0	  5	19264	  0
14/12/2016	05:40:59	<-	L	00000000	 22	 78	 51	 24	  0	243	  0	  4	  4	  4	  4	  4	  4	  4	  4	  0	  0	  0	  0	  0	  0	  0	  0	  0	  0	  0	  0	  0	  0	  0	  0	  0	  0	  0	  0	  0	  0	  0	  0	 78	 51	 25	 64	  0	 49	  0	  0	  0	  0	  0	  0	  0	  0	  0	  0	  0	  5	19264	  0
14/12/2016	05:45:59	->	L	00000000	 22	 80	 51	 23	  0	248	  0	  4	  4	  4	  4	  4	  4	  4	  4	  0	  0	  0	  0	  0	  0	  0	  0	  0	  0	  0	  0	  0	  0	  0	  0	  0	  0	  0	  0	  0	  0	  0	  0	 71	 51	 34	 80	  0	 23	  0	  0	  0	  0	  0	  0	  0	  0	  0	  0	  0	  5	19264	  0
14/12/2016	05:50:59	->	L	00000000	 22	 78	 51	 25	  0	253	  0	  4	  4	  4	  4	  4	  4	  4	  4	  0	  0	  0	  0	  0	  0	  0	  0	  0	  0	  0	  0	  0	  0	  0	  0	  0	  0	  0	  0	  0	  0	  0	  0	 71	 51	 34	 78	  0	 25	  0	  0	  0	  0	  0	  0	  0	  0	  0	  0	  0	  5	19264	  0
14/12/2016	05:55:59	->	L	00000000	 22	 73	 51	 30	  0	258	  0	  4	  4	  4	  4	  4	  4	  4	  4	  0	  0	  0	  0	  0	  0	  0	  0	  0	  0	  0	  0	  0	  0	  0	  0	  0	  0	  0	  0	  0	  0	  0	  0	 69	 51	 38	 73	  0	 30	  0	  0	  0	  0	  0	  0	  0	  0	  0	  0	  0	  5	19264	  0
14/12/2016	06:00:59	->	L	00000000	 22	 78	 51	 25	  0	263	  0	  4	  4	  4	  4	  4	  4	  4	  4	  0	  0	  0	  0	  0	  0	  0	  0	  0	  0	  0	  0	  0	  0	  0	  0	  0	  0	  0	  0	  0	  0	  0	  0	 69	 51	 38	 78	  0	 25	  0	  0	  0	  0	  0	  0	  0	  0	  0	  0	  0	  5	19264	  0
14/12/2016	06:05:59	->	L	00000000	 22	 75	 51	 26	  0	268	  0	  4	  4	  4	  4	  4	  4	  4	  4	  0	  0	  0	  0	  0	  0	  0	  0	  0	  0	  0	  0	  0	  0	  0	  0	  0	  0	  0	  0	  0	  0	  0	  0	 69	 51	 38	 75	  0	 28	  0	  0	  0	  0	  0	  0	  0	  0	  0	  0	  0	  5	19264	  0
14/12/2016	06:10:59	->	L	00000000	 22	 74	 51	 30	  0	273	  0	  4	  4	  4	  4	  4	  4	  4	  4	  0	  0	  0	  0	  0	  0	  0	  0	  0	  0	  0	  0	  0	  0	  0	  0	  0	  0	  0	  0	  0	  0	  0	  0	 68	 51	 39	 74	  0	 27	  0	  0	  0	  0	  0	  0	  0	  0	  0	  0	  0	  5	19264	  0
14/12/2016	06:15:59	->	L	00000000	 22	 76	 51	 27	  0	278	  0	  4	  4	  4	  4	  4	  4	  4	  4	  0	  0	  0	  0	  0	  0	  0	  0	  0	  0	  0	  0	  0	  0	  0	  0	  0	  0	  0	  0	  0	  0	  0	  0	 69	 51	 38	 76	  0	 26	  0	  0	  0	  0	  0	  0	  0	  0	  0	  0	  0	  5	19264	  0
14/12/2016	06:20:59	->	L	00000000	 22	 74	 51	 30	  0	283	  0	  4	  4	  4	  4	  4	  4	  4	  4	  0	  0	  0	  0	  0	  0	  0	  0	  0	  0	  0	  0	  0	  0	  0	  0	  0	  0	  0	  0	  0	  0	  0	  0	 68	 51	 39	 74	  0	 27	  0	  0	  0	  0	  0	  0	  0	  0	  0	  0	  0	  5	19264	  0
14/12/2016	06:25:59	->	L	00000000	 22	 76	 51	 27	  0	288	  0	  4	  4	  4	  4	  4	  4	  4	  4	  0	  0	  0	  0	  0	  0	  0	  0	  0	  0	  0	  0	  0	  0	  0	  0	  0	  0	  0	  0	  0	  0	  0	  0	 68	 51	 39	 76	  0	 26	  0	  0	  0	  0	  0	  0	  0	  0	  0	  0	  0	  5	19264	  0
14/12/2016	06:30:59	->	L	00000000	 22	 74	 51	 30	  0	293	  0	  4	  4	  4	  4	  4	  4	  4	  4	  0	  0	  0	  0	  0	  0	  0	  0	  0	  0	  0	  0	  0	  0	  0	  0	  0	  0	  0	  0	  0	  0	  0	  0	 67	 51	 42	 74	  0	 27	  0	  0	  0	  0	  0	  0	  0	  0	  0	  0	  0	  5	19264	  0
14/12/2016	06:35:59	->	L	00000000	 22	 75	 51	 26	  0	298	  0	  4	  4	  4	  4	  4	  4	  4	  4	  0	  0	  0	  0	  0	  0	  0	  0	  0	  0	  0	  0	  0	  0	  0	  0	  0	  0	  0	  0	  0	  0	  0	  0	 68	 51	 39	 75	  0	 28	  0	  0	  0	  0	  0	  0	  0	  0	  0	  0	  0	  5	19264	  0
14/12/2016	06:40:59	->	L	00000000	 22	 73	 51	 30	  0	303	  0	  4	  4	  4	  4	  4	  4	  4	  4	  0	  0	  0	  0	  0	  0	  0	  0	  0	  0	  0	  0	  0	  0	  0	  0	  0	  0	  0	  0	  0	  0	  0	  0	 67	 51	 42	 73	  0	 30	  0	  0	  0	  0	  0	  0	  0	  0	  0	  0	  0	  5	19264	  0
14/12/2016	06:45:59	->	L	00000000	 22	 75	 51	 28	  0	308	  0	  4	  4	  4	  4	  4	  4	  4	  4	  0	  0	  0	  0	  0	  0	  0	  0	  0	  0	  0	  0	  0	  0	  0	  0	  0	  0	  0	  0	  0	  0	  0	  0	 68	 51	 39	 75	  0	 28	  0	  0	  0	  0	  0	  0	  0	  0	  0	  0	  0	  5	19264	  0
14/12/2016	06:50:59	->	L	00000000	 22	 72	 51	 31	  0	313	  0	  4	  4	  4	  4	  4	  4	  4	  4	  0	  0	  0	  0	  0	  0	  0	  0	  0	  0	  0	  0	  0	  0	  0	  0	  0	  0	  0	  0	  0	  0	  0	  0	 67	 51	 42	 72	  0	 31	  0	  0	  0	  0	  0	  0	  0	  0	  0	  0	  0	  5	19264	  0
14/12/2016	06:55:59	->	L	00000000	 22	 74	 51	 27	  0	318	  0	  4	  4	  4	  4	  4	  4	  4	  4	  0	  0	  0	  0	  0	  0	  0	  0	  0	  0	  0	  0	  0	  0	  0	  0	  0	  0	  0	  0	  0	  0	  0	  0	 67	 51	 42	 74	  0	 27	  0	  0	  0	  0	  0	  0	  0	  0	  0	  0	  0	  5	19264	  0
14/12/2016	10:46:00	  	L	00000000	 22	 41	 29	 45	  0	319	  0	  4	  4	  4	  4	  4	  4	  4	  4	  0	  0	  0	  0	  0	  0	  0	  0	  0	  0	  0	  0	  0	  0	  0	  0	  0	  0	  0	  0	  0	  0	  0	  0	 41	 29	 45	 40	  0	 48	  0	  0	  0	  0	  0	  0	  0	  0	  0	  0	  0	  5	12840	  0
14/12/2016	10:51:00	->	L	00000000	 22	 59	 34	 19	  0	324	  0	  4	  4	  4	  4	  4	  4	  4	  4	  0	  0	  0	  0	  0	  0	  0	  0	  0	  0	  0	  0	  0	  0	  0	  0	  0	  0	  0	  0	  0	  0	  0	  0	 49	 34	 38	 59	  0	 18	  0	  0	  0	  0	  0	  0	  0	  0	  0	  0	  0	  5	12840	  0
14/12/2016	10:56:00	->	L	00000000	 22	 49	 37	 44	  0	329	  0	  4	  4	  4	  4	  4	  4	  4	  4	  0	  0	  0	  0	  0	  0	  0	  0	  0	  0	  0	  0	  0	  0	  0	  0	  0	  0	  0	  0	  0	  0	  0	  0	 49	 37	 47	 49	  0	 47	  0	  0	  0	  0	  0	  0	  0	  0	  0	  0	  0	  5	12840	  0
14/12/2016	11:01:00	->	L	00000000	 22	 52	 38	 40	  0	334	  0	  4	  4	  4	  4	  4	  4	  4	  4	  0	  0	  0	  0	  0	  0	  0	  0	  0	  0	  0	  0	  0	  0	  0	  0	  0	  0	  0	  0	  0	  0	  0	  0	 51	 38	 44	 52	  0	 42	  0	  0	  0	  0	  0	  0	  0	  0	  0	  0	  0	  5	12840	  0
14/12/2016	11:05:59	->	L	00000000	 22	 57	 38	 30	  0	339	  0	  4	  4	  4	  4	  4	  4	  4	  4	  0	  0	  0	  0	  0	  0	  0	  0	  0	  0	  0	  0	  0	  0	  0	  0	  0	  0	  0	  0	  0	  0	  0	  0	 52	 38	 42	 57	  0	 30	  0	  0	  0	  0	  0	  0	  0	  0	  0	  0	  0	  5	15405	  0
14/12/2016	11:10:59	->	L	00000000	 22	 69	 40	 19	  0	344	  0	  4	  4	  4	  4	  4	  4	  4	  4	  0	  0	  0	  0	  0	  0	  0	  0	  0	  0	  0	  0	  0	  0	  0	  0	  0	  0	  0	  0	  0	  0	  0	  0	 57	 40	 34	 69	  0	 17	  0	  0	  0	  0	  0	  0	  0	  0	  0	  0	  0	  5	17965	  0
14/12/2016	11:15:59	->	L	00000000	 22	 75	 41	 15	  0	349	  0	  4	  4	  4	  4	  4	  4	  4	  4	  0	  0	  0	  0	  0	  0	  0	  0	  0	  0	  0	  0	  0	  0	  0	  0	  0	  0	  0	  0	  0	  0	  0	  0	 60	 41	 31	 75	  0	 15	  0	  0	  0	  0	  0	  0	  0	  0	  0	  0	  0	  5	17965	  0
14/12/2016	11:20:59	->	L	00000000	 22	 67	 41	 23	  0	354	  0	  4	  4	  4	  4	  4	  4	  4	  4	  0	  0	  0	  0	  0	  0	  0	  0	  0	  0	  0	  0	  0	  0	  0	  0	  0	  0	  0	  0	  0	  0	  0	  0	 60	 41	 31	 67	  0	 22	  0	  0	  0	  0	  0	  0	  0	  0	  0	  0	  0	  5	17970	  0
14/12/2016	11:25:59	->	L	00000000	 22	 74	 42	 17	  0	359	  0	  4	  4	  4	  4	  4	  4	  4	  4	  0	  0	  0	  0	  0	  0	  0	  0	  0	  0	  0	  0	  0	  0	  0	  0	  0	  0	  0	  0	  0	  0	  0	  0	 61	 42	 31	 74	  0	 17	  0	  0	  0	  0	  0	  0	  0	  0	  0	  0	  0	  5	17970	  0
14/12/2016	11:30:59	->	L	00000000	 23	 76	 43	 16	  0	  3	  0	  4	  4	  4	  4	  4	  4	  4	  4	  0	  0	  0	  0	  0	  0	  0	  0	  0	  0	  0	  0	  0	  0	  0	  0	  0	  0	  0	  0	  0	  0	  0	  0	 63	 43	 30	 76	  0	 17	  0	  0	  0	  0	  0	  0	  0	  0	  0	  0	  0	  5	19262	  0
14/12/2016	11:35:59	->	L	00000000	 23	 77	 43	 18	  0	  8	  0	  4	  4	  4	  4	  4	  4	  4	  4	  0	  0	  0	  0	  0	  0	  0	  0	  0	  0	  0	  0	  0	  0	  0	  0	  0	  0	  0	  0	  0	  0	  0	  0	 63	 43	 30	 77	  0	 16	  0	  0	  0	  0	  0	  0	  0	  0	  0	  0	  0	  5	19262	  0
14/12/2016	11:40:59	->	L	00000000	 23	 76	 44	 17	  0	 13	  0	  4	  4	  4	  4	  4	  4	  4	  4	  0	  0	  0	  0	  0	  0	  0	  0	  0	  0	  0	  0	  0	  0	  0	  0	  0	  0	  0	  0	  0	  0	  0	  0	 65	 44	 27	 76	  0	 18	  0	  0	  0	  0	  0	  0	  0	  0	  0	  0	  0	  5	19262	  0
14/12/2016	11:45:59	->	L	00000000	 23	 74	 45	 21	  0	 18	  0	  4	  4	  4	  4	  4	  4	  4	  4	  0	  0	  0	  0	  0	  0	  0	  0	  0	  0	  0	  0	  0	  0	  0	  0	  0	  0	  0	  0	  0	  0	  0	  0	 64	 45	 33	 74	  0	 20	  0	  0	  0	  0	  0	  0	  0	  0	  0	  0	  0	  5	19262	  0
14/12/2016	11:50:59	->	L	00000000	 23	 78	 45	 17	  0	 23	  0	  4	  4	  4	  4	  4	  4	  4	  4	  0	  0	  0	  0	  0	  0	  0	  0	  0	  0	  0	  0	  0	  0	  0	  0	  0	  0	  0	  0	  0	  0	  0	  0	 66	 45	 28	 78	  0	 17	  0	  0	  0	  0	  0	  0	  0	  0	  0	  0	  0	  5	19262	  0
14/12/2016	11:55:59	->	L	00000000	 23	 72	 46	 22	  0	 28	  0	  4	  4	  4	  4	  4	  4	  4	  4	  0	  0	  0	  0	  0	  0	  0	  0	  0	  0	  0	  0	  0	  0	  0	  0	  0	  0	  0	  0	  0	  0	  0	  0	 65	 46	 33	 72	  0	 24	  0	  0	  0	  0	  0	  0	  0	  0	  0	  0	  0	  5	19262	  0
14/12/2016	12:00:59	->	L	00000000	 23	 79	 46	 18	  0	 33	  0	  4	  4	  4	  4	  4	  4	  4	  4	  0	  0	  0	  0	  0	  0	  0	  0	  0	  0	  0	  0	  0	  0	  0	  0	  0	  0	  0	  0	  0	  0	  0	  0	 67	 46	 28	 79	  0	 18	  0	  0	  0	  0	  0	  0	  0	  0	  0	  0	  0	  5	19255	  0
14/12/2016	12:05:59	->	L	00000000	 23	 72	 46	 25	  0	 38	  0	  4	  4	  4	  4	  4	  4	  4	  4	  0	  0	  0	  0	  0	  0	  0	  0	  0	  0	  0	  0	  0	  0	  0	  0	  0	  0	  0	  0	  0	  0	  0	  0	 66	 46	 34	 72	  0	 24	  0	  0	  0	  0	  0	  0	  0	  0	  0	  0	  0	  5	19255	  0
14/12/2016	12:10:59	->	L	00000000	 23	 77	 47	 21	  0	 43	  0	  4	  4	  4	  4	  4	  4	  4	  4	  0	  0	  0	  0	  0	  0	  0	  0	  0	  0	  0	  0	  0	  0	  0	  0	  0	  0	  0	  0	  0	  0	  0	  0	 67	 47	 32	 77	  0	 20	  0	  0	  0	  0	  0	  0	  0	  0	  0	  0	  0	  5	19255	  0
14/12/2016	12:15:59	->	L	00000000	 23	 76	 47	 20	  0	 48	  0	  4	  4	  4	  4	  4	  4	  4	  4	  0	  0	  0	  0	  0	  0	  0	  0	  0	  0	  0	  0	  0	  0	  0	  0	  0	  0	  0	  0	  0	  0	  0	  0	 67	 47	 32	 76	  0	 21	  0	  0	  0	  0	  0	  0	  0	  0	  0	  0	  0	  5	19255	  0
14/12/2016	12:20:59	->	L	00000000	 23	 73	 47	 24	  0	 53	  0	  4	  4	  4	  4	  4	  4	  4	  4	  0	  0	  0	  0	  0	  0	  0	  0	  0	  0	  0	  0	  0	  0	  0	  0	  0	  0	  0	  0	  0	  0	  0	  0	 66	 47	 32	 73	  0	 25	  0	  0	  0	  0	  0	  0	  0	  0	  0	  0	  0	  5	19255	  0
14/12/2016	12:25:59	<-	L	00000000	 23	 70	 48	 26	  0	 58	  0	  4	  4	  4	  4	  4	  4	  4	  4	  0	  0	  0	  0	  0	  0	  0	  0	  0	  0	  0	  0	  0	  0	  0	  0	  0	  0	  0	  0	  0	  0	  0	  0	 70	 48	 28	 68	  0	 32	  0	  0	  0	  0	  0	  0	  0	  0	  0	  0	  0	  5	17975	  0
14/12/2016	12:30:59	<-	L	00000000	 23	 69	 49	 33	  0	 63	  0	  4	  4	  4	  4	  4	  4	  4	  4	  0	  0	  0	  0	  0	  0	  0	  0	  0	  0	  0	  0	  0	  0	  0	  0	  0	  0	  0	  0	  0	  0	  0	  0	 69	 49	 33	 66	  0	 38	  0	  0	  0	  0	  0	  0	  0	  0	  0	  0	  0	  5	17975	  0
14/12/2016	12:35:59	<-	L	00000000	 23	 68	 49	 34	  0	 68	  0	  4	  4	  4	  4	  4	  4	  4	  4	  0	  0	  0	  0	  0	  0	  0	  0	  0	  0	  0	  0	  0	  0	  0	  0	  0	  0	  0	  0	  0	  0	  0	  0	 68	 49	 34	 65	  0	 41	  0	  0	  0	  0	  0	  0	  0	  0	  0	  0	  0	  5	17975	  0
14/12/2016	12:40:59	<-	L	00000000	 23	 70	 49	 33	  0	 73	  0	  4	  4	  4	  4	  4	  4	  4	  4	  0	  0	  0	  0	  0	  0	  0	  0	  0	  0	  0	  0	  0	  0	  0	  0	  0	  0	  0	  0	  0	  0	  0	  0	 70	 49	 30	 65	  0	 41	  0	  0	  0	  0	  0	  0	  0	  0	  0	  0	  0	  5	17975	  0
14/12/2016	12:45:59	<-	L	00000000	 23	 75	 49	 25	  0	 78	  0	  4	  4	  4	  4	  4	  4	  4	  4	  0	  0	  0	  0	  0	  0	  0	  0	  0	  0	  0	  0	  0	  0	  0	  0	  0	  0	  0	  0	  0	  0	  0	  0	 75	 49	 26	 67	  0	 37	  0	  0	  0	  0	  0	  0	  0	  0	  0	  0	  0	  5	17975	  0
14/12/2016	12:50:59	<-	L	00000000	 23	 76	 50	 26	  0	 83	  0	  4	  4	  4	  4	  4	  4	  4	  4	  0	  0	  0	  0	  0	  0	  0	  0	  0	  0	  0	  0	  0	  0	  0	  0	  0	  0	  0	  0	  0	  0	  0	  0	 76	 50	 26	 67	  0	 39	  0	  0	  0	  0	  0	  0	  0	  0	  0	  0	  0	  5	17975	  0
14/12/2016	12:55:59	<-	L	00000000	 23	 75	 50	 26	  0	 88	  0	  4	  4	  4	  4	  4	  4	  4	  4	  0	  0	  0	  0	  0	  0	  0	  0	  0	  0	  0	  0	  0	  0	  0	  0	  0	  0	  0	  0	  0	  0	  0	  0	 75	 50	 25	 67	  0	 39	  0	  0	  0	  0	  0	  0	  0	  0	  0	  0	  0	  5	17975	  0
14/12/2016	13:00:59	<-	L	00000000	 23	 74	 50	 27	  0	 93	  0	  4	  4	  4	  4	  4	  4	  4	  4	  0	  0	  0	  0	  0	  0	  0	  0	  0	  0	  0	  0	  0	  0	  0	  0	  0	  0	  0	  0	  0	  0	  0	  0	 74	 50	 27	 67	  0	 39	  0	  0	  0	  0	  0	  0	  0	  0	  0	  0	  0	  5	17975	  0
14/12/2016	13:05:59	<-	L	00000000	 23	 72	 50	 27	  0	 98	  0	  4	  4	  4	  4	  4	  4	  4	  4	  0	  0	  0	  0	  0	  0	  0	  0	  0	  0	  0	  0	  0	  0	  0	  0	  0	  0	  0	  0	  0	  0	  0	  0	 72	 50	 29	 66	  0	 39	  0	  0	  0	  0	  0	  0	  0	  0	  0	  0	  0	  5	17975	  0
14/12/2016	13:10:59	<-	L	00000000	 23	 72	 50	 27	  0	103	  0	  4	  4	  4	  4	  4	  4	  4	  4	  0	  0	  0	  0	  0	  0	  0	  0	  0	  0	  0	  0	  0	  0	  0	  0	  0	  0	  0	  0	  0	  0	  0	  0	 72	 50	 29	 66	  0	 41	  0	  0	  0	  0	  0	  0	  0	  0	  0	  0	  0	  5	17975	  0
14/12/2016	13:15:59	<-	L	00000000	 23	 71	 50	 30	  0	108	  0	  4	  4	  4	  4	  4	  4	  4	  4	  0	  0	  0	  0	  0	  0	  0	  0	  0	  0	  0	  0	  0	  0	  0	  0	  0	  0	  0	  0	  0	  0	  0	  0	 71	 50	 30	 66	  0	 41	  0	  0	  0	  0	  0	  0	  0	  0	  0	  0	  0	  5	17975	  0
14/12/2016	13:20:59	<-	L	00000000	 23	 69	 50	 33	  0	113	  0	  4	  4	  4	  4	  4	  4	  4	  4	  0	  0	  0	  0	  0	  0	  0	  0	  0	  0	  0	  0	  0	  0	  0	  0	  0	  0	  0	  0	  0	  0	  0	  0	 69	 50	 33	 65	  0	 44	  0	  0	  0	  0	  0	  0	  0	  0	  0	  0	  0	  5	17975	  0
14/12/2016	13:25:59	<-	L	00000000	 23	 68	 50	 35	  0	118	  0	  4	  4	  4	  4	  4	  4	  4	  4	  0	  0	  0	  0	  0	  0	  0	  0	  0	  0	  0	  0	  0	  0	  0	  0	  0	  0	  0	  0	  0	  0	  0	  0	 68	 50	 37	 65	  0	 44	  0	  0	  0	  0	  0	  0	  0	  0	  0	  0	  0	  5	17975	  0
14/12/2016	13:30:59	<-	L	00000000	 23	 62	 49	 51	  0	123	  0	  4	  4	  4	  4	  4	  4	  4	  4	  0	  0	  0	  0	  0	  0	  0	  0	  0	  0	  0	  0	  0	  0	  0	  0	  0	  0	  0	  0	  0	  0	  0	  0	 62	 49	 48	 60	  0	 54	  0	  0	  0	  0	  0	  0	  0	  0	  0	  0	  0	  5	15415	  0
14/12/2016	13:35:59	<-	L	00000000	 23	 59	 48	 54	  0	128	  0	  4	  4	  4	  4	  4	  4	  4	  4	  0	  0	  0	  0	  0	  0	  0	  0	  0	  0	  0	  0	  0	  0	  0	  0	  0	  0	  0	  0	  0	  0	  0	  0	 59	 48	 54	 57	  0	 60	  0	  0	  0	  0	  0	  0	  0	  0	  0	  0	  0	  5	12855	  0
14/12/2016	13:40:59	<-	L	00000000	 23	 58	 47	 53	  0	133	  0	  4	  4	  4	  4	  4	  4	  4	  4	  0	  0	  0	  0	  0	  0	  0	  0	  0	  0	  0	  0	  0	  0	  0	  0	  0	  0	  0	  0	  0	  0	  0	  0	 58	 47	 53	 56	  0	 60	  0	  0	  0	  0	  0	  0	  0	  0	  0	  0	  0	  5	12855	  0
14/12/2016	13:46:00	<-	L	00000000	 23	 57	 47	 60	  0	138	  0	  4	  4	  4	  4	  4	  4	  4	  4	  0	  0	  0	  0	  0	  0	  0	  0	  0	  0	  0	  0	  0	  0	  0	  0	  0	  0	  0	  0	  0	  0	  0	  0	 57	 47	 57	 55	  0	 63	  0	  0	  0	  0	  0	  0	  0	  0	  0	  0	  0	  5	14910	  0
14/12/2016	13:51:00	<-	L	00000000	 23	 61	 47	 47	  0	143	  0	  4	  4	  4	  4	  4	  4	  4	  4	  0	  0	  0	  0	  0	  0	  0	  0	  0	  0	  0	  0	  0	  0	  0	  0	  0	  0	  0	  0	  0	  0	  0	  0	 61	 47	 45	 58	  0	 53	  0	  0	  0	  0	  0	  0	  0	  0	  0	  0	  0	  5	14910	  0
14/12/2016	13:55:59	<-	L	00000000	 23	 57	 47	 53	  0	148	  0	  4	  4	  4	  4	  4	  4	  4	  4	  0	  0	  0	  0	  0	  0	  0	  0	  0	  0	  0	  0	  0	  0	  0	  0	  0	  0	  0	  0	  0	  0	  0	  0	 57	 47	 57	 55	  0	 63	  0	  0	  0	  0	  0	  0	  0	  0	  0	  0	  0	  5	14910	  0
14/12/2016	14:00:59	<-	L	00000000	 23	 59	 47	 51	  0	153	  0	  4	  4	  4	  4	  4	  4	  4	  4	  0	  0	  0	  0	  0	  0	  0	  0	  0	  0	  0	  0	  0	  0	  0	  0	  0	  0	  0	  0	  0	  0	  0	  0	 59	 47	 51	 57	  0	 57	  0	  0	  0	  0	  0	  0	  0	  0	  0	  0	  0	  5	14910	  0
14/12/2016	14:05:59	<-	L	00000000	 23	 56	 46	 56	  0	158	  0	  4	  4	  4	  4	  4	  4	  4	  4	  0	  0	  0	  0	  0	  0	  0	  0	  0	  0	  0	  0	  0	  0	  0	  0	  0	  0	  0	  0	  0	  0	  0	  0	 56	 46	 56	 54	  0	 63	  0	  0	  0	  0	  0	  0	  0	  0	  0	  0	  0	  5	14910	  0
14/12/2016	14:10:59	<-	L	00000000	 23	 61	 47	 43	  0	163	  0	  4	  4	  4	  4	  4	  4	  4	  4	  0	  0	  0	  0	  0	  0	  0	  0	  0	  0	  0	  0	  0	  0	  0	  0	  0	  0	  0	  0	  0	  0	  0	  0	 61	 47	 45	 58	  0	 53	  0	  0	  0	  0	  0	  0	  0	  0	  0	  0	  0	  5	14910	  0
14/12/2016	14:15:59	<-	L	00000000	 23	 69	 47	 28	  0	168	  0	  4	  4	  4	  4	  4	  4	  4	  4	  0	  0	  0	  0	  0	  0	  0	  0	  0	  0	  0	  0	  0	  0	  0	  0	  0	  0	  0	  0	  0	  0	  0	  0	 69	 47	 28	 60	  0	 47	  0	  0	  0	  0	  0	  0	  0	  0	  0	  0	  0	  5	15415	  0
14/12/2016	14:20:59	<-	L	00000000	 23	 60	 46	 47	  0	173	  0	  4	  4	  4	  4	  4	  4	  4	  4	  0	  0	  0	  0	  0	  0	  0	  0	  0	  0	  0	  0	  0	  0	  0	  0	  0	  0	  0	  0	  0	  0	  0	  0	 60	 46	 44	 57	  0	 53	  0	  0	  0	  0	  0	  0	  0	  0	  0	  0	  0	  5	15415	  0
14/12/2016	14:25:59	<-	L	00000000	 23	 61	 47	 45	  0	178	  0	  4	  4	  4	  4	  4	  4	  4	  4	  0	  0	  0	  0	  0	  0	  0	  0	  0	  0	  0	  0	  0	  0	  0	  0	  0	  0	  0	  0	  0	  0	  0	  0	 61	 47	 45	 58	  0	 53	  0	  0	  0	  0	  0	  0	  0	  0	  0	  0	  0	  5	15415	  0
14/12/2016	14:30:59	<-	L	00000000	 23	 64	 47	 37	  0	183	  0	  4	  4	  4	  4	  4	  4	  4	  4	  0	  0	  0	  0	  0	  0	  0	  0	  0	  0	  0	  0	  0	  0	  0	  0	  0	  0	  0	  0	  0	  0	  0	  0	 64	 47	 37	 60	  0	 47	  0	  0	  0	  0	  0	  0	  0	  0	  0	  0	  0	  5	15415	  0
14/12/2016	14:35:59	<-	L	00000000	 23	 70	 47	 28	  0	188	  0	  4	  4	  4	  4	  4	  4	  4	  4	  0	  0	  0	  0	  0	  0	  0	  0	  0	  0	  0	  0	  0	  0	  0	  0	  0	  0	  0	  0	  0	  0	  0	  0	 70	 47	 26	 61	  0	 45	  0	  0	  0	  0	  0	  0	  0	  0	  0	  0	  0	  5	15415	  0
14/12/2016	14:40:59	<-	L	00000000	 23	 60	 46	 44	  0	193	  0	  4	  4	  4	  4	  4	  4	  4	  4	  0	  0	  0	  0	  0	  0	  0	  0	  0	  0	  0	  0	  0	  0	  0	  0	  0	  0	  0	  0	  0	  0	  0	  0	 60	 46	 44	 57	  0	 53	  0	  0	  0	  0	  0	  0	  0	  0	  0	  0	  0	  5	15415	  0
14/12/2016	14:45:59	<-	L	00000000	 23	 62	 47	 43	  0	198	  0	  4	  4	  4	  4	  4	  4	  4	  4	  0	  0	  0	  0	  0	  0	  0	  0	  0	  0	  0	  0	  0	  0	  0	  0	  0	  0	  0	  0	  0	  0	  0	  0	 62	 47	 43	 59	  0	 51	  0	  0	  0	  0	  0	  0	  0	  0	  0	  0	  0	  5	15415	  0
14/12/2016	14:50:59	<-	L	00000000	 23	 65	 47	 34	  0	203	  0	  4	  4	  4	  4	  4	  4	  4	  4	  0	  0	  0	  0	  0	  0	  0	  0	  0	  0	  0	  0	  0	  0	  0	  0	  0	  0	  0	  0	  0	  0	  0	  0	 65	 47	 34	 60	  0	 47	  0	  0	  0	  0	  0	  0	  0	  0	  0	  0	  0	  5	15415	  0
14/12/2016	14:55:59	<-	L	00000000	 23	 67	 47	 34	  0	208	  0	  4	  4	  4	  4	  4	  4	  4	  4	  0	  0	  0	  0	  0	  0	  0	  0	  0	  0	  0	  0	  0	  0	  0	  0	  0	  0	  0	  0	  0	  0	  0	  0	 67	 47	 32	 60	  0	 47	  0	  0	  0	  0	  0	  0	  0	  0	  0	  0	  0	  5	15415	  0
14/12/2016	15:00:59	<-	L	00000000	 23	 59	 46	 47	  0	213	  0	  4	  4	  4	  4	  4	  4	  4	  4	  0	  0	  0	  0	  0	  0	  0	  0	  0	  0	  0	  0	  0	  0	  0	  0	  0	  0	  0	  0	  0	  0	  0	  0	 59	 46	 47	 57	  0	 53	  0	  0	  0	  0	  0	  0	  0	  0	  0	  0	  0	  5	15415	  0
14/12/2016	15:05:59	<-	L	00000000	 23	 60	 46	 43	  0	218	  0	  4	  4	  4	  4	  4	  4	  4	  4	  0	  0	  0	  0	  0	  0	  0	  0	  0	  0	  0	  0	  0	  0	  0	  0	  0	  0	  0	  0	  0	  0	  0	  0	 60	 46	 43	 58	  0	 50	  0	  0	  0	  0	  0	  0	  0	  0	  0	  0	  0	  5	15415	  0
14/12/2016	15:10:59	<-	L	00000000	 23	 63	 47	 40	  0	223	  0	  4	  4	  4	  4	  4	  4	  4	  4	  0	  0	  0	  0	  0	  0	  0	  0	  0	  0	  0	  0	  0	  0	  0	  0	  0	  0	  0	  0	  0	  0	  0	  0	 63	 47	 40	 59	  0	 51	  0	  0	  0	  0	  0	  0	  0	  0	  0	  0	  0	  5	15415	  0
