21/05/2016	01:23:26	  	L	00000000	 10	 24	 18	 65	  0	  2	  0	  6	  5	  5	  5	  6	  5	  5	  5	  0	  0	  0	  0	  0	  0	  0	  0	  0	  0	  0	  0	  0	  0	  0	  0	  0	  0	  0	  0	  0	  0	  0	  0	 23	 18	 73	 24	  0	 65	  0	  0	  0	  0	  0	  0	  0	  0	  0	  0	  0	  5	6163	  1
21/05/2016	01:28:26	->	L	00000000	 10	 28	 18	 48	  0	  7	  0	  5	  5	  5	  5	  5	  5	  5	  5	  0	  0	  0	  0	  0	  0	  0	  0	  0	  0	  0	  0	  0	  0	  0	  0	  0	  0	  0	  0	  0	  0	  0	  0	 23	 18	 73	 28	  0	 48	  0	  0	  0	  0	  0	  0	  0	  0	  0	  0	  0	  5	6163	  1
21/05/2016	01:33:26	->	L	00000000	 10	 27	 18	 48	  0	 12	  0	  5	  5	  5	  5	  5	  5	  5	  5	  0	  0	  0	  0	  0	  0	  0	  0	  0	  0	  0	  0	  0	  0	  0	  0	  0	  0	  0	  0	  0	  0	  0	  0	 23	 18	 73	 27	  0	 52	  0	  0	  0	  0	  0	  0	  0	  0	  0	  0	  0	  5	6420	  1
21/05/2016	01:38:26	->	L	00000000	 10	 25	 18	 56	  0	 17	  0	  5	  5	  5	  5	  5	  5	  5	  5	  0	  0	  0	  0	  0	  0	  0	  0	  0	  0	  0	  0	  0	  0	  0	  0	  0	  0	  0	  0	  0	  0	  0	  0	 23	 18	 73	 25	  0	 60	  0	  0	  0	  0	  0	  0	  0	  0	  0	  0	  0	  5	6677	  1
21/05/2016	01:43:26	->	L	00000000	 10	 25	 19	 65	  0	 22	  0	  5	  5	  5	  5	  5	  5	  5	  5	  0	  0	  0	  0	  0	  0	  0	  0	  0	  0	  0	  0	  0	  0	  0	  0	  0	  0	  0	  0	  0	  0	  0	  0	 23	 19	 76	 25	  0	 65	  0	  0	  0	  0	  0	  0	  0	  0	  0	  0	  0	  5	6677	  1
21/05/2016	01:48:26	->	L	00000000	 10	 28	 20	 60	  0	 27	  0	  5	  5	  5	  5	  5	  5	  5	  5	  0	  0	  0	  0	  0	  0	  0	  0	  0	  0	  0	  0	  0	  0	  0	  0	  0	  0	  0	  0	  0	  0	  0	  0	 24	 20	 76	 28	  0	 56	  0	  0	  0	  0	  0	  0	  0	  0	  0	  0	  0	  5	6934	  1
21/05/2016	01:53:26	->	L	00000000	 10	 30	 20	 53	  0	 32	  0	  5	  5	  5	  5	  5	  5	  5	  5	  0	  0	  0	  0	  0	  0	  0	  0	  0	  0	  0	  0	  0	  0	  0	  0	  0	  0	  0	  0	  0	  0	  0	  0	 25	 20	 73	 30	  0	 49	  0	  0	  0	  0	  0	  0	  0	  0	  0	  0	  0	  5	7191	  1
21/05/2016	01:58:26	->	L	00000000	 10	 32	 21	 49	  0	 37	  0	  5	  5	  5	  5	  5	  5	  5	  5	  0	  0	  0	  0	  0	  0	  0	  0	  0	  0	  0	  0	  0	  0	  0	  0	  0	  0	  0	  0	  0	  0	  0	  0	 26	 21	 73	 32	  0	 45	  0	  0	  0	  0	  0	  0	  0	  0	  0	  0	  0	  5	7191	  1
21/05/2016	02:03:26	->	L	00000000	 10	 32	 22	 45	  0	 42	  0	  5	  5	  5	  5	  5	  5	  5	  5	  0	  0	  0	  0	  0	  0	  0	  0	  0	  0	  0	  0	  0	  0	  0	  0	  0	  0	  0	  0	  0	  0	  0	  0	 27	 22	 74	 32	  0	 49	  0	  0	  0	  0	  0	  0	  0	  0	  0	  0	  0	  5	7448	  1
21/05/2016	02:08:26	->	L	00000000	 10	 32	 23	 50	  0	 47	  0	  5	  5	  5	  5	  5	  5	  5	  5	  0	  0	  0	  0	  0	  0	  0	  0	  0	  0	  0	  0	  0	  0	  0	  0	  0	  0	  0	  0	  0	  0	  0	  0	 27	 23	 77	 32	  0	 53	  0	  0	  0	  0	  0	  0	  0	  0	  0	  0	  0	  5	7705	  1
21/05/2016	02:13:26	->	L	00000000	 10	 32	 24	 57	  0	 52	  0	  5	  5	  4	  5	  5	  5	  5	  5	  0	  0	  0	  0	  0	  0	  0	  0	  0	  0	  0	  0	  0	  0	  0	  0	  0	  0	  0	  0	  0	  0	  0	  0	 28	 24	 77	 32	  0	 57	  0	  0	  0	  0	  0	  0	  0	  0	  0	  0	  0	  5	7705	  1
21/05/2016	02:18:26	->	L	00000000	 10	 33	 24	 50	  0	 57	  0	  5	  4	  4	  4	  4	  4	  4	  4	  0	  0	  0	  0	  0	  0	  0	  0	  0	  0	  0	  0	  0	  0	  0	  0	  0	  0	  0	  0	  0	  0	  0	  0	 28	 24	 77	 33	  0	 54	  0	  0	  0	  0	  0	  0	  0	  0	  0	  0	  0	  5	7962	  1
21/05/2016	02:23:26	->	L	00000000	 10	 33	 25	 54	  0	 62	  0	  5	  4	  4	  4	  4	  4	  4	  4	  0	  0	  0	  0	  0	  0	  0	  0	  0	  0	  0	  0	  0	  0	  0	  0	  0	  0	  0	  0	  0	  0	  0	  0	 29	 25	 77	 33	  0	 57	  0	  0	  0	  0	  0	  0	  0	  0	  0	  0	  0	  5	8219	  1
21/05/2016	02:28:26	->	L	00000000	 10	 33	 26	 58	  0	 67	  0	  4	  4	  4	  4	  4	  4	  4	  4	  0	  0	  0	  0	  0	  0	  0	  0	  0	  0	  0	  0	  0	  0	  0	  0	  0	  0	  0	  0	  0	  0	  0	  0	 29	 26	 83	 33	  0	 62	  0	  0	  0	  0	  0	  0	  0	  0	  0	  0	  0	  5	8219	  1
21/05/2016	02:33:26	->	L	00000000	 10	 34	 26	 54	  0	 72	  0	  4	  4	  4	  4	  4	  4	  4	  4	  0	  0	  0	  0	  0	  0	  0	  0	  0	  0	  0	  0	  0	  0	  0	  0	  0	  0	  0	  0	  0	  0	  0	  0	 30	 26	 77	 34	  0	 58	  0	  0	  0	  0	  0	  0	  0	  0	  0	  0	  0	  5	8476	  1
21/05/2016	02:38:26	->	L	00000000	 10	 34	 27	 58	  0	 77	  0	  4	  4	  4	  4	  4	  4	  4	  4	  0	  0	  0	  0	  0	  0	  0	  0	  0	  0	  0	  0	  0	  0	  0	  0	  0	  0	  0	  0	  0	  0	  0	  0	 30	 27	 83	 34	  0	 62	  0	  0	  0	  0	  0	  0	  0	  0	  0	  0	  0	  5	8476	  1
21/05/2016	02:43:27	->	L	00000000	 10	 34	 27	 62	  0	 82	  0	  4	  4	  4	  4	  4	  4	  4	  4	  0	  0	  0	  0	  0	  0	  0	  0	  0	  0	  0	  0	  0	  0	  0	  0	  0	  0	  0	  0	  0	  0	  0	  0	 30	 27	 83	 34	  0	 62	  0	  0	  0	  0	  0	  0	  0	  0	  0	  0	  0	  5	8733	  1
21/05/2016	02:48:27	->	L	00000000	 10	 35	 28	 62	  0	 87	  0	  4	  4	  4	  4	  4	  4	  4	  4	  0	  0	  0	  0	  0	  0	  0	  0	  0	  0	  0	  0	  0	  0	  0	  0	  0	  0	  0	  0	  0	  0	  0	  0	 31	 28	 83	 35	  0	 62	  0	  0	  0	  0	  0	  0	  0	  0	  0	  0	  0	  5	8990	  1
21/05/2016	02:53:27	->	L	00000000	 10	 34	 28	 62	  0	 92	  0	  4	  4	  4	  4	  4	  4	  4	  4	  0	  0	  0	  0	  0	  0	  0	  0	  0	  0	  0	  0	  0	  0	  0	  0	  0	  0	  0	  0	  0	  0	  0	  0	 31	 28	 83	 34	  0	 67	  0	  0	  0	  0	  0	  0	  0	  0	  0	  0	  0	  5	8990	  1
21/05/2016	02:58:27	->	L	00000000	 10	 35	 29	 63	  0	 97	  0	  4	  4	  4	  4	  4	  4	  4	  4	  0	  0	  0	  0	  0	  0	  0	  0	  0	  0	  0	  0	  0	  0	  0	  0	  0	  0	  0	  0	  0	  0	  0	  0	 32	 29	 83	 35	  0	 67	  0	  0	  0	  0	  0	  0	  0	  0	  0	  0	  0	  5	9247	  1
21/05/2016	03:03:27	->	L	00000000	 10	 36	 29	 63	  0	102	  0	  4	  4	  4	  4	  4	  4	  4	  4	  0	  0	  0	  0	  0	  0	  0	  0	  0	  0	  0	  0	  0	  0	  0	  0	  0	  0	  0	  0	  0	  0	  0	  0	 32	 29	 83	 36	  0	 63	  0	  0	  0	  0	  0	  0	  0	  0	  0	  0	  0	  5	9504	  1
21/05/2016	03:08:27	->	L	00000000	 10	 36	 30	 67	  0	107	  0	  4	  4	  4	  4	  4	  4	  4	  4	  0	  0	  0	  0	  0	  0	  0	  0	  0	  0	  0	  0	  0	  0	  0	  0	  0	  0	  0	  0	  0	  0	  0	  0	 32	 30	 88	 36	  0	 67	  0	  0	  0	  0	  0	  0	  0	  0	  0	  0	  0	  5	9504	  1
21/05/2016	03:13:27	->	L	00000000	 10	 40	 30	 59	  0	112	  0	  4	  4	  4	  4	  4	  4	  4	  4	  0	  0	  0	  0	  0	  0	  0	  0	  0	  0	  0	  0	  0	  0	  0	  0	  0	  0	  0	  0	  0	  0	  0	  0	 34	 30	 77	 40	  0	 52	  0	  0	  0	  0	  0	  0	  0	  0	  0	  0	  0	  5	9761	  1
21/05/2016	03:18:27	->	L	00000000	 10	 41	 31	 59	  0	117	  0	  4	  4	  4	  4	  4	  4	  4	  4	  0	  0	  0	  0	  0	  0	  0	  0	  0	  0	  0	  0	  0	  0	  0	  0	  0	  0	  0	  0	  0	  0	  0	  0	 34	 31	 83	 41	  0	 52	  0	  0	  0	  0	  0	  0	  0	  0	  0	  0	  0	  5	10018	  1
21/05/2016	03:23:27	->	L	00000000	 10	 41	 32	 59	  0	122	  0	  4	  4	  4	  4	  4	  4	  4	  4	  0	  0	  0	  0	  0	  0	  0	  0	  0	  0	  0	  0	  0	  0	  0	  0	  0	  0	  0	  0	  0	  0	  0	  0	 35	 32	 83	 41	  0	 56	  0	  0	  0	  0	  0	  0	  0	  0	  0	  0	  0	  5	10018	  1
21/05/2016	03:28:27	->	L	00000000	 10	 45	 32	 46	  0	127	  0	  4	  4	  4	  4	  4	  4	  4	  4	  0	  0	  0	  0	  0	  0	  0	  0	  0	  0	  0	  0	  0	  0	  0	  0	  0	  0	  0	  0	  0	  0	  0	  0	 36	 32	 78	 45	  0	 42	  0	  0	  0	  0	  0	  0	  0	  0	  0	  0	  0	  5	10275	  1
21/05/2016	03:33:27	->	L	00000000	 10	 46	 33	 46	  0	132	  0	  4	  4	  4	  4	  4	  4	  4	  4	  0	  0	  0	  0	  0	  0	  0	  0	  0	  0	  0	  0	  0	  0	  0	  0	  0	  0	  0	  0	  0	  0	  0	  0	 37	 33	 78	 46	  0	 42	  0	  0	  0	  0	  0	  0	  0	  0	  0	  0	  0	  5	10532	  1
21/05/2016	03:38:27	->	L	00000000	 10	 48	 34	 40	  0	137	  0	  4	  4	  4	  4	  4	  4	  4	  4	  0	  0	  0	  0	  0	  0	  0	  0	  0	  0	  0	  0	  0	  0	  0	  0	  0	  0	  0	  0	  0	  0	  0	  0	 37	 34	 84	 48	  0	 40	  0	  0	  0	  0	  0	  0	  0	  0	  0	  0	  0	  5	10532	  1
21/05/2016	03:43:26	->	L	00000000	 10	 48	 35	 38	  0	142	  0	  4	  4	  4	  4	  4	  4	  4	  4	  0	  0	  0	  0	  0	  0	  0	  0	  0	  0	  0	  0	  0	  0	  0	  0	  0	  0	  0	  0	  0	  0	  0	  0	 38	 35	 84	 48	  0	 43	  0	  0	  0	  0	  0	  0	  0	  0	  0	  0	  0	  5	10789	  1
21/05/2016	03:48:26	->	L	00000000	 10	 49	 35	 43	  0	147	  0	  4	  4	  4	  4	  4	  4	  4	  4	  0	  0	  0	  0	  0	  0	  0	  0	  0	  0	  0	  0	  0	  0	  0	  0	  0	  0	  0	  0	  0	  0	  0	  0	 38	 35	 84	 49	  0	 41	  0	  0	  0	  0	  0	  0	  0	  0	  0	  0	  0	  5	11046	  1
21/05/2016	03:53:26	->	L	00000000	 10	 50	 36	 41	  0	152	  0	  4	  4	  4	  4	  4	  4	  4	  4	  0	  0	  0	  0	  0	  0	  0	  0	  0	  0	  0	  0	  0	  0	  0	  0	  0	  0	  0	  0	  0	  0	  0	  0	 39	 36	 84	 50	  0	 41	  0	  0	  0	  0	  0	  0	  0	  0	  0	  0	  0	  5	11046	  1
21/05/2016	03:58:26	->	L	00000000	 10	 50	 37	 41	  0	157	  0	  4	  4	  4	  4	  4	  4	  4	  4	  0	  0	  0	  0	  0	  0	  0	  0	  0	  0	  0	  0	  0	  0	  0	  0	  0	  0	  0	  0	  0	  0	  0	  0	 40	 37	 84	 50	  0	 44	  0	  0	  0	  0	  0	  0	  0	  0	  0	  0	  0	  5	11303	  1
21/05/2016	04:03:26	->	L	00000000	 10	 51	 37	 41	  0	162	  0	  4	  4	  4	  4	  4	  4	  4	  4	  0	  0	  0	  0	  0	  0	  0	  0	  0	  0	  0	  0	  0	  0	  0	  0	  0	  0	  0	  0	  0	  0	  0	  0	 41	 37	 78	 51	  0	 41	  0	  0	  0	  0	  0	  0	  0	  0	  0	  0	  0	  5	11560	  1
21/05/2016	04:08:26	->	L	00000000	 10	 52	 38	 42	  0	167	  0	  4	  4	  4	  4	  4	  4	  4	  4	  0	  0	  0	  0	  0	  0	  0	  0	  0	  0	  0	  0	  0	  0	  0	  0	  0	  0	  0	  0	  0	  0	  0	  0	 41	 38	 84	 52	  0	 42	  0	  0	  0	  0	  0	  0	  0	  0	  0	  0	  0	  5	11560	  1
21/05/2016	04:13:26	->	L	00000000	 10	 52	 38	 42	  0	172	  0	  4	  4	  4	  4	  4	  4	  4	  4	  0	  0	  0	  0	  0	  0	  0	  0	  0	  0	  0	  0	  0	  0	  0	  0	  0	  0	  0	  0	  0	  0	  0	  0	 41	 38	 84	 52	  0	 42	  0	  0	  0	  0	  0	  0	  0	  0	  0	  0	  0	  5	11817	  1
21/05/2016	04:18:26	->	L	00000000	 10	 52	 39	 42	  0	177	  0	  4	  4	  4	  4	  4	  4	  4	  4	  0	  0	  0	  0	  0	  0	  0	  0	  0	  0	  0	  0	  0	  0	  0	  0	  0	  0	  0	  0	  0	  0	  0	  0	 42	 39	 84	 52	  0	 44	  0	  0	  0	  0	  0	  0	  0	  0	  0	  0	  0	  5	11817	  1
21/05/2016	04:23:26	->	L	00000000	 10	 52	 40	 42	  0	182	  0	  4	  4	  4	  4	  4	  4	  4	  4	  0	  0	  0	  0	  0	  0	  0	  0	  0	  0	  0	  0	  0	  0	  0	  0	  0	  0	  0	  0	  0	  0	  0	  0	 43	 40	 84	 52	  0	 48	  0	  0	  0	  0	  0	  0	  0	  0	  0	  0	  0	  5	12074	  1
21/05/2016	04:28:27	<-	L	00000000	 10	 48	 43	 79	  0	187	  0	  4	  4	  4	  4	  4	  4	  4	  4	  0	  0	  0	  0	  0	  0	  0	  0	  0	  0	  0	  0	  0	  0	  0	  0	  0	  0	  0	  0	  0	  0	  0	  0	 48	 43	 77	 47	  0	 79	  0	  0	  0	  0	  0	  0	  0	  0	  0	  0	  0	  5	12331	  1
21/05/2016	04:33:27	<-	L	00000000	 10	 47	 42	 76	  0	192	  0	  4	  4	  4	  4	  4	  4	  4	  4	  0	  0	  0	  0	  0	  0	  0	  0	  0	  0	  0	  0	  0	  0	  0	  0	  0	  0	  0	  0	  0	  0	  0	  0	 47	 42	 76	 43	  0	 94	  0	  0	  0	  0	  0	  0	  0	  0	  0	  0	  0	  5	12331	  1
21/05/2016	04:38:27	<-	L	00000000	 10	 52	 43	 66	  0	197	  0	  4	  4	  4	  4	  4	  4	  4	  4	  0	  0	  0	  0	  0	  0	  0	  0	  0	  0	  0	  0	  0	  0	  0	  0	  0	  0	  0	  0	  0	  0	  0	  0	 52	 43	 59	 45	  0	 89	  0	  0	  0	  0	  0	  0	  0	  0	  0	  0	  0	  5	12588	  1
21/05/2016	04:43:27	<-	L	00000000	 10	 56	 44	 52	  0	202	  0	  4	  4	  4	  4	  4	  4	  4	  4	  0	  0	  0	  0	  0	  0	  0	  0	  0	  0	  0	  0	  0	  0	  0	  0	  0	  0	  0	  0	  0	  0	  0	  0	 56	 44	 50	 46	  0	 89	  0	  0	  0	  0	  0	  0	  0	  0	  0	  0	  0	  5	12845	  1
21/05/2016	04:48:27	<-	L	00000000	 10	 54	 45	 56	  0	207	  0	  4	  4	  4	  4	  4	  4	  4	  4	  0	  0	  0	  0	  0	  0	  0	  0	  0	  0	  0	  0	  0	  0	  0	  0	  0	  0	  0	  0	  0	  0	  0	  0	 54	 45	 60	 47	  0	 89	  0	  0	  0	  0	  0	  0	  0	  0	  0	  0	  0	  5	12845	  1
21/05/2016	04:53:27	<-	L	00000000	 10	 52	 44	 59	  0	212	  0	  4	  4	  4	  4	  4	  4	  4	  4	  0	  0	  0	  0	  0	  0	  0	  0	  0	  0	  0	  0	  0	  0	  0	  0	  0	  0	  0	  0	  0	  0	  0	  0	 52	 44	 63	 46	  0	 89	  0	  0	  0	  0	  0	  0	  0	  0	  0	  0	  0	  5	13102	  1
21/05/2016	04:58:27	<-	L	00000000	 10	 52	 45	 70	  0	217	  0	  4	  4	  4	  4	  4	  4	  4	  4	  0	  0	  0	  0	  0	  0	  0	  0	  0	  0	  0	  0	  0	  0	  0	  0	  0	  0	  0	  0	  0	  0	  0	  0	 52	 45	 67	 46	  0	 94	  0	  0	  0	  0	  0	  0	  0	  0	  0	  0	  0	  5	13359	  1
21/05/2016	05:03:27	<-	L	00000000	 10	 58	 47	 57	  0	222	  0	  4	  4	  4	  4	  4	  4	  4	  4	  0	  0	  0	  0	  0	  0	  0	  0	  0	  0	  0	  0	  0	  0	  0	  0	  0	  0	  0	  0	  0	  0	  0	  0	 58	 47	 53	 48	  0	 94	  0	  0	  0	  0	  0	  0	  0	  0	  0	  0	  0	  5	13359	  1
21/05/2016	05:08:27	<-	L	00000000	 10	 59	 47	 47	  0	227	  0	  4	  4	  4	  4	  4	  4	  4	  4	  0	  0	  0	  0	  0	  0	  0	  0	  0	  0	  0	  0	  0	  0	  0	  0	  0	  0	  0	  0	  0	  0	  0	  0	 59	 47	 51	 50	  0	 85	  0	  0	  0	  0	  0	  0	  0	  0	  0	  0	  0	  5	13616	  1
21/05/2016	05:13:26	<-	L	00000000	 10	 58	 47	 57	  0	232	  0	  4	  4	  4	  4	  4	  4	  4	  4	  0	  0	  0	  0	  0	  0	  0	  0	  0	  0	  0	  0	  0	  0	  0	  0	  0	  0	  0	  0	  0	  0	  0	  0	 58	 47	 53	 50	  0	 85	  0	  0	  0	  0	  0	  0	  0	  0	  0	  0	  0	  5	13873	  1
21/05/2016	05:18:27	<-	L	00000000	 10	 56	 47	 57	  0	237	  0	  4	  4	  4	  4	  4	  4	  4	  4	  0	  0	  0	  0	  0	  0	  0	  0	  0	  0	  0	  0	  0	  0	  0	  0	  0	  0	  0	  0	  0	  0	  0	  0	 56	 47	 60	 49	  0	 89	  0	  0	  0	  0	  0	  0	  0	  0	  0	  0	  0	  5	13873	  1
21/05/2016	05:23:27	<-	L	00000000	 10	 54	 48	 67	  0	242	  0	  4	  4	  4	  4	  4	  4	  4	  4	  0	  0	  0	  0	  0	  0	  0	  0	  0	  0	  0	  0	  0	  0	  0	  0	  0	  0	  0	  0	  0	  0	  0	  0	 54	 48	 71	 49	  0	 94	  0	  0	  0	  0	  0	  0	  0	  0	  0	  0	  0	  5	14130	  1
21/05/2016	05:28:27	<-	L	00000000	 10	 54	 48	 71	  0	247	  0	  4	  4	  4	  4	  4	  4	  4	  4	  0	  0	  0	  0	  0	  0	  0	  0	  0	  0	  0	  0	  0	  0	  0	  0	  0	  0	  0	  0	  0	  0	  0	  0	 54	 48	 71	 49	  0	 94	  0	  0	  0	  0	  0	  0	  0	  0	  0	  0	  0	  5	14387	  1
21/05/2016	05:33:27	<-	L	00000000	 10	 58	 49	 64	  0	252	  0	  4	  4	  4	  4	  4	  4	  4	  4	  0	  0	  0	  0	  0	  0	  0	  0	  0	  0	  0	  0	  0	  0	  0	  0	  0	  0	  0	  0	  0	  0	  0	  0	 58	 49	 61	 51	  0	 90	  0	  0	  0	  0	  0	  0	  0	  0	  0	  0	  0	  5	14387	  1
21/05/2016	05:38:27	<-	L	00000000	 10	 60	 50	 54	  0	257	  0	  4	  4	  4	  4	  4	  4	  4	  4	  0	  0	  0	  0	  0	  0	  0	  0	  0	  0	  0	  0	  0	  0	  0	  0	  0	  0	  0	  0	  0	  0	  0	  0	 60	 50	 58	 52	  0	 90	  0	  0	  0	  0	  0	  0	  0	  0	  0	  0	  0	  5	14644	  1
21/05/2016	05:43:27	<-	L	00000000	 10	 57	 50	 64	  0	262	  0	  4	  4	  4	  4	  4	  4	  4	  4	  0	  0	  0	  0	  0	  0	  0	  0	  0	  0	  0	  0	  0	  0	  0	  0	  0	  0	  0	  0	  0	  0	  0	  0	 57	 50	 68	 51	  0	 94	  0	  0	  0	  0	  0	  0	  0	  0	  0	  0	  0	  5	14644	  1
21/05/2016	05:48:27	<-	L	00000000	 10	 57	 50	 68	  0	267	  0	  4	  4	  4	  4	  4	  4	  4	  4	  0	  0	  0	  0	  0	  0	  0	  0	  0	  0	  0	  0	  0	  0	  0	  0	  0	  0	  0	  0	  0	  0	  0	  0	 57	 50	 68	 51	  0	 94	  0	  0	  0	  0	  0	  0	  0	  0	  0	  0	  0	  5	14901	  1
21/05/2016	05:53:27	<-	L	00000000	 10	 62	 51	 52	  0	272	  0	  4	  4	  4	  4	  4	  4	  4	  4	  0	  0	  0	  0	  0	  0	  0	  0	  0	  0	  0	  0	  0	  0	  0	  0	  0	  0	  0	  0	  0	  0	  0	  0	 62	 51	 55	 53	  0	 90	  0	  0	  0	  0	  0	  0	  0	  0	  0	  0	  0	  5	15158	  1
21/05/2016	05:58:26	<-	L	00000000	 10	 59	 51	 61	  0	277	  0	  4	  4	  4	  4	  4	  4	  4	  4	  0	  0	  0	  0	  0	  0	  0	  0	  0	  0	  0	  0	  0	  0	  0	  0	  0	  0	  0	  0	  0	  0	  0	  0	 59	 51	 64	 53	  0	 90	  0	  0	  0	  0	  0	  0	  0	  0	  0	  0	  0	  5	15158	  1
21/05/2016	06:03:27	<-	L	00000000	 10	 59	 51	 68	  0	282	  0	  4	  4	  4	  4	  4	  4	  4	  4	  0	  0	  0	  0	  0	  0	  0	  0	  0	  0	  0	  0	  0	  0	  0	  0	  0	  0	  0	  0	  0	  0	  0	  0	 59	 51	 64	 52	  0	 94	  0	  0	  0	  0	  0	  0	  0	  0	  0	  0	  0	  5	15415	  1
21/05/2016	06:08:27	<-	L	00000000	 10	 63	 52	 55	  0	287	  0	  4	  4	  4	  4	  4	  4	  4	  4	  0	  0	  0	  0	  0	  0	  0	  0	  0	  0	  0	  0	  0	  0	  0	  0	  0	  0	  0	  0	  0	  0	  0	  0	 63	 52	 55	 54	  0	 90	  0	  0	  0	  0	  0	  0	  0	  0	  0	  0	  0	  5	15672	  1
21/05/2016	06:13:27	<-	L	00000000	 10	 62	 52	 55	  0	292	  0	  4	  4	  4	  4	  4	  4	  4	  4	  0	  0	  0	  0	  0	  0	  0	  0	  0	  0	  0	  0	  0	  0	  0	  0	  0	  0	  0	  0	  0	  0	  0	  0	 62	 52	 58	 54	  0	 90	  0	  0	  0	  0	  0	  0	  0	  0	  0	  0	  0	  5	15672	  1
21/05/2016	06:18:27	<-	L	00000000	 10	 61	 52	 62	  0	297	  0	  4	  4	  4	  4	  4	  4	  4	  4	  0	  0	  0	  0	  0	  0	  0	  0	  0	  0	  0	  0	  0	  0	  0	  0	  0	  0	  0	  0	  0	  0	  0	  0	 61	 52	 62	 54	  0	 90	  0	  0	  0	  0	  0	  0	  0	  0	  0	  0	  0	  5	15929	  1
21/05/2016	06:23:27	<-	L	00000000	 10	 67	 53	 49	  0	302	  0	  4	  4	  4	  4	  4	  4	  4	  4	  0	  0	  0	  0	  0	  0	  0	  0	  0	  0	  0	  0	  0	  0	  0	  0	  0	  0	  0	  0	  0	  0	  0	  0	 67	 53	 47	 56	  0	 86	  0	  0	  0	  0	  0	  0	  0	  0	  0	  0	  0	  5	16186	  1
21/05/2016	06:28:27	<-	L	00000000	 10	 65	 53	 49	  0	307	  0	  4	  4	  4	  4	  4	  4	  4	  4	  0	  0	  0	  0	  0	  0	  0	  0	  0	  0	  0	  0	  0	  0	  0	  0	  0	  0	  0	  0	  0	  0	  0	  0	 65	 53	 53	 56	  0	 86	  0	  0	  0	  0	  0	  0	  0	  0	  0	  0	  0	  5	16186	  1
21/05/2016	06:33:27	<-	L	00000000	 10	 62	 53	 62	  0	312	  0	  4	  4	  4	  4	  4	  4	  4	  4	  0	  0	  0	  0	  0	  0	  0	  0	  0	  0	  0	  0	  0	  0	  0	  0	  0	  0	  0	  0	  0	  0	  0	  0	 62	 53	 62	 55	  0	 90	  0	  0	  0	  0	  0	  0	  0	  0	  0	  0	  0	  5	16443	  1
21/05/2016	06:38:27	<-	L	00000000	 10	 68	 54	 47	  0	317	  0	  4	  4	  4	  4	  4	  4	  4	  4	  0	  0	  0	  0	  0	  0	  0	  0	  0	  0	  0	  0	  0	  0	  0	  0	  0	  0	  0	  0	  0	  0	  0	  0	 68	 54	 47	 57	  0	 86	  0	  0	  0	  0	  0	  0	  0	  0	  0	  0	  0	  5	16700	  1
21/05/2016	06:43:27	<-	L	00000000	 10	 64	 54	 56	  0	322	  0	  4	  4	  4	  4	  4	  4	  4	  4	  0	  0	  0	  0	  0	  0	  0	  0	  0	  0	  0	  0	  0	  0	  0	  0	  0	  0	  0	  0	  0	  0	  0	  0	 64	 54	 59	 57	  0	 86	  0	  0	  0	  0	  0	  0	  0	  0	  0	  0	  0	  5	16700	  1
21/05/2016	06:48:27	<-	L	00000000	 10	 68	 55	 53	  0	327	  0	  4	  4	  4	  4	  4	  4	  4	  4	  0	  0	  0	  0	  0	  0	  0	  0	  0	  0	  0	  0	  0	  0	  0	  0	  0	  0	  0	  0	  0	  0	  0	  0	 68	 55	 50	 58	  0	 86	  0	  0	  0	  0	  0	  0	  0	  0	  0	  0	  0	  5	16957	  1
21/05/2016	06:53:27	<-	L	00000000	 10	 69	 56	 48	  0	332	  0	  4	  4	  4	  4	  4	  4	  4	  4	  0	  0	  0	  0	  0	  0	  0	  0	  0	  0	  0	  0	  0	  0	  0	  0	  0	  0	  0	  0	  0	  0	  0	  0	 69	 56	 50	 59	  0	 86	  0	  0	  0	  0	  0	  0	  0	  0	  0	  0	  0	  5	17214	  1
21/05/2016	06:58:27	<-	L	00000000	 10	 65	 56	 63	  0	337	  0	  4	  4	  4	  4	  4	  4	  4	  4	  0	  0	  0	  0	  0	  0	  0	  0	  0	  0	  0	  0	  0	  0	  0	  0	  0	  0	  0	  0	  0	  0	  0	  0	 65	 56	 63	 58	  0	 90	  0	  0	  0	  0	  0	  0	  0	  0	  0	  0	  0	  5	17214	  1
21/05/2016	07:03:27	<-	L	00000000	 10	 73	 57	 47	  0	342	  0	  4	  4	  4	  4	  4	  4	  4	  4	  0	  0	  0	  0	  0	  0	  0	  0	  0	  0	  0	  0	  0	  0	  0	  0	  0	  0	  0	  0	  0	  0	  0	  0	 73	 57	 44	 60	  0	 86	  0	  0	  0	  0	  0	  0	  0	  0	  0	  0	  0	  5	17471	  1
21/05/2016	07:08:27	<-	L	00000000	 10	 70	 57	 48	  0	347	  0	  4	  4	  4	  4	  4	  4	  4	  4	  0	  0	  0	  0	  0	  0	  0	  0	  0	  0	  0	  0	  0	  0	  0	  0	  0	  0	  0	  0	  0	  0	  0	  0	 70	 57	 51	 60	  0	 86	  0	  0	  0	  0	  0	  0	  0	  0	  0	  0	  0	  5	17471	  1
21/05/2016	07:13:27	<-	L	00000000	 10	 68	 57	 60	  0	352	  0	  4	  4	  4	  4	  4	  4	  4	  4	  0	  0	  0	  0	  0	  0	  0	  0	  0	  0	  0	  0	  0	  0	  0	  0	  0	  0	  0	  0	  0	  0	  0	  0	 68	 57	 57	 60	  0	 86	  0	  0	  0	  0	  0	  0	  0	  0	  0	  0	  0	  5	17728	  1
21/05/2016	07:18:27	<-	L	00000000	 10	 75	 59	 45	  0	357	  0	  4	  4	  4	  4	  4	  4	  4	  4	  0	  0	  0	  0	  0	  0	  0	  0	  0	  0	  0	  0	  0	  0	  0	  0	  0	  0	  0	  0	  0	  0	  0	  0	 75	 59	 45	 62	  0	 86	  0	  0	  0	  0	  0	  0	  0	  0	  0	  0	  0	  5	17985	  1
21/05/2016	07:23:27	<-	L	00000000	 21	 76	 58	 42	  0	  1	  0	  4	  4	  4	  4	  4	  4	  4	  4	  0	  0	  0	  0	  0	  0	  0	  0	  0	  0	  0	  0	  0	  0	  0	  0	  0	  0	  0	  0	  0	  0	  0	  0	 76	 58	 41	 63	  0	 79	  0	  0	  0	  0	  0	  0	  0	  0	  0	  0	  0	  5	21820	  0
21/05/2016	07:28:27	<-	L	00000000	 21	 81	 59	 34	  0	  6	  0	  4	  4	  4	  4	  4	  4	  4	  4	  0	  0	  0	  0	  0	  0	  0	  0	  0	  0	  0	  0	  0	  0	  0	  0	  0	  0	  0	  0	  0	  0	  0	  0	 81	 59	 34	 65	  0	 73	  0	  0	  0	  0	  0	  0	  0	  0	  0	  0	  0	  5	21820	  0
21/05/2016	07:33:27	<-	L	00000000	 21	 81	 59	 34	  0	 11	  0	  4	  4	  4	  4	  4	  4	  4	  4	  0	  0	  0	  0	  0	  0	  0	  0	  0	  0	  0	  0	  0	  0	  0	  0	  0	  0	  0	  0	  0	  0	  0	  0	 81	 59	 34	 65	  0	 73	  0	  0	  0	  0	  0	  0	  0	  0	  0	  0	  0	  5	21820	  0
21/05/2016	07:38:27	<-	L	00000000	 21	 81	 59	 34	  0	 16	  0	  4	  4	  4	  4	  4	  4	  4	  4	  0	  0	  0	  0	  0	  0	  0	  0	  0	  0	  0	  0	  0	  0	  0	  0	  0	  0	  0	  0	  0	  0	  0	  0	 81	 59	 34	 66	  0	 70	  0	  0	  0	  0	  0	  0	  0	  0	  0	  0	  0	  5	21820	  0
21/05/2016	07:43:27	<-	L	00000000	 21	 81	 60	 35	  0	 21	  0	  4	  4	  4	  4	  4	  4	  4	  4	  0	  0	  0	  0	  0	  0	  0	  0	  0	  0	  0	  0	  0	  0	  0	  0	  0	  0	  0	  0	  0	  0	  0	  0	 81	 60	 35	 66	  0	 73	  0	  0	  0	  0	  0	  0	  0	  0	  0	  0	  0	  5	21820	  0
21/05/2016	07:48:27	<-	L	00000000	 21	 82	 60	 34	  0	 26	  0	  4	  4	  4	  4	  4	  4	  4	  4	  0	  0	  0	  0	  0	  0	  0	  0	  0	  0	  0	  0	  0	  0	  0	  0	  0	  0	  0	  0	  0	  0	  0	  0	 82	 60	 34	 66	  0	 73	  0	  0	  0	  0	  0	  0	  0	  0	  0	  0	  0	  5	21820	  0
21/05/2016	07:53:27	<-	L	00000000	 21	 82	 60	 34	  0	 31	  0	  4	  4	  4	  4	  4	  4	  4	  4	  0	  0	  0	  0	  0	  0	  0	  0	  0	  0	  0	  0	  0	  0	  0	  0	  0	  0	  0	  0	  0	  0	  0	  0	 82	 60	 34	 67	  0	 70	  0	  0	  0	  0	  0	  0	  0	  0	  0	  0	  0	  5	21820	  0
21/05/2016	07:58:27	<-	L	00000000	 21	 82	 60	 34	  0	 36	  0	  4	  4	  4	  4	  4	  4	  4	  4	  0	  0	  0	  0	  0	  0	  0	  0	  0	  0	  0	  0	  0	  0	  0	  0	  0	  0	  0	  0	  0	  0	  0	  0	 82	 60	 34	 67	  0	 70	  0	  0	  0	  0	  0	  0	  0	  0	  0	  0	  0	  5	21820	  0
21/05/2016	08:03:27	<-	L	00000000	 21	 83	 61	 35	  0	 41	  0	  4	  4	  4	  4	  4	  4	  4	  4	  0	  0	  0	  0	  0	  0	  0	  0	  0	  0	  0	  0	  0	  0	  0	  0	  0	  0	  0	  0	  0	  0	  0	  0	 83	 61	 35	 67	  0	 74	  0	  0	  0	  0	  0	  0	  0	  0	  0	  0	  0	  5	21820	  0
21/05/2016	08:08:27	<-	L	00000000	 21	 83	 60	 32	  0	 46	  0	  4	  4	  4	  4	  4	  4	  4	  4	  0	  0	  0	  0	  0	  0	  0	  0	  0	  0	  0	  0	  0	  0	  0	  0	  0	  0	  0	  0	  0	  0	  0	  0	 83	 60	 32	 67	  0	 70	  0	  0	  0	  0	  0	  0	  0	  0	  0	  0	  0	  5	21820	  0
21/05/2016	08:13:27	<-	L	00000000	 21	 83	 60	 32	  0	 51	  0	  4	  4	  4	  4	  4	  4	  4	  4	  0	  0	  0	  0	  0	  0	  0	  0	  0	  0	  0	  0	  0	  0	  0	  0	  0	  0	  0	  0	  0	  0	  0	  0	 83	 60	 32	 67	  0	 70	  0	  0	  0	  0	  0	  0	  0	  0	  0	  0	  0	  5	20540	  0
21/05/2016	08:18:27	<-	L	00000000	 21	 77	 60	 45	  0	 56	  0	  4	  4	  4	  4	  4	  4	  4	  4	  0	  0	  0	  0	  0	  0	  0	  0	  0	  0	  0	  0	  0	  0	  0	  0	  0	  0	  0	  0	  0	  0	  0	  0	 77	 60	 43	 65	  0	 79	  0	  0	  0	  0	  0	  0	  0	  0	  0	  0	  0	  5	20540	  0
21/05/2016	08:23:27	<-	L	00000000	 21	 81	 60	 34	  0	 61	  0	  4	  4	  4	  4	  4	  4	  4	  4	  0	  0	  0	  0	  0	  0	  0	  0	  0	  0	  0	  0	  0	  0	  0	  0	  0	  0	  0	  0	  0	  0	  0	  0	 81	 60	 35	 66	  0	 73	  0	  0	  0	  0	  0	  0	  0	  0	  0	  0	  0	  5	20540	  0
21/05/2016	08:28:27	->	L	00000000	 21	 78	 59	 41	  0	 66	  0	  4	  4	  4	  4	  4	  4	  4	  4	  0	  0	  0	  0	  0	  0	  0	  0	  0	  0	  0	  0	  0	  0	  0	  0	  0	  0	  0	  0	  0	  0	  0	  0	 70	 59	 57	 78	  0	 39	  0	  0	  0	  0	  0	  0	  0	  0	  0	  0	  0	  5	20540	  0
21/05/2016	08:33:27	->	L	00000000	 21	 81	 60	 34	  0	 71	  0	  4	  4	  4	  4	  4	  4	  4	  4	  0	  0	  0	  0	  0	  0	  0	  0	  0	  0	  0	  0	  0	  0	  0	  0	  0	  0	  0	  0	  0	  0	  0	  0	 67	 60	 70	 81	  0	 35	  0	  0	  0	  0	  0	  0	  0	  0	  0	  0	  0	  5	20540	  0
21/05/2016	08:38:27	->	L	00000000	 21	 83	 60	 32	  0	 76	  0	  4	  4	  4	  4	  4	  4	  4	  4	  0	  0	  0	  0	  0	  0	  0	  0	  0	  0	  0	  0	  0	  0	  0	  0	  0	  0	  0	  0	  0	  0	  0	  0	 68	 60	 67	 83	  0	 32	  0	  0	  0	  0	  0	  0	  0	  0	  0	  0	  0	  5	21820	  0
21/05/2016	08:43:27	->	L	00000000	 21	 85	 60	 30	  0	 81	  0	  4	  4	  4	  4	  4	  4	  4	  4	  0	  0	  0	  0	  0	  0	  0	  0	  0	  0	  0	  0	  0	  0	  0	  0	  0	  0	  0	  0	  0	  0	  0	  0	 69	 60	 64	 85	  0	 30	  0	  0	  0	  0	  0	  0	  0	  0	  0	  0	  0	  5	21820	  0
21/05/2016	08:48:27	->	L	00000000	 21	 85	 60	 30	  0	 86	  0	  4	  4	  4	  4	  4	  4	  4	  4	  0	  0	  0	  0	  0	  0	  0	  0	  0	  0	  0	  0	  0	  0	  0	  0	  0	  0	  0	  0	  0	  0	  0	  0	 69	 60	 64	 85	  0	 30	  0	  0	  0	  0	  0	  0	  0	  0	  0	  0	  0	  5	21820	  0
21/05/2016	08:53:27	->	L	00000000	 21	 79	 60	 41	  0	 91	  0	  4	  4	  4	  4	  4	  4	  4	  4	  0	  0	  0	  0	  0	  0	  0	  0	  0	  0	  0	  0	  0	  0	  0	  0	  0	  0	  0	  0	  0	  0	  0	  0	 67	 60	 70	 79	  0	 39	  0	  0	  0	  0	  0	  0	  0	  0	  0	  0	  0	  5	20540	  0
21/05/2016	08:58:27	->	L	00000000	 21	 78	 60	 38	  0	 96	  0	  4	  4	  4	  4	  4	  4	  4	  4	  0	  0	  0	  0	  0	  0	  0	  0	  0	  0	  0	  0	  0	  0	  0	  0	  0	  0	  0	  0	  0	  0	  0	  0	 66	 60	 73	 78	  0	 41	  0	  0	  0	  0	  0	  0	  0	  0	  0	  0	  0	  5	20540	  0
21/05/2016	09:03:27	->	L	00000000	 21	 80	 60	 38	  0	101	  0	  4	  4	  4	  4	  4	  4	  4	  4	  0	  0	  0	  0	  0	  0	  0	  0	  0	  0	  0	  0	  0	  0	  0	  0	  0	  0	  0	  0	  0	  0	  0	  0	 67	 60	 70	 80	  0	 38	  0	  0	  0	  0	  0	  0	  0	  0	  0	  0	  0	  5	20540	  0
21/05/2016	09:08:27	->	L	00000000	 21	 79	 60	 38	  0	106	  0	  4	  4	  4	  4	  4	  4	  4	  4	  0	  0	  0	  0	  0	  0	  0	  0	  0	  0	  0	  0	  0	  0	  0	  0	  0	  0	  0	  0	  0	  0	  0	  0	 67	 60	 70	 79	  0	 39	  0	  0	  0	  0	  0	  0	  0	  0	  0	  0	  0	  5	20540	  0
21/05/2016	09:13:27	->	L	00000000	 21	 81	 60	 38	  0	111	  0	  4	  4	  4	  4	  4	  4	  4	  4	  0	  0	  0	  0	  0	  0	  0	  0	  0	  0	  0	  0	  0	  0	  0	  0	  0	  0	  0	  0	  0	  0	  0	  0	 67	 60	 70	 81	  0	 35	  0	  0	  0	  0	  0	  0	  0	  0	  0	  0	  0	  5	20540	  0
21/05/2016	09:18:27	->	L	00000000	 21	 79	 60	 38	  0	116	  0	  4	  4	  4	  4	  4	  4	  4	  4	  0	  0	  0	  0	  0	  0	  0	  0	  0	  0	  0	  0	  0	  0	  0	  0	  0	  0	  0	  0	  0	  0	  0	  0	 67	 60	 70	 79	  0	 39	  0	  0	  0	  0	  0	  0	  0	  0	  0	  0	  0	  5	20540	  0
21/05/2016	09:23:27	->	L	00000000	 21	 81	 60	 38	  0	121	  0	  4	  4	  4	  4	  4	  4	  4	  4	  0	  0	  0	  0	  0	  0	  0	  0	  0	  0	  0	  0	  0	  0	  0	  0	  0	  0	  0	  0	  0	  0	  0	  0	 66	 60	 73	 81	  0	 35	  0	  0	  0	  0	  0	  0	  0	  0	  0	  0	  0	  5	20540	  0
21/05/2016	09:28:27	->	L	00000000	 21	 77	 60	 41	  0	126	  0	  4	  4	  4	  4	  4	  4	  4	  4	  0	  0	  0	  0	  0	  0	  0	  0	  0	  0	  0	  0	  0	  0	  0	  0	  0	  0	  0	  0	  0	  0	  0	  0	 66	 60	 73	 77	  0	 43	  0	  0	  0	  0	  0	  0	  0	  0	  0	  0	  0	  5	20540	  0
21/05/2016	09:33:27	->	L	00000000	 21	 81	 60	 35	  0	131	  0	  4	  4	  4	  4	  4	  4	  4	  4	  0	  0	  0	  0	  0	  0	  0	  0	  0	  0	  0	  0	  0	  0	  0	  0	  0	  0	  0	  0	  0	  0	  0	  0	 67	 60	 70	 81	  0	 35	  0	  0	  0	  0	  0	  0	  0	  0	  0	  0	  0	  5	20540	  0
21/05/2016	09:38:27	->	L	00000000	 21	 77	 60	 43	  0	136	  0	  4	  4	  4	  4	  4	  4	  4	  4	  0	  0	  0	  0	  0	  0	  0	  0	  0	  0	  0	  0	  0	  0	  0	  0	  0	  0	  0	  0	  0	  0	  0	  0	 66	 60	 73	 77	  0	 43	  0	  0	  0	  0	  0	  0	  0	  0	  0	  0	  0	  5	20540	  0
21/05/2016	09:43:27	->	L	00000000	 21	 81	 60	 35	  0	141	  0	  4	  4	  4	  4	  4	  4	  4	  4	  0	  0	  0	  0	  0	  0	  0	  0	  0	  0	  0	  0	  0	  0	  0	  0	  0	  0	  0	  0	  0	  0	  0	  0	 67	 60	 70	 81	  0	 35	  0	  0	  0	  0	  0	  0	  0	  0	  0	  0	  0	  5	20540	  0
21/05/2016	09:48:27	->	L	00000000	 21	 77	 60	 41	  0	146	  0	  4	  4	  4	  4	  4	  4	  4	  4	  0	  0	  0	  0	  0	  0	  0	  0	  0	  0	  0	  0	  0	  0	  0	  0	  0	  0	  0	  0	  0	  0	  0	  0	 66	 60	 73	 77	  0	 43	  0	  0	  0	  0	  0	  0	  0	  0	  0	  0	  0	  5	20540	  0
21/05/2016	09:53:27	->	L	00000000	 21	 82	 60	 34	  0	151	  0	  4	  4	  4	  4	  4	  4	  4	  4	  0	  0	  0	  0	  0	  0	  0	  0	  0	  0	  0	  0	  0	  0	  0	  0	  0	  0	  0	  0	  0	  0	  0	  0	 67	 60	 70	 82	  0	 34	  0	  0	  0	  0	  0	  0	  0	  0	  0	  0	  0	  5	20540	  0
21/05/2016	09:58:27	->	L	00000000	 21	 77	 60	 43	  0	156	  0	  4	  4	  4	  4	  4	  4	  4	  4	  0	  0	  0	  0	  0	  0	  0	  0	  0	  0	  0	  0	  0	  0	  0	  0	  0	  0	  0	  0	  0	  0	  0	  0	 66	 60	 73	 77	  0	 43	  0	  0	  0	  0	  0	  0	  0	  0	  0	  0	  0	  5	20540	  0
21/05/2016	10:03:27	->	L	00000000	 21	 82	 60	 34	  0	161	  0	  4	  4	  4	  4	  4	  4	  4	  4	  0	  0	  0	  0	  0	  0	  0	  0	  0	  0	  0	  0	  0	  0	  0	  0	  0	  0	  0	  0	  0	  0	  0	  0	 67	 60	 70	 82	  0	 34	  0	  0	  0	  0	  0	  0	  0	  0	  0	  0	  0	  5	20540	  0
21/05/2016	10:08:27	->	L	00000000	 21	 78	 60	 43	  0	166	  0	  4	  4	  4	  4	  4	  4	  4	  4	  0	  0	  0	  0	  0	  0	  0	  0	  0	  0	  0	  0	  0	  0	  0	  0	  0	  0	  0	  0	  0	  0	  0	  0	 66	 60	 73	 78	  0	 41	  0	  0	  0	  0	  0	  0	  0	  0	  0	  0	  0	  5	20540	  0
21/05/2016	10:13:27	->	L	00000000	 21	 81	 60	 35	  0	171	  0	  4	  4	  4	  4	  4	  4	  4	  4	  0	  0	  0	  0	  0	  0	  0	  0	  0	  0	  0	  0	  0	  0	  0	  0	  0	  0	  0	  0	  0	  0	  0	  0	 67	 60	 70	 81	  0	 35	  0	  0	  0	  0	  0	  0	  0	  0	  0	  0	  0	  5	20540	  0
21/05/2016	10:18:27	->	L	00000000	 21	 79	 61	 39	  0	176	  0	  4	  4	  4	  4	  4	  4	  4	  4	  0	  0	  0	  0	  0	  0	  0	  0	  0	  0	  0	  0	  0	  0	  0	  0	  0	  0	  0	  0	  0	  0	  0	  0	 67	 61	 74	 79	  0	 42	  0	  0	  0	  0	  0	  0	  0	  0	  0	  0	  0	  5	20540	  0
21/05/2016	10:23:27	->	L	00000000	 21	 79	 60	 38	  0	181	  0	  4	  4	  4	  4	  4	  4	  4	  4	  0	  0	  0	  0	  0	  0	  0	  0	  0	  0	  0	  0	  0	  0	  0	  0	  0	  0	  0	  0	  0	  0	  0	  0	 67	 60	 70	 79	  0	 39	  0	  0	  0	  0	  0	  0	  0	  0	  0	  0	  0	  5	20540	  0
21/05/2016	10:28:27	->	L	00000000	 21	 81	 60	 35	  0	186	  0	  4	  4	  4	  4	  4	  4	  4	  4	  0	  0	  0	  0	  0	  0	  0	  0	  0	  0	  0	  0	  0	  0	  0	  0	  0	  0	  0	  0	  0	  0	  0	  0	 67	 60	 70	 81	  0	 35	  0	  0	  0	  0	  0	  0	  0	  0	  0	  0	  0	  5	20540	  0
21/05/2016	10:33:27	->	L	00000000	 21	 78	 60	 41	  0	191	  0	  4	  4	  4	  4	  4	  4	  4	  4	  0	  0	  0	  0	  0	  0	  0	  0	  0	  0	  0	  0	  0	  0	  0	  0	  0	  0	  0	  0	  0	  0	  0	  0	 67	 60	 70	 78	  0	 41	  0	  0	  0	  0	  0	  0	  0	  0	  0	  0	  0	  5	20540	  0
21/05/2016	10:38:27	->	L	00000000	 21	 82	 60	 34	  0	196	  0	  4	  4	  4	  4	  4	  4	  4	  4	  0	  0	  0	  0	  0	  0	  0	  0	  0	  0	  0	  0	  0	  0	  0	  0	  0	  0	  0	  0	  0	  0	  0	  0	 67	 60	 70	 82	  0	 34	  0	  0	  0	  0	  0	  0	  0	  0	  0	  0	  0	  5	20540	  0
21/05/2016	10:43:27	->	L	00000000	 21	 77	 60	 43	  0	201	  0	  4	  4	  4	  4	  4	  4	  4	  4	  0	  0	  0	  0	  0	  0	  0	  0	  0	  0	  0	  0	  0	  0	  0	  0	  0	  0	  0	  0	  0	  0	  0	  0	 67	 60	 70	 77	  0	 43	  0	  0	  0	  0	  0	  0	  0	  0	  0	  0	  0	  5	20540	  0
21/05/2016	10:48:27	->	L	00000000	 21	 82	 60	 34	  0	206	  0	  4	  4	  4	  4	  4	  4	  4	  4	  0	  0	  0	  0	  0	  0	  0	  0	  0	  0	  0	  0	  0	  0	  0	  0	  0	  0	  0	  0	  0	  0	  0	  0	 68	 60	 67	 82	  0	 34	  0	  0	  0	  0	  0	  0	  0	  0	  0	  0	  0	  5	20540	  0
21/05/2016	10:53:27	->	L	00000000	 21	 79	 60	 39	  0	211	  0	  4	  4	  4	  4	  4	  4	  4	  4	  0	  0	  0	  0	  0	  0	  0	  0	  0	  0	  0	  0	  0	  0	  0	  0	  0	  0	  0	  0	  0	  0	  0	  0	 67	 60	 70	 79	  0	 39	  0	  0	  0	  0	  0	  0	  0	  0	  0	  0	  0	  5	20540	  0
21/05/2016	10:58:27	->	L	00000000	 21	 81	 60	 35	  0	216	  0	  4	  4	  4	  4	  4	  4	  4	  4	  0	  0	  0	  0	  0	  0	  0	  0	  0	  0	  0	  0	  0	  0	  0	  0	  0	  0	  0	  0	  0	  0	  0	  0	 68	 60	 67	 81	  0	 35	  0	  0	  0	  0	  0	  0	  0	  0	  0	  0	  0	  5	20540	  0
21/05/2016	11:03:27	->	L	00000000	 21	 79	 60	 41	  0	221	  0	  4	  4	  4	  4	  4	  4	  4	  4	  0	  0	  0	  0	  0	  0	  0	  0	  0	  0	  0	  0	  0	  0	  0	  0	  0	  0	  0	  0	  0	  0	  0	  0	 67	 60	 70	 79	  0	 39	  0	  0	  0	  0	  0	  0	  0	  0	  0	  0	  0	  5	20540	  0
21/05/2016	11:08:27	->	L	00000000	 21	 81	 60	 35	  0	226	  0	  4	  4	  4	  4	  4	  4	  4	  4	  0	  0	  0	  0	  0	  0	  0	  0	  0	  0	  0	  0	  0	  0	  0	  0	  0	  0	  0	  0	  0	  0	  0	  0	 66	 60	 73	 81	  0	 35	  0	  0	  0	  0	  0	  0	  0	  0	  0	  0	  0	  5	20540	  0
21/05/2016	11:13:27	->	L	00000000	 21	 81	 61	 40	  0	231	  0	  4	  4	  4	  4	  4	  4	  4	  4	  0	  0	  0	  0	  0	  0	  0	  0	  0	  0	  0	  0	  0	  0	  0	  0	  0	  0	  0	  0	  0	  0	  0	  0	 68	 61	 71	 81	  0	 38	  0	  0	  0	  0	  0	  0	  0	  0	  0	  0	  0	  5	20540	  0
21/05/2016	11:18:27	->	L	00000000	 21	 78	 60	 39	  0	236	  0	  4	  4	  4	  4	  4	  4	  4	  4	  0	  0	  0	  0	  0	  0	  0	  0	  0	  0	  0	  0	  0	  0	  0	  0	  0	  0	  0	  0	  0	  0	  0	  0	 67	 60	 70	 78	  0	 41	  0	  0	  0	  0	  0	  0	  0	  0	  0	  0	  0	  5	20540	  0
21/05/2016	11:23:27	->	L	00000000	 21	 82	 60	 35	  0	241	  0	  4	  4	  4	  4	  4	  4	  4	  4	  0	  0	  0	  0	  0	  0	  0	  0	  0	  0	  0	  0	  0	  0	  0	  0	  0	  0	  0	  0	  0	  0	  0	  0	 68	 60	 67	 82	  0	 34	  0	  0	  0	  0	  0	  0	  0	  0	  0	  0	  0	  5	20540	  0
21/05/2016	11:28:27	->	L	00000000	 21	 77	 60	 41	  0	246	  0	  4	  4	  4	  4	  4	  4	  4	  4	  0	  0	  0	  0	  0	  0	  0	  0	  0	  0	  0	  0	  0	  0	  0	  0	  0	  0	  0	  0	  0	  0	  0	  0	 67	 60	 70	 77	  0	 43	  0	  0	  0	  0	  0	  0	  0	  0	  0	  0	  0	  5	20540	  0
21/05/2016	11:33:27	->	L	00000000	 21	 82	 60	 35	  0	251	  0	  4	  4	  4	  4	  4	  4	  4	  4	  0	  0	  0	  0	  0	  0	  0	  0	  0	  0	  0	  0	  0	  0	  0	  0	  0	  0	  0	  0	  0	  0	  0	  0	 68	 60	 67	 82	  0	 34	  0	  0	  0	  0	  0	  0	  0	  0	  0	  0	  0	  5	20540	  0
21/05/2016	11:38:27	->	L	00000000	 21	 77	 60	 41	  0	256	  0	  4	  4	  4	  4	  4	  4	  4	  4	  0	  0	  0	  0	  0	  0	  0	  0	  0	  0	  0	  0	  0	  0	  0	  0	  0	  0	  0	  0	  0	  0	  0	  0	 67	 60	 70	 77	  0	 43	  0	  0	  0	  0	  0	  0	  0	  0	  0	  0	  0	  5	20540	  0
21/05/2016	11:43:27	->	L	00000000	 21	 81	 60	 34	  0	261	  0	  4	  4	  4	  4	  4	  4	  4	  4	  0	  0	  0	  0	  0	  0	  0	  0	  0	  0	  0	  0	  0	  0	  0	  0	  0	  0	  0	  0	  0	  0	  0	  0	 68	 60	 67	 81	  0	 35	  0	  0	  0	  0	  0	  0	  0	  0	  0	  0	  0	  5	20540	  0
21/05/2016	11:48:27	->	L	00000000	 21	 79	 60	 41	  0	266	  0	  4	  4	  4	  4	  4	  4	  4	  4	  0	  0	  0	  0	  0	  0	  0	  0	  0	  0	  0	  0	  0	  0	  0	  0	  0	  0	  0	  0	  0	  0	  0	  0	 67	 60	 70	 79	  0	 39	  0	  0	  0	  0	  0	  0	  0	  0	  0	  0	  0	  5	20540	  0
21/05/2016	11:53:27	->	L	00000000	 21	 80	 60	 35	  0	271	  0	  4	  4	  4	  4	  4	  4	  4	  4	  0	  0	  0	  0	  0	  0	  0	  0	  0	  0	  0	  0	  0	  0	  0	  0	  0	  0	  0	  0	  0	  0	  0	  0	 68	 60	 67	 80	  0	 38	  0	  0	  0	  0	  0	  0	  0	  0	  0	  0	  0	  5	20540	  0
21/05/2016	11:58:27	->	L	00000000	 21	 81	 60	 40	  0	276	  0	  4	  4	  4	  4	  4	  4	  4	  4	  0	  0	  0	  0	  0	  0	  0	  0	  0	  0	  0	  0	  0	  0	  0	  0	  0	  0	  0	  0	  0	  0	  0	  0	 68	 60	 67	 81	  0	 35	  0	  0	  0	  0	  0	  0	  0	  0	  0	  0	  0	  5	20540	  0
21/05/2016	12:03:27	->	L	00000000	 21	 79	 60	 38	  0	281	  0	  4	  4	  4	  4	  4	  4	  4	  4	  0	  0	  0	  0	  0	  0	  0	  0	  0	  0	  0	  0	  0	  0	  0	  0	  0	  0	  0	  0	  0	  0	  0	  0	 68	 60	 67	 79	  0	 39	  0	  0	  0	  0	  0	  0	  0	  0	  0	  0	  0	  5	20540	  0
21/05/2016	12:08:27	->	L	00000000	 21	 80	 61	 42	  0	286	  0	  4	  4	  4	  4	  4	  4	  4	  4	  0	  0	  0	  0	  0	  0	  0	  0	  0	  0	  0	  0	  0	  0	  0	  0	  0	  0	  0	  0	  0	  0	  0	  0	 67	 61	 74	 80	  0	 40	  0	  0	  0	  0	  0	  0	  0	  0	  0	  0	  0	  5	20540	  0
21/05/2016	12:13:27	->	L	00000000	 21	 78	 60	 41	  0	291	  0	  4	  4	  4	  4	  4	  4	  4	  4	  0	  0	  0	  0	  0	  0	  0	  0	  0	  0	  0	  0	  0	  0	  0	  0	  0	  0	  0	  0	  0	  0	  0	  0	 67	 60	 70	 78	  0	 41	  0	  0	  0	  0	  0	  0	  0	  0	  0	  0	  0	  5	20540	  0
21/05/2016	12:18:27	->	L	00000000	 21	 80	 60	 39	  0	296	  0	  4	  4	  4	  4	  4	  4	  4	  4	  0	  0	  0	  0	  0	  0	  0	  0	  0	  0	  0	  0	  0	  0	  0	  0	  0	  0	  0	  0	  0	  0	  0	  0	 68	 60	 67	 80	  0	 38	  0	  0	  0	  0	  0	  0	  0	  0	  0	  0	  0	  5	20540	  0
21/05/2016	12:23:27	->	L	00000000	 21	 79	 60	 38	  0	301	  0	  4	  4	  4	  4	  4	  4	  4	  4	  0	  0	  0	  0	  0	  0	  0	  0	  0	  0	  0	  0	  0	  0	  0	  0	  0	  0	  0	  0	  0	  0	  0	  0	 67	 60	 70	 79	  0	 39	  0	  0	  0	  0	  0	  0	  0	  0	  0	  0	  0	  5	20540	  0
21/05/2016	12:28:27	<-	L	00000000	 21	 75	 62	 48	  0	306	  0	  4	  4	  4	  4	  4	  4	  4	  4	  0	  0	  0	  0	  0	  0	  0	  0	  0	  0	  0	  0	  0	  0	  0	  0	  0	  0	  0	  0	  0	  0	  0	  0	 74	 62	 56	 75	  0	 53	  0	  0	  0	  0	  0	  0	  0	  0	  0	  0	  0	  5	20540	  0
21/05/2016	12:33:27	<-	L	00000000	 21	 80	 61	 42	  0	311	  0	  4	  4	  4	  4	  4	  4	  4	  4	  0	  0	  0	  0	  0	  0	  0	  0	  0	  0	  0	  0	  0	  0	  0	  0	  0	  0	  0	  0	  0	  0	  0	  0	 80	 61	 40	 69	  0	 67	  0	  0	  0	  0	  0	  0	  0	  0	  0	  0	  0	  5	20540	  0
21/05/2016	12:38:27	<-	L	00000000	 21	 80	 61	 38	  0	316	  0	  4	  4	  4	  4	  4	  4	  4	  4	  0	  0	  0	  0	  0	  0	  0	  0	  0	  0	  0	  0	  0	  0	  0	  0	  0	  0	  0	  0	  0	  0	  0	  0	 80	 61	 40	 68	  0	 71	  0	  0	  0	  0	  0	  0	  0	  0	  0	  0	  0	  5	20540	  0
21/05/2016	12:43:27	<-	L	00000000	 21	 79	 61	 42	  0	321	  0	  4	  4	  4	  4	  4	  4	  4	  4	  0	  0	  0	  0	  0	  0	  0	  0	  0	  0	  0	  0	  0	  0	  0	  0	  0	  0	  0	  0	  0	  0	  0	  0	 79	 61	 42	 67	  0	 74	  0	  0	  0	  0	  0	  0	  0	  0	  0	  0	  0	  5	20540	  0
21/05/2016	12:48:27	<-	L	00000000	 21	 81	 60	 35	  0	326	  0	  4	  4	  4	  4	  4	  4	  4	  4	  0	  0	  0	  0	  0	  0	  0	  0	  0	  0	  0	  0	  0	  0	  0	  0	  0	  0	  0	  0	  0	  0	  0	  0	 81	 60	 35	 67	  0	 70	  0	  0	  0	  0	  0	  0	  0	  0	  0	  0	  0	  5	20540	  0
21/05/2016	12:53:27	<-	L	00000000	 21	 78	 61	 43	  0	331	  0	  4	  4	  4	  4	  4	  4	  4	  4	  0	  0	  0	  0	  0	  0	  0	  0	  0	  0	  0	  0	  0	  0	  0	  0	  0	  0	  0	  0	  0	  0	  0	  0	 78	 61	 43	 67	  0	 74	  0	  0	  0	  0	  0	  0	  0	  0	  0	  0	  0	  5	20540	  0
21/05/2016	12:58:27	<-	L	00000000	 21	 79	 60	 41	  0	336	  0	  4	  4	  4	  4	  4	  4	  4	  4	  0	  0	  0	  0	  0	  0	  0	  0	  0	  0	  0	  0	  0	  0	  0	  0	  0	  0	  0	  0	  0	  0	  0	  0	 79	 60	 39	 68	  0	 67	  0	  0	  0	  0	  0	  0	  0	  0	  0	  0	  0	  5	20540	  0
21/05/2016	13:03:27	<-	L	00000000	 21	 78	 59	 39	  0	341	  0	  4	  4	  4	  4	  4	  4	  4	  4	  0	  0	  0	  0	  0	  0	  0	  0	  0	  0	  0	  0	  0	  0	  0	  0	  0	  0	  0	  0	  0	  0	  0	  0	 78	 59	 39	 67	  0	 67	  0	  0	  0	  0	  0	  0	  0	  0	  0	  0	  0	  5	20540	  0
21/05/2016	13:08:27	<-	L	00000000	 21	 82	 60	 35	  0	346	  0	  4	  4	  4	  4	  4	  4	  4	  4	  0	  0	  0	  0	  0	  0	  0	  0	  0	  0	  0	  0	  0	  0	  0	  0	  0	  0	  0	  0	  0	  0	  0	  0	 82	 60	 34	 68	  0	 67	  0	  0	  0	  0	  0	  0	  0	  0	  0	  0	  0	  5	20540	  0
21/05/2016	13:13:27	<-	L	00000000	 21	 79	 60	 41	  0	351	  0	  4	  4	  4	  4	  4	  4	  4	  4	  0	  0	  0	  0	  0	  0	  0	  0	  0	  0	  0	  0	  0	  0	  0	  0	  0	  0	  0	  0	  0	  0	  0	  0	 79	 60	 39	 67	  0	 70	  0	  0	  0	  0	  0	  0	  0	  0	  0	  0	  0	  5	20540	  0
21/05/2016	13:18:27	<-	L	00000000	 21	 80	 60	 35	  0	356	  0	  4	  4	  4	  4	  4	  4	  4	  4	  0	  0	  0	  0	  0	  0	  0	  0	  0	  0	  0	  0	  0	  0	  0	  0	  0	  0	  0	  0	  0	  0	  0	  0	 80	 60	 38	 67	  0	 70	  0	  0	  0	  0	  0	  0	  0	  0	  0	  0	  0	  5	20540	  0
21/05/2016	13:23:27	<-	L	00000000	 22	 80	 61	 38	  0	  0	  0	  4	  4	  4	  4	  4	  4	  4	  4	  0	  0	  0	  0	  0	  0	  0	  0	  0	  0	  0	  0	  0	  0	  0	  0	  0	  0	  0	  0	  0	  0	  0	  0	 80	 61	 40	 68	  0	 71	  0	  0	  0	  0	  0	  0	  0	  0	  0	  0	  0	  5	21823	  0
21/05/2016	13:28:27	<-	L	00000000	 22	 83	 61	 32	  0	  5	  0	  4	  4	  4	  4	  4	  4	  4	  4	  0	  0	  0	  0	  0	  0	  0	  0	  0	  0	  0	  0	  0	  0	  0	  0	  0	  0	  0	  0	  0	  0	  0	  0	 83	 61	 35	 70	  0	 64	  0	  0	  0	  0	  0	  0	  0	  0	  0	  0	  0	  5	21823	  0
21/05/2016	13:33:27	<-	L	00000000	 22	 83	 61	 35	  0	 10	  0	  4	  4	  4	  4	  4	  4	  4	  4	  0	  0	  0	  0	  0	  0	  0	  0	  0	  0	  0	  0	  0	  0	  0	  0	  0	  0	  0	  0	  0	  0	  0	  0	 83	 61	 35	 69	  0	 67	  0	  0	  0	  0	  0	  0	  0	  0	  0	  0	  0	  5	21823	  0
21/05/2016	13:38:27	<-	L	00000000	 22	 84	 62	 35	  0	 15	  0	  4	  4	  4	  4	  4	  4	  4	  4	  0	  0	  0	  0	  0	  0	  0	  0	  0	  0	  0	  0	  0	  0	  0	  0	  0	  0	  0	  0	  0	  0	  0	  0	 84	 62	 35	 70	  0	 67	  0	  0	  0	  0	  0	  0	  0	  0	  0	  0	  0	  5	21823	  0
21/05/2016	13:43:27	<-	L	00000000	 22	 84	 62	 35	  0	 20	  0	  4	  4	  4	  4	  4	  4	  4	  4	  0	  0	  0	  0	  0	  0	  0	  0	  0	  0	  0	  0	  0	  0	  0	  0	  0	  0	  0	  0	  0	  0	  0	  0	 84	 62	 35	 71	  0	 64	  0	  0	  0	  0	  0	  0	  0	  0	  0	  0	  0	  5	21823	  0
21/05/2016	13:48:27	<-	L	00000000	 22	 84	 62	 35	  0	 25	  0	  4	  4	  4	  4	  4	  4	  4	  4	  0	  0	  0	  0	  0	  0	  0	  0	  0	  0	  0	  0	  0	  0	  0	  0	  0	  0	  0	  0	  0	  0	  0	  0	 84	 62	 35	 71	  0	 64	  0	  0	  0	  0	  0	  0	  0	  0	  0	  0	  0	  5	21823	  0
21/05/2016	13:53:27	<-	L	00000000	 22	 85	 63	 36	  0	 30	  0	  4	  4	  4	  4	  4	  4	  4	  4	  0	  0	  0	  0	  0	  0	  0	  0	  0	  0	  0	  0	  0	  0	  0	  0	  0	  0	  0	  0	  0	  0	  0	  0	 85	 63	 36	 71	  0	 68	  0	  0	  0	  0	  0	  0	  0	  0	  0	  0	  0	  5	21823	  0
21/05/2016	13:58:27	<-	L	00000000	 22	 85	 63	 36	  0	 35	  0	  4	  4	  4	  4	  4	  4	  4	  4	  0	  0	  0	  0	  0	  0	  0	  0	  0	  0	  0	  0	  0	  0	  0	  0	  0	  0	  0	  0	  0	  0	  0	  0	 85	 63	 36	 71	  0	 68	  0	  0	  0	  0	  0	  0	  0	  0	  0	  0	  0	  5	21823	  0
21/05/2016	14:03:27	<-	L	00000000	 22	 82	 63	 43	  0	 40	  0	  4	  4	  4	  4	  4	  4	  4	  4	  0	  0	  0	  0	  0	  0	  0	  0	  0	  0	  0	  0	  0	  0	  0	  0	  0	  0	  0	  0	  0	  0	  0	  0	 82	 63	 40	 70	  0	 71	  0	  0	  0	  0	  0	  0	  0	  0	  0	  0	  0	  5	21823	  0
21/05/2016	14:08:27	<-	L	00000000	 22	 83	 63	 40	  0	 45	  0	  4	  4	  4	  4	  4	  4	  4	  4	  0	  0	  0	  0	  0	  0	  0	  0	  0	  0	  0	  0	  0	  0	  0	  0	  0	  0	  0	  0	  0	  0	  0	  0	 83	 63	 39	 70	  0	 71	  0	  0	  0	  0	  0	  0	  0	  0	  0	  0	  0	  5	21823	  0
21/05/2016	14:13:27	<-	L	00000000	 22	 85	 63	 36	  0	 50	  0	  4	  4	  4	  4	  4	  4	  4	  4	  0	  0	  0	  0	  0	  0	  0	  0	  0	  0	  0	  0	  0	  0	  0	  0	  0	  0	  0	  0	  0	  0	  0	  0	 85	 63	 36	 71	  0	 68	  0	  0	  0	  0	  0	  0	  0	  0	  0	  0	  0	  5	21823	  0
21/05/2016	14:18:27	<-	L	00000000	 22	 86	 63	 33	  0	 55	  0	  4	  4	  4	  4	  4	  4	  4	  4	  0	  0	  0	  0	  0	  0	  0	  0	  0	  0	  0	  0	  0	  0	  0	  0	  0	  0	  0	  0	  0	  0	  0	  0	 86	 63	 33	 71	  0	 68	  0	  0	  0	  0	  0	  0	  0	  0	  0	  0	  0	  5	21823	  0
21/05/2016	14:23:27	<-	L	00000000	 22	 82	 63	 40	  0	 60	  0	  4	  4	  4	  4	  4	  4	  4	  4	  0	  0	  0	  0	  0	  0	  0	  0	  0	  0	  0	  0	  0	  0	  0	  0	  0	  0	  0	  0	  0	  0	  0	  0	 82	 63	 40	 70	  0	 71	  0	  0	  0	  0	  0	  0	  0	  0	  0	  0	  0	  5	21823	  0
21/05/2016	14:28:27	<-	L	00000000	 22	 85	 63	 36	  0	 65	  0	  4	  4	  4	  4	  4	  4	  4	  4	  0	  0	  0	  0	  0	  0	  0	  0	  0	  0	  0	  0	  0	  0	  0	  0	  0	  0	  0	  0	  0	  0	  0	  0	 85	 63	 36	 71	  0	 68	  0	  0	  0	  0	  0	  0	  0	  0	  0	  0	  0	  5	21823	  0
21/05/2016	14:33:27	<-	L	00000000	 22	 83	 63	 36	  0	 70	  0	  4	  4	  4	  4	  4	  4	  4	  4	  0	  0	  0	  0	  0	  0	  0	  0	  0	  0	  0	  0	  0	  0	  0	  0	  0	  0	  0	  0	  0	  0	  0	  0	 83	 63	 39	 71	  0	 68	  0	  0	  0	  0	  0	  0	  0	  0	  0	  0	  0	  5	21823	  0
21/05/2016	14:38:27	<-	L	00000000	 22	 84	 63	 36	  0	 75	  0	  4	  4	  4	  4	  4	  4	  4	  4	  0	  0	  0	  0	  0	  0	  0	  0	  0	  0	  0	  0	  0	  0	  0	  0	  0	  0	  0	  0	  0	  0	  0	  0	 84	 63	 36	 71	  0	 68	  0	  0	  0	  0	  0	  0	  0	  0	  0	  0	  0	  5	21823	  0
21/05/2016	14:43:27	<-	L	00000000	 22	 84	 63	 33	  0	 80	  0	  4	  4	  4	  4	  4	  4	  4	  4	  0	  0	  0	  0	  0	  0	  0	  0	  0	  0	  0	  0	  0	  0	  0	  0	  0	  0	  0	  0	  0	  0	  0	  0	 84	 63	 36	 71	  0	 68	  0	  0	  0	  0	  0	  0	  0	  0	  0	  0	  0	  5	21823	  0
21/05/2016	14:48:27	<-	L	00000000	 22	 84	 63	 36	  0	 85	  0	  4	  4	  4	  4	  4	  4	  4	  4	  0	  0	  0	  0	  0	  0	  0	  0	  0	  0	  0	  0	  0	  0	  0	  0	  0	  0	  0	  0	  0	  0	  0	  0	 84	 63	 36	 71	  0	 68	  0	  0	  0	  0	  0	  0	  0	  0	  0	  0	  0	  5	21823	  0
21/05/2016	14:53:27	<-	L	00000000	 22	 83	 63	 36	  0	 90	  0	  4	  4	  4	  4	  4	  4	  4	  4	  0	  0	  0	  0	  0	  0	  0	  0	  0	  0	  0	  0	  0	  0	  0	  0	  0	  0	  0	  0	  0	  0	  0	  0	 83	 63	 39	 71	  0	 68	  0	  0	  0	  0	  0	  0	  0	  0	  0	  0	  0	  5	21823	  0
21/05/2016	14:58:27	<-	L	00000000	 22	 85	 63	 36	  0	 95	  0	  4	  4	  4	  4	  4	  4	  4	  4	  0	  0	  0	  0	  0	  0	  0	  0	  0	  0	  0	  0	  0	  0	  0	  0	  0	  0	  0	  0	  0	  0	  0	  0	 85	 63	 36	 71	  0	 68	  0	  0	  0	  0	  0	  0	  0	  0	  0	  0	  0	  5	21823	  0
21/05/2016	15:03:27	<-	L	00000000	 22	 83	 63	 36	  0	100	  0	  4	  4	  4	  4	  4	  4	  4	  4	  0	  0	  0	  0	  0	  0	  0	  0	  0	  0	  0	  0	  0	  0	  0	  0	  0	  0	  0	  0	  0	  0	  0	  0	 83	 63	 39	 71	  0	 68	  0	  0	  0	  0	  0	  0	  0	  0	  0	  0	  0	  5	21823	  0
21/05/2016	15:08:27	<-	L	00000000	 22	 86	 63	 36	  0	105	  0	  4	  4	  4	  4	  4	  4	  4	  4	  0	  0	  0	  0	  0	  0	  0	  0	  0	  0	  0	  0	  0	  0	  0	  0	  0	  0	  0	  0	  0	  0	  0	  0	 86	 63	 33	 71	  0	 68	  0	  0	  0	  0	  0	  0	  0	  0	  0	  0	  0	  5	21823	  0
21/05/2016	15:13:27	<-	L	00000000	 22	 81	 62	 38	  0	110	  0	  4	  4	  4	  4	  4	  4	  4	  4	  0	  0	  0	  0	  0	  0	  0	  0	  0	  0	  0	  0	  0	  0	  0	  0	  0	  0	  0	  0	  0	  0	  0	  0	 81	 62	 40	 70	  0	 67	  0	  0	  0	  0	  0	  0	  0	  0	  0	  0	  0	  5	21823	  0
21/05/2016	15:18:27	<-	L	00000000	 22	 87	 64	 36	  0	115	  0	  4	  4	  4	  4	  4	  4	  4	  4	  0	  0	  0	  0	  0	  0	  0	  0	  0	  0	  0	  0	  0	  0	  0	  0	  0	  0	  0	  0	  0	  0	  0	  0	 87	 64	 33	 72	  0	 68	  0	  0	  0	  0	  0	  0	  0	  0	  0	  0	  0	  5	21823	  0
21/05/2016	15:23:27	<-	L	00000000	 22	 84	 63	 36	  0	120	  0	  4	  4	  4	  4	  4	  4	  4	  4	  0	  0	  0	  0	  0	  0	  0	  0	  0	  0	  0	  0	  0	  0	  0	  0	  0	  0	  0	  0	  0	  0	  0	  0	 84	 63	 36	 71	  0	 68	  0	  0	  0	  0	  0	  0	  0	  0	  0	  0	  0	  5	21823	  0
21/05/2016	15:28:27	<-	L	00000000	 22	 82	 63	 40	  0	125	  0	  4	  4	  4	  4	  4	  4	  4	  4	  0	  0	  0	  0	  0	  0	  0	  0	  0	  0	  0	  0	  0	  0	  0	  0	  0	  0	  0	  0	  0	  0	  0	  0	 82	 63	 40	 71	  0	 68	  0	  0	  0	  0	  0	  0	  0	  0	  0	  0	  0	  5	21823	  0
21/05/2016	15:33:27	<-	L	00000000	 22	 87	 64	 33	  0	130	  0	  4	  4	  4	  4	  4	  4	  4	  4	  0	  0	  0	  0	  0	  0	  0	  0	  0	  0	  0	  0	  0	  0	  0	  0	  0	  0	  0	  0	  0	  0	  0	  0	 87	 64	 33	 72	  0	 68	  0	  0	  0	  0	  0	  0	  0	  0	  0	  0	  0	  5	21823	  0
21/05/2016	15:38:27	<-	L	00000000	 22	 81	 63	 43	  0	135	  0	  4	  4	  4	  4	  4	  4	  4	  4	  0	  0	  0	  0	  0	  0	  0	  0	  0	  0	  0	  0	  0	  0	  0	  0	  0	  0	  0	  0	  0	  0	  0	  0	 81	 63	 43	 70	  0	 71	  0	  0	  0	  0	  0	  0	  0	  0	  0	  0	  0	  5	21823	  0
21/05/2016	15:43:27	<-	L	00000000	 22	 87	 63	 33	  0	140	  0	  4	  4	  4	  4	  4	  4	  4	  4	  0	  0	  0	  0	  0	  0	  0	  0	  0	  0	  0	  0	  0	  0	  0	  0	  0	  0	  0	  0	  0	  0	  0	  0	 87	 63	 33	 72	  0	 65	  0	  0	  0	  0	  0	  0	  0	  0	  0	  0	  0	  5	21823	  0
21/05/2016	15:48:27	<-	L	00000000	 22	 82	 63	 38	  0	145	  0	  4	  4	  4	  4	  4	  4	  4	  4	  0	  0	  0	  0	  0	  0	  0	  0	  0	  0	  0	  0	  0	  0	  0	  0	  0	  0	  0	  0	  0	  0	  0	  0	 82	 63	 40	 71	  0	 68	  0	  0	  0	  0	  0	  0	  0	  0	  0	  0	  0	  5	21823	  0
21/05/2016	15:53:28	<-	L	00000000	 22	 86	 63	 33	  0	150	  0	  4	  4	  4	  4	  4	  4	  4	  4	  0	  0	  0	  0	  0	  0	  0	  0	  0	  0	  0	  0	  0	  0	  0	  0	  0	  0	  0	  0	  0	  0	  0	  0	 86	 63	 33	 72	  0	 65	  0	  0	  0	  0	  0	  0	  0	  0	  0	  0	  0	  5	21823	  0
21/05/2016	15:58:28	<-	L	00000000	 22	 84	 63	 39	  0	155	  0	  4	  4	  4	  4	  4	  4	  4	  4	  0	  0	  0	  0	  0	  0	  0	  0	  0	  0	  0	  0	  0	  0	  0	  0	  0	  0	  0	  0	  0	  0	  0	  0	 84	 63	 36	 71	  0	 68	  0	  0	  0	  0	  0	  0	  0	  0	  0	  0	  0	  5	21823	  0
21/05/2016	16:03:28	<-	L	00000000	 22	 86	 63	 33	  0	160	  0	  4	  4	  4	  4	  4	  4	  4	  4	  0	  0	  0	  0	  0	  0	  0	  0	  0	  0	  0	  0	  0	  0	  0	  0	  0	  0	  0	  0	  0	  0	  0	  0	 86	 63	 33	 72	  0	 65	  0	  0	  0	  0	  0	  0	  0	  0	  0	  0	  0	  5	21823	  0
21/05/2016	16:08:27	<-	L	00000000	 22	 83	 63	 40	  0	165	  0	  4	  4	  4	  4	  4	  4	  4	  4	  0	  0	  0	  0	  0	  0	  0	  0	  0	  0	  0	  0	  0	  0	  0	  0	  0	  0	  0	  0	  0	  0	  0	  0	 83	 63	 39	 71	  0	 68	  0	  0	  0	  0	  0	  0	  0	  0	  0	  0	  0	  5	21823	  0
21/05/2016	16:13:27	<-	L	00000000	 22	 86	 64	 33	  0	170	  0	  4	  4	  4	  4	  4	  4	  4	  4	  0	  0	  0	  0	  0	  0	  0	  0	  0	  0	  0	  0	  0	  0	  0	  0	  0	  0	  0	  0	  0	  0	  0	  0	 86	 64	 36	 72	  0	 68	  0	  0	  0	  0	  0	  0	  0	  0	  0	  0	  0	  5	21823	  0
21/05/2016	16:18:27	<-	L	00000000	 22	 82	 63	 40	  0	175	  0	  4	  4	  4	  4	  4	  4	  4	  4	  0	  0	  0	  0	  0	  0	  0	  0	  0	  0	  0	  0	  0	  0	  0	  0	  0	  0	  0	  0	  0	  0	  0	  0	 82	 63	 40	 71	  0	 68	  0	  0	  0	  0	  0	  0	  0	  0	  0	  0	  0	  5	21823	  0
21/05/2016	16:23:27	<-	L	00000000	 22	 86	 63	 33	  0	180	  0	  4	  4	  4	  4	  4	  4	  4	  4	  0	  0	  0	  0	  0	  0	  0	  0	  0	  0	  0	  0	  0	  0	  0	  0	  0	  0	  0	  0	  0	  0	  0	  0	 86	 63	 33	 72	  0	 65	  0	  0	  0	  0	  0	  0	  0	  0	  0	  0	  0	  5	21823	  0
21/05/2016	16:28:27	->	L	00000000	 22	 83	 63	 64	  0	185	  0	  4	  4	  4	  4	  4	  4	  4	  4	  0	  0	  0	  0	  0	  0	  0	  0	  0	  0	  0	  0	  0	  0	  0	  0	  0	  0	  0	  0	  0	  0	  0	  0	 83	 63	 39	 72	  0	 65	  0	  0	  0	  0	  0	  0	  0	  0	  0	  0	  0	  5	21823	  0
21/05/2016	16:33:27	->	L	00000000	 22	 85	 63	 36	  0	190	  0	  4	  4	  4	  4	  4	  4	  4	  4	  0	  0	  0	  0	  0	  0	  0	  0	  0	  0	  0	  0	  0	  0	  0	  0	  0	  0	  0	  0	  0	  0	  0	  0	 74	 63	 58	 85	  0	 36	  0	  0	  0	  0	  0	  0	  0	  0	  0	  0	  0	  5	21823	  0
21/05/2016	16:38:27	->	L	00000000	 22	 84	 63	 36	  0	195	  0	  4	  4	  4	  4	  4	  4	  4	  4	  0	  0	  0	  0	  0	  0	  0	  0	  0	  0	  0	  0	  0	  0	  0	  0	  0	  0	  0	  0	  0	  0	  0	  0	 72	 63	 65	 84	  0	 36	  0	  0	  0	  0	  0	  0	  0	  0	  0	  0	  0	  5	21823	  0
21/05/2016	16:43:28	->	L	00000000	 22	 85	 63	 33	  0	200	  0	  4	  4	  4	  4	  4	  4	  4	  4	  0	  0	  0	  0	  0	  0	  0	  0	  0	  0	  0	  0	  0	  0	  0	  0	  0	  0	  0	  0	  0	  0	  0	  0	 72	 63	 65	 85	  0	 36	  0	  0	  0	  0	  0	  0	  0	  0	  0	  0	  0	  5	21823	  0
21/05/2016	16:48:28	->	L	00000000	 22	 83	 62	 36	  0	205	  0	  4	  4	  4	  4	  4	  4	  4	  4	  0	  0	  0	  0	  0	  0	  0	  0	  0	  0	  0	  0	  0	  0	  0	  0	  0	  0	  0	  0	  0	  0	  0	  0	 71	 62	 64	 83	  0	 36	  0	  0	  0	  0	  0	  0	  0	  0	  0	  0	  0	  5	21823	  0
21/05/2016	16:53:28	->	L	00000000	 22	 85	 62	 33	  0	210	  0	  4	  4	  4	  4	  4	  4	  4	  4	  0	  0	  0	  0	  0	  0	  0	  0	  0	  0	  0	  0	  0	  0	  0	  0	  0	  0	  0	  0	  0	  0	  0	  0	 72	 62	 61	 85	  0	 33	  0	  0	  0	  0	  0	  0	  0	  0	  0	  0	  0	  5	21823	  0
21/05/2016	16:58:28	->	L	00000000	 22	 82	 62	 38	  0	215	  0	  4	  4	  4	  4	  4	  4	  4	  4	  0	  0	  0	  0	  0	  0	  0	  0	  0	  0	  0	  0	  0	  0	  0	  0	  0	  0	  0	  0	  0	  0	  0	  0	 71	 62	 64	 82	  0	 38	  0	  0	  0	  0	  0	  0	  0	  0	  0	  0	  0	  5	21823	  0
21/05/2016	17:03:28	->	L	00000000	 22	 86	 63	 33	  0	220	  0	  4	  4	  4	  4	  4	  4	  4	  4	  0	  0	  0	  0	  0	  0	  0	  0	  0	  0	  0	  0	  0	  0	  0	  0	  0	  0	  0	  0	  0	  0	  0	  0	 72	 63	 65	 86	  0	 33	  0	  0	  0	  0	  0	  0	  0	  0	  0	  0	  0	  5	21823	  0
21/05/2016	17:08:28	->	L	00000000	 22	 82	 62	 38	  0	225	  0	  4	  4	  4	  4	  4	  4	  4	  4	  0	  0	  0	  0	  0	  0	  0	  0	  0	  0	  0	  0	  0	  0	  0	  0	  0	  0	  0	  0	  0	  0	  0	  0	 71	 62	 64	 82	  0	 38	  0	  0	  0	  0	  0	  0	  0	  0	  0	  0	  0	  5	21823	  0
21/05/2016	17:13:28	->	L	00000000	 22	 86	 63	 36	  0	230	  0	  4	  4	  4	  4	  4	  4	  4	  4	  0	  0	  0	  0	  0	  0	  0	  0	  0	  0	  0	  0	  0	  0	  0	  0	  0	  0	  0	  0	  0	  0	  0	  0	 72	 63	 65	 86	  0	 33	  0	  0	  0	  0	  0	  0	  0	  0	  0	  0	  0	  5	21823	  0
21/05/2016	17:18:28	->	L	00000000	 22	 83	 62	 35	  0	235	  0	  4	  4	  4	  4	  4	  4	  4	  4	  0	  0	  0	  0	  0	  0	  0	  0	  0	  0	  0	  0	  0	  0	  0	  0	  0	  0	  0	  0	  0	  0	  0	  0	 71	 62	 64	 83	  0	 36	  0	  0	  0	  0	  0	  0	  0	  0	  0	  0	  0	  5	21823	  0
21/05/2016	17:23:28	->	L	00000000	 22	 85	 63	 36	  0	240	  0	  4	  4	  4	  4	  4	  4	  4	  4	  0	  0	  0	  0	  0	  0	  0	  0	  0	  0	  0	  0	  0	  0	  0	  0	  0	  0	  0	  0	  0	  0	  0	  0	 71	 63	 68	 85	  0	 36	  0	  0	  0	  0	  0	  0	  0	  0	  0	  0	  0	  5	21823	  0
21/05/2016	17:28:28	->	L	00000000	 22	 86	 63	 33	  0	245	  0	  4	  4	  4	  4	  4	  4	  4	  4	  0	  0	  0	  0	  0	  0	  0	  0	  0	  0	  0	  0	  0	  0	  0	  0	  0	  0	  0	  0	  0	  0	  0	  0	 72	 63	 65	 86	  0	 33	  0	  0	  0	  0	  0	  0	  0	  0	  0	  0	  0	  5	21823	  0
21/05/2016	17:33:28	->	L	00000000	 22	 83	 62	 38	  0	250	  0	  4	  4	  4	  4	  4	  4	  4	  4	  0	  0	  0	  0	  0	  0	  0	  0	  0	  0	  0	  0	  0	  0	  0	  0	  0	  0	  0	  0	  0	  0	  0	  0	 71	 62	 64	 83	  0	 36	  0	  0	  0	  0	  0	  0	  0	  0	  0	  0	  0	  5	21823	  0
21/05/2016	17:38:28	->	L	00000000	 22	 84	 62	 35	  0	255	  0	  4	  4	  4	  4	  4	  4	  4	  4	  0	  0	  0	  0	  0	  0	  0	  0	  0	  0	  0	  0	  0	  0	  0	  0	  0	  0	  0	  0	  0	  0	  0	  0	 71	 62	 64	 84	  0	 35	  0	  0	  0	  0	  0	  0	  0	  0	  0	  0	  0	  5	21823	  0
21/05/2016	17:43:28	->	L	00000000	 22	 84	 63	 36	  0	260	  0	  4	  4	  4	  4	  4	  4	  4	  4	  0	  0	  0	  0	  0	  0	  0	  0	  0	  0	  0	  0	  0	  0	  0	  0	  0	  0	  0	  0	  0	  0	  0	  0	 71	 63	 68	 84	  0	 36	  0	  0	  0	  0	  0	  0	  0	  0	  0	  0	  0	  5	21823	  0
21/05/2016	17:48:28	  	L	00000000	 22	 80	 64	 47	  0	263	  0	  4	  4	  4	  4	  4	  4	  4	  4	  0	  0	  0	  0	  0	  0	  0	  0	  0	  0	  0	  0	  0	  0	  0	  0	  0	  0	  0	  0	  0	  0	  0	  0	 71	 64	 71	 80	  0	 47	  0	  0	  0	  0	  0	  0	  0	  0	  0	  0	  0	  5	21823	  0
21/05/2016	17:53:28	->	L	00000000	 22	 82	 62	 38	  0	268	  0	  4	  4	  4	  4	  4	  4	  4	  4	  0	  0	  0	  0	  0	  0	  0	  0	  0	  0	  0	  0	  0	  0	  0	  0	  0	  0	  0	  0	  0	  0	  0	  0	 69	 62	 71	 82	  0	 38	  0	  0	  0	  0	  0	  0	  0	  0	  0	  0	  0	  5	21823	  0
21/05/2016	17:58:28	->	L	00000000	 22	 84	 62	 35	  0	273	  0	  4	  4	  4	  4	  4	  4	  4	  4	  0	  0	  0	  0	  0	  0	  0	  0	  0	  0	  0	  0	  0	  0	  0	  0	  0	  0	  0	  0	  0	  0	  0	  0	 71	 62	 64	 84	  0	 35	  0	  0	  0	  0	  0	  0	  0	  0	  0	  0	  0	  5	21823	  0
21/05/2016	18:03:28	->	L	00000000	 22	 84	 62	 35	  0	278	  0	  4	  4	  4	  4	  4	  4	  4	  4	  0	  0	  0	  0	  0	  0	  0	  0	  0	  0	  0	  0	  0	  0	  0	  0	  0	  0	  0	  0	  0	  0	  0	  0	 71	 62	 64	 84	  0	 35	  0	  0	  0	  0	  0	  0	  0	  0	  0	  0	  0	  5	21823	  0
21/05/2016	18:08:28	->	L	00000000	 22	 83	 62	 36	  0	283	  0	  4	  4	  4	  4	  4	  4	  4	  4	  0	  0	  0	  0	  0	  0	  0	  0	  0	  0	  0	  0	  0	  0	  0	  0	  0	  0	  0	  0	  0	  0	  0	  0	 71	 62	 64	 83	  0	 36	  0	  0	  0	  0	  0	  0	  0	  0	  0	  0	  0	  5	21823	  0
21/05/2016	18:13:28	->	L	00000000	 22	 83	 62	 36	  0	288	  0	  4	  4	  4	  4	  4	  4	  4	  4	  0	  0	  0	  0	  0	  0	  0	  0	  0	  0	  0	  0	  0	  0	  0	  0	  0	  0	  0	  0	  0	  0	  0	  0	 71	 62	 64	 83	  0	 36	  0	  0	  0	  0	  0	  0	  0	  0	  0	  0	  0	  5	21823	  0
21/05/2016	18:18:28	->	L	00000000	 22	 84	 63	 35	  0	293	  0	  4	  4	  4	  4	  4	  4	  4	  4	  0	  0	  0	  0	  0	  0	  0	  0	  0	  0	  0	  0	  0	  0	  0	  0	  0	  0	  0	  0	  0	  0	  0	  0	 71	 63	 68	 84	  0	 36	  0	  0	  0	  0	  0	  0	  0	  0	  0	  0	  0	  5	21823	  0
21/05/2016	18:23:28	->	L	00000000	 22	 85	 63	 36	  0	298	  0	  4	  4	  4	  4	  4	  4	  4	  4	  0	  0	  0	  0	  0	  0	  0	  0	  0	  0	  0	  0	  0	  0	  0	  0	  0	  0	  0	  0	  0	  0	  0	  0	 71	 63	 68	 85	  0	 36	  0	  0	  0	  0	  0	  0	  0	  0	  0	  0	  0	  5	21823	  0
21/05/2016	18:28:28	->	L	00000000	 22	 85	 63	 36	  0	303	  0	  4	  4	  4	  4	  4	  4	  4	  4	  0	  0	  0	  0	  0	  0	  0	  0	  0	  0	  0	  0	  0	  0	  0	  0	  0	  0	  0	  0	  0	  0	  0	  0	 71	 63	 68	 85	  0	 36	  0	  0	  0	  0	  0	  0	  0	  0	  0	  0	  0	  5	21823	  0
21/05/2016	18:33:28	->	L	00000000	 22	 85	 63	 36	  0	308	  0	  4	  4	  4	  4	  4	  4	  4	  4	  0	  0	  0	  0	  0	  0	  0	  0	  0	  0	  0	  0	  0	  0	  0	  0	  0	  0	  0	  0	  0	  0	  0	  0	 72	 63	 65	 85	  0	 36	  0	  0	  0	  0	  0	  0	  0	  0	  0	  0	  0	  5	21823	  0
21/05/2016	18:38:28	->	L	00000000	 22	 84	 63	 36	  0	313	  0	  4	  4	  4	  4	  4	  4	  4	  4	  0	  0	  0	  0	  0	  0	  0	  0	  0	  0	  0	  0	  0	  0	  0	  0	  0	  0	  0	  0	  0	  0	  0	  0	 71	 63	 68	 84	  0	 36	  0	  0	  0	  0	  0	  0	  0	  0	  0	  0	  0	  5	21823	  0
21/05/2016	18:43:28	->	L	00000000	 22	 82	 63	 39	  0	318	  0	  4	  4	  4	  4	  4	  4	  4	  4	  0	  0	  0	  0	  0	  0	  0	  0	  0	  0	  0	  0	  0	  0	  0	  0	  0	  0	  0	  0	  0	  0	  0	  0	 71	 63	 68	 82	  0	 40	  0	  0	  0	  0	  0	  0	  0	  0	  0	  0	  0	  5	21823	  0
21/05/2016	18:48:28	->	L	00000000	 22	 82	 63	 40	  0	323	  0	  4	  4	  4	  4	  4	  4	  4	  4	  0	  0	  0	  0	  0	  0	  0	  0	  0	  0	  0	  0	  0	  0	  0	  0	  0	  0	  0	  0	  0	  0	  0	  0	 71	 63	 68	 82	  0	 40	  0	  0	  0	  0	  0	  0	  0	  0	  0	  0	  0	  5	21823	  0
21/05/2016	18:53:28	->	L	00000000	 22	 83	 63	 39	  0	328	  0	  4	  4	  4	  4	  4	  4	  4	  4	  0	  0	  0	  0	  0	  0	  0	  0	  0	  0	  0	  0	  0	  0	  0	  0	  0	  0	  0	  0	  0	  0	  0	  0	 71	 63	 68	 83	  0	 39	  0	  0	  0	  0	  0	  0	  0	  0	  0	  0	  0	  5	21823	  0
21/05/2016	18:58:28	->	L	00000000	 22	 85	 62	 33	  0	333	  0	  4	  4	  4	  4	  4	  4	  4	  4	  0	  0	  0	  0	  0	  0	  0	  0	  0	  0	  0	  0	  0	  0	  0	  0	  0	  0	  0	  0	  0	  0	  0	  0	 71	 62	 64	 85	  0	 33	  0	  0	  0	  0	  0	  0	  0	  0	  0	  0	  0	  5	21823	  0
21/05/2016	19:03:28	->	L	00000000	 22	 85	 63	 33	  0	338	  0	  4	  4	  4	  4	  4	  4	  4	  4	  0	  0	  0	  0	  0	  0	  0	  0	  0	  0	  0	  0	  0	  0	  0	  0	  0	  0	  0	  0	  0	  0	  0	  0	 71	 63	 68	 85	  0	 36	  0	  0	  0	  0	  0	  0	  0	  0	  0	  0	  0	  5	21823	  0
21/05/2016	19:08:28	->	L	00000000	 22	 84	 63	 36	  0	343	  0	  4	  4	  4	  4	  4	  4	  4	  4	  0	  0	  0	  0	  0	  0	  0	  0	  0	  0	  0	  0	  0	  0	  0	  0	  0	  0	  0	  0	  0	  0	  0	  0	 71	 63	 68	 84	  0	 36	  0	  0	  0	  0	  0	  0	  0	  0	  0	  0	  0	  5	21823	  0
21/05/2016	19:13:28	->	L	00000000	 22	 85	 63	 36	  0	348	  0	  4	  4	  4	  4	  4	  4	  4	  4	  0	  0	  0	  0	  0	  0	  0	  0	  0	  0	  0	  0	  0	  0	  0	  0	  0	  0	  0	  0	  0	  0	  0	  0	 72	 63	 65	 85	  0	 36	  0	  0	  0	  0	  0	  0	  0	  0	  0	  0	  0	  5	21823	  0
21/05/2016	19:18:28	->	L	00000000	 22	 85	 63	 36	  0	353	  0	  4	  4	  4	  4	  4	  4	  4	  4	  0	  0	  0	  0	  0	  0	  0	  0	  0	  0	  0	  0	  0	  0	  0	  0	  0	  0	  0	  0	  0	  0	  0	  0	 72	 63	 65	 85	  0	 36	  0	  0	  0	  0	  0	  0	  0	  0	  0	  0	  0	  5	21823	  0
21/05/2016	19:23:28	->	L	00000000	 22	 85	 63	 36	  0	358	  0	  4	  4	  4	  4	  4	  4	  4	  4	  0	  0	  0	  0	  0	  0	  0	  0	  0	  0	  0	  0	  0	  0	  0	  0	  0	  0	  0	  0	  0	  0	  0	  0	 71	 63	 68	 85	  0	 36	  0	  0	  0	  0	  0	  0	  0	  0	  0	  0	  0	  5	21823	  0
21/05/2016	19:28:28	->	L	00000000	 23	 85	 63	 35	  0	  2	  0	  4	  4	  4	  4	  4	  4	  4	  4	  0	  0	  0	  0	  0	  0	  0	  0	  0	  0	  0	  0	  0	  0	  0	  0	  0	  0	  0	  0	  0	  0	  0	  0	 71	 63	 68	 85	  0	 36	  0	  0	  0	  0	  0	  0	  0	  0	  0	  0	  0	  5	21822	  0
21/05/2016	19:33:28	->	L	00000000	 23	 85	 62	 36	  0	  7	  0	  4	  4	  4	  4	  4	  4	  4	  4	  0	  0	  0	  0	  0	  0	  0	  0	  0	  0	  0	  0	  0	  0	  0	  0	  0	  0	  0	  0	  0	  0	  0	  0	 71	 62	 64	 85	  0	 33	  0	  0	  0	  0	  0	  0	  0	  0	  0	  0	  0	  5	21822	  0
21/05/2016	19:38:28	->	L	00000000	 23	 85	 63	 36	  0	 12	  0	  4	  4	  4	  4	  4	  4	  4	  4	  0	  0	  0	  0	  0	  0	  0	  0	  0	  0	  0	  0	  0	  0	  0	  0	  0	  0	  0	  0	  0	  0	  0	  0	 71	 63	 68	 85	  0	 36	  0	  0	  0	  0	  0	  0	  0	  0	  0	  0	  0	  5	21822	  0
21/05/2016	19:43:28	->	L	00000000	 23	 84	 62	 35	  0	 17	  0	  4	  4	  4	  4	  4	  4	  4	  4	  0	  0	  0	  0	  0	  0	  0	  0	  0	  0	  0	  0	  0	  0	  0	  0	  0	  0	  0	  0	  0	  0	  0	  0	 71	 62	 64	 84	  0	 35	  0	  0	  0	  0	  0	  0	  0	  0	  0	  0	  0	  5	21822	  0
21/05/2016	19:48:28	->	L	00000000	 23	 84	 62	 35	  0	 22	  0	  4	  4	  4	  4	  4	  4	  4	  4	  0	  0	  0	  0	  0	  0	  0	  0	  0	  0	  0	  0	  0	  0	  0	  0	  0	  0	  0	  0	  0	  0	  0	  0	 71	 62	 64	 84	  0	 35	  0	  0	  0	  0	  0	  0	  0	  0	  0	  0	  0	  5	21822	  0
21/05/2016	19:53:28	->	L	00000000	 23	 84	 62	 35	  0	 27	  0	  4	  4	  4	  4	  4	  4	  4	  4	  0	  0	  0	  0	  0	  0	  0	  0	  0	  0	  0	  0	  0	  0	  0	  0	  0	  0	  0	  0	  0	  0	  0	  0	 70	 62	 67	 84	  0	 35	  0	  0	  0	  0	  0	  0	  0	  0	  0	  0	  0	  5	21822	  0
21/05/2016	19:58:28	->	L	00000000	 23	 84	 62	 35	  0	 32	  0	  4	  4	  4	  4	  4	  4	  4	  4	  0	  0	  0	  0	  0	  0	  0	  0	  0	  0	  0	  0	  0	  0	  0	  0	  0	  0	  0	  0	  0	  0	  0	  0	 71	 62	 64	 84	  0	 35	  0	  0	  0	  0	  0	  0	  0	  0	  0	  0	  0	  5	21822	  0
21/05/2016	20:03:28	->	L	00000000	 23	 84	 61	 32	  0	 37	  0	  4	  4	  4	  4	  4	  4	  4	  4	  0	  0	  0	  0	  0	  0	  0	  0	  0	  0	  0	  0	  0	  0	  0	  0	  0	  0	  0	  0	  0	  0	  0	  0	 70	 61	 64	 84	  0	 32	  0	  0	  0	  0	  0	  0	  0	  0	  0	  0	  0	  5	21822	  0
21/05/2016	20:08:28	->	L	00000000	 23	 83	 62	 36	  0	 42	  0	  4	  4	  4	  4	  4	  4	  4	  4	  0	  0	  0	  0	  0	  0	  0	  0	  0	  0	  0	  0	  0	  0	  0	  0	  0	  0	  0	  0	  0	  0	  0	  0	 70	 62	 67	 83	  0	 36	  0	  0	  0	  0	  0	  0	  0	  0	  0	  0	  0	  5	21822	  0
21/05/2016	20:13:28	->	L	00000000	 23	 84	 62	 36	  0	 47	  0	  4	  4	  4	  4	  4	  4	  4	  4	  0	  0	  0	  0	  0	  0	  0	  0	  0	  0	  0	  0	  0	  0	  0	  0	  0	  0	  0	  0	  0	  0	  0	  0	 71	 62	 64	 84	  0	 35	  0	  0	  0	  0	  0	  0	  0	  0	  0	  0	  0	  5	21822	  0
21/05/2016	20:18:28	->	L	00000000	 23	 86	 62	 33	  0	 52	  0	  4	  4	  4	  4	  4	  4	  4	  4	  0	  0	  0	  0	  0	  0	  0	  0	  0	  0	  0	  0	  0	  0	  0	  0	  0	  0	  0	  0	  0	  0	  0	  0	 71	 62	 64	 86	  0	 33	  0	  0	  0	  0	  0	  0	  0	  0	  0	  0	  0	  5	21822	  0
21/05/2016	20:23:28	->	L	00000000	 23	 83	 62	 35	  0	 57	  0	  4	  4	  4	  4	  4	  4	  4	  4	  0	  0	  0	  0	  0	  0	  0	  0	  0	  0	  0	  0	  0	  0	  0	  0	  0	  0	  0	  0	  0	  0	  0	  0	 71	 62	 64	 83	  0	 36	  0	  0	  0	  0	  0	  0	  0	  0	  0	  0	  0	  5	21822	  0
21/05/2016	20:28:28	->	L	00000000	 23	 84	 62	 36	  0	 62	  0	  4	  4	  4	  4	  4	  4	  4	  4	  0	  0	  0	  0	  0	  0	  0	  0	  0	  0	  0	  0	  0	  0	  0	  0	  0	  0	  0	  0	  0	  0	  0	  0	 71	 62	 64	 84	  0	 35	  0	  0	  0	  0	  0	  0	  0	  0	  0	  0	  0	  5	21822	  0
21/05/2016	20:33:28	<-	L	00000000	 23	 80	 62	 47	  0	 67	  0	  4	  4	  4	  4	  4	  4	  4	  4	  0	  0	  0	  0	  0	  0	  0	  0	  0	  0	  0	  0	  0	  0	  0	  0	  0	  0	  0	  0	  0	  0	  0	  0	 80	 62	 42	 75	  0	 53	  0	  0	  0	  0	  0	  0	  0	  0	  0	  0	  0	  5	21822	  0
21/05/2016	20:38:28	<-	L	00000000	 23	 82	 62	 38	  0	 72	  0	  4	  4	  4	  4	  4	  4	  4	  4	  0	  0	  0	  0	  0	  0	  0	  0	  0	  0	  0	  0	  0	  0	  0	  0	  0	  0	  0	  0	  0	  0	  0	  0	 82	 62	 38	 72	  0	 61	  0	  0	  0	  0	  0	  0	  0	  0	  0	  0	  0	  5	21822	  0
21/05/2016	20:43:28	<-	L	00000000	 23	 85	 62	 33	  0	 77	  0	  4	  4	  4	  4	  4	  4	  4	  4	  0	  0	  0	  0	  0	  0	  0	  0	  0	  0	  0	  0	  0	  0	  0	  0	  0	  0	  0	  0	  0	  0	  0	  0	 85	 62	 33	 72	  0	 61	  0	  0	  0	  0	  0	  0	  0	  0	  0	  0	  0	  5	21822	  0
21/05/2016	20:48:28	<-	L	00000000	 23	 85	 63	 36	  0	 82	  0	  4	  4	  4	  4	  4	  4	  4	  4	  0	  0	  0	  0	  0	  0	  0	  0	  0	  0	  0	  0	  0	  0	  0	  0	  0	  0	  0	  0	  0	  0	  0	  0	 85	 63	 36	 72	  0	 65	  0	  0	  0	  0	  0	  0	  0	  0	  0	  0	  0	  5	21822	  0
21/05/2016	20:53:28	<-	L	00000000	 23	 83	 62	 35	  0	 87	  0	  4	  4	  4	  4	  4	  4	  4	  4	  0	  0	  0	  0	  0	  0	  0	  0	  0	  0	  0	  0	  0	  0	  0	  0	  0	  0	  0	  0	  0	  0	  0	  0	 83	 62	 36	 71	  0	 64	  0	  0	  0	  0	  0	  0	  0	  0	  0	  0	  0	  5	21822	  0
21/05/2016	20:58:28	<-	L	00000000	 23	 85	 63	 36	  0	 92	  0	  4	  4	  4	  4	  4	  4	  4	  4	  0	  0	  0	  0	  0	  0	  0	  0	  0	  0	  0	  0	  0	  0	  0	  0	  0	  0	  0	  0	  0	  0	  0	  0	 85	 63	 36	 72	  0	 65	  0	  0	  0	  0	  0	  0	  0	  0	  0	  0	  0	  5	21822	  0
21/05/2016	21:03:28	<-	L	00000000	 23	 85	 62	 35	  0	 97	  0	  4	  4	  4	  4	  4	  4	  4	  4	  0	  0	  0	  0	  0	  0	  0	  0	  0	  0	  0	  0	  0	  0	  0	  0	  0	  0	  0	  0	  0	  0	  0	  0	 85	 62	 33	 71	  0	 64	  0	  0	  0	  0	  0	  0	  0	  0	  0	  0	  0	  5	21822	  0
21/05/2016	21:08:28	<-	L	00000000	 23	 84	 62	 35	  0	102	  0	  4	  4	  4	  4	  4	  4	  4	  4	  0	  0	  0	  0	  0	  0	  0	  0	  0	  0	  0	  0	  0	  0	  0	  0	  0	  0	  0	  0	  0	  0	  0	  0	 84	 62	 35	 71	  0	 64	  0	  0	  0	  0	  0	  0	  0	  0	  0	  0	  0	  5	21822	  0
21/05/2016	21:13:28	<-	L	00000000	 23	 79	 62	 48	  0	107	  0	  4	  4	  4	  4	  4	  4	  4	  4	  0	  0	  0	  0	  0	  0	  0	  0	  0	  0	  0	  0	  0	  0	  0	  0	  0	  0	  0	  0	  0	  0	  0	  0	 79	 62	 44	 71	  0	 64	  0	  0	  0	  0	  0	  0	  0	  0	  0	  0	  0	  5	21822	  0
21/05/2016	21:18:28	<-	L	00000000	 23	 83	 62	 36	  0	112	  0	  4	  4	  4	  4	  4	  4	  4	  4	  0	  0	  0	  0	  0	  0	  0	  0	  0	  0	  0	  0	  0	  0	  0	  0	  0	  0	  0	  0	  0	  0	  0	  0	 83	 62	 36	 71	  0	 64	  0	  0	  0	  0	  0	  0	  0	  0	  0	  0	  0	  5	21822	  0
21/05/2016	21:23:28	<-	L	00000000	 23	 82	 62	 38	  0	117	  0	  4	  4	  4	  4	  4	  4	  4	  4	  0	  0	  0	  0	  0	  0	  0	  0	  0	  0	  0	  0	  0	  0	  0	  0	  0	  0	  0	  0	  0	  0	  0	  0	 82	 62	 38	 71	  0	 64	  0	  0	  0	  0	  0	  0	  0	  0	  0	  0	  0	  5	21822	  0
21/05/2016	21:28:28	<-	L	00000000	 23	 82	 62	 38	  0	122	  0	  4	  4	  4	  4	  4	  4	  4	  4	  0	  0	  0	  0	  0	  0	  0	  0	  0	  0	  0	  0	  0	  0	  0	  0	  0	  0	  0	  0	  0	  0	  0	  0	 82	 62	 38	 70	  0	 67	  0	  0	  0	  0	  0	  0	  0	  0	  0	  0	  0	  5	21822	  0
21/05/2016	21:33:28	<-	L	00000000	 23	 82	 62	 40	  0	127	  0	  4	  4	  4	  4	  4	  4	  4	  4	  0	  0	  0	  0	  0	  0	  0	  0	  0	  0	  0	  0	  0	  0	  0	  0	  0	  0	  0	  0	  0	  0	  0	  0	 82	 62	 38	 70	  0	 67	  0	  0	  0	  0	  0	  0	  0	  0	  0	  0	  0	  5	21822	  0
21/05/2016	21:38:28	<-	L	00000000	 23	 82	 62	 38	  0	132	  0	  4	  4	  4	  4	  4	  4	  4	  4	  0	  0	  0	  0	  0	  0	  0	  0	  0	  0	  0	  0	  0	  0	  0	  0	  0	  0	  0	  0	  0	  0	  0	  0	 82	 62	 38	 70	  0	 67	  0	  0	  0	  0	  0	  0	  0	  0	  0	  0	  0	  5	21822	  0
21/05/2016	21:43:28	<-	L	00000000	 23	 82	 62	 38	  0	137	  0	  4	  4	  4	  4	  4	  4	  4	  4	  0	  0	  0	  0	  0	  0	  0	  0	  0	  0	  0	  0	  0	  0	  0	  0	  0	  0	  0	  0	  0	  0	  0	  0	 82	 62	 38	 70	  0	 67	  0	  0	  0	  0	  0	  0	  0	  0	  0	  0	  0	  5	21822	  0
21/05/2016	21:48:28	<-	L	00000000	 23	 83	 62	 38	  0	142	  0	  4	  4	  4	  4	  4	  4	  4	  4	  0	  0	  0	  0	  0	  0	  0	  0	  0	  0	  0	  0	  0	  0	  0	  0	  0	  0	  0	  0	  0	  0	  0	  0	 83	 62	 36	 70	  0	 67	  0	  0	  0	  0	  0	  0	  0	  0	  0	  0	  0	  5	21822	  0
21/05/2016	21:53:28	<-	L	00000000	 23	 83	 62	 36	  0	147	  0	  4	  4	  4	  4	  4	  4	  4	  4	  0	  0	  0	  0	  0	  0	  0	  0	  0	  0	  0	  0	  0	  0	  0	  0	  0	  0	  0	  0	  0	  0	  0	  0	 83	 62	 36	 70	  0	 67	  0	  0	  0	  0	  0	  0	  0	  0	  0	  0	  0	  5	21822	  0
21/05/2016	21:58:28	<-	L	00000000	 23	 83	 62	 36	  0	152	  0	  4	  4	  4	  4	  4	  4	  4	  4	  0	  0	  0	  0	  0	  0	  0	  0	  0	  0	  0	  0	  0	  0	  0	  0	  0	  0	  0	  0	  0	  0	  0	  0	 83	 62	 36	 71	  0	 64	  0	  0	  0	  0	  0	  0	  0	  0	  0	  0	  0	  5	21822	  0
21/05/2016	22:03:28	<-	L	00000000	 23	 84	 62	 36	  0	157	  0	  4	  4	  4	  4	  4	  4	  4	  4	  0	  0	  0	  0	  0	  0	  0	  0	  0	  0	  0	  0	  0	  0	  0	  0	  0	  0	  0	  0	  0	  0	  0	  0	 84	 62	 35	 71	  0	 64	  0	  0	  0	  0	  0	  0	  0	  0	  0	  0	  0	  5	21822	  0
21/05/2016	22:08:28	<-	L	00000000	 23	 84	 62	 36	  0	162	  0	  4	  4	  4	  4	  4	  4	  4	  4	  0	  0	  0	  0	  0	  0	  0	  0	  0	  0	  0	  0	  0	  0	  0	  0	  0	  0	  0	  0	  0	  0	  0	  0	 84	 62	 35	 71	  0	 64	  0	  0	  0	  0	  0	  0	  0	  0	  0	  0	  0	  5	21822	  0
21/05/2016	22:13:28	<-	L	00000000	 23	 83	 62	 36	  0	167	  0	  4	  4	  4	  4	  4	  4	  4	  4	  0	  0	  0	  0	  0	  0	  0	  0	  0	  0	  0	  0	  0	  0	  0	  0	  0	  0	  0	  0	  0	  0	  0	  0	 83	 62	 36	 71	  0	 64	  0	  0	  0	  0	  0	  0	  0	  0	  0	  0	  0	  5	21822	  0
21/05/2016	22:18:28	<-	L	00000000	 23	 84	 62	 35	  0	172	  0	  4	  4	  4	  4	  4	  4	  4	  4	  0	  0	  0	  0	  0	  0	  0	  0	  0	  0	  0	  0	  0	  0	  0	  0	  0	  0	  0	  0	  0	  0	  0	  0	 84	 62	 35	 71	  0	 64	  0	  0	  0	  0	  0	  0	  0	  0	  0	  0	  0	  5	21822	  0
21/05/2016	22:23:28	<-	L	00000000	 23	 84	 62	 35	  0	177	  0	  4	  4	  4	  4	  4	  4	  4	  4	  0	  0	  0	  0	  0	  0	  0	  0	  0	  0	  0	  0	  0	  0	  0	  0	  0	  0	  0	  0	  0	  0	  0	  0	 84	 62	 35	 71	  0	 64	  0	  0	  0	  0	  0	  0	  0	  0	  0	  0	  0	  5	21822	  0
21/05/2016	22:28:28	<-	L	00000000	 23	 84	 62	 35	  0	182	  0	  4	  4	  4	  4	  4	  4	  4	  4	  0	  0	  0	  0	  0	  0	  0	  0	  0	  0	  0	  0	  0	  0	  0	  0	  0	  0	  0	  0	  0	  0	  0	  0	 84	 62	 35	 71	  0	 64	  0	  0	  0	  0	  0	  0	  0	  0	  0	  0	  0	  5	21822	  0
21/05/2016	22:33:28	<-	L	00000000	 23	 84	 62	 35	  0	187	  0	  4	  4	  4	  4	  4	  4	  4	  4	  0	  0	  0	  0	  0	  0	  0	  0	  0	  0	  0	  0	  0	  0	  0	  0	  0	  0	  0	  0	  0	  0	  0	  0	 84	 62	 35	 71	  0	 64	  0	  0	  0	  0	  0	  0	  0	  0	  0	  0	  0	  5	21822	  0
21/05/2016	22:38:28	<-	L	00000000	 23	 84	 62	 35	  0	192	  0	  4	  4	  4	  4	  4	  4	  4	  4	  0	  0	  0	  0	  0	  0	  0	  0	  0	  0	  0	  0	  0	  0	  0	  0	  0	  0	  0	  0	  0	  0	  0	  0	 84	 62	 35	 71	  0	 64	  0	  0	  0	  0	  0	  0	  0	  0	  0	  0	  0	  5	21822	  0
21/05/2016	22:43:28	<-	L	00000000	 23	 85	 63	 36	  0	197	  0	  4	  4	  4	  4	  4	  4	  4	  4	  0	  0	  0	  0	  0	  0	  0	  0	  0	  0	  0	  0	  0	  0	  0	  0	  0	  0	  0	  0	  0	  0	  0	  0	 85	 63	 36	 72	  0	 65	  0	  0	  0	  0	  0	  0	  0	  0	  0	  0	  0	  5	21822	  0
21/05/2016	22:48:28	<-	L	00000000	 23	 85	 62	 33	  0	202	  0	  4	  4	  4	  4	  4	  4	  4	  4	  0	  0	  0	  0	  0	  0	  0	  0	  0	  0	  0	  0	  0	  0	  0	  0	  0	  0	  0	  0	  0	  0	  0	  0	 85	 62	 33	 71	  0	 64	  0	  0	  0	  0	  0	  0	  0	  0	  0	  0	  0	  5	21822	  0
21/05/2016	22:53:28	<-	L	00000000	 23	 85	 63	 36	  0	207	  0	  4	  4	  4	  4	  4	  4	  4	  4	  0	  0	  0	  0	  0	  0	  0	  0	  0	  0	  0	  0	  0	  0	  0	  0	  0	  0	  0	  0	  0	  0	  0	  0	 85	 63	 36	 72	  0	 65	  0	  0	  0	  0	  0	  0	  0	  0	  0	  0	  0	  5	21822	  0
21/05/2016	22:58:28	<-	L	00000000	 23	 81	 63	 44	  0	212	  0	  4	  4	  4	  4	  4	  4	  4	  4	  0	  0	  0	  0	  0	  0	  0	  0	  0	  0	  0	  0	  0	  0	  0	  0	  0	  0	  0	  0	  0	  0	  0	  0	 81	 63	 43	 71	  0	 68	  0	  0	  0	  0	  0	  0	  0	  0	  0	  0	  0	  5	21822	  0
21/05/2016	23:03:28	<-	L	00000000	 23	 85	 63	 36	  0	217	  0	  4	  4	  4	  4	  4	  4	  4	  4	  0	  0	  0	  0	  0	  0	  0	  0	  0	  0	  0	  0	  0	  0	  0	  0	  0	  0	  0	  0	  0	  0	  0	  0	 85	 63	 36	 71	  0	 68	  0	  0	  0	  0	  0	  0	  0	  0	  0	  0	  0	  5	21822	  0
21/05/2016	23:08:28	<-	L	00000000	 23	 82	 62	 38	  0	222	  0	  4	  4	  4	  4	  4	  4	  4	  4	  0	  0	  0	  0	  0	  0	  0	  0	  0	  0	  0	  0	  0	  0	  0	  0	  0	  0	  0	  0	  0	  0	  0	  0	 82	 62	 38	 70	  0	 67	  0	  0	  0	  0	  0	  0	  0	  0	  0	  0	  0	  5	21822	  0
21/05/2016	23:13:28	<-	L	00000000	 23	 86	 63	 33	  0	227	  0	  4	  4	  4	  4	  4	  4	  4	  4	  0	  0	  0	  0	  0	  0	  0	  0	  0	  0	  0	  0	  0	  0	  0	  0	  0	  0	  0	  0	  0	  0	  0	  0	 86	 63	 33	 72	  0	 65	  0	  0	  0	  0	  0	  0	  0	  0	  0	  0	  0	  5	21822	  0
21/05/2016	23:18:28	  	L	00000000	 23	 80	 62	 42	  0	231	  0	  4	  4	  4	  4	  4	  4	  4	  4	  0	  0	  0	  0	  0	  0	  0	  0	  0	  0	  0	  0	  0	  0	  0	  0	  0	  0	  0	  0	  0	  0	  0	  0	 80	 62	 42	 71	  0	 64	  0	  0	  0	  0	  0	  0	  0	  0	  0	  0	  0	  5	21822	  0
21/05/2016	23:23:28	<-	L	00000000	 23	 83	 61	 32	  0	236	  0	  4	  4	  4	  4	  4	  4	  4	  4	  0	  0	  0	  0	  0	  0	  0	  0	  0	  0	  0	  0	  0	  0	  0	  0	  0	  0	  0	  0	  0	  0	  0	  0	 83	 61	 35	 71	  0	 61	  0	  0	  0	  0	  0	  0	  0	  0	  0	  0	  0	  5	21822	  0
21/05/2016	23:28:28	<-	L	00000000	 23	 86	 62	 33	  0	241	  0	  4	  4	  4	  4	  4	  4	  4	  4	  0	  0	  0	  0	  0	  0	  0	  0	  0	  0	  0	  0	  0	  0	  0	  0	  0	  0	  0	  0	  0	  0	  0	  0	 86	 62	 33	 72	  0	 61	  0	  0	  0	  0	  0	  0	  0	  0	  0	  0	  0	  5	21822	  0
21/05/2016	23:33:28	<-	L	00000000	 23	 83	 62	 35	  0	246	  0	  4	  4	  4	  4	  4	  4	  4	  4	  0	  0	  0	  0	  0	  0	  0	  0	  0	  0	  0	  0	  0	  0	  0	  0	  0	  0	  0	  0	  0	  0	  0	  0	 83	 62	 36	 71	  0	 64	  0	  0	  0	  0	  0	  0	  0	  0	  0	  0	  0	  5	21822	  0
21/05/2016	23:38:28	<-	L	00000000	 23	 85	 62	 33	  0	251	  0	  4	  4	  4	  4	  4	  4	  4	  4	  0	  0	  0	  0	  0	  0	  0	  0	  0	  0	  0	  0	  0	  0	  0	  0	  0	  0	  0	  0	  0	  0	  0	  0	 85	 62	 33	 72	  0	 61	  0	  0	  0	  0	  0	  0	  0	  0	  0	  0	  0	  5	21822	  0
21/05/2016	23:43:28	<-	L	00000000	 23	 84	 62	 35	  0	256	  0	  4	  4	  4	  4	  4	  4	  4	  4	  0	  0	  0	  0	  0	  0	  0	  0	  0	  0	  0	  0	  0	  0	  0	  0	  0	  0	  0	  0	  0	  0	  0	  0	 84	 62	 35	 72	  0	 61	  0	  0	  0	  0	  0	  0	  0	  0	  0	  0	  0	  5	21822	  0
21/05/2016	23:48:28	<-	L	00000000	 23	 87	 62	 33	  0	261	  0	  4	  4	  4	  4	  4	  4	  4	  4	  0	  0	  0	  0	  0	  0	  0	  0	  0	  0	  0	  0	  0	  0	  0	  0	  0	  0	  0	  0	  0	  0	  0	  0	 87	 62	 31	 72	  0	 61	  0	  0	  0	  0	  0	  0	  0	  0	  0	  0	  0	  5	21822	  0
21/05/2016	23:53:28	<-	L	00000000	 23	 85	 62	 35	  0	266	  0	  4	  4	  4	  4	  4	  4	  4	  4	  0	  0	  0	  0	  0	  0	  0	  0	  0	  0	  0	  0	  0	  0	  0	  0	  0	  0	  0	  0	  0	  0	  0	  0	 85	 62	 33	 71	  0	 64	  0	  0	  0	  0	  0	  0	  0	  0	  0	  0	  0	  5	21822	  0
21/05/2016	23:58:28	<-	L	00000000	 23	 83	 61	 32	  0	271	  0	  4	  4	  4	  4	  4	  4	  4	  4	  0	  0	  0	  0	  0	  0	  0	  0	  0	  0	  0	  0	  0	  0	  0	  0	  0	  0	  0	  0	  0	  0	  0	  0	 83	 61	 35	 71	  0	 61	  0	  0	  0	  0	  0	  0	  0	  0	  0	  0	  0	  5	21822	  0
22/05/2016	00:03:28	<-	L	00000000	 23	 86	 63	 33	  0	276	  0	  4	  4	  4	  4	  4	  4	  4	  4	  0	  0	  0	  0	  0	  0	  0	  0	  0	  0	  0	  0	  0	  0	  0	  0	  0	  0	  0	  0	  0	  0	  0	  0	 86	 63	 33	 72	  0	 65	  0	  0	  0	  0	  0	  0	  0	  0	  0	  0	  0	  5	21822	  0
22/05/2016	00:08:28	<-	L	00000000	 23	 81	 62	 38	  0	281	  0	  4	  4	  4	  4	  4	  4	  4	  4	  0	  0	  0	  0	  0	  0	  0	  0	  0	  0	  0	  0	  0	  0	  0	  0	  0	  0	  0	  0	  0	  0	  0	  0	 81	 62	 40	 71	  0	 64	  0	  0	  0	  0	  0	  0	  0	  0	  0	  0	  0	  5	21822	  0
22/05/2016	00:13:28	<-	L	00000000	 23	 87	 63	 33	  0	286	  0	  4	  4	  4	  4	  4	  4	  4	  4	  0	  0	  0	  0	  0	  0	  0	  0	  0	  0	  0	  0	  0	  0	  0	  0	  0	  0	  0	  0	  0	  0	  0	  0	 87	 63	 33	 72	  0	 65	  0	  0	  0	  0	  0	  0	  0	  0	  0	  0	  0	  5	21822	  0
22/05/2016	00:18:28	<-	L	00000000	 23	 82	 61	 38	  0	291	  0	  4	  4	  4	  4	  4	  4	  4	  4	  0	  0	  0	  0	  0	  0	  0	  0	  0	  0	  0	  0	  0	  0	  0	  0	  0	  0	  0	  0	  0	  0	  0	  0	 82	 61	 35	 70	  0	 64	  0	  0	  0	  0	  0	  0	  0	  0	  0	  0	  0	  5	21822	  0
22/05/2016	00:23:28	<-	L	00000000	 23	 87	 62	 33	  0	296	  0	  4	  4	  4	  4	  4	  4	  4	  4	  0	  0	  0	  0	  0	  0	  0	  0	  0	  0	  0	  0	  0	  0	  0	  0	  0	  0	  0	  0	  0	  0	  0	  0	 87	 62	 31	 72	  0	 61	  0	  0	  0	  0	  0	  0	  0	  0	  0	  0	  0	  5	21822	  0
22/05/2016	00:28:28	<-	L	00000000	 23	 84	 62	 36	  0	301	  0	  4	  4	  4	  4	  4	  4	  4	  4	  0	  0	  0	  0	  0	  0	  0	  0	  0	  0	  0	  0	  0	  0	  0	  0	  0	  0	  0	  0	  0	  0	  0	  0	 84	 62	 35	 71	  0	 64	  0	  0	  0	  0	  0	  0	  0	  0	  0	  0	  0	  5	21822	  0
22/05/2016	00:33:28	->	L	00000000	 23	 84	 63	 36	  0	306	  0	  4	  4	  4	  4	  4	  4	  4	  4	  0	  0	  0	  0	  0	  0	  0	  0	  0	  0	  0	  0	  0	  0	  0	  0	  0	  0	  0	  0	  0	  0	  0	  0	 84	 63	 36	 72	  0	 65	  0	  0	  0	  0	  0	  0	  0	  0	  0	  0	  0	  5	21822	  0
22/05/2016	00:38:28	->	L	00000000	 23	 83	 61	 35	  0	311	  0	  4	  4	  4	  4	  4	  4	  4	  4	  0	  0	  0	  0	  0	  0	  0	  0	  0	  0	  0	  0	  0	  0	  0	  0	  0	  0	  0	  0	  0	  0	  0	  0	 73	 61	 55	 83	  0	 35	  0	  0	  0	  0	  0	  0	  0	  0	  0	  0	  0	  5	21822	  0
22/05/2016	00:43:28	->	L	00000000	 23	 86	 62	 30	  0	316	  0	  4	  4	  4	  4	  4	  4	  4	  4	  0	  0	  0	  0	  0	  0	  0	  0	  0	  0	  0	  0	  0	  0	  0	  0	  0	  0	  0	  0	  0	  0	  0	  0	 73	 62	 58	 86	  0	 33	  0	  0	  0	  0	  0	  0	  0	  0	  0	  0	  0	  5	21822	  0
22/05/2016	00:48:28	->	L	00000000	 23	 83	 61	 35	  0	321	  0	  4	  4	  4	  4	  4	  4	  4	  4	  0	  0	  0	  0	  0	  0	  0	  0	  0	  0	  0	  0	  0	  0	  0	  0	  0	  0	  0	  0	  0	  0	  0	  0	 71	 61	 61	 83	  0	 35	  0	  0	  0	  0	  0	  0	  0	  0	  0	  0	  0	  5	21822	  0
22/05/2016	00:53:28	->	L	00000000	 23	 86	 61	 30	  0	326	  0	  4	  4	  4	  4	  4	  4	  4	  4	  0	  0	  0	  0	  0	  0	  0	  0	  0	  0	  0	  0	  0	  0	  0	  0	  0	  0	  0	  0	  0	  0	  0	  0	 72	 61	 58	 86	  0	 30	  0	  0	  0	  0	  0	  0	  0	  0	  0	  0	  0	  5	21822	  0
22/05/2016	00:58:28	->	L	00000000	 23	 82	 61	 35	  0	331	  0	  4	  4	  4	  4	  4	  4	  4	  4	  0	  0	  0	  0	  0	  0	  0	  0	  0	  0	  0	  0	  0	  0	  0	  0	  0	  0	  0	  0	  0	  0	  0	  0	 71	 61	 61	 82	  0	 35	  0	  0	  0	  0	  0	  0	  0	  0	  0	  0	  0	  5	21822	  0
22/05/2016	01:03:28	->	L	00000000	 23	 86	 61	 30	  0	336	  0	  4	  4	  4	  4	  4	  4	  4	  4	  0	  0	  0	  0	  0	  0	  0	  0	  0	  0	  0	  0	  0	  0	  0	  0	  0	  0	  0	  0	  0	  0	  0	  0	 71	 61	 61	 86	  0	 30	  0	  0	  0	  0	  0	  0	  0	  0	  0	  0	  0	  5	21822	  0
22/05/2016	01:08:28	->	L	00000000	 23	 83	 61	 35	  0	341	  0	  4	  4	  4	  4	  4	  4	  4	  4	  0	  0	  0	  0	  0	  0	  0	  0	  0	  0	  0	  0	  0	  0	  0	  0	  0	  0	  0	  0	  0	  0	  0	  0	 71	 61	 61	 83	  0	 35	  0	  0	  0	  0	  0	  0	  0	  0	  0	  0	  0	  5	21822	  0
22/05/2016	01:13:28	->	L	00000000	 23	 86	 61	 30	  0	346	  0	  4	  4	  4	  4	  4	  4	  4	  4	  0	  0	  0	  0	  0	  0	  0	  0	  0	  0	  0	  0	  0	  0	  0	  0	  0	  0	  0	  0	  0	  0	  0	  0	 71	 61	 61	 86	  0	 30	  0	  0	  0	  0	  0	  0	  0	  0	  0	  0	  0	  5	21822	  0
22/05/2016	01:18:28	->	L	00000000	 23	 83	 61	 32	  0	351	  0	  4	  4	  4	  4	  4	  4	  4	  4	  0	  0	  0	  0	  0	  0	  0	  0	  0	  0	  0	  0	  0	  0	  0	  0	  0	  0	  0	  0	  0	  0	  0	  0	 71	 61	 61	 83	  0	 35	  0	  0	  0	  0	  0	  0	  0	  0	  0	  0	  0	  5	21822	  0
22/05/2016	01:23:28	->	L	00000000	 23	 82	 61	 35	  0	356	  0	  4	  4	  4	  4	  4	  4	  4	  4	  0	  0	  0	  0	  0	  0	  0	  0	  0	  0	  0	  0	  0	  0	  0	  0	  0	  0	  0	  0	  0	  0	  0	  0	 70	 61	 64	 82	  0	 35	  0	  0	  0	  0	  0	  0	  0	  0	  0	  0	  0	  5	21822	  0
22/05/2016	01:28:28	->	L	00000000	 24	 84	 61	 35	  0	  1	  0	  4	  4	  4	  4	  4	  4	  4	  4	  0	  0	  0	  0	  0	  0	  0	  0	  0	  0	  0	  0	  0	  0	  0	  0	  0	  0	  0	  0	  0	  0	  0	  0	 70	 61	 64	 84	  0	 32	  0	  0	  0	  0	  0	  0	  0	  0	  0	  0	  0	  5	21821	  0
22/05/2016	01:33:28	->	L	00000000	 24	 85	 61	 32	  0	  6	  0	  4	  4	  4	  4	  4	  4	  4	  4	  0	  0	  0	  0	  0	  0	  0	  0	  0	  0	  0	  0	  0	  0	  0	  0	  0	  0	  0	  0	  0	  0	  0	  0	 71	 61	 61	 85	  0	 32	  0	  0	  0	  0	  0	  0	  0	  0	  0	  0	  0	  5	21821	  0
22/05/2016	01:38:32	->	L	00000000	 24	 85	 61	 32	  0	 11	  0	  4	  4	  4	  4	  4	  4	  4	  4	  0	  0	  0	  0	  0	  0	  0	  0	  0	  0	  0	  0	  0	  0	  0	  0	  0	  0	  0	  0	  0	  0	  0	  0	 71	 61	 61	 85	  0	 32	  0	  0	  0	  0	  0	  0	  0	  0	  0	  0	  0	  5	21821	  0
22/05/2016	01:43:28	->	L	00000000	 24	 85	 62	 33	  0	 16	  0	  4	  4	  4	  4	  4	  4	  4	  4	  0	  0	  0	  0	  0	  0	  0	  0	  0	  0	  0	  0	  0	  0	  0	  0	  0	  0	  0	  0	  0	  0	  0	  0	 72	 62	 61	 85	  0	 33	  0	  0	  0	  0	  0	  0	  0	  0	  0	  0	  0	  5	21821	  0
22/05/2016	01:48:28	->	L	00000000	 24	 85	 61	 32	  0	 21	  0	  4	  4	  4	  4	  4	  4	  4	  4	  0	  0	  0	  0	  0	  0	  0	  0	  0	  0	  0	  0	  0	  0	  0	  0	  0	  0	  0	  0	  0	  0	  0	  0	 71	 61	 61	 85	  0	 32	  0	  0	  0	  0	  0	  0	  0	  0	  0	  0	  0	  5	21821	  0
22/05/2016	01:53:28	->	L	00000000	 24	 84	 62	 32	  0	 26	  0	  4	  4	  4	  4	  4	  4	  4	  4	  0	  0	  0	  0	  0	  0	  0	  0	  0	  0	  0	  0	  0	  0	  0	  0	  0	  0	  0	  0	  0	  0	  0	  0	 71	 62	 64	 84	  0	 35	  0	  0	  0	  0	  0	  0	  0	  0	  0	  0	  0	  5	21821	  0
22/05/2016	01:58:28	->	L	00000000	 24	 84	 61	 32	  0	 31	  0	  4	  4	  4	  4	  4	  4	  4	  4	  0	  0	  0	  0	  0	  0	  0	  0	  0	  0	  0	  0	  0	  0	  0	  0	  0	  0	  0	  0	  0	  0	  0	  0	 71	 61	 61	 84	  0	 32	  0	  0	  0	  0	  0	  0	  0	  0	  0	  0	  0	  5	21821	  0
22/05/2016	02:03:28	->	L	00000000	 24	 84	 61	 32	  0	 36	  0	  4	  4	  4	  4	  4	  4	  4	  4	  0	  0	  0	  0	  0	  0	  0	  0	  0	  0	  0	  0	  0	  0	  0	  0	  0	  0	  0	  0	  0	  0	  0	  0	 70	 61	 64	 84	  0	 32	  0	  0	  0	  0	  0	  0	  0	  0	  0	  0	  0	  5	21821	  0
22/05/2016	02:08:28	->	L	00000000	 24	 84	 61	 32	  0	 41	  0	  4	  4	  4	  4	  4	  4	  4	  4	  0	  0	  0	  0	  0	  0	  0	  0	  0	  0	  0	  0	  0	  0	  0	  0	  0	  0	  0	  0	  0	  0	  0	  0	 70	 61	 64	 84	  0	 32	  0	  0	  0	  0	  0	  0	  0	  0	  0	  0	  0	  5	21821	  0
22/05/2016	02:13:28	->	L	00000000	 24	 84	 61	 32	  0	 46	  0	  4	  4	  4	  4	  4	  4	  4	  4	  0	  0	  0	  0	  0	  0	  0	  0	  0	  0	  0	  0	  0	  0	  0	  0	  0	  0	  0	  0	  0	  0	  0	  0	 71	 61	 61	 84	  0	 32	  0	  0	  0	  0	  0	  0	  0	  0	  0	  0	  0	  5	21821	  0
22/05/2016	02:18:28	->	L	00000000	 24	 83	 61	 35	  0	 51	  0	  4	  4	  4	  4	  4	  4	  4	  4	  0	  0	  0	  0	  0	  0	  0	  0	  0	  0	  0	  0	  0	  0	  0	  0	  0	  0	  0	  0	  0	  0	  0	  0	 71	 61	 61	 83	  0	 35	  0	  0	  0	  0	  0	  0	  0	  0	  0	  0	  0	  5	21821	  0
22/05/2016	02:23:28	->	L	00000000	 24	 82	 61	 35	  0	 56	  0	  4	  4	  4	  4	  4	  4	  4	  4	  0	  0	  0	  0	  0	  0	  0	  0	  0	  0	  0	  0	  0	  0	  0	  0	  0	  0	  0	  0	  0	  0	  0	  0	 70	 61	 64	 82	  0	 35	  0	  0	  0	  0	  0	  0	  0	  0	  0	  0	  0	  5	21821	  0
22/05/2016	02:28:28	->	L	00000000	 24	 82	 61	 35	  0	 61	  0	  4	  4	  4	  4	  4	  4	  4	  4	  0	  0	  0	  0	  0	  0	  0	  0	  0	  0	  0	  0	  0	  0	  0	  0	  0	  0	  0	  0	  0	  0	  0	  0	 70	 61	 64	 82	  0	 35	  0	  0	  0	  0	  0	  0	  0	  0	  0	  0	  0	  5	21821	  0
22/05/2016	02:33:28	->	L	00000000	 24	 82	 61	 38	  0	 66	  0	  4	  4	  4	  4	  4	  4	  4	  4	  0	  0	  0	  0	  0	  0	  0	  0	  0	  0	  0	  0	  0	  0	  0	  0	  0	  0	  0	  0	  0	  0	  0	  0	 70	 61	 64	 82	  0	 35	  0	  0	  0	  0	  0	  0	  0	  0	  0	  0	  0	  5	21821	  0
22/05/2016	02:38:28	->	L	00000000	 24	 81	 61	 38	  0	 71	  0	  4	  4	  4	  4	  4	  4	  4	  4	  0	  0	  0	  0	  0	  0	  0	  0	  0	  0	  0	  0	  0	  0	  0	  0	  0	  0	  0	  0	  0	  0	  0	  0	 70	 61	 64	 81	  0	 38	  0	  0	  0	  0	  0	  0	  0	  0	  0	  0	  0	  5	21821	  0
22/05/2016	02:43:28	->	L	00000000	 24	 81	 61	 38	  0	 76	  0	  4	  4	  4	  4	  4	  4	  4	  4	  0	  0	  0	  0	  0	  0	  0	  0	  0	  0	  0	  0	  0	  0	  0	  0	  0	  0	  0	  0	  0	  0	  0	  0	 70	 61	 64	 81	  0	 38	  0	  0	  0	  0	  0	  0	  0	  0	  0	  0	  0	  5	21821	  0
