19-03-2016	13:31:48	  	L	00000000	 10	 25	 20	 73	  0	  0	  0	  4	  4	  4	  4	  4	  4	  4	  4	  0	  0	  0	  0	  0	  0	  0	  0	  0	  0	  0	  0	  0	  0	  0	  0	  0	  0	  0	  0	  0	  0	  0	  0	 25	 20	 73	 25	  0	 73	  0	  0	  0	  0	  0	  0	  0	  0	  0	  0	  0	  5	6425	  1
19-03-2016	13:36:48	<-	L	00000000	 10	 26	 20	 65	  0	  5	  0	  4	  4	  4	  4	  4	  4	  4	  4	  0	  0	  0	  0	  0	  0	  0	  0	  0	  0	  0	  0	  0	  0	  0	  0	  0	  0	  0	  0	  0	  0	  0	  0	 26	 20	 65	 26	  0	 65	  0	  0	  0	  0	  0	  0	  0	  0	  0	  0	  0	  5	6425	  1
19-03-2016	13:41:48	  	L	00000000	 10	 33	 20	 35	  0	  9	  0	  4	  4	  4	  4	  4	  4	  4	  4	  0	  0	  0	  0	  0	  0	  0	  0	  0	  0	  0	  0	  0	  0	  0	  0	  0	  0	  0	  0	  0	  0	  0	  0	 26	 20	 65	 33	  0	 35	  0	  0	  0	  0	  0	  0	  0	  0	  0	  0	  0	  5	6682	  1
19-03-2016	13:46:48	<-	L	00000000	 10	 30	 21	 61	  0	 13	  0	  4	  4	  4	  4	  4	  4	  4	  4	  0	  0	  0	  0	  0	  0	  0	  0	  0	  0	  0	  0	  0	  0	  0	  0	  0	  0	  0	  0	  0	  0	  0	  0	 26	 21	 73	 30	  0	 53	  0	  0	  0	  0	  0	  0	  0	  0	  0	  0	  0	  5	6939	  1
19-03-2016	13:51:48	<-	L	00000000	 10	 40	 22	 45	  0	 18	  0	  4	  4	  4	  4	  4	  4	  4	  4	  0	  0	  0	  0	  0	  0	  0	  0	  0	  0	  0	  0	  0	  0	  0	  0	  0	  0	  0	  0	  0	  0	  0	  0	 23	 22	 93	 40	  0	 25	  0	  0	  0	  0	  0	  0	  0	  0	  0	  0	  0	  5	7196	  1
19-03-2016	13:56:48	<-	L	00000000	 10	 37	 23	 23	  0	 23	  0	  4	  4	  4	  4	  4	  4	  4	  4	  0	  0	  0	  0	  0	  0	  0	  0	  0	  0	  0	  0	  0	  0	  0	  0	  0	  0	  0	  0	  0	  0	  0	  0	 24	 23	 93	 37	  0	 36	  0	  0	  0	  0	  0	  0	  0	  0	  0	  0	  0	  5	7453	  1
19-03-2016	14:01:48	<-	L	00000000	 10	 36	 23	 26	  0	 28	  0	  4	  4	  4	  4	  4	  4	  4	  4	  0	  0	  0	  0	  0	  0	  0	  0	  0	  0	  0	  0	  0	  0	  0	  0	  0	  0	  0	  0	  0	  0	  0	  0	 24	 23	 93	 36	  0	 38	  0	  0	  0	  0	  0	  0	  0	  0	  0	  0	  0	  5	7710	  1
19-03-2016	14:06:48	<-	L	00000000	 10	 35	 24	 39	  0	 33	  0	  4	  4	  4	  4	  4	  4	  4	  4	  0	  0	  0	  0	  0	  0	  0	  0	  0	  0	  0	  0	  0	  0	  0	  0	  0	  0	  0	  0	  0	  0	  0	  0	 24	 24	100	 35	  0	 46	  0	  0	  0	  0	  0	  0	  0	  0	  0	  0	  0	  5	7967	  1
19-03-2016	14:11:48	<-	L	00000000	 10	 35	 25	 39	  0	 38	  0	  4	  4	  4	  4	  4	  4	  4	  4	  0	  0	  0	  0	  0	  0	  0	  0	  0	  0	  0	  0	  0	  0	  0	  0	  0	  0	  0	  0	  0	  0	  0	  0	 25	 25	100	 35	  0	 50	  0	  0	  0	  0	  0	  0	  0	  0	  0	  0	  0	  5	7967	  1
19-03-2016	14:16:48	<-	L	00000000	 10	 46	 26	 22	  0	 43	  0	  4	  4	  4	  4	  4	  4	  4	  4	  0	  0	  0	  0	  0	  0	  0	  0	  0	  0	  0	  0	  0	  0	  0	  0	  0	  0	  0	  0	  0	  0	  0	  0	 26	 26	100	 46	  0	 23	  0	  0	  0	  0	  0	  0	  0	  0	  0	  0	  0	  5	8224	  1
19-03-2016	14:21:48	<-	L	00000000	 10	 47	 26	 35	  0	 48	  0	  4	  4	  4	  4	  4	  4	  4	  4	  0	  0	  0	  0	  0	  0	  0	  0	  0	  0	  0	  0	  0	  0	  0	  0	  0	  0	  0	  0	  0	  0	  0	  0	 26	 26	100	 47	  0	 19	  0	  0	  0	  0	  0	  0	  0	  0	  0	  0	  0	  5	8481	  1
19-03-2016	14:26:48	<-	L	00000000	 10	 39	 27	 29	  0	 53	  0	  4	  4	  4	  4	  4	  4	  4	  4	  0	  0	  0	  0	  0	  0	  0	  0	  0	  0	  0	  0	  0	  0	  0	  0	  0	  0	  0	  0	  0	  0	  0	  0	 27	 27	100	 39	  0	 44	  0	  0	  0	  0	  0	  0	  0	  0	  0	  0	  0	  5	8738	  1
19-03-2016	14:31:48	<-	L	00000000	 10	 49	 28	 19	  0	 58	  0	  4	  4	  4	  4	  4	  4	  4	  4	  0	  0	  0	  0	  0	  0	  0	  0	  0	  0	  0	  0	  0	  0	  0	  0	  0	  0	  0	  0	  0	  0	  0	  0	 28	 28	100	 49	  0	 20	  0	  0	  0	  0	  0	  0	  0	  0	  0	  0	  0	  5	8995	  1
19-03-2016	14:36:48	<-	L	00000000	 10	 37	 29	 48	  0	 63	  0	  4	  4	  4	  4	  4	  4	  4	  4	  0	  0	  0	  0	  0	  0	  0	  0	  0	  0	  0	  0	  0	  0	  0	  0	  0	  0	  0	  0	  0	  0	  0	  0	 28	 29	100	 37	  0	 59	  0	  0	  0	  0	  0	  0	  0	  0	  0	  0	  0	  5	9252	  1
19-03-2016	14:41:48	<-	L	00000000	 10	 45	 29	 45	  0	 68	  0	  4	  4	  4	  4	  4	  4	  4	  4	  0	  0	  0	  0	  0	  0	  0	  0	  0	  0	  0	  0	  0	  0	  0	  0	  0	  0	  0	  0	  0	  0	  0	  0	 29	 29	100	 45	  0	 33	  0	  0	  0	  0	  0	  0	  0	  0	  0	  0	  0	  5	9509	  1
19-03-2016	14:46:49	<-	L	00000000	 10	 46	 30	 21	  0	 73	  0	  4	  4	  4	  4	  4	  4	  4	  4	  0	  0	  0	  0	  0	  0	  0	  0	  0	  0	  0	  0	  0	  0	  0	  0	  0	  0	  0	  0	  0	  0	  0	  0	 31	 30	 93	 46	  0	 33	  0	  0	  0	  0	  0	  0	  0	  0	  0	  0	  0	  5	9766	  1
19-03-2016	14:51:49	<-	L	00000000	 10	 49	 31	 41	  0	 78	  0	  4	  4	  4	  4	  4	  4	  4	  4	  0	  0	  0	  0	  0	  0	  0	  0	  0	  0	  0	  0	  0	  0	  0	  0	  0	  0	  0	  0	  0	  0	  0	  0	 31	 31	100	 49	  0	 29	  0	  0	  0	  0	  0	  0	  0	  0	  0	  0	  0	  5	10023	  1
19-03-2016	14:56:49	<-	L	00000000	 10	 49	 32	 37	  0	 83	  0	  4	  4	  4	  4	  4	  4	  4	  4	  0	  0	  0	  0	  0	  0	  0	  0	  0	  0	  0	  0	  0	  0	  0	  0	  0	  0	  0	  0	  0	  0	  0	  0	 32	 32	100	 49	  0	 31	  0	  0	  0	  0	  0	  0	  0	  0	  0	  0	  0	  5	10280	  1
19-03-2016	15:01:49	<-	L	00000000	 10	 49	 33	 38	  0	 88	  0	  4	  4	  4	  4	  4	  4	  4	  4	  0	  0	  0	  0	  0	  0	  0	  0	  0	  0	  0	  0	  0	  0	  0	  0	  0	  0	  0	  0	  0	  0	  0	  0	 33	 33	100	 49	  0	 34	  0	  0	  0	  0	  0	  0	  0	  0	  0	  0	  0	  5	10537	  1
19-03-2016	15:06:49	<-	L	00000000	 10	 49	 34	 34	  0	 93	  0	  4	  4	  4	  4	  4	  4	  4	  4	  0	  0	  0	  0	  0	  0	  0	  0	  0	  0	  0	  0	  0	  0	  0	  0	  0	  0	  0	  0	  0	  0	  0	  0	 34	 34	100	 49	  0	 38	  0	  0	  0	  0	  0	  0	  0	  0	  0	  0	  0	  5	10794	  1
19-03-2016	15:11:49	<-	L	00000000	 10	 51	 35	 35	  0	 98	  0	  4	  4	  4	  4	  4	  4	  4	  4	  0	  0	  0	  0	  0	  0	  0	  0	  0	  0	  0	  0	  0	  0	  0	  0	  0	  0	  0	  0	  0	  0	  0	  0	 35	 35	100	 51	  0	 35	  0	  0	  0	  0	  0	  0	  0	  0	  0	  0	  0	  5	10794	  1
19-03-2016	15:16:49	<-	L	00000000	 10	 51	 36	 36	  0	103	  0	  4	  4	  4	  4	  4	  4	  4	  4	  0	  0	  0	  0	  0	  0	  0	  0	  0	  0	  0	  0	  0	  0	  0	  0	  0	  0	  0	  0	  0	  0	  0	  0	 36	 36	100	 51	  0	 39	  0	  0	  0	  0	  0	  0	  0	  0	  0	  0	  0	  5	11051	  1
19-03-2016	15:21:49	<-	L	00000000	 10	 54	 36	 31	  0	108	  0	  4	  4	  4	  4	  4	  4	  4	  4	  0	  0	  0	  0	  0	  0	  0	  0	  0	  0	  0	  0	  0	  0	  0	  0	  0	  0	  0	  0	  0	  0	  0	  0	 37	 36	 94	 54	  0	 31	  0	  0	  0	  0	  0	  0	  0	  0	  0	  0	  0	  5	11308	  1
19-03-2016	15:26:49	<-	L	00000000	 10	 54	 37	 33	  0	113	  0	  4	  4	  4	  4	  4	  4	  4	  4	  0	  0	  0	  0	  0	  0	  0	  0	  0	  0	  0	  0	  0	  0	  0	  0	  0	  0	  0	  0	  0	  0	  0	  0	 37	 37	100	 54	  0	 33	  0	  0	  0	  0	  0	  0	  0	  0	  0	  0	  0	  5	11565	  1
19-03-2016	15:31:49	<-	L	00000000	 10	 55	 38	 34	  0	118	  0	  4	  4	  4	  4	  4	  4	  4	  4	  0	  0	  0	  0	  0	  0	  0	  0	  0	  0	  0	  0	  0	  0	  0	  0	  0	  0	  0	  0	  0	  0	  0	  0	 38	 38	100	 55	  0	 34	  0	  0	  0	  0	  0	  0	  0	  0	  0	  0	  0	  5	11822	  1
19-03-2016	15:36:49	->	L	00000000	 10	 42	 39	 79	  0	123	  0	  4	  4	  4	  4	  4	  4	  4	  4	  0	  0	  0	  0	  0	  0	  0	  0	  0	  0	  0	  0	  0	  0	  0	  0	  0	  0	  0	  0	  0	  0	  0	  0	 39	 39	100	 42	  0	 84	  0	  0	  0	  0	  0	  0	  0	  0	  0	  0	  0	  5	12079	  1
19-03-2016	15:41:50	->	L	00000000	 10	 45	 37	 65	  0	128	  0	  4	  4	  4	  4	  4	  4	  4	  4	  0	  0	  0	  0	  0	  0	  0	  0	  0	  0	  0	  0	  0	  0	  0	  0	  0	  0	  0	  0	  0	  0	  0	  0	 37	 37	 94	 45	  0	 61	  0	  0	  0	  0	  0	  0	  0	  0	  0	  0	  0	  5	12336	  1
19-03-2016	15:46:49	->	L	00000000	 10	 47	 37	 54	  0	133	  0	  4	  4	  4	  4	  4	  4	  4	  4	  0	  0	  0	  0	  0	  0	  0	  0	  0	  0	  0	  0	  0	  0	  0	  0	  0	  0	  0	  0	  0	  0	  0	  0	 38	 37	 94	 47	  0	 54	  0	  0	  0	  0	  0	  0	  0	  0	  0	  0	  0	  5	12593	  1
19-03-2016	15:51:50	->	L	00000000	 10	 51	 37	 44	  0	138	  0	  4	  4	  4	  4	  4	  4	  4	  4	  0	  0	  0	  0	  0	  0	  0	  0	  0	  0	  0	  0	  0	  0	  0	  0	  0	  0	  0	  0	  0	  0	  0	  0	 41	 37	 78	 51	  0	 41	  0	  0	  0	  0	  0	  0	  0	  0	  0	  0	  0	  5	12850	  1
19-03-2016	15:56:50	->	L	00000000	 10	 49	 38	 48	  0	143	  0	  4	  4	  4	  4	  4	  4	  4	  4	  0	  0	  0	  0	  0	  0	  0	  0	  0	  0	  0	  0	  0	  0	  0	  0	  0	  0	  0	  0	  0	  0	  0	  0	 44	 38	 69	 49	  0	 48	  0	  0	  0	  0	  0	  0	  0	  0	  0	  0	  0	  5	13107	  1
19-03-2016	16:01:50	->	L	00000000	 10	 48	 40	 62	  0	148	  0	  4	  4	  4	  4	  4	  4	  4	  4	  0	  0	  0	  0	  0	  0	  0	  0	  0	  0	  0	  0	  0	  0	  0	  0	  0	  0	  0	  0	  0	  0	  0	  0	 47	 40	 65	 48	  0	 62	  0	  0	  0	  0	  0	  0	  0	  0	  0	  0	  0	  5	13364	  1
19-03-2016	16:06:50	->	L	00000000	 10	 49	 41	 62	  0	153	  0	  4	  4	  4	  4	  4	  4	  4	  4	  0	  0	  0	  0	  0	  0	  0	  0	  0	  0	  0	  0	  0	  0	  0	  0	  0	  0	  0	  0	  0	  0	  0	  0	 49	 41	 62	 47	  0	 70	  0	  0	  0	  0	  0	  0	  0	  0	  0	  0	  0	  5	13621	  1
19-03-2016	16:11:50	->	L	00000000	 10	 50	 42	 62	  0	158	  0	  4	  4	  4	  4	  4	  4	  4	  4	  0	  0	  0	  0	  0	  0	  0	  0	  0	  0	  0	  0	  0	  0	  0	  0	  0	  0	  0	  0	  0	  0	  0	  0	 50	 42	 62	 48	  0	 70	  0	  0	  0	  0	  0	  0	  0	  0	  0	  0	  0	  5	13621	  1
19-03-2016	16:16:50	->	L	00000000	 10	 49	 42	 66	  0	163	  0	  4	  4	  4	  4	  4	  4	  4	  4	  0	  0	  0	  0	  0	  0	  0	  0	  0	  0	  0	  0	  0	  0	  0	  0	  0	  0	  0	  0	  0	  0	  0	  0	 49	 42	 66	 48	  0	 70	  0	  0	  0	  0	  0	  0	  0	  0	  0	  0	  0	  5	12593	  1
19-03-2016	16:21:50	->	L	00000000	 10	 50	 43	 66	  0	168	  0	  4	  4	  4	  4	  4	  4	  4	  4	  0	  0	  0	  0	  0	  0	  0	  0	  0	  0	  0	  0	  0	  0	  0	  0	  0	  0	  0	  0	  0	  0	  0	  0	 50	 43	 66	 47	  0	 79	  0	  0	  0	  0	  0	  0	  0	  0	  0	  0	  0	  5	12850	  1
19-03-2016	16:26:50	->	L	00000000	 10	 52	 44	 63	  0	173	  0	  4	  4	  4	  4	  4	  4	  4	  4	  0	  0	  0	  0	  0	  0	  0	  0	  0	  0	  0	  0	  0	  0	  0	  0	  0	  0	  0	  0	  0	  0	  0	  0	 52	 44	 63	 51	  0	 66	  0	  0	  0	  0	  0	  0	  0	  0	  0	  0	  0	  5	13107	  1
19-03-2016	16:31:57	->	L	00000000	 10	 54	 44	 52	  0	178	  0	  4	  4	  4	  4	  4	  4	  4	  4	  0	  0	  0	  0	  0	  0	  0	  0	  0	  0	  0	  0	  0	  0	  0	  0	  0	  0	  0	  0	  0	  0	  0	  0	 52	 44	 63	 54	  0	 56	  0	  0	  0	  0	  0	  0	  0	  0	  0	  0	  0	  5	13364	  1
19-03-2016	16:36:50	->	L	00000000	 10	 53	 45	 63	  0	183	  0	  4	  4	  4	  4	  4	  4	  4	  4	  0	  0	  0	  0	  0	  0	  0	  0	  0	  0	  0	  0	  0	  0	  0	  0	  0	  0	  0	  0	  0	  0	  0	  0	 53	 45	 63	 50	  0	 77	  0	  0	  0	  0	  0	  0	  0	  0	  0	  0	  0	  5	13364	  1
19-03-2016	16:41:50	->	L	00000000	 10	 54	 46	 67	  0	188	  0	  4	  4	  4	  4	  4	  4	  4	  4	  0	  0	  0	  0	  0	  0	  0	  0	  0	  0	  0	  0	  0	  0	  0	  0	  0	  0	  0	  0	  0	  0	  0	  0	 54	 46	 63	 52	  0	 71	  0	  0	  0	  0	  0	  0	  0	  0	  0	  0	  0	  5	13621	  1
19-03-2016	16:46:50	->	L	00000000	 10	 54	 46	 63	  0	193	  0	  4	  4	  4	  4	  4	  4	  4	  4	  0	  0	  0	  0	  0	  0	  0	  0	  0	  0	  0	  0	  0	  0	  0	  0	  0	  0	  0	  0	  0	  0	  0	  0	 54	 46	 63	 53	  0	 67	  0	  0	  0	  0	  0	  0	  0	  0	  0	  0	  0	  5	13878	  1
19-03-2016	16:52:19	->	L	00000000	 10	 53	 47	 71	  0	199	  0	  4	  4	  4	  4	  4	  4	  4	  4	  0	  0	  0	  0	  0	  0	  0	  0	  0	  0	  0	  0	  0	  0	  0	  0	  0	  0	  0	  0	  0	  0	  0	  0	 53	 47	 71	 53	  0	 71	  0	  0	  0	  0	  0	  0	  0	  0	  0	  0	  0	  5	14135	  1
19-03-2016	16:56:51	->	L	00000000	 10	 54	 47	 67	  0	203	  0	  4	  4	  4	  4	  4	  4	  4	  4	  0	  0	  0	  0	  0	  0	  0	  0	  0	  0	  0	  0	  0	  0	  0	  0	  0	  0	  0	  0	  0	  0	  0	  0	 53	 47	 71	 54	  0	 67	  0	  0	  0	  0	  0	  0	  0	  0	  0	  0	  0	  5	14392	  1
19-03-2016	17:02:50	->	L	00000000	 10	 56	 47	 63	  0	209	  0	  4	  4	  4	  4	  4	  4	  4	  4	  0	  0	  0	  0	  0	  0	  0	  0	  0	  0	  0	  0	  0	  0	  0	  0	  0	  0	  0	  0	  0	  0	  0	  0	 54	 47	 67	 56	  0	 60	  0	  0	  0	  0	  0	  0	  0	  0	  0	  0	  0	  5	14392	  1
19-03-2016	17:07:19	->	L	00000000	 10	 54	 48	 71	  0	214	  0	  4	  4	  4	  4	  4	  4	  4	  4	  0	  0	  0	  0	  0	  0	  0	  0	  0	  0	  0	  0	  0	  0	  0	  0	  0	  0	  0	  0	  0	  0	  0	  0	 54	 48	 71	 53	  0	 77	  0	  0	  0	  0	  0	  0	  0	  0	  0	  0	  0	  5	14649	  1
19-03-2016	17:12:19	->	L	00000000	 10	 60	 49	 57	  0	219	  0	  4	  4	  4	  4	  4	  4	  4	  4	  0	  0	  0	  0	  0	  0	  0	  0	  0	  0	  0	  0	  0	  0	  0	  0	  0	  0	  0	  0	  0	  0	  0	  0	 57	 49	 64	 60	  0	 54	  0	  0	  0	  0	  0	  0	  0	  0	  0	  0	  0	  5	14906	  1
19-03-2016	17:17:19	->	L	00000000	 10	 58	 50	 64	  0	224	  0	  4	  4	  4	  4	  4	  4	  4	  4	  0	  0	  0	  0	  0	  0	  0	  0	  0	  0	  0	  0	  0	  0	  0	  0	  0	  0	  0	  0	  0	  0	  0	  0	 58	 50	 64	 56	  0	 71	  0	  0	  0	  0	  0	  0	  0	  0	  0	  0	  0	  5	15163	  1
19-03-2016	17:22:19	->	L	00000000	 10	 59	 51	 64	  0	229	  0	  4	  4	  4	  4	  4	  4	  4	  4	  0	  0	  0	  0	  0	  0	  0	  0	  0	  0	  0	  0	  0	  0	  0	  0	  0	  0	  0	  0	  0	  0	  0	  0	 59	 51	 64	 57	  0	 72	  0	  0	  0	  0	  0	  0	  0	  0	  0	  0	  0	  5	15163	  1
19-03-2016	17:27:19	->	L	00000000	 10	 59	 52	 68	  0	234	  0	  4	  4	  4	  4	  4	  4	  4	  4	  0	  0	  0	  0	  0	  0	  0	  0	  0	  0	  0	  0	  0	  0	  0	  0	  0	  0	  0	  0	  0	  0	  0	  0	 59	 52	 68	 57	  0	 78	  0	  0	  0	  0	  0	  0	  0	  0	  0	  0	  0	  5	15420	  1
19-03-2016	17:32:20	->	L	00000000	 10	 60	 52	 62	  0	239	  0	  4	  4	  4	  4	  4	  4	  4	  4	  0	  0	  0	  0	  0	  0	  0	  0	  0	  0	  0	  0	  0	  0	  0	  0	  0	  0	  0	  0	  0	  0	  0	  0	 60	 52	 65	 57	  0	 78	  0	  0	  0	  0	  0	  0	  0	  0	  0	  0	  0	  5	15677	  1
19-03-2016	17:37:24	<-	L	00000000	 10	 62	 54	 65	  0	244	  0	  4	  4	  4	  4	  4	  4	  4	  4	  0	  0	  0	  0	  0	  0	  0	  0	  0	  0	  0	  0	  0	  0	  0	  0	  0	  0	  0	  0	  0	  0	  0	  0	 62	 54	 65	 58	  0	 81	  0	  0	  0	  0	  0	  0	  0	  0	  0	  0	  0	  5	15934	  1
19-03-2016	17:42:44	<-	L	00000000	 10	 64	 56	 66	  0	249	  0	  4	  4	  4	  4	  4	  4	  4	  4	  0	  0	  0	  0	  0	  0	  0	  0	  0	  0	  0	  0	  0	  0	  0	  0	  0	  0	  0	  0	  0	  0	  0	  0	 64	 56	 66	 57	  0	 94	  0	  0	  0	  0	  0	  0	  0	  0	  0	  0	  0	  5	16191	  1
