14/04/2016	15:02:29	<-	L	00000000	 27	 82	 59	 32	  0	191	  0	  4	  4	  4	  4	  4	  4	  4	  4	  0	  0	  0	  0	  0	  0	  0	  0	  0	  0	  0	  0	  0	  0	  0	  0	  0	  0	  0	  0	  0	  0	  0	  0	 82	 59	 31	 76	  0	 42	  0	  0	  0	  0	  0	  0	  0	  0	  0	  0	  0	  5	21820	  0
14/04/2016	15:07:23	<-	L	00000000	 27	 84	 60	 32	  0	195	  0	  4	  4	  4	  4	  4	  4	  4	  4	  0	  0	  0	  0	  0	  0	  0	  0	  0	  0	  0	  0	  0	  0	  0	  0	  0	  0	  0	  0	  0	  0	  0	  0	 84	 60	 32	 77	  0	 43	  0	  0	  0	  0	  0	  0	  0	  0	  0	  0	  0	  5	21820	  0
14/04/2016	15:12:24	<-	L	00000000	 27	 84	 59	 30	  0	200	  0	  4	  4	  4	  4	  4	  4	  4	  4	  0	  0	  0	  0	  0	  0	  0	  0	  0	  0	  0	  0	  0	  0	  0	  0	  0	  0	  0	  0	  0	  0	  0	  0	 84	 59	 29	 76	  0	 42	  0	  0	  0	  0	  0	  0	  0	  0	  0	  0	  0	  5	21820	  0
14/04/2016	15:17:24	<-	L	00000000	 27	 85	 60	 30	  0	205	  0	  4	  4	  4	  4	  4	  4	  4	  4	  0	  0	  0	  0	  0	  0	  0	  0	  0	  0	  0	  0	  0	  0	  0	  0	  0	  0	  0	  0	  0	  0	  0	  0	 85	 60	 30	 78	  0	 41	  0	  0	  0	  0	  0	  0	  0	  0	  0	  0	  0	  5	21820	  0
14/04/2016	15:22:24	<-	L	00000000	 27	 85	 60	 30	  0	210	  0	  4	  4	  4	  4	  4	  4	  4	  4	  0	  0	  0	  0	  0	  0	  0	  0	  0	  0	  0	  0	  0	  0	  0	  0	  0	  0	  0	  0	  0	  0	  0	  0	 85	 60	 30	 76	  0	 45	  0	  0	  0	  0	  0	  0	  0	  0	  0	  0	  0	  5	21820	  0
14/04/2016	15:27:24	<-	L	00000000	 27	 85	 60	 32	  0	215	  0	  4	  4	  4	  4	  4	  4	  4	  4	  0	  0	  0	  0	  0	  0	  0	  0	  0	  0	  0	  0	  0	  0	  0	  0	  0	  0	  0	  0	  0	  0	  0	  0	 85	 60	 32	 77	  0	 43	  0	  0	  0	  0	  0	  0	  0	  0	  0	  0	  0	  5	21820	  0
14/04/2016	15:32:24	<-	L	00000000	 27	 85	 60	 30	  0	220	  0	  4	  4	  4	  4	  4	  4	  4	  4	  0	  0	  0	  0	  0	  0	  0	  0	  0	  0	  0	  0	  0	  0	  0	  0	  0	  0	  0	  0	  0	  0	  0	  0	 85	 60	 30	 76	  0	 45	  0	  0	  0	  0	  0	  0	  0	  0	  0	  0	  0	  5	21820	  0
14/04/2016	15:37:24	<-	L	00000000	 27	 85	 60	 30	  0	225	  0	  4	  4	  4	  4	  4	  4	  4	  4	  0	  0	  0	  0	  0	  0	  0	  0	  0	  0	  0	  0	  0	  0	  0	  0	  0	  0	  0	  0	  0	  0	  0	  0	 85	 60	 30	 77	  0	 43	  0	  0	  0	  0	  0	  0	  0	  0	  0	  0	  0	  5	21820	  0
14/04/2016	15:42:24	<-	L	00000000	 27	 85	 60	 30	  0	230	  0	  4	  4	  4	  4	  4	  4	  4	  4	  0	  0	  0	  0	  0	  0	  0	  0	  0	  0	  0	  0	  0	  0	  0	  0	  0	  0	  0	  0	  0	  0	  0	  0	 85	 60	 30	 77	  0	 43	  0	  0	  0	  0	  0	  0	  0	  0	  0	  0	  0	  5	21820	  0
14/04/2016	15:47:24	<-	L	00000000	 27	 86	 60	 32	  0	235	  0	  4	  4	  4	  4	  4	  4	  4	  4	  0	  0	  0	  0	  0	  0	  0	  0	  0	  0	  0	  0	  0	  0	  0	  0	  0	  0	  0	  0	  0	  0	  0	  0	 86	 60	 30	 78	  0	 41	  0	  0	  0	  0	  0	  0	  0	  0	  0	  0	  0	  5	21820	  0
14/04/2016	15:52:24	<-	L	00000000	 27	 83	 59	 32	  0	240	  0	  4	  4	  4	  4	  4	  4	  4	  4	  0	  0	  0	  0	  0	  0	  0	  0	  0	  0	  0	  0	  0	  0	  0	  0	  0	  0	  0	  0	  0	  0	  0	  0	 83	 59	 32	 76	  0	 42	  0	  0	  0	  0	  0	  0	  0	  0	  0	  0	  0	  5	21820	  0
14/04/2016	15:57:24	<-	L	00000000	 28	 85	 58	 29	  0	  4	  0	  4	  4	  4	  4	  4	  4	  4	  4	  0	  0	  0	  0	  0	  0	  0	  0	  0	  0	  0	  0	  0	  0	  0	  0	  0	  0	  0	  0	  0	  0	  0	  0	 85	 58	 28	 73	  0	 47	  0	  0	  0	  0	  0	  0	  0	  0	  0	  0	  0	  5	21816	  0
14/04/2016	16:02:24	<-	L	00000000	 28	 86	 58	 25	  0	  9	  0	  4	  4	  4	  4	  4	  4	  4	  4	  0	  0	  0	  0	  0	  0	  0	  0	  0	  0	  0	  0	  0	  0	  0	  0	  0	  0	  0	  0	  0	  0	  0	  0	 86	 58	 27	 74	  0	 45	  0	  0	  0	  0	  0	  0	  0	  0	  0	  0	  0	  5	21816	  0
14/04/2016	16:07:24	<-	L	00000000	 28	 82	 57	 29	  0	 14	  0	  4	  4	  4	  4	  4	  4	  4	  4	  0	  0	  0	  0	  0	  0	  0	  0	  0	  0	  0	  0	  0	  0	  0	  0	  0	  0	  0	  0	  0	  0	  0	  0	 82	 57	 29	 73	  0	 44	  0	  0	  0	  0	  0	  0	  0	  0	  0	  0	  0	  5	21816	  0
14/04/2016	16:12:24	<-	L	00000000	 28	 84	 57	 29	  0	 19	  0	  4	  4	  4	  4	  4	  4	  4	  4	  0	  0	  0	  0	  0	  0	  0	  0	  0	  0	  0	  0	  0	  0	  0	  0	  0	  0	  0	  0	  0	  0	  0	  0	 84	 57	 27	 73	  0	 44	  0	  0	  0	  0	  0	  0	  0	  0	  0	  0	  0	  5	21816	  0
14/04/2016	16:17:24	<-	L	00000000	 28	 87	 57	 25	  0	 24	  0	  4	  4	  4	  4	  4	  4	  4	  4	  0	  0	  0	  0	  0	  0	  0	  0	  0	  0	  0	  0	  0	  0	  0	  0	  0	  0	  0	  0	  0	  0	  0	  0	 87	 57	 24	 74	  0	 41	  0	  0	  0	  0	  0	  0	  0	  0	  0	  0	  0	  5	21816	  0
14/04/2016	16:22:24	<-	L	00000000	 28	 83	 56	 26	  0	 29	  0	  4	  4	  4	  4	  4	  4	  4	  4	  0	  0	  0	  0	  0	  0	  0	  0	  0	  0	  0	  0	  0	  0	  0	  0	  0	  0	  0	  0	  0	  0	  0	  0	 83	 56	 27	 74	  0	 40	  0	  0	  0	  0	  0	  0	  0	  0	  0	  0	  0	  5	21816	  0
14/04/2016	16:27:24	<-	L	00000000	 28	 84	 57	 29	  0	 34	  0	  4	  4	  4	  4	  4	  4	  4	  4	  0	  0	  0	  0	  0	  0	  0	  0	  0	  0	  0	  0	  0	  0	  0	  0	  0	  0	  0	  0	  0	  0	  0	  0	 84	 57	 27	 75	  0	 40	  0	  0	  0	  0	  0	  0	  0	  0	  0	  0	  0	  5	21816	  0
14/04/2016	16:32:24	<-	L	00000000	 28	 86	 57	 25	  0	 39	  0	  4	  4	  4	  4	  4	  4	  4	  4	  0	  0	  0	  0	  0	  0	  0	  0	  0	  0	  0	  0	  0	  0	  0	  0	  0	  0	  0	  0	  0	  0	  0	  0	 86	 57	 25	 75	  0	 40	  0	  0	  0	  0	  0	  0	  0	  0	  0	  0	  0	  5	21816	  0
14/04/2016	16:37:24	<-	L	00000000	 28	 83	 56	 29	  0	 44	  0	  4	  4	  4	  4	  4	  4	  4	  4	  0	  0	  0	  0	  0	  0	  0	  0	  0	  0	  0	  0	  0	  0	  0	  0	  0	  0	  0	  0	  0	  0	  0	  0	 83	 56	 27	 73	  0	 41	  0	  0	  0	  0	  0	  0	  0	  0	  0	  0	  0	  5	21816	  0
14/04/2016	16:42:24	<-	L	00000000	 28	 86	 57	 25	  0	 49	  0	  4	  4	  4	  4	  4	  4	  4	  4	  0	  0	  0	  0	  0	  0	  0	  0	  0	  0	  0	  0	  0	  0	  0	  0	  0	  0	  0	  0	  0	  0	  0	  0	 86	 57	 25	 75	  0	 40	  0	  0	  0	  0	  0	  0	  0	  0	  0	  0	  0	  5	21816	  0
14/04/2016	16:47:24	<-	L	00000000	 28	 83	 57	 31	  0	 54	  0	  4	  4	  4	  4	  4	  4	  4	  4	  0	  0	  0	  0	  0	  0	  0	  0	  0	  0	  0	  0	  0	  0	  0	  0	  0	  0	  0	  0	  0	  0	  0	  0	 83	 57	 29	 75	  0	 40	  0	  0	  0	  0	  0	  0	  0	  0	  0	  0	  0	  5	21816	  0
14/04/2016	16:52:24	<-	L	00000000	 28	 85	 57	 27	  0	 59	  0	  4	  4	  4	  4	  4	  4	  4	  4	  0	  0	  0	  0	  0	  0	  0	  0	  0	  0	  0	  0	  0	  0	  0	  0	  0	  0	  0	  0	  0	  0	  0	  0	 85	 57	 27	 75	  0	 40	  0	  0	  0	  0	  0	  0	  0	  0	  0	  0	  0	  5	21816	  0
14/04/2016	16:57:24	  	L	00000000	 28	 83	 57	 29	  0	 64	  0	  4	  4	  4	  4	  4	  4	  4	  4	  0	  0	  0	  0	  0	  0	  0	  0	  0	  0	  0	  0	  0	  0	  0	  0	  0	  0	  0	  0	  0	  0	  0	  0	 83	 57	 29	 75	  0	 40	  0	  0	  0	  0	  0	  0	  0	  0	  0	  0	  0	  5	21816	  0
14/04/2016	17:02:24	->	L	00000000	 28	 83	 57	 27	  0	 69	  0	  4	  4	  4	  4	  4	  4	  4	  4	  0	  0	  0	  0	  0	  0	  0	  0	  0	  0	  0	  0	  0	  0	  0	  0	  0	  0	  0	  0	  0	  0	  0	  0	 78	 57	 33	 83	  0	 29	  0	  0	  0	  0	  0	  0	  0	  0	  0	  0	  0	  5	21816	  0
14/04/2016	17:07:24	->	L	00000000	 28	 86	 57	 27	  0	 74	  0	  4	  4	  4	  4	  4	  4	  4	  4	  0	  0	  0	  0	  0	  0	  0	  0	  0	  0	  0	  0	  0	  0	  0	  0	  0	  0	  0	  0	  0	  0	  0	  0	 77	 57	 36	 86	  0	 25	  0	  0	  0	  0	  0	  0	  0	  0	  0	  0	  0	  5	21816	  0
14/04/2016	17:12:24	->	L	00000000	 28	 83	 56	 26	  0	 79	  0	  4	  4	  4	  4	  4	  4	  4	  4	  0	  0	  0	  0	  0	  0	  0	  0	  0	  0	  0	  0	  0	  0	  0	  0	  0	  0	  0	  0	  0	  0	  0	  0	 76	 56	 36	 83	  0	 27	  0	  0	  0	  0	  0	  0	  0	  0	  0	  0	  0	  5	21816	  0
14/04/2016	17:17:24	->	L	00000000	 28	 87	 57	 25	  0	 84	  0	  4	  4	  4	  4	  4	  4	  4	  4	  0	  0	  0	  0	  0	  0	  0	  0	  0	  0	  0	  0	  0	  0	  0	  0	  0	  0	  0	  0	  0	  0	  0	  0	 76	 57	 38	 87	  0	 24	  0	  0	  0	  0	  0	  0	  0	  0	  0	  0	  0	  5	21816	  0
14/04/2016	17:22:24	->	L	00000000	 28	 82	 56	 27	  0	 89	  0	  4	  4	  4	  4	  4	  4	  4	  4	  0	  0	  0	  0	  0	  0	  0	  0	  0	  0	  0	  0	  0	  0	  0	  0	  0	  0	  0	  0	  0	  0	  0	  0	 75	 56	 37	 82	  0	 29	  0	  0	  0	  0	  0	  0	  0	  0	  0	  0	  0	  5	21816	  0
14/04/2016	17:27:24	->	L	00000000	 28	 87	 57	 25	  0	 94	  0	  4	  4	  4	  4	  4	  4	  4	  4	  0	  0	  0	  0	  0	  0	  0	  0	  0	  0	  0	  0	  0	  0	  0	  0	  0	  0	  0	  0	  0	  0	  0	  0	 76	 57	 38	 87	  0	 24	  0	  0	  0	  0	  0	  0	  0	  0	  0	  0	  0	  5	21816	  0
14/04/2016	17:32:24	->	L	00000000	 28	 83	 56	 27	  0	 99	  0	  4	  4	  4	  4	  4	  4	  4	  4	  0	  0	  0	  0	  0	  0	  0	  0	  0	  0	  0	  0	  0	  0	  0	  0	  0	  0	  0	  0	  0	  0	  0	  0	 75	 56	 37	 83	  0	 27	  0	  0	  0	  0	  0	  0	  0	  0	  0	  0	  0	  5	21816	  0
14/04/2016	19:32:21	->	L	00000000	 28	 60	 49	 54	  0	115	  0	  4	  4	  4	  4	  4	  4	  4	  4	  0	  0	  0	  0	  0	  0	  0	  0	  0	  0	  0	  0	  0	  0	  0	  0	  0	  0	  0	  0	  0	  0	  0	  0	 59	 49	 57	 60	  0	 54	  0	  0	  0	  0	  0	  0	  0	  0	  0	  0	  0	  5	20536	  0
14/04/2016	19:37:21	->	L	00000000	 28	 81	 54	 25	  0	120	  0	  4	  4	  4	  4	  4	  4	  4	  4	  0	  0	  0	  0	  0	  0	  0	  0	  0	  0	  0	  0	  0	  0	  0	  0	  0	  0	  0	  0	  0	  0	  0	  0	 70	 54	 43	 81	  0	 26	  0	  0	  0	  0	  0	  0	  0	  0	  0	  0	  0	  5	20536	  0
14/04/2016	19:42:21	->	L	00000000	 28	 79	 54	 29	  0	125	  0	  4	  4	  4	  4	  4	  4	  4	  4	  0	  0	  0	  0	  0	  0	  0	  0	  0	  0	  0	  0	  0	  0	  0	  0	  0	  0	  0	  0	  0	  0	  0	  0	 71	 54	 40	 79	  0	 27	  0	  0	  0	  0	  0	  0	  0	  0	  0	  0	  0	  5	20536	  0
14/04/2016	19:47:21	->	L	00000000	 28	 86	 55	 23	  0	130	  0	  4	  4	  4	  4	  4	  4	  4	  4	  0	  0	  0	  0	  0	  0	  0	  0	  0	  0	  0	  0	  0	  0	  0	  0	  0	  0	  0	  0	  0	  0	  0	  0	 73	 55	 39	 86	  0	 23	  0	  0	  0	  0	  0	  0	  0	  0	  0	  0	  0	  5	20536	  0
14/04/2016	19:52:21	->	L	00000000	 28	 82	 55	 26	  0	135	  0	  4	  4	  4	  4	  4	  4	  4	  4	  0	  0	  0	  0	  0	  0	  0	  0	  0	  0	  0	  0	  0	  0	  0	  0	  0	  0	  0	  0	  0	  0	  0	  0	 73	 55	 39	 82	  0	 26	  0	  0	  0	  0	  0	  0	  0	  0	  0	  0	  0	  5	20536	  0
14/04/2016	19:57:21	->	L	00000000	 28	 78	 55	 29	  0	140	  0	  4	  4	  4	  4	  4	  4	  4	  4	  0	  0	  0	  0	  0	  0	  0	  0	  0	  0	  0	  0	  0	  0	  0	  0	  0	  0	  0	  0	  0	  0	  0	  0	 72	 55	 41	 78	  0	 29	  0	  0	  0	  0	  0	  0	  0	  0	  0	  0	  0	  5	20536	  0
14/04/2016	20:02:21	->	L	00000000	 28	 85	 56	 27	  0	145	  0	  4	  4	  4	  4	  4	  4	  4	  4	  0	  0	  0	  0	  0	  0	  0	  0	  0	  0	  0	  0	  0	  0	  0	  0	  0	  0	  0	  0	  0	  0	  0	  0	 73	 56	 41	 85	  0	 25	  0	  0	  0	  0	  0	  0	  0	  0	  0	  0	  0	  5	20536	  0
14/04/2016	20:07:21	->	L	00000000	 28	 85	 56	 24	  0	150	  0	  4	  4	  4	  4	  4	  4	  4	  4	  0	  0	  0	  0	  0	  0	  0	  0	  0	  0	  0	  0	  0	  0	  0	  0	  0	  0	  0	  0	  0	  0	  0	  0	 74	 56	 40	 85	  0	 25	  0	  0	  0	  0	  0	  0	  0	  0	  0	  0	  0	  5	20536	  0
14/04/2016	20:12:21	->	L	00000000	 28	 81	 56	 29	  0	155	  0	  4	  4	  4	  4	  4	  4	  4	  4	  0	  0	  0	  0	  0	  0	  0	  0	  0	  0	  0	  0	  0	  0	  0	  0	  0	  0	  0	  0	  0	  0	  0	  0	 74	 56	 40	 81	  0	 28	  0	  0	  0	  0	  0	  0	  0	  0	  0	  0	  0	  5	20536	  0
14/04/2016	20:17:21	->	L	00000000	 28	 78	 56	 32	  0	160	  0	  4	  4	  4	  4	  4	  4	  4	  4	  0	  0	  0	  0	  0	  0	  0	  0	  0	  0	  0	  0	  0	  0	  0	  0	  0	  0	  0	  0	  0	  0	  0	  0	 73	 56	 41	 78	  0	 32	  0	  0	  0	  0	  0	  0	  0	  0	  0	  0	  0	  5	20536	  0
14/04/2016	20:22:21	->	L	00000000	 28	 85	 56	 26	  0	165	  0	  4	  4	  4	  4	  4	  4	  4	  4	  0	  0	  0	  0	  0	  0	  0	  0	  0	  0	  0	  0	  0	  0	  0	  0	  0	  0	  0	  0	  0	  0	  0	  0	 74	 56	 40	 85	  0	 25	  0	  0	  0	  0	  0	  0	  0	  0	  0	  0	  0	  5	20536	  0
14/04/2016	20:27:21	->	L	00000000	 28	 86	 57	 24	  0	170	  0	  4	  4	  4	  4	  4	  4	  4	  4	  0	  0	  0	  0	  0	  0	  0	  0	  0	  0	  0	  0	  0	  0	  0	  0	  0	  0	  0	  0	  0	  0	  0	  0	 75	 57	 40	 86	  0	 25	  0	  0	  0	  0	  0	  0	  0	  0	  0	  0	  0	  5	20536	  0
14/04/2016	20:32:21	->	L	00000000	 28	 81	 56	 29	  0	175	  0	  4	  4	  4	  4	  4	  4	  4	  4	  0	  0	  0	  0	  0	  0	  0	  0	  0	  0	  0	  0	  0	  0	  0	  0	  0	  0	  0	  0	  0	  0	  0	  0	 74	 56	 40	 81	  0	 28	  0	  0	  0	  0	  0	  0	  0	  0	  0	  0	  0	  5	20536	  0
14/04/2016	20:37:21	->	L	00000000	 28	 78	 56	 32	  0	180	  0	  4	  4	  4	  4	  4	  4	  4	  4	  0	  0	  0	  0	  0	  0	  0	  0	  0	  0	  0	  0	  0	  0	  0	  0	  0	  0	  0	  0	  0	  0	  0	  0	 73	 56	 41	 78	  0	 32	  0	  0	  0	  0	  0	  0	  0	  0	  0	  0	  0	  5	20536	  0
14/04/2016	20:42:21	->	L	00000000	 28	 84	 56	 29	  0	185	  0	  4	  4	  4	  4	  4	  4	  4	  4	  0	  0	  0	  0	  0	  0	  0	  0	  0	  0	  0	  0	  0	  0	  0	  0	  0	  0	  0	  0	  0	  0	  0	  0	 73	 56	 41	 84	  0	 26	  0	  0	  0	  0	  0	  0	  0	  0	  0	  0	  0	  5	20536	  0
14/04/2016	20:47:21	->	L	00000000	 28	 83	 56	 26	  0	190	  0	  4	  4	  4	  4	  4	  4	  4	  4	  0	  0	  0	  0	  0	  0	  0	  0	  0	  0	  0	  0	  0	  0	  0	  0	  0	  0	  0	  0	  0	  0	  0	  0	 74	 56	 40	 83	  0	 27	  0	  0	  0	  0	  0	  0	  0	  0	  0	  0	  0	  5	20536	  0
14/04/2016	20:52:21	->	L	00000000	 28	 79	 56	 30	  0	195	  0	  4	  4	  4	  4	  4	  4	  4	  4	  0	  0	  0	  0	  0	  0	  0	  0	  0	  0	  0	  0	  0	  0	  0	  0	  0	  0	  0	  0	  0	  0	  0	  0	 73	 56	 41	 79	  0	 30	  0	  0	  0	  0	  0	  0	  0	  0	  0	  0	  0	  5	20536	  0
14/04/2016	20:57:21	->	L	00000000	 28	 82	 56	 30	  0	200	  0	  4	  4	  4	  4	  4	  4	  4	  4	  0	  0	  0	  0	  0	  0	  0	  0	  0	  0	  0	  0	  0	  0	  0	  0	  0	  0	  0	  0	  0	  0	  0	  0	 73	 56	 41	 82	  0	 29	  0	  0	  0	  0	  0	  0	  0	  0	  0	  0	  0	  5	20536	  0
14/04/2016	21:02:21	->	L	00000000	 28	 84	 57	 27	  0	205	  0	  4	  4	  4	  4	  4	  4	  4	  4	  0	  0	  0	  0	  0	  0	  0	  0	  0	  0	  0	  0	  0	  0	  0	  0	  0	  0	  0	  0	  0	  0	  0	  0	 74	 57	 41	 84	  0	 27	  0	  0	  0	  0	  0	  0	  0	  0	  0	  0	  0	  5	20536	  0
14/04/2016	21:07:21	->	L	00000000	 28	 78	 56	 30	  0	210	  0	  4	  4	  4	  4	  4	  4	  4	  4	  0	  0	  0	  0	  0	  0	  0	  0	  0	  0	  0	  0	  0	  0	  0	  0	  0	  0	  0	  0	  0	  0	  0	  0	 73	 56	 41	 78	  0	 32	  0	  0	  0	  0	  0	  0	  0	  0	  0	  0	  0	  5	20536	  0
14/04/2016	21:12:21	->	L	00000000	 28	 84	 57	 29	  0	215	  0	  4	  4	  4	  4	  4	  4	  4	  4	  0	  0	  0	  0	  0	  0	  0	  0	  0	  0	  0	  0	  0	  0	  0	  0	  0	  0	  0	  0	  0	  0	  0	  0	 74	 57	 41	 84	  0	 27	  0	  0	  0	  0	  0	  0	  0	  0	  0	  0	  0	  5	20536	  0
14/04/2016	21:17:21	->	L	00000000	 28	 81	 56	 28	  0	220	  0	  4	  4	  4	  4	  4	  4	  4	  4	  0	  0	  0	  0	  0	  0	  0	  0	  0	  0	  0	  0	  0	  0	  0	  0	  0	  0	  0	  0	  0	  0	  0	  0	 73	 56	 41	 81	  0	 28	  0	  0	  0	  0	  0	  0	  0	  0	  0	  0	  0	  5	20536	  0
14/04/2016	21:22:21	->	L	00000000	 28	 80	 56	 30	  0	225	  0	  4	  4	  4	  4	  4	  4	  4	  4	  0	  0	  0	  0	  0	  0	  0	  0	  0	  0	  0	  0	  0	  0	  0	  0	  0	  0	  0	  0	  0	  0	  0	  0	 73	 56	 41	 80	  0	 30	  0	  0	  0	  0	  0	  0	  0	  0	  0	  0	  0	  5	20536	  0
14/04/2016	21:27:21	->	L	00000000	 28	 85	 57	 27	  0	230	  0	  4	  4	  4	  4	  4	  4	  4	  4	  0	  0	  0	  0	  0	  0	  0	  0	  0	  0	  0	  0	  0	  0	  0	  0	  0	  0	  0	  0	  0	  0	  0	  0	 74	 57	 41	 85	  0	 27	  0	  0	  0	  0	  0	  0	  0	  0	  0	  0	  0	  5	20536	  0
14/04/2016	21:32:21	->	L	00000000	 28	 80	 56	 28	  0	235	  0	  4	  4	  4	  4	  4	  4	  4	  4	  0	  0	  0	  0	  0	  0	  0	  0	  0	  0	  0	  0	  0	  0	  0	  0	  0	  0	  0	  0	  0	  0	  0	  0	 73	 56	 41	 80	  0	 30	  0	  0	  0	  0	  0	  0	  0	  0	  0	  0	  0	  5	20536	  0
14/04/2016	21:37:21	->	L	00000000	 28	 80	 56	 30	  0	240	  0	  4	  4	  4	  4	  4	  4	  4	  4	  0	  0	  0	  0	  0	  0	  0	  0	  0	  0	  0	  0	  0	  0	  0	  0	  0	  0	  0	  0	  0	  0	  0	  0	 73	 56	 41	 80	  0	 30	  0	  0	  0	  0	  0	  0	  0	  0	  0	  0	  0	  5	20536	  0
14/04/2016	21:42:21	->	L	00000000	 28	 85	 57	 27	  0	245	  0	  4	  4	  4	  4	  4	  4	  4	  4	  0	  0	  0	  0	  0	  0	  0	  0	  0	  0	  0	  0	  0	  0	  0	  0	  0	  0	  0	  0	  0	  0	  0	  0	 74	 57	 41	 85	  0	 27	  0	  0	  0	  0	  0	  0	  0	  0	  0	  0	  0	  5	20536	  0
14/04/2016	21:47:21	->	L	00000000	 28	 82	 56	 29	  0	250	  0	  4	  4	  4	  4	  4	  4	  4	  4	  0	  0	  0	  0	  0	  0	  0	  0	  0	  0	  0	  0	  0	  0	  0	  0	  0	  0	  0	  0	  0	  0	  0	  0	 74	 56	 40	 82	  0	 29	  0	  0	  0	  0	  0	  0	  0	  0	  0	  0	  0	  5	20536	  0
14/04/2016	21:52:21	->	L	00000000	 28	 78	 56	 32	  0	255	  0	  4	  4	  4	  4	  4	  4	  4	  4	  0	  0	  0	  0	  0	  0	  0	  0	  0	  0	  0	  0	  0	  0	  0	  0	  0	  0	  0	  0	  0	  0	  0	  0	 73	 56	 41	 78	  0	 32	  0	  0	  0	  0	  0	  0	  0	  0	  0	  0	  0	  5	20536	  0
14/04/2016	21:57:21	->	L	00000000	 28	 83	 56	 29	  0	260	  0	  4	  4	  4	  4	  4	  4	  4	  4	  0	  0	  0	  0	  0	  0	  0	  0	  0	  0	  0	  0	  0	  0	  0	  0	  0	  0	  0	  0	  0	  0	  0	  0	 73	 56	 41	 83	  0	 27	  0	  0	  0	  0	  0	  0	  0	  0	  0	  0	  0	  5	20536	  0
14/04/2016	22:02:21	->	L	00000000	 28	 83	 56	 27	  0	265	  0	  4	  4	  4	  4	  4	  4	  4	  4	  0	  0	  0	  0	  0	  0	  0	  0	  0	  0	  0	  0	  0	  0	  0	  0	  0	  0	  0	  0	  0	  0	  0	  0	 74	 56	 40	 83	  0	 27	  0	  0	  0	  0	  0	  0	  0	  0	  0	  0	  0	  5	20536	  0
14/04/2016	22:07:21	->	L	00000000	 28	 78	 56	 32	  0	270	  0	  4	  4	  4	  4	  4	  4	  4	  4	  0	  0	  0	  0	  0	  0	  0	  0	  0	  0	  0	  0	  0	  0	  0	  0	  0	  0	  0	  0	  0	  0	  0	  0	 73	 56	 41	 78	  0	 32	  0	  0	  0	  0	  0	  0	  0	  0	  0	  0	  0	  5	20536	  0
14/04/2016	22:12:21	->	L	00000000	 28	 84	 56	 26	  0	275	  0	  4	  4	  4	  4	  4	  4	  4	  4	  0	  0	  0	  0	  0	  0	  0	  0	  0	  0	  0	  0	  0	  0	  0	  0	  0	  0	  0	  0	  0	  0	  0	  0	 74	 56	 40	 84	  0	 26	  0	  0	  0	  0	  0	  0	  0	  0	  0	  0	  0	  5	20536	  0
14/04/2016	22:17:21	->	L	00000000	 28	 80	 56	 28	  0	280	  0	  4	  4	  4	  4	  4	  4	  4	  4	  0	  0	  0	  0	  0	  0	  0	  0	  0	  0	  0	  0	  0	  0	  0	  0	  0	  0	  0	  0	  0	  0	  0	  0	 73	 56	 41	 80	  0	 30	  0	  0	  0	  0	  0	  0	  0	  0	  0	  0	  0	  5	20536	  0
14/04/2016	22:22:21	->	L	00000000	 28	 80	 56	 30	  0	285	  0	  4	  4	  4	  4	  4	  4	  4	  4	  0	  0	  0	  0	  0	  0	  0	  0	  0	  0	  0	  0	  0	  0	  0	  0	  0	  0	  0	  0	  0	  0	  0	  0	 73	 56	 41	 80	  0	 30	  0	  0	  0	  0	  0	  0	  0	  0	  0	  0	  0	  5	20536	  0
14/04/2016	22:27:21	->	L	00000000	 28	 85	 56	 25	  0	290	  0	  4	  4	  4	  4	  4	  4	  4	  4	  0	  0	  0	  0	  0	  0	  0	  0	  0	  0	  0	  0	  0	  0	  0	  0	  0	  0	  0	  0	  0	  0	  0	  0	 74	 56	 40	 85	  0	 25	  0	  0	  0	  0	  0	  0	  0	  0	  0	  0	  0	  5	20536	  0
14/04/2016	22:32:21	->	L	00000000	 28	 83	 56	 26	  0	295	  0	  4	  4	  4	  4	  4	  4	  4	  4	  0	  0	  0	  0	  0	  0	  0	  0	  0	  0	  0	  0	  0	  0	  0	  0	  0	  0	  0	  0	  0	  0	  0	  0	 74	 56	 40	 83	  0	 27	  0	  0	  0	  0	  0	  0	  0	  0	  0	  0	  0	  5	20536	  0
14/04/2016	22:37:21	->	L	00000000	 28	 79	 56	 30	  0	300	  0	  4	  4	  4	  4	  4	  4	  4	  4	  0	  0	  0	  0	  0	  0	  0	  0	  0	  0	  0	  0	  0	  0	  0	  0	  0	  0	  0	  0	  0	  0	  0	  0	 73	 56	 41	 79	  0	 30	  0	  0	  0	  0	  0	  0	  0	  0	  0	  0	  0	  5	20536	  0
14/04/2016	22:42:21	  	L	00000000	 29	 81	 55	 26	  0	  4	  0	  4	  4	  4	  4	  4	  4	  4	  4	  0	  0	  0	  0	  0	  0	  0	  0	  0	  0	  0	  0	  0	  0	  0	  0	  0	  0	  0	  0	  0	  0	  0	  0	 73	 55	 39	 81	  0	 28	  0	  0	  0	  0	  0	  0	  0	  0	  0	  0	  0	  5	21814	  0
14/04/2016	22:47:21	<-	L	00000000	 29	 86	 56	 24	  0	  9	  0	  4	  4	  4	  4	  4	  4	  4	  4	  0	  0	  0	  0	  0	  0	  0	  0	  0	  0	  0	  0	  0	  0	  0	  0	  0	  0	  0	  0	  0	  0	  0	  0	 86	 56	 24	 76	  0	 36	  0	  0	  0	  0	  0	  0	  0	  0	  0	  0	  0	  5	21814	  0
14/04/2016	22:52:21	<-	L	00000000	 29	 85	 55	 23	  0	 14	  0	  4	  4	  4	  4	  4	  4	  4	  4	  0	  0	  0	  0	  0	  0	  0	  0	  0	  0	  0	  0	  0	  0	  0	  0	  0	  0	  0	  0	  0	  0	  0	  0	 85	 55	 24	 74	  0	 37	  0	  0	  0	  0	  0	  0	  0	  0	  0	  0	  0	  5	21814	  0
14/04/2016	22:57:22	<-	L	00000000	 29	 82	 54	 26	  0	 19	  0	  4	  4	  4	  4	  4	  4	  4	  4	  0	  0	  0	  0	  0	  0	  0	  0	  0	  0	  0	  0	  0	  0	  0	  0	  0	  0	  0	  0	  0	  0	  0	  0	 82	 54	 25	 73	  0	 37	  0	  0	  0	  0	  0	  0	  0	  0	  0	  0	  0	  5	21814	  0
14/04/2016	23:02:22	<-	L	00000000	 29	 83	 55	 26	  0	 24	  0	  4	  4	  4	  4	  4	  4	  4	  4	  0	  0	  0	  0	  0	  0	  0	  0	  0	  0	  0	  0	  0	  0	  0	  0	  0	  0	  0	  0	  0	  0	  0	  0	 83	 55	 26	 73	  0	 39	  0	  0	  0	  0	  0	  0	  0	  0	  0	  0	  0	  5	20534	  0
14/04/2016	23:47:22	  	L	00000000	 29	 64	 52	 52	  0	 29	  0	  4	  4	  4	  4	  4	  4	  4	  4	  0	  0	  0	  0	  0	  0	  0	  0	  0	  0	  0	  0	  0	  0	  0	  0	  0	  0	  0	  0	  0	  0	  0	  0	 62	 52	 58	 64	  0	 52	  0	  0	  0	  0	  0	  0	  0	  0	  0	  0	  0	  5	20534	  0
14/04/2016	23:52:22	<-	L	00000000	 29	 79	 55	 29	  0	 34	  0	  4	  4	  4	  4	  4	  4	  4	  4	  0	  0	  0	  0	  0	  0	  0	  0	  0	  0	  0	  0	  0	  0	  0	  0	  0	  0	  0	  0	  0	  0	  0	  0	 79	 55	 30	 71	  0	 43	  0	  0	  0	  0	  0	  0	  0	  0	  0	  0	  0	  5	20534	  0
14/04/2016	23:57:22	<-	L	00000000	 29	 82	 54	 24	  0	 39	  0	  4	  4	  4	  4	  4	  4	  4	  4	  0	  0	  0	  0	  0	  0	  0	  0	  0	  0	  0	  0	  0	  0	  0	  0	  0	  0	  0	  0	  0	  0	  0	  0	 82	 54	 25	 72	  0	 39	  0	  0	  0	  0	  0	  0	  0	  0	  0	  0	  0	  5	20534	  0
15/04/2016	00:02:22	<-	L	00000000	 29	 79	 54	 29	  0	 44	  0	  4	  4	  4	  4	  4	  4	  4	  4	  0	  0	  0	  0	  0	  0	  0	  0	  0	  0	  0	  0	  0	  0	  0	  0	  0	  0	  0	  0	  0	  0	  0	  0	 79	 54	 27	 73	  0	 37	  0	  0	  0	  0	  0	  0	  0	  0	  0	  0	  0	  5	20534	  0
15/04/2016	00:07:22	<-	L	00000000	 29	 85	 55	 24	  0	 49	  0	  4	  4	  4	  4	  4	  4	  4	  4	  0	  0	  0	  0	  0	  0	  0	  0	  0	  0	  0	  0	  0	  0	  0	  0	  0	  0	  0	  0	  0	  0	  0	  0	 85	 55	 24	 74	  0	 37	  0	  0	  0	  0	  0	  0	  0	  0	  0	  0	  0	  5	20534	  0
15/04/2016	00:12:22	<-	L	00000000	 29	 78	 54	 29	  0	 54	  0	  4	  4	  4	  4	  4	  4	  4	  4	  0	  0	  0	  0	  0	  0	  0	  0	  0	  0	  0	  0	  0	  0	  0	  0	  0	  0	  0	  0	  0	  0	  0	  0	 78	 54	 29	 72	  0	 39	  0	  0	  0	  0	  0	  0	  0	  0	  0	  0	  0	  5	20534	  0
15/04/2016	00:17:21	<-	L	00000000	 29	 85	 55	 24	  0	 59	  0	  4	  4	  4	  4	  4	  4	  4	  4	  0	  0	  0	  0	  0	  0	  0	  0	  0	  0	  0	  0	  0	  0	  0	  0	  0	  0	  0	  0	  0	  0	  0	  0	 85	 55	 24	 75	  0	 35	  0	  0	  0	  0	  0	  0	  0	  0	  0	  0	  0	  5	21814	  0
15/04/2016	00:22:21	<-	L	00000000	 29	 84	 54	 23	  0	 64	  0	  4	  4	  4	  4	  4	  4	  4	  4	  0	  0	  0	  0	  0	  0	  0	  0	  0	  0	  0	  0	  0	  0	  0	  0	  0	  0	  0	  0	  0	  0	  0	  0	 84	 54	 23	 74	  0	 35	  0	  0	  0	  0	  0	  0	  0	  0	  0	  0	  0	  5	21814	  0
15/04/2016	00:27:21	<-	L	00000000	 29	 86	 55	 23	  0	 69	  0	  4	  4	  4	  4	  4	  4	  4	  4	  0	  0	  0	  0	  0	  0	  0	  0	  0	  0	  0	  0	  0	  0	  0	  0	  0	  0	  0	  0	  0	  0	  0	  0	 86	 55	 23	 76	  0	 32	  0	  0	  0	  0	  0	  0	  0	  0	  0	  0	  0	  5	21814	  0
15/04/2016	00:32:21	<-	L	00000000	 29	 82	 54	 25	  0	 74	  0	  4	  4	  4	  4	  4	  4	  4	  4	  0	  0	  0	  0	  0	  0	  0	  0	  0	  0	  0	  0	  0	  0	  0	  0	  0	  0	  0	  0	  0	  0	  0	  0	 82	 54	 25	 74	  0	 35	  0	  0	  0	  0	  0	  0	  0	  0	  0	  0	  0	  5	21814	  0
15/04/2016	00:37:21	<-	L	00000000	 29	 86	 55	 23	  0	 79	  0	  4	  4	  4	  4	  4	  4	  4	  4	  0	  0	  0	  0	  0	  0	  0	  0	  0	  0	  0	  0	  0	  0	  0	  0	  0	  0	  0	  0	  0	  0	  0	  0	 86	 55	 23	 76	  0	 32	  0	  0	  0	  0	  0	  0	  0	  0	  0	  0	  0	  5	21814	  0
15/04/2016	00:42:21	<-	L	00000000	 29	 83	 54	 25	  0	 84	  0	  4	  4	  4	  4	  4	  4	  4	  4	  0	  0	  0	  0	  0	  0	  0	  0	  0	  0	  0	  0	  0	  0	  0	  0	  0	  0	  0	  0	  0	  0	  0	  0	 83	 54	 24	 74	  0	 35	  0	  0	  0	  0	  0	  0	  0	  0	  0	  0	  0	  5	21814	  0
15/04/2016	00:47:21	<-	L	00000000	 29	 86	 55	 23	  0	 89	  0	  4	  4	  4	  4	  4	  4	  4	  4	  0	  0	  0	  0	  0	  0	  0	  0	  0	  0	  0	  0	  0	  0	  0	  0	  0	  0	  0	  0	  0	  0	  0	  0	 86	 55	 23	 75	  0	 35	  0	  0	  0	  0	  0	  0	  0	  0	  0	  0	  0	  5	21814	  0
15/04/2016	00:52:21	<-	L	00000000	 29	 84	 54	 23	  0	 94	  0	  4	  4	  4	  4	  4	  4	  4	  4	  0	  0	  0	  0	  0	  0	  0	  0	  0	  0	  0	  0	  0	  0	  0	  0	  0	  0	  0	  0	  0	  0	  0	  0	 84	 54	 23	 74	  0	 35	  0	  0	  0	  0	  0	  0	  0	  0	  0	  0	  0	  5	21814	  0
15/04/2016	00:57:21	<-	L	00000000	 29	 83	 54	 24	  0	 99	  0	  4	  4	  4	  4	  4	  4	  4	  4	  0	  0	  0	  0	  0	  0	  0	  0	  0	  0	  0	  0	  0	  0	  0	  0	  0	  0	  0	  0	  0	  0	  0	  0	 83	 54	 24	 74	  0	 35	  0	  0	  0	  0	  0	  0	  0	  0	  0	  0	  0	  5	21814	  0
15/04/2016	01:02:21	<-	L	00000000	 29	 85	 55	 23	  0	104	  0	  4	  4	  4	  4	  4	  4	  4	  4	  0	  0	  0	  0	  0	  0	  0	  0	  0	  0	  0	  0	  0	  0	  0	  0	  0	  0	  0	  0	  0	  0	  0	  0	 85	 55	 24	 76	  0	 32	  0	  0	  0	  0	  0	  0	  0	  0	  0	  0	  0	  5	21814	  0
15/04/2016	01:07:22	<-	L	00000000	 29	 84	 56	 25	  0	109	  0	  4	  4	  4	  4	  4	  4	  4	  4	  0	  0	  0	  0	  0	  0	  0	  0	  0	  0	  0	  0	  0	  0	  0	  0	  0	  0	  0	  0	  0	  0	  0	  0	 84	 56	 26	 77	  0	 33	  0	  0	  0	  0	  0	  0	  0	  0	  0	  0	  0	  5	21816	  0
15/04/2016	01:12:21	<-	L	00000000	 29	 83	 56	 29	  0	114	  0	  4	  4	  4	  4	  4	  4	  4	  4	  0	  0	  0	  0	  0	  0	  0	  0	  0	  0	  0	  0	  0	  0	  0	  0	  0	  0	  0	  0	  0	  0	  0	  0	 83	 56	 27	 77	  0	 33	  0	  0	  0	  0	  0	  0	  0	  0	  0	  0	  0	  5	21816	  0
15/04/2016	01:17:21	<-	L	00000000	 29	 86	 57	 25	  0	119	  0	  4	  4	  4	  4	  4	  4	  4	  4	  0	  0	  0	  0	  0	  0	  0	  0	  0	  0	  0	  0	  0	  0	  0	  0	  0	  0	  0	  0	  0	  0	  0	  0	 86	 57	 25	 78	  0	 33	  0	  0	  0	  0	  0	  0	  0	  0	  0	  0	  0	  5	21816	  0
15/04/2016	01:22:21	<-	L	00000000	 29	 83	 55	 24	  0	124	  0	  4	  4	  4	  4	  4	  4	  4	  4	  0	  0	  0	  0	  0	  0	  0	  0	  0	  0	  0	  0	  0	  0	  0	  0	  0	  0	  0	  0	  0	  0	  0	  0	 83	 55	 26	 76	  0	 32	  0	  0	  0	  0	  0	  0	  0	  0	  0	  0	  0	  5	21816	  0
15/04/2016	01:27:22	<-	L	00000000	 29	 87	 57	 25	  0	129	  0	  4	  4	  4	  4	  4	  4	  4	  4	  0	  0	  0	  0	  0	  0	  0	  0	  0	  0	  0	  0	  0	  0	  0	  0	  0	  0	  0	  0	  0	  0	  0	  0	 87	 57	 24	 78	  0	 33	  0	  0	  0	  0	  0	  0	  0	  0	  0	  0	  0	  5	21816	  0
15/04/2016	01:32:22	<-	L	00000000	 29	 83	 55	 27	  0	134	  0	  4	  4	  4	  4	  4	  4	  4	  4	  0	  0	  0	  0	  0	  0	  0	  0	  0	  0	  0	  0	  0	  0	  0	  0	  0	  0	  0	  0	  0	  0	  0	  0	 83	 55	 26	 77	  0	 32	  0	  0	  0	  0	  0	  0	  0	  0	  0	  0	  0	  5	21816	  0
15/04/2016	01:37:21	<-	L	00000000	 29	 87	 57	 25	  0	139	  0	  4	  4	  4	  4	  4	  4	  4	  4	  0	  0	  0	  0	  0	  0	  0	  0	  0	  0	  0	  0	  0	  0	  0	  0	  0	  0	  0	  0	  0	  0	  0	  0	 87	 57	 24	 78	  0	 33	  0	  0	  0	  0	  0	  0	  0	  0	  0	  0	  0	  5	21816	  0
15/04/2016	01:42:22	<-	L	00000000	 29	 83	 55	 26	  0	144	  0	  4	  4	  4	  4	  4	  4	  4	  4	  0	  0	  0	  0	  0	  0	  0	  0	  0	  0	  0	  0	  0	  0	  0	  0	  0	  0	  0	  0	  0	  0	  0	  0	 83	 55	 26	 77	  0	 32	  0	  0	  0	  0	  0	  0	  0	  0	  0	  0	  0	  5	21816	  0
15/04/2016	01:47:22	<-	L	00000000	 29	 88	 57	 24	  0	149	  0	  4	  4	  4	  4	  4	  4	  4	  4	  0	  0	  0	  0	  0	  0	  0	  0	  0	  0	  0	  0	  0	  0	  0	  0	  0	  0	  0	  0	  0	  0	  0	  0	 88	 57	 24	 79	  0	 33	  0	  0	  0	  0	  0	  0	  0	  0	  0	  0	  0	  5	21816	  0
15/04/2016	01:52:22	<-	L	00000000	 29	 84	 56	 25	  0	154	  0	  4	  4	  4	  4	  4	  4	  4	  4	  0	  0	  0	  0	  0	  0	  0	  0	  0	  0	  0	  0	  0	  0	  0	  0	  0	  0	  0	  0	  0	  0	  0	  0	 84	 56	 26	 76	  0	 36	  0	  0	  0	  0	  0	  0	  0	  0	  0	  0	  0	  5	21816	  0
15/04/2016	01:57:22	<-	L	00000000	 29	 88	 57	 24	  0	159	  0	  4	  4	  4	  4	  4	  4	  4	  4	  0	  0	  0	  0	  0	  0	  0	  0	  0	  0	  0	  0	  0	  0	  0	  0	  0	  0	  0	  0	  0	  0	  0	  0	 88	 57	 24	 79	  0	 33	  0	  0	  0	  0	  0	  0	  0	  0	  0	  0	  0	  5	21816	  0
15/04/2016	02:02:22	<-	L	00000000	 29	 83	 56	 27	  0	164	  0	  4	  4	  4	  4	  4	  4	  4	  4	  0	  0	  0	  0	  0	  0	  0	  0	  0	  0	  0	  0	  0	  0	  0	  0	  0	  0	  0	  0	  0	  0	  0	  0	 83	 56	 27	 76	  0	 36	  0	  0	  0	  0	  0	  0	  0	  0	  0	  0	  0	  5	21816	  0
15/04/2016	02:07:22	<-	L	00000000	 29	 89	 57	 24	  0	169	  0	  4	  4	  4	  4	  4	  4	  4	  4	  0	  0	  0	  0	  0	  0	  0	  0	  0	  0	  0	  0	  0	  0	  0	  0	  0	  0	  0	  0	  0	  0	  0	  0	 89	 57	 23	 79	  0	 33	  0	  0	  0	  0	  0	  0	  0	  0	  0	  0	  0	  5	21816	  0
15/04/2016	02:12:22	<-	L	00000000	 29	 84	 56	 26	  0	174	  0	  4	  4	  4	  4	  4	  4	  4	  4	  0	  0	  0	  0	  0	  0	  0	  0	  0	  0	  0	  0	  0	  0	  0	  0	  0	  0	  0	  0	  0	  0	  0	  0	 84	 56	 26	 77	  0	 33	  0	  0	  0	  0	  0	  0	  0	  0	  0	  0	  0	  5	21816	  0
15/04/2016	02:17:22	<-	L	00000000	 29	 89	 57	 24	  0	179	  0	  4	  4	  4	  4	  4	  4	  4	  4	  0	  0	  0	  0	  0	  0	  0	  0	  0	  0	  0	  0	  0	  0	  0	  0	  0	  0	  0	  0	  0	  0	  0	  0	 89	 57	 23	 80	  0	 30	  0	  0	  0	  0	  0	  0	  0	  0	  0	  0	  0	  5	21816	  0
15/04/2016	02:22:22	<-	L	00000000	 29	 85	 56	 24	  0	184	  0	  4	  4	  4	  4	  4	  4	  4	  4	  0	  0	  0	  0	  0	  0	  0	  0	  0	  0	  0	  0	  0	  0	  0	  0	  0	  0	  0	  0	  0	  0	  0	  0	 85	 56	 25	 77	  0	 33	  0	  0	  0	  0	  0	  0	  0	  0	  0	  0	  0	  5	21816	  0
15/04/2016	02:27:22	<-	L	00000000	 29	 89	 57	 24	  0	189	  0	  4	  4	  4	  4	  4	  4	  4	  4	  0	  0	  0	  0	  0	  0	  0	  0	  0	  0	  0	  0	  0	  0	  0	  0	  0	  0	  0	  0	  0	  0	  0	  0	 89	 57	 23	 80	  0	 30	  0	  0	  0	  0	  0	  0	  0	  0	  0	  0	  0	  5	21816	  0
15/04/2016	02:32:22	<-	L	00000000	 29	 87	 56	 23	  0	194	  0	  4	  4	  4	  4	  4	  4	  4	  4	  0	  0	  0	  0	  0	  0	  0	  0	  0	  0	  0	  0	  0	  0	  0	  0	  0	  0	  0	  0	  0	  0	  0	  0	 87	 56	 23	 78	  0	 32	  0	  0	  0	  0	  0	  0	  0	  0	  0	  0	  0	  5	21816	  0
15/04/2016	02:37:22	<-	L	00000000	 29	 85	 57	 26	  0	199	  0	  4	  4	  4	  4	  4	  4	  4	  4	  0	  0	  0	  0	  0	  0	  0	  0	  0	  0	  0	  0	  0	  0	  0	  0	  0	  0	  0	  0	  0	  0	  0	  0	 85	 57	 27	 79	  0	 33	  0	  0	  0	  0	  0	  0	  0	  0	  0	  0	  0	  5	21816	  0
15/04/2016	02:42:22	<-	L	00000000	 29	 90	 57	 23	  0	204	  0	  4	  4	  4	  4	  4	  4	  4	  4	  0	  0	  0	  0	  0	  0	  0	  0	  0	  0	  0	  0	  0	  0	  0	  0	  0	  0	  0	  0	  0	  0	  0	  0	 90	 57	 23	 79	  0	 33	  0	  0	  0	  0	  0	  0	  0	  0	  0	  0	  0	  5	21816	  0
15/04/2016	02:47:22	<-	L	00000000	 29	 83	 56	 26	  0	209	  0	  4	  4	  4	  4	  4	  4	  4	  4	  0	  0	  0	  0	  0	  0	  0	  0	  0	  0	  0	  0	  0	  0	  0	  0	  0	  0	  0	  0	  0	  0	  0	  0	 83	 56	 27	 78	  0	 32	  0	  0	  0	  0	  0	  0	  0	  0	  0	  0	  0	  5	21816	  0
15/04/2016	02:52:22	<-	L	00000000	 29	 90	 57	 23	  0	214	  0	  4	  4	  4	  4	  4	  4	  4	  4	  0	  0	  0	  0	  0	  0	  0	  0	  0	  0	  0	  0	  0	  0	  0	  0	  0	  0	  0	  0	  0	  0	  0	  0	 90	 57	 23	 81	  0	 31	  0	  0	  0	  0	  0	  0	  0	  0	  0	  0	  0	  5	21816	  0
15/04/2016	02:57:22	<-	L	00000000	 29	 84	 56	 25	  0	219	  0	  4	  4	  4	  4	  4	  4	  4	  4	  0	  0	  0	  0	  0	  0	  0	  0	  0	  0	  0	  0	  0	  0	  0	  0	  0	  0	  0	  0	  0	  0	  0	  0	 84	 56	 26	 78	  0	 32	  0	  0	  0	  0	  0	  0	  0	  0	  0	  0	  0	  5	21816	  0
15/04/2016	03:02:22	<-	L	00000000	 29	 88	 57	 24	  0	224	  0	  4	  4	  4	  4	  4	  4	  4	  4	  0	  0	  0	  0	  0	  0	  0	  0	  0	  0	  0	  0	  0	  0	  0	  0	  0	  0	  0	  0	  0	  0	  0	  0	 88	 57	 24	 80	  0	 30	  0	  0	  0	  0	  0	  0	  0	  0	  0	  0	  0	  5	21816	  0
15/04/2016	03:07:22	<-	L	00000000	 29	 85	 56	 23	  0	229	  0	  4	  4	  4	  4	  4	  4	  4	  4	  0	  0	  0	  0	  0	  0	  0	  0	  0	  0	  0	  0	  0	  0	  0	  0	  0	  0	  0	  0	  0	  0	  0	  0	 85	 56	 25	 78	  0	 32	  0	  0	  0	  0	  0	  0	  0	  0	  0	  0	  0	  5	21816	  0
15/04/2016	03:12:22	<-	L	00000000	 29	 87	 57	 25	  0	234	  0	  4	  4	  4	  4	  4	  4	  4	  4	  0	  0	  0	  0	  0	  0	  0	  0	  0	  0	  0	  0	  0	  0	  0	  0	  0	  0	  0	  0	  0	  0	  0	  0	 87	 57	 24	 79	  0	 33	  0	  0	  0	  0	  0	  0	  0	  0	  0	  0	  0	  5	21816	  0
15/04/2016	03:17:22	<-	L	00000000	 29	 86	 56	 23	  0	239	  0	  4	  4	  4	  4	  4	  4	  4	  4	  0	  0	  0	  0	  0	  0	  0	  0	  0	  0	  0	  0	  0	  0	  0	  0	  0	  0	  0	  0	  0	  0	  0	  0	 86	 56	 24	 78	  0	 32	  0	  0	  0	  0	  0	  0	  0	  0	  0	  0	  0	  5	21816	  0
15/04/2016	03:22:22	<-	L	00000000	 29	 84	 56	 26	  0	244	  0	  4	  4	  4	  4	  4	  4	  4	  4	  0	  0	  0	  0	  0	  0	  0	  0	  0	  0	  0	  0	  0	  0	  0	  0	  0	  0	  0	  0	  0	  0	  0	  0	 84	 56	 26	 79	  0	 30	  0	  0	  0	  0	  0	  0	  0	  0	  0	  0	  0	  5	21816	  0
15/04/2016	03:27:22	->	L	00000000	 29	 88	 56	 23	  0	249	  0	  4	  4	  4	  4	  4	  4	  4	  4	  0	  0	  0	  0	  0	  0	  0	  0	  0	  0	  0	  0	  0	  0	  0	  0	  0	  0	  0	  0	  0	  0	  0	  0	 81	 56	 28	 88	  0	 23	  0	  0	  0	  0	  0	  0	  0	  0	  0	  0	  0	  5	21816	  0
15/04/2016	03:32:22	->	L	00000000	 29	 89	 56	 22	  0	254	  0	  4	  4	  4	  4	  4	  4	  4	  4	  0	  0	  0	  0	  0	  0	  0	  0	  0	  0	  0	  0	  0	  0	  0	  0	  0	  0	  0	  0	  0	  0	  0	  0	 81	 56	 28	 89	  0	 22	  0	  0	  0	  0	  0	  0	  0	  0	  0	  0	  0	  5	21816	  0
15/04/2016	03:37:22	->	L	00000000	 29	 85	 56	 24	  0	259	  0	  4	  4	  4	  4	  4	  4	  4	  4	  0	  0	  0	  0	  0	  0	  0	  0	  0	  0	  0	  0	  0	  0	  0	  0	  0	  0	  0	  0	  0	  0	  0	  0	 80	 56	 30	 85	  0	 25	  0	  0	  0	  0	  0	  0	  0	  0	  0	  0	  0	  5	21816	  0
15/04/2016	03:42:22	->	L	00000000	 29	 81	 56	 28	  0	264	  0	  4	  4	  4	  4	  4	  4	  4	  4	  0	  0	  0	  0	  0	  0	  0	  0	  0	  0	  0	  0	  0	  0	  0	  0	  0	  0	  0	  0	  0	  0	  0	  0	 81	 56	 28	 71	  0	 46	  0	  0	  0	  0	  0	  0	  0	  0	  0	  0	  0	  5	21816	  0
15/04/2016	03:47:22	->	L	00000000	 29	 83	 56	 27	  0	269	  0	  4	  4	  4	  4	  4	  4	  4	  4	  0	  0	  0	  0	  0	  0	  0	  0	  0	  0	  0	  0	  0	  0	  0	  0	  0	  0	  0	  0	  0	  0	  0	  0	 79	 56	 30	 83	  0	 27	  0	  0	  0	  0	  0	  0	  0	  0	  0	  0	  0	  5	21816	  0
15/04/2016	03:52:22	->	L	00000000	 29	 89	 57	 23	  0	274	  0	  4	  4	  4	  4	  4	  4	  4	  4	  0	  0	  0	  0	  0	  0	  0	  0	  0	  0	  0	  0	  0	  0	  0	  0	  0	  0	  0	  0	  0	  0	  0	  0	 80	 57	 30	 89	  0	 23	  0	  0	  0	  0	  0	  0	  0	  0	  0	  0	  0	  5	21816	  0
15/04/2016	03:57:22	->	L	00000000	 29	 86	 56	 24	  0	279	  0	  4	  4	  4	  4	  4	  4	  4	  4	  0	  0	  0	  0	  0	  0	  0	  0	  0	  0	  0	  0	  0	  0	  0	  0	  0	  0	  0	  0	  0	  0	  0	  0	 79	 56	 30	 86	  0	 24	  0	  0	  0	  0	  0	  0	  0	  0	  0	  0	  0	  5	21816	  0
15/04/2016	04:02:22	->	L	00000000	 29	 87	 56	 24	  0	284	  0	  4	  4	  4	  4	  4	  4	  4	  4	  0	  0	  0	  0	  0	  0	  0	  0	  0	  0	  0	  0	  0	  0	  0	  0	  0	  0	  0	  0	  0	  0	  0	  0	 79	 56	 30	 87	  0	 23	  0	  0	  0	  0	  0	  0	  0	  0	  0	  0	  0	  5	21816	  0
15/04/2016	04:07:21	->	L	00000000	 29	 86	 56	 23	  0	289	  0	  4	  4	  4	  4	  4	  4	  4	  4	  0	  0	  0	  0	  0	  0	  0	  0	  0	  0	  0	  0	  0	  0	  0	  0	  0	  0	  0	  0	  0	  0	  0	  0	 79	 56	 30	 86	  0	 24	  0	  0	  0	  0	  0	  0	  0	  0	  0	  0	  0	  5	21816	  0
15/04/2016	04:12:22	->	L	00000000	 29	 85	 56	 26	  0	294	  0	  4	  4	  4	  4	  4	  4	  4	  4	  0	  0	  0	  0	  0	  0	  0	  0	  0	  0	  0	  0	  0	  0	  0	  0	  0	  0	  0	  0	  0	  0	  0	  0	 78	 56	 32	 85	  0	 25	  0	  0	  0	  0	  0	  0	  0	  0	  0	  0	  0	  5	21816	  0
15/04/2016	04:17:22	->	L	00000000	 29	 89	 56	 23	  0	299	  0	  4	  4	  4	  4	  4	  4	  4	  4	  0	  0	  0	  0	  0	  0	  0	  0	  0	  0	  0	  0	  0	  0	  0	  0	  0	  0	  0	  0	  0	  0	  0	  0	 79	 56	 30	 89	  0	 22	  0	  0	  0	  0	  0	  0	  0	  0	  0	  0	  0	  5	21816	  0
15/04/2016	04:22:22	->	L	00000000	210	 86	 54	 24	  0	  3	  0	  4	  4	  4	  4	  4	  4	  4	  4	  0	  0	  0	  0	  0	  0	  0	  0	  0	  0	  0	  0	  0	  0	  0	  0	  0	  0	  0	  0	  0	  0	  0	  0	 78	 54	 29	 86	  0	 22	  0	  0	  0	  0	  0	  0	  0	  0	  0	  0	  0	  5	21812	  0
15/04/2016	04:27:22	->	L	00000000	210	 88	 54	 20	  0	  8	  0	  4	  4	  4	  4	  4	  4	  4	  4	  0	  0	  0	  0	  0	  0	  0	  0	  0	  0	  0	  0	  0	  0	  0	  0	  0	  0	  0	  0	  0	  0	  0	  0	 78	 54	 29	 88	  0	 21	  0	  0	  0	  0	  0	  0	  0	  0	  0	  0	  0	  5	21812	  0
15/04/2016	04:32:22	->	L	00000000	210	 83	 53	 24	  0	 13	  0	  4	  4	  4	  4	  4	  4	  4	  4	  0	  0	  0	  0	  0	  0	  0	  0	  0	  0	  0	  0	  0	  0	  0	  0	  0	  0	  0	  0	  0	  0	  0	  0	 76	 53	 28	 83	  0	 23	  0	  0	  0	  0	  0	  0	  0	  0	  0	  0	  0	  5	21812	  0
15/04/2016	04:37:22	->	L	00000000	210	 90	 53	 19	  0	 18	  0	  4	  4	  4	  4	  4	  4	  4	  4	  0	  0	  0	  0	  0	  0	  0	  0	  0	  0	  0	  0	  0	  0	  0	  0	  0	  0	  0	  0	  0	  0	  0	  0	 77	 53	 29	 90	  0	 19	  0	  0	  0	  0	  0	  0	  0	  0	  0	  0	  0	  5	21812	  0
15/04/2016	04:42:22	->	L	00000000	210	 84	 53	 22	  0	 23	  0	  4	  4	  4	  4	  4	  4	  4	  4	  0	  0	  0	  0	  0	  0	  0	  0	  0	  0	  0	  0	  0	  0	  0	  0	  0	  0	  0	  0	  0	  0	  0	  0	 76	 53	 28	 84	  0	 22	  0	  0	  0	  0	  0	  0	  0	  0	  0	  0	  0	  5	21812	  0
15/04/2016	04:47:22	->	L	00000000	210	 90	 53	 19	  0	 28	  0	  4	  4	  4	  4	  4	  4	  4	  4	  0	  0	  0	  0	  0	  0	  0	  0	  0	  0	  0	  0	  0	  0	  0	  0	  0	  0	  0	  0	  0	  0	  0	  0	 77	 53	 29	 90	  0	 19	  0	  0	  0	  0	  0	  0	  0	  0	  0	  0	  0	  5	21812	  0
15/04/2016	04:52:22	->	L	00000000	210	 85	 53	 21	  0	 33	  0	  4	  4	  4	  4	  4	  4	  4	  4	  0	  0	  0	  0	  0	  0	  0	  0	  0	  0	  0	  0	  0	  0	  0	  0	  0	  0	  0	  0	  0	  0	  0	  0	 77	 53	 29	 85	  0	 22	  0	  0	  0	  0	  0	  0	  0	  0	  0	  0	  0	  5	21812	  0
15/04/2016	04:57:22	->	L	00000000	210	 89	 53	 20	  0	 38	  0	  4	  4	  4	  4	  4	  4	  4	  4	  0	  0	  0	  0	  0	  0	  0	  0	  0	  0	  0	  0	  0	  0	  0	  0	  0	  0	  0	  0	  0	  0	  0	  0	 77	 53	 29	 89	  0	 19	  0	  0	  0	  0	  0	  0	  0	  0	  0	  0	  0	  5	21812	  0
15/04/2016	05:02:22	->	L	00000000	210	 87	 53	 20	  0	 43	  0	  4	  4	  4	  4	  4	  4	  4	  4	  0	  0	  0	  0	  0	  0	  0	  0	  0	  0	  0	  0	  0	  0	  0	  0	  0	  0	  0	  0	  0	  0	  0	  0	 78	 53	 27	 87	  0	 20	  0	  0	  0	  0	  0	  0	  0	  0	  0	  0	  0	  5	21812	  0
15/04/2016	05:07:22	->	L	00000000	210	 83	 52	 23	  0	 48	  0	  4	  4	  4	  4	  4	  4	  4	  4	  0	  0	  0	  0	  0	  0	  0	  0	  0	  0	  0	  0	  0	  0	  0	  0	  0	  0	  0	  0	  0	  0	  0	  0	 76	 52	 28	 83	  0	 22	  0	  0	  0	  0	  0	  0	  0	  0	  0	  0	  0	  5	21812	  0
15/04/2016	05:12:22	->	L	00000000	210	 91	 53	 18	  0	 53	  0	  4	  4	  4	  4	  4	  4	  4	  4	  0	  0	  0	  0	  0	  0	  0	  0	  0	  0	  0	  0	  0	  0	  0	  0	  0	  0	  0	  0	  0	  0	  0	  0	 78	 53	 27	 91	  0	 18	  0	  0	  0	  0	  0	  0	  0	  0	  0	  0	  0	  5	21812	  0
15/04/2016	05:17:22	->	L	00000000	210	 84	 53	 22	  0	 58	  0	  4	  4	  4	  4	  4	  4	  4	  4	  0	  0	  0	  0	  0	  0	  0	  0	  0	  0	  0	  0	  0	  0	  0	  0	  0	  0	  0	  0	  0	  0	  0	  0	 77	 53	 29	 84	  0	 22	  0	  0	  0	  0	  0	  0	  0	  0	  0	  0	  0	  5	21812	  0
15/04/2016	05:22:22	->	L	00000000	210	 90	 53	 20	  0	 63	  0	  4	  4	  4	  4	  4	  4	  4	  4	  0	  0	  0	  0	  0	  0	  0	  0	  0	  0	  0	  0	  0	  0	  0	  0	  0	  0	  0	  0	  0	  0	  0	  0	 77	 53	 29	 90	  0	 19	  0	  0	  0	  0	  0	  0	  0	  0	  0	  0	  0	  5	21812	  0
15/04/2016	05:27:22	->	L	00000000	210	 89	 53	 19	  0	 68	  0	  4	  4	  4	  4	  4	  4	  4	  4	  0	  0	  0	  0	  0	  0	  0	  0	  0	  0	  0	  0	  0	  0	  0	  0	  0	  0	  0	  0	  0	  0	  0	  0	 78	 53	 27	 89	  0	 19	  0	  0	  0	  0	  0	  0	  0	  0	  0	  0	  0	  5	21812	  0
15/04/2016	05:32:22	->	L	00000000	210	 83	 53	 22	  0	 73	  0	  4	  4	  4	  4	  4	  4	  4	  4	  0	  0	  0	  0	  0	  0	  0	  0	  0	  0	  0	  0	  0	  0	  0	  0	  0	  0	  0	  0	  0	  0	  0	  0	 77	 53	 29	 83	  0	 23	  0	  0	  0	  0	  0	  0	  0	  0	  0	  0	  0	  5	21812	  0
15/04/2016	05:37:22	->	L	00000000	210	 90	 53	 19	  0	 78	  0	  4	  4	  4	  4	  4	  4	  4	  4	  0	  0	  0	  0	  0	  0	  0	  0	  0	  0	  0	  0	  0	  0	  0	  0	  0	  0	  0	  0	  0	  0	  0	  0	 77	 53	 29	 90	  0	 19	  0	  0	  0	  0	  0	  0	  0	  0	  0	  0	  0	  5	21812	  0
15/04/2016	05:42:22	->	L	00000000	210	 89	 53	 19	  0	 83	  0	  4	  4	  4	  4	  4	  4	  4	  4	  0	  0	  0	  0	  0	  0	  0	  0	  0	  0	  0	  0	  0	  0	  0	  0	  0	  0	  0	  0	  0	  0	  0	  0	 78	 53	 27	 89	  0	 19	  0	  0	  0	  0	  0	  0	  0	  0	  0	  0	  0	  5	21812	  0
15/04/2016	05:47:22	->	L	00000000	210	 83	 53	 23	  0	 88	  0	  4	  4	  4	  4	  4	  4	  4	  4	  0	  0	  0	  0	  0	  0	  0	  0	  0	  0	  0	  0	  0	  0	  0	  0	  0	  0	  0	  0	  0	  0	  0	  0	 77	 53	 29	 83	  0	 23	  0	  0	  0	  0	  0	  0	  0	  0	  0	  0	  0	  5	21812	  0
15/04/2016	05:52:22	->	L	00000000	210	 92	 53	 18	  0	 93	  0	  4	  4	  4	  4	  4	  4	  4	  4	  0	  0	  0	  0	  0	  0	  0	  0	  0	  0	  0	  0	  0	  0	  0	  0	  0	  0	  0	  0	  0	  0	  0	  0	 78	 53	 27	 92	  0	 17	  0	  0	  0	  0	  0	  0	  0	  0	  0	  0	  0	  5	21812	  0
15/04/2016	05:57:22	->	L	00000000	210	 89	 53	 19	  0	 98	  0	  4	  4	  4	  4	  4	  4	  4	  4	  0	  0	  0	  0	  0	  0	  0	  0	  0	  0	  0	  0	  0	  0	  0	  0	  0	  0	  0	  0	  0	  0	  0	  0	 78	 53	 27	 89	  0	 19	  0	  0	  0	  0	  0	  0	  0	  0	  0	  0	  0	  5	21812	  0
15/04/2016	06:02:22	->	L	00000000	210	 82	 52	 22	  0	103	  0	  4	  4	  4	  4	  4	  4	  4	  4	  0	  0	  0	  0	  0	  0	  0	  0	  0	  0	  0	  0	  0	  0	  0	  0	  0	  0	  0	  0	  0	  0	  0	  0	 77	 52	 26	 82	  0	 23	  0	  0	  0	  0	  0	  0	  0	  0	  0	  0	  0	  5	21812	  0
15/04/2016	06:07:22	->	L	00000000	210	 90	 53	 19	  0	108	  0	  4	  4	  4	  4	  4	  4	  4	  4	  0	  0	  0	  0	  0	  0	  0	  0	  0	  0	  0	  0	  0	  0	  0	  0	  0	  0	  0	  0	  0	  0	  0	  0	 77	 53	 29	 90	  0	 19	  0	  0	  0	  0	  0	  0	  0	  0	  0	  0	  0	  5	21812	  0
15/04/2016	06:12:22	->	L	00000000	210	 89	 53	 19	  0	113	  0	  4	  4	  4	  4	  4	  4	  4	  4	  0	  0	  0	  0	  0	  0	  0	  0	  0	  0	  0	  0	  0	  0	  0	  0	  0	  0	  0	  0	  0	  0	  0	  0	 78	 53	 27	 89	  0	 19	  0	  0	  0	  0	  0	  0	  0	  0	  0	  0	  0	  5	21812	  0
15/04/2016	06:17:22	->	L	00000000	210	 83	 53	 22	  0	118	  0	  4	  4	  4	  4	  4	  4	  4	  4	  0	  0	  0	  0	  0	  0	  0	  0	  0	  0	  0	  0	  0	  0	  0	  0	  0	  0	  0	  0	  0	  0	  0	  0	 77	 53	 29	 83	  0	 23	  0	  0	  0	  0	  0	  0	  0	  0	  0	  0	  0	  5	21812	  0
15/04/2016	06:22:22	->	L	00000000	210	 92	 53	 19	  0	123	  0	  4	  4	  4	  4	  4	  4	  4	  4	  0	  0	  0	  0	  0	  0	  0	  0	  0	  0	  0	  0	  0	  0	  0	  0	  0	  0	  0	  0	  0	  0	  0	  0	 76	 53	 28	 92	  0	 17	  0	  0	  0	  0	  0	  0	  0	  0	  0	  0	  0	  5	21812	  0
15/04/2016	06:27:22	->	L	00000000	210	 88	 53	 19	  0	128	  0	  4	  4	  4	  4	  4	  4	  4	  4	  0	  0	  0	  0	  0	  0	  0	  0	  0	  0	  0	  0	  0	  0	  0	  0	  0	  0	  0	  0	  0	  0	  0	  0	 78	 53	 27	 88	  0	 20	  0	  0	  0	  0	  0	  0	  0	  0	  0	  0	  0	  5	21812	  0
15/04/2016	06:32:22	->	L	00000000	210	 83	 52	 23	  0	133	  0	  4	  4	  4	  4	  4	  4	  4	  4	  0	  0	  0	  0	  0	  0	  0	  0	  0	  0	  0	  0	  0	  0	  0	  0	  0	  0	  0	  0	  0	  0	  0	  0	 77	 52	 26	 83	  0	 22	  0	  0	  0	  0	  0	  0	  0	  0	  0	  0	  0	  5	21812	  0
15/04/2016	06:37:22	->	L	00000000	210	 91	 53	 19	  0	138	  0	  4	  4	  4	  4	  4	  4	  4	  4	  0	  0	  0	  0	  0	  0	  0	  0	  0	  0	  0	  0	  0	  0	  0	  0	  0	  0	  0	  0	  0	  0	  0	  0	 78	 53	 27	 91	  0	 18	  0	  0	  0	  0	  0	  0	  0	  0	  0	  0	  0	  5	21812	  0
15/04/2016	06:42:22	->	L	00000000	210	 91	 53	 17	  0	143	  0	  4	  4	  4	  4	  4	  4	  4	  4	  0	  0	  0	  0	  0	  0	  0	  0	  0	  0	  0	  0	  0	  0	  0	  0	  0	  0	  0	  0	  0	  0	  0	  0	 79	 53	 28	 91	  0	 18	  0	  0	  0	  0	  0	  0	  0	  0	  0	  0	  0	  5	21812	  0
15/04/2016	06:47:22	->	L	00000000	210	 83	 52	 22	  0	148	  0	  4	  4	  4	  4	  4	  4	  4	  4	  0	  0	  0	  0	  0	  0	  0	  0	  0	  0	  0	  0	  0	  0	  0	  0	  0	  0	  0	  0	  0	  0	  0	  0	 77	 52	 26	 83	  0	 22	  0	  0	  0	  0	  0	  0	  0	  0	  0	  0	  0	  5	21812	  0
15/04/2016	06:52:22	->	L	00000000	210	 88	 53	 19	  0	153	  0	  4	  4	  4	  4	  4	  4	  4	  4	  0	  0	  0	  0	  0	  0	  0	  0	  0	  0	  0	  0	  0	  0	  0	  0	  0	  0	  0	  0	  0	  0	  0	  0	 77	 53	 29	 88	  0	 20	  0	  0	  0	  0	  0	  0	  0	  0	  0	  0	  0	  5	21812	  0
15/04/2016	06:57:22	->	L	00000000	210	 90	 53	 18	  0	158	  0	  4	  4	  4	  4	  4	  4	  4	  4	  0	  0	  0	  0	  0	  0	  0	  0	  0	  0	  0	  0	  0	  0	  0	  0	  0	  0	  0	  0	  0	  0	  0	  0	 79	 53	 28	 90	  0	 19	  0	  0	  0	  0	  0	  0	  0	  0	  0	  0	  0	  5	21812	  0
15/04/2016	07:02:22	->	L	00000000	210	 84	 53	 22	  0	163	  0	  4	  4	  4	  4	  4	  4	  4	  4	  0	  0	  0	  0	  0	  0	  0	  0	  0	  0	  0	  0	  0	  0	  0	  0	  0	  0	  0	  0	  0	  0	  0	  0	 77	 53	 29	 84	  0	 22	  0	  0	  0	  0	  0	  0	  0	  0	  0	  0	  0	  5	21812	  0
15/04/2016	07:07:22	->	L	00000000	210	 85	 53	 21	  0	168	  0	  4	  4	  4	  4	  4	  4	  4	  4	  0	  0	  0	  0	  0	  0	  0	  0	  0	  0	  0	  0	  0	  0	  0	  0	  0	  0	  0	  0	  0	  0	  0	  0	 77	 53	 29	 85	  0	 22	  0	  0	  0	  0	  0	  0	  0	  0	  0	  0	  0	  5	21812	  0
15/04/2016	07:12:22	->	L	00000000	210	 92	 53	 17	  0	173	  0	  4	  4	  4	  4	  4	  4	  4	  4	  0	  0	  0	  0	  0	  0	  0	  0	  0	  0	  0	  0	  0	  0	  0	  0	  0	  0	  0	  0	  0	  0	  0	  0	 78	 53	 27	 92	  0	 17	  0	  0	  0	  0	  0	  0	  0	  0	  0	  0	  0	  5	21812	  0
15/04/2016	07:17:22	->	L	00000000	210	 85	 53	 21	  0	178	  0	  4	  4	  4	  4	  4	  4	  4	  4	  0	  0	  0	  0	  0	  0	  0	  0	  0	  0	  0	  0	  0	  0	  0	  0	  0	  0	  0	  0	  0	  0	  0	  0	 78	 53	 27	 85	  0	 22	  0	  0	  0	  0	  0	  0	  0	  0	  0	  0	  0	  5	21812	  0
15/04/2016	07:22:22	->	L	00000000	210	 86	 52	 21	  0	183	  0	  4	  4	  4	  4	  4	  4	  4	  4	  0	  0	  0	  0	  0	  0	  0	  0	  0	  0	  0	  0	  0	  0	  0	  0	  0	  0	  0	  0	  0	  0	  0	  0	 77	 52	 26	 86	  0	 20	  0	  0	  0	  0	  0	  0	  0	  0	  0	  0	  0	  5	21812	  0
15/04/2016	07:27:22	<-	L	00000000	210	 87	 54	 23	  0	188	  0	  4	  4	  4	  4	  4	  4	  4	  4	  0	  0	  0	  0	  0	  0	  0	  0	  0	  0	  0	  0	  0	  0	  0	  0	  0	  0	  0	  0	  0	  0	  0	  0	 87	 54	 21	 81	  0	 26	  0	  0	  0	  0	  0	  0	  0	  0	  0	  0	  0	  5	21812	  0
15/04/2016	07:32:22	<-	L	00000000	210	 90	 54	 19	  0	193	  0	  4	  4	  4	  4	  4	  4	  4	  4	  0	  0	  0	  0	  0	  0	  0	  0	  0	  0	  0	  0	  0	  0	  0	  0	  0	  0	  0	  0	  0	  0	  0	  0	 90	 54	 20	 80	  0	 28	  0	  0	  0	  0	  0	  0	  0	  0	  0	  0	  0	  5	21812	  0
15/04/2016	07:37:22	<-	L	00000000	210	 84	 52	 22	  0	198	  0	  4	  4	  4	  4	  4	  4	  4	  4	  0	  0	  0	  0	  0	  0	  0	  0	  0	  0	  0	  0	  0	  0	  0	  0	  0	  0	  0	  0	  0	  0	  0	  0	 84	 52	 21	 78	  0	 27	  0	  0	  0	  0	  0	  0	  0	  0	  0	  0	  0	  5	21812	  0
15/04/2016	07:42:22	<-	L	00000000	210	 88	 54	 20	  0	203	  0	  4	  4	  4	  4	  4	  4	  4	  4	  0	  0	  0	  0	  0	  0	  0	  0	  0	  0	  0	  0	  0	  0	  0	  0	  0	  0	  0	  0	  0	  0	  0	  0	 88	 54	 21	 80	  0	 28	  0	  0	  0	  0	  0	  0	  0	  0	  0	  0	  0	  5	21812	  0
15/04/2016	07:47:22	<-	L	00000000	210	 89	 53	 20	  0	208	  0	  4	  4	  4	  4	  4	  4	  4	  4	  0	  0	  0	  0	  0	  0	  0	  0	  0	  0	  0	  0	  0	  0	  0	  0	  0	  0	  0	  0	  0	  0	  0	  0	 89	 53	 19	 79	  0	 28	  0	  0	  0	  0	  0	  0	  0	  0	  0	  0	  0	  5	21812	  0
15/04/2016	07:52:22	<-	L	00000000	210	 83	 52	 21	  0	213	  0	  4	  4	  4	  4	  4	  4	  4	  4	  0	  0	  0	  0	  0	  0	  0	  0	  0	  0	  0	  0	  0	  0	  0	  0	  0	  0	  0	  0	  0	  0	  0	  0	 83	 52	 22	 77	  0	 26	  0	  0	  0	  0	  0	  0	  0	  0	  0	  0	  0	  5	21812	  0
15/04/2016	07:57:22	<-	L	00000000	210	 89	 54	 20	  0	218	  0	  4	  4	  4	  4	  4	  4	  4	  4	  0	  0	  0	  0	  0	  0	  0	  0	  0	  0	  0	  0	  0	  0	  0	  0	  0	  0	  0	  0	  0	  0	  0	  0	 89	 54	 20	 80	  0	 28	  0	  0	  0	  0	  0	  0	  0	  0	  0	  0	  0	  5	21812	  0
15/04/2016	08:02:22	<-	L	00000000	210	 91	 55	 19	  0	223	  0	  4	  4	  4	  4	  4	  4	  4	  4	  0	  0	  0	  0	  0	  0	  0	  0	  0	  0	  0	  0	  0	  0	  0	  0	  0	  0	  0	  0	  0	  0	  0	  0	 91	 55	 20	 81	  0	 28	  0	  0	  0	  0	  0	  0	  0	  0	  0	  0	  0	  5	21814	  0
15/04/2016	08:07:22	<-	L	00000000	210	 85	 53	 21	  0	228	  0	  4	  4	  4	  4	  4	  4	  4	  4	  0	  0	  0	  0	  0	  0	  0	  0	  0	  0	  0	  0	  0	  0	  0	  0	  0	  0	  0	  0	  0	  0	  0	  0	 85	 53	 22	 78	  0	 27	  0	  0	  0	  0	  0	  0	  0	  0	  0	  0	  0	  5	21814	  0
15/04/2016	08:12:22	<-	L	00000000	210	 83	 54	 24	  0	233	  0	  4	  4	  4	  4	  4	  4	  4	  4	  0	  0	  0	  0	  0	  0	  0	  0	  0	  0	  0	  0	  0	  0	  0	  0	  0	  0	  0	  0	  0	  0	  0	  0	 83	 54	 24	 80	  0	 28	  0	  0	  0	  0	  0	  0	  0	  0	  0	  0	  0	  5	21814	  0
15/04/2016	08:17:22	<-	L	00000000	210	 91	 55	 21	  0	238	  0	  4	  4	  4	  4	  4	  4	  4	  4	  0	  0	  0	  0	  0	  0	  0	  0	  0	  0	  0	  0	  0	  0	  0	  0	  0	  0	  0	  0	  0	  0	  0	  0	 91	 55	 20	 82	  0	 26	  0	  0	  0	  0	  0	  0	  0	  0	  0	  0	  0	  5	21814	  0
15/04/2016	08:22:22	<-	L	00000000	210	 91	 55	 19	  0	243	  0	  4	  4	  4	  4	  4	  4	  4	  4	  0	  0	  0	  0	  0	  0	  0	  0	  0	  0	  0	  0	  0	  0	  0	  0	  0	  0	  0	  0	  0	  0	  0	  0	 91	 55	 20	 80	  0	 28	  0	  0	  0	  0	  0	  0	  0	  0	  0	  0	  0	  5	21814	  0
15/04/2016	08:27:22	<-	L	00000000	210	 86	 54	 21	  0	248	  0	  4	  4	  4	  4	  4	  4	  4	  4	  0	  0	  0	  0	  0	  0	  0	  0	  0	  0	  0	  0	  0	  0	  0	  0	  0	  0	  0	  0	  0	  0	  0	  0	 86	 54	 22	 78	  0	 29	  0	  0	  0	  0	  0	  0	  0	  0	  0	  0	  0	  5	21814	  0
15/04/2016	08:32:22	<-	L	00000000	210	 82	 54	 24	  0	253	  0	  4	  4	  4	  4	  4	  4	  4	  4	  0	  0	  0	  0	  0	  0	  0	  0	  0	  0	  0	  0	  0	  0	  0	  0	  0	  0	  0	  0	  0	  0	  0	  0	 82	 54	 25	 79	  0	 27	  0	  0	  0	  0	  0	  0	  0	  0	  0	  0	  0	  5	21814	  0
15/04/2016	08:37:22	<-	L	00000000	210	 85	 54	 22	  0	258	  0	  4	  4	  4	  4	  4	  4	  4	  4	  0	  0	  0	  0	  0	  0	  0	  0	  0	  0	  0	  0	  0	  0	  0	  0	  0	  0	  0	  0	  0	  0	  0	  0	 85	 54	 23	 78	  0	 29	  0	  0	  0	  0	  0	  0	  0	  0	  0	  0	  0	  5	21814	  0
15/04/2016	08:42:22	<-	L	00000000	210	 85	 54	 24	  0	263	  0	  4	  4	  4	  4	  4	  4	  4	  4	  0	  0	  0	  0	  0	  0	  0	  0	  0	  0	  0	  0	  0	  0	  0	  0	  0	  0	  0	  0	  0	  0	  0	  0	 85	 54	 23	 79	  0	 27	  0	  0	  0	  0	  0	  0	  0	  0	  0	  0	  0	  5	21814	  0
15/04/2016	08:47:22	<-	L	00000000	210	 91	 55	 21	  0	268	  0	  4	  4	  4	  4	  4	  4	  4	  4	  0	  0	  0	  0	  0	  0	  0	  0	  0	  0	  0	  0	  0	  0	  0	  0	  0	  0	  0	  0	  0	  0	  0	  0	 91	 55	 20	 82	  0	 26	  0	  0	  0	  0	  0	  0	  0	  0	  0	  0	  0	  5	21814	  0
15/04/2016	08:52:22	<-	L	00000000	210	 88	 54	 20	  0	273	  0	  4	  4	  4	  4	  4	  4	  4	  4	  0	  0	  0	  0	  0	  0	  0	  0	  0	  0	  0	  0	  0	  0	  0	  0	  0	  0	  0	  0	  0	  0	  0	  0	 88	 54	 21	 79	  0	 27	  0	  0	  0	  0	  0	  0	  0	  0	  0	  0	  0	  5	21814	  0
15/04/2016	08:57:22	<-	L	00000000	210	 84	 53	 22	  0	278	  0	  4	  4	  4	  4	  4	  4	  4	  4	  0	  0	  0	  0	  0	  0	  0	  0	  0	  0	  0	  0	  0	  0	  0	  0	  0	  0	  0	  0	  0	  0	  0	  0	 84	 53	 22	 79	  0	 28	  0	  0	  0	  0	  0	  0	  0	  0	  0	  0	  0	  5	21814	  0
15/04/2016	09:02:22	<-	L	00000000	210	 87	 55	 23	  0	283	  0	  4	  4	  4	  4	  4	  4	  4	  4	  0	  0	  0	  0	  0	  0	  0	  0	  0	  0	  0	  0	  0	  0	  0	  0	  0	  0	  0	  0	  0	  0	  0	  0	 87	 55	 22	 80	  0	 28	  0	  0	  0	  0	  0	  0	  0	  0	  0	  0	  0	  5	21814	  0
15/04/2016	09:07:22	<-	L	00000000	210	 91	 55	 20	  0	288	  0	  4	  4	  4	  4	  4	  4	  4	  4	  0	  0	  0	  0	  0	  0	  0	  0	  0	  0	  0	  0	  0	  0	  0	  0	  0	  0	  0	  0	  0	  0	  0	  0	 91	 55	 20	 81	  0	 28	  0	  0	  0	  0	  0	  0	  0	  0	  0	  0	  0	  5	21814	  0
15/04/2016	09:12:22	<-	L	00000000	210	 86	 54	 21	  0	293	  0	  4	  4	  4	  4	  4	  4	  4	  4	  0	  0	  0	  0	  0	  0	  0	  0	  0	  0	  0	  0	  0	  0	  0	  0	  0	  0	  0	  0	  0	  0	  0	  0	 86	 54	 22	 79	  0	 27	  0	  0	  0	  0	  0	  0	  0	  0	  0	  0	  0	  5	21814	  0
15/04/2016	09:17:22	<-	L	00000000	210	 84	 54	 23	  0	298	  0	  4	  4	  4	  4	  4	  4	  4	  4	  0	  0	  0	  0	  0	  0	  0	  0	  0	  0	  0	  0	  0	  0	  0	  0	  0	  0	  0	  0	  0	  0	  0	  0	 84	 54	 23	 80	  0	 28	  0	  0	  0	  0	  0	  0	  0	  0	  0	  0	  0	  5	21814	  0
15/04/2016	09:22:22	<-	L	00000000	210	 90	 55	 22	  0	303	  0	  4	  4	  4	  4	  4	  4	  4	  4	  0	  0	  0	  0	  0	  0	  0	  0	  0	  0	  0	  0	  0	  0	  0	  0	  0	  0	  0	  0	  0	  0	  0	  0	 90	 55	 21	 82	  0	 26	  0	  0	  0	  0	  0	  0	  0	  0	  0	  0	  0	  5	21814	  0
15/04/2016	09:27:22	<-	L	00000000	210	 90	 55	 20	  0	308	  0	  4	  4	  4	  4	  4	  4	  4	  4	  0	  0	  0	  0	  0	  0	  0	  0	  0	  0	  0	  0	  0	  0	  0	  0	  0	  0	  0	  0	  0	  0	  0	  0	 90	 55	 21	 81	  0	 28	  0	  0	  0	  0	  0	  0	  0	  0	  0	  0	  0	  5	21814	  0
15/04/2016	09:32:22	<-	L	00000000	210	 85	 54	 22	  0	313	  0	  4	  4	  4	  4	  4	  4	  4	  4	  0	  0	  0	  0	  0	  0	  0	  0	  0	  0	  0	  0	  0	  0	  0	  0	  0	  0	  0	  0	  0	  0	  0	  0	 85	 54	 23	 80	  0	 28	  0	  0	  0	  0	  0	  0	  0	  0	  0	  0	  0	  5	21814	  0
15/04/2016	09:37:22	<-	L	00000000	210	 83	 54	 23	  0	318	  0	  4	  4	  4	  4	  4	  4	  4	  4	  0	  0	  0	  0	  0	  0	  0	  0	  0	  0	  0	  0	  0	  0	  0	  0	  0	  0	  0	  0	  0	  0	  0	  0	 83	 54	 24	 80	  0	 28	  0	  0	  0	  0	  0	  0	  0	  0	  0	  0	  0	  5	21814	  0
15/04/2016	10:02:22	<-	L	00000000	210	 63	 39	 22	  0	322	  0	  4	  4	  4	  4	  4	  4	  4	  4	  0	  0	  0	  0	  0	  0	  0	  0	  0	  0	  0	  0	  0	  0	  0	  0	  0	  0	  0	  0	  0	  0	  0	  0	 56	 39	 34	 63	  0	 22	  0	  0	  0	  0	  0	  0	  0	  0	  0	  0	  0	  5	21814	  0
15/04/2016	10:07:22	<-	L	00000000	210	 85	 51	 20	  0	327	  0	  4	  4	  4	  4	  4	  4	  4	  4	  0	  0	  0	  0	  0	  0	  0	  0	  0	  0	  0	  0	  0	  0	  0	  0	  0	  0	  0	  0	  0	  0	  0	  0	 85	 51	 20	 80	  0	 23	  0	  0	  0	  0	  0	  0	  0	  0	  0	  0	  0	  5	21814	  0
15/04/2016	10:12:22	<-	L	00000000	210	 87	 53	 21	  0	332	  0	  4	  4	  4	  4	  4	  4	  4	  4	  0	  0	  0	  0	  0	  0	  0	  0	  0	  0	  0	  0	  0	  0	  0	  0	  0	  0	  0	  0	  0	  0	  0	  0	 87	 53	 20	 80	  0	 26	  0	  0	  0	  0	  0	  0	  0	  0	  0	  0	  0	  5	21814	  0
15/04/2016	10:17:22	<-	L	00000000	210	 88	 53	 19	  0	337	  0	  4	  4	  4	  4	  4	  4	  4	  4	  0	  0	  0	  0	  0	  0	  0	  0	  0	  0	  0	  0	  0	  0	  0	  0	  0	  0	  0	  0	  0	  0	  0	  0	 88	 53	 20	 81	  0	 25	  0	  0	  0	  0	  0	  0	  0	  0	  0	  0	  0	  5	21814	  0
15/04/2016	10:22:22	<-	L	00000000	210	 84	 54	 23	  0	342	  0	  4	  4	  4	  4	  4	  4	  4	  4	  0	  0	  0	  0	  0	  0	  0	  0	  0	  0	  0	  0	  0	  0	  0	  0	  0	  0	  0	  0	  0	  0	  0	  0	 84	 54	 23	 80	  0	 28	  0	  0	  0	  0	  0	  0	  0	  0	  0	  0	  0	  5	21814	  0
15/04/2016	10:27:22	<-	L	00000000	210	 89	 54	 20	  0	347	  0	  4	  4	  4	  4	  4	  4	  4	  4	  0	  0	  0	  0	  0	  0	  0	  0	  0	  0	  0	  0	  0	  0	  0	  0	  0	  0	  0	  0	  0	  0	  0	  0	 89	 54	 20	 82	  0	 25	  0	  0	  0	  0	  0	  0	  0	  0	  0	  0	  0	  5	21814	  0
15/04/2016	10:32:22	<-	L	00000000	210	 86	 54	 22	  0	352	  0	  4	  4	  4	  4	  4	  4	  4	  4	  0	  0	  0	  0	  0	  0	  0	  0	  0	  0	  0	  0	  0	  0	  0	  0	  0	  0	  0	  0	  0	  0	  0	  0	 86	 54	 22	 81	  0	 26	  0	  0	  0	  0	  0	  0	  0	  0	  0	  0	  0	  5	21814	  0
15/04/2016	10:37:22	<-	L	00000000	210	 86	 54	 23	  0	357	  0	  4	  4	  4	  4	  4	  4	  4	  4	  0	  0	  0	  0	  0	  0	  0	  0	  0	  0	  0	  0	  0	  0	  0	  0	  0	  0	  0	  0	  0	  0	  0	  0	 86	 54	 22	 80	  0	 28	  0	  0	  0	  0	  0	  0	  0	  0	  0	  0	  0	  5	21814	  0
15/04/2016	10:42:22	<-	L	00000000	210	 87	 54	 21	  0	362	  0	  4	  4	  4	  4	  4	  4	  4	  4	  0	  0	  0	  0	  0	  0	  0	  0	  0	  0	  0	  0	  0	  0	  0	  0	  0	  0	  0	  0	  0	  0	  0	  0	 87	 54	 21	 81	  0	 26	  0	  0	  0	  0	  0	  0	  0	  0	  0	  0	  0	  5	21814	  0
15/04/2016	10:47:22	<-	L	00000000	210	 84	 54	 23	  0	367	  0	  4	  4	  4	  4	  4	  4	  4	  4	  0	  0	  0	  0	  0	  0	  0	  0	  0	  0	  0	  0	  0	  0	  0	  0	  0	  0	  0	  0	  0	  0	  0	  0	 84	 54	 23	 79	  0	 27	  0	  0	  0	  0	  0	  0	  0	  0	  0	  0	  0	  5	21814	  0
15/04/2016	10:52:22	<-	L	00000000	210	 86	 54	 21	  0	372	  0	  4	  4	  4	  4	  4	  4	  4	  4	  0	  0	  0	  0	  0	  0	  0	  0	  0	  0	  0	  0	  0	  0	  0	  0	  0	  0	  0	  0	  0	  0	  0	  0	 86	 54	 22	 79	  0	 27	  0	  0	  0	  0	  0	  0	  0	  0	  0	  0	  0	  5	21814	  0
15/04/2016	10:57:22	<-	L	00000000	210	 85	 54	 23	  0	377	  0	  4	  4	  4	  4	  4	  4	  4	  4	  0	  0	  0	  0	  0	  0	  0	  0	  0	  0	  0	  0	  0	  0	  0	  0	  0	  0	  0	  0	  0	  0	  0	  0	 85	 54	 23	 79	  0	 27	  0	  0	  0	  0	  0	  0	  0	  0	  0	  0	  0	  5	21814	  0
15/04/2016	11:02:22	<-	L	00000000	210	 87	 54	 22	  0	382	  0	  4	  4	  4	  4	  4	  4	  4	  4	  0	  0	  0	  0	  0	  0	  0	  0	  0	  0	  0	  0	  0	  0	  0	  0	  0	  0	  0	  0	  0	  0	  0	  0	 87	 54	 21	 80	  0	 28	  0	  0	  0	  0	  0	  0	  0	  0	  0	  0	  0	  5	21814	  0
15/04/2016	11:07:22	<-	L	00000000	210	 85	 54	 23	  0	387	  0	  4	  4	  4	  4	  4	  4	  4	  4	  0	  0	  0	  0	  0	  0	  0	  0	  0	  0	  0	  0	  0	  0	  0	  0	  0	  0	  0	  0	  0	  0	  0	  0	 85	 54	 23	 79	  0	 27	  0	  0	  0	  0	  0	  0	  0	  0	  0	  0	  0	  5	21814	  0
15/04/2016	11:12:22	<-	L	00000000	210	 87	 55	 22	  0	392	  0	  4	  4	  4	  4	  4	  4	  4	  4	  0	  0	  0	  0	  0	  0	  0	  0	  0	  0	  0	  0	  0	  0	  0	  0	  0	  0	  0	  0	  0	  0	  0	  0	 87	 55	 22	 80	  0	 28	  0	  0	  0	  0	  0	  0	  0	  0	  0	  0	  0	  5	21814	  0
15/04/2016	11:17:22	<-	L	00000000	210	 84	 54	 23	  0	397	  0	  4	  4	  4	  4	  4	  4	  4	  4	  0	  0	  0	  0	  0	  0	  0	  0	  0	  0	  0	  0	  0	  0	  0	  0	  0	  0	  0	  0	  0	  0	  0	  0	 84	 54	 23	 79	  0	 27	  0	  0	  0	  0	  0	  0	  0	  0	  0	  0	  0	  5	21814	  0
15/04/2016	11:22:22	<-	L	00000000	210	 89	 55	 21	  0	402	  0	  4	  4	  4	  4	  4	  4	  4	  4	  0	  0	  0	  0	  0	  0	  0	  0	  0	  0	  0	  0	  0	  0	  0	  0	  0	  0	  0	  0	  0	  0	  0	  0	 89	 55	 21	 81	  0	 28	  0	  0	  0	  0	  0	  0	  0	  0	  0	  0	  0	  5	21814	  0
15/04/2016	11:27:22	<-	L	00000000	210	 85	 54	 23	  0	407	  0	  4	  4	  4	  4	  4	  4	  4	  4	  0	  0	  0	  0	  0	  0	  0	  0	  0	  0	  0	  0	  0	  0	  0	  0	  0	  0	  0	  0	  0	  0	  0	  0	 85	 54	 23	 80	  0	 28	  0	  0	  0	  0	  0	  0	  0	  0	  0	  0	  0	  5	21814	  0
15/04/2016	11:32:22	<-	L	00000000	210	 84	 54	 23	  0	412	  0	  4	  4	  4	  4	  4	  4	  4	  4	  0	  0	  0	  0	  0	  0	  0	  0	  0	  0	  0	  0	  0	  0	  0	  0	  0	  0	  0	  0	  0	  0	  0	  0	 84	 54	 23	 80	  0	 28	  0	  0	  0	  0	  0	  0	  0	  0	  0	  0	  0	  5	21814	  0
15/04/2016	11:37:22	<-	L	00000000	210	 91	 55	 20	  0	417	  0	  4	  4	  4	  4	  4	  4	  4	  4	  0	  0	  0	  0	  0	  0	  0	  0	  0	  0	  0	  0	  0	  0	  0	  0	  0	  0	  0	  0	  0	  0	  0	  0	 91	 55	 20	 82	  0	 26	  0	  0	  0	  0	  0	  0	  0	  0	  0	  0	  0	  5	21814	  0
15/04/2016	11:42:22	<-	L	00000000	210	 87	 54	 21	  0	422	  0	  4	  4	  4	  4	  4	  4	  4	  4	  0	  0	  0	  0	  0	  0	  0	  0	  0	  0	  0	  0	  0	  0	  0	  0	  0	  0	  0	  0	  0	  0	  0	  0	 87	 54	 21	 80	  0	 28	  0	  0	  0	  0	  0	  0	  0	  0	  0	  0	  0	  5	21814	  0
15/04/2016	11:47:22	->	L	00000000	210	 86	 55	 22	  0	427	  0	  4	  4	  4	  4	  4	  4	  4	  4	  0	  0	  0	  0	  0	  0	  0	  0	  0	  0	  0	  0	  0	  0	  0	  0	  0	  0	  0	  0	  0	  0	  0	  0	 86	 55	 23	 82	  0	 26	  0	  0	  0	  0	  0	  0	  0	  0	  0	  0	  0	  5	21814	  0
15/04/2016	11:52:22	->	L	00000000	210	 84	 54	 23	  0	432	  0	  4	  4	  4	  4	  4	  4	  4	  4	  0	  0	  0	  0	  0	  0	  0	  0	  0	  0	  0	  0	  0	  0	  0	  0	  0	  0	  0	  0	  0	  0	  0	  0	 80	 54	 28	 84	  0	 23	  0	  0	  0	  0	  0	  0	  0	  0	  0	  0	  0	  5	21814	  0
15/04/2016	11:57:22	->	L	00000000	210	 92	 55	 20	  0	437	  0	  4	  4	  4	  4	  4	  4	  4	  4	  0	  0	  0	  0	  0	  0	  0	  0	  0	  0	  0	  0	  0	  0	  0	  0	  0	  0	  0	  0	  0	  0	  0	  0	 81	 55	 28	 92	  0	 19	  0	  0	  0	  0	  0	  0	  0	  0	  0	  0	  0	  5	21814	  0
15/04/2016	12:02:22	->	L	00000000	210	 91	 54	 18	  0	442	  0	  4	  4	  4	  4	  4	  4	  4	  4	  0	  0	  0	  0	  0	  0	  0	  0	  0	  0	  0	  0	  0	  0	  0	  0	  0	  0	  0	  0	  0	  0	  0	  0	 81	 54	 26	 91	  0	 19	  0	  0	  0	  0	  0	  0	  0	  0	  0	  0	  0	  5	21814	  0
15/04/2016	12:07:22	->	L	00000000	210	 89	 54	 19	  0	447	  0	  4	  4	  4	  4	  4	  4	  4	  4	  0	  0	  0	  0	  0	  0	  0	  0	  0	  0	  0	  0	  0	  0	  0	  0	  0	  0	  0	  0	  0	  0	  0	  0	 80	 54	 28	 89	  0	 20	  0	  0	  0	  0	  0	  0	  0	  0	  0	  0	  0	  5	21812	  0
15/04/2016	12:12:22	->	L	00000000	210	 84	 52	 21	  0	452	  0	  4	  4	  4	  4	  4	  4	  4	  4	  0	  0	  0	  0	  0	  0	  0	  0	  0	  0	  0	  0	  0	  0	  0	  0	  0	  0	  0	  0	  0	  0	  0	  0	 79	 52	 25	 84	  0	 21	  0	  0	  0	  0	  0	  0	  0	  0	  0	  0	  0	  5	21812	  0
15/04/2016	12:17:22	->	L	00000000	210	 91	 53	 20	  0	457	  0	  4	  4	  4	  4	  4	  4	  4	  4	  0	  0	  0	  0	  0	  0	  0	  0	  0	  0	  0	  0	  0	  0	  0	  0	  0	  0	  0	  0	  0	  0	  0	  0	 80	 53	 26	 91	  0	 18	  0	  0	  0	  0	  0	  0	  0	  0	  0	  0	  0	  5	21812	  0
15/04/2016	12:22:22	->	L	00000000	210	 93	 53	 17	  0	462	  0	  4	  4	  4	  4	  4	  4	  4	  4	  0	  0	  0	  0	  0	  0	  0	  0	  0	  0	  0	  0	  0	  0	  0	  0	  0	  0	  0	  0	  0	  0	  0	  0	 81	 53	 25	 93	  0	 17	  0	  0	  0	  0	  0	  0	  0	  0	  0	  0	  0	  5	21812	  0
15/04/2016	12:27:22	->	L	00000000	210	 88	 53	 19	  0	467	  0	  4	  4	  4	  4	  4	  4	  4	  4	  0	  0	  0	  0	  0	  0	  0	  0	  0	  0	  0	  0	  0	  0	  0	  0	  0	  0	  0	  0	  0	  0	  0	  0	 80	 53	 26	 88	  0	 20	  0	  0	  0	  0	  0	  0	  0	  0	  0	  0	  0	  5	21812	  0
15/04/2016	12:32:22	->	L	00000000	210	 84	 52	 21	  0	472	  0	  4	  4	  4	  4	  4	  4	  4	  4	  0	  0	  0	  0	  0	  0	  0	  0	  0	  0	  0	  0	  0	  0	  0	  0	  0	  0	  0	  0	  0	  0	  0	  0	 79	 52	 25	 84	  0	 21	  0	  0	  0	  0	  0	  0	  0	  0	  0	  0	  0	  5	21812	  0
15/04/2016	12:37:22	->	L	00000000	210	 91	 53	 19	  0	477	  0	  4	  4	  4	  4	  4	  4	  4	  4	  0	  0	  0	  0	  0	  0	  0	  0	  0	  0	  0	  0	  0	  0	  0	  0	  0	  0	  0	  0	  0	  0	  0	  0	 80	 53	 26	 91	  0	 18	  0	  0	  0	  0	  0	  0	  0	  0	  0	  0	  0	  5	21812	  0
15/04/2016	12:42:22	->	L	00000000	210	 88	 53	 19	  0	482	  0	  4	  4	  4	  4	  4	  4	  4	  4	  0	  0	  0	  0	  0	  0	  0	  0	  0	  0	  0	  0	  0	  0	  0	  0	  0	  0	  0	  0	  0	  0	  0	  0	 80	 53	 26	 88	  0	 20	  0	  0	  0	  0	  0	  0	  0	  0	  0	  0	  0	  5	21812	  0
15/04/2016	12:47:22	->	L	00000000	210	 84	 52	 21	  0	487	  0	  4	  4	  4	  4	  4	  4	  4	  4	  0	  0	  0	  0	  0	  0	  0	  0	  0	  0	  0	  0	  0	  0	  0	  0	  0	  0	  0	  0	  0	  0	  0	  0	 78	 52	 27	 84	  0	 21	  0	  0	  0	  0	  0	  0	  0	  0	  0	  0	  0	  5	21812	  0
15/04/2016	12:52:22	->	L	00000000	210	 90	 53	 19	  0	492	  0	  4	  4	  4	  4	  4	  4	  4	  4	  0	  0	  0	  0	  0	  0	  0	  0	  0	  0	  0	  0	  0	  0	  0	  0	  0	  0	  0	  0	  0	  0	  0	  0	 79	 53	 28	 90	  0	 19	  0	  0	  0	  0	  0	  0	  0	  0	  0	  0	  0	  5	21812	  0
15/04/2016	12:57:22	->	L	00000000	210	 86	 53	 20	  0	497	  0	  4	  4	  4	  4	  4	  4	  4	  4	  0	  0	  0	  0	  0	  0	  0	  0	  0	  0	  0	  0	  0	  0	  0	  0	  0	  0	  0	  0	  0	  0	  0	  0	 79	 53	 28	 86	  0	 21	  0	  0	  0	  0	  0	  0	  0	  0	  0	  0	  0	  5	21812	  0
15/04/2016	13:02:22	->	L	00000000	210	 85	 52	 21	  0	502	  0	  4	  4	  4	  4	  4	  4	  4	  4	  0	  0	  0	  0	  0	  0	  0	  0	  0	  0	  0	  0	  0	  0	  0	  0	  0	  0	  0	  0	  0	  0	  0	  0	 78	 52	 27	 85	  0	 21	  0	  0	  0	  0	  0	  0	  0	  0	  0	  0	  0	  5	21812	  0
15/04/2016	13:07:22	->	L	00000000	210	 90	 53	 19	  0	507	  0	  4	  4	  4	  4	  4	  4	  4	  4	  0	  0	  0	  0	  0	  0	  0	  0	  0	  0	  0	  0	  0	  0	  0	  0	  0	  0	  0	  0	  0	  0	  0	  0	 80	 53	 26	 90	  0	 19	  0	  0	  0	  0	  0	  0	  0	  0	  0	  0	  0	  5	21812	  0
15/04/2016	13:12:22	->	L	00000000	210	 85	 52	 20	  0	512	  0	  4	  4	  4	  4	  4	  4	  4	  4	  0	  0	  0	  0	  0	  0	  0	  0	  0	  0	  0	  0	  0	  0	  0	  0	  0	  0	  0	  0	  0	  0	  0	  0	 79	 52	 25	 85	  0	 21	  0	  0	  0	  0	  0	  0	  0	  0	  0	  0	  0	  5	21812	  0
15/04/2016	13:17:22	->	L	00000000	210	 88	 53	 19	  0	517	  0	  4	  4	  4	  4	  4	  4	  4	  4	  0	  0	  0	  0	  0	  0	  0	  0	  0	  0	  0	  0	  0	  0	  0	  0	  0	  0	  0	  0	  0	  0	  0	  0	 79	 53	 28	 88	  0	 20	  0	  0	  0	  0	  0	  0	  0	  0	  0	  0	  0	  5	21812	  0
15/04/2016	13:22:22	->	L	00000000	210	 88	 53	 19	  0	522	  0	  4	  4	  4	  4	  4	  4	  4	  4	  0	  0	  0	  0	  0	  0	  0	  0	  0	  0	  0	  0	  0	  0	  0	  0	  0	  0	  0	  0	  0	  0	  0	  0	 80	 53	 26	 88	  0	 20	  0	  0	  0	  0	  0	  0	  0	  0	  0	  0	  0	  5	21812	  0
15/04/2016	13:27:22	->	L	00000000	210	 83	 52	 22	  0	527	  0	  4	  4	  4	  4	  4	  4	  4	  4	  0	  0	  0	  0	  0	  0	  0	  0	  0	  0	  0	  0	  0	  0	  0	  0	  0	  0	  0	  0	  0	  0	  0	  0	 79	 52	 25	 83	  0	 22	  0	  0	  0	  0	  0	  0	  0	  0	  0	  0	  0	  5	21812	  0
15/04/2016	13:32:22	->	L	00000000	210	 91	 53	 18	  0	532	  0	  4	  4	  4	  4	  4	  4	  4	  4	  0	  0	  0	  0	  0	  0	  0	  0	  0	  0	  0	  0	  0	  0	  0	  0	  0	  0	  0	  0	  0	  0	  0	  0	 80	 53	 26	 91	  0	 18	  0	  0	  0	  0	  0	  0	  0	  0	  0	  0	  0	  5	21812	  0
15/04/2016	13:37:22	->	L	00000000	210	 88	 53	 19	  0	537	  0	  4	  4	  4	  4	  4	  4	  4	  4	  0	  0	  0	  0	  0	  0	  0	  0	  0	  0	  0	  0	  0	  0	  0	  0	  0	  0	  0	  0	  0	  0	  0	  0	 80	 53	 26	 88	  0	 20	  0	  0	  0	  0	  0	  0	  0	  0	  0	  0	  0	  5	21812	  0
15/04/2016	13:42:22	->	L	00000000	210	 85	 52	 21	  0	542	  0	  4	  4	  4	  4	  4	  4	  4	  4	  0	  0	  0	  0	  0	  0	  0	  0	  0	  0	  0	  0	  0	  0	  0	  0	  0	  0	  0	  0	  0	  0	  0	  0	 79	 52	 25	 85	  0	 21	  0	  0	  0	  0	  0	  0	  0	  0	  0	  0	  0	  5	21812	  0
15/04/2016	13:47:22	->	L	00000000	210	 84	 53	 21	  0	547	  0	  4	  4	  4	  4	  4	  4	  4	  4	  0	  0	  0	  0	  0	  0	  0	  0	  0	  0	  0	  0	  0	  0	  0	  0	  0	  0	  0	  0	  0	  0	  0	  0	 79	 53	 28	 84	  0	 22	  0	  0	  0	  0	  0	  0	  0	  0	  0	  0	  0	  5	21812	  0
15/04/2016	13:52:22	->	L	00000000	210	 88	 53	 20	  0	552	  0	  4	  4	  4	  4	  4	  4	  4	  4	  0	  0	  0	  0	  0	  0	  0	  0	  0	  0	  0	  0	  0	  0	  0	  0	  0	  0	  0	  0	  0	  0	  0	  0	 80	 53	 26	 88	  0	 20	  0	  0	  0	  0	  0	  0	  0	  0	  0	  0	  0	  5	21812	  0
15/04/2016	13:57:22	->	L	00000000	210	 91	 53	 17	  0	557	  0	  4	  4	  4	  4	  4	  4	  4	  4	  0	  0	  0	  0	  0	  0	  0	  0	  0	  0	  0	  0	  0	  0	  0	  0	  0	  0	  0	  0	  0	  0	  0	  0	 81	 53	 25	 91	  0	 18	  0	  0	  0	  0	  0	  0	  0	  0	  0	  0	  0	  5	21812	  0
15/04/2016	14:02:22	->	L	00000000	210	 88	 53	 19	  0	562	  0	  4	  4	  4	  4	  4	  4	  4	  4	  0	  0	  0	  0	  0	  0	  0	  0	  0	  0	  0	  0	  0	  0	  0	  0	  0	  0	  0	  0	  0	  0	  0	  0	 80	 53	 26	 88	  0	 20	  0	  0	  0	  0	  0	  0	  0	  0	  0	  0	  0	  5	21812	  0
15/04/2016	14:07:22	->	L	00000000	210	 86	 52	 20	  0	567	  0	  4	  4	  4	  4	  4	  4	  4	  4	  0	  0	  0	  0	  0	  0	  0	  0	  0	  0	  0	  0	  0	  0	  0	  0	  0	  0	  0	  0	  0	  0	  0	  0	 80	 52	 24	 86	  0	 20	  0	  0	  0	  0	  0	  0	  0	  0	  0	  0	  0	  5	21812	  0
15/04/2016	14:12:22	->	L	00000000	210	 84	 52	 21	  0	572	  0	  4	  4	  4	  4	  4	  4	  4	  4	  0	  0	  0	  0	  0	  0	  0	  0	  0	  0	  0	  0	  0	  0	  0	  0	  0	  0	  0	  0	  0	  0	  0	  0	 80	 52	 24	 84	  0	 21	  0	  0	  0	  0	  0	  0	  0	  0	  0	  0	  0	  5	21812	  0
15/04/2016	14:17:22	->	L	00000000	210	 84	 53	 22	  0	577	  0	  4	  4	  4	  4	  4	  4	  4	  4	  0	  0	  0	  0	  0	  0	  0	  0	  0	  0	  0	  0	  0	  0	  0	  0	  0	  0	  0	  0	  0	  0	  0	  0	 79	 53	 28	 84	  0	 22	  0	  0	  0	  0	  0	  0	  0	  0	  0	  0	  0	  5	21812	  0
15/04/2016	14:22:22	->	L	00000000	210	 86	 53	 22	  0	582	  0	  4	  4	  4	  4	  4	  4	  4	  4	  0	  0	  0	  0	  0	  0	  0	  0	  0	  0	  0	  0	  0	  0	  0	  0	  0	  0	  0	  0	  0	  0	  0	  0	 79	 53	 28	 86	  0	 21	  0	  0	  0	  0	  0	  0	  0	  0	  0	  0	  0	  5	21812	  0
15/04/2016	14:27:22	->	L	00000000	210	 93	 53	 17	  0	587	  0	  4	  4	  4	  4	  4	  4	  4	  4	  0	  0	  0	  0	  0	  0	  0	  0	  0	  0	  0	  0	  0	  0	  0	  0	  0	  0	  0	  0	  0	  0	  0	  0	 81	 53	 25	 93	  0	 17	  0	  0	  0	  0	  0	  0	  0	  0	  0	  0	  0	  5	21812	  0
15/04/2016	14:32:22	->	L	00000000	210	 87	 52	 20	  0	592	  0	  4	  4	  4	  4	  4	  4	  4	  4	  0	  0	  0	  0	  0	  0	  0	  0	  0	  0	  0	  0	  0	  0	  0	  0	  0	  0	  0	  0	  0	  0	  0	  0	 80	 52	 24	 87	  0	 19	  0	  0	  0	  0	  0	  0	  0	  0	  0	  0	  0	  5	21812	  0
15/04/2016	14:37:22	->	L	00000000	210	 85	 52	 20	  0	597	  0	  4	  4	  4	  4	  4	  4	  4	  4	  0	  0	  0	  0	  0	  0	  0	  0	  0	  0	  0	  0	  0	  0	  0	  0	  0	  0	  0	  0	  0	  0	  0	  0	 80	 52	 24	 85	  0	 21	  0	  0	  0	  0	  0	  0	  0	  0	  0	  0	  0	  5	21812	  0
15/04/2016	14:42:22	->	L	00000000	210	 84	 52	 21	  0	602	  0	  4	  4	  4	  4	  4	  4	  4	  4	  0	  0	  0	  0	  0	  0	  0	  0	  0	  0	  0	  0	  0	  0	  0	  0	  0	  0	  0	  0	  0	  0	  0	  0	 79	 52	 25	 84	  0	 21	  0	  0	  0	  0	  0	  0	  0	  0	  0	  0	  0	  5	21812	  0
15/04/2016	14:47:22	->	L	00000000	210	 89	 53	 20	  0	607	  0	  4	  4	  4	  4	  4	  4	  4	  4	  0	  0	  0	  0	  0	  0	  0	  0	  0	  0	  0	  0	  0	  0	  0	  0	  0	  0	  0	  0	  0	  0	  0	  0	 80	 53	 26	 89	  0	 19	  0	  0	  0	  0	  0	  0	  0	  0	  0	  0	  0	  5	21812	  0
15/04/2016	14:52:22	->	L	00000000	210	 91	 53	 18	  0	612	  0	  4	  4	  4	  4	  4	  4	  4	  4	  0	  0	  0	  0	  0	  0	  0	  0	  0	  0	  0	  0	  0	  0	  0	  0	  0	  0	  0	  0	  0	  0	  0	  0	 80	 53	 26	 91	  0	 18	  0	  0	  0	  0	  0	  0	  0	  0	  0	  0	  0	  5	21812	  0
15/04/2016	14:57:22	->	L	00000000	210	 86	 52	 19	  0	617	  0	  4	  4	  4	  4	  4	  4	  4	  4	  0	  0	  0	  0	  0	  0	  0	  0	  0	  0	  0	  0	  0	  0	  0	  0	  0	  0	  0	  0	  0	  0	  0	  0	 80	 52	 24	 86	  0	 20	  0	  0	  0	  0	  0	  0	  0	  0	  0	  0	  0	  5	21812	  0
15/04/2016	15:02:22	->	L	00000000	210	 84	 52	 21	  0	622	  0	  4	  4	  4	  4	  4	  4	  4	  4	  0	  0	  0	  0	  0	  0	  0	  0	  0	  0	  0	  0	  0	  0	  0	  0	  0	  0	  0	  0	  0	  0	  0	  0	 80	 52	 24	 84	  0	 21	  0	  0	  0	  0	  0	  0	  0	  0	  0	  0	  0	  5	21812	  0
15/04/2016	15:07:22	->	L	00000000	210	 86	 52	 21	  0	627	  0	  4	  4	  4	  4	  4	  4	  4	  4	  0	  0	  0	  0	  0	  0	  0	  0	  0	  0	  0	  0	  0	  0	  0	  0	  0	  0	  0	  0	  0	  0	  0	  0	 79	 52	 25	 86	  0	 20	  0	  0	  0	  0	  0	  0	  0	  0	  0	  0	  0	  5	21812	  0
15/04/2016	15:12:22	->	L	00000000	210	 91	 53	 18	  0	632	  0	  4	  4	  4	  4	  4	  4	  4	  4	  0	  0	  0	  0	  0	  0	  0	  0	  0	  0	  0	  0	  0	  0	  0	  0	  0	  0	  0	  0	  0	  0	  0	  0	 81	 53	 25	 91	  0	 18	  0	  0	  0	  0	  0	  0	  0	  0	  0	  0	  0	  5	21812	  0
15/04/2016	15:17:22	->	L	00000000	210	 86	 52	 20	  0	637	  0	  4	  4	  4	  4	  4	  4	  4	  4	  0	  0	  0	  0	  0	  0	  0	  0	  0	  0	  0	  0	  0	  0	  0	  0	  0	  0	  0	  0	  0	  0	  0	  0	 80	 52	 24	 86	  0	 20	  0	  0	  0	  0	  0	  0	  0	  0	  0	  0	  0	  5	21812	  0
15/04/2016	15:22:22	->	L	00000000	210	 85	 52	 21	  0	642	  0	  4	  4	  4	  4	  4	  4	  4	  4	  0	  0	  0	  0	  0	  0	  0	  0	  0	  0	  0	  0	  0	  0	  0	  0	  0	  0	  0	  0	  0	  0	  0	  0	 80	 52	 24	 85	  0	 21	  0	  0	  0	  0	  0	  0	  0	  0	  0	  0	  0	  5	21812	  0
15/04/2016	15:27:22	->	L	00000000	210	 86	 52	 21	  0	647	  0	  4	  4	  4	  4	  4	  4	  4	  4	  0	  0	  0	  0	  0	  0	  0	  0	  0	  0	  0	  0	  0	  0	  0	  0	  0	  0	  0	  0	  0	  0	  0	  0	 79	 52	 25	 86	  0	 20	  0	  0	  0	  0	  0	  0	  0	  0	  0	  0	  0	  5	21812	  0
15/04/2016	15:32:22	->	L	00000000	210	 90	 53	 18	  0	652	  0	  4	  4	  4	  4	  4	  4	  4	  4	  0	  0	  0	  0	  0	  0	  0	  0	  0	  0	  0	  0	  0	  0	  0	  0	  0	  0	  0	  0	  0	  0	  0	  0	 80	 53	 26	 90	  0	 19	  0	  0	  0	  0	  0	  0	  0	  0	  0	  0	  0	  5	21812	  0
15/04/2016	15:37:22	->	L	00000000	210	 85	 52	 20	  0	657	  0	  4	  4	  4	  4	  4	  4	  4	  4	  0	  0	  0	  0	  0	  0	  0	  0	  0	  0	  0	  0	  0	  0	  0	  0	  0	  0	  0	  0	  0	  0	  0	  0	 79	 52	 25	 85	  0	 21	  0	  0	  0	  0	  0	  0	  0	  0	  0	  0	  0	  5	21812	  0
15/04/2016	15:42:22	->	L	00000000	210	 79	 52	 25	  0	662	  0	  4	  4	  4	  4	  4	  4	  4	  4	  0	  0	  0	  0	  0	  0	  0	  0	  0	  0	  0	  0	  0	  0	  0	  0	  0	  0	  0	  0	  0	  0	  0	  0	 77	 52	 26	 79	  0	 25	  0	  0	  0	  0	  0	  0	  0	  0	  0	  0	  0	  5	21812	  0
15/04/2016	15:47:22	  	L	00000000	210	 84	 52	 21	  0	667	  0	  4	  4	  4	  4	  4	  4	  4	  4	  0	  0	  0	  0	  0	  0	  0	  0	  0	  0	  0	  0	  0	  0	  0	  0	  0	  0	  0	  0	  0	  0	  0	  0	 78	 52	 27	 84	  0	 21	  0	  0	  0	  0	  0	  0	  0	  0	  0	  0	  0	  5	21812	  0
15/04/2016	15:52:22	<-	L	00000000	210	 87	 52	 19	  0	672	  0	  4	  4	  4	  4	  4	  4	  4	  4	  0	  0	  0	  0	  0	  0	  0	  0	  0	  0	  0	  0	  0	  0	  0	  0	  0	  0	  0	  0	  0	  0	  0	  0	 87	 52	 19	 81	  0	 23	  0	  0	  0	  0	  0	  0	  0	  0	  0	  0	  0	  5	21812	  0
15/04/2016	15:57:22	<-	L	00000000	210	 85	 52	 21	  0	677	  0	  4	  4	  4	  4	  4	  4	  4	  4	  0	  0	  0	  0	  0	  0	  0	  0	  0	  0	  0	  0	  0	  0	  0	  0	  0	  0	  0	  0	  0	  0	  0	  0	 85	 52	 21	 80	  0	 24	  0	  0	  0	  0	  0	  0	  0	  0	  0	  0	  0	  5	21812	  0
15/04/2016	16:02:22	<-	L	00000000	210	 84	 52	 21	  0	682	  0	  4	  4	  4	  4	  4	  4	  4	  4	  0	  0	  0	  0	  0	  0	  0	  0	  0	  0	  0	  0	  0	  0	  0	  0	  0	  0	  0	  0	  0	  0	  0	  0	 84	 52	 21	 81	  0	 23	  0	  0	  0	  0	  0	  0	  0	  0	  0	  0	  0	  5	21812	  0
15/04/2016	16:07:22	<-	L	00000000	210	 86	 52	 21	  0	687	  0	  4	  4	  4	  4	  4	  4	  4	  4	  0	  0	  0	  0	  0	  0	  0	  0	  0	  0	  0	  0	  0	  0	  0	  0	  0	  0	  0	  0	  0	  0	  0	  0	 86	 52	 20	 81	  0	 23	  0	  0	  0	  0	  0	  0	  0	  0	  0	  0	  0	  5	21812	  0
15/04/2016	16:12:22	<-	L	00000000	210	 90	 53	 19	  0	692	  0	  4	  4	  4	  4	  4	  4	  4	  4	  0	  0	  0	  0	  0	  0	  0	  0	  0	  0	  0	  0	  0	  0	  0	  0	  0	  0	  0	  0	  0	  0	  0	  0	 90	 53	 19	 82	  0	 24	  0	  0	  0	  0	  0	  0	  0	  0	  0	  0	  0	  5	21812	  0
15/04/2016	16:17:22	<-	L	00000000	210	 86	 52	 19	  0	697	  0	  4	  4	  4	  4	  4	  4	  4	  4	  0	  0	  0	  0	  0	  0	  0	  0	  0	  0	  0	  0	  0	  0	  0	  0	  0	  0	  0	  0	  0	  0	  0	  0	 86	 52	 20	 80	  0	 24	  0	  0	  0	  0	  0	  0	  0	  0	  0	  0	  0	  5	21812	  0
15/04/2016	16:22:22	<-	L	00000000	210	 86	 52	 20	  0	702	  0	  4	  4	  4	  4	  4	  4	  4	  4	  0	  0	  0	  0	  0	  0	  0	  0	  0	  0	  0	  0	  0	  0	  0	  0	  0	  0	  0	  0	  0	  0	  0	  0	 86	 52	 20	 81	  0	 23	  0	  0	  0	  0	  0	  0	  0	  0	  0	  0	  0	  5	21812	  0
15/04/2016	16:27:22	<-	L	00000000	210	 84	 51	 21	  0	707	  0	  4	  4	  4	  4	  4	  4	  4	  4	  0	  0	  0	  0	  0	  0	  0	  0	  0	  0	  0	  0	  0	  0	  0	  0	  0	  0	  0	  0	  0	  0	  0	  0	 84	 51	 20	 80	  0	 23	  0	  0	  0	  0	  0	  0	  0	  0	  0	  0	  0	  5	21812	  0
15/04/2016	16:32:22	<-	L	00000000	210	 85	 52	 21	  0	712	  0	  4	  4	  4	  4	  4	  4	  4	  4	  0	  0	  0	  0	  0	  0	  0	  0	  0	  0	  0	  0	  0	  0	  0	  0	  0	  0	  0	  0	  0	  0	  0	  0	 85	 52	 21	 81	  0	 23	  0	  0	  0	  0	  0	  0	  0	  0	  0	  0	  0	  5	21812	  0
15/04/2016	16:37:22	<-	L	00000000	210	 88	 52	 20	  0	717	  0	  4	  4	  4	  4	  4	  4	  4	  4	  0	  0	  0	  0	  0	  0	  0	  0	  0	  0	  0	  0	  0	  0	  0	  0	  0	  0	  0	  0	  0	  0	  0	  0	 88	 52	 19	 82	  0	 23	  0	  0	  0	  0	  0	  0	  0	  0	  0	  0	  0	  5	21812	  0
15/04/2016	16:42:22	<-	L	00000000	210	 92	 53	 18	  0	722	  0	  4	  4	  4	  4	  4	  4	  4	  4	  0	  0	  0	  0	  0	  0	  0	  0	  0	  0	  0	  0	  0	  0	  0	  0	  0	  0	  0	  0	  0	  0	  0	  0	 92	 53	 17	 83	  0	 23	  0	  0	  0	  0	  0	  0	  0	  0	  0	  0	  0	  5	21812	  0
15/04/2016	16:47:22	<-	L	00000000	210	 92	 53	 17	  0	727	  0	  4	  4	  4	  4	  4	  4	  4	  4	  0	  0	  0	  0	  0	  0	  0	  0	  0	  0	  0	  0	  0	  0	  0	  0	  0	  0	  0	  0	  0	  0	  0	  0	 92	 53	 17	 84	  0	 22	  0	  0	  0	  0	  0	  0	  0	  0	  0	  0	  0	  5	21812	  0
15/04/2016	16:52:22	<-	L	00000000	210	 92	 53	 17	  0	732	  0	  4	  4	  4	  4	  4	  4	  4	  4	  0	  0	  0	  0	  0	  0	  0	  0	  0	  0	  0	  0	  0	  0	  0	  0	  0	  0	  0	  0	  0	  0	  0	  0	 92	 53	 17	 83	  0	 23	  0	  0	  0	  0	  0	  0	  0	  0	  0	  0	  0	  5	21812	  0
15/04/2016	16:57:22	<-	L	00000000	210	 90	 52	 19	  0	737	  0	  4	  4	  4	  4	  4	  4	  4	  4	  0	  0	  0	  0	  0	  0	  0	  0	  0	  0	  0	  0	  0	  0	  0	  0	  0	  0	  0	  0	  0	  0	  0	  0	 90	 52	 18	 82	  0	 23	  0	  0	  0	  0	  0	  0	  0	  0	  0	  0	  0	  5	21812	  0
15/04/2016	17:02:22	<-	L	00000000	210	 88	 52	 18	  0	742	  0	  4	  4	  4	  4	  4	  4	  4	  4	  0	  0	  0	  0	  0	  0	  0	  0	  0	  0	  0	  0	  0	  0	  0	  0	  0	  0	  0	  0	  0	  0	  0	  0	 88	 52	 19	 81	  0	 23	  0	  0	  0	  0	  0	  0	  0	  0	  0	  0	  0	  5	21812	  0
15/04/2016	17:07:22	<-	L	00000000	210	 87	 52	 19	  0	747	  0	  4	  4	  4	  4	  4	  4	  4	  4	  0	  0	  0	  0	  0	  0	  0	  0	  0	  0	  0	  0	  0	  0	  0	  0	  0	  0	  0	  0	  0	  0	  0	  0	 87	 52	 19	 81	  0	 23	  0	  0	  0	  0	  0	  0	  0	  0	  0	  0	  0	  5	21812	  0
15/04/2016	17:12:22	<-	L	00000000	210	 86	 52	 19	  0	752	  0	  4	  4	  4	  4	  4	  4	  4	  4	  0	  0	  0	  0	  0	  0	  0	  0	  0	  0	  0	  0	  0	  0	  0	  0	  0	  0	  0	  0	  0	  0	  0	  0	 86	 52	 20	 81	  0	 23	  0	  0	  0	  0	  0	  0	  0	  0	  0	  0	  0	  5	21812	  0
15/04/2016	17:17:22	<-	L	00000000	210	 85	 52	 21	  0	757	  0	  4	  4	  4	  4	  4	  4	  4	  4	  0	  0	  0	  0	  0	  0	  0	  0	  0	  0	  0	  0	  0	  0	  0	  0	  0	  0	  0	  0	  0	  0	  0	  0	 85	 52	 21	 81	  0	 23	  0	  0	  0	  0	  0	  0	  0	  0	  0	  0	  0	  5	21812	  0
15/04/2016	17:22:22	<-	L	00000000	210	 85	 52	 21	  0	762	  0	  4	  4	  4	  4	  4	  4	  4	  4	  0	  0	  0	  0	  0	  0	  0	  0	  0	  0	  0	  0	  0	  0	  0	  0	  0	  0	  0	  0	  0	  0	  0	  0	 85	 52	 21	 82	  0	 23	  0	  0	  0	  0	  0	  0	  0	  0	  0	  0	  0	  5	21812	  0
15/04/2016	17:27:22	<-	L	00000000	210	 84	 52	 21	  0	767	  0	  4	  4	  4	  4	  4	  4	  4	  4	  0	  0	  0	  0	  0	  0	  0	  0	  0	  0	  0	  0	  0	  0	  0	  0	  0	  0	  0	  0	  0	  0	  0	  0	 84	 52	 21	 81	  0	 23	  0	  0	  0	  0	  0	  0	  0	  0	  0	  0	  0	  5	21812	  0
15/04/2016	17:32:22	<-	L	00000000	210	 84	 52	 21	  0	772	  0	  4	  4	  4	  4	  4	  4	  4	  4	  0	  0	  0	  0	  0	  0	  0	  0	  0	  0	  0	  0	  0	  0	  0	  0	  0	  0	  0	  0	  0	  0	  0	  0	 84	 52	 21	 81	  0	 23	  0	  0	  0	  0	  0	  0	  0	  0	  0	  0	  0	  5	21812	  0
15/04/2016	17:37:22	<-	L	00000000	210	 85	 52	 21	  0	777	  0	  4	  4	  4	  4	  4	  4	  4	  4	  0	  0	  0	  0	  0	  0	  0	  0	  0	  0	  0	  0	  0	  0	  0	  0	  0	  0	  0	  0	  0	  0	  0	  0	 85	 52	 21	 81	  0	 23	  0	  0	  0	  0	  0	  0	  0	  0	  0	  0	  0	  5	21812	  0
15/04/2016	17:42:22	<-	L	00000000	210	 86	 52	 21	  0	782	  0	  4	  4	  4	  4	  4	  4	  4	  4	  0	  0	  0	  0	  0	  0	  0	  0	  0	  0	  0	  0	  0	  0	  0	  0	  0	  0	  0	  0	  0	  0	  0	  0	 86	 52	 20	 82	  0	 23	  0	  0	  0	  0	  0	  0	  0	  0	  0	  0	  0	  5	21812	  0
15/04/2016	17:47:22	<-	L	00000000	210	 91	 53	 19	  0	787	  0	  4	  4	  4	  4	  4	  4	  4	  4	  0	  0	  0	  0	  0	  0	  0	  0	  0	  0	  0	  0	  0	  0	  0	  0	  0	  0	  0	  0	  0	  0	  0	  0	 91	 53	 18	 83	  0	 23	  0	  0	  0	  0	  0	  0	  0	  0	  0	  0	  0	  5	21812	  0
15/04/2016	19:02:22	<-	L	00000000	210	 64	 40	 22	  0	794	  0	  4	  4	  4	  4	  4	  4	  4	  4	  0	  0	  0	  0	  0	  0	  0	  0	  0	  0	  0	  0	  0	  0	  0	  0	  0	  0	  0	  0	  0	  0	  0	  0	 64	 40	 23	 63	  0	 22	  0	  0	  0	  0	  0	  0	  0	  0	  0	  0	  0	  5	21812	  0
15/04/2016	19:07:23	<-	L	00000000	210	 83	 46	 16	  0	799	  0	  4	  4	  4	  4	  4	  4	  4	  4	  0	  0	  0	  0	  0	  0	  0	  0	  0	  0	  0	  0	  0	  0	  0	  0	  0	  0	  0	  0	  0	  0	  0	  0	 83	 46	 16	 77	  0	 19	  0	  0	  0	  0	  0	  0	  0	  0	  0	  0	  0	  5	21812	  0
15/04/2016	19:12:23	<-	L	00000000	210	 89	 48	 15	  0	804	  0	  4	  4	  4	  4	  4	  4	  4	  4	  0	  0	  0	  0	  0	  0	  0	  0	  0	  0	  0	  0	  0	  0	  0	  0	  0	  0	  0	  0	  0	  0	  0	  0	 89	 48	 14	 80	  0	 20	  0	  0	  0	  0	  0	  0	  0	  0	  0	  0	  0	  5	21812	  0
15/04/2016	19:17:23	<-	L	00000000	210	 85	 48	 16	  0	809	  0	  4	  4	  4	  4	  4	  4	  4	  4	  0	  0	  0	  0	  0	  0	  0	  0	  0	  0	  0	  0	  0	  0	  0	  0	  0	  0	  0	  0	  0	  0	  0	  0	 85	 48	 17	 80	  0	 20	  0	  0	  0	  0	  0	  0	  0	  0	  0	  0	  0	  5	21812	  0
15/04/2016	19:22:23	<-	L	00000000	210	 83	 48	 18	  0	814	  0	  4	  4	  4	  4	  4	  4	  4	  4	  0	  0	  0	  0	  0	  0	  0	  0	  0	  0	  0	  0	  0	  0	  0	  0	  0	  0	  0	  0	  0	  0	  0	  0	 83	 48	 18	 79	  0	 20	  0	  0	  0	  0	  0	  0	  0	  0	  0	  0	  0	  5	21812	  0
15/04/2016	19:27:23	<-	L	00000000	210	 88	 49	 16	  0	819	  0	  4	  4	  4	  4	  4	  4	  4	  4	  0	  0	  0	  0	  0	  0	  0	  0	  0	  0	  0	  0	  0	  0	  0	  0	  0	  0	  0	  0	  0	  0	  0	  0	 88	 49	 16	 81	  0	 20	  0	  0	  0	  0	  0	  0	  0	  0	  0	  0	  0	  5	21812	  0
15/04/2016	19:32:23	<-	L	00000000	210	 85	 49	 17	  0	824	  0	  4	  4	  4	  4	  4	  4	  4	  4	  0	  0	  0	  0	  0	  0	  0	  0	  0	  0	  0	  0	  0	  0	  0	  0	  0	  0	  0	  0	  0	  0	  0	  0	 85	 49	 18	 80	  0	 21	  0	  0	  0	  0	  0	  0	  0	  0	  0	  0	  0	  5	21812	  0
15/04/2016	19:37:23	<-	L	00000000	210	 84	 49	 18	  0	829	  0	  4	  4	  4	  4	  4	  4	  4	  4	  0	  0	  0	  0	  0	  0	  0	  0	  0	  0	  0	  0	  0	  0	  0	  0	  0	  0	  0	  0	  0	  0	  0	  0	 84	 49	 18	 80	  0	 21	  0	  0	  0	  0	  0	  0	  0	  0	  0	  0	  0	  5	21812	  0
15/04/2016	19:42:23	<-	L	00000000	210	 88	 50	 17	  0	834	  0	  4	  4	  4	  4	  4	  4	  4	  4	  0	  0	  0	  0	  0	  0	  0	  0	  0	  0	  0	  0	  0	  0	  0	  0	  0	  0	  0	  0	  0	  0	  0	  0	 88	 50	 17	 81	  0	 21	  0	  0	  0	  0	  0	  0	  0	  0	  0	  0	  0	  5	21812	  0
15/04/2016	19:47:23	<-	L	00000000	210	 84	 50	 19	  0	839	  0	  4	  4	  4	  4	  4	  4	  4	  4	  0	  0	  0	  0	  0	  0	  0	  0	  0	  0	  0	  0	  0	  0	  0	  0	  0	  0	  0	  0	  0	  0	  0	  0	 84	 50	 19	 80	  0	 22	  0	  0	  0	  0	  0	  0	  0	  0	  0	  0	  0	  5	21812	  0
15/04/2016	22:27:22	  	L	00000000	210	 61	 44	 36	  0	840	  0	  4	  4	  4	  4	  4	  4	  4	  4	  0	  0	  0	  0	  0	  0	  0	  0	  0	  0	  0	  0	  0	  0	  0	  0	  0	  0	  0	  0	  0	  0	  0	  0	 61	 44	 36	 59	  0	 42	  0	  0	  0	  0	  0	  0	  0	  0	  0	  0	  0	  5	21812	  0
15/04/2016	22:32:22	->	L	00000000	 30	 67	 44	 26	  0	  4	  0	  4	  4	  4	  4	  4	  4	  4	  4	  0	  0	  0	  0	  0	  0	  0	  0	  0	  0	  0	  0	  0	  0	  0	  0	  0	  0	  0	  0	  0	  0	  0	  0	 66	 44	 26	 67	  0	 24	  0	  0	  0	  0	  0	  0	  0	  0	  0	  0	  0	  5	20545	  1
15/04/2016	22:37:22	->	L	00000000	 30	 79	 47	 19	  0	  9	  0	  4	  4	  4	  4	  4	  4	  4	  4	  0	  0	  0	  0	  0	  0	  0	  0	  0	  0	  0	  0	  0	  0	  0	  0	  0	  0	  0	  0	  0	  0	  0	  0	 74	 47	 23	 79	  0	 19	  0	  0	  0	  0	  0	  0	  0	  0	  0	  0	  0	  5	20545	  1
15/04/2016	22:42:22	->	L	00000000	 30	 81	 49	 21	  0	 14	  0	  4	  4	  4	  4	  4	  4	  4	  4	  0	  0	  0	  0	  0	  0	  0	  0	  0	  0	  0	  0	  0	  0	  0	  0	  0	  0	  0	  0	  0	  0	  0	  0	 75	 49	 26	 81	  0	 20	  0	  0	  0	  0	  0	  0	  0	  0	  0	  0	  0	  5	20545	  1
15/04/2016	22:47:22	->	L	00000000	 30	 84	 52	 22	  0	 19	  0	  4	  4	  4	  4	  4	  4	  4	  4	  0	  0	  0	  0	  0	  0	  0	  0	  0	  0	  0	  0	  0	  0	  0	  0	  0	  0	  0	  0	  0	  0	  0	  0	 76	 52	 28	 84	  0	 21	  0	  0	  0	  0	  0	  0	  0	  0	  0	  0	  0	  5	20545	  1
15/04/2016	22:52:22	->	L	00000000	 30	 83	 54	 26	  0	 24	  0	  4	  4	  4	  4	  4	  4	  4	  4	  0	  0	  0	  0	  0	  0	  0	  0	  0	  0	  0	  0	  0	  0	  0	  0	  0	  0	  0	  0	  0	  0	  0	  0	 76	 54	 31	 83	  0	 24	  0	  0	  0	  0	  0	  0	  0	  0	  0	  0	  0	  5	20545	  1
15/04/2016	22:57:22	->	L	00000000	 30	 81	 55	 28	  0	 29	  0	  4	  4	  4	  4	  4	  4	  4	  4	  0	  0	  0	  0	  0	  0	  0	  0	  0	  0	  0	  0	  0	  0	  0	  0	  0	  0	  0	  0	  0	  0	  0	  0	 76	 55	 32	 81	  0	 28	  0	  0	  0	  0	  0	  0	  0	  0	  0	  0	  0	  5	20545	  1
15/04/2016	23:52:22	->	L	00000000	 30	 76	 48	 25	  0	 38	  0	  4	  4	  4	  4	  4	  4	  4	  4	  0	  0	  0	  0	  0	  0	  0	  0	  0	  0	  0	  0	  0	  0	  0	  0	  0	  0	  0	  0	  0	  0	  0	  0	 70	 48	 28	 76	  0	 22	  0	  0	  0	  0	  0	  0	  0	  0	  0	  0	  0	  5	20545	  1
15/04/2016	23:57:22	->	L	00000000	 30	 79	 51	 23	  0	 43	  0	  4	  4	  4	  4	  4	  4	  4	  4	  0	  0	  0	  0	  0	  0	  0	  0	  0	  0	  0	  0	  0	  0	  0	  0	  0	  0	  0	  0	  0	  0	  0	  0	 75	 51	 28	 79	  0	 24	  0	  0	  0	  0	  0	  0	  0	  0	  0	  0	  0	  5	20545	  1
16/04/2016	00:02:22	->	L	00000000	 30	 80	 54	 26	  0	 48	  0	  4	  4	  4	  4	  4	  4	  4	  4	  0	  0	  0	  0	  0	  0	  0	  0	  0	  0	  0	  0	  0	  0	  0	  0	  0	  0	  0	  0	  0	  0	  0	  0	 77	 54	 29	 80	  0	 28	  0	  0	  0	  0	  0	  0	  0	  0	  0	  0	  0	  5	20545	  1
16/04/2016	00:07:22	->	L	00000000	 30	 82	 56	 27	  0	 53	  0	  4	  4	  4	  4	  4	  4	  4	  4	  0	  0	  0	  0	  0	  0	  0	  0	  0	  0	  0	  0	  0	  0	  0	  0	  0	  0	  0	  0	  0	  0	  0	  0	 78	 56	 32	 82	  0	 29	  0	  0	  0	  0	  0	  0	  0	  0	  0	  0	  0	  5	20545	  1
16/04/2016	00:12:22	->	L	00000000	 30	 85	 57	 27	  0	 58	  0	  4	  4	  4	  4	  4	  4	  4	  4	  0	  0	  0	  0	  0	  0	  0	  0	  0	  0	  0	  0	  0	  0	  0	  0	  0	  0	  0	  0	  0	  0	  0	  0	 79	 57	 33	 85	  0	 27	  0	  0	  0	  0	  0	  0	  0	  0	  0	  0	  0	  5	20545	  1
16/04/2016	00:17:22	->	L	00000000	 50	 87	 55	 22	  0	  2	  0	  4	  4	  4	  4	  4	  4	  4	  4	  0	  0	  0	  0	  0	  0	  0	  0	  0	  0	  0	  0	  0	  0	  0	  0	  0	  0	  0	  0	  0	  0	  0	  0	 78	 55	 29	 87	  0	 22	  0	  0	  0	  0	  0	  0	  0	  0	  0	  0	  0	  5	20535	  0
16/04/2016	00:22:22	->	L	00000000	 50	 78	 53	 27	  0	  7	  0	  4	  4	  4	  4	  4	  4	  4	  4	  0	  0	  0	  0	  0	  0	  0	  0	  0	  0	  0	  0	  0	  0	  0	  0	  0	  0	  0	  0	  0	  0	  0	  0	 76	 53	 28	 78	  0	 27	  0	  0	  0	  0	  0	  0	  0	  0	  0	  0	  0	  5	20021	  0
16/04/2016	00:27:22	->	L	00000000	 50	 79	 51	 24	  0	 12	  0	  4	  4	  4	  4	  4	  4	  4	  4	  0	  0	  0	  0	  0	  0	  0	  0	  0	  0	  0	  0	  0	  0	  0	  0	  0	  0	  0	  0	  0	  0	  0	  0	 75	 51	 28	 79	  0	 24	  0	  0	  0	  0	  0	  0	  0	  0	  0	  0	  0	  5	19250	  0
16/04/2016	00:32:22	->	L	00000000	 50	 73	 49	 27	  0	 17	  0	  4	  4	  4	  4	  4	  4	  4	  4	  0	  0	  0	  0	  0	  0	  0	  0	  0	  0	  0	  0	  0	  0	  0	  0	  0	  0	  0	  0	  0	  0	  0	  0	 72	 49	 27	 73	  0	 27	  0	  0	  0	  0	  0	  0	  0	  0	  0	  0	  0	  5	18736	  0
16/04/2016	00:37:22	->	L	00000000	 50	 71	 47	 26	  0	 22	  0	  4	  4	  4	  4	  4	  4	  4	  4	  0	  0	  0	  0	  0	  0	  0	  0	  0	  0	  0	  0	  0	  0	  0	  0	  0	  0	  0	  0	  0	  0	  0	  0	 70	 47	 26	 71	  0	 26	  0	  0	  0	  0	  0	  0	  0	  0	  0	  0	  0	  5	17965	  0
16/04/2016	00:42:22	->	L	00000000	 50	 69	 45	 25	  0	 27	  0	  4	  4	  4	  4	  4	  4	  4	  4	  0	  0	  0	  0	  0	  0	  0	  0	  0	  0	  0	  0	  0	  0	  0	  0	  0	  0	  0	  0	  0	  0	  0	  0	 69	 45	 25	 69	  0	 25	  0	  0	  0	  0	  0	  0	  0	  0	  0	  0	  0	  5	17451	  0
16/04/2016	00:47:22	->	L	00000000	 50	 68	 44	 25	  0	 32	  0	  4	  4	  4	  4	  4	  4	  4	  4	  0	  0	  0	  0	  0	  0	  0	  0	  0	  0	  0	  0	  0	  0	  0	  0	  0	  0	  0	  0	  0	  0	  0	  0	 68	 44	 25	 68	  0	 25	  0	  0	  0	  0	  0	  0	  0	  0	  0	  0	  0	  5	16680	  0
16/04/2016	00:52:22	->	L	00000000	 50	 67	 43	 24	  0	 37	  0	  4	  4	  4	  4	  4	  4	  4	  4	  0	  0	  0	  0	  0	  0	  0	  0	  0	  0	  0	  0	  0	  0	  0	  0	  0	  0	  0	  0	  0	  0	  0	  0	 67	 43	 24	 67	  0	 24	  0	  0	  0	  0	  0	  0	  0	  0	  0	  0	  0	  5	15909	  0
16/04/2016	00:57:22	->	L	00000000	 50	 66	 43	 24	  0	 42	  0	  4	  4	  4	  4	  4	  4	  4	  4	  0	  0	  0	  0	  0	  0	  0	  0	  0	  0	  0	  0	  0	  0	  0	  0	  0	  0	  0	  0	  0	  0	  0	  0	 66	 43	 24	 66	  0	 24	  0	  0	  0	  0	  0	  0	  0	  0	  0	  0	  0	  5	15395	  0
16/04/2016	01:02:22	->	L	00000000	 50	 65	 42	 23	  0	 47	  0	  4	  4	  4	  4	  4	  4	  4	  4	  0	  0	  0	  0	  0	  0	  0	  0	  0	  0	  0	  0	  0	  0	  0	  0	  0	  0	  0	  0	  0	  0	  0	  0	 65	 42	 23	 65	  0	 23	  0	  0	  0	  0	  0	  0	  0	  0	  0	  0	  0	  5	14624	  0
16/04/2016	01:07:22	->	L	00000000	 50	 64	 41	 23	  0	 52	  0	  4	  4	  4	  4	  4	  4	  4	  4	  0	  0	  0	  0	  0	  0	  0	  0	  0	  0	  0	  0	  0	  0	  0	  0	  0	  0	  0	  0	  0	  0	  0	  0	 64	 41	 23	 64	  0	 23	  0	  0	  0	  0	  0	  0	  0	  0	  0	  0	  0	  5	14110	  0
16/04/2016	01:12:22	->	L	00000000	 50	 63	 41	 25	  0	 57	  0	  4	  4	  4	  4	  4	  4	  4	  4	  0	  0	  0	  0	  0	  0	  0	  0	  0	  0	  0	  0	  0	  0	  0	  0	  0	  0	  0	  0	  0	  0	  0	  0	 63	 41	 25	 63	  0	 25	  0	  0	  0	  0	  0	  0	  0	  0	  0	  0	  0	  5	13339	  0
16/04/2016	15:12:22	  	L	00000000	 10	 21	 17	 76	  0	  0	  0	  5	  5	  5	  5	  5	  5	  5	  5	  0	  0	  0	  0	  0	  0	  0	  0	  0	  0	  0	  0	  0	  0	  0	  0	  0	  0	  0	  0	  0	  0	  0	  0	 21	 17	 76	 21	  0	 76	  0	  0	  0	  0	  0	  0	  0	  0	  0	  0	  0	  5	5140	  1
