03-01-2016	05:43:33	  	L	00000000	 23	 32	 28	 77	  0	 41	  0	  4	  4	  4	  4	  4	  4	  4	  4	  0	  0	  0	  0	  0	  0	  0	  0	  0	  0	  0	  0	  0	  0	  0	  0	  0	  0	  0	  0	  0	  0	  0	  0	 31	 28	 83	 32	  0	 77	  0	  0	  0	  0	  0	  0	  0	  0	  0	  0	  0	  5	21822	  0
03-01-2016	05:48:33	<-	L	00000000	 23	 69	 37	 15	  0	 46	  0	  4	  4	  4	  4	  4	  4	  4	  4	  0	  0	  0	  0	  0	  0	  0	  0	  0	  0	  0	  0	  0	  0	  0	  0	  0	  0	  0	  0	  0	  0	  0	  0	 69	 37	 14	 46	  0	 57	  0	  0	  0	  0	  0	  0	  0	  0	  0	  0	  0	  5	21822	  0
03-01-2016	05:53:34	<-	L	00000000	 23	 78	 42	 15	  0	 51	  0	  4	  4	  4	  4	  4	  4	  4	  4	  0	  0	  0	  0	  0	  0	  0	  0	  0	  0	  0	  0	  0	  0	  0	  0	  0	  0	  0	  0	  0	  0	  0	  0	 78	 42	 15	 53	  0	 52	  0	  0	  0	  0	  0	  0	  0	  0	  0	  0	  0	  5	21822	  0
03-01-2016	05:58:33	<-	L	00000000	 23	 81	 44	 15	  0	 56	  0	  4	  4	  4	  4	  4	  4	  4	  4	  0	  0	  0	  0	  0	  0	  0	  0	  0	  0	  0	  0	  0	  0	  0	  0	  0	  0	  0	  0	  0	  0	  0	  0	 81	 44	 15	 56	  0	 50	  0	  0	  0	  0	  0	  0	  0	  0	  0	  0	  0	  5	21822	  0
03-01-2016	06:03:33	<-	L	00000000	 23	 82	 45	 16	  0	 61	  0	  4	  4	  4	  4	  4	  4	  4	  4	  0	  0	  0	  0	  0	  0	  0	  0	  0	  0	  0	  0	  0	  0	  0	  0	  0	  0	  0	  0	  0	  0	  0	  0	 82	 45	 16	 58	  0	 46	  0	  0	  0	  0	  0	  0	  0	  0	  0	  0	  0	  5	21822	  0
03-01-2016	06:08:33	->	L	00000000	 23	 72	 42	 18	  0	 66	  0	  4	  4	  4	  4	  4	  4	  4	  4	  0	  0	  0	  0	  0	  0	  0	  0	  0	  0	  0	  0	  0	  0	  0	  0	  0	  0	  0	  0	  0	  0	  0	  0	 63	 42	 26	 72	  0	 18	  0	  0	  0	  0	  0	  0	  0	  0	  0	  0	  0	  5	21822	  0
03-01-2016	06:13:33	->	L	00000000	 23	 78	 42	 15	  0	 71	  0	  4	  4	  4	  4	  4	  4	  4	  4	  0	  0	  0	  0	  0	  0	  0	  0	  0	  0	  0	  0	  0	  0	  0	  0	  0	  0	  0	  0	  0	  0	  0	  0	 61	 42	 31	 78	  0	 15	  0	  0	  0	  0	  0	  0	  0	  0	  0	  0	  0	  5	21822	  0
03-01-2016	06:18:33	->	L	00000000	 23	 79	 42	 14	  0	 76	  0	  4	  4	  4	  4	  4	  4	  4	  4	  0	  0	  0	  0	  0	  0	  0	  0	  0	  0	  0	  0	  0	  0	  0	  0	  0	  0	  0	  0	  0	  0	  0	  0	 61	 42	 31	 79	  0	 14	  0	  0	  0	  0	  0	  0	  0	  0	  0	  0	  0	  5	21822	  0
03-01-2016	06:23:33	->	L	00000000	 23	 79	 43	 15	  0	 81	  0	  4	  4	  4	  4	  4	  4	  4	  4	  0	  0	  0	  0	  0	  0	  0	  0	  0	  0	  0	  0	  0	  0	  0	  0	  0	  0	  0	  0	  0	  0	  0	  0	 61	 43	 34	 79	  0	 15	  0	  0	  0	  0	  0	  0	  0	  0	  0	  0	  0	  5	21822	  0
03-01-2016	06:28:33	->	L	00000000	 23	 80	 43	 15	  0	 86	  0	  4	  4	  4	  4	  4	  4	  4	  4	  0	  0	  0	  0	  0	  0	  0	  0	  0	  0	  0	  0	  0	  0	  0	  0	  0	  0	  0	  0	  0	  0	  0	  0	 62	 43	 32	 80	  0	 15	  0	  0	  0	  0	  0	  0	  0	  0	  0	  0	  0	  5	21822	  0
03-01-2016	06:33:33	->	L	00000000	 23	 80	 44	 16	  0	 91	  0	  4	  4	  4	  4	  4	  4	  4	  4	  0	  0	  0	  0	  0	  0	  0	  0	  0	  0	  0	  0	  0	  0	  0	  0	  0	  0	  0	  0	  0	  0	  0	  0	 62	 44	 35	 80	  0	 16	  0	  0	  0	  0	  0	  0	  0	  0	  0	  0	  0	  5	20535	  0
03-01-2016	06:38:34	->	L	00000000	 23	 76	 44	 18	  0	 96	  0	  4	  4	  4	  4	  4	  4	  4	  4	  0	  0	  0	  0	  0	  0	  0	  0	  0	  0	  0	  0	  0	  0	  0	  0	  0	  0	  0	  0	  0	  0	  0	  0	 61	 44	 36	 76	  0	 18	  0	  0	  0	  0	  0	  0	  0	  0	  0	  0	  0	  5	20535	  0
03-01-2016	06:43:34	->	L	00000000	 23	 78	 45	 17	  0	101	  0	  4	  4	  4	  4	  4	  4	  4	  4	  0	  0	  0	  0	  0	  0	  0	  0	  0	  0	  0	  0	  0	  0	  0	  0	  0	  0	  0	  0	  0	  0	  0	  0	 62	 45	 36	 78	  0	 18	  0	  0	  0	  0	  0	  0	  0	  0	  0	  0	  0	  5	20535	  0
03-01-2016	06:48:34	->	L	00000000	 23	 77	 46	 19	  0	106	  0	  4	  4	  4	  4	  4	  4	  4	  4	  0	  0	  0	  0	  0	  0	  0	  0	  0	  0	  0	  0	  0	  0	  0	  0	  0	  0	  0	  0	  0	  0	  0	  0	 62	 46	 40	 77	  0	 19	  0	  0	  0	  0	  0	  0	  0	  0	  0	  0	  0	  5	20535	  0
03-01-2016	06:53:34	->	L	00000000	 23	 82	 47	 18	  0	111	  0	  4	  4	  4	  4	  4	  4	  4	  4	  0	  0	  0	  0	  0	  0	  0	  0	  0	  0	  0	  0	  0	  0	  0	  0	  0	  0	  0	  0	  0	  0	  0	  0	 65	 47	 36	 82	  0	 18	  0	  0	  0	  0	  0	  0	  0	  0	  0	  0	  0	  5	21820	  0
03-01-2016	06:58:34	->	L	00000000	 23	 83	 47	 17	  0	116	  0	  4	  4	  4	  4	  4	  4	  4	  4	  0	  0	  0	  0	  0	  0	  0	  0	  0	  0	  0	  0	  0	  0	  0	  0	  0	  0	  0	  0	  0	  0	  0	  0	 65	 47	 36	 83	  0	 17	  0	  0	  0	  0	  0	  0	  0	  0	  0	  0	  0	  5	21820	  0
03-01-2016	07:03:34	->	L	00000000	 23	 84	 48	 17	  0	121	  0	  4	  4	  4	  4	  4	  4	  4	  4	  0	  0	  0	  0	  0	  0	  0	  0	  0	  0	  0	  0	  0	  0	  0	  0	  0	  0	  0	  0	  0	  0	  0	  0	 66	 48	 36	 84	  0	 17	  0	  0	  0	  0	  0	  0	  0	  0	  0	  0	  0	  5	21820	  0
03-01-2016	07:08:34	->	L	00000000	 23	 84	 49	 18	  0	126	  0	  4	  4	  4	  4	  4	  4	  4	  4	  0	  0	  0	  0	  0	  0	  0	  0	  0	  0	  0	  0	  0	  0	  0	  0	  0	  0	  0	  0	  0	  0	  0	  0	 67	 49	 37	 84	  0	 18	  0	  0	  0	  0	  0	  0	  0	  0	  0	  0	  0	  5	21820	  0
03-01-2016	07:13:34	->	L	00000000	 23	 85	 50	 19	  0	131	  0	  4	  4	  4	  4	  4	  4	  4	  4	  0	  0	  0	  0	  0	  0	  0	  0	  0	  0	  0	  0	  0	  0	  0	  0	  0	  0	  0	  0	  0	  0	  0	  0	 67	 50	 39	 85	  0	 19	  0	  0	  0	  0	  0	  0	  0	  0	  0	  0	  0	  5	21820	  0
03-01-2016	07:18:34	->	L	00000000	 23	 81	 50	 21	  0	136	  0	  4	  4	  4	  4	  4	  4	  4	  4	  0	  0	  0	  0	  0	  0	  0	  0	  0	  0	  0	  0	  0	  0	  0	  0	  0	  0	  0	  0	  0	  0	  0	  0	 66	 50	 41	 81	  0	 21	  0	  0	  0	  0	  0	  0	  0	  0	  0	  0	  0	  5	21820	  0
03-01-2016	07:23:34	->	L	00000000	 23	 81	 50	 21	  0	141	  0	  4	  4	  4	  4	  4	  4	  4	  4	  0	  0	  0	  0	  0	  0	  0	  0	  0	  0	  0	  0	  0	  0	  0	  0	  0	  0	  0	  0	  0	  0	  0	  0	 66	 50	 41	 81	  0	 21	  0	  0	  0	  0	  0	  0	  0	  0	  0	  0	  0	  5	21820	  0
03-01-2016	07:28:34	->	L	00000000	 23	 82	 51	 22	  0	146	  0	  4	  4	  4	  4	  4	  4	  4	  4	  0	  0	  0	  0	  0	  0	  0	  0	  0	  0	  0	  0	  0	  0	  0	  0	  0	  0	  0	  0	  0	  0	  0	  0	 67	 51	 42	 82	  0	 22	  0	  0	  0	  0	  0	  0	  0	  0	  0	  0	  0	  5	21820	  0
03-01-2016	07:33:34	->	L	00000000	 23	 85	 52	 21	  0	151	  0	  4	  4	  4	  4	  4	  4	  4	  4	  0	  0	  0	  0	  0	  0	  0	  0	  0	  0	  0	  0	  0	  0	  0	  0	  0	  0	  0	  0	  0	  0	  0	  0	 68	 52	 42	 85	  0	 21	  0	  0	  0	  0	  0	  0	  0	  0	  0	  0	  0	  5	21820	  0
03-01-2016	07:38:34	->	L	00000000	 23	 86	 52	 20	  0	156	  0	  4	  4	  4	  4	  4	  4	  4	  4	  0	  0	  0	  0	  0	  0	  0	  0	  0	  0	  0	  0	  0	  0	  0	  0	  0	  0	  0	  0	  0	  0	  0	  0	 69	 52	 39	 86	  0	 20	  0	  0	  0	  0	  0	  0	  0	  0	  0	  0	  0	  5	21820	  0
03-01-2016	07:43:34	->	L	00000000	 23	 85	 52	 22	  0	161	  0	  4	  4	  4	  4	  4	  4	  4	  4	  0	  0	  0	  0	  0	  0	  0	  0	  0	  0	  0	  0	  0	  0	  0	  0	  0	  0	  0	  0	  0	  0	  0	  0	 69	 52	 39	 85	  0	 21	  0	  0	  0	  0	  0	  0	  0	  0	  0	  0	  0	  5	21820	  0
03-01-2016	07:48:34	->	L	00000000	 23	 82	 53	 24	  0	166	  0	  4	  4	  4	  4	  4	  4	  4	  4	  0	  0	  0	  0	  0	  0	  0	  0	  0	  0	  0	  0	  0	  0	  0	  0	  0	  0	  0	  0	  0	  0	  0	  0	 68	 53	 45	 82	  0	 24	  0	  0	  0	  0	  0	  0	  0	  0	  0	  0	  0	  5	21820	  0
03-01-2016	07:53:35	->	L	00000000	 23	 87	 54	 22	  0	171	  0	  4	  4	  4	  4	  4	  4	  4	  4	  0	  0	  0	  0	  0	  0	  0	  0	  0	  0	  0	  0	  0	  0	  0	  0	  0	  0	  0	  0	  0	  0	  0	  0	 70	 54	 43	 87	  0	 21	  0	  0	  0	  0	  0	  0	  0	  0	  0	  0	  0	  5	21820	  0
03-01-2016	07:58:35	->	L	00000000	 23	 88	 54	 21	  0	176	  0	  4	  4	  4	  4	  4	  4	  4	  4	  0	  0	  0	  0	  0	  0	  0	  0	  0	  0	  0	  0	  0	  0	  0	  0	  0	  0	  0	  0	  0	  0	  0	  0	 71	 54	 40	 88	  0	 21	  0	  0	  0	  0	  0	  0	  0	  0	  0	  0	  0	  5	21820	  0
03-01-2016	08:03:35	->	L	00000000	 23	 84	 54	 24	  0	181	  0	  4	  4	  4	  4	  4	  4	  4	  4	  0	  0	  0	  0	  0	  0	  0	  0	  0	  0	  0	  0	  0	  0	  0	  0	  0	  0	  0	  0	  0	  0	  0	  0	 70	 54	 43	 84	  0	 23	  0	  0	  0	  0	  0	  0	  0	  0	  0	  0	  0	  5	21820	  0
03-01-2016	08:08:35	->	L	00000000	 23	 82	 55	 26	  0	186	  0	  4	  4	  4	  4	  4	  4	  4	  4	  0	  0	  0	  0	  0	  0	  0	  0	  0	  0	  0	  0	  0	  0	  0	  0	  0	  0	  0	  0	  0	  0	  0	  0	 70	 55	 46	 82	  0	 26	  0	  0	  0	  0	  0	  0	  0	  0	  0	  0	  0	  5	21820	  0
03-01-2016	08:13:35	->	L	00000000	 23	 85	 56	 26	  0	191	  0	  4	  4	  4	  4	  4	  4	  4	  4	  0	  0	  0	  0	  0	  0	  0	  0	  0	  0	  0	  0	  0	  0	  0	  0	  0	  0	  0	  0	  0	  0	  0	  0	 71	 56	 46	 85	  0	 25	  0	  0	  0	  0	  0	  0	  0	  0	  0	  0	  0	  5	21820	  0
03-01-2016	08:18:35	->	L	00000000	 23	 87	 56	 23	  0	196	  0	  4	  4	  4	  4	  4	  4	  4	  4	  0	  0	  0	  0	  0	  0	  0	  0	  0	  0	  0	  0	  0	  0	  0	  0	  0	  0	  0	  0	  0	  0	  0	  0	 73	 56	 41	 87	  0	 23	  0	  0	  0	  0	  0	  0	  0	  0	  0	  0	  0	  5	21820	  0
03-01-2016	08:23:35	->	L	00000000	 23	 86	 56	 24	  0	201	  0	  4	  4	  4	  4	  4	  4	  4	  4	  0	  0	  0	  0	  0	  0	  0	  0	  0	  0	  0	  0	  0	  0	  0	  0	  0	  0	  0	  0	  0	  0	  0	  0	 72	 56	 44	 86	  0	 24	  0	  0	  0	  0	  0	  0	  0	  0	  0	  0	  0	  5	21820	  0
03-01-2016	08:28:35	->	L	00000000	 23	 82	 57	 29	  0	206	  0	  4	  4	  4	  4	  4	  4	  4	  4	  0	  0	  0	  0	  0	  0	  0	  0	  0	  0	  0	  0	  0	  0	  0	  0	  0	  0	  0	  0	  0	  0	  0	  0	 70	 57	 48	 82	  0	 29	  0	  0	  0	  0	  0	  0	  0	  0	  0	  0	  0	  5	21817	  0
03-01-2016	08:33:35	->	L	00000000	 23	 85	 57	 27	  0	211	  0	  4	  4	  4	  4	  4	  4	  4	  4	  0	  0	  0	  0	  0	  0	  0	  0	  0	  0	  0	  0	  0	  0	  0	  0	  0	  0	  0	  0	  0	  0	  0	  0	 71	 57	 48	 85	  0	 27	  0	  0	  0	  0	  0	  0	  0	  0	  0	  0	  0	  5	21817	  0
03-01-2016	08:38:35	->	L	00000000	 23	 88	 58	 25	  0	216	  0	  4	  4	  4	  4	  4	  4	  4	  4	  0	  0	  0	  0	  0	  0	  0	  0	  0	  0	  0	  0	  0	  0	  0	  0	  0	  0	  0	  0	  0	  0	  0	  0	 73	 58	 47	 88	  0	 25	  0	  0	  0	  0	  0	  0	  0	  0	  0	  0	  0	  5	21817	  0
03-01-2016	08:43:35	->	L	00000000	 23	 85	 57	 25	  0	221	  0	  4	  4	  4	  4	  4	  4	  4	  4	  0	  0	  0	  0	  0	  0	  0	  0	  0	  0	  0	  0	  0	  0	  0	  0	  0	  0	  0	  0	  0	  0	  0	  0	 72	 57	 47	 85	  0	 27	  0	  0	  0	  0	  0	  0	  0	  0	  0	  0	  0	  5	21817	  0
03-01-2016	08:48:36	->	L	00000000	 23	 82	 56	 29	  0	226	  0	  4	  4	  4	  4	  4	  4	  4	  4	  0	  0	  0	  0	  0	  0	  0	  0	  0	  0	  0	  0	  0	  0	  0	  0	  0	  0	  0	  0	  0	  0	  0	  0	 71	 56	 46	 82	  0	 29	  0	  0	  0	  0	  0	  0	  0	  0	  0	  0	  0	  5	21817	  0
03-01-2016	08:58:06	->	L	00000000	 23	 88	 58	 25	  0	236	  0	  4	  4	  4	  4	  4	  4	  4	  4	  0	  0	  0	  0	  0	  0	  0	  0	  0	  0	  0	  0	  0	  0	  0	  0	  0	  0	  0	  0	  0	  0	  0	  0	 73	 58	 47	 88	  0	 25	  0	  0	  0	  0	  0	  0	  0	  0	  0	  0	  0	  5	21817	  0
03-01-2016	09:03:06	->	L	00000000	 23	 87	 57	 24	  0	241	  0	  4	  4	  4	  4	  4	  4	  4	  4	  0	  0	  0	  0	  0	  0	  0	  0	  0	  0	  0	  0	  0	  0	  0	  0	  0	  0	  0	  0	  0	  0	  0	  0	 72	 57	 47	 87	  0	 24	  0	  0	  0	  0	  0	  0	  0	  0	  0	  0	  0	  5	21817	  0
03-01-2016	09:08:06	->	L	00000000	 23	 83	 57	 27	  0	246	  0	  4	  4	  4	  4	  4	  4	  4	  4	  0	  0	  0	  0	  0	  0	  0	  0	  0	  0	  0	  0	  0	  0	  0	  0	  0	  0	  0	  0	  0	  0	  0	  0	 71	 57	 48	 83	  0	 29	  0	  0	  0	  0	  0	  0	  0	  0	  0	  0	  0	  5	21817	  0
03-01-2016	09:13:06	->	L	00000000	 23	 88	 58	 25	  0	251	  0	  4	  4	  4	  4	  4	  4	  4	  4	  0	  0	  0	  0	  0	  0	  0	  0	  0	  0	  0	  0	  0	  0	  0	  0	  0	  0	  0	  0	  0	  0	  0	  0	 73	 58	 47	 88	  0	 25	  0	  0	  0	  0	  0	  0	  0	  0	  0	  0	  0	  5	21817	  0
03-01-2016	09:18:06	->	L	00000000	 23	 84	 57	 27	  0	256	  0	  4	  4	  4	  4	  4	  4	  4	  4	  0	  0	  0	  0	  0	  0	  0	  0	  0	  0	  0	  0	  0	  0	  0	  0	  0	  0	  0	  0	  0	  0	  0	  0	 72	 57	 47	 84	  0	 27	  0	  0	  0	  0	  0	  0	  0	  0	  0	  0	  0	  5	21817	  0
03-01-2016	09:23:06	->	L	00000000	 23	 84	 57	 29	  0	261	  0	  4	  4	  4	  4	  4	  4	  4	  4	  0	  0	  0	  0	  0	  0	  0	  0	  0	  0	  0	  0	  0	  0	  0	  0	  0	  0	  0	  0	  0	  0	  0	  0	 71	 57	 48	 84	  0	 27	  0	  0	  0	  0	  0	  0	  0	  0	  0	  0	  0	  5	21817	  0
03-01-2016	09:28:06	->	L	00000000	 23	 87	 58	 25	  0	266	  0	  4	  4	  4	  4	  4	  4	  4	  4	  0	  0	  0	  0	  0	  0	  0	  0	  0	  0	  0	  0	  0	  0	  0	  0	  0	  0	  0	  0	  0	  0	  0	  0	 73	 58	 47	 87	  0	 25	  0	  0	  0	  0	  0	  0	  0	  0	  0	  0	  0	  5	21817	  0
03-01-2016	09:33:07	->	L	00000000	 23	 83	 57	 29	  0	271	  0	  4	  4	  4	  4	  4	  4	  4	  4	  0	  0	  0	  0	  0	  0	  0	  0	  0	  0	  0	  0	  0	  0	  0	  0	  0	  0	  0	  0	  0	  0	  0	  0	 71	 57	 48	 83	  0	 29	  0	  0	  0	  0	  0	  0	  0	  0	  0	  0	  0	  5	21817	  0
03-01-2016	09:38:06	->	L	00000000	 23	 87	 58	 27	  0	276	  0	  4	  4	  4	  4	  4	  4	  4	  4	  0	  0	  0	  0	  0	  0	  0	  0	  0	  0	  0	  0	  0	  0	  0	  0	  0	  0	  0	  0	  0	  0	  0	  0	 73	 58	 47	 87	  0	 25	  0	  0	  0	  0	  0	  0	  0	  0	  0	  0	  0	  5	21817	  0
03-01-2016	09:43:06	->	L	00000000	 23	 83	 57	 27	  0	281	  0	  4	  4	  4	  4	  4	  4	  4	  4	  0	  0	  0	  0	  0	  0	  0	  0	  0	  0	  0	  0	  0	  0	  0	  0	  0	  0	  0	  0	  0	  0	  0	  0	 71	 57	 48	 83	  0	 29	  0	  0	  0	  0	  0	  0	  0	  0	  0	  0	  0	  5	21817	  0
03-01-2016	09:48:06	->	L	00000000	 23	 84	 58	 29	  0	286	  0	  4	  4	  4	  4	  4	  4	  4	  4	  0	  0	  0	  0	  0	  0	  0	  0	  0	  0	  0	  0	  0	  0	  0	  0	  0	  0	  0	  0	  0	  0	  0	  0	 72	 58	 49	 84	  0	 29	  0	  0	  0	  0	  0	  0	  0	  0	  0	  0	  0	  5	21817	  0
03-01-2016	09:53:06	->	L	00000000	 23	 87	 58	 25	  0	291	  0	  4	  4	  4	  4	  4	  4	  4	  4	  0	  0	  0	  0	  0	  0	  0	  0	  0	  0	  0	  0	  0	  0	  0	  0	  0	  0	  0	  0	  0	  0	  0	  0	 73	 58	 47	 87	  0	 25	  0	  0	  0	  0	  0	  0	  0	  0	  0	  0	  0	  5	21817	  0
03-01-2016	09:58:06	->	L	00000000	 23	 82	 57	 29	  0	296	  0	  4	  4	  4	  4	  4	  4	  4	  4	  0	  0	  0	  0	  0	  0	  0	  0	  0	  0	  0	  0	  0	  0	  0	  0	  0	  0	  0	  0	  0	  0	  0	  0	 71	 57	 48	 82	  0	 29	  0	  0	  0	  0	  0	  0	  0	  0	  0	  0	  0	  5	21817	  0
03-01-2016	10:03:06	->	L	00000000	 24	 86	 58	 28	  0	  0	  0	  4	  4	  4	  4	  4	  4	  4	  4	  0	  0	  0	  0	  0	  0	  0	  0	  0	  0	  0	  0	  0	  0	  0	  0	  0	  0	  0	  0	  0	  0	  0	  0	 73	 58	 47	 86	  0	 27	  0	  0	  0	  0	  0	  0	  0	  0	  0	  0	  0	  5	21815	  0
03-01-2016	10:08:06	<-	L	00000000	 24	 80	 58	 33	  0	  5	  0	  4	  4	  4	  4	  4	  4	  4	  4	  0	  0	  0	  0	  0	  0	  0	  0	  0	  0	  0	  0	  0	  0	  0	  0	  0	  0	  0	  0	  0	  0	  0	  0	 78	 58	 37	 80	  0	 33	  0	  0	  0	  0	  0	  0	  0	  0	  0	  0	  0	  5	21815	  0
03-01-2016	10:13:07	<-	L	00000000	 24	 88	 59	 27	  0	 10	  0	  4	  4	  4	  4	  4	  4	  4	  4	  0	  0	  0	  0	  0	  0	  0	  0	  0	  0	  0	  0	  0	  0	  0	  0	  0	  0	  0	  0	  0	  0	  0	  0	 88	 59	 26	 74	  0	 47	  0	  0	  0	  0	  0	  0	  0	  0	  0	  0	  0	  5	21815	  0
03-01-2016	10:18:07	<-	L	00000000	 24	 82	 58	 29	  0	 15	  0	  4	  4	  4	  4	  4	  4	  4	  4	  0	  0	  0	  0	  0	  0	  0	  0	  0	  0	  0	  0	  0	  0	  0	  0	  0	  0	  0	  0	  0	  0	  0	  0	 82	 58	 31	 72	  0	 49	  0	  0	  0	  0	  0	  0	  0	  0	  0	  0	  0	  5	21815	  0
03-01-2016	10:23:07	<-	L	00000000	 24	 90	 59	 25	  0	 20	  0	  4	  4	  4	  4	  4	  4	  4	  4	  0	  0	  0	  0	  0	  0	  0	  0	  0	  0	  0	  0	  0	  0	  0	  0	  0	  0	  0	  0	  0	  0	  0	  0	 90	 59	 25	 74	  0	 47	  0	  0	  0	  0	  0	  0	  0	  0	  0	  0	  0	  5	21815	  0
03-01-2016	10:28:07	<-	L	00000000	 24	 82	 58	 29	  0	 25	  0	  4	  4	  4	  4	  4	  4	  4	  4	  0	  0	  0	  0	  0	  0	  0	  0	  0	  0	  0	  0	  0	  0	  0	  0	  0	  0	  0	  0	  0	  0	  0	  0	 82	 58	 31	 72	  0	 49	  0	  0	  0	  0	  0	  0	  0	  0	  0	  0	  0	  5	21815	  0
03-01-2016	10:33:07	<-	L	00000000	 24	 89	 59	 26	  0	 30	  0	  4	  4	  4	  4	  4	  4	  4	  4	  0	  0	  0	  0	  0	  0	  0	  0	  0	  0	  0	  0	  0	  0	  0	  0	  0	  0	  0	  0	  0	  0	  0	  0	 89	 59	 25	 73	  0	 49	  0	  0	  0	  0	  0	  0	  0	  0	  0	  0	  0	  5	21815	  0
03-01-2016	10:38:07	<-	L	00000000	 24	 83	 58	 29	  0	 35	  0	  4	  4	  4	  4	  4	  4	  4	  4	  0	  0	  0	  0	  0	  0	  0	  0	  0	  0	  0	  0	  0	  0	  0	  0	  0	  0	  0	  0	  0	  0	  0	  0	 83	 58	 29	 72	  0	 49	  0	  0	  0	  0	  0	  0	  0	  0	  0	  0	  0	  5	21815	  0
03-01-2016	10:43:07	<-	L	00000000	 24	 89	 59	 25	  0	 40	  0	  4	  4	  4	  4	  4	  4	  4	  4	  0	  0	  0	  0	  0	  0	  0	  0	  0	  0	  0	  0	  0	  0	  0	  0	  0	  0	  0	  0	  0	  0	  0	  0	 89	 59	 25	 73	  0	 49	  0	  0	  0	  0	  0	  0	  0	  0	  0	  0	  0	  5	21815	  0
03-01-2016	10:48:07	<-	L	00000000	 24	 82	 58	 29	  0	 45	  0	  4	  4	  4	  4	  4	  4	  4	  4	  0	  0	  0	  0	  0	  0	  0	  0	  0	  0	  0	  0	  0	  0	  0	  0	  0	  0	  0	  0	  0	  0	  0	  0	 82	 58	 31	 71	  0	 51	  0	  0	  0	  0	  0	  0	  0	  0	  0	  0	  0	  5	21815	  0
03-01-2016	10:53:07	<-	L	00000000	 24	 89	 58	 25	  0	 50	  0	  4	  4	  4	  4	  4	  4	  4	  4	  0	  0	  0	  0	  0	  0	  0	  0	  0	  0	  0	  0	  0	  0	  0	  0	  0	  0	  0	  0	  0	  0	  0	  0	 89	 58	 24	 73	  0	 47	  0	  0	  0	  0	  0	  0	  0	  0	  0	  0	  0	  5	21815	  0
03-01-2016	10:58:07	<-	L	00000000	 24	 82	 58	 31	  0	 55	  0	  4	  4	  4	  4	  4	  4	  4	  4	  0	  0	  0	  0	  0	  0	  0	  0	  0	  0	  0	  0	  0	  0	  0	  0	  0	  0	  0	  0	  0	  0	  0	  0	 82	 58	 31	 71	  0	 51	  0	  0	  0	  0	  0	  0	  0	  0	  0	  0	  0	  5	21815	  0
03-01-2016	11:03:07	<-	L	00000000	 24	 89	 59	 25	  0	 60	  0	  4	  4	  4	  4	  4	  4	  4	  4	  0	  0	  0	  0	  0	  0	  0	  0	  0	  0	  0	  0	  0	  0	  0	  0	  0	  0	  0	  0	  0	  0	  0	  0	 89	 59	 25	 73	  0	 49	  0	  0	  0	  0	  0	  0	  0	  0	  0	  0	  0	  5	21815	  0
03-01-2016	11:08:07	<-	L	00000000	 24	 81	 58	 31	  0	 65	  0	  4	  4	  4	  4	  4	  4	  4	  4	  0	  0	  0	  0	  0	  0	  0	  0	  0	  0	  0	  0	  0	  0	  0	  0	  0	  0	  0	  0	  0	  0	  0	  0	 81	 58	 31	 71	  0	 51	  0	  0	  0	  0	  0	  0	  0	  0	  0	  0	  0	  5	21815	  0
03-01-2016	11:13:07	<-	L	00000000	 24	 90	 59	 25	  0	 70	  0	  4	  4	  4	  4	  4	  4	  4	  4	  0	  0	  0	  0	  0	  0	  0	  0	  0	  0	  0	  0	  0	  0	  0	  0	  0	  0	  0	  0	  0	  0	  0	  0	 90	 59	 25	 73	  0	 49	  0	  0	  0	  0	  0	  0	  0	  0	  0	  0	  0	  5	21815	  0
03-01-2016	11:18:08	<-	L	00000000	 24	 81	 57	 29	  0	 75	  0	  4	  4	  4	  4	  4	  4	  4	  4	  0	  0	  0	  0	  0	  0	  0	  0	  0	  0	  0	  0	  0	  0	  0	  0	  0	  0	  0	  0	  0	  0	  0	  0	 81	 57	 31	 71	  0	 48	  0	  0	  0	  0	  0	  0	  0	  0	  0	  0	  0	  5	21815	  0
03-01-2016	11:23:08	<-	L	00000000	 24	 89	 58	 24	  0	 80	  0	  4	  4	  4	  4	  4	  4	  4	  4	  0	  0	  0	  0	  0	  0	  0	  0	  0	  0	  0	  0	  0	  0	  0	  0	  0	  0	  0	  0	  0	  0	  0	  0	 89	 59	 24	 73	  0	 47	  0	  0	  0	  0	  0	  0	  0	  0	  0	  0	  0	  5	21815	  0
03-01-2016	11:28:08	<-	L	00000000	 24	 82	 57	 29	  0	 85	  0	  4	  4	  4	  4	  4	  4	  4	  4	  0	  0	  0	  0	  0	  0	  0	  0	  0	  0	  0	  0	  0	  0	  0	  0	  0	  0	  0	  0	  0	  0	  0	  0	 82	 57	 29	 71	  0	 48	  0	  0	  0	  0	  0	  0	  0	  0	  0	  0	  0	  5	21815	  0
03-01-2016	11:33:08	<-	L	00000000	 24	 89	 58	 24	  0	 90	  0	  4	  4	  4	  4	  4	  4	  4	  4	  0	  0	  0	  0	  0	  0	  0	  0	  0	  0	  0	  0	  0	  0	  0	  0	  0	  0	  0	  0	  0	  0	  0	  0	 89	 58	 24	 73	  0	 47	  0	  0	  0	  0	  0	  0	  0	  0	  0	  0	  0	  5	21815	  0
03-01-2016	11:38:08	<-	L	00000000	 24	 83	 57	 29	  0	 95	  0	  4	  4	  4	  4	  4	  4	  4	  4	  0	  0	  0	  0	  0	  0	  0	  0	  0	  0	  0	  0	  0	  0	  0	  0	  0	  0	  0	  0	  0	  0	  0	  0	 83	 57	 29	 71	  0	 48	  0	  0	  0	  0	  0	  0	  0	  0	  0	  0	  0	  5	21815	  0
03-01-2016	11:43:08	<-	L	00000000	 24	 87	 58	 25	  0	100	  0	  4	  4	  4	  4	  4	  4	  4	  4	  0	  0	  0	  0	  0	  0	  0	  0	  0	  0	  0	  0	  0	  0	  0	  0	  0	  0	  0	  0	  0	  0	  0	  0	 87	 58	 25	 73	  0	 47	  0	  0	  0	  0	  0	  0	  0	  0	  0	  0	  0	  5	21815	  0
03-01-2016	11:48:08	<-	L	00000000	 24	 86	 58	 29	  0	105	  0	  4	  4	  4	  4	  4	  4	  4	  4	  0	  0	  0	  0	  0	  0	  0	  0	  0	  0	  0	  0	  0	  0	  0	  0	  0	  0	  0	  0	  0	  0	  0	  0	 86	 58	 27	 71	  0	 51	  0	  0	  0	  0	  0	  0	  0	  0	  0	  0	  0	  5	21815	  0
03-01-2016	11:53:08	<-	L	00000000	 24	 88	 59	 25	  0	110	  0	  4	  4	  4	  4	  4	  4	  4	  4	  0	  0	  0	  0	  0	  0	  0	  0	  0	  0	  0	  0	  0	  0	  0	  0	  0	  0	  0	  0	  0	  0	  0	  0	 88	 59	 26	 73	  0	 49	  0	  0	  0	  0	  0	  0	  0	  0	  0	  0	  0	  5	21815	  0
03-01-2016	11:58:08	<-	L	00000000	 24	 84	 58	 29	  0	115	  0	  4	  4	  4	  4	  4	  4	  4	  4	  0	  0	  0	  0	  0	  0	  0	  0	  0	  0	  0	  0	  0	  0	  0	  0	  0	  0	  0	  0	  0	  0	  0	  0	 84	 58	 29	 71	  0	 51	  0	  0	  0	  0	  0	  0	  0	  0	  0	  0	  0	  5	21815	  0
03-01-2016	12:03:08	<-	L	00000000	 24	 88	 58	 24	  0	120	  0	  4	  4	  4	  4	  4	  4	  4	  4	  0	  0	  0	  0	  0	  0	  0	  0	  0	  0	  0	  0	  0	  0	  0	  0	  0	  0	  0	  0	  0	  0	  0	  0	 88	 58	 25	 73	  0	 47	  0	  0	  0	  0	  0	  0	  0	  0	  0	  0	  0	  5	21815	  0
03-01-2016	12:08:08	<-	L	00000000	 24	 83	 57	 29	  0	125	  0	  4	  4	  4	  4	  4	  4	  4	  4	  0	  0	  0	  0	  0	  0	  0	  0	  0	  0	  0	  0	  0	  0	  0	  0	  0	  0	  0	  0	  0	  0	  0	  0	 83	 57	 29	 71	  0	 48	  0	  0	  0	  0	  0	  0	  0	  0	  0	  0	  0	  5	21815	  0
03-01-2016	12:13:08	<-	L	00000000	 24	 89	 59	 25	  0	130	  0	  4	  4	  4	  4	  4	  4	  4	  4	  0	  0	  0	  0	  0	  0	  0	  0	  0	  0	  0	  0	  0	  0	  0	  0	  0	  0	  0	  0	  0	  0	  0	  0	 89	 59	 25	 73	  0	 49	  0	  0	  0	  0	  0	  0	  0	  0	  0	  0	  0	  5	21815	  0
03-01-2016	12:18:09	<-	L	00000000	 24	 84	 57	 29	  0	135	  0	  4	  4	  4	  4	  4	  4	  4	  4	  0	  0	  0	  0	  0	  0	  0	  0	  0	  0	  0	  0	  0	  0	  0	  0	  0	  0	  0	  0	  0	  0	  0	  0	 84	 57	 27	 71	  0	 48	  0	  0	  0	  0	  0	  0	  0	  0	  0	  0	  0	  5	21815	  0
03-01-2016	12:23:08	<-	L	00000000	 24	 91	 59	 24	  0	140	  0	  4	  4	  4	  4	  4	  4	  4	  4	  0	  0	  0	  0	  0	  0	  0	  0	  0	  0	  0	  0	  0	  0	  0	  0	  0	  0	  0	  0	  0	  0	  0	  0	 90	 59	 24	 73	  0	 49	  0	  0	  0	  0	  0	  0	  0	  0	  0	  0	  0	  5	21815	  0
03-01-2016	12:28:08	<-	L	00000000	 24	 82	 57	 29	  0	145	  0	  4	  4	  4	  4	  4	  4	  4	  4	  0	  0	  0	  0	  0	  0	  0	  0	  0	  0	  0	  0	  0	  0	  0	  0	  0	  0	  0	  0	  0	  0	  0	  0	 82	 57	 29	 71	  0	 48	  0	  0	  0	  0	  0	  0	  0	  0	  0	  0	  0	  5	21815	  0
03-01-2016	12:33:09	<-	L	00000000	 24	 91	 59	 24	  0	150	  0	  4	  4	  4	  4	  4	  4	  4	  4	  0	  0	  0	  0	  0	  0	  0	  0	  0	  0	  0	  0	  0	  0	  0	  0	  0	  0	  0	  0	  0	  0	  0	  0	 91	 59	 24	 74	  0	 47	  0	  0	  0	  0	  0	  0	  0	  0	  0	  0	  0	  5	21815	  0
03-01-2016	12:38:09	<-	L	00000000	 24	 81	 57	 31	  0	155	  0	  4	  4	  4	  4	  4	  4	  4	  4	  0	  0	  0	  0	  0	  0	  0	  0	  0	  0	  0	  0	  0	  0	  0	  0	  0	  0	  0	  0	  0	  0	  0	  0	 81	 57	 31	 71	  0	 48	  0	  0	  0	  0	  0	  0	  0	  0	  0	  0	  0	  5	21815	  0
03-01-2016	12:43:09	<-	L	00000000	 24	 91	 58	 24	  0	160	  0	  4	  4	  4	  4	  4	  4	  4	  4	  0	  0	  0	  0	  0	  0	  0	  0	  0	  0	  0	  0	  0	  0	  0	  0	  0	  0	  0	  0	  0	  0	  0	  0	 91	 58	 23	 73	  0	 47	  0	  0	  0	  0	  0	  0	  0	  0	  0	  0	  0	  5	21815	  0
03-01-2016	12:48:09	<-	L	00000000	 24	 82	 57	 29	  0	165	  0	  4	  4	  4	  4	  4	  4	  4	  4	  0	  0	  0	  0	  0	  0	  0	  0	  0	  0	  0	  0	  0	  0	  0	  0	  0	  0	  0	  0	  0	  0	  0	  0	 82	 57	 29	 71	  0	 48	  0	  0	  0	  0	  0	  0	  0	  0	  0	  0	  0	  5	21815	  0
03-01-2016	12:53:09	<-	L	00000000	 24	 91	 59	 24	  0	170	  0	  4	  4	  4	  4	  4	  4	  4	  4	  0	  0	  0	  0	  0	  0	  0	  0	  0	  0	  0	  0	  0	  0	  0	  0	  0	  0	  0	  0	  0	  0	  0	  0	 91	 59	 24	 73	  0	 49	  0	  0	  0	  0	  0	  0	  0	  0	  0	  0	  0	  5	21815	  0
03-01-2016	12:58:09	<-	L	00000000	 24	 83	 58	 29	  0	175	  0	  4	  4	  4	  4	  4	  4	  4	  4	  0	  0	  0	  0	  0	  0	  0	  0	  0	  0	  0	  0	  0	  0	  0	  0	  0	  0	  0	  0	  0	  0	  0	  0	 83	 58	 29	 72	  0	 49	  0	  0	  0	  0	  0	  0	  0	  0	  0	  0	  0	  5	21815	  0
03-01-2016	13:03:09	<-	L	00000000	 24	 90	 58	 24	  0	180	  0	  4	  4	  4	  4	  4	  4	  4	  4	  0	  0	  0	  0	  0	  0	  0	  0	  0	  0	  0	  0	  0	  0	  0	  0	  0	  0	  0	  0	  0	  0	  0	  0	 90	 58	 24	 73	  0	 47	  0	  0	  0	  0	  0	  0	  0	  0	  0	  0	  0	  5	21815	  0
03-01-2016	13:08:09	<-	L	00000000	 24	 82	 58	 29	  0	185	  0	  4	  4	  4	  4	  4	  4	  4	  4	  0	  0	  0	  0	  0	  0	  0	  0	  0	  0	  0	  0	  0	  0	  0	  0	  0	  0	  0	  0	  0	  0	  0	  0	 82	 58	 31	 71	  0	 51	  0	  0	  0	  0	  0	  0	  0	  0	  0	  0	  0	  5	21815	  0
03-01-2016	13:13:09	<-	L	00000000	 24	 87	 58	 28	  0	190	  0	  4	  4	  4	  4	  4	  4	  4	  4	  0	  0	  0	  0	  0	  0	  0	  0	  0	  0	  0	  0	  0	  0	  0	  0	  0	  0	  0	  0	  0	  0	  0	  0	 87	 58	 25	 72	  0	 49	  0	  0	  0	  0	  0	  0	  0	  0	  0	  0	  0	  5	21815	  0
03-01-2016	13:18:09	<-	L	00000000	 24	 84	 58	 28	  0	195	  0	  4	  4	  4	  4	  4	  4	  4	  4	  0	  0	  0	  0	  0	  0	  0	  0	  0	  0	  0	  0	  0	  0	  0	  0	  0	  0	  0	  0	  0	  0	  0	  0	 84	 58	 29	 72	  0	 49	  0	  0	  0	  0	  0	  0	  0	  0	  0	  0	  0	  5	21815	  0
03-01-2016	13:23:10	<-	L	00000000	 24	 89	 58	 25	  0	200	  0	  4	  4	  4	  4	  4	  4	  4	  4	  0	  0	  0	  0	  0	  0	  0	  0	  0	  0	  0	  0	  0	  0	  0	  0	  0	  0	  0	  0	  0	  0	  0	  0	 89	 58	 24	 73	  0	 47	  0	  0	  0	  0	  0	  0	  0	  0	  0	  0	  0	  5	21815	  0
03-01-2016	13:28:09	<-	L	00000000	 24	 84	 58	 27	  0	205	  0	  4	  4	  4	  4	  4	  4	  4	  4	  0	  0	  0	  0	  0	  0	  0	  0	  0	  0	  0	  0	  0	  0	  0	  0	  0	  0	  0	  0	  0	  0	  0	  0	 84	 58	 29	 72	  0	 49	  0	  0	  0	  0	  0	  0	  0	  0	  0	  0	  0	  5	21815	  0
03-01-2016	13:33:09	<-	L	00000000	 24	 89	 58	 25	  0	210	  0	  4	  4	  4	  4	  4	  4	  4	  4	  0	  0	  0	  0	  0	  0	  0	  0	  0	  0	  0	  0	  0	  0	  0	  0	  0	  0	  0	  0	  0	  0	  0	  0	 89	 58	 24	 72	  0	 49	  0	  0	  0	  0	  0	  0	  0	  0	  0	  0	  0	  5	21815	  0
03-01-2016	13:38:09	<-	L	00000000	 24	 83	 58	 29	  0	215	  0	  4	  4	  4	  4	  4	  4	  4	  4	  0	  0	  0	  0	  0	  0	  0	  0	  0	  0	  0	  0	  0	  0	  0	  0	  0	  0	  0	  0	  0	  0	  0	  0	 83	 58	 29	 71	  0	 51	  0	  0	  0	  0	  0	  0	  0	  0	  0	  0	  0	  5	21815	  0
03-01-2016	13:43:09	<-	L	00000000	 24	 87	 58	 27	  0	220	  0	  4	  4	  4	  4	  4	  4	  4	  4	  0	  0	  0	  0	  0	  0	  0	  0	  0	  0	  0	  0	  0	  0	  0	  0	  0	  0	  0	  0	  0	  0	  0	  0	 87	 58	 25	 72	  0	 49	  0	  0	  0	  0	  0	  0	  0	  0	  0	  0	  0	  5	21815	  0
03-01-2016	13:48:10	<-	L	00000000	 24	 82	 57	 29	  0	225	  0	  4	  4	  4	  4	  4	  4	  4	  4	  0	  0	  0	  0	  0	  0	  0	  0	  0	  0	  0	  0	  0	  0	  0	  0	  0	  0	  0	  0	  0	  0	  0	  0	 82	 57	 29	 71	  0	 48	  0	  0	  0	  0	  0	  0	  0	  0	  0	  0	  0	  5	21815	  0
03-01-2016	13:53:10	<-	L	00000000	 24	 88	 58	 25	  0	230	  0	  4	  4	  4	  4	  4	  4	  4	  4	  0	  0	  0	  0	  0	  0	  0	  0	  0	  0	  0	  0	  0	  0	  0	  0	  0	  0	  0	  0	  0	  0	  0	  0	 88	 58	 25	 72	  0	 49	  0	  0	  0	  0	  0	  0	  0	  0	  0	  0	  0	  5	21815	  0
03-01-2016	13:58:10	<-	L	00000000	 24	 82	 57	 31	  0	235	  0	  4	  4	  4	  4	  4	  4	  4	  4	  0	  0	  0	  0	  0	  0	  0	  0	  0	  0	  0	  0	  0	  0	  0	  0	  0	  0	  0	  0	  0	  0	  0	  0	 82	 57	 29	 70	  0	 51	  0	  0	  0	  0	  0	  0	  0	  0	  0	  0	  0	  5	21815	  0
03-01-2016	14:03:10	<-	L	00000000	 24	 88	 58	 25	  0	240	  0	  4	  4	  4	  4	  4	  4	  4	  4	  0	  0	  0	  0	  0	  0	  0	  0	  0	  0	  0	  0	  0	  0	  0	  0	  0	  0	  0	  0	  0	  0	  0	  0	 88	 58	 25	 72	  0	 49	  0	  0	  0	  0	  0	  0	  0	  0	  0	  0	  0	  5	21815	  0
03-01-2016	14:08:10	->	L	00000000	 24	 82	 58	 31	  0	245	  0	  4	  4	  4	  4	  4	  4	  4	  4	  0	  0	  0	  0	  0	  0	  0	  0	  0	  0	  0	  0	  0	  0	  0	  0	  0	  0	  0	  0	  0	  0	  0	  0	 82	 58	 31	 71	  0	 51	  0	  0	  0	  0	  0	  0	  0	  0	  0	  0	  0	  5	21815	  0
03-01-2016	14:13:10	->	L	00000000	 24	 86	 56	 23	  0	250	  0	  4	  4	  4	  4	  4	  4	  4	  4	  0	  0	  0	  0	  0	  0	  0	  0	  0	  0	  0	  0	  0	  0	  0	  0	  0	  0	  0	  0	  0	  0	  0	  0	 77	 56	 33	 86	  0	 24	  0	  0	  0	  0	  0	  0	  0	  0	  0	  0	  0	  5	21815	  0
03-01-2016	14:18:10	->	L	00000000	 24	 83	 56	 26	  0	255	  0	  4	  4	  4	  4	  4	  4	  4	  4	  0	  0	  0	  0	  0	  0	  0	  0	  0	  0	  0	  0	  0	  0	  0	  0	  0	  0	  0	  0	  0	  0	  0	  0	 74	 56	 40	 83	  0	 27	  0	  0	  0	  0	  0	  0	  0	  0	  0	  0	  0	  5	21815	  0
03-01-2016	14:23:10	->	L	00000000	 24	 84	 55	 26	  0	260	  0	  4	  4	  4	  4	  4	  4	  4	  4	  0	  0	  0	  0	  0	  0	  0	  0	  0	  0	  0	  0	  0	  0	  0	  0	  0	  0	  0	  0	  0	  0	  0	  0	 74	 55	 37	 84	  0	 24	  0	  0	  0	  0	  0	  0	  0	  0	  0	  0	  0	  5	21815	  0
03-01-2016	14:28:11	->	L	00000000	 24	 87	 56	 23	  0	265	  0	  4	  4	  4	  4	  4	  4	  4	  4	  0	  0	  0	  0	  0	  0	  0	  0	  0	  0	  0	  0	  0	  0	  0	  0	  0	  0	  0	  0	  0	  0	  0	  0	 75	 56	 37	 87	  0	 23	  0	  0	  0	  0	  0	  0	  0	  0	  0	  0	  0	  5	21815	  0
03-01-2016	14:33:10	->	L	00000000	 24	 86	 56	 24	  0	270	  0	  4	  4	  4	  4	  4	  4	  4	  4	  0	  0	  0	  0	  0	  0	  0	  0	  0	  0	  0	  0	  0	  0	  0	  0	  0	  0	  0	  0	  0	  0	  0	  0	 74	 56	 40	 86	  0	 24	  0	  0	  0	  0	  0	  0	  0	  0	  0	  0	  0	  5	21815	  0
03-01-2016	14:38:10	->	L	00000000	 24	 82	 55	 26	  0	275	  0	  4	  4	  4	  4	  4	  4	  4	  4	  0	  0	  0	  0	  0	  0	  0	  0	  0	  0	  0	  0	  0	  0	  0	  0	  0	  0	  0	  0	  0	  0	  0	  0	 73	 55	 39	 82	  0	 26	  0	  0	  0	  0	  0	  0	  0	  0	  0	  0	  0	  5	21815	  0
03-01-2016	14:43:10	->	L	00000000	 24	 87	 56	 24	  0	280	  0	  4	  4	  4	  4	  4	  4	  4	  4	  0	  0	  0	  0	  0	  0	  0	  0	  0	  0	  0	  0	  0	  0	  0	  0	  0	  0	  0	  0	  0	  0	  0	  0	 75	 56	 37	 87	  0	 23	  0	  0	  0	  0	  0	  0	  0	  0	  0	  0	  0	  5	21815	  0
03-01-2016	14:48:10	->	L	00000000	 24	 87	 56	 23	  0	285	  0	  4	  4	  4	  4	  4	  4	  4	  4	  0	  0	  0	  0	  0	  0	  0	  0	  0	  0	  0	  0	  0	  0	  0	  0	  0	  0	  0	  0	  0	  0	  0	  0	 75	 56	 37	 87	  0	 23	  0	  0	  0	  0	  0	  0	  0	  0	  0	  0	  0	  5	21815	  0
03-01-2016	14:53:10	->	L	00000000	 24	 82	 55	 26	  0	290	  0	  4	  4	  4	  4	  4	  4	  4	  4	  0	  0	  0	  0	  0	  0	  0	  0	  0	  0	  0	  0	  0	  0	  0	  0	  0	  0	  0	  0	  0	  0	  0	  0	 73	 55	 39	 82	  0	 26	  0	  0	  0	  0	  0	  0	  0	  0	  0	  0	  0	  5	21815	  0
03-01-2016	14:58:11	->	L	00000000	 24	 86	 55	 24	  0	295	  0	  4	  4	  4	  4	  4	  4	  4	  4	  0	  0	  0	  0	  0	  0	  0	  0	  0	  0	  0	  0	  0	  0	  0	  0	  0	  0	  0	  0	  0	  0	  0	  0	 74	 55	 37	 86	  0	 23	  0	  0	  0	  0	  0	  0	  0	  0	  0	  0	  0	  5	21815	  0
03-01-2016	15:03:11	->	L	00000000	 24	 88	 56	 23	  0	300	  0	  4	  4	  4	  4	  4	  4	  4	  4	  0	  0	  0	  0	  0	  0	  0	  0	  0	  0	  0	  0	  0	  0	  0	  0	  0	  0	  0	  0	  0	  0	  0	  0	 76	 56	 36	 88	  0	 23	  0	  0	  0	  0	  0	  0	  0	  0	  0	  0	  0	  5	21815	  0
03-01-2016	15:08:11	->	L	00000000	 25	 84	 58	 28	  0	  4	  0	  4	  4	  4	  4	  4	  4	  4	  4	  0	  0	  0	  0	  0	  0	  0	  0	  0	  0	  0	  0	  0	  0	  0	  0	  0	  0	  0	  0	  0	  0	  0	  0	 75	 58	 42	 84	  0	 29	  0	  0	  0	  0	  0	  0	  0	  0	  0	  0	  0	  5	21818	  0
03-01-2016	15:13:11	->	L	00000000	 25	 83	 58	 31	  0	  9	  0	  4	  4	  4	  4	  4	  4	  4	  4	  0	  0	  0	  0	  0	  0	  0	  0	  0	  0	  0	  0	  0	  0	  0	  0	  0	  0	  0	  0	  0	  0	  0	  0	 74	 58	 45	 83	  0	 29	  0	  0	  0	  0	  0	  0	  0	  0	  0	  0	  0	  5	21818	  0
03-01-2016	15:18:11	->	L	00000000	 25	 89	 59	 26	  0	 14	  0	  4	  4	  4	  4	  4	  4	  4	  4	  0	  0	  0	  0	  0	  0	  0	  0	  0	  0	  0	  0	  0	  0	  0	  0	  0	  0	  0	  0	  0	  0	  0	  0	 77	 59	 41	 89	  0	 25	  0	  0	  0	  0	  0	  0	  0	  0	  0	  0	  0	  5	21818	  0
03-01-2016	15:23:11	->	L	00000000	 25	 85	 58	 27	  0	 19	  0	  4	  4	  4	  4	  4	  4	  4	  4	  0	  0	  0	  0	  0	  0	  0	  0	  0	  0	  0	  0	  0	  0	  0	  0	  0	  0	  0	  0	  0	  0	  0	  0	 75	 58	 42	 85	  0	 28	  0	  0	  0	  0	  0	  0	  0	  0	  0	  0	  0	  5	21818	  0
03-01-2016	15:28:11	->	L	00000000	 25	 83	 58	 29	  0	 24	  0	  4	  4	  4	  4	  4	  4	  4	  4	  0	  0	  0	  0	  0	  0	  0	  0	  0	  0	  0	  0	  0	  0	  0	  0	  0	  0	  0	  0	  0	  0	  0	  0	 74	 58	 45	 83	  0	 29	  0	  0	  0	  0	  0	  0	  0	  0	  0	  0	  0	  5	21818	  0
03-01-2016	15:33:12	->	L	00000000	 25	 89	 59	 26	  0	 29	  0	  4	  4	  4	  4	  4	  4	  4	  4	  0	  0	  0	  0	  0	  0	  0	  0	  0	  0	  0	  0	  0	  0	  0	  0	  0	  0	  0	  0	  0	  0	  0	  0	 77	 59	 41	 89	  0	 25	  0	  0	  0	  0	  0	  0	  0	  0	  0	  0	  0	  5	21818	  0
03-01-2016	15:38:11	->	L	00000000	 25	 86	 58	 25	  0	 34	  0	  4	  4	  4	  4	  4	  4	  4	  4	  0	  0	  0	  0	  0	  0	  0	  0	  0	  0	  0	  0	  0	  0	  0	  0	  0	  0	  0	  0	  0	  0	  0	  0	 76	 58	 41	 86	  0	 27	  0	  0	  0	  0	  0	  0	  0	  0	  0	  0	  0	  5	21818	  0
03-01-2016	15:43:11	->	L	00000000	 25	 83	 58	 29	  0	 39	  0	  4	  4	  4	  4	  4	  4	  4	  4	  0	  0	  0	  0	  0	  0	  0	  0	  0	  0	  0	  0	  0	  0	  0	  0	  0	  0	  0	  0	  0	  0	  0	  0	 74	 58	 45	 83	  0	 29	  0	  0	  0	  0	  0	  0	  0	  0	  0	  0	  0	  5	21818	  0
03-01-2016	15:48:11	->	L	00000000	 25	 88	 59	 27	  0	 44	  0	  4	  4	  4	  4	  4	  4	  4	  4	  0	  0	  0	  0	  0	  0	  0	  0	  0	  0	  0	  0	  0	  0	  0	  0	  0	  0	  0	  0	  0	  0	  0	  0	 76	 59	 42	 88	  0	 26	  0	  0	  0	  0	  0	  0	  0	  0	  0	  0	  0	  5	21818	  0
03-01-2016	15:53:11	->	L	00000000	 25	 87	 58	 26	  0	 49	  0	  4	  4	  4	  4	  4	  4	  4	  4	  0	  0	  0	  0	  0	  0	  0	  0	  0	  0	  0	  0	  0	  0	  0	  0	  0	  0	  0	  0	  0	  0	  0	  0	 76	 58	 41	 87	  0	 25	  0	  0	  0	  0	  0	  0	  0	  0	  0	  0	  0	  5	21818	  0
03-01-2016	15:58:11	->	L	00000000	 25	 82	 58	 29	  0	 54	  0	  4	  4	  4	  4	  4	  4	  4	  4	  0	  0	  0	  0	  0	  0	  0	  0	  0	  0	  0	  0	  0	  0	  0	  0	  0	  0	  0	  0	  0	  0	  0	  0	 74	 58	 45	 82	  0	 31	  0	  0	  0	  0	  0	  0	  0	  0	  0	  0	  0	  5	21818	  0
03-01-2016	16:03:11	->	L	00000000	 25	 87	 59	 28	  0	 59	  0	  4	  4	  4	  4	  4	  4	  4	  4	  0	  0	  0	  0	  0	  0	  0	  0	  0	  0	  0	  0	  0	  0	  0	  0	  0	  0	  0	  0	  0	  0	  0	  0	 76	 59	 42	 87	  0	 27	  0	  0	  0	  0	  0	  0	  0	  0	  0	  0	  0	  5	21818	  0
03-01-2016	16:08:11	->	L	00000000	 25	 88	 59	 25	  0	 64	  0	  4	  4	  4	  4	  4	  4	  4	  4	  0	  0	  0	  0	  0	  0	  0	  0	  0	  0	  0	  0	  0	  0	  0	  0	  0	  0	  0	  0	  0	  0	  0	  0	 77	 59	 41	 88	  0	 26	  0	  0	  0	  0	  0	  0	  0	  0	  0	  0	  0	  5	21818	  0
03-01-2016	16:13:11	->	L	00000000	 25	 84	 58	 29	  0	 69	  0	  4	  4	  4	  4	  4	  4	  4	  4	  0	  0	  0	  0	  0	  0	  0	  0	  0	  0	  0	  0	  0	  0	  0	  0	  0	  0	  0	  0	  0	  0	  0	  0	 75	 58	 42	 84	  0	 29	  0	  0	  0	  0	  0	  0	  0	  0	  0	  0	  0	  5	21818	  0
03-01-2016	16:18:11	->	L	00000000	 25	 86	 59	 30	  0	 74	  0	  4	  4	  4	  4	  4	  4	  4	  4	  0	  0	  0	  0	  0	  0	  0	  0	  0	  0	  0	  0	  0	  0	  0	  0	  0	  0	  0	  0	  0	  0	  0	  0	 75	 59	 45	 86	  0	 28	  0	  0	  0	  0	  0	  0	  0	  0	  0	  0	  0	  5	21818	  0
03-01-2016	16:23:11	->	L	00000000	 25	 88	 59	 26	  0	 79	  0	  4	  4	  4	  4	  4	  4	  4	  4	  0	  0	  0	  0	  0	  0	  0	  0	  0	  0	  0	  0	  0	  0	  0	  0	  0	  0	  0	  0	  0	  0	  0	  0	 76	 59	 42	 88	  0	 26	  0	  0	  0	  0	  0	  0	  0	  0	  0	  0	  0	  5	21818	  0
03-01-2016	16:28:11	->	L	00000000	 25	 84	 58	 28	  0	 84	  0	  4	  4	  4	  4	  4	  4	  4	  4	  0	  0	  0	  0	  0	  0	  0	  0	  0	  0	  0	  0	  0	  0	  0	  0	  0	  0	  0	  0	  0	  0	  0	  0	 75	 58	 42	 84	  0	 29	  0	  0	  0	  0	  0	  0	  0	  0	  0	  0	  0	  5	21818	  0
03-01-2016	16:33:12	->	L	00000000	 25	 83	 58	 29	  0	 89	  0	  4	  4	  4	  4	  4	  4	  4	  4	  0	  0	  0	  0	  0	  0	  0	  0	  0	  0	  0	  0	  0	  0	  0	  0	  0	  0	  0	  0	  0	  0	  0	  0	 74	 58	 45	 83	  0	 29	  0	  0	  0	  0	  0	  0	  0	  0	  0	  0	  0	  5	21818	  0
03-01-2016	16:38:12	->	L	00000000	 25	 88	 59	 26	  0	 94	  0	  4	  4	  4	  4	  4	  4	  4	  4	  0	  0	  0	  0	  0	  0	  0	  0	  0	  0	  0	  0	  0	  0	  0	  0	  0	  0	  0	  0	  0	  0	  0	  0	 76	 59	 42	 88	  0	 26	  0	  0	  0	  0	  0	  0	  0	  0	  0	  0	  0	  5	21818	  0
03-01-2016	16:43:12	->	L	00000000	 25	 85	 58	 27	  0	 99	  0	  4	  4	  4	  4	  4	  4	  4	  4	  0	  0	  0	  0	  0	  0	  0	  0	  0	  0	  0	  0	  0	  0	  0	  0	  0	  0	  0	  0	  0	  0	  0	  0	 75	 58	 42	 85	  0	 28	  0	  0	  0	  0	  0	  0	  0	  0	  0	  0	  0	  5	21818	  0
03-01-2016	16:48:12	->	L	00000000	 25	 83	 58	 29	  0	104	  0	  4	  4	  4	  4	  4	  4	  4	  4	  0	  0	  0	  0	  0	  0	  0	  0	  0	  0	  0	  0	  0	  0	  0	  0	  0	  0	  0	  0	  0	  0	  0	  0	 74	 58	 45	 83	  0	 29	  0	  0	  0	  0	  0	  0	  0	  0	  0	  0	  0	  5	21818	  0
03-01-2016	16:53:12	->	L	00000000	 25	 87	 59	 27	  0	109	  0	  4	  4	  4	  4	  4	  4	  4	  4	  0	  0	  0	  0	  0	  0	  0	  0	  0	  0	  0	  0	  0	  0	  0	  0	  0	  0	  0	  0	  0	  0	  0	  0	 76	 59	 42	 87	  0	 27	  0	  0	  0	  0	  0	  0	  0	  0	  0	  0	  0	  5	21818	  0
03-01-2016	16:58:13	->	L	00000000	 25	 84	 58	 28	  0	114	  0	  4	  4	  4	  4	  4	  4	  4	  4	  0	  0	  0	  0	  0	  0	  0	  0	  0	  0	  0	  0	  0	  0	  0	  0	  0	  0	  0	  0	  0	  0	  0	  0	 75	 58	 42	 84	  0	 29	  0	  0	  0	  0	  0	  0	  0	  0	  0	  0	  0	  5	21818	  0
03-01-2016	17:03:13	->	L	00000000	 25	 84	 58	 29	  0	119	  0	  4	  4	  4	  4	  4	  4	  4	  4	  0	  0	  0	  0	  0	  0	  0	  0	  0	  0	  0	  0	  0	  0	  0	  0	  0	  0	  0	  0	  0	  0	  0	  0	 75	 58	 42	 84	  0	 29	  0	  0	  0	  0	  0	  0	  0	  0	  0	  0	  0	  5	21818	  0
03-01-2016	17:08:12	->	L	00000000	 25	 87	 59	 26	  0	124	  0	  4	  4	  4	  4	  4	  4	  4	  4	  0	  0	  0	  0	  0	  0	  0	  0	  0	  0	  0	  0	  0	  0	  0	  0	  0	  0	  0	  0	  0	  0	  0	  0	 76	 59	 42	 87	  0	 27	  0	  0	  0	  0	  0	  0	  0	  0	  0	  0	  0	  5	21818	  0
03-01-2016	17:13:12	->	L	00000000	 25	 84	 58	 29	  0	129	  0	  4	  4	  4	  4	  4	  4	  4	  4	  0	  0	  0	  0	  0	  0	  0	  0	  0	  0	  0	  0	  0	  0	  0	  0	  0	  0	  0	  0	  0	  0	  0	  0	 75	 58	 42	 84	  0	 29	  0	  0	  0	  0	  0	  0	  0	  0	  0	  0	  0	  5	21818	  0
03-01-2016	17:18:13	->	L	00000000	 25	 85	 58	 29	  0	134	  0	  4	  4	  4	  4	  4	  4	  4	  4	  0	  0	  0	  0	  0	  0	  0	  0	  0	  0	  0	  0	  0	  0	  0	  0	  0	  0	  0	  0	  0	  0	  0	  0	 75	 58	 42	 85	  0	 28	  0	  0	  0	  0	  0	  0	  0	  0	  0	  0	  0	  5	21818	  0
03-01-2016	17:23:12	->	L	00000000	 25	 87	 58	 27	  0	139	  0	  4	  4	  4	  4	  4	  4	  4	  4	  0	  0	  0	  0	  0	  0	  0	  0	  0	  0	  0	  0	  0	  0	  0	  0	  0	  0	  0	  0	  0	  0	  0	  0	 76	 58	 41	 87	  0	 25	  0	  0	  0	  0	  0	  0	  0	  0	  0	  0	  0	  5	21818	  0
03-01-2016	17:28:13	->	L	00000000	 25	 83	 58	 29	  0	144	  0	  4	  4	  4	  4	  4	  4	  4	  4	  0	  0	  0	  0	  0	  0	  0	  0	  0	  0	  0	  0	  0	  0	  0	  0	  0	  0	  0	  0	  0	  0	  0	  0	 75	 58	 42	 83	  0	 29	  0	  0	  0	  0	  0	  0	  0	  0	  0	  0	  0	  5	21818	  0
03-01-2016	17:33:13	->	L	00000000	 25	 84	 59	 29	  0	149	  0	  4	  4	  4	  4	  4	  4	  4	  4	  0	  0	  0	  0	  0	  0	  0	  0	  0	  0	  0	  0	  0	  0	  0	  0	  0	  0	  0	  0	  0	  0	  0	  0	 75	 59	 45	 84	  0	 29	  0	  0	  0	  0	  0	  0	  0	  0	  0	  0	  0	  5	21818	  0
03-01-2016	17:38:13	->	L	00000000	 25	 88	 59	 26	  0	154	  0	  4	  4	  4	  4	  4	  4	  4	  4	  0	  0	  0	  0	  0	  0	  0	  0	  0	  0	  0	  0	  0	  0	  0	  0	  0	  0	  0	  0	  0	  0	  0	  0	 76	 59	 42	 88	  0	 26	  0	  0	  0	  0	  0	  0	  0	  0	  0	  0	  0	  5	21818	  0
03-01-2016	17:43:13	->	L	00000000	 25	 83	 58	 29	  0	159	  0	  4	  4	  4	  4	  4	  4	  4	  4	  0	  0	  0	  0	  0	  0	  0	  0	  0	  0	  0	  0	  0	  0	  0	  0	  0	  0	  0	  0	  0	  0	  0	  0	 74	 58	 45	 83	  0	 29	  0	  0	  0	  0	  0	  0	  0	  0	  0	  0	  0	  5	21818	  0
03-01-2016	17:48:13	->	L	00000000	 25	 86	 59	 30	  0	164	  0	  4	  4	  4	  4	  4	  4	  4	  4	  0	  0	  0	  0	  0	  0	  0	  0	  0	  0	  0	  0	  0	  0	  0	  0	  0	  0	  0	  0	  0	  0	  0	  0	 75	 59	 45	 86	  0	 28	  0	  0	  0	  0	  0	  0	  0	  0	  0	  0	  0	  5	21818	  0
03-01-2016	17:53:13	->	L	00000000	 25	 87	 59	 26	  0	169	  0	  4	  4	  4	  4	  4	  4	  4	  4	  0	  0	  0	  0	  0	  0	  0	  0	  0	  0	  0	  0	  0	  0	  0	  0	  0	  0	  0	  0	  0	  0	  0	  0	 76	 59	 42	 87	  0	 27	  0	  0	  0	  0	  0	  0	  0	  0	  0	  0	  0	  5	21818	  0
03-01-2016	17:58:13	->	L	00000000	 25	 83	 58	 29	  0	174	  0	  4	  4	  4	  4	  4	  4	  4	  4	  0	  0	  0	  0	  0	  0	  0	  0	  0	  0	  0	  0	  0	  0	  0	  0	  0	  0	  0	  0	  0	  0	  0	  0	 74	 58	 45	 83	  0	 29	  0	  0	  0	  0	  0	  0	  0	  0	  0	  0	  0	  5	21818	  0
03-01-2016	18:03:13	->	L	00000000	 25	 86	 59	 30	  0	179	  0	  4	  4	  4	  4	  4	  4	  4	  4	  0	  0	  0	  0	  0	  0	  0	  0	  0	  0	  0	  0	  0	  0	  0	  0	  0	  0	  0	  0	  0	  0	  0	  0	 76	 59	 42	 86	  0	 28	  0	  0	  0	  0	  0	  0	  0	  0	  0	  0	  0	  5	21818	  0
03-01-2016	18:08:13	  	L	00000000	 25	 88	 59	 26	  0	184	  0	  4	  4	  4	  4	  4	  4	  4	  4	  0	  0	  0	  0	  0	  0	  0	  0	  0	  0	  0	  0	  0	  0	  0	  0	  0	  0	  0	  0	  0	  0	  0	  0	 76	 59	 42	 88	  0	 26	  0	  0	  0	  0	  0	  0	  0	  0	  0	  0	  0	  5	21818	  0
03-01-2016	18:13:13	<-	L	00000000	 25	 88	 60	 26	  0	189	  0	  4	  4	  4	  4	  4	  4	  4	  4	  0	  0	  0	  0	  0	  0	  0	  0	  0	  0	  0	  0	  0	  0	  0	  0	  0	  0	  0	  0	  0	  0	  0	  0	 88	 60	 28	 78	  0	 41	  0	  0	  0	  0	  0	  0	  0	  0	  0	  0	  0	  5	21818	  0
03-01-2016	18:18:14	<-	L	00000000	 25	 86	 59	 29	  0	194	  0	  4	  4	  4	  4	  4	  4	  4	  4	  0	  0	  0	  0	  0	  0	  0	  0	  0	  0	  0	  0	  0	  0	  0	  0	  0	  0	  0	  0	  0	  0	  0	  0	 86	 59	 28	 73	  0	 49	  0	  0	  0	  0	  0	  0	  0	  0	  0	  0	  0	  5	21818	  0
03-01-2016	18:23:13	<-	L	00000000	 25	 84	 59	 30	  0	199	  0	  4	  4	  4	  4	  4	  4	  4	  4	  0	  0	  0	  0	  0	  0	  0	  0	  0	  0	  0	  0	  0	  0	  0	  0	  0	  0	  0	  0	  0	  0	  0	  0	 84	 59	 29	 72	  0	 51	  0	  0	  0	  0	  0	  0	  0	  0	  0	  0	  0	  5	21818	  0
03-01-2016	18:28:13	<-	L	00000000	 25	 88	 59	 27	  0	204	  0	  4	  4	  4	  4	  4	  4	  4	  4	  0	  0	  0	  0	  0	  0	  0	  0	  0	  0	  0	  0	  0	  0	  0	  0	  0	  0	  0	  0	  0	  0	  0	  0	 88	 59	 26	 72	  0	 51	  0	  0	  0	  0	  0	  0	  0	  0	  0	  0	  0	  5	21818	  0
03-01-2016	18:33:13	<-	L	00000000	 25	 83	 59	 29	  0	209	  0	  4	  4	  4	  4	  4	  4	  4	  4	  0	  0	  0	  0	  0	  0	  0	  0	  0	  0	  0	  0	  0	  0	  0	  0	  0	  0	  0	  0	  0	  0	  0	  0	 83	 59	 31	 72	  0	 51	  0	  0	  0	  0	  0	  0	  0	  0	  0	  0	  0	  5	21818	  0
03-01-2016	18:38:14	<-	L	00000000	 25	 90	 60	 26	  0	214	  0	  4	  4	  4	  4	  4	  4	  4	  4	  0	  0	  0	  0	  0	  0	  0	  0	  0	  0	  0	  0	  0	  0	  0	  0	  0	  0	  0	  0	  0	  0	  0	  0	 90	 60	 26	 73	  0	 52	  0	  0	  0	  0	  0	  0	  0	  0	  0	  0	  0	  5	21818	  0
03-01-2016	18:43:14	<-	L	00000000	 25	 84	 59	 30	  0	219	  0	  4	  4	  4	  4	  4	  4	  4	  4	  0	  0	  0	  0	  0	  0	  0	  0	  0	  0	  0	  0	  0	  0	  0	  0	  0	  0	  0	  0	  0	  0	  0	  0	 84	 59	 29	 72	  0	 51	  0	  0	  0	  0	  0	  0	  0	  0	  0	  0	  0	  5	21818	  0
03-01-2016	18:48:14	<-	L	00000000	 25	 90	 60	 26	  0	224	  0	  4	  4	  4	  4	  4	  4	  4	  4	  0	  0	  0	  0	  0	  0	  0	  0	  0	  0	  0	  0	  0	  0	  0	  0	  0	  0	  0	  0	  0	  0	  0	  0	 90	 60	 26	 72	  0	 55	  0	  0	  0	  0	  0	  0	  0	  0	  0	  0	  0	  5	21818	  0
03-01-2016	18:53:14	<-	L	00000000	 25	 84	 59	 30	  0	229	  0	  4	  4	  4	  4	  4	  4	  4	  4	  0	  0	  0	  0	  0	  0	  0	  0	  0	  0	  0	  0	  0	  0	  0	  0	  0	  0	  0	  0	  0	  0	  0	  0	 84	 59	 29	 71	  0	 55	  0	  0	  0	  0	  0	  0	  0	  0	  0	  0	  0	  5	21818	  0
03-01-2016	18:58:14	<-	L	00000000	 25	 89	 59	 26	  0	234	  0	  4	  4	  4	  4	  4	  4	  4	  4	  0	  0	  0	  0	  0	  0	  0	  0	  0	  0	  0	  0	  0	  0	  0	  0	  0	  0	  0	  0	  0	  0	  0	  0	 89	 59	 25	 71	  0	 55	  0	  0	  0	  0	  0	  0	  0	  0	  0	  0	  0	  5	21818	  0
03-01-2016	19:03:14	<-	L	00000000	 25	 83	 59	 29	  0	239	  0	  4	  4	  4	  4	  4	  4	  4	  4	  0	  0	  0	  0	  0	  0	  0	  0	  0	  0	  0	  0	  0	  0	  0	  0	  0	  0	  0	  0	  0	  0	  0	  0	 83	 59	 31	 71	  0	 55	  0	  0	  0	  0	  0	  0	  0	  0	  0	  0	  0	  5	21818	  0
03-01-2016	19:08:14	<-	L	00000000	 25	 90	 60	 26	  0	244	  0	  4	  4	  4	  4	  4	  4	  4	  4	  0	  0	  0	  0	  0	  0	  0	  0	  0	  0	  0	  0	  0	  0	  0	  0	  0	  0	  0	  0	  0	  0	  0	  0	 90	 60	 26	 72	  0	 55	  0	  0	  0	  0	  0	  0	  0	  0	  0	  0	  0	  5	21818	  0
03-01-2016	19:13:14	<-	L	00000000	 25	 82	 58	 31	  0	249	  0	  4	  4	  4	  4	  4	  4	  4	  4	  0	  0	  0	  0	  0	  0	  0	  0	  0	  0	  0	  0	  0	  0	  0	  0	  0	  0	  0	  0	  0	  0	  0	  0	 82	 58	 31	 70	  0	 54	  0	  0	  0	  0	  0	  0	  0	  0	  0	  0	  0	  5	21818	  0
03-01-2016	19:18:14	<-	L	00000000	 25	 89	 59	 25	  0	254	  0	  4	  4	  4	  4	  4	  4	  4	  4	  0	  0	  0	  0	  0	  0	  0	  0	  0	  0	  0	  0	  0	  0	  0	  0	  0	  0	  0	  0	  0	  0	  0	  0	 89	 59	 25	 72	  0	 51	  0	  0	  0	  0	  0	  0	  0	  0	  0	  0	  0	  5	21818	  0
03-01-2016	19:23:15	<-	L	00000000	 25	 82	 59	 34	  0	259	  0	  4	  4	  4	  4	  4	  4	  4	  4	  0	  0	  0	  0	  0	  0	  0	  0	  0	  0	  0	  0	  0	  0	  0	  0	  0	  0	  0	  0	  0	  0	  0	  0	 82	 59	 31	 70	  0	 57	  0	  0	  0	  0	  0	  0	  0	  0	  0	  0	  0	  5	21818	  0
03-01-2016	19:28:14	<-	L	00000000	 25	 89	 60	 26	  0	264	  0	  4	  4	  4	  4	  4	  4	  4	  4	  0	  0	  0	  0	  0	  0	  0	  0	  0	  0	  0	  0	  0	  0	  0	  0	  0	  0	  0	  0	  0	  0	  0	  0	 89	 60	 26	 72	  0	 55	  0	  0	  0	  0	  0	  0	  0	  0	  0	  0	  0	  5	21818	  0
03-01-2016	19:33:14	<-	L	00000000	 25	 81	 58	 31	  0	269	  0	  4	  4	  4	  4	  4	  4	  4	  4	  0	  0	  0	  0	  0	  0	  0	  0	  0	  0	  0	  0	  0	  0	  0	  0	  0	  0	  0	  0	  0	  0	  0	  0	 81	 58	 31	 70	  0	 54	  0	  0	  0	  0	  0	  0	  0	  0	  0	  0	  0	  5	21818	  0
03-01-2016	19:38:14	<-	L	00000000	 25	 89	 60	 26	  0	274	  0	  4	  4	  4	  4	  4	  4	  4	  4	  0	  0	  0	  0	  0	  0	  0	  0	  0	  0	  0	  0	  0	  0	  0	  0	  0	  0	  0	  0	  0	  0	  0	  0	 89	 60	 26	 71	  0	 57	  0	  0	  0	  0	  0	  0	  0	  0	  0	  0	  0	  5	21818	  0
03-01-2016	19:43:14	<-	L	00000000	 25	 83	 58	 31	  0	279	  0	  4	  4	  4	  4	  4	  4	  4	  4	  0	  0	  0	  0	  0	  0	  0	  0	  0	  0	  0	  0	  0	  0	  0	  0	  0	  0	  0	  0	  0	  0	  0	  0	 83	 58	 31	 70	  0	 54	  0	  0	  0	  0	  0	  0	  0	  0	  0	  0	  0	  5	21818	  0
03-01-2016	19:48:14	<-	L	00000000	 25	 90	 60	 26	  0	284	  0	  4	  4	  4	  4	  4	  4	  4	  4	  0	  0	  0	  0	  0	  0	  0	  0	  0	  0	  0	  0	  0	  0	  0	  0	  0	  0	  0	  0	  0	  0	  0	  0	 90	 60	 26	 71	  0	 57	  0	  0	  0	  0	  0	  0	  0	  0	  0	  0	  0	  5	21818	  0
03-01-2016	19:53:15	<-	L	00000000	 25	 83	 58	 31	  0	289	  0	  4	  4	  4	  4	  4	  4	  4	  4	  0	  0	  0	  0	  0	  0	  0	  0	  0	  0	  0	  0	  0	  0	  0	  0	  0	  0	  0	  0	  0	  0	  0	  0	 83	 58	 29	 70	  0	 54	  0	  0	  0	  0	  0	  0	  0	  0	  0	  0	  0	  5	21818	  0
03-01-2016	19:58:15	<-	L	00000000	 25	 87	 59	 28	  0	294	  0	  4	  4	  4	  4	  4	  4	  4	  4	  0	  0	  0	  0	  0	  0	  0	  0	  0	  0	  0	  0	  0	  0	  0	  0	  0	  0	  0	  0	  0	  0	  0	  0	 87	 59	 27	 71	  0	 55	  0	  0	  0	  0	  0	  0	  0	  0	  0	  0	  0	  5	21818	  0
03-01-2016	20:03:15	<-	L	00000000	 25	 87	 59	 30	  0	299	  0	  4	  4	  4	  4	  4	  4	  4	  4	  0	  0	  0	  0	  0	  0	  0	  0	  0	  0	  0	  0	  0	  0	  0	  0	  0	  0	  0	  0	  0	  0	  0	  0	 87	 59	 27	 71	  0	 55	  0	  0	  0	  0	  0	  0	  0	  0	  0	  0	  0	  5	21818	  0
03-01-2016	20:08:15	<-	L	00000000	 26	 86	 59	 28	  0	  3	  0	  4	  4	  4	  4	  4	  4	  4	  4	  0	  0	  0	  0	  0	  0	  0	  0	  0	  0	  0	  0	  0	  0	  0	  0	  0	  0	  0	  0	  0	  0	  0	  0	 86	 59	 28	 71	  0	 55	  0	  0	  0	  0	  0	  0	  0	  0	  0	  0	  0	  5	21816	  0
03-01-2016	20:13:15	<-	L	00000000	 26	 84	 58	 29	  0	  8	  0	  4	  4	  4	  4	  4	  4	  4	  4	  0	  0	  0	  0	  0	  0	  0	  0	  0	  0	  0	  0	  0	  0	  0	  0	  0	  0	  0	  0	  0	  0	  0	  0	 84	 58	 29	 70	  0	 54	  0	  0	  0	  0	  0	  0	  0	  0	  0	  0	  0	  5	21816	  0
03-01-2016	20:18:15	<-	L	00000000	 26	 87	 59	 28	  0	 13	  0	  4	  4	  4	  4	  4	  4	  4	  4	  0	  0	  0	  0	  0	  0	  0	  0	  0	  0	  0	  0	  0	  0	  0	  0	  0	  0	  0	  0	  0	  0	  0	  0	 87	 59	 27	 71	  0	 55	  0	  0	  0	  0	  0	  0	  0	  0	  0	  0	  0	  5	21816	  0
03-01-2016	20:23:15	<-	L	00000000	 26	 87	 59	 28	  0	 18	  0	  4	  4	  4	  4	  4	  4	  4	  4	  0	  0	  0	  0	  0	  0	  0	  0	  0	  0	  0	  0	  0	  0	  0	  0	  0	  0	  0	  0	  0	  0	  0	  0	 87	 59	 27	 70	  0	 57	  0	  0	  0	  0	  0	  0	  0	  0	  0	  0	  0	  5	21816	  0
03-01-2016	20:28:16	<-	L	00000000	 26	 84	 59	 30	  0	 23	  0	  4	  4	  4	  4	  4	  4	  4	  4	  0	  0	  0	  0	  0	  0	  0	  0	  0	  0	  0	  0	  0	  0	  0	  0	  0	  0	  0	  0	  0	  0	  0	  0	 84	 59	 29	 71	  0	 55	  0	  0	  0	  0	  0	  0	  0	  0	  0	  0	  0	  5	21816	  0
03-01-2016	20:33:15	<-	L	00000000	 26	 86	 59	 30	  0	 28	  0	  4	  4	  4	  4	  4	  4	  4	  4	  0	  0	  0	  0	  0	  0	  0	  0	  0	  0	  0	  0	  0	  0	  0	  0	  0	  0	  0	  0	  0	  0	  0	  0	 86	 59	 28	 70	  0	 57	  0	  0	  0	  0	  0	  0	  0	  0	  0	  0	  0	  5	21816	  0
03-01-2016	20:38:15	<-	L	00000000	 26	 84	 59	 30	  0	 33	  0	  4	  4	  4	  4	  4	  4	  4	  4	  0	  0	  0	  0	  0	  0	  0	  0	  0	  0	  0	  0	  0	  0	  0	  0	  0	  0	  0	  0	  0	  0	  0	  0	 84	 59	 29	 70	  0	 57	  0	  0	  0	  0	  0	  0	  0	  0	  0	  0	  0	  5	21816	  0
03-01-2016	20:43:15	<-	L	00000000	 26	 88	 59	 27	  0	 38	  0	  4	  4	  4	  4	  4	  4	  4	  4	  0	  0	  0	  0	  0	  0	  0	  0	  0	  0	  0	  0	  0	  0	  0	  0	  0	  0	  0	  0	  0	  0	  0	  0	 88	 59	 26	 71	  0	 55	  0	  0	  0	  0	  0	  0	  0	  0	  0	  0	  0	  5	21816	  0
03-01-2016	20:48:15	<-	L	00000000	 26	 82	 58	 31	  0	 43	  0	  4	  4	  4	  4	  4	  4	  4	  4	  0	  0	  0	  0	  0	  0	  0	  0	  0	  0	  0	  0	  0	  0	  0	  0	  0	  0	  0	  0	  0	  0	  0	  0	 82	 58	 31	 70	  0	 54	  0	  0	  0	  0	  0	  0	  0	  0	  0	  0	  0	  5	21816	  0
03-01-2016	20:53:15	<-	L	00000000	 26	 88	 59	 27	  0	 48	  0	  4	  4	  4	  4	  4	  4	  4	  4	  0	  0	  0	  0	  0	  0	  0	  0	  0	  0	  0	  0	  0	  0	  0	  0	  0	  0	  0	  0	  0	  0	  0	  0	 88	 59	 26	 70	  0	 57	  0	  0	  0	  0	  0	  0	  0	  0	  0	  0	  0	  5	21816	  0
03-01-2016	20:58:15	<-	L	00000000	 26	 82	 58	 31	  0	 53	  0	  4	  4	  4	  4	  4	  4	  4	  4	  0	  0	  0	  0	  0	  0	  0	  0	  0	  0	  0	  0	  0	  0	  0	  0	  0	  0	  0	  0	  0	  0	  0	  0	 82	 58	 31	 69	  0	 57	  0	  0	  0	  0	  0	  0	  0	  0	  0	  0	  0	  5	21816	  0
03-01-2016	21:03:15	<-	L	00000000	 26	 87	 59	 27	  0	 58	  0	  4	  4	  4	  4	  4	  4	  4	  4	  0	  0	  0	  0	  0	  0	  0	  0	  0	  0	  0	  0	  0	  0	  0	  0	  0	  0	  0	  0	  0	  0	  0	  0	 87	 59	 27	 70	  0	 57	  0	  0	  0	  0	  0	  0	  0	  0	  0	  0	  0	  5	21816	  0
03-01-2016	21:08:16	<-	L	00000000	 26	 82	 58	 31	  0	 63	  0	  4	  4	  4	  4	  4	  4	  4	  4	  0	  0	  0	  0	  0	  0	  0	  0	  0	  0	  0	  0	  0	  0	  0	  0	  0	  0	  0	  0	  0	  0	  0	  0	 82	 58	 31	 69	  0	 57	  0	  0	  0	  0	  0	  0	  0	  0	  0	  0	  0	  5	21816	  0
03-01-2016	21:13:16	<-	L	00000000	 26	 87	 59	 27	  0	 68	  0	  4	  4	  4	  4	  4	  4	  4	  4	  0	  0	  0	  0	  0	  0	  0	  0	  0	  0	  0	  0	  0	  0	  0	  0	  0	  0	  0	  0	  0	  0	  0	  0	 87	 59	 27	 71	  0	 55	  0	  0	  0	  0	  0	  0	  0	  0	  0	  0	  0	  5	21816	  0
03-01-2016	21:18:16	<-	L	00000000	 26	 84	 58	 29	  0	 73	  0	  4	  4	  4	  4	  4	  4	  4	  4	  0	  0	  0	  0	  0	  0	  0	  0	  0	  0	  0	  0	  0	  0	  0	  0	  0	  0	  0	  0	  0	  0	  0	  0	 84	 58	 29	 70	  0	 54	  0	  0	  0	  0	  0	  0	  0	  0	  0	  0	  0	  5	21816	  0
03-01-2016	21:23:16	<-	L	00000000	 26	 86	 59	 27	  0	 78	  0	  4	  4	  4	  4	  4	  4	  4	  4	  0	  0	  0	  0	  0	  0	  0	  0	  0	  0	  0	  0	  0	  0	  0	  0	  0	  0	  0	  0	  0	  0	  0	  0	 86	 59	 28	 70	  0	 57	  0	  0	  0	  0	  0	  0	  0	  0	  0	  0	  0	  5	21816	  0
03-01-2016	21:28:17	<-	L	00000000	 26	 85	 58	 29	  0	 83	  0	  4	  4	  4	  4	  4	  4	  4	  4	  0	  0	  0	  0	  0	  0	  0	  0	  0	  0	  0	  0	  0	  0	  0	  0	  0	  0	  0	  0	  0	  0	  0	  0	 85	 58	 28	 69	  0	 57	  0	  0	  0	  0	  0	  0	  0	  0	  0	  0	  0	  5	21816	  0
03-01-2016	21:33:16	<-	L	00000000	 26	 86	 59	 27	  0	 88	  0	  4	  4	  4	  4	  4	  4	  4	  4	  0	  0	  0	  0	  0	  0	  0	  0	  0	  0	  0	  0	  0	  0	  0	  0	  0	  0	  0	  0	  0	  0	  0	  0	 86	 59	 28	 70	  0	 57	  0	  0	  0	  0	  0	  0	  0	  0	  0	  0	  0	  5	21816	  0
03-01-2016	21:38:16	<-	L	00000000	 26	 86	 58	 28	  0	 93	  0	  4	  4	  4	  4	  4	  4	  4	  4	  0	  0	  0	  0	  0	  0	  0	  0	  0	  0	  0	  0	  0	  0	  0	  0	  0	  0	  0	  0	  0	  0	  0	  0	 86	 58	 27	 70	  0	 54	  0	  0	  0	  0	  0	  0	  0	  0	  0	  0	  0	  5	21816	  0
03-01-2016	21:43:16	<-	L	00000000	 26	 82	 58	 29	  0	 98	  0	  4	  4	  4	  4	  4	  4	  4	  4	  0	  0	  0	  0	  0	  0	  0	  0	  0	  0	  0	  0	  0	  0	  0	  0	  0	  0	  0	  0	  0	  0	  0	  0	 82	 58	 31	 70	  0	 54	  0	  0	  0	  0	  0	  0	  0	  0	  0	  0	  0	  5	21816	  0
03-01-2016	21:48:16	<-	L	00000000	 26	 88	 59	 27	  0	103	  0	  4	  4	  4	  4	  4	  4	  4	  4	  0	  0	  0	  0	  0	  0	  0	  0	  0	  0	  0	  0	  0	  0	  0	  0	  0	  0	  0	  0	  0	  0	  0	  0	 88	 59	 26	 71	  0	 55	  0	  0	  0	  0	  0	  0	  0	  0	  0	  0	  0	  5	21816	  0
03-01-2016	21:53:16	<-	L	00000000	 26	 83	 58	 29	  0	108	  0	  4	  4	  4	  4	  4	  4	  4	  4	  0	  0	  0	  0	  0	  0	  0	  0	  0	  0	  0	  0	  0	  0	  0	  0	  0	  0	  0	  0	  0	  0	  0	  0	 83	 58	 29	 70	  0	 54	  0	  0	  0	  0	  0	  0	  0	  0	  0	  0	  0	  5	21816	  0
03-01-2016	21:58:16	<-	L	00000000	 26	 90	 59	 25	  0	113	  0	  4	  4	  4	  4	  4	  4	  4	  4	  0	  0	  0	  0	  0	  0	  0	  0	  0	  0	  0	  0	  0	  0	  0	  0	  0	  0	  0	  0	  0	  0	  0	  0	 90	 59	 25	 71	  0	 55	  0	  0	  0	  0	  0	  0	  0	  0	  0	  0	  0	  5	21816	  0
03-01-2016	22:03:16	<-	L	00000000	 26	 81	 58	 31	  0	118	  0	  4	  4	  4	  4	  4	  4	  4	  4	  0	  0	  0	  0	  0	  0	  0	  0	  0	  0	  0	  0	  0	  0	  0	  0	  0	  0	  0	  0	  0	  0	  0	  0	 81	 58	 31	 70	  0	 54	  0	  0	  0	  0	  0	  0	  0	  0	  0	  0	  0	  5	21816	  0
03-01-2016	22:08:16	<-	L	00000000	 26	 90	 59	 25	  0	123	  0	  4	  4	  4	  4	  4	  4	  4	  4	  0	  0	  0	  0	  0	  0	  0	  0	  0	  0	  0	  0	  0	  0	  0	  0	  0	  0	  0	  0	  0	  0	  0	  0	 90	 59	 25	 71	  0	 55	  0	  0	  0	  0	  0	  0	  0	  0	  0	  0	  0	  5	21816	  0
03-01-2016	22:13:16	->	L	00000000	 26	 87	 57	 27	  0	128	  0	  4	  4	  4	  4	  4	  4	  4	  4	  0	  0	  0	  0	  0	  0	  0	  0	  0	  0	  0	  0	  0	  0	  0	  0	  0	  0	  0	  0	  0	  0	  0	  0	 79	 57	 33	 87	  0	 24	  0	  0	  0	  0	  0	  0	  0	  0	  0	  0	  0	  5	21816	  0
03-01-2016	22:18:17	->	L	00000000	 26	 89	 57	 23	  0	133	  0	  4	  4	  4	  4	  4	  4	  4	  4	  0	  0	  0	  0	  0	  0	  0	  0	  0	  0	  0	  0	  0	  0	  0	  0	  0	  0	  0	  0	  0	  0	  0	  0	 79	 57	 33	 89	  0	 23	  0	  0	  0	  0	  0	  0	  0	  0	  0	  0	  0	  5	21816	  0
03-01-2016	22:23:17	->	L	00000000	 26	 85	 57	 25	  0	138	  0	  4	  4	  4	  4	  4	  4	  4	  4	  0	  0	  0	  0	  0	  0	  0	  0	  0	  0	  0	  0	  0	  0	  0	  0	  0	  0	  0	  0	  0	  0	  0	  0	 77	 57	 36	 85	  0	 27	  0	  0	  0	  0	  0	  0	  0	  0	  0	  0	  0	  5	21816	  0
03-01-2016	22:28:18	->	L	00000000	 26	 82	 56	 29	  0	143	  0	  4	  4	  4	  4	  4	  4	  4	  4	  0	  0	  0	  0	  0	  0	  0	  0	  0	  0	  0	  0	  0	  0	  0	  0	  0	  0	  0	  0	  0	  0	  0	  0	 75	 56	 37	 82	  0	 29	  0	  0	  0	  0	  0	  0	  0	  0	  0	  0	  0	  5	21816	  0
03-01-2016	22:33:17	->	L	00000000	 26	 86	 57	 27	  0	148	  0	  4	  4	  4	  4	  4	  4	  4	  4	  0	  0	  0	  0	  0	  0	  0	  0	  0	  0	  0	  0	  0	  0	  0	  0	  0	  0	  0	  0	  0	  0	  0	  0	 77	 57	 36	 86	  0	 25	  0	  0	  0	  0	  0	  0	  0	  0	  0	  0	  0	  5	21816	  0
03-01-2016	22:38:17	->	L	00000000	 26	 87	 57	 24	  0	153	  0	  4	  4	  4	  4	  4	  4	  4	  4	  0	  0	  0	  0	  0	  0	  0	  0	  0	  0	  0	  0	  0	  0	  0	  0	  0	  0	  0	  0	  0	  0	  0	  0	 77	 57	 36	 87	  0	 24	  0	  0	  0	  0	  0	  0	  0	  0	  0	  0	  0	  5	21816	  0
03-01-2016	22:43:17	->	L	00000000	 26	 83	 56	 27	  0	158	  0	  4	  4	  4	  4	  4	  4	  4	  4	  0	  0	  0	  0	  0	  0	  0	  0	  0	  0	  0	  0	  0	  0	  0	  0	  0	  0	  0	  0	  0	  0	  0	  0	 75	 56	 37	 83	  0	 27	  0	  0	  0	  0	  0	  0	  0	  0	  0	  0	  0	  5	21816	  0
03-01-2016	22:48:17	->	L	00000000	 26	 84	 56	 27	  0	163	  0	  4	  4	  4	  4	  4	  4	  4	  4	  0	  0	  0	  0	  0	  0	  0	  0	  0	  0	  0	  0	  0	  0	  0	  0	  0	  0	  0	  0	  0	  0	  0	  0	 75	 56	 37	 84	  0	 26	  0	  0	  0	  0	  0	  0	  0	  0	  0	  0	  0	  5	21816	  0
03-01-2016	22:53:17	->	L	00000000	 26	 88	 57	 24	  0	168	  0	  4	  4	  4	  4	  4	  4	  4	  4	  0	  0	  0	  0	  0	  0	  0	  0	  0	  0	  0	  0	  0	  0	  0	  0	  0	  0	  0	  0	  0	  0	  0	  0	 77	 57	 36	 88	  0	 24	  0	  0	  0	  0	  0	  0	  0	  0	  0	  0	  0	  5	21816	  0
03-01-2016	22:58:17	->	L	00000000	 26	 83	 57	 27	  0	173	  0	  4	  4	  4	  4	  4	  4	  4	  4	  0	  0	  0	  0	  0	  0	  0	  0	  0	  0	  0	  0	  0	  0	  0	  0	  0	  0	  0	  0	  0	  0	  0	  0	 75	 57	 40	 83	  0	 29	  0	  0	  0	  0	  0	  0	  0	  0	  0	  0	  0	  5	21816	  0
03-01-2016	23:03:17	->	L	00000000	 26	 82	 56	 29	  0	178	  0	  4	  4	  4	  4	  4	  4	  4	  4	  0	  0	  0	  0	  0	  0	  0	  0	  0	  0	  0	  0	  0	  0	  0	  0	  0	  0	  0	  0	  0	  0	  0	  0	 74	 56	 40	 82	  0	 29	  0	  0	  0	  0	  0	  0	  0	  0	  0	  0	  0	  5	21816	  0
03-01-2016	23:08:17	->	L	00000000	 26	 88	 57	 24	  0	183	  0	  4	  4	  4	  4	  4	  4	  4	  4	  0	  0	  0	  0	  0	  0	  0	  0	  0	  0	  0	  0	  0	  0	  0	  0	  0	  0	  0	  0	  0	  0	  0	  0	 77	 57	 36	 88	  0	 24	  0	  0	  0	  0	  0	  0	  0	  0	  0	  0	  0	  5	21816	  0
03-01-2016	23:13:17	->	L	00000000	 26	 86	 57	 24	  0	188	  0	  4	  4	  4	  4	  4	  4	  4	  4	  0	  0	  0	  0	  0	  0	  0	  0	  0	  0	  0	  0	  0	  0	  0	  0	  0	  0	  0	  0	  0	  0	  0	  0	 76	 57	 38	 86	  0	 25	  0	  0	  0	  0	  0	  0	  0	  0	  0	  0	  0	  5	21816	  0
03-01-2016	23:18:17	->	L	00000000	 26	 82	 56	 29	  0	193	  0	  4	  4	  4	  4	  4	  4	  4	  4	  0	  0	  0	  0	  0	  0	  0	  0	  0	  0	  0	  0	  0	  0	  0	  0	  0	  0	  0	  0	  0	  0	  0	  0	 74	 56	 40	 82	  0	 29	  0	  0	  0	  0	  0	  0	  0	  0	  0	  0	  0	  5	21816	  0
03-01-2016	23:23:18	->	L	00000000	 26	 86	 57	 25	  0	198	  0	  4	  4	  4	  4	  4	  4	  4	  4	  0	  0	  0	  0	  0	  0	  0	  0	  0	  0	  0	  0	  0	  0	  0	  0	  0	  0	  0	  0	  0	  0	  0	  0	 76	 57	 38	 86	  0	 25	  0	  0	  0	  0	  0	  0	  0	  0	  0	  0	  0	  5	21816	  0
03-01-2016	23:28:18	->	L	00000000	 26	 88	 57	 23	  0	203	  0	  4	  4	  4	  4	  4	  4	  4	  4	  0	  0	  0	  0	  0	  0	  0	  0	  0	  0	  0	  0	  0	  0	  0	  0	  0	  0	  0	  0	  0	  0	  0	  0	 77	 57	 36	 88	  0	 24	  0	  0	  0	  0	  0	  0	  0	  0	  0	  0	  0	  5	21816	  0
03-01-2016	23:33:18	->	L	00000000	 26	 85	 57	 25	  0	208	  0	  4	  4	  4	  4	  4	  4	  4	  4	  0	  0	  0	  0	  0	  0	  0	  0	  0	  0	  0	  0	  0	  0	  0	  0	  0	  0	  0	  0	  0	  0	  0	  0	 76	 57	 38	 84	  0	 27	  0	  0	  0	  0	  0	  0	  0	  0	  0	  0	  0	  5	21816	  0
03-01-2016	23:38:18	->	L	00000000	 26	 82	 56	 28	  0	213	  0	  4	  4	  4	  4	  4	  4	  4	  4	  0	  0	  0	  0	  0	  0	  0	  0	  0	  0	  0	  0	  0	  0	  0	  0	  0	  0	  0	  0	  0	  0	  0	  0	 74	 56	 40	 82	  0	 29	  0	  0	  0	  0	  0	  0	  0	  0	  0	  0	  0	  5	21816	  0
03-01-2016	23:43:18	->	L	00000000	 26	 89	 57	 24	  0	218	  0	  4	  4	  4	  4	  4	  4	  4	  4	  0	  0	  0	  0	  0	  0	  0	  0	  0	  0	  0	  0	  0	  0	  0	  0	  0	  0	  0	  0	  0	  0	  0	  0	 77	 57	 36	 89	  0	 23	  0	  0	  0	  0	  0	  0	  0	  0	  0	  0	  0	  5	21816	  0
03-01-2016	23:48:18	->	L	00000000	 26	 86	 57	 24	  0	223	  0	  4	  4	  4	  4	  4	  4	  4	  4	  0	  0	  0	  0	  0	  0	  0	  0	  0	  0	  0	  0	  0	  0	  0	  0	  0	  0	  0	  0	  0	  0	  0	  0	 76	 57	 38	 86	  0	 24	  0	  0	  0	  0	  0	  0	  0	  0	  0	  0	  0	  5	21816	  0
03-01-2016	23:53:18	->	L	00000000	 26	 82	 56	 29	  0	228	  0	  4	  4	  4	  4	  4	  4	  4	  4	  0	  0	  0	  0	  0	  0	  0	  0	  0	  0	  0	  0	  0	  0	  0	  0	  0	  0	  0	  0	  0	  0	  0	  0	 74	 56	 40	 82	  0	 29	  0	  0	  0	  0	  0	  0	  0	  0	  0	  0	  0	  5	21816	  0
03-01-2016	23:58:18	->	L	00000000	 26	 85	 56	 26	  0	233	  0	  4	  4	  4	  4	  4	  4	  4	  4	  0	  0	  0	  0	  0	  0	  0	  0	  0	  0	  0	  0	  0	  0	  0	  0	  0	  0	  0	  0	  0	  0	  0	  0	 75	 56	 37	 85	  0	 25	  0	  0	  0	  0	  0	  0	  0	  0	  0	  0	  0	  5	21816	  0
04-01-2016	00:03:18	->	L	00000000	 26	 89	 57	 23	  0	238	  0	  4	  4	  4	  4	  4	  4	  4	  4	  0	  0	  0	  0	  0	  0	  0	  0	  0	  0	  0	  0	  0	  0	  0	  0	  0	  0	  0	  0	  0	  0	  0	  0	 78	 57	 33	 89	  0	 23	  0	  0	  0	  0	  0	  0	  0	  0	  0	  0	  0	  5	21816	  0
04-01-2016	00:08:18	->	L	00000000	 26	 88	 58	 24	  0	243	  0	  4	  4	  4	  4	  4	  4	  4	  4	  0	  0	  0	  0	  0	  0	  0	  0	  0	  0	  0	  0	  0	  0	  0	  0	  0	  0	  0	  0	  0	  0	  0	  0	 78	 58	 37	 88	  0	 25	  0	  0	  0	  0	  0	  0	  0	  0	  0	  0	  0	  5	21817	  0
04-01-2016	00:13:18	->	L	00000000	 26	 82	 57	 29	  0	248	  0	  4	  4	  4	  4	  4	  4	  4	  4	  0	  0	  0	  0	  0	  0	  0	  0	  0	  0	  0	  0	  0	  0	  0	  0	  0	  0	  0	  0	  0	  0	  0	  0	 75	 57	 40	 82	  0	 29	  0	  0	  0	  0	  0	  0	  0	  0	  0	  0	  0	  5	21817	  0
04-01-2016	00:18:18	->	L	00000000	 26	 88	 58	 25	  0	253	  0	  4	  4	  4	  4	  4	  4	  4	  4	  0	  0	  0	  0	  0	  0	  0	  0	  0	  0	  0	  0	  0	  0	  0	  0	  0	  0	  0	  0	  0	  0	  0	  0	 77	 58	 38	 88	  0	 25	  0	  0	  0	  0	  0	  0	  0	  0	  0	  0	  0	  5	21817	  0
04-01-2016	00:23:18	->	L	00000000	 26	 87	 58	 25	  0	258	  0	  4	  4	  4	  4	  4	  4	  4	  4	  0	  0	  0	  0	  0	  0	  0	  0	  0	  0	  0	  0	  0	  0	  0	  0	  0	  0	  0	  0	  0	  0	  0	  0	 77	 58	 38	 87	  0	 25	  0	  0	  0	  0	  0	  0	  0	  0	  0	  0	  0	  5	21817	  0
04-01-2016	00:28:18	->	L	00000000	 26	 82	 57	 29	  0	263	  0	  4	  4	  4	  4	  4	  4	  4	  4	  0	  0	  0	  0	  0	  0	  0	  0	  0	  0	  0	  0	  0	  0	  0	  0	  0	  0	  0	  0	  0	  0	  0	  0	 75	 57	 40	 82	  0	 29	  0	  0	  0	  0	  0	  0	  0	  0	  0	  0	  0	  5	21817	  0
04-01-2016	00:33:18	->	L	00000000	 26	 84	 57	 27	  0	268	  0	  4	  4	  4	  4	  4	  4	  4	  4	  0	  0	  0	  0	  0	  0	  0	  0	  0	  0	  0	  0	  0	  0	  0	  0	  0	  0	  0	  0	  0	  0	  0	  0	 76	 57	 38	 84	  0	 27	  0	  0	  0	  0	  0	  0	  0	  0	  0	  0	  0	  5	21817	  0
04-01-2016	00:38:19	->	L	00000000	 26	 88	 58	 25	  0	273	  0	  4	  4	  4	  4	  4	  4	  4	  4	  0	  0	  0	  0	  0	  0	  0	  0	  0	  0	  0	  0	  0	  0	  0	  0	  0	  0	  0	  0	  0	  0	  0	  0	 77	 58	 38	 88	  0	 25	  0	  0	  0	  0	  0	  0	  0	  0	  0	  0	  0	  5	21817	  0
04-01-2016	00:43:19	->	L	00000000	 26	 85	 58	 27	  0	278	  0	  4	  4	  4	  4	  4	  4	  4	  4	  0	  0	  0	  0	  0	  0	  0	  0	  0	  0	  0	  0	  0	  0	  0	  0	  0	  0	  0	  0	  0	  0	  0	  0	 76	 58	 41	 85	  0	 28	  0	  0	  0	  0	  0	  0	  0	  0	  0	  0	  0	  5	21817	  0
04-01-2016	00:48:19	->	L	00000000	 26	 82	 57	 29	  0	283	  0	  4	  4	  4	  4	  4	  4	  4	  4	  0	  0	  0	  0	  0	  0	  0	  0	  0	  0	  0	  0	  0	  0	  0	  0	  0	  0	  0	  0	  0	  0	  0	  0	 75	 57	 40	 82	  0	 29	  0	  0	  0	  0	  0	  0	  0	  0	  0	  0	  0	  5	21817	  0
04-01-2016	00:53:19	->	L	00000000	 26	 87	 58	 27	  0	288	  0	  4	  4	  4	  4	  4	  4	  4	  4	  0	  0	  0	  0	  0	  0	  0	  0	  0	  0	  0	  0	  0	  0	  0	  0	  0	  0	  0	  0	  0	  0	  0	  0	 77	 58	 38	 87	  0	 25	  0	  0	  0	  0	  0	  0	  0	  0	  0	  0	  0	  5	21817	  0
04-01-2016	00:58:19	->	L	00000000	 26	 87	 58	 25	  0	293	  0	  4	  4	  4	  4	  4	  4	  4	  4	  0	  0	  0	  0	  0	  0	  0	  0	  0	  0	  0	  0	  0	  0	  0	  0	  0	  0	  0	  0	  0	  0	  0	  0	 77	 58	 38	 87	  0	 25	  0	  0	  0	  0	  0	  0	  0	  0	  0	  0	  0	  5	21817	  0
04-01-2016	01:03:19	->	L	00000000	 26	 83	 57	 29	  0	298	  0	  4	  4	  4	  4	  4	  4	  4	  4	  0	  0	  0	  0	  0	  0	  0	  0	  0	  0	  0	  0	  0	  0	  0	  0	  0	  0	  0	  0	  0	  0	  0	  0	 75	 57	 40	 83	  0	 29	  0	  0	  0	  0	  0	  0	  0	  0	  0	  0	  0	  5	21817	  0
04-01-2016	01:08:19	->	L	00000000	 27	 83	 57	 29	  0	  2	  0	  4	  4	  4	  4	  4	  4	  4	  4	  0	  0	  0	  0	  0	  0	  0	  0	  0	  0	  0	  0	  0	  0	  0	  0	  0	  0	  0	  0	  0	  0	  0	  0	 74	 57	 41	 83	  0	 29	  0	  0	  0	  0	  0	  0	  0	  0	  0	  0	  0	  5	21816	  0
04-01-2016	01:13:19	->	L	00000000	 27	 89	 57	 23	  0	  7	  0	  4	  4	  4	  4	  4	  4	  4	  4	  0	  0	  0	  0	  0	  0	  0	  0	  0	  0	  0	  0	  0	  0	  0	  0	  0	  0	  0	  0	  0	  0	  0	  0	 77	 57	 36	 89	  0	 23	  0	  0	  0	  0	  0	  0	  0	  0	  0	  0	  0	  5	21816	  0
04-01-2016	01:18:19	->	L	00000000	 27	 87	 57	 24	  0	 12	  0	  4	  4	  4	  4	  4	  4	  4	  4	  0	  0	  0	  0	  0	  0	  0	  0	  0	  0	  0	  0	  0	  0	  0	  0	  0	  0	  0	  0	  0	  0	  0	  0	 77	 57	 36	 87	  0	 24	  0	  0	  0	  0	  0	  0	  0	  0	  0	  0	  0	  5	21816	  0
04-01-2016	01:23:19	->	L	00000000	 27	 82	 56	 29	  0	 17	  0	  4	  4	  4	  4	  4	  4	  4	  4	  0	  0	  0	  0	  0	  0	  0	  0	  0	  0	  0	  0	  0	  0	  0	  0	  0	  0	  0	  0	  0	  0	  0	  0	 75	 56	 37	 82	  0	 29	  0	  0	  0	  0	  0	  0	  0	  0	  0	  0	  0	  5	21816	  0
04-01-2016	01:28:19	->	L	00000000	 27	 85	 56	 26	  0	 22	  0	  4	  4	  4	  4	  4	  4	  4	  4	  0	  0	  0	  0	  0	  0	  0	  0	  0	  0	  0	  0	  0	  0	  0	  0	  0	  0	  0	  0	  0	  0	  0	  0	 76	 56	 36	 85	  0	 25	  0	  0	  0	  0	  0	  0	  0	  0	  0	  0	  0	  5	21816	  0
04-01-2016	01:33:20	->	L	00000000	 27	 89	 57	 23	  0	 27	  0	  4	  4	  4	  4	  4	  4	  4	  4	  0	  0	  0	  0	  0	  0	  0	  0	  0	  0	  0	  0	  0	  0	  0	  0	  0	  0	  0	  0	  0	  0	  0	  0	 78	 57	 33	 89	  0	 23	  0	  0	  0	  0	  0	  0	  0	  0	  0	  0	  0	  5	21816	  0
04-01-2016	01:38:19	->	L	00000000	 27	 86	 57	 25	  0	 32	  0	  4	  4	  4	  4	  4	  4	  4	  4	  0	  0	  0	  0	  0	  0	  0	  0	  0	  0	  0	  0	  0	  0	  0	  0	  0	  0	  0	  0	  0	  0	  0	  0	 76	 57	 38	 86	  0	 25	  0	  0	  0	  0	  0	  0	  0	  0	  0	  0	  0	  5	21816	  0
04-01-2016	01:43:20	->	L	00000000	 27	 82	 56	 29	  0	 37	  0	  4	  4	  4	  4	  4	  4	  4	  4	  0	  0	  0	  0	  0	  0	  0	  0	  0	  0	  0	  0	  0	  0	  0	  0	  0	  0	  0	  0	  0	  0	  0	  0	 74	 56	 40	 82	  0	 29	  0	  0	  0	  0	  0	  0	  0	  0	  0	  0	  0	  5	21816	  0
04-01-2016	01:48:19	->	L	00000000	 27	 88	 57	 24	  0	 42	  0	  4	  4	  4	  4	  4	  4	  4	  4	  0	  0	  0	  0	  0	  0	  0	  0	  0	  0	  0	  0	  0	  0	  0	  0	  0	  0	  0	  0	  0	  0	  0	  0	 77	 57	 36	 88	  0	 24	  0	  0	  0	  0	  0	  0	  0	  0	  0	  0	  0	  5	21816	  0
04-01-2016	01:53:19	->	L	00000000	 27	 86	 57	 24	  0	 47	  0	  4	  4	  4	  4	  4	  4	  4	  4	  0	  0	  0	  0	  0	  0	  0	  0	  0	  0	  0	  0	  0	  0	  0	  0	  0	  0	  0	  0	  0	  0	  0	  0	 77	 57	 36	 86	  0	 25	  0	  0	  0	  0	  0	  0	  0	  0	  0	  0	  0	  5	21816	  0
04-01-2016	01:58:20	->	L	00000000	 27	 82	 56	 29	  0	 52	  0	  4	  4	  4	  4	  4	  4	  4	  4	  0	  0	  0	  0	  0	  0	  0	  0	  0	  0	  0	  0	  0	  0	  0	  0	  0	  0	  0	  0	  0	  0	  0	  0	 75	 56	 37	 82	  0	 29	  0	  0	  0	  0	  0	  0	  0	  0	  0	  0	  0	  5	21816	  0
04-01-2016	02:03:20	->	L	00000000	 27	 86	 57	 25	  0	 57	  0	  4	  4	  4	  4	  4	  4	  4	  4	  0	  0	  0	  0	  0	  0	  0	  0	  0	  0	  0	  0	  0	  0	  0	  0	  0	  0	  0	  0	  0	  0	  0	  0	 77	 57	 36	 86	  0	 25	  0	  0	  0	  0	  0	  0	  0	  0	  0	  0	  0	  5	21816	  0
04-01-2016	02:08:20	->	L	00000000	 27	 89	 57	 23	  0	 62	  0	  4	  4	  4	  4	  4	  4	  4	  4	  0	  0	  0	  0	  0	  0	  0	  0	  0	  0	  0	  0	  0	  0	  0	  0	  0	  0	  0	  0	  0	  0	  0	  0	 78	 57	 33	 89	  0	 23	  0	  0	  0	  0	  0	  0	  0	  0	  0	  0	  0	  5	21816	  0
04-01-2016	02:13:20	<-	L	00000000	 27	 85	 59	 29	  0	 67	  0	  4	  4	  4	  4	  4	  4	  4	  4	  0	  0	  0	  0	  0	  0	  0	  0	  0	  0	  0	  0	  0	  0	  0	  0	  0	  0	  0	  0	  0	  0	  0	  0	 85	 59	 30	 77	  0	 41	  0	  0	  0	  0	  0	  0	  0	  0	  0	  0	  0	  5	21816	  0
04-01-2016	02:18:20	<-	L	00000000	 27	 87	 59	 26	  0	 72	  0	  4	  4	  4	  4	  4	  4	  4	  4	  0	  0	  0	  0	  0	  0	  0	  0	  0	  0	  0	  0	  0	  0	  0	  0	  0	  0	  0	  0	  0	  0	  0	  0	 87	 59	 27	 73	  0	 49	  0	  0	  0	  0	  0	  0	  0	  0	  0	  0	  0	  5	21816	  0
04-01-2016	02:23:20	<-	L	00000000	 27	 85	 58	 29	  0	 77	  0	  4	  4	  4	  4	  4	  4	  4	  4	  0	  0	  0	  0	  0	  0	  0	  0	  0	  0	  0	  0	  0	  0	  0	  0	  0	  0	  0	  0	  0	  0	  0	  0	 85	 58	 28	 72	  0	 49	  0	  0	  0	  0	  0	  0	  0	  0	  0	  0	  0	  5	21816	  0
04-01-2016	02:28:20	<-	L	00000000	 27	 85	 59	 28	  0	 82	  0	  4	  4	  4	  4	  4	  4	  4	  4	  0	  0	  0	  0	  0	  0	  0	  0	  0	  0	  0	  0	  0	  0	  0	  0	  0	  0	  0	  0	  0	  0	  0	  0	 85	 59	 30	 72	  0	 51	  0	  0	  0	  0	  0	  0	  0	  0	  0	  0	  0	  5	21816	  0
04-01-2016	02:33:20	<-	L	00000000	 27	 86	 58	 28	  0	 87	  0	  4	  4	  4	  4	  4	  4	  4	  4	  0	  0	  0	  0	  0	  0	  0	  0	  0	  0	  0	  0	  0	  0	  0	  0	  0	  0	  0	  0	  0	  0	  0	  0	 86	 58	 27	 71	  0	 51	  0	  0	  0	  0	  0	  0	  0	  0	  0	  0	  0	  5	21816	  0
04-01-2016	02:38:20	<-	L	00000000	 27	 83	 58	 29	  0	 92	  0	  4	  4	  4	  4	  4	  4	  4	  4	  0	  0	  0	  0	  0	  0	  0	  0	  0	  0	  0	  0	  0	  0	  0	  0	  0	  0	  0	  0	  0	  0	  0	  0	 83	 58	 29	 71	  0	 51	  0	  0	  0	  0	  0	  0	  0	  0	  0	  0	  0	  5	21816	  0
04-01-2016	02:43:20	<-	L	00000000	 27	 88	 58	 25	  0	 97	  0	  4	  4	  4	  4	  4	  4	  4	  4	  0	  0	  0	  0	  0	  0	  0	  0	  0	  0	  0	  0	  0	  0	  0	  0	  0	  0	  0	  0	  0	  0	  0	  0	 88	 58	 25	 71	  0	 51	  0	  0	  0	  0	  0	  0	  0	  0	  0	  0	  0	  5	21816	  0
04-01-2016	02:48:20	<-	L	00000000	 27	 82	 58	 29	  0	102	  0	  4	  4	  4	  4	  4	  4	  4	  4	  0	  0	  0	  0	  0	  0	  0	  0	  0	  0	  0	  0	  0	  0	  0	  0	  0	  0	  0	  0	  0	  0	  0	  0	 82	 58	 31	 70	  0	 54	  0	  0	  0	  0	  0	  0	  0	  0	  0	  0	  0	  5	21816	  0
04-01-2016	02:53:20	<-	L	00000000	 27	 87	 58	 27	  0	107	  0	  4	  4	  4	  4	  4	  4	  4	  4	  0	  0	  0	  0	  0	  0	  0	  0	  0	  0	  0	  0	  0	  0	  0	  0	  0	  0	  0	  0	  0	  0	  0	  0	 87	 58	 25	 70	  0	 54	  0	  0	  0	  0	  0	  0	  0	  0	  0	  0	  0	  5	21816	  0
04-01-2016	02:58:20	<-	L	00000000	 27	 84	 58	 28	  0	112	  0	  4	  4	  4	  4	  4	  4	  4	  4	  0	  0	  0	  0	  0	  0	  0	  0	  0	  0	  0	  0	  0	  0	  0	  0	  0	  0	  0	  0	  0	  0	  0	  0	 84	 58	 29	 70	  0	 54	  0	  0	  0	  0	  0	  0	  0	  0	  0	  0	  0	  5	21816	  0
04-01-2016	03:03:21	<-	L	00000000	 27	 85	 58	 29	  0	117	  0	  4	  4	  4	  4	  4	  4	  4	  4	  0	  0	  0	  0	  0	  0	  0	  0	  0	  0	  0	  0	  0	  0	  0	  0	  0	  0	  0	  0	  0	  0	  0	  0	 85	 58	 28	 70	  0	 54	  0	  0	  0	  0	  0	  0	  0	  0	  0	  0	  0	  5	21816	  0
04-01-2016	03:08:21	<-	L	00000000	 27	 85	 58	 28	  0	122	  0	  4	  4	  4	  4	  4	  4	  4	  4	  0	  0	  0	  0	  0	  0	  0	  0	  0	  0	  0	  0	  0	  0	  0	  0	  0	  0	  0	  0	  0	  0	  0	  0	 85	 58	 28	 70	  0	 54	  0	  0	  0	  0	  0	  0	  0	  0	  0	  0	  0	  5	21816	  0
04-01-2016	03:13:21	<-	L	00000000	 27	 86	 59	 30	  0	127	  0	  4	  4	  4	  4	  4	  4	  4	  4	  0	  0	  0	  0	  0	  0	  0	  0	  0	  0	  0	  0	  0	  0	  0	  0	  0	  0	  0	  0	  0	  0	  0	  0	 86	 59	 28	 71	  0	 55	  0	  0	  0	  0	  0	  0	  0	  0	  0	  0	  0	  5	21820	  0
04-01-2016	03:18:21	<-	L	00000000	 27	 85	 60	 30	  0	132	  0	  4	  4	  4	  4	  4	  4	  4	  4	  0	  0	  0	  0	  0	  0	  0	  0	  0	  0	  0	  0	  0	  0	  0	  0	  0	  0	  0	  0	  0	  0	  0	  0	 85	 60	 30	 72	  0	 55	  0	  0	  0	  0	  0	  0	  0	  0	  0	  0	  0	  5	21820	  0
04-01-2016	03:23:21	<-	L	00000000	 27	 85	 60	 32	  0	137	  0	  4	  4	  4	  4	  4	  4	  4	  4	  0	  0	  0	  0	  0	  0	  0	  0	  0	  0	  0	  0	  0	  0	  0	  0	  0	  0	  0	  0	  0	  0	  0	  0	 85	 60	 30	 71	  0	 57	  0	  0	  0	  0	  0	  0	  0	  0	  0	  0	  0	  5	21820	  0
04-01-2016	03:28:21	<-	L	00000000	 27	 85	 60	 30	  0	142	  0	  4	  4	  4	  4	  4	  4	  4	  4	  0	  0	  0	  0	  0	  0	  0	  0	  0	  0	  0	  0	  0	  0	  0	  0	  0	  0	  0	  0	  0	  0	  0	  0	 85	 60	 30	 72	  0	 55	  0	  0	  0	  0	  0	  0	  0	  0	  0	  0	  0	  5	21820	  0
04-01-2016	03:33:21	<-	L	00000000	 27	 87	 60	 30	  0	147	  0	  4	  4	  4	  4	  4	  4	  4	  4	  0	  0	  0	  0	  0	  0	  0	  0	  0	  0	  0	  0	  0	  0	  0	  0	  0	  0	  0	  0	  0	  0	  0	  0	 87	 60	 28	 72	  0	 55	  0	  0	  0	  0	  0	  0	  0	  0	  0	  0	  0	  5	21820	  0
04-01-2016	03:38:21	<-	L	00000000	 27	 83	 60	 32	  0	152	  0	  4	  4	  4	  4	  4	  4	  4	  4	  0	  0	  0	  0	  0	  0	  0	  0	  0	  0	  0	  0	  0	  0	  0	  0	  0	  0	  0	  0	  0	  0	  0	  0	 83	 60	 32	 71	  0	 57	  0	  0	  0	  0	  0	  0	  0	  0	  0	  0	  0	  5	21820	  0
04-01-2016	03:43:21	<-	L	00000000	 27	 90	 61	 28	  0	157	  0	  4	  4	  4	  4	  4	  4	  4	  4	  0	  0	  0	  0	  0	  0	  0	  0	  0	  0	  0	  0	  0	  0	  0	  0	  0	  0	  0	  0	  0	  0	  0	  0	 90	 61	 27	 73	  0	 55	  0	  0	  0	  0	  0	  0	  0	  0	  0	  0	  0	  5	21820	  0
04-01-2016	03:48:21	<-	L	00000000	 27	 82	 60	 32	  0	162	  0	  4	  4	  4	  4	  4	  4	  4	  4	  0	  0	  0	  0	  0	  0	  0	  0	  0	  0	  0	  0	  0	  0	  0	  0	  0	  0	  0	  0	  0	  0	  0	  0	 82	 60	 34	 71	  0	 57	  0	  0	  0	  0	  0	  0	  0	  0	  0	  0	  0	  5	21820	  0
04-01-2016	03:53:21	<-	L	00000000	 27	 90	 61	 28	  0	167	  0	  4	  4	  4	  4	  4	  4	  4	  4	  0	  0	  0	  0	  0	  0	  0	  0	  0	  0	  0	  0	  0	  0	  0	  0	  0	  0	  0	  0	  0	  0	  0	  0	 90	 61	 27	 72	  0	 58	  0	  0	  0	  0	  0	  0	  0	  0	  0	  0	  0	  5	21820	  0
04-01-2016	03:58:21	<-	L	00000000	 27	 84	 61	 32	  0	172	  0	  4	  4	  4	  4	  4	  4	  4	  4	  0	  0	  0	  0	  0	  0	  0	  0	  0	  0	  0	  0	  0	  0	  0	  0	  0	  0	  0	  0	  0	  0	  0	  0	 84	 61	 32	 72	  0	 58	  0	  0	  0	  0	  0	  0	  0	  0	  0	  0	  0	  5	21820	  0
04-01-2016	04:03:21	<-	L	00000000	 27	 90	 61	 28	  0	177	  0	  4	  4	  4	  4	  4	  4	  4	  4	  0	  0	  0	  0	  0	  0	  0	  0	  0	  0	  0	  0	  0	  0	  0	  0	  0	  0	  0	  0	  0	  0	  0	  0	 91	 62	 27	 74	  0	 55	  0	  0	  0	  0	  0	  0	  0	  0	  0	  0	  0	  5	21820	  0
04-01-2016	04:08:21	<-	L	00000000	 27	 83	 61	 32	  0	182	  0	  4	  4	  4	  4	  4	  4	  4	  4	  0	  0	  0	  0	  0	  0	  0	  0	  0	  0	  0	  0	  0	  0	  0	  0	  0	  0	  0	  0	  0	  0	  0	  0	 83	 61	 35	 72	  0	 58	  0	  0	  0	  0	  0	  0	  0	  0	  0	  0	  0	  5	21820	  0
04-01-2016	04:13:21	<-	L	00000000	 27	 89	 62	 31	  0	187	  0	  4	  4	  4	  4	  4	  4	  4	  4	  0	  0	  0	  0	  0	  0	  0	  0	  0	  0	  0	  0	  0	  0	  0	  0	  0	  0	  0	  0	  0	  0	  0	  0	 89	 62	 29	 73	  0	 58	  0	  0	  0	  0	  0	  0	  0	  0	  0	  0	  0	  5	21820	  0
04-01-2016	04:18:21	<-	L	00000000	 27	 83	 62	 35	  0	192	  0	  4	  4	  4	  4	  4	  4	  4	  4	  0	  0	  0	  0	  0	  0	  0	  0	  0	  0	  0	  0	  0	  0	  0	  0	  0	  0	  0	  0	  0	  0	  0	  0	 83	 62	 36	 72	  0	 61	  0	  0	  0	  0	  0	  0	  0	  0	  0	  0	  0	  5	21820	  0
04-01-2016	04:23:22	<-	L	00000000	 27	 91	 63	 29	  0	197	  0	  4	  4	  4	  4	  4	  4	  4	  4	  0	  0	  0	  0	  0	  0	  0	  0	  0	  0	  0	  0	  0	  0	  0	  0	  0	  0	  0	  0	  0	  0	  0	  0	 91	 63	 28	 74	  0	 58	  0	  0	  0	  0	  0	  0	  0	  0	  0	  0	  0	  5	21820	  0
04-01-2016	04:28:22	<-	L	00000000	 27	 82	 62	 36	  0	202	  0	  4	  4	  4	  4	  4	  4	  4	  4	  0	  0	  0	  0	  0	  0	  0	  0	  0	  0	  0	  0	  0	  0	  0	  0	  0	  0	  0	  0	  0	  0	  0	  0	 82	 62	 38	 72	  0	 61	  0	  0	  0	  0	  0	  0	  0	  0	  0	  0	  0	  5	21820	  0
04-01-2016	04:33:23	<-	L	00000000	 27	 91	 63	 28	  0	207	  0	  4	  4	  4	  4	  4	  4	  4	  4	  0	  0	  0	  0	  0	  0	  0	  0	  0	  0	  0	  0	  0	  0	  0	  0	  0	  0	  0	  0	  0	  0	  0	  0	 91	 63	 28	 74	  0	 58	  0	  0	  0	  0	  0	  0	  0	  0	  0	  0	  0	  5	21820	  0
04-01-2016	04:38:22	<-	L	00000000	 27	 82	 62	 36	  0	212	  0	  4	  4	  4	  4	  4	  4	  4	  4	  0	  0	  0	  0	  0	  0	  0	  0	  0	  0	  0	  0	  0	  0	  0	  0	  0	  0	  0	  0	  0	  0	  0	  0	 82	 62	 38	 72	  0	 61	  0	  0	  0	  0	  0	  0	  0	  0	  0	  0	  0	  5	21820	  0
04-01-2016	04:43:22	<-	L	00000000	 27	 88	 63	 31	  0	217	  0	  4	  4	  4	  4	  4	  4	  4	  4	  0	  0	  0	  0	  0	  0	  0	  0	  0	  0	  0	  0	  0	  0	  0	  0	  0	  0	  0	  0	  0	  0	  0	  0	 88	 63	 31	 73	  0	 61	  0	  0	  0	  0	  0	  0	  0	  0	  0	  0	  0	  5	21820	  0
04-01-2016	04:48:22	<-	L	00000000	 27	 82	 62	 38	  0	222	  0	  4	  4	  4	  4	  4	  4	  4	  4	  0	  0	  0	  0	  0	  0	  0	  0	  0	  0	  0	  0	  0	  0	  0	  0	  0	  0	  0	  0	  0	  0	  0	  0	 82	 62	 38	 72	  0	 61	  0	  0	  0	  0	  0	  0	  0	  0	  0	  0	  0	  5	21820	  0
04-01-2016	04:53:23	<-	L	00000000	 27	 89	 64	 32	  0	227	  0	  4	  4	  4	  4	  4	  4	  4	  4	  0	  0	  0	  0	  0	  0	  0	  0	  0	  0	  0	  0	  0	  0	  0	  0	  0	  0	  0	  0	  0	  0	  0	  0	 89	 64	 32	 73	  0	 65	  0	  0	  0	  0	  0	  0	  0	  0	  0	  0	  0	  5	21820	  0
04-01-2016	04:58:22	<-	L	00000000	 27	 83	 62	 38	  0	232	  0	  4	  4	  4	  4	  4	  4	  4	  4	  0	  0	  0	  0	  0	  0	  0	  0	  0	  0	  0	  0	  0	  0	  0	  0	  0	  0	  0	  0	  0	  0	  0	  0	 83	 62	 36	 72	  0	 61	  0	  0	  0	  0	  0	  0	  0	  0	  0	  0	  0	  5	21820	  0
04-01-2016	05:03:22	<-	L	00000000	 27	 86	 63	 33	  0	237	  0	  4	  4	  4	  4	  4	  4	  4	  4	  0	  0	  0	  0	  0	  0	  0	  0	  0	  0	  0	  0	  0	  0	  0	  0	  0	  0	  0	  0	  0	  0	  0	  0	 86	 63	 33	 73	  0	 61	  0	  0	  0	  0	  0	  0	  0	  0	  0	  0	  0	  5	21820	  0
04-01-2016	05:08:22	<-	L	00000000	 28	 88	 63	 33	  0	  1	  0	  4	  4	  4	  4	  4	  4	  4	  4	  0	  0	  0	  0	  0	  0	  0	  0	  0	  0	  0	  0	  0	  0	  0	  0	  0	  0	  0	  0	  0	  0	  0	  0	 88	 63	 31	 73	  0	 61	  0	  0	  0	  0	  0	  0	  0	  0	  0	  0	  0	  5	21814	  0
04-01-2016	05:13:22	<-	L	00000000	 28	 82	 62	 38	  0	  6	  0	  4	  4	  4	  4	  4	  4	  4	  4	  0	  0	  0	  0	  0	  0	  0	  0	  0	  0	  0	  0	  0	  0	  0	  0	  0	  0	  0	  0	  0	  0	  0	  0	 82	 62	 38	 72	  0	 61	  0	  0	  0	  0	  0	  0	  0	  0	  0	  0	  0	  5	21814	  0
04-01-2016	05:18:22	<-	L	00000000	 28	 88	 63	 31	  0	 11	  0	  4	  4	  4	  4	  4	  4	  4	  4	  0	  0	  0	  0	  0	  0	  0	  0	  0	  0	  0	  0	  0	  0	  0	  0	  0	  0	  0	  0	  0	  0	  0	  0	 88	 63	 31	 73	  0	 61	  0	  0	  0	  0	  0	  0	  0	  0	  0	  0	  0	  5	21814	  0
04-01-2016	05:23:22	<-	L	00000000	 28	 83	 62	 35	  0	 16	  0	  4	  4	  4	  4	  4	  4	  4	  4	  0	  0	  0	  0	  0	  0	  0	  0	  0	  0	  0	  0	  0	  0	  0	  0	  0	  0	  0	  0	  0	  0	  0	  0	 83	 62	 36	 71	  0	 64	  0	  0	  0	  0	  0	  0	  0	  0	  0	  0	  0	  5	21814	  0
04-01-2016	05:28:22	<-	L	00000000	 28	 85	 62	 33	  0	 21	  0	  4	  4	  4	  4	  4	  4	  4	  4	  0	  0	  0	  0	  0	  0	  0	  0	  0	  0	  0	  0	  0	  0	  0	  0	  0	  0	  0	  0	  0	  0	  0	  0	 85	 62	 33	 72	  0	 61	  0	  0	  0	  0	  0	  0	  0	  0	  0	  0	  0	  5	21814	  0
04-01-2016	05:33:22	<-	L	00000000	 28	 85	 61	 32	  0	 26	  0	  4	  4	  4	  4	  4	  4	  4	  4	  0	  0	  0	  0	  0	  0	  0	  0	  0	  0	  0	  0	  0	  0	  0	  0	  0	  0	  0	  0	  0	  0	  0	  0	 85	 61	 32	 71	  0	 61	  0	  0	  0	  0	  0	  0	  0	  0	  0	  0	  0	  5	21814	  0
04-01-2016	05:38:23	<-	L	00000000	 28	 85	 61	 33	  0	 31	  0	  4	  4	  4	  4	  4	  4	  4	  4	  0	  0	  0	  0	  0	  0	  0	  0	  0	  0	  0	  0	  0	  0	  0	  0	  0	  0	  0	  0	  0	  0	  0	  0	 85	 61	 32	 71	  0	 61	  0	  0	  0	  0	  0	  0	  0	  0	  0	  0	  0	  5	21814	  0
04-01-2016	05:43:23	<-	L	00000000	 28	 86	 61	 32	  0	 36	  0	  4	  4	  4	  4	  4	  4	  4	  4	  0	  0	  0	  0	  0	  0	  0	  0	  0	  0	  0	  0	  0	  0	  0	  0	  0	  0	  0	  0	  0	  0	  0	  0	 86	 61	 30	 71	  0	 61	  0	  0	  0	  0	  0	  0	  0	  0	  0	  0	  0	  5	21814	  0
04-01-2016	05:48:23	<-	L	00000000	 28	 81	 61	 35	  0	 41	  0	  4	  4	  4	  4	  4	  4	  4	  4	  0	  0	  0	  0	  0	  0	  0	  0	  0	  0	  0	  0	  0	  0	  0	  0	  0	  0	  0	  0	  0	  0	  0	  0	 81	 61	 38	 70	  0	 64	  0	  0	  0	  0	  0	  0	  0	  0	  0	  0	  0	  5	21814	  0
04-01-2016	05:53:23	<-	L	00000000	 28	 87	 61	 30	  0	 46	  0	  4	  4	  4	  4	  4	  4	  4	  4	  0	  0	  0	  0	  0	  0	  0	  0	  0	  0	  0	  0	  0	  0	  0	  0	  0	  0	  0	  0	  0	  0	  0	  0	 87	 61	 30	 71	  0	 61	  0	  0	  0	  0	  0	  0	  0	  0	  0	  0	  0	  5	21814	  0
04-01-2016	05:58:23	<-	L	00000000	 28	 79	 60	 38	  0	 51	  0	  4	  4	  4	  4	  4	  4	  4	  4	  0	  0	  0	  0	  0	  0	  0	  0	  0	  0	  0	  0	  0	  0	  0	  0	  0	  0	  0	  0	  0	  0	  0	  0	 79	 60	 39	 70	  0	 60	  0	  0	  0	  0	  0	  0	  0	  0	  0	  0	  0	  5	21814	  0
04-01-2016	06:03:23	<-	L	00000000	 28	 69	 56	 54	  0	 56	  0	  4	  4	  4	  4	  4	  4	  4	  4	  0	  0	  0	  0	  0	  0	  0	  0	  0	  0	  0	  0	  0	  0	  0	  0	  0	  0	  0	  0	  0	  0	  0	  0	 69	 56	 50	 64	  0	 66	  0	  0	  0	  0	  0	  0	  0	  0	  0	  0	  0	  5	21814	  0
04-01-2016	06:08:24	<-	L	00000000	 28	 85	 60	 32	  0	 61	  0	  4	  4	  4	  4	  4	  4	  4	  4	  0	  0	  0	  0	  0	  0	  0	  0	  0	  0	  0	  0	  0	  0	  0	  0	  0	  0	  0	  0	  0	  0	  0	  0	 85	 60	 30	 69	  0	 64	  0	  0	  0	  0	  0	  0	  0	  0	  0	  0	  0	  5	21814	  0
04-01-2016	06:13:23	->	L	00000000	 28	 81	 60	 35	  0	 66	  0	  4	  4	  4	  4	  4	  4	  4	  4	  0	  0	  0	  0	  0	  0	  0	  0	  0	  0	  0	  0	  0	  0	  0	  0	  0	  0	  0	  0	  0	  0	  0	  0	 81	 60	 35	 79	  0	 39	  0	  0	  0	  0	  0	  0	  0	  0	  0	  0	  0	  5	21814	  0
04-01-2016	06:18:23	->	L	00000000	 28	 83	 58	 29	  0	 71	  0	  4	  4	  4	  4	  4	  4	  4	  4	  0	  0	  0	  0	  0	  0	  0	  0	  0	  0	  0	  0	  0	  0	  0	  0	  0	  0	  0	  0	  0	  0	  0	  0	 77	 58	 38	 83	  0	 29	  0	  0	  0	  0	  0	  0	  0	  0	  0	  0	  0	  5	21814	  0
04-01-2016	06:23:23	->	L	00000000	 28	 87	 57	 24	  0	 76	  0	  4	  4	  4	  4	  4	  4	  4	  4	  0	  0	  0	  0	  0	  0	  0	  0	  0	  0	  0	  0	  0	  0	  0	  0	  0	  0	  0	  0	  0	  0	  0	  0	 78	 57	 33	 87	  0	 24	  0	  0	  0	  0	  0	  0	  0	  0	  0	  0	  0	  5	21814	  0
04-01-2016	06:28:23	->	L	00000000	 28	 86	 57	 25	  0	 81	  0	  4	  4	  4	  4	  4	  4	  4	  4	  0	  0	  0	  0	  0	  0	  0	  0	  0	  0	  0	  0	  0	  0	  0	  0	  0	  0	  0	  0	  0	  0	  0	  0	 77	 57	 36	 86	  0	 25	  0	  0	  0	  0	  0	  0	  0	  0	  0	  0	  0	  5	21814	  0
04-01-2016	06:33:23	->	L	00000000	 28	 83	 56	 27	  0	 86	  0	  4	  4	  4	  4	  4	  4	  4	  4	  0	  0	  0	  0	  0	  0	  0	  0	  0	  0	  0	  0	  0	  0	  0	  0	  0	  0	  0	  0	  0	  0	  0	  0	 74	 56	 40	 83	  0	 27	  0	  0	  0	  0	  0	  0	  0	  0	  0	  0	  0	  5	21814	  0
04-01-2016	06:38:23	->	L	00000000	 28	 88	 57	 24	  0	 91	  0	  4	  4	  4	  4	  4	  4	  4	  4	  0	  0	  0	  0	  0	  0	  0	  0	  0	  0	  0	  0	  0	  0	  0	  0	  0	  0	  0	  0	  0	  0	  0	  0	 77	 57	 36	 88	  0	 24	  0	  0	  0	  0	  0	  0	  0	  0	  0	  0	  0	  5	21814	  0
04-01-2016	06:43:23	->	L	00000000	 28	 84	 56	 25	  0	 96	  0	  4	  4	  4	  4	  4	  4	  4	  4	  0	  0	  0	  0	  0	  0	  0	  0	  0	  0	  0	  0	  0	  0	  0	  0	  0	  0	  0	  0	  0	  0	  0	  0	 75	 56	 37	 84	  0	 26	  0	  0	  0	  0	  0	  0	  0	  0	  0	  0	  0	  5	21814	  0
04-01-2016	06:48:23	->	L	00000000	 28	 85	 56	 26	  0	101	  0	  4	  4	  4	  4	  4	  4	  4	  4	  0	  0	  0	  0	  0	  0	  0	  0	  0	  0	  0	  0	  0	  0	  0	  0	  0	  0	  0	  0	  0	  0	  0	  0	 75	 56	 37	 85	  0	 25	  0	  0	  0	  0	  0	  0	  0	  0	  0	  0	  0	  5	21814	  0
04-01-2016	06:53:24	->	L	00000000	 28	 89	 56	 22	  0	106	  0	  4	  4	  4	  4	  4	  4	  4	  4	  0	  0	  0	  0	  0	  0	  0	  0	  0	  0	  0	  0	  0	  0	  0	  0	  0	  0	  0	  0	  0	  0	  0	  0	 76	 56	 36	 89	  0	 22	  0	  0	  0	  0	  0	  0	  0	  0	  0	  0	  0	  5	21814	  0
04-01-2016	06:58:24	->	L	00000000	 28	 83	 56	 26	  0	111	  0	  4	  4	  4	  4	  4	  4	  4	  4	  0	  0	  0	  0	  0	  0	  0	  0	  0	  0	  0	  0	  0	  0	  0	  0	  0	  0	  0	  0	  0	  0	  0	  0	 74	 56	 40	 83	  0	 27	  0	  0	  0	  0	  0	  0	  0	  0	  0	  0	  0	  5	21814	  0
04-01-2016	07:03:24	->	L	00000000	 28	 85	 55	 24	  0	116	  0	  4	  4	  4	  4	  4	  4	  4	  4	  0	  0	  0	  0	  0	  0	  0	  0	  0	  0	  0	  0	  0	  0	  0	  0	  0	  0	  0	  0	  0	  0	  0	  0	 74	 55	 37	 85	  0	 24	  0	  0	  0	  0	  0	  0	  0	  0	  0	  0	  0	  5	21814	  0
04-01-2016	07:08:24	->	L	00000000	 28	 88	 56	 23	  0	121	  0	  4	  4	  4	  4	  4	  4	  4	  4	  0	  0	  0	  0	  0	  0	  0	  0	  0	  0	  0	  0	  0	  0	  0	  0	  0	  0	  0	  0	  0	  0	  0	  0	 76	 56	 36	 88	  0	 23	  0	  0	  0	  0	  0	  0	  0	  0	  0	  0	  0	  5	21814	  0
04-01-2016	07:13:24	->	L	00000000	 28	 83	 56	 26	  0	126	  0	  4	  4	  4	  4	  4	  4	  4	  4	  0	  0	  0	  0	  0	  0	  0	  0	  0	  0	  0	  0	  0	  0	  0	  0	  0	  0	  0	  0	  0	  0	  0	  0	 74	 56	 40	 83	  0	 27	  0	  0	  0	  0	  0	  0	  0	  0	  0	  0	  0	  5	21814	  0
04-01-2016	07:18:24	->	L	00000000	 28	 83	 55	 26	  0	131	  0	  4	  4	  4	  4	  4	  4	  4	  4	  0	  0	  0	  0	  0	  0	  0	  0	  0	  0	  0	  0	  0	  0	  0	  0	  0	  0	  0	  0	  0	  0	  0	  0	 74	 55	 37	 83	  0	 26	  0	  0	  0	  0	  0	  0	  0	  0	  0	  0	  0	  5	21814	  0
04-01-2016	07:23:24	->	L	00000000	 28	 87	 56	 23	  0	136	  0	  4	  4	  4	  4	  4	  4	  4	  4	  0	  0	  0	  0	  0	  0	  0	  0	  0	  0	  0	  0	  0	  0	  0	  0	  0	  0	  0	  0	  0	  0	  0	  0	 76	 56	 36	 87	  0	 23	  0	  0	  0	  0	  0	  0	  0	  0	  0	  0	  0	  5	21814	  0
04-01-2016	07:28:24	->	L	00000000	 28	 84	 56	 25	  0	141	  0	  4	  4	  4	  4	  4	  4	  4	  4	  0	  0	  0	  0	  0	  0	  0	  0	  0	  0	  0	  0	  0	  0	  0	  0	  0	  0	  0	  0	  0	  0	  0	  0	 75	 56	 37	 84	  0	 26	  0	  0	  0	  0	  0	  0	  0	  0	  0	  0	  0	  5	21814	  0
04-01-2016	07:33:24	->	L	00000000	 28	 84	 55	 26	  0	146	  0	  4	  4	  4	  4	  4	  4	  4	  4	  0	  0	  0	  0	  0	  0	  0	  0	  0	  0	  0	  0	  0	  0	  0	  0	  0	  0	  0	  0	  0	  0	  0	  0	 74	 55	 37	 84	  0	 24	  0	  0	  0	  0	  0	  0	  0	  0	  0	  0	  0	  5	21814	  0
04-01-2016	07:38:24	->	L	00000000	 28	 88	 56	 23	  0	151	  0	  4	  4	  4	  4	  4	  4	  4	  4	  0	  0	  0	  0	  0	  0	  0	  0	  0	  0	  0	  0	  0	  0	  0	  0	  0	  0	  0	  0	  0	  0	  0	  0	 76	 56	 36	 88	  0	 23	  0	  0	  0	  0	  0	  0	  0	  0	  0	  0	  0	  5	21814	  0
04-01-2016	07:43:24	->	L	00000000	 28	 84	 56	 25	  0	156	  0	  4	  4	  4	  4	  4	  4	  4	  4	  0	  0	  0	  0	  0	  0	  0	  0	  0	  0	  0	  0	  0	  0	  0	  0	  0	  0	  0	  0	  0	  0	  0	  0	 74	 56	 40	 84	  0	 26	  0	  0	  0	  0	  0	  0	  0	  0	  0	  0	  0	  5	21814	  0
04-01-2016	07:48:24	->	L	00000000	 28	 84	 55	 26	  0	161	  0	  4	  4	  4	  4	  4	  4	  4	  4	  0	  0	  0	  0	  0	  0	  0	  0	  0	  0	  0	  0	  0	  0	  0	  0	  0	  0	  0	  0	  0	  0	  0	  0	 74	 55	 37	 84	  0	 24	  0	  0	  0	  0	  0	  0	  0	  0	  0	  0	  0	  5	21814	  0
04-01-2016	07:53:24	->	L	00000000	 28	 88	 56	 23	  0	166	  0	  4	  4	  4	  4	  4	  4	  4	  4	  0	  0	  0	  0	  0	  0	  0	  0	  0	  0	  0	  0	  0	  0	  0	  0	  0	  0	  0	  0	  0	  0	  0	  0	 76	 56	 36	 88	  0	 23	  0	  0	  0	  0	  0	  0	  0	  0	  0	  0	  0	  5	21814	  0
04-01-2016	07:58:24	->	L	00000000	 28	 84	 55	 25	  0	171	  0	  4	  4	  4	  4	  4	  4	  4	  4	  0	  0	  0	  0	  0	  0	  0	  0	  0	  0	  0	  0	  0	  0	  0	  0	  0	  0	  0	  0	  0	  0	  0	  0	 75	 55	 35	 84	  0	 24	  0	  0	  0	  0	  0	  0	  0	  0	  0	  0	  0	  5	21814	  0
04-01-2016	08:03:25	->	L	00000000	 28	 85	 55	 24	  0	176	  0	  4	  4	  4	  4	  4	  4	  4	  4	  0	  0	  0	  0	  0	  0	  0	  0	  0	  0	  0	  0	  0	  0	  0	  0	  0	  0	  0	  0	  0	  0	  0	  0	 75	 55	 35	 85	  0	 24	  0	  0	  0	  0	  0	  0	  0	  0	  0	  0	  0	  5	21814	  0
04-01-2016	08:08:25	->	L	00000000	 28	 88	 56	 22	  0	181	  0	  4	  4	  4	  4	  4	  4	  4	  4	  0	  0	  0	  0	  0	  0	  0	  0	  0	  0	  0	  0	  0	  0	  0	  0	  0	  0	  0	  0	  0	  0	  0	  0	 76	 56	 36	 88	  0	 23	  0	  0	  0	  0	  0	  0	  0	  0	  0	  0	  0	  5	21814	  0
04-01-2016	08:13:25	->	L	00000000	 28	 84	 55	 24	  0	186	  0	  4	  4	  4	  4	  4	  4	  4	  4	  0	  0	  0	  0	  0	  0	  0	  0	  0	  0	  0	  0	  0	  0	  0	  0	  0	  0	  0	  0	  0	  0	  0	  0	 74	 55	 37	 84	  0	 24	  0	  0	  0	  0	  0	  0	  0	  0	  0	  0	  0	  5	21814	  0
04-01-2016	08:18:26	->	L	00000000	 28	 84	 55	 26	  0	191	  0	  4	  4	  4	  4	  4	  4	  4	  4	  0	  0	  0	  0	  0	  0	  0	  0	  0	  0	  0	  0	  0	  0	  0	  0	  0	  0	  0	  0	  0	  0	  0	  0	 74	 55	 37	 84	  0	 24	  0	  0	  0	  0	  0	  0	  0	  0	  0	  0	  0	  5	21814	  0
04-01-2016	08:23:25	->	L	00000000	 28	 88	 55	 23	  0	196	  0	  4	  4	  4	  4	  4	  4	  4	  4	  0	  0	  0	  0	  0	  0	  0	  0	  0	  0	  0	  0	  0	  0	  0	  0	  0	  0	  0	  0	  0	  0	  0	  0	 76	 55	 32	 88	  0	 22	  0	  0	  0	  0	  0	  0	  0	  0	  0	  0	  0	  5	21814	  0
04-01-2016	08:28:25	->	L	00000000	 28	 84	 56	 25	  0	201	  0	  4	  4	  4	  4	  4	  4	  4	  4	  0	  0	  0	  0	  0	  0	  0	  0	  0	  0	  0	  0	  0	  0	  0	  0	  0	  0	  0	  0	  0	  0	  0	  0	 75	 56	 37	 84	  0	 26	  0	  0	  0	  0	  0	  0	  0	  0	  0	  0	  0	  5	21814	  0
04-01-2016	08:33:25	->	L	00000000	 28	 84	 55	 24	  0	206	  0	  4	  4	  4	  4	  4	  4	  4	  4	  0	  0	  0	  0	  0	  0	  0	  0	  0	  0	  0	  0	  0	  0	  0	  0	  0	  0	  0	  0	  0	  0	  0	  0	 75	 55	 35	 84	  0	 24	  0	  0	  0	  0	  0	  0	  0	  0	  0	  0	  0	  5	21814	  0
04-01-2016	08:38:25	->	L	00000000	 28	 88	 55	 22	  0	211	  0	  4	  4	  4	  4	  4	  4	  4	  4	  0	  0	  0	  0	  0	  0	  0	  0	  0	  0	  0	  0	  0	  0	  0	  0	  0	  0	  0	  0	  0	  0	  0	  0	 76	 55	 32	 88	  0	 22	  0	  0	  0	  0	  0	  0	  0	  0	  0	  0	  0	  5	21814	  0
04-01-2016	08:43:25	->	L	00000000	 28	 84	 55	 24	  0	216	  0	  4	  4	  4	  4	  4	  4	  4	  4	  0	  0	  0	  0	  0	  0	  0	  0	  0	  0	  0	  0	  0	  0	  0	  0	  0	  0	  0	  0	  0	  0	  0	  0	 75	 55	 35	 84	  0	 24	  0	  0	  0	  0	  0	  0	  0	  0	  0	  0	  0	  5	21814	  0
04-01-2016	08:48:25	->	L	00000000	 28	 84	 55	 26	  0	221	  0	  4	  4	  4	  4	  4	  4	  4	  4	  0	  0	  0	  0	  0	  0	  0	  0	  0	  0	  0	  0	  0	  0	  0	  0	  0	  0	  0	  0	  0	  0	  0	  0	 74	 55	 37	 84	  0	 24	  0	  0	  0	  0	  0	  0	  0	  0	  0	  0	  0	  5	21814	  0
04-01-2016	08:53:25	->	L	00000000	 28	 88	 55	 22	  0	226	  0	  4	  4	  4	  4	  4	  4	  4	  4	  0	  0	  0	  0	  0	  0	  0	  0	  0	  0	  0	  0	  0	  0	  0	  0	  0	  0	  0	  0	  0	  0	  0	  0	 76	 55	 32	 88	  0	 22	  0	  0	  0	  0	  0	  0	  0	  0	  0	  0	  0	  5	21814	  0
04-01-2016	08:58:25	->	L	00000000	 28	 83	 55	 24	  0	231	  0	  4	  4	  4	  4	  4	  4	  4	  4	  0	  0	  0	  0	  0	  0	  0	  0	  0	  0	  0	  0	  0	  0	  0	  0	  0	  0	  0	  0	  0	  0	  0	  0	 74	 55	 37	 83	  0	 26	  0	  0	  0	  0	  0	  0	  0	  0	  0	  0	  0	  5	21814	  0
04-01-2016	09:03:25	->	L	00000000	 28	 84	 55	 24	  0	236	  0	  4	  4	  4	  4	  4	  4	  4	  4	  0	  0	  0	  0	  0	  0	  0	  0	  0	  0	  0	  0	  0	  0	  0	  0	  0	  0	  0	  0	  0	  0	  0	  0	 74	 55	 37	 84	  0	 24	  0	  0	  0	  0	  0	  0	  0	  0	  0	  0	  0	  5	21814	  0
04-01-2016	09:08:25	->	L	00000000	 28	 88	 55	 22	  0	241	  0	  4	  4	  4	  4	  4	  4	  4	  4	  0	  0	  0	  0	  0	  0	  0	  0	  0	  0	  0	  0	  0	  0	  0	  0	  0	  0	  0	  0	  0	  0	  0	  0	 76	 55	 32	 88	  0	 22	  0	  0	  0	  0	  0	  0	  0	  0	  0	  0	  0	  5	21814	  0
04-01-2016	09:13:26	->	L	00000000	 28	 83	 55	 24	  0	246	  0	  4	  4	  4	  4	  4	  4	  4	  4	  0	  0	  0	  0	  0	  0	  0	  0	  0	  0	  0	  0	  0	  0	  0	  0	  0	  0	  0	  0	  0	  0	  0	  0	 75	 55	 35	 83	  0	 26	  0	  0	  0	  0	  0	  0	  0	  0	  0	  0	  0	  5	21814	  0
04-01-2016	09:18:26	->	L	00000000	 28	 84	 55	 24	  0	251	  0	  4	  4	  4	  4	  4	  4	  4	  4	  0	  0	  0	  0	  0	  0	  0	  0	  0	  0	  0	  0	  0	  0	  0	  0	  0	  0	  0	  0	  0	  0	  0	  0	 75	 55	 35	 84	  0	 24	  0	  0	  0	  0	  0	  0	  0	  0	  0	  0	  0	  5	21814	  0
04-01-2016	09:23:26	->	L	00000000	 28	 88	 55	 22	  0	256	  0	  4	  4	  4	  4	  4	  4	  4	  4	  0	  0	  0	  0	  0	  0	  0	  0	  0	  0	  0	  0	  0	  0	  0	  0	  0	  0	  0	  0	  0	  0	  0	  0	 76	 55	 32	 88	  0	 22	  0	  0	  0	  0	  0	  0	  0	  0	  0	  0	  0	  5	21814	  0
04-01-2016	09:28:26	->	L	00000000	 28	 83	 55	 24	  0	261	  0	  4	  4	  4	  4	  4	  4	  4	  4	  0	  0	  0	  0	  0	  0	  0	  0	  0	  0	  0	  0	  0	  0	  0	  0	  0	  0	  0	  0	  0	  0	  0	  0	 75	 55	 35	 83	  0	 26	  0	  0	  0	  0	  0	  0	  0	  0	  0	  0	  0	  5	21814	  0
04-01-2016	09:33:26	->	L	00000000	 28	 84	 55	 26	  0	266	  0	  4	  4	  4	  4	  4	  4	  4	  4	  0	  0	  0	  0	  0	  0	  0	  0	  0	  0	  0	  0	  0	  0	  0	  0	  0	  0	  0	  0	  0	  0	  0	  0	 75	 55	 35	 84	  0	 24	  0	  0	  0	  0	  0	  0	  0	  0	  0	  0	  0	  5	21814	  0
04-01-2016	09:38:26	->	L	00000000	 28	 89	 56	 21	  0	271	  0	  4	  4	  4	  4	  4	  4	  4	  4	  0	  0	  0	  0	  0	  0	  0	  0	  0	  0	  0	  0	  0	  0	  0	  0	  0	  0	  0	  0	  0	  0	  0	  0	 77	 56	 33	 89	  0	 22	  0	  0	  0	  0	  0	  0	  0	  0	  0	  0	  0	  5	21814	  0
04-01-2016	09:43:26	->	L	00000000	 28	 85	 55	 23	  0	276	  0	  4	  4	  4	  4	  4	  4	  4	  4	  0	  0	  0	  0	  0	  0	  0	  0	  0	  0	  0	  0	  0	  0	  0	  0	  0	  0	  0	  0	  0	  0	  0	  0	 76	 55	 32	 85	  0	 24	  0	  0	  0	  0	  0	  0	  0	  0	  0	  0	  0	  5	21814	  0
04-01-2016	09:48:26	->	L	00000000	 28	 82	 55	 26	  0	281	  0	  4	  4	  4	  4	  4	  4	  4	  4	  0	  0	  0	  0	  0	  0	  0	  0	  0	  0	  0	  0	  0	  0	  0	  0	  0	  0	  0	  0	  0	  0	  0	  0	 74	 55	 37	 82	  0	 26	  0	  0	  0	  0	  0	  0	  0	  0	  0	  0	  0	  5	21814	  0
04-01-2016	09:53:26	->	L	00000000	 28	 88	 55	 22	  0	286	  0	  4	  4	  4	  4	  4	  4	  4	  4	  0	  0	  0	  0	  0	  0	  0	  0	  0	  0	  0	  0	  0	  0	  0	  0	  0	  0	  0	  0	  0	  0	  0	  0	 77	 55	 32	 88	  0	 22	  0	  0	  0	  0	  0	  0	  0	  0	  0	  0	  0	  5	21814	  0
04-01-2016	09:58:26	->	L	00000000	 28	 88	 56	 23	  0	291	  0	  4	  4	  4	  4	  4	  4	  4	  4	  0	  0	  0	  0	  0	  0	  0	  0	  0	  0	  0	  0	  0	  0	  0	  0	  0	  0	  0	  0	  0	  0	  0	  0	 77	 56	 33	 88	  0	 23	  0	  0	  0	  0	  0	  0	  0	  0	  0	  0	  0	  5	21814	  0
04-01-2016	10:03:26	->	L	00000000	 28	 83	 55	 24	  0	296	  0	  4	  4	  4	  4	  4	  4	  4	  4	  0	  0	  0	  0	  0	  0	  0	  0	  0	  0	  0	  0	  0	  0	  0	  0	  0	  0	  0	  0	  0	  0	  0	  0	 75	 55	 35	 83	  0	 26	  0	  0	  0	  0	  0	  0	  0	  0	  0	  0	  0	  5	21814	  0
04-01-2016	10:08:26	->	L	00000000	 29	 86	 55	 24	  0	  0	  0	  4	  4	  4	  4	  4	  4	  4	  4	  0	  0	  0	  0	  0	  0	  0	  0	  0	  0	  0	  0	  0	  0	  0	  0	  0	  0	  0	  0	  0	  0	  0	  0	 76	 55	 32	 86	  0	 23	  0	  0	  0	  0	  0	  0	  0	  0	  0	  0	  0	  5	21813	  0
04-01-2016	10:13:26	<-	L	00000000	 29	 84	 55	 24	  0	  5	  0	  4	  4	  4	  4	  4	  4	  4	  4	  0	  0	  0	  0	  0	  0	  0	  0	  0	  0	  0	  0	  0	  0	  0	  0	  0	  0	  0	  0	  0	  0	  0	  0	 76	 55	 32	 84	  0	 24	  0	  0	  0	  0	  0	  0	  0	  0	  0	  0	  0	  5	21813	  0
04-01-2016	10:18:26	<-	L	00000000	 29	 88	 59	 28	  0	 10	  0	  4	  4	  4	  4	  4	  4	  4	  4	  0	  0	  0	  0	  0	  0	  0	  0	  0	  0	  0	  0	  0	  0	  0	  0	  0	  0	  0	  0	  0	  0	  0	  0	 88	 59	 26	 75	  0	 45	  0	  0	  0	  0	  0	  0	  0	  0	  0	  0	  0	  5	21813	  0
04-01-2016	10:23:26	<-	L	00000000	 29	 85	 60	 28	  0	 15	  0	  4	  4	  4	  4	  4	  4	  4	  4	  0	  0	  0	  0	  0	  0	  0	  0	  0	  0	  0	  0	  0	  0	  0	  0	  0	  0	  0	  0	  0	  0	  0	  0	 85	 60	 30	 75	  0	 48	  0	  0	  0	  0	  0	  0	  0	  0	  0	  0	  0	  5	21813	  0
04-01-2016	10:28:26	<-	L	00000000	 29	 86	 59	 30	  0	 20	  0	  4	  4	  4	  4	  4	  4	  4	  4	  0	  0	  0	  0	  0	  0	  0	  0	  0	  0	  0	  0	  0	  0	  0	  0	  0	  0	  0	  0	  0	  0	  0	  0	 86	 59	 28	 74	  0	 47	  0	  0	  0	  0	  0	  0	  0	  0	  0	  0	  0	  5	21813	  0
04-01-2016	10:33:27	<-	L	00000000	 29	 85	 60	 30	  0	 25	  0	  4	  4	  4	  4	  4	  4	  4	  4	  0	  0	  0	  0	  0	  0	  0	  0	  0	  0	  0	  0	  0	  0	  0	  0	  0	  0	  0	  0	  0	  0	  0	  0	 85	 60	 30	 74	  0	 49	  0	  0	  0	  0	  0	  0	  0	  0	  0	  0	  0	  5	21813	  0
