09-09-2015	22:59:32	->	L	00000000	 29	 83	 55	 26	  0	172	  0	  4	  4	  4	  4	  4	  4	  4	  4	  0	  0	  0	  0	  0	  0	  0	  0	  0	  0	  0	  0	  0	  0	  0	  0	  0	  0	  0	  0	  0	  0	  0	  0	 65	 55	 59	 83	  0	 26	  0	  0	  0	  0	  0	  0	  0	  0	  0	  0	  0	  5	21815	  0
09-09-2015	23:04:32	->	L	00000000	 29	 87	 55	 22	  0	177	  0	  4	  4	  4	  4	  4	  4	  4	  4	  0	  0	  0	  0	  0	  0	  0	  0	  0	  0	  0	  0	  0	  0	  0	  0	  0	  0	  0	  0	  0	  0	  0	  0	 64	 55	 62	 87	  0	 22	  0	  0	  0	  0	  0	  0	  0	  0	  0	  0	  0	  5	21815	  0
09-09-2015	23:09:32	->	L	00000000	 29	 83	 55	 26	  0	182	  0	  4	  4	  4	  4	  4	  4	  4	  4	  0	  0	  0	  0	  0	  0	  0	  0	  0	  0	  0	  0	  0	  0	  0	  0	  0	  0	  0	  0	  0	  0	  0	  0	 65	 55	 59	 83	  0	 26	  0	  0	  0	  0	  0	  0	  0	  0	  0	  0	  0	  5	21815	  0
09-09-2015	23:14:32	  	L	00000000	 29	 84	 59	 29	  0	185	  0	  4	  4	  4	  4	  4	  4	  4	  4	  0	  0	  0	  0	  0	  0	  0	  0	  0	  0	  0	  0	  0	  0	  0	  0	  0	  0	  0	  0	  0	  0	  0	  0	 71	 59	 55	 84	  0	 29	  0	  0	  0	  0	  0	  0	  0	  0	  0	  0	  0	  5	21815	  0
09-09-2015	23:19:33	->	L	00000000	 29	 85	 56	 27	  0	190	  0	  4	  4	  4	  4	  4	  4	  4	  4	  0	  0	  0	  0	  0	  0	  0	  0	  0	  0	  0	  0	  0	  0	  0	  0	  0	  0	  0	  0	  0	  0	  0	  0	 67	 56	 56	 85	  0	 25	  0	  0	  0	  0	  0	  0	  0	  0	  0	  0	  0	  5	21815	  0
09-09-2015	23:24:33	->	L	00000000	 29	 85	 55	 24	  0	195	  0	  4	  4	  4	  4	  4	  4	  4	  4	  0	  0	  0	  0	  0	  0	  0	  0	  0	  0	  0	  0	  0	  0	  0	  0	  0	  0	  0	  0	  0	  0	  0	  0	 65	 55	 59	 85	  0	 24	  0	  0	  0	  0	  0	  0	  0	  0	  0	  0	  0	  5	21815	  0
09-09-2015	23:29:33	->	L	00000000	 29	 84	 55	 26	  0	200	  0	  4	  4	  4	  4	  4	  4	  4	  4	  0	  0	  0	  0	  0	  0	  0	  0	  0	  0	  0	  0	  0	  0	  0	  0	  0	  0	  0	  0	  0	  0	  0	  0	 65	 55	 59	 84	  0	 24	  0	  0	  0	  0	  0	  0	  0	  0	  0	  0	  0	  5	21815	  0
09-09-2015	23:34:33	->	L	00000000	 29	 87	 55	 22	  0	205	  0	  4	  4	  4	  4	  4	  4	  4	  4	  0	  0	  0	  0	  0	  0	  0	  0	  0	  0	  0	  0	  0	  0	  0	  0	  0	  0	  0	  0	  0	  0	  0	  0	 65	 55	 59	 87	  0	 22	  0	  0	  0	  0	  0	  0	  0	  0	  0	  0	  0	  5	21815	  0
09-09-2015	23:39:38	->	L	00000000	 29	 83	 55	 24	  0	210	  0	  4	  4	  4	  4	  4	  4	  4	  4	  0	  0	  0	  0	  0	  0	  0	  0	  0	  0	  0	  0	  0	  0	  0	  0	  0	  0	  0	  0	  0	  0	  0	  0	 65	 55	 59	 83	  0	 26	  0	  0	  0	  0	  0	  0	  0	  0	  0	  0	  0	  5	21815	  0
09-09-2015	23:44:33	->	L	00000000	 29	 87	 55	 23	  0	215	  0	  4	  4	  4	  4	  4	  4	  4	  4	  0	  0	  0	  0	  0	  0	  0	  0	  0	  0	  0	  0	  0	  0	  0	  0	  0	  0	  0	  0	  0	  0	  0	  0	 66	 55	 56	 87	  0	 22	  0	  0	  0	  0	  0	  0	  0	  0	  0	  0	  0	  5	21815	  0
09-09-2015	23:49:33	->	L	00000000	 29	 83	 55	 24	  0	220	  0	  4	  4	  4	  4	  4	  4	  4	  4	  0	  0	  0	  0	  0	  0	  0	  0	  0	  0	  0	  0	  0	  0	  0	  0	  0	  0	  0	  0	  0	  0	  0	  0	 66	 55	 56	 83	  0	 26	  0	  0	  0	  0	  0	  0	  0	  0	  0	  0	  0	  5	21815	  0
09-09-2015	23:54:33	->	L	00000000	 29	 84	 55	 26	  0	225	  0	  4	  4	  4	  4	  4	  4	  4	  4	  0	  0	  0	  0	  0	  0	  0	  0	  0	  0	  0	  0	  0	  0	  0	  0	  0	  0	  0	  0	  0	  0	  0	  0	 65	 55	 59	 84	  0	 24	  0	  0	  0	  0	  0	  0	  0	  0	  0	  0	  0	  5	21815	  0
09-09-2015	23:59:33	->	L	00000000	 29	 86	 56	 24	  0	230	  0	  4	  4	  4	  4	  4	  4	  4	  4	  0	  0	  0	  0	  0	  0	  0	  0	  0	  0	  0	  0	  0	  0	  0	  0	  0	  0	  0	  0	  0	  0	  0	  0	 67	 56	 56	 86	  0	 24	  0	  0	  0	  0	  0	  0	  0	  0	  0	  0	  0	  5	21815	  0
10-09-2015	00:04:34	->	L	00000000	 29	 83	 54	 23	  0	235	  0	  4	  4	  4	  4	  4	  4	  4	  4	  0	  0	  0	  0	  0	  0	  0	  0	  0	  0	  0	  0	  0	  0	  0	  0	  0	  0	  0	  0	  0	  0	  0	  0	 65	 54	 56	 83	  0	 24	  0	  0	  0	  0	  0	  0	  0	  0	  0	  0	  0	  5	21815	  0
10-09-2015	00:09:33	->	L	00000000	 29	 83	 54	 24	  0	240	  0	  4	  4	  4	  4	  4	  4	  4	  4	  0	  0	  0	  0	  0	  0	  0	  0	  0	  0	  0	  0	  0	  0	  0	  0	  0	  0	  0	  0	  0	  0	  0	  0	 65	 54	 56	 83	  0	 24	  0	  0	  0	  0	  0	  0	  0	  0	  0	  0	  0	  5	21814	  0
10-09-2015	00:14:33	->	L	00000000	 29	 85	 54	 23	  0	245	  0	  4	  4	  4	  4	  4	  4	  4	  4	  0	  0	  0	  0	  0	  0	  0	  0	  0	  0	  0	  0	  0	  0	  0	  0	  0	  0	  0	  0	  0	  0	  0	  0	 65	 54	 56	 85	  0	 23	  0	  0	  0	  0	  0	  0	  0	  0	  0	  0	  0	  5	21814	  0
10-09-2015	00:19:33	->	L	00000000	 29	 85	 54	 23	  0	250	  0	  4	  4	  4	  4	  4	  4	  4	  4	  0	  0	  0	  0	  0	  0	  0	  0	  0	  0	  0	  0	  0	  0	  0	  0	  0	  0	  0	  0	  0	  0	  0	  0	 65	 54	 56	 85	  0	 23	  0	  0	  0	  0	  0	  0	  0	  0	  0	  0	  0	  5	21814	  0
10-09-2015	00:24:34	->	L	00000000	 29	 83	 54	 24	  0	255	  0	  4	  4	  4	  4	  4	  4	  4	  4	  0	  0	  0	  0	  0	  0	  0	  0	  0	  0	  0	  0	  0	  0	  0	  0	  0	  0	  0	  0	  0	  0	  0	  0	 64	 54	 59	 83	  0	 24	  0	  0	  0	  0	  0	  0	  0	  0	  0	  0	  0	  5	21813	  0
10-09-2015	00:29:34	->	L	00000000	 29	 85	 52	 21	  0	260	  0	  4	  4	  4	  4	  4	  4	  4	  4	  0	  0	  0	  0	  0	  0	  0	  0	  0	  0	  0	  0	  0	  0	  0	  0	  0	  0	  0	  0	  0	  0	  0	  0	 62	 52	 58	 85	  0	 21	  0	  0	  0	  0	  0	  0	  0	  0	  0	  0	  0	  5	21812	  0
10-09-2015	00:34:34	->	L	00000000	 29	 84	 52	 21	  0	265	  0	  4	  4	  4	  4	  4	  4	  4	  4	  0	  0	  0	  0	  0	  0	  0	  0	  0	  0	  0	  0	  0	  0	  0	  0	  0	  0	  0	  0	  0	  0	  0	  0	 62	 52	 58	 84	  0	 21	  0	  0	  0	  0	  0	  0	  0	  0	  0	  0	  0	  5	21812	  0
10-09-2015	00:39:34	->	L	00000000	 29	 84	 52	 21	  0	270	  0	  4	  4	  4	  4	  4	  4	  4	  4	  0	  0	  0	  0	  0	  0	  0	  0	  0	  0	  0	  0	  0	  0	  0	  0	  0	  0	  0	  0	  0	  0	  0	  0	 62	 52	 62	 84	  0	 21	  0	  0	  0	  0	  0	  0	  0	  0	  0	  0	  0	  5	21812	  0
10-09-2015	00:44:34	->	L	00000000	 29	 83	 51	 22	  0	275	  0	  4	  4	  4	  4	  4	  4	  4	  4	  0	  0	  0	  0	  0	  0	  0	  0	  0	  0	  0	  0	  0	  0	  0	  0	  0	  0	  0	  0	  0	  0	  0	  0	 61	 51	 58	 83	  0	 21	  0	  0	  0	  0	  0	  0	  0	  0	  0	  0	  0	  5	21812	  0
10-09-2015	00:49:34	->	L	00000000	 29	 83	 53	 23	  0	280	  0	  4	  4	  4	  4	  4	  4	  4	  4	  0	  0	  0	  0	  0	  0	  0	  0	  0	  0	  0	  0	  0	  0	  0	  0	  0	  0	  0	  0	  0	  0	  0	  0	 63	 53	 58	 83	  0	 23	  0	  0	  0	  0	  0	  0	  0	  0	  0	  0	  0	  5	21812	  0
10-09-2015	00:54:34	->	L	00000000	 29	 83	 52	 22	  0	285	  0	  4	  4	  4	  4	  4	  4	  4	  4	  0	  0	  0	  0	  0	  0	  0	  0	  0	  0	  0	  0	  0	  0	  0	  0	  0	  0	  0	  0	  0	  0	  0	  0	 62	 52	 58	 83	  0	 22	  0	  0	  0	  0	  0	  0	  0	  0	  0	  0	  0	  5	21812	  0
10-09-2015	00:59:34	->	L	00000000	 29	 82	 51	 23	  0	290	  0	  4	  4	  4	  4	  4	  4	  4	  4	  0	  0	  0	  0	  0	  0	  0	  0	  0	  0	  0	  0	  0	  0	  0	  0	  0	  0	  0	  0	  0	  0	  0	  0	 60	 51	 61	 82	  0	 22	  0	  0	  0	  0	  0	  0	  0	  0	  0	  0	  0	  5	21811	  0
10-09-2015	01:04:34	->	L	00000000	 29	 81	 51	 22	  0	295	  0	  4	  4	  4	  4	  4	  4	  4	  4	  0	  0	  0	  0	  0	  0	  0	  0	  0	  0	  0	  0	  0	  0	  0	  0	  0	  0	  0	  0	  0	  0	  0	  0	 60	 51	 61	 81	  0	 22	  0	  0	  0	  0	  0	  0	  0	  0	  0	  0	  0	  5	21811	  0
10-09-2015	01:09:34	->	L	00000000	 29	 81	 51	 22	  0	300	  0	  4	  4	  4	  4	  4	  4	  4	  4	  0	  0	  0	  0	  0	  0	  0	  0	  0	  0	  0	  0	  0	  0	  0	  0	  0	  0	  0	  0	  0	  0	  0	  0	 61	 51	 58	 81	  0	 22	  0	  0	  0	  0	  0	  0	  0	  0	  0	  0	  0	  5	21811	  0
10-09-2015	01:14:34	->	L	00000000	 29	 80	 50	 23	  0	305	  0	  4	  4	  4	  4	  4	  4	  4	  4	  0	  0	  0	  0	  0	  0	  0	  0	  0	  0	  0	  0	  0	  0	  0	  0	  0	  0	  0	  0	  0	  0	  0	  0	 61	 50	 54	 80	  0	 22	  0	  0	  0	  0	  0	  0	  0	  0	  0	  0	  0	  5	21811	  0
10-09-2015	01:19:34	->	L	00000000	 29	 80	 50	 22	  0	310	  0	  4	  4	  4	  4	  4	  4	  4	  4	  0	  0	  0	  0	  0	  0	  0	  0	  0	  0	  0	  0	  0	  0	  0	  0	  0	  0	  0	  0	  0	  0	  0	  0	 61	 50	 54	 80	  0	 22	  0	  0	  0	  0	  0	  0	  0	  0	  0	  0	  0	  5	21811	  0
10-09-2015	01:24:35	->	L	00000000	 29	 80	 50	 22	  0	315	  0	  4	  4	  4	  4	  4	  4	  4	  4	  0	  0	  0	  0	  0	  0	  0	  0	  0	  0	  0	  0	  0	  0	  0	  0	  0	  0	  0	  0	  0	  0	  0	  0	 61	 50	 54	 80	  0	 22	  0	  0	  0	  0	  0	  0	  0	  0	  0	  0	  0	  5	21811	  0
10-09-2015	01:29:35	->	L	00000000	 29	 79	 51	 24	  0	320	  0	  4	  4	  4	  4	  4	  4	  4	  4	  0	  0	  0	  0	  0	  0	  0	  0	  0	  0	  0	  0	  0	  0	  0	  0	  0	  0	  0	  0	  0	  0	  0	  0	 62	 51	 55	 79	  0	 24	  0	  0	  0	  0	  0	  0	  0	  0	  0	  0	  0	  5	21811	  0
10-09-2015	01:34:35	->	L	00000000	 29	 79	 51	 24	  0	325	  0	  4	  4	  4	  4	  4	  4	  4	  4	  0	  0	  0	  0	  0	  0	  0	  0	  0	  0	  0	  0	  0	  0	  0	  0	  0	  0	  0	  0	  0	  0	  0	  0	 62	 51	 55	 79	  0	 24	  0	  0	  0	  0	  0	  0	  0	  0	  0	  0	  0	  5	21811	  0
10-09-2015	01:39:35	->	L	00000000	 29	 78	 51	 25	  0	330	  0	  4	  4	  4	  4	  4	  4	  4	  4	  0	  0	  0	  0	  0	  0	  0	  0	  0	  0	  0	  0	  0	  0	  0	  0	  0	  0	  0	  0	  0	  0	  0	  0	 61	 51	 58	 78	  0	 25	  0	  0	  0	  0	  0	  0	  0	  0	  0	  0	  0	  5	21811	  0
10-09-2015	01:44:35	->	L	00000000	 29	 78	 51	 25	  0	335	  0	  4	  4	  4	  4	  4	  4	  4	  4	  0	  0	  0	  0	  0	  0	  0	  0	  0	  0	  0	  0	  0	  0	  0	  0	  0	  0	  0	  0	  0	  0	  0	  0	 61	 51	 58	 78	  0	 25	  0	  0	  0	  0	  0	  0	  0	  0	  0	  0	  0	  5	21811	  0
10-09-2015	01:49:35	->	L	00000000	 29	 77	 51	 27	  0	340	  0	  4	  4	  4	  4	  4	  4	  4	  4	  0	  0	  0	  0	  0	  0	  0	  0	  0	  0	  0	  0	  0	  0	  0	  0	  0	  0	  0	  0	  0	  0	  0	  0	 61	 51	 58	 77	  0	 27	  0	  0	  0	  0	  0	  0	  0	  0	  0	  0	  0	  5	21811	  0
10-09-2015	01:54:35	->	L	00000000	 29	 77	 51	 27	  0	345	  0	  4	  4	  4	  4	  4	  4	  4	  4	  0	  0	  0	  0	  0	  0	  0	  0	  0	  0	  0	  0	  0	  0	  0	  0	  0	  0	  0	  0	  0	  0	  0	  0	 62	 51	 55	 77	  0	 27	  0	  0	  0	  0	  0	  0	  0	  0	  0	  0	  0	  5	21811	  0
10-09-2015	01:59:35	->	L	00000000	 29	 76	 51	 26	  0	350	  0	  4	  4	  4	  4	  4	  4	  4	  4	  0	  0	  0	  0	  0	  0	  0	  0	  0	  0	  0	  0	  0	  0	  0	  0	  0	  0	  0	  0	  0	  0	  0	  0	 61	 51	 58	 76	  0	 26	  0	  0	  0	  0	  0	  0	  0	  0	  0	  0	  0	  5	21811	  0
10-09-2015	02:04:36	->	L	00000000	 29	 74	 51	 27	  0	355	  0	  4	  4	  4	  4	  4	  4	  4	  4	  0	  0	  0	  0	  0	  0	  0	  0	  0	  0	  0	  0	  0	  0	  0	  0	  0	  0	  0	  0	  0	  0	  0	  0	 61	 51	 58	 74	  0	 27	  0	  0	  0	  0	  0	  0	  0	  0	  0	  0	  0	  5	19507	  0
10-09-2015	02:09:36	->	L	00000000	 29	 74	 51	 27	  0	360	  0	  4	  4	  4	  4	  4	  4	  4	  4	  0	  0	  0	  0	  0	  0	  0	  0	  0	  0	  0	  0	  0	  0	  0	  0	  0	  0	  0	  0	  0	  0	  0	  0	 62	 51	 55	 74	  0	 27	  0	  0	  0	  0	  0	  0	  0	  0	  0	  0	  0	  5	19507	  0
10-09-2015	02:14:36	->	L	00000000	 29	 75	 51	 28	  0	365	  0	  4	  4	  4	  4	  4	  4	  4	  4	  0	  0	  0	  0	  0	  0	  0	  0	  0	  0	  0	  0	  0	  0	  0	  0	  0	  0	  0	  0	  0	  0	  0	  0	 62	 51	 55	 75	  0	 28	  0	  0	  0	  0	  0	  0	  0	  0	  0	  0	  0	  5	19507	  0
10-09-2015	02:19:36	<-	L	00000000	 29	 75	 55	 37	  0	370	  0	  4	  4	  4	  4	  4	  4	  4	  4	  0	  0	  0	  0	  0	  0	  0	  0	  0	  0	  0	  0	  0	  0	  0	  0	  0	  0	  0	  0	  0	  0	  0	  0	 75	 55	 35	 69	  0	 48	  0	  0	  0	  0	  0	  0	  0	  0	  0	  0	  0	  5	19507	  0
10-09-2015	02:24:36	<-	L	00000000	 29	 76	 51	 27	  0	375	  0	  4	  4	  4	  4	  4	  4	  4	  4	  0	  0	  0	  0	  0	  0	  0	  0	  0	  0	  0	  0	  0	  0	  0	  0	  0	  0	  0	  0	  0	  0	  0	  0	 76	 51	 26	 62	  0	 55	  0	  0	  0	  0	  0	  0	  0	  0	  0	  0	  0	  5	19507	  0
10-09-2015	02:29:36	<-	L	00000000	 29	 74	 50	 25	  0	380	  0	  4	  4	  4	  4	  4	  4	  4	  4	  0	  0	  0	  0	  0	  0	  0	  0	  0	  0	  0	  0	  0	  0	  0	  0	  0	  0	  0	  0	  0	  0	  0	  0	 74	 50	 27	 61	  0	 54	  0	  0	  0	  0	  0	  0	  0	  0	  0	  0	  0	  5	20018	  0
10-09-2015	02:34:36	<-	L	00000000	 29	 78	 51	 25	  0	385	  0	  4	  4	  4	  4	  4	  4	  4	  4	  0	  0	  0	  0	  0	  0	  0	  0	  0	  0	  0	  0	  0	  0	  0	  0	  0	  0	  0	  0	  0	  0	  0	  0	 78	 51	 25	 61	  0	 58	  0	  0	  0	  0	  0	  0	  0	  0	  0	  0	  0	  5	20020	  0
10-09-2015	02:39:36	<-	L	00000000	 29	 78	 52	 27	  0	390	  0	  4	  4	  4	  4	  4	  4	  4	  4	  0	  0	  0	  0	  0	  0	  0	  0	  0	  0	  0	  0	  0	  0	  0	  0	  0	  0	  0	  0	  0	  0	  0	  0	 78	 52	 27	 62	  0	 58	  0	  0	  0	  0	  0	  0	  0	  0	  0	  0	  0	  5	20020	  0
10-09-2015	02:44:37	<-	L	00000000	 29	 78	 52	 27	  0	395	  0	  4	  4	  4	  4	  4	  4	  4	  4	  0	  0	  0	  0	  0	  0	  0	  0	  0	  0	  0	  0	  0	  0	  0	  0	  0	  0	  0	  0	  0	  0	  0	  0	 78	 52	 27	 63	  0	 55	  0	  0	  0	  0	  0	  0	  0	  0	  0	  0	  0	  5	20020	  0
10-09-2015	02:49:36	<-	L	00000000	 29	 79	 52	 25	  0	400	  0	  4	  4	  4	  4	  4	  4	  4	  4	  0	  0	  0	  0	  0	  0	  0	  0	  0	  0	  0	  0	  0	  0	  0	  0	  0	  0	  0	  0	  0	  0	  0	  0	 79	 52	 25	 63	  0	 55	  0	  0	  0	  0	  0	  0	  0	  0	  0	  0	  0	  5	20020	  0
10-09-2015	02:54:36	<-	L	00000000	 29	 77	 52	 27	  0	405	  0	  4	  4	  4	  4	  4	  4	  4	  4	  0	  0	  0	  0	  0	  0	  0	  0	  0	  0	  0	  0	  0	  0	  0	  0	  0	  0	  0	  0	  0	  0	  0	  0	 77	 52	 26	 63	  0	 55	  0	  0	  0	  0	  0	  0	  0	  0	  0	  0	  0	  5	20020	  0
10-09-2015	02:59:36	<-	L	00000000	 29	 76	 52	 28	  0	410	  0	  4	  4	  4	  4	  4	  4	  4	  4	  0	  0	  0	  0	  0	  0	  0	  0	  0	  0	  0	  0	  0	  0	  0	  0	  0	  0	  0	  0	  0	  0	  0	  0	 76	 52	 28	 63	  0	 55	  0	  0	  0	  0	  0	  0	  0	  0	  0	  0	  0	  5	20020	  0
10-09-2015	03:04:36	<-	L	00000000	 29	 80	 52	 25	  0	415	  0	  4	  4	  4	  4	  4	  4	  4	  4	  0	  0	  0	  0	  0	  0	  0	  0	  0	  0	  0	  0	  0	  0	  0	  0	  0	  0	  0	  0	  0	  0	  0	  0	 80	 52	 24	 65	  0	 49	  0	  0	  0	  0	  0	  0	  0	  0	  0	  0	  0	  5	20276	  0
10-09-2015	03:09:36	<-	L	00000000	 29	 78	 52	 27	  0	420	  0	  4	  4	  4	  4	  4	  4	  4	  4	  0	  0	  0	  0	  0	  0	  0	  0	  0	  0	  0	  0	  0	  0	  0	  0	  0	  0	  0	  0	  0	  0	  0	  0	 78	 52	 27	 65	  0	 49	  0	  0	  0	  0	  0	  0	  0	  0	  0	  0	  0	  5	20532	  0
10-09-2015	03:14:36	<-	L	00000000	210	 81	 54	 26	  0	  4	  0	  4	  4	  4	  4	  4	  4	  4	  4	  0	  0	  0	  0	  0	  0	  0	  0	  0	  0	  0	  0	  0	  0	  0	  0	  0	  0	  0	  0	  0	  0	  0	  0	 81	 54	 26	 67	  0	 50	  0	  0	  0	  0	  0	  0	  0	  0	  0	  0	  0	  5	21813	  0
10-09-2015	03:19:37	<-	L	00000000	210	 83	 53	 24	  0	  9	  0	  4	  4	  4	  4	  4	  4	  4	  4	  0	  0	  0	  0	  0	  0	  0	  0	  0	  0	  0	  0	  0	  0	  0	  0	  0	  0	  0	  0	  0	  0	  0	  0	 83	 53	 23	 67	  0	 47	  0	  0	  0	  0	  0	  0	  0	  0	  0	  0	  0	  5	21813	  0
10-09-2015	03:24:37	<-	L	00000000	210	 83	 53	 23	  0	 14	  0	  4	  4	  4	  4	  4	  4	  4	  4	  0	  0	  0	  0	  0	  0	  0	  0	  0	  0	  0	  0	  0	  0	  0	  0	  0	  0	  0	  0	  0	  0	  0	  0	 83	 53	 23	 68	  0	 45	  0	  0	  0	  0	  0	  0	  0	  0	  0	  0	  0	  5	21813	  0
10-09-2015	03:29:37	<-	L	00000000	210	 83	 53	 23	  0	 19	  0	  4	  4	  4	  4	  4	  4	  4	  4	  0	  0	  0	  0	  0	  0	  0	  0	  0	  0	  0	  0	  0	  0	  0	  0	  0	  0	  0	  0	  0	  0	  0	  0	 83	 53	 23	 68	  0	 45	  0	  0	  0	  0	  0	  0	  0	  0	  0	  0	  0	  5	21812	  0
10-09-2015	03:34:37	<-	L	00000000	210	 82	 51	 22	  0	 24	  0	  4	  4	  4	  4	  4	  4	  4	  4	  0	  0	  0	  0	  0	  0	  0	  0	  0	  0	  0	  0	  0	  0	  0	  0	  0	  0	  0	  0	  0	  0	  0	  0	 82	 51	 22	 65	  0	 46	  0	  0	  0	  0	  0	  0	  0	  0	  0	  0	  0	  5	21811	  0
10-09-2015	03:39:37	<-	L	00000000	210	 82	 51	 22	  0	 29	  0	  4	  4	  4	  4	  4	  4	  4	  4	  0	  0	  0	  0	  0	  0	  0	  0	  0	  0	  0	  0	  0	  0	  0	  0	  0	  0	  0	  0	  0	  0	  0	  0	 82	 51	 22	 64	  0	 49	  0	  0	  0	  0	  0	  0	  0	  0	  0	  0	  0	  5	21811	  0
10-09-2015	03:44:37	<-	L	00000000	210	 81	 51	 22	  0	 34	  0	  4	  4	  4	  4	  4	  4	  4	  4	  0	  0	  0	  0	  0	  0	  0	  0	  0	  0	  0	  0	  0	  0	  0	  0	  0	  0	  0	  0	  0	  0	  0	  0	 81	 51	 22	 63	  0	 52	  0	  0	  0	  0	  0	  0	  0	  0	  0	  0	  0	  5	21811	  0
10-09-2015	03:49:37	<-	L	00000000	210	 81	 51	 22	  0	 39	  0	  4	  4	  4	  4	  4	  4	  4	  4	  0	  0	  0	  0	  0	  0	  0	  0	  0	  0	  0	  0	  0	  0	  0	  0	  0	  0	  0	  0	  0	  0	  0	  0	 81	 51	 22	 64	  0	 49	  0	  0	  0	  0	  0	  0	  0	  0	  0	  0	  0	  5	21811	  0
10-09-2015	03:54:38	<-	L	00000000	210	 81	 51	 21	  0	 44	  0	  4	  4	  4	  4	  4	  4	  4	  4	  0	  0	  0	  0	  0	  0	  0	  0	  0	  0	  0	  0	  0	  0	  0	  0	  0	  0	  0	  0	  0	  0	  0	  0	 81	 51	 22	 64	  0	 49	  0	  0	  0	  0	  0	  0	  0	  0	  0	  0	  0	  5	21810	  0
10-09-2015	03:59:37	<-	L	00000000	210	 81	 50	 21	  0	 49	  0	  4	  4	  4	  4	  4	  4	  4	  4	  0	  0	  0	  0	  0	  0	  0	  0	  0	  0	  0	  0	  0	  0	  0	  0	  0	  0	  0	  0	  0	  0	  0	  0	 81	 50	 21	 64	  0	 46	  0	  0	  0	  0	  0	  0	  0	  0	  0	  0	  0	  5	21810	  0
10-09-2015	04:04:37	<-	L	00000000	210	 82	 50	 21	  0	 54	  0	  4	  4	  4	  4	  4	  4	  4	  4	  0	  0	  0	  0	  0	  0	  0	  0	  0	  0	  0	  0	  0	  0	  0	  0	  0	  0	  0	  0	  0	  0	  0	  0	 82	 50	 21	 65	  0	 44	  0	  0	  0	  0	  0	  0	  0	  0	  0	  0	  0	  5	21811	  0
10-09-2015	04:09:38	<-	L	00000000	210	 83	 51	 21	  0	 59	  0	  4	  4	  4	  4	  4	  4	  4	  4	  0	  0	  0	  0	  0	  0	  0	  0	  0	  0	  0	  0	  0	  0	  0	  0	  0	  0	  0	  0	  0	  0	  0	  0	 83	 51	 21	 66	  0	 44	  0	  0	  0	  0	  0	  0	  0	  0	  0	  0	  0	  5	21811	  0
10-09-2015	04:14:37	<-	L	00000000	210	 82	 51	 22	  0	 64	  0	  4	  4	  4	  4	  4	  4	  4	  4	  0	  0	  0	  0	  0	  0	  0	  0	  0	  0	  0	  0	  0	  0	  0	  0	  0	  0	  0	  0	  0	  0	  0	  0	 82	 51	 22	 66	  0	 44	  0	  0	  0	  0	  0	  0	  0	  0	  0	  0	  0	  5	21810	  0
10-09-2015	04:19:37	<-	L	00000000	210	 82	 50	 21	  0	 69	  0	  4	  4	  4	  4	  4	  4	  4	  4	  0	  0	  0	  0	  0	  0	  0	  0	  0	  0	  0	  0	  0	  0	  0	  0	  0	  0	  0	  0	  0	  0	  0	  0	 82	 50	 21	 66	  0	 41	  0	  0	  0	  0	  0	  0	  0	  0	  0	  0	  0	  5	21810	  0
10-09-2015	04:24:37	<-	L	00000000	210	 82	 50	 21	  0	 74	  0	  4	  4	  4	  4	  4	  4	  4	  4	  0	  0	  0	  0	  0	  0	  0	  0	  0	  0	  0	  0	  0	  0	  0	  0	  0	  0	  0	  0	  0	  0	  0	  0	 82	 50	 21	 66	  0	 41	  0	  0	  0	  0	  0	  0	  0	  0	  0	  0	  0	  5	21810	  0
10-09-2015	04:29:37	<-	L	00000000	210	 82	 50	 21	  0	 79	  0	  4	  4	  4	  4	  4	  4	  4	  4	  0	  0	  0	  0	  0	  0	  0	  0	  0	  0	  0	  0	  0	  0	  0	  0	  0	  0	  0	  0	  0	  0	  0	  0	 82	 50	 21	 66	  0	 41	  0	  0	  0	  0	  0	  0	  0	  0	  0	  0	  0	  5	21810	  0
10-09-2015	04:34:38	<-	L	00000000	210	 82	 50	 21	  0	 84	  0	  4	  4	  4	  4	  4	  4	  4	  4	  0	  0	  0	  0	  0	  0	  0	  0	  0	  0	  0	  0	  0	  0	  0	  0	  0	  0	  0	  0	  0	  0	  0	  0	 82	 50	 21	 66	  0	 41	  0	  0	  0	  0	  0	  0	  0	  0	  0	  0	  0	  5	21810	  0
10-09-2015	04:39:38	<-	L	00000000	210	 82	 50	 21	  0	 89	  0	  4	  4	  4	  4	  4	  4	  4	  4	  0	  0	  0	  0	  0	  0	  0	  0	  0	  0	  0	  0	  0	  0	  0	  0	  0	  0	  0	  0	  0	  0	  0	  0	 82	 50	 21	 66	  0	 41	  0	  0	  0	  0	  0	  0	  0	  0	  0	  0	  0	  5	21810	  0
10-09-2015	04:44:38	<-	L	00000000	210	 82	 50	 21	  0	 94	  0	  4	  4	  4	  4	  4	  4	  4	  4	  0	  0	  0	  0	  0	  0	  0	  0	  0	  0	  0	  0	  0	  0	  0	  0	  0	  0	  0	  0	  0	  0	  0	  0	 82	 50	 21	 66	  0	 41	  0	  0	  0	  0	  0	  0	  0	  0	  0	  0	  0	  5	21810	  0
10-09-2015	04:49:38	->	L	00000000	210	 82	 50	 22	  0	 99	  0	  4	  4	  4	  4	  4	  4	  4	  4	  0	  0	  0	  0	  0	  0	  0	  0	  0	  0	  0	  0	  0	  0	  0	  0	  0	  0	  0	  0	  0	  0	  0	  0	 70	 50	 33	 82	  0	 21	  0	  0	  0	  0	  0	  0	  0	  0	  0	  0	  0	  5	21810	  0
10-09-2015	04:54:38	->	L	00000000	210	 83	 48	 18	  0	104	  0	  4	  4	  4	  4	  4	  4	  4	  4	  0	  0	  0	  0	  0	  0	  0	  0	  0	  0	  0	  0	  0	  0	  0	  0	  0	  0	  0	  0	  0	  0	  0	  0	 67	 48	 34	 83	  0	 18	  0	  0	  0	  0	  0	  0	  0	  0	  0	  0	  0	  5	21809	  0
10-09-2015	04:59:38	->	L	00000000	210	 83	 49	 19	  0	109	  0	  4	  4	  4	  4	  4	  4	  4	  4	  0	  0	  0	  0	  0	  0	  0	  0	  0	  0	  0	  0	  0	  0	  0	  0	  0	  0	  0	  0	  0	  0	  0	  0	 67	 49	 37	 83	  0	 19	  0	  0	  0	  0	  0	  0	  0	  0	  0	  0	  0	  5	21809	  0
10-09-2015	05:04:38	->	L	00000000	210	 83	 49	 19	  0	114	  0	  4	  4	  4	  4	  4	  4	  4	  4	  0	  0	  0	  0	  0	  0	  0	  0	  0	  0	  0	  0	  0	  0	  0	  0	  0	  0	  0	  0	  0	  0	  0	  0	 67	 49	 37	 83	  0	 19	  0	  0	  0	  0	  0	  0	  0	  0	  0	  0	  0	  5	21809	  0
10-09-2015	05:09:38	->	L	00000000	210	 83	 49	 20	  0	119	  0	  4	  4	  4	  4	  4	  4	  4	  4	  0	  0	  0	  0	  0	  0	  0	  0	  0	  0	  0	  0	  0	  0	  0	  0	  0	  0	  0	  0	  0	  0	  0	  0	 66	 49	 38	 83	  0	 19	  0	  0	  0	  0	  0	  0	  0	  0	  0	  0	  0	  5	21809	  0
10-09-2015	05:14:38	->	L	00000000	210	 82	 49	 20	  0	124	  0	  4	  4	  4	  4	  4	  4	  4	  4	  0	  0	  0	  0	  0	  0	  0	  0	  0	  0	  0	  0	  0	  0	  0	  0	  0	  0	  0	  0	  0	  0	  0	  0	 66	 49	 38	 82	  0	 20	  0	  0	  0	  0	  0	  0	  0	  0	  0	  0	  0	  5	21809	  0
10-09-2015	05:19:38	->	L	00000000	210	 82	 49	 20	  0	129	  0	  4	  4	  4	  4	  4	  4	  4	  4	  0	  0	  0	  0	  0	  0	  0	  0	  0	  0	  0	  0	  0	  0	  0	  0	  0	  0	  0	  0	  0	  0	  0	  0	 66	 49	 38	 82	  0	 20	  0	  0	  0	  0	  0	  0	  0	  0	  0	  0	  0	  5	21809	  0
10-09-2015	05:24:38	->	L	00000000	210	 82	 49	 20	  0	134	  0	  4	  4	  4	  4	  4	  4	  4	  4	  0	  0	  0	  0	  0	  0	  0	  0	  0	  0	  0	  0	  0	  0	  0	  0	  0	  0	  0	  0	  0	  0	  0	  0	 66	 49	 38	 82	  0	 20	  0	  0	  0	  0	  0	  0	  0	  0	  0	  0	  0	  5	21809	  0
10-09-2015	05:29:39	->	L	00000000	210	 82	 49	 20	  0	139	  0	  4	  4	  4	  4	  4	  4	  4	  4	  0	  0	  0	  0	  0	  0	  0	  0	  0	  0	  0	  0	  0	  0	  0	  0	  0	  0	  0	  0	  0	  0	  0	  0	 66	 49	 38	 82	  0	 20	  0	  0	  0	  0	  0	  0	  0	  0	  0	  0	  0	  5	21809	  0
10-09-2015	05:34:39	->	L	00000000	210	 82	 49	 20	  0	144	  0	  4	  4	  4	  4	  4	  4	  4	  4	  0	  0	  0	  0	  0	  0	  0	  0	  0	  0	  0	  0	  0	  0	  0	  0	  0	  0	  0	  0	  0	  0	  0	  0	 66	 49	 38	 82	  0	 20	  0	  0	  0	  0	  0	  0	  0	  0	  0	  0	  0	  5	21809	  0
10-09-2015	05:39:39	->	L	00000000	210	 82	 49	 20	  0	149	  0	  4	  4	  4	  4	  4	  4	  4	  4	  0	  0	  0	  0	  0	  0	  0	  0	  0	  0	  0	  0	  0	  0	  0	  0	  0	  0	  0	  0	  0	  0	  0	  0	 66	 49	 38	 82	  0	 20	  0	  0	  0	  0	  0	  0	  0	  0	  0	  0	  0	  5	21809	  0
10-09-2015	05:59:39	  	L	00000000	210	 71	 53	 39	  0	150	  0	  4	  4	  4	  4	  4	  4	  4	  4	  0	  0	  0	  0	  0	  0	  0	  0	  0	  0	  0	  0	  0	  0	  0	  0	  0	  0	  0	  0	  0	  0	  0	  0	 67	 53	 47	 71	  0	 39	  0	  0	  0	  0	  0	  0	  0	  0	  0	  0	  0	  5	21809	  0
10-09-2015	06:04:39	->	L	00000000	210	 81	 51	 23	  0	155	  0	  4	  4	  4	  4	  4	  4	  4	  4	  0	  0	  0	  0	  0	  0	  0	  0	  0	  0	  0	  0	  0	  0	  0	  0	  0	  0	  0	  0	  0	  0	  0	  0	 65	 51	 46	 81	  0	 22	  0	  0	  0	  0	  0	  0	  0	  0	  0	  0	  0	  5	21809	  0
10-09-2015	06:09:39	->	L	00000000	210	 86	 50	 19	  0	160	  0	  4	  4	  4	  4	  4	  4	  4	  4	  0	  0	  0	  0	  0	  0	  0	  0	  0	  0	  0	  0	  0	  0	  0	  0	  0	  0	  0	  0	  0	  0	  0	  0	 67	 50	 39	 86	  0	 18	  0	  0	  0	  0	  0	  0	  0	  0	  0	  0	  0	  5	21810	  0
10-09-2015	06:14:39	->	L	00000000	210	 83	 50	 19	  0	165	  0	  4	  4	  4	  4	  4	  4	  4	  4	  0	  0	  0	  0	  0	  0	  0	  0	  0	  0	  0	  0	  0	  0	  0	  0	  0	  0	  0	  0	  0	  0	  0	  0	 66	 50	 41	 83	  0	 20	  0	  0	  0	  0	  0	  0	  0	  0	  0	  0	  0	  5	21810	  0
10-09-2015	06:19:39	->	L	00000000	210	 84	 50	 20	  0	170	  0	  4	  4	  4	  4	  4	  4	  4	  4	  0	  0	  0	  0	  0	  0	  0	  0	  0	  0	  0	  0	  0	  0	  0	  0	  0	  0	  0	  0	  0	  0	  0	  0	 67	 50	 39	 84	  0	 19	  0	  0	  0	  0	  0	  0	  0	  0	  0	  0	  0	  5	21810	  0
10-09-2015	06:24:40	->	L	00000000	210	 85	 50	 18	  0	175	  0	  4	  4	  4	  4	  4	  4	  4	  4	  0	  0	  0	  0	  0	  0	  0	  0	  0	  0	  0	  0	  0	  0	  0	  0	  0	  0	  0	  0	  0	  0	  0	  0	 68	 50	 37	 85	  0	 19	  0	  0	  0	  0	  0	  0	  0	  0	  0	  0	  0	  5	21810	  0
10-09-2015	06:29:40	->	L	00000000	210	 84	 50	 20	  0	180	  0	  4	  4	  4	  4	  4	  4	  4	  4	  0	  0	  0	  0	  0	  0	  0	  0	  0	  0	  0	  0	  0	  0	  0	  0	  0	  0	  0	  0	  0	  0	  0	  0	 68	 50	 37	 84	  0	 19	  0	  0	  0	  0	  0	  0	  0	  0	  0	  0	  0	  5	21810	  0
10-09-2015	06:34:40	->	L	00000000	210	 86	 50	 18	  0	185	  0	  4	  4	  4	  4	  4	  4	  4	  4	  0	  0	  0	  0	  0	  0	  0	  0	  0	  0	  0	  0	  0	  0	  0	  0	  0	  0	  0	  0	  0	  0	  0	  0	 68	 50	 37	 86	  0	 18	  0	  0	  0	  0	  0	  0	  0	  0	  0	  0	  0	  5	21810	  0
10-09-2015	06:39:40	->	L	00000000	210	 82	 50	 21	  0	190	  0	  4	  4	  4	  4	  4	  4	  4	  4	  0	  0	  0	  0	  0	  0	  0	  0	  0	  0	  0	  0	  0	  0	  0	  0	  0	  0	  0	  0	  0	  0	  0	  0	 68	 50	 37	 82	  0	 21	  0	  0	  0	  0	  0	  0	  0	  0	  0	  0	  0	  5	21810	  0
10-09-2015	06:44:40	->	L	00000000	210	 82	 50	 21	  0	195	  0	  4	  4	  4	  4	  4	  4	  4	  4	  0	  0	  0	  0	  0	  0	  0	  0	  0	  0	  0	  0	  0	  0	  0	  0	  0	  0	  0	  0	  0	  0	  0	  0	 67	 50	 39	 82	  0	 21	  0	  0	  0	  0	  0	  0	  0	  0	  0	  0	  0	  5	21810	  0
10-09-2015	06:49:40	->	L	00000000	210	 86	 50	 18	  0	200	  0	  4	  4	  4	  4	  4	  4	  4	  4	  0	  0	  0	  0	  0	  0	  0	  0	  0	  0	  0	  0	  0	  0	  0	  0	  0	  0	  0	  0	  0	  0	  0	  0	 68	 50	 37	 86	  0	 18	  0	  0	  0	  0	  0	  0	  0	  0	  0	  0	  0	  5	21810	  0
10-09-2015	06:54:40	->	L	00000000	210	 85	 50	 18	  0	205	  0	  4	  4	  4	  4	  4	  4	  4	  4	  0	  0	  0	  0	  0	  0	  0	  0	  0	  0	  0	  0	  0	  0	  0	  0	  0	  0	  0	  0	  0	  0	  0	  0	 69	 50	 35	 85	  0	 19	  0	  0	  0	  0	  0	  0	  0	  0	  0	  0	  0	  5	21810	  0
10-09-2015	06:59:40	->	L	00000000	210	 84	 50	 20	  0	210	  0	  4	  4	  4	  4	  4	  4	  4	  4	  0	  0	  0	  0	  0	  0	  0	  0	  0	  0	  0	  0	  0	  0	  0	  0	  0	  0	  0	  0	  0	  0	  0	  0	 68	 50	 37	 84	  0	 19	  0	  0	  0	  0	  0	  0	  0	  0	  0	  0	  0	  5	21810	  0
10-09-2015	07:04:40	->	L	00000000	210	 87	 50	 17	  0	215	  0	  4	  4	  4	  4	  4	  4	  4	  4	  0	  0	  0	  0	  0	  0	  0	  0	  0	  0	  0	  0	  0	  0	  0	  0	  0	  0	  0	  0	  0	  0	  0	  0	 69	 50	 35	 86	  0	 17	  0	  0	  0	  0	  0	  0	  0	  0	  0	  0	  0	  5	21810	  0
10-09-2015	07:09:41	->	L	00000000	210	 83	 50	 20	  0	220	  0	  4	  4	  4	  4	  4	  4	  4	  4	  0	  0	  0	  0	  0	  0	  0	  0	  0	  0	  0	  0	  0	  0	  0	  0	  0	  0	  0	  0	  0	  0	  0	  0	 68	 50	 37	 83	  0	 20	  0	  0	  0	  0	  0	  0	  0	  0	  0	  0	  0	  5	21810	  0
10-09-2015	07:14:40	->	L	00000000	210	 85	 50	 19	  0	225	  0	  4	  4	  4	  4	  4	  4	  4	  4	  0	  0	  0	  0	  0	  0	  0	  0	  0	  0	  0	  0	  0	  0	  0	  0	  0	  0	  0	  0	  0	  0	  0	  0	 70	 50	 33	 85	  0	 19	  0	  0	  0	  0	  0	  0	  0	  0	  0	  0	  0	  5	21809	  0
10-09-2015	07:19:41	->	L	00000000	210	 86	 49	 17	  0	230	  0	  4	  4	  4	  4	  4	  4	  4	  4	  0	  0	  0	  0	  0	  0	  0	  0	  0	  0	  0	  0	  0	  0	  0	  0	  0	  0	  0	  0	  0	  0	  0	  0	 69	 49	 33	 86	  0	 17	  0	  0	  0	  0	  0	  0	  0	  0	  0	  0	  0	  5	21809	  0
10-09-2015	07:24:40	->	L	00000000	210	 85	 49	 18	  0	235	  0	  4	  4	  4	  4	  4	  4	  4	  4	  0	  0	  0	  0	  0	  0	  0	  0	  0	  0	  0	  0	  0	  0	  0	  0	  0	  0	  0	  0	  0	  0	  0	  0	 69	 49	 33	 85	  0	 18	  0	  0	  0	  0	  0	  0	  0	  0	  0	  0	  0	  5	21809	  0
10-09-2015	07:29:41	->	L	00000000	210	 83	 49	 19	  0	240	  0	  4	  4	  4	  4	  4	  4	  4	  4	  0	  0	  0	  0	  0	  0	  0	  0	  0	  0	  0	  0	  0	  0	  0	  0	  0	  0	  0	  0	  0	  0	  0	  0	 69	 49	 33	 83	  0	 19	  0	  0	  0	  0	  0	  0	  0	  0	  0	  0	  0	  5	21809	  0
10-09-2015	07:34:41	->	L	00000000	210	 85	 49	 18	  0	245	  0	  4	  4	  4	  4	  4	  4	  4	  4	  0	  0	  0	  0	  0	  0	  0	  0	  0	  0	  0	  0	  0	  0	  0	  0	  0	  0	  0	  0	  0	  0	  0	  0	 70	 49	 30	 85	  0	 18	  0	  0	  0	  0	  0	  0	  0	  0	  0	  0	  0	  5	21809	  0
10-09-2015	07:39:41	->	L	00000000	210	 86	 49	 17	  0	250	  0	  4	  4	  4	  4	  4	  4	  4	  4	  0	  0	  0	  0	  0	  0	  0	  0	  0	  0	  0	  0	  0	  0	  0	  0	  0	  0	  0	  0	  0	  0	  0	  0	 70	 49	 30	 86	  0	 17	  0	  0	  0	  0	  0	  0	  0	  0	  0	  0	  0	  5	21809	  0
10-09-2015	07:44:41	->	L	00000000	210	 83	 49	 19	  0	255	  0	  4	  4	  4	  4	  4	  4	  4	  4	  0	  0	  0	  0	  0	  0	  0	  0	  0	  0	  0	  0	  0	  0	  0	  0	  0	  0	  0	  0	  0	  0	  0	  0	 69	 49	 33	 83	  0	 19	  0	  0	  0	  0	  0	  0	  0	  0	  0	  0	  0	  5	21809	  0
10-09-2015	07:49:42	->	L	00000000	210	 85	 49	 18	  0	260	  0	  4	  4	  4	  4	  4	  4	  4	  4	  0	  0	  0	  0	  0	  0	  0	  0	  0	  0	  0	  0	  0	  0	  0	  0	  0	  0	  0	  0	  0	  0	  0	  0	 70	 49	 30	 85	  0	 18	  0	  0	  0	  0	  0	  0	  0	  0	  0	  0	  0	  5	21809	  0
10-09-2015	07:54:41	->	L	00000000	210	 85	 49	 17	  0	265	  0	  4	  4	  4	  4	  4	  4	  4	  4	  0	  0	  0	  0	  0	  0	  0	  0	  0	  0	  0	  0	  0	  0	  0	  0	  0	  0	  0	  0	  0	  0	  0	  0	 70	 49	 30	 85	  0	 18	  0	  0	  0	  0	  0	  0	  0	  0	  0	  0	  0	  5	21809	  0
10-09-2015	07:59:41	->	L	00000000	210	 83	 49	 19	  0	270	  0	  4	  4	  4	  4	  4	  4	  4	  4	  0	  0	  0	  0	  0	  0	  0	  0	  0	  0	  0	  0	  0	  0	  0	  0	  0	  0	  0	  0	  0	  0	  0	  0	 70	 49	 30	 83	  0	 19	  0	  0	  0	  0	  0	  0	  0	  0	  0	  0	  0	  5	21809	  0
10-09-2015	08:04:41	->	L	00000000	210	 86	 49	 18	  0	275	  0	  4	  4	  4	  4	  4	  4	  4	  4	  0	  0	  0	  0	  0	  0	  0	  0	  0	  0	  0	  0	  0	  0	  0	  0	  0	  0	  0	  0	  0	  0	  0	  0	 71	 49	 29	 86	  0	 17	  0	  0	  0	  0	  0	  0	  0	  0	  0	  0	  0	  5	21809	  0
10-09-2015	08:09:41	->	L	00000000	210	 85	 49	 18	  0	280	  0	  4	  4	  4	  4	  4	  4	  4	  4	  0	  0	  0	  0	  0	  0	  0	  0	  0	  0	  0	  0	  0	  0	  0	  0	  0	  0	  0	  0	  0	  0	  0	  0	 70	 49	 30	 85	  0	 18	  0	  0	  0	  0	  0	  0	  0	  0	  0	  0	  0	  5	21809	  0
10-09-2015	08:14:42	->	L	00000000	210	 84	 49	 19	  0	285	  0	  4	  4	  4	  4	  4	  4	  4	  4	  0	  0	  0	  0	  0	  0	  0	  0	  0	  0	  0	  0	  0	  0	  0	  0	  0	  0	  0	  0	  0	  0	  0	  0	 70	 49	 30	 84	  0	 18	  0	  0	  0	  0	  0	  0	  0	  0	  0	  0	  0	  5	21809	  0
10-09-2015	08:19:41	->	L	00000000	210	 85	 49	 18	  0	290	  0	  4	  4	  4	  4	  4	  4	  4	  4	  0	  0	  0	  0	  0	  0	  0	  0	  0	  0	  0	  0	  0	  0	  0	  0	  0	  0	  0	  0	  0	  0	  0	  0	 71	 49	 29	 85	  0	 18	  0	  0	  0	  0	  0	  0	  0	  0	  0	  0	  0	  5	21809	  0
10-09-2015	08:24:41	->	L	00000000	210	 86	 49	 17	  0	295	  0	  4	  4	  4	  4	  4	  4	  4	  4	  0	  0	  0	  0	  0	  0	  0	  0	  0	  0	  0	  0	  0	  0	  0	  0	  0	  0	  0	  0	  0	  0	  0	  0	 71	 49	 29	 86	  0	 17	  0	  0	  0	  0	  0	  0	  0	  0	  0	  0	  0	  5	21809	  0
10-09-2015	08:29:42	->	L	00000000	210	 83	 49	 19	  0	300	  0	  4	  4	  4	  4	  4	  4	  4	  4	  0	  0	  0	  0	  0	  0	  0	  0	  0	  0	  0	  0	  0	  0	  0	  0	  0	  0	  0	  0	  0	  0	  0	  0	 70	 49	 30	 83	  0	 19	  0	  0	  0	  0	  0	  0	  0	  0	  0	  0	  0	  5	21809	  0
10-09-2015	08:34:42	->	L	00000000	210	 84	 49	 18	  0	305	  0	  4	  4	  4	  4	  4	  4	  4	  4	  0	  0	  0	  0	  0	  0	  0	  0	  0	  0	  0	  0	  0	  0	  0	  0	  0	  0	  0	  0	  0	  0	  0	  0	 71	 49	 29	 84	  0	 18	  0	  0	  0	  0	  0	  0	  0	  0	  0	  0	  0	  5	21809	  0
10-09-2015	08:39:42	->	L	00000000	210	 85	 49	 18	  0	310	  0	  4	  4	  4	  4	  4	  4	  4	  4	  0	  0	  0	  0	  0	  0	  0	  0	  0	  0	  0	  0	  0	  0	  0	  0	  0	  0	  0	  0	  0	  0	  0	  0	 71	 49	 29	 85	  0	 18	  0	  0	  0	  0	  0	  0	  0	  0	  0	  0	  0	  5	21809	  0
10-09-2015	08:44:42	->	L	00000000	210	 84	 49	 18	  0	315	  0	  4	  4	  4	  4	  4	  4	  4	  4	  0	  0	  0	  0	  0	  0	  0	  0	  0	  0	  0	  0	  0	  0	  0	  0	  0	  0	  0	  0	  0	  0	  0	  0	 71	 49	 29	 84	  0	 18	  0	  0	  0	  0	  0	  0	  0	  0	  0	  0	  0	  5	21809	  0
10-09-2015	08:49:42	->	L	00000000	210	 85	 49	 18	  0	320	  0	  4	  4	  4	  4	  4	  4	  4	  4	  0	  0	  0	  0	  0	  0	  0	  0	  0	  0	  0	  0	  0	  0	  0	  0	  0	  0	  0	  0	  0	  0	  0	  0	 72	 49	 27	 85	  0	 18	  0	  0	  0	  0	  0	  0	  0	  0	  0	  0	  0	  5	21809	  0
10-09-2015	08:54:42	->	L	00000000	210	 85	 49	 18	  0	325	  0	  4	  4	  4	  4	  4	  4	  4	  4	  0	  0	  0	  0	  0	  0	  0	  0	  0	  0	  0	  0	  0	  0	  0	  0	  0	  0	  0	  0	  0	  0	  0	  0	 71	 49	 29	 85	  0	 18	  0	  0	  0	  0	  0	  0	  0	  0	  0	  0	  0	  5	21809	  0
10-09-2015	08:59:43	->	L	00000000	210	 84	 49	 18	  0	330	  0	  4	  4	  4	  4	  4	  4	  4	  4	  0	  0	  0	  0	  0	  0	  0	  0	  0	  0	  0	  0	  0	  0	  0	  0	  0	  0	  0	  0	  0	  0	  0	  0	 71	 49	 29	 84	  0	 18	  0	  0	  0	  0	  0	  0	  0	  0	  0	  0	  0	  5	21809	  0
10-09-2015	09:04:42	->	L	00000000	210	 85	 49	 18	  0	335	  0	  4	  4	  4	  4	  4	  4	  4	  4	  0	  0	  0	  0	  0	  0	  0	  0	  0	  0	  0	  0	  0	  0	  0	  0	  0	  0	  0	  0	  0	  0	  0	  0	 72	 49	 27	 85	  0	 18	  0	  0	  0	  0	  0	  0	  0	  0	  0	  0	  0	  5	21809	  0
10-09-2015	09:34:43	<-	L	00000000	210	 61	 41	 31	  0	339	  0	  4	  4	  4	  4	  4	  4	  4	  4	  0	  0	  0	  0	  0	  0	  0	  0	  0	  0	  0	  0	  0	  0	  0	  0	  0	  0	  0	  0	  0	  0	  0	  0	 58	 41	 35	 61	  0	 29	  0	  0	  0	  0	  0	  0	  0	  0	  0	  0	  0	  5	21809	  0
10-09-2015	09:39:43	<-	L	00000000	210	 79	 48	 20	  0	344	  0	  4	  4	  4	  4	  4	  4	  4	  4	  0	  0	  0	  0	  0	  0	  0	  0	  0	  0	  0	  0	  0	  0	  0	  0	  0	  0	  0	  0	  0	  0	  0	  0	 79	 48	 20	 75	  0	 23	  0	  0	  0	  0	  0	  0	  0	  0	  0	  0	  0	  5	21809	  0
10-09-2015	09:44:43	<-	L	00000000	210	 82	 50	 21	  0	349	  0	  4	  4	  4	  4	  4	  4	  4	  4	  0	  0	  0	  0	  0	  0	  0	  0	  0	  0	  0	  0	  0	  0	  0	  0	  0	  0	  0	  0	  0	  0	  0	  0	 82	 50	 21	 78	  0	 23	  0	  0	  0	  0	  0	  0	  0	  0	  0	  0	  0	  5	21809	  0
10-09-2015	09:49:43	<-	L	00000000	210	 84	 50	 19	  0	354	  0	  4	  4	  4	  4	  4	  4	  4	  4	  0	  0	  0	  0	  0	  0	  0	  0	  0	  0	  0	  0	  0	  0	  0	  0	  0	  0	  0	  0	  0	  0	  0	  0	 84	 50	 19	 79	  0	 23	  0	  0	  0	  0	  0	  0	  0	  0	  0	  0	  0	  5	21809	  0
10-09-2015	09:54:43	<-	L	00000000	210	 85	 50	 19	  0	359	  0	  4	  4	  4	  4	  4	  4	  4	  4	  0	  0	  0	  0	  0	  0	  0	  0	  0	  0	  0	  0	  0	  0	  0	  0	  0	  0	  0	  0	  0	  0	  0	  0	 85	 50	 19	 78	  0	 23	  0	  0	  0	  0	  0	  0	  0	  0	  0	  0	  0	  5	21809	  0
10-09-2015	09:59:43	<-	L	00000000	210	 85	 49	 18	  0	364	  0	  4	  4	  4	  4	  4	  4	  4	  4	  0	  0	  0	  0	  0	  0	  0	  0	  0	  0	  0	  0	  0	  0	  0	  0	  0	  0	  0	  0	  0	  0	  0	  0	 85	 49	 18	 78	  0	 22	  0	  0	  0	  0	  0	  0	  0	  0	  0	  0	  0	  5	21809	  0
10-09-2015	10:04:43	<-	L	00000000	210	 83	 49	 20	  0	369	  0	  4	  4	  4	  4	  4	  4	  4	  4	  0	  0	  0	  0	  0	  0	  0	  0	  0	  0	  0	  0	  0	  0	  0	  0	  0	  0	  0	  0	  0	  0	  0	  0	 83	 49	 19	 77	  0	 23	  0	  0	  0	  0	  0	  0	  0	  0	  0	  0	  0	  5	21809	  0
10-09-2015	10:09:44	<-	L	00000000	210	 86	 49	 17	  0	374	  0	  4	  4	  4	  4	  4	  4	  4	  4	  0	  0	  0	  0	  0	  0	  0	  0	  0	  0	  0	  0	  0	  0	  0	  0	  0	  0	  0	  0	  0	  0	  0	  0	 86	 49	 17	 79	  0	 21	  0	  0	  0	  0	  0	  0	  0	  0	  0	  0	  0	  5	21809	  0
10-09-2015	10:14:43	<-	L	00000000	210	 82	 48	 19	  0	379	  0	  4	  4	  4	  4	  4	  4	  4	  4	  0	  0	  0	  0	  0	  0	  0	  0	  0	  0	  0	  0	  0	  0	  0	  0	  0	  0	  0	  0	  0	  0	  0	  0	 82	 48	 19	 77	  0	 22	  0	  0	  0	  0	  0	  0	  0	  0	  0	  0	  0	  5	21809	  0
10-09-2015	10:19:43	<-	L	00000000	210	 87	 49	 16	  0	384	  0	  4	  4	  4	  4	  4	  4	  4	  4	  0	  0	  0	  0	  0	  0	  0	  0	  0	  0	  0	  0	  0	  0	  0	  0	  0	  0	  0	  0	  0	  0	  0	  0	 87	 49	 16	 79	  0	 21	  0	  0	  0	  0	  0	  0	  0	  0	  0	  0	  0	  5	21809	  0
10-09-2015	10:24:43	<-	L	00000000	210	 84	 50	 19	  0	389	  0	  4	  4	  4	  4	  4	  4	  4	  4	  0	  0	  0	  0	  0	  0	  0	  0	  0	  0	  0	  0	  0	  0	  0	  0	  0	  0	  0	  0	  0	  0	  0	  0	 84	 50	 19	 78	  0	 23	  0	  0	  0	  0	  0	  0	  0	  0	  0	  0	  0	  5	21810	  0
10-09-2015	10:29:43	<-	L	00000000	210	 86	 50	 17	  0	394	  0	  4	  4	  4	  4	  4	  4	  4	  4	  0	  0	  0	  0	  0	  0	  0	  0	  0	  0	  0	  0	  0	  0	  0	  0	  0	  0	  0	  0	  0	  0	  0	  0	 86	 50	 18	 79	  0	 23	  0	  0	  0	  0	  0	  0	  0	  0	  0	  0	  0	  5	21810	  0
10-09-2015	10:34:43	<-	L	00000000	210	 83	 50	 19	  0	399	  0	  4	  4	  4	  4	  4	  4	  4	  4	  0	  0	  0	  0	  0	  0	  0	  0	  0	  0	  0	  0	  0	  0	  0	  0	  0	  0	  0	  0	  0	  0	  0	  0	 83	 50	 20	 78	  0	 23	  0	  0	  0	  0	  0	  0	  0	  0	  0	  0	  0	  5	21810	  0
10-09-2015	10:39:43	<-	L	00000000	210	 87	 50	 17	  0	404	  0	  4	  4	  4	  4	  4	  4	  4	  4	  0	  0	  0	  0	  0	  0	  0	  0	  0	  0	  0	  0	  0	  0	  0	  0	  0	  0	  0	  0	  0	  0	  0	  0	 87	 50	 17	 81	  0	 21	  0	  0	  0	  0	  0	  0	  0	  0	  0	  0	  0	  5	21810	  0
10-09-2015	10:44:44	<-	L	00000000	210	 83	 50	 20	  0	409	  0	  4	  4	  4	  4	  4	  4	  4	  4	  0	  0	  0	  0	  0	  0	  0	  0	  0	  0	  0	  0	  0	  0	  0	  0	  0	  0	  0	  0	  0	  0	  0	  0	 83	 50	 20	 78	  0	 23	  0	  0	  0	  0	  0	  0	  0	  0	  0	  0	  0	  5	21810	  0
10-09-2015	10:49:44	<-	L	00000000	210	 88	 50	 17	  0	414	  0	  4	  4	  4	  4	  4	  4	  4	  4	  0	  0	  0	  0	  0	  0	  0	  0	  0	  0	  0	  0	  0	  0	  0	  0	  0	  0	  0	  0	  0	  0	  0	  0	 88	 50	 17	 81	  0	 21	  0	  0	  0	  0	  0	  0	  0	  0	  0	  0	  0	  5	21810	  0
10-09-2015	10:54:44	<-	L	00000000	210	 84	 50	 19	  0	419	  0	  4	  4	  4	  4	  4	  4	  4	  4	  0	  0	  0	  0	  0	  0	  0	  0	  0	  0	  0	  0	  0	  0	  0	  0	  0	  0	  0	  0	  0	  0	  0	  0	 84	 50	 19	 79	  0	 23	  0	  0	  0	  0	  0	  0	  0	  0	  0	  0	  0	  5	21810	  0
10-09-2015	10:59:44	<-	L	00000000	210	 87	 50	 17	  0	424	  0	  4	  4	  4	  4	  4	  4	  4	  4	  0	  0	  0	  0	  0	  0	  0	  0	  0	  0	  0	  0	  0	  0	  0	  0	  0	  0	  0	  0	  0	  0	  0	  0	 87	 50	 17	 81	  0	 21	  0	  0	  0	  0	  0	  0	  0	  0	  0	  0	  0	  5	21810	  0
10-09-2015	11:04:44	<-	L	00000000	210	 85	 50	 18	  0	429	  0	  4	  4	  4	  4	  4	  4	  4	  4	  0	  0	  0	  0	  0	  0	  0	  0	  0	  0	  0	  0	  0	  0	  0	  0	  0	  0	  0	  0	  0	  0	  0	  0	 85	 50	 19	 80	  0	 22	  0	  0	  0	  0	  0	  0	  0	  0	  0	  0	  0	  5	21810	  0
10-09-2015	11:09:44	<-	L	00000000	210	 86	 50	 19	  0	434	  0	  4	  4	  4	  4	  4	  4	  4	  4	  0	  0	  0	  0	  0	  0	  0	  0	  0	  0	  0	  0	  0	  0	  0	  0	  0	  0	  0	  0	  0	  0	  0	  0	 86	 50	 18	 80	  0	 22	  0	  0	  0	  0	  0	  0	  0	  0	  0	  0	  0	  5	21810	  0
10-09-2015	11:14:44	<-	L	00000000	210	 87	 50	 17	  0	439	  0	  4	  4	  4	  4	  4	  4	  4	  4	  0	  0	  0	  0	  0	  0	  0	  0	  0	  0	  0	  0	  0	  0	  0	  0	  0	  0	  0	  0	  0	  0	  0	  0	 87	 50	 17	 80	  0	 22	  0	  0	  0	  0	  0	  0	  0	  0	  0	  0	  0	  5	21810	  0
10-09-2015	11:19:44	<-	L	00000000	210	 83	 49	 19	  0	444	  0	  4	  4	  4	  4	  4	  4	  4	  4	  0	  0	  0	  0	  0	  0	  0	  0	  0	  0	  0	  0	  0	  0	  0	  0	  0	  0	  0	  0	  0	  0	  0	  0	 83	 49	 19	 79	  0	 21	  0	  0	  0	  0	  0	  0	  0	  0	  0	  0	  0	  5	21810	  0
10-09-2015	11:24:45	<-	L	00000000	210	 89	 51	 18	  0	449	  0	  4	  4	  4	  4	  4	  4	  4	  4	  0	  0	  0	  0	  0	  0	  0	  0	  0	  0	  0	  0	  0	  0	  0	  0	  0	  0	  0	  0	  0	  0	  0	  0	 89	 51	 17	 81	  0	 22	  0	  0	  0	  0	  0	  0	  0	  0	  0	  0	  0	  5	21810	  0
10-09-2015	11:29:45	<-	L	00000000	210	 84	 50	 19	  0	454	  0	  4	  4	  4	  4	  4	  4	  4	  4	  0	  0	  0	  0	  0	  0	  0	  0	  0	  0	  0	  0	  0	  0	  0	  0	  0	  0	  0	  0	  0	  0	  0	  0	 84	 50	 19	 79	  0	 23	  0	  0	  0	  0	  0	  0	  0	  0	  0	  0	  0	  5	21810	  0
10-09-2015	11:34:44	<-	L	00000000	210	 89	 50	 17	  0	459	  0	  4	  4	  4	  4	  4	  4	  4	  4	  0	  0	  0	  0	  0	  0	  0	  0	  0	  0	  0	  0	  0	  0	  0	  0	  0	  0	  0	  0	  0	  0	  0	  0	 89	 50	 16	 82	  0	 21	  0	  0	  0	  0	  0	  0	  0	  0	  0	  0	  0	  5	21810	  0
10-09-2015	11:39:44	<-	L	00000000	210	 86	 50	 18	  0	464	  0	  4	  4	  4	  4	  4	  4	  4	  4	  0	  0	  0	  0	  0	  0	  0	  0	  0	  0	  0	  0	  0	  0	  0	  0	  0	  0	  0	  0	  0	  0	  0	  0	 86	 50	 18	 81	  0	 21	  0	  0	  0	  0	  0	  0	  0	  0	  0	  0	  0	  5	21812	  0
10-09-2015	11:44:44	<-	L	00000000	210	 83	 51	 20	  0	469	  0	  4	  4	  4	  4	  4	  4	  4	  4	  0	  0	  0	  0	  0	  0	  0	  0	  0	  0	  0	  0	  0	  0	  0	  0	  0	  0	  0	  0	  0	  0	  0	  0	 83	 51	 21	 80	  0	 23	  0	  0	  0	  0	  0	  0	  0	  0	  0	  0	  0	  5	21812	  0
10-09-2015	11:49:45	<-	L	00000000	210	 88	 52	 19	  0	474	  0	  4	  4	  4	  4	  4	  4	  4	  4	  0	  0	  0	  0	  0	  0	  0	  0	  0	  0	  0	  0	  0	  0	  0	  0	  0	  0	  0	  0	  0	  0	  0	  0	 88	 52	 19	 83	  0	 22	  0	  0	  0	  0	  0	  0	  0	  0	  0	  0	  0	  5	21812	  0
10-09-2015	11:54:45	<-	L	00000000	210	 89	 52	 19	  0	479	  0	  4	  4	  4	  4	  4	  4	  4	  4	  0	  0	  0	  0	  0	  0	  0	  0	  0	  0	  0	  0	  0	  0	  0	  0	  0	  0	  0	  0	  0	  0	  0	  0	 89	 52	 18	 83	  0	 22	  0	  0	  0	  0	  0	  0	  0	  0	  0	  0	  0	  5	21812	  0
10-09-2015	11:59:45	<-	L	00000000	210	 85	 52	 20	  0	484	  0	  4	  4	  4	  4	  4	  4	  4	  4	  0	  0	  0	  0	  0	  0	  0	  0	  0	  0	  0	  0	  0	  0	  0	  0	  0	  0	  0	  0	  0	  0	  0	  0	 85	 52	 21	 81	  0	 23	  0	  0	  0	  0	  0	  0	  0	  0	  0	  0	  0	  5	21812	  0
10-09-2015	12:04:45	<-	L	00000000	210	 84	 52	 21	  0	489	  0	  4	  4	  4	  4	  4	  4	  4	  4	  0	  0	  0	  0	  0	  0	  0	  0	  0	  0	  0	  0	  0	  0	  0	  0	  0	  0	  0	  0	  0	  0	  0	  0	 84	 52	 21	 80	  0	 24	  0	  0	  0	  0	  0	  0	  0	  0	  0	  0	  0	  5	21812	  0
10-09-2015	12:09:45	<-	L	00000000	210	 88	 53	 19	  0	494	  0	  4	  4	  4	  4	  4	  4	  4	  4	  0	  0	  0	  0	  0	  0	  0	  0	  0	  0	  0	  0	  0	  0	  0	  0	  0	  0	  0	  0	  0	  0	  0	  0	 88	 53	 20	 83	  0	 23	  0	  0	  0	  0	  0	  0	  0	  0	  0	  0	  0	  5	21812	  0
10-09-2015	12:14:45	<-	L	00000000	210	 87	 52	 19	  0	499	  0	  4	  4	  4	  4	  4	  4	  4	  4	  0	  0	  0	  0	  0	  0	  0	  0	  0	  0	  0	  0	  0	  0	  0	  0	  0	  0	  0	  0	  0	  0	  0	  0	 87	 52	 19	 82	  0	 23	  0	  0	  0	  0	  0	  0	  0	  0	  0	  0	  0	  5	21812	  0
10-09-2015	12:19:45	<-	L	00000000	210	 84	 52	 21	  0	504	  0	  4	  4	  4	  4	  4	  4	  4	  4	  0	  0	  0	  0	  0	  0	  0	  0	  0	  0	  0	  0	  0	  0	  0	  0	  0	  0	  0	  0	  0	  0	  0	  0	 84	 52	 21	 81	  0	 23	  0	  0	  0	  0	  0	  0	  0	  0	  0	  0	  0	  5	21812	  0
10-09-2015	12:24:45	<-	L	00000000	210	 86	 52	 21	  0	509	  0	  4	  4	  4	  4	  4	  4	  4	  4	  0	  0	  0	  0	  0	  0	  0	  0	  0	  0	  0	  0	  0	  0	  0	  0	  0	  0	  0	  0	  0	  0	  0	  0	 86	 52	 20	 82	  0	 23	  0	  0	  0	  0	  0	  0	  0	  0	  0	  0	  0	  5	21812	  0
10-09-2015	12:29:45	<-	L	00000000	210	 88	 52	 20	  0	514	  0	  4	  4	  4	  4	  4	  4	  4	  4	  0	  0	  0	  0	  0	  0	  0	  0	  0	  0	  0	  0	  0	  0	  0	  0	  0	  0	  0	  0	  0	  0	  0	  0	 88	 52	 19	 83	  0	 22	  0	  0	  0	  0	  0	  0	  0	  0	  0	  0	  0	  5	21812	  0
10-09-2015	12:34:45	<-	L	00000000	210	 86	 52	 19	  0	519	  0	  4	  4	  4	  4	  4	  4	  4	  4	  0	  0	  0	  0	  0	  0	  0	  0	  0	  0	  0	  0	  0	  0	  0	  0	  0	  0	  0	  0	  0	  0	  0	  0	 86	 52	 20	 82	  0	 23	  0	  0	  0	  0	  0	  0	  0	  0	  0	  0	  0	  5	21812	  0
10-09-2015	12:39:45	<-	L	00000000	210	 84	 51	 21	  0	524	  0	  4	  4	  4	  4	  4	  4	  4	  4	  0	  0	  0	  0	  0	  0	  0	  0	  0	  0	  0	  0	  0	  0	  0	  0	  0	  0	  0	  0	  0	  0	  0	  0	 84	 51	 20	 81	  0	 22	  0	  0	  0	  0	  0	  0	  0	  0	  0	  0	  0	  5	21812	  0
10-09-2015	12:44:45	<-	L	00000000	210	 87	 52	 20	  0	529	  0	  4	  4	  4	  4	  4	  4	  4	  4	  0	  0	  0	  0	  0	  0	  0	  0	  0	  0	  0	  0	  0	  0	  0	  0	  0	  0	  0	  0	  0	  0	  0	  0	 87	 52	 19	 83	  0	 22	  0	  0	  0	  0	  0	  0	  0	  0	  0	  0	  0	  5	21812	  0
10-09-2015	12:49:45	<-	L	00000000	210	 89	 52	 18	  0	534	  0	  4	  4	  4	  4	  4	  4	  4	  4	  0	  0	  0	  0	  0	  0	  0	  0	  0	  0	  0	  0	  0	  0	  0	  0	  0	  0	  0	  0	  0	  0	  0	  0	 89	 52	 18	 84	  0	 21	  0	  0	  0	  0	  0	  0	  0	  0	  0	  0	  0	  5	21812	  0
10-09-2015	12:54:46	<-	L	00000000	210	 88	 52	 19	  0	539	  0	  4	  4	  4	  4	  4	  4	  4	  4	  0	  0	  0	  0	  0	  0	  0	  0	  0	  0	  0	  0	  0	  0	  0	  0	  0	  0	  0	  0	  0	  0	  0	  0	 87	 52	 19	 83	  0	 22	  0	  0	  0	  0	  0	  0	  0	  0	  0	  0	  0	  5	21812	  0
10-09-2015	12:59:46	<-	L	00000000	210	 85	 52	 20	  0	544	  0	  4	  4	  4	  4	  4	  4	  4	  4	  0	  0	  0	  0	  0	  0	  0	  0	  0	  0	  0	  0	  0	  0	  0	  0	  0	  0	  0	  0	  0	  0	  0	  0	 85	 52	 21	 82	  0	 23	  0	  0	  0	  0	  0	  0	  0	  0	  0	  0	  0	  5	21812	  0
10-09-2015	13:04:45	<-	L	00000000	210	 83	 51	 20	  0	549	  0	  4	  4	  4	  4	  4	  4	  4	  4	  0	  0	  0	  0	  0	  0	  0	  0	  0	  0	  0	  0	  0	  0	  0	  0	  0	  0	  0	  0	  0	  0	  0	  0	 83	 51	 21	 81	  0	 22	  0	  0	  0	  0	  0	  0	  0	  0	  0	  0	  0	  5	21812	  0
10-09-2015	13:09:46	<-	L	00000000	210	 85	 52	 21	  0	554	  0	  4	  4	  4	  4	  4	  4	  4	  4	  0	  0	  0	  0	  0	  0	  0	  0	  0	  0	  0	  0	  0	  0	  0	  0	  0	  0	  0	  0	  0	  0	  0	  0	 85	 52	 21	 82	  0	 23	  0	  0	  0	  0	  0	  0	  0	  0	  0	  0	  0	  5	21812	  0
10-09-2015	13:14:46	<-	L	00000000	210	 89	 53	 19	  0	559	  0	  4	  4	  4	  4	  4	  4	  4	  4	  0	  0	  0	  0	  0	  0	  0	  0	  0	  0	  0	  0	  0	  0	  0	  0	  0	  0	  0	  0	  0	  0	  0	  0	 89	 53	 19	 84	  0	 22	  0	  0	  0	  0	  0	  0	  0	  0	  0	  0	  0	  5	21812	  0
10-09-2015	13:19:46	<-	L	00000000	210	 89	 52	 19	  0	564	  0	  4	  4	  4	  4	  4	  4	  4	  4	  0	  0	  0	  0	  0	  0	  0	  0	  0	  0	  0	  0	  0	  0	  0	  0	  0	  0	  0	  0	  0	  0	  0	  0	 89	 52	 18	 84	  0	 21	  0	  0	  0	  0	  0	  0	  0	  0	  0	  0	  0	  5	21812	  0
10-09-2015	13:24:46	<-	L	00000000	210	 88	 52	 19	  0	569	  0	  4	  4	  4	  4	  4	  4	  4	  4	  0	  0	  0	  0	  0	  0	  0	  0	  0	  0	  0	  0	  0	  0	  0	  0	  0	  0	  0	  0	  0	  0	  0	  0	 88	 52	 19	 84	  0	 21	  0	  0	  0	  0	  0	  0	  0	  0	  0	  0	  0	  5	21812	  0
10-09-2015	13:29:46	<-	L	00000000	210	 86	 52	 19	  0	574	  0	  4	  4	  4	  4	  4	  4	  4	  4	  0	  0	  0	  0	  0	  0	  0	  0	  0	  0	  0	  0	  0	  0	  0	  0	  0	  0	  0	  0	  0	  0	  0	  0	 86	 52	 20	 83	  0	 22	  0	  0	  0	  0	  0	  0	  0	  0	  0	  0	  0	  5	21812	  0
10-09-2015	13:34:46	->	L	00000000	210	 86	 53	 21	  0	579	  0	  4	  4	  4	  4	  4	  4	  4	  4	  0	  0	  0	  0	  0	  0	  0	  0	  0	  0	  0	  0	  0	  0	  0	  0	  0	  0	  0	  0	  0	  0	  0	  0	 86	 53	 21	 83	  0	 23	  0	  0	  0	  0	  0	  0	  0	  0	  0	  0	  0	  5	21812	  0
10-09-2015	13:39:46	->	L	00000000	210	 85	 51	 20	  0	584	  0	  4	  4	  4	  4	  4	  4	  4	  4	  0	  0	  0	  0	  0	  0	  0	  0	  0	  0	  0	  0	  0	  0	  0	  0	  0	  0	  0	  0	  0	  0	  0	  0	 77	 51	 27	 85	  0	 20	  0	  0	  0	  0	  0	  0	  0	  0	  0	  0	  0	  5	21812	  0
10-09-2015	13:44:46	->	L	00000000	210	 84	 50	 19	  0	589	  0	  4	  4	  4	  4	  4	  4	  4	  4	  0	  0	  0	  0	  0	  0	  0	  0	  0	  0	  0	  0	  0	  0	  0	  0	  0	  0	  0	  0	  0	  0	  0	  0	 75	 50	 25	 84	  0	 19	  0	  0	  0	  0	  0	  0	  0	  0	  0	  0	  0	  5	21812	  0
10-09-2015	13:49:46	->	L	00000000	210	 84	 50	 19	  0	594	  0	  4	  4	  4	  4	  4	  4	  4	  4	  0	  0	  0	  0	  0	  0	  0	  0	  0	  0	  0	  0	  0	  0	  0	  0	  0	  0	  0	  0	  0	  0	  0	  0	 74	 50	 27	 84	  0	 19	  0	  0	  0	  0	  0	  0	  0	  0	  0	  0	  0	  5	21812	  0
10-09-2015	13:54:46	->	L	00000000	210	 85	 50	 19	  0	599	  0	  4	  4	  4	  4	  4	  4	  4	  4	  0	  0	  0	  0	  0	  0	  0	  0	  0	  0	  0	  0	  0	  0	  0	  0	  0	  0	  0	  0	  0	  0	  0	  0	 74	 50	 27	 85	  0	 19	  0	  0	  0	  0	  0	  0	  0	  0	  0	  0	  0	  5	21810	  0
10-09-2015	13:59:46	->	L	00000000	210	 86	 50	 18	  0	604	  0	  4	  4	  4	  4	  4	  4	  4	  4	  0	  0	  0	  0	  0	  0	  0	  0	  0	  0	  0	  0	  0	  0	  0	  0	  0	  0	  0	  0	  0	  0	  0	  0	 75	 50	 25	 86	  0	 18	  0	  0	  0	  0	  0	  0	  0	  0	  0	  0	  0	  5	21810	  0
10-09-2015	14:04:46	->	L	00000000	210	 88	 50	 17	  0	609	  0	  4	  4	  4	  4	  4	  4	  4	  4	  0	  0	  0	  0	  0	  0	  0	  0	  0	  0	  0	  0	  0	  0	  0	  0	  0	  0	  0	  0	  0	  0	  0	  0	 75	 50	 25	 88	  0	 17	  0	  0	  0	  0	  0	  0	  0	  0	  0	  0	  0	  5	21810	  0
10-09-2015	14:09:46	->	L	00000000	210	 88	 50	 17	  0	614	  0	  4	  4	  4	  4	  4	  4	  4	  4	  0	  0	  0	  0	  0	  0	  0	  0	  0	  0	  0	  0	  0	  0	  0	  0	  0	  0	  0	  0	  0	  0	  0	  0	 75	 50	 25	 88	  0	 17	  0	  0	  0	  0	  0	  0	  0	  0	  0	  0	  0	  5	21810	  0
10-09-2015	14:14:46	->	L	00000000	210	 88	 50	 17	  0	619	  0	  4	  4	  4	  4	  4	  4	  4	  4	  0	  0	  0	  0	  0	  0	  0	  0	  0	  0	  0	  0	  0	  0	  0	  0	  0	  0	  0	  0	  0	  0	  0	  0	 75	 50	 25	 88	  0	 17	  0	  0	  0	  0	  0	  0	  0	  0	  0	  0	  0	  5	21810	  0
10-09-2015	14:19:47	->	L	00000000	210	 87	 50	 17	  0	624	  0	  4	  4	  4	  4	  4	  4	  4	  4	  0	  0	  0	  0	  0	  0	  0	  0	  0	  0	  0	  0	  0	  0	  0	  0	  0	  0	  0	  0	  0	  0	  0	  0	 75	 50	 25	 87	  0	 17	  0	  0	  0	  0	  0	  0	  0	  0	  0	  0	  0	  5	21810	  0
10-09-2015	14:24:47	->	L	00000000	210	 86	 50	 18	  0	629	  0	  4	  4	  4	  4	  4	  4	  4	  4	  0	  0	  0	  0	  0	  0	  0	  0	  0	  0	  0	  0	  0	  0	  0	  0	  0	  0	  0	  0	  0	  0	  0	  0	 75	 50	 25	 86	  0	 18	  0	  0	  0	  0	  0	  0	  0	  0	  0	  0	  0	  5	21810	  0
10-09-2015	14:49:47	->	L	00000000	 30	 72	 42	 20	  0	  4	  0	  4	  4	  4	  4	  4	  4	  4	  4	  0	  0	  0	  0	  0	  0	  0	  0	  0	  0	  0	  0	  0	  0	  0	  0	  0	  0	  0	  0	  0	  0	  0	  0	 64	 42	 25	 72	  0	 18	  0	  0	  0	  0	  0	  0	  0	  0	  0	  0	  0	  5	20560	  1
10-09-2015	14:54:47	->	L	00000000	 30	 79	 45	 17	  0	  9	  0	  4	  4	  4	  4	  4	  4	  4	  4	  0	  0	  0	  0	  0	  0	  0	  0	  0	  0	  0	  0	  0	  0	  0	  0	  0	  0	  0	  0	  0	  0	  0	  0	 69	 45	 25	 79	  0	 17	  0	  0	  0	  0	  0	  0	  0	  0	  0	  0	  0	  5	20560	  1
10-09-2015	14:59:47	->	L	00000000	 30	 80	 47	 19	  0	 14	  0	  4	  4	  4	  4	  4	  4	  4	  4	  0	  0	  0	  0	  0	  0	  0	  0	  0	  0	  0	  0	  0	  0	  0	  0	  0	  0	  0	  0	  0	  0	  0	  0	 70	 47	 26	 80	  0	 19	  0	  0	  0	  0	  0	  0	  0	  0	  0	  0	  0	  5	20560	  1
10-09-2015	15:04:47	->	L	00000000	 30	 81	 51	 22	  0	 19	  0	  4	  4	  4	  4	  4	  4	  4	  4	  0	  0	  0	  0	  0	  0	  0	  0	  0	  0	  0	  0	  0	  0	  0	  0	  0	  0	  0	  0	  0	  0	  0	  0	 71	 51	 34	 81	  0	 22	  0	  0	  0	  0	  0	  0	  0	  0	  0	  0	  0	  5	20560	  1
10-09-2015	15:09:47	->	L	00000000	 30	 83	 54	 23	  0	 24	  0	  4	  4	  4	  4	  4	  4	  4	  4	  0	  0	  0	  0	  0	  0	  0	  0	  0	  0	  0	  0	  0	  0	  0	  0	  0	  0	  0	  0	  0	  0	  0	  0	 72	 54	 39	 83	  0	 24	  0	  0	  0	  0	  0	  0	  0	  0	  0	  0	  0	  5	20560	  1
10-09-2015	15:14:47	->	L	00000000	 30	 86	 55	 24	  0	 29	  0	  4	  4	  4	  4	  4	  4	  4	  4	  0	  0	  0	  0	  0	  0	  0	  0	  0	  0	  0	  0	  0	  0	  0	  0	  0	  0	  0	  0	  0	  0	  0	  0	 73	 55	 39	 86	  0	 23	  0	  0	  0	  0	  0	  0	  0	  0	  0	  0	  0	  5	20560	  1
10-09-2015	15:19:47	->	L	00000000	 30	 80	 55	 28	  0	 34	  0	  4	  4	  4	  4	  4	  4	  4	  4	  0	  0	  0	  0	  0	  0	  0	  0	  0	  0	  0	  0	  0	  0	  0	  0	  0	  0	  0	  0	  0	  0	  0	  0	 72	 55	 41	 80	  0	 28	  0	  0	  0	  0	  0	  0	  0	  0	  0	  0	  0	  5	20540	  1
10-09-2015	15:24:48	->	L	00000000	 40	 82	 56	 29	  0	  1	  0	  4	  4	  4	  4	  4	  4	  4	  4	  0	  0	  0	  0	  0	  0	  0	  0	  0	  0	  0	  0	  0	  0	  0	  0	  0	  0	  0	  0	  0	  0	  0	  0	 73	 56	 41	 82	  0	 29	  0	  0	  0	  0	  0	  0	  0	  0	  0	  0	  0	  5	15400	  0
10-09-2015	15:29:48	->	L	00000000	 40	 74	 47	 25	  0	  6	  0	  4	  4	  4	  4	  4	  4	  4	  4	  0	  0	  0	  0	  0	  0	  0	  0	  0	  0	  0	  0	  0	  0	  0	  0	  0	  0	  0	  0	  0	  0	  0	  0	 66	 47	 34	 74	  0	 23	  0	  0	  0	  0	  0	  0	  0	  0	  0	  0	  0	  5	15400	  0
10-09-2015	15:34:48	->	L	00000000	 40	 72	 44	 21	  0	 11	  0	  4	  4	  4	  4	  4	  4	  4	  4	  0	  0	  0	  0	  0	  0	  0	  0	  0	  0	  0	  0	  0	  0	  0	  0	  0	  0	  0	  0	  0	  0	  0	  0	 64	 44	 31	 72	  0	 21	  0	  0	  0	  0	  0	  0	  0	  0	  0	  0	  0	  5	15400	  0
10-09-2015	15:39:48	->	L	00000000	 40	 70	 42	 20	  0	 16	  0	  4	  4	  4	  4	  4	  4	  4	  4	  0	  0	  0	  0	  0	  0	  0	  0	  0	  0	  0	  0	  0	  0	  0	  0	  0	  0	  0	  0	  0	  0	  0	  0	 63	 42	 26	 70	  0	 20	  0	  0	  0	  0	  0	  0	  0	  0	  0	  0	  0	  5	15400	  0
10-09-2015	15:44:48	->	L	00000000	 40	 69	 41	 19	  0	 21	  0	  4	  4	  4	  4	  4	  4	  4	  4	  0	  0	  0	  0	  0	  0	  0	  0	  0	  0	  0	  0	  0	  0	  0	  0	  0	  0	  0	  0	  0	  0	  0	  0	 62	 41	 26	 69	  0	 19	  0	  0	  0	  0	  0	  0	  0	  0	  0	  0	  0	  5	15400	  0
10-09-2015	15:49:48	->	L	00000000	 40	 67	 41	 22	  0	 26	  0	  4	  4	  4	  4	  4	  4	  4	  4	  0	  0	  0	  0	  0	  0	  0	  0	  0	  0	  0	  0	  0	  0	  0	  0	  0	  0	  0	  0	  0	  0	  0	  0	 62	 41	 26	 67	  0	 22	  0	  0	  0	  0	  0	  0	  0	  0	  0	  0	  0	  5	15400	  0
10-09-2015	15:54:48	<-	L	00000000	 40	 66	 41	 21	  0	 31	  0	  4	  4	  4	  4	  4	  4	  4	  4	  0	  0	  0	  0	  0	  0	  0	  0	  0	  0	  0	  0	  0	  0	  0	  0	  0	  0	  0	  0	  0	  0	  0	  0	 63	 41	 25	 66	  0	 21	  0	  0	  0	  0	  0	  0	  0	  0	  0	  0	  0	  5	15400	  0
10-09-2015	15:59:48	<-	L	00000000	 40	 65	 43	 27	  0	 36	  0	  4	  4	  4	  4	  4	  4	  4	  4	  0	  0	  0	  0	  0	  0	  0	  0	  0	  0	  0	  0	  0	  0	  0	  0	  0	  0	  0	  0	  0	  0	  0	  0	 61	 43	 34	 65	  0	 26	  0	  0	  0	  0	  0	  0	  0	  0	  0	  0	  0	  5	15400	  0
10-09-2015	16:04:48	<-	L	00000000	 40	 63	 41	 25	  0	 41	  0	  4	  4	  4	  4	  4	  4	  4	  4	  0	  0	  0	  0	  0	  0	  0	  0	  0	  0	  0	  0	  0	  0	  0	  0	  0	  0	  0	  0	  0	  0	  0	  0	 59	 41	 33	 63	  0	 25	  0	  0	  0	  0	  0	  0	  0	  0	  0	  0	  0	  5	15400	  0
10-09-2015	16:09:48	<-	L	00000000	 40	 62	 40	 24	  0	 46	  0	  4	  4	  4	  4	  4	  4	  4	  4	  0	  0	  0	  0	  0	  0	  0	  0	  0	  0	  0	  0	  0	  0	  0	  0	  0	  0	  0	  0	  0	  0	  0	  0	 57	 40	 34	 62	  0	 24	  0	  0	  0	  0	  0	  0	  0	  0	  0	  0	  0	  5	15400	  0
10-09-2015	16:14:48	<-	L	00000000	 40	 61	 40	 25	  0	 51	  0	  4	  4	  4	  4	  4	  4	  4	  4	  0	  0	  0	  0	  0	  0	  0	  0	  0	  0	  0	  0	  0	  0	  0	  0	  0	  0	  0	  0	  0	  0	  0	  0	 57	 40	 34	 61	  0	 25	  0	  0	  0	  0	  0	  0	  0	  0	  0	  0	  0	  5	15400	  0
10-09-2015	16:19:48	<-	L	00000000	 40	 61	 39	 24	  0	 56	  0	  4	  4	  4	  4	  4	  4	  4	  4	  0	  0	  0	  0	  0	  0	  0	  0	  0	  0	  0	  0	  0	  0	  0	  0	  0	  0	  0	  0	  0	  0	  0	  0	 56	 39	 34	 61	  0	 24	  0	  0	  0	  0	  0	  0	  0	  0	  0	  0	  0	  5	15400	  0
10-09-2015	16:24:48	  	L	00000000	 70	 60	 39	 25	  0	  0	  0	  4	  4	  4	  4	  4	  4	  4	  4	  0	  0	  0	  0	  0	  0	  0	  0	  0	  0	  0	  0	  0	  0	  0	  0	  0	  0	  0	  0	  0	  0	  0	  0	 55	 39	 37	 60	  0	 25	  0	  0	  0	  0	  0	  0	  0	  0	  0	  0	  0	  5	12825	  0
10-09-2015	16:29:49	  	L	00000000	 70	 55	 40	 40	  0	  0	  0	  4	  4	  4	  4	  4	  4	  4	  4	  0	  0	  0	  0	  0	  0	  0	  0	  0	  0	  0	  0	  0	  0	  0	  0	  0	  0	  0	  0	  0	  0	  0	  0	 55	 40	 40	 55	  0	 40	  0	  0	  0	  0	  0	  0	  0	  0	  0	  0	  0	  5	12825	  0
10-09-2015	16:34:49	  	L	00000000	 70	 39	 30	 59	  0	  0	  0	  4	  4	  4	  4	  4	  4	  4	  4	  0	  0	  0	  0	  0	  0	  0	  0	  0	  0	  0	  0	  0	  0	  0	  0	  0	  0	  0	  0	  0	  0	  0	  0	 39	 30	 55	 36	  0	 67	  0	  0	  0	  0	  0	  0	  0	  0	  0	  0	  0	  5	12825	  0
10-09-2015	16:39:49	  	L	00000000	 70	 35	 27	 58	  0	  0	  0	  4	  4	  4	  4	  4	  4	  4	  4	  0	  0	  0	  0	  0	  0	  0	  0	  0	  0	  0	  0	  0	  0	  0	  0	  0	  0	  0	  0	  0	  0	  0	  0	 35	 27	 58	 30	  0	 83	  0	  0	  0	  0	  0	  0	  0	  0	  0	  0	  0	  5	12825	  0
10-09-2015	16:44:49	  	L	00000000	 70	 32	 24	 61	  0	  0	  0	  4	  4	  4	  4	  4	  4	  4	  4	  0	  0	  0	  0	  0	  0	  0	  0	  0	  0	  0	  0	  0	  0	  0	  0	  0	  0	  0	  0	  0	  0	  0	  0	 32	 24	 57	 30	  0	 66	  0	  0	  0	  0	  0	  0	  0	  0	  0	  0	  0	  5	12825	  0
10-09-2015	16:49:49	  	L	00000000	 70	 32	 23	 53	  0	  0	  0	  4	  4	  4	  4	  4	  4	  4	  4	  0	  0	  0	  0	  0	  0	  0	  0	  0	  0	  0	  0	  0	  0	  0	  0	  0	  0	  0	  0	  0	  0	  0	  0	 32	 23	 53	 28	  0	 74	  0	  0	  0	  0	  0	  0	  0	  0	  0	  0	  0	  5	12825	  0
10-09-2015	16:54:49	  	L	00000000	 70	 31	 21	 49	  0	  0	  0	  4	  4	  4	  4	  4	  4	  4	  4	  0	  0	  0	  0	  0	  0	  0	  0	  0	  0	  0	  0	  0	  0	  0	  0	  0	  0	  0	  0	  0	  0	  0	  0	 27	 21	 66	 31	  0	 49	  0	  0	  0	  0	  0	  0	  0	  0	  0	  0	  0	  5	12825	  0
10-09-2015	16:59:49	  	L	00000000	 70	 24	 18	 73	  0	  0	  0	  4	  4	  4	  4	  4	  4	  4	  4	  0	  0	  0	  0	  0	  0	  0	  0	  0	  0	  0	  0	  0	  0	  0	  0	  0	  0	  0	  0	  0	  0	  0	  0	 21	 18	 82	 24	  0	 65	  0	  0	  0	  0	  0	  0	  0	  0	  0	  0	  0	  5	12825	  0
10-09-2015	17:04:49	  	L	00000000	 70	 24	 18	 65	  0	  0	  0	  4	  4	  4	  4	  4	  4	  4	  4	  0	  0	  0	  0	  0	  0	  0	  0	  0	  0	  0	  0	  0	  0	  0	  0	  0	  0	  0	  0	  0	  0	  0	  0	 21	 18	 82	 24	  0	 65	  0	  0	  0	  0	  0	  0	  0	  0	  0	  0	  0	  5	12825	  0
