05-05-2015	14:42:13	->	L	00000000	 10	 35	 24	 54	  0	  4	  0	  5	  5	  5	  5	  5	  5	  5	  5	  0	  0	  0	  0	  0	  0	  0	  0	  0	  0	  0	  0	  0	  0	  0	  0	  0	  0	  0	  0	  0	  0	  0	  0	 29	 24	 74	 35	  0	 46	  0	  0	  0	  0	  0	  0	  0	  0	  0	  0	  0	  5	7957	  1
05-05-2015	14:47:13	->	L	00000000	 10	 41	 25	 26	  0	  9	  0	  5	  5	  5	  5	  4	  4	  4	  4	  0	  0	  0	  0	  0	  0	  0	  0	  0	  0	  0	  0	  0	  0	  0	  0	  0	  0	  0	  0	  0	  0	  0	  0	 34	 25	 54	 41	  0	 31	  0	  0	  0	  0	  0	  0	  0	  0	  0	  0	  0	  5	8214	  1
05-05-2015	14:52:14	->	L	00000000	 10	 42	 24	 28	  0	 14	  0	  4	  4	  4	  4	  4	  4	  4	  4	  0	  0	  0	  0	  0	  0	  0	  0	  0	  0	  0	  0	  0	  0	  0	  0	  0	  0	  0	  0	  0	  0	  0	  0	 33	 24	 54	 42	  0	 26	  0	  0	  0	  0	  0	  0	  0	  0	  0	  0	  0	  5	8471	  1
05-05-2015	14:57:14	->	L	00000000	 10	 42	 25	 28	  0	 19	  0	  4	  4	  4	  4	  4	  4	  4	  4	  0	  0	  0	  0	  0	  0	  0	  0	  0	  0	  0	  0	  0	  0	  0	  0	  0	  0	  0	  0	  0	  0	  0	  0	 33	 25	 57	 42	  0	 28	  0	  0	  0	  0	  0	  0	  0	  0	  0	  0	  0	  5	8471	  1
05-05-2015	15:02:14	->	L	00000000	 10	 44	 26	 24	  0	 24	  0	  4	  4	  4	  4	  4	  4	  4	  4	  0	  0	  0	  0	  0	  0	  0	  0	  0	  0	  0	  0	  0	  0	  0	  0	  0	  0	  0	  0	  0	  0	  0	  0	 35	 26	 54	 44	  0	 27	  0	  0	  0	  0	  0	  0	  0	  0	  0	  0	  0	  5	8728	  1
05-05-2015	15:07:14	->	L	00000000	 10	 44	 26	 27	  0	 29	  0	  4	  4	  4	  4	  4	  4	  4	  4	  0	  0	  0	  0	  0	  0	  0	  0	  0	  0	  0	  0	  0	  0	  0	  0	  0	  0	  0	  0	  0	  0	  0	  0	 35	 26	 54	 44	  0	 27	  0	  0	  0	  0	  0	  0	  0	  0	  0	  0	  0	  5	8985	  1
05-05-2015	15:12:14	->	L	00000000	 10	 44	 26	 25	  0	 34	  0	  4	  4	  4	  4	  4	  4	  4	  4	  0	  0	  0	  0	  0	  0	  0	  0	  0	  0	  0	  0	  0	  0	  0	  0	  0	  0	  0	  0	  0	  0	  0	  0	 35	 26	 54	 44	  0	 27	  0	  0	  0	  0	  0	  0	  0	  0	  0	  0	  0	  5	9242	  1
05-05-2015	15:17:14	->	L	00000000	 10	 46	 27	 25	  0	 39	  0	  4	  4	  4	  4	  4	  4	  4	  4	  0	  0	  0	  0	  0	  0	  0	  0	  0	  0	  0	  0	  0	  0	  0	  0	  0	  0	  0	  0	  0	  0	  0	  0	 36	 27	 55	 46	  0	 25	  0	  0	  0	  0	  0	  0	  0	  0	  0	  0	  0	  5	9242	  1
05-05-2015	15:22:14	->	L	00000000	 10	 46	 27	 25	  0	 44	  0	  4	  4	  4	  4	  4	  4	  4	  4	  0	  0	  0	  0	  0	  0	  0	  0	  0	  0	  0	  0	  0	  0	  0	  0	  0	  0	  0	  0	  0	  0	  0	  0	 36	 27	 55	 46	  0	 25	  0	  0	  0	  0	  0	  0	  0	  0	  0	  0	  0	  5	9499	  1
05-05-2015	15:27:14	->	L	00000000	 10	 47	 28	 25	  0	 49	  0	  4	  4	  4	  4	  4	  4	  4	  4	  0	  0	  0	  0	  0	  0	  0	  0	  0	  0	  0	  0	  0	  0	  0	  0	  0	  0	  0	  0	  0	  0	  0	  0	 37	 28	 55	 47	  0	 25	  0	  0	  0	  0	  0	  0	  0	  0	  0	  0	  0	  5	9756	  1
05-05-2015	15:32:14	->	L	00000000	 10	 48	 28	 25	  0	 54	  0	  4	  4	  4	  4	  4	  4	  4	  4	  0	  0	  0	  0	  0	  0	  0	  0	  0	  0	  0	  0	  0	  0	  0	  0	  0	  0	  0	  0	  0	  0	  0	  0	 38	 28	 51	 48	  0	 23	  0	  0	  0	  0	  0	  0	  0	  0	  0	  0	  0	  5	10013	  1
05-05-2015	15:37:14	->	L	00000000	 10	 48	 29	 26	  0	 59	  0	  4	  4	  4	  4	  4	  4	  4	  4	  0	  0	  0	  0	  0	  0	  0	  0	  0	  0	  0	  0	  0	  0	  0	  0	  0	  0	  0	  0	  0	  0	  0	  0	 38	 29	 55	 48	  0	 26	  0	  0	  0	  0	  0	  0	  0	  0	  0	  0	  0	  5	10013	  1
05-05-2015	15:42:15	->	L	00000000	 10	 49	 30	 26	  0	 64	  0	  4	  4	  4	  4	  4	  4	  4	  4	  0	  0	  0	  0	  0	  0	  0	  0	  0	  0	  0	  0	  0	  0	  0	  0	  0	  0	  0	  0	  0	  0	  0	  0	 39	 30	 55	 49	  0	 26	  0	  0	  0	  0	  0	  0	  0	  0	  0	  0	  0	  5	10270	  1
05-05-2015	15:47:15	->	L	00000000	 10	 50	 30	 24	  0	 69	  0	  4	  4	  4	  4	  4	  4	  4	  4	  0	  0	  0	  0	  0	  0	  0	  0	  0	  0	  0	  0	  0	  0	  0	  0	  0	  0	  0	  0	  0	  0	  0	  0	 40	 30	 52	 50	  0	 24	  0	  0	  0	  0	  0	  0	  0	  0	  0	  0	  0	  5	10527	  1
05-05-2015	15:52:15	->	L	00000000	 10	 50	 31	 27	  0	 74	  0	  4	  4	  4	  4	  4	  4	  4	  4	  0	  0	  0	  0	  0	  0	  0	  0	  0	  0	  0	  0	  0	  0	  0	  0	  0	  0	  0	  0	  0	  0	  0	  0	 41	 31	 52	 50	  0	 27	  0	  0	  0	  0	  0	  0	  0	  0	  0	  0	  0	  5	10784	  1
05-05-2015	15:57:15	->	L	00000000	 10	 51	 31	 27	  0	 79	  0	  4	  4	  4	  4	  4	  4	  4	  4	  0	  0	  0	  0	  0	  0	  0	  0	  0	  0	  0	  0	  0	  0	  0	  0	  0	  0	  0	  0	  0	  0	  0	  0	 41	 31	 52	 51	  0	 25	  0	  0	  0	  0	  0	  0	  0	  0	  0	  0	  0	  5	10784	  1
05-05-2015	16:02:15	->	L	00000000	 10	 50	 32	 31	  0	 84	  0	  4	  4	  4	  4	  4	  4	  4	  4	  0	  0	  0	  0	  0	  0	  0	  0	  0	  0	  0	  0	  0	  0	  0	  0	  0	  0	  0	  0	  0	  0	  0	  0	 41	 32	 56	 50	  0	 30	  0	  0	  0	  0	  0	  0	  0	  0	  0	  0	  0	  5	11041	  1
05-05-2015	16:07:15	->	L	00000000	 10	 52	 32	 27	  0	 89	  0	  4	  4	  4	  4	  4	  4	  4	  4	  0	  0	  0	  0	  0	  0	  0	  0	  0	  0	  0	  0	  0	  0	  0	  0	  0	  0	  0	  0	  0	  0	  0	  0	 42	 32	 52	 52	  0	 25	  0	  0	  0	  0	  0	  0	  0	  0	  0	  0	  0	  5	11298	  1
05-05-2015	16:12:15	->	L	00000000	 10	 53	 33	 30	  0	 94	  0	  4	  4	  4	  4	  4	  4	  4	  4	  0	  0	  0	  0	  0	  0	  0	  0	  0	  0	  0	  0	  0	  0	  0	  0	  0	  0	  0	  0	  0	  0	  0	  0	 43	 33	 53	 53	  0	 26	  0	  0	  0	  0	  0	  0	  0	  0	  0	  0	  0	  5	11555	  1
05-05-2015	16:17:15	->	L	00000000	 10	 50	 33	 38	  0	 99	  0	  4	  4	  4	  4	  4	  4	  4	  4	  0	  0	  0	  0	  0	  0	  0	  0	  0	  0	  0	  0	  0	  0	  0	  0	  0	  0	  0	  0	  0	  0	  0	  0	 41	 33	 60	 50	  0	 31	  0	  0	  0	  0	  0	  0	  0	  0	  0	  0	  0	  5	11555	  1
05-05-2015	16:22:15	->	L	00000000	 10	 53	 34	 32	  0	104	  0	  4	  4	  4	  4	  4	  4	  4	  4	  0	  0	  0	  0	  0	  0	  0	  0	  0	  0	  0	  0	  0	  0	  0	  0	  0	  0	  0	  0	  0	  0	  0	  0	 43	 34	 56	 53	  0	 28	  0	  0	  0	  0	  0	  0	  0	  0	  0	  0	  0	  5	11812	  1
05-05-2015	16:27:15	->	L	00000000	 10	 55	 35	 26	  0	109	  0	  4	  4	  4	  4	  4	  4	  4	  4	  0	  0	  0	  0	  0	  0	  0	  0	  0	  0	  0	  0	  0	  0	  0	  0	  0	  0	  0	  0	  0	  0	  0	  0	 44	 35	 57	 55	  0	 27	  0	  0	  0	  0	  0	  0	  0	  0	  0	  0	  0	  5	12069	  1
05-05-2015	16:32:15	->	L	00000000	 10	 56	 35	 27	  0	114	  0	  4	  4	  4	  4	  4	  4	  4	  4	  0	  0	  0	  0	  0	  0	  0	  0	  0	  0	  0	  0	  0	  0	  0	  0	  0	  0	  0	  0	  0	  0	  0	  0	 45	 35	 53	 56	  0	 23	  0	  0	  0	  0	  0	  0	  0	  0	  0	  0	  0	  5	12326	  1
05-05-2015	16:37:15	->	L	00000000	 10	 55	 36	 29	  0	119	  0	  4	  4	  4	  4	  4	  4	  4	  4	  0	  0	  0	  0	  0	  0	  0	  0	  0	  0	  0	  0	  0	  0	  0	  0	  0	  0	  0	  0	  0	  0	  0	  0	 45	 36	 57	 55	  0	 29	  0	  0	  0	  0	  0	  0	  0	  0	  0	  0	  0	  5	12326	  1
05-05-2015	16:42:16	->	L	00000000	 10	 55	 36	 27	  0	124	  0	  4	  4	  4	  4	  4	  4	  4	  4	  0	  0	  0	  0	  0	  0	  0	  0	  0	  0	  0	  0	  0	  0	  0	  0	  0	  0	  0	  0	  0	  0	  0	  0	 45	 36	 57	 55	  0	 29	  0	  0	  0	  0	  0	  0	  0	  0	  0	  0	  0	  5	12583	  1
05-05-2015	16:47:16	->	L	00000000	 10	 54	 37	 32	  0	129	  0	  4	  4	  4	  4	  4	  4	  4	  4	  0	  0	  0	  0	  0	  0	  0	  0	  0	  0	  0	  0	  0	  0	  0	  0	  0	  0	  0	  0	  0	  0	  0	  0	 45	 37	 61	 54	  0	 33	  0	  0	  0	  0	  0	  0	  0	  0	  0	  0	  0	  5	12840	  1
05-05-2015	16:52:16	->	L	00000000	 10	 54	 37	 32	  0	134	  0	  4	  4	  4	  4	  4	  4	  4	  4	  0	  0	  0	  0	  0	  0	  0	  0	  0	  0	  0	  0	  0	  0	  0	  0	  0	  0	  0	  0	  0	  0	  0	  0	 45	 37	 61	 54	  0	 33	  0	  0	  0	  0	  0	  0	  0	  0	  0	  0	  0	  5	13097	  1
05-05-2015	16:57:16	->	L	00000000	 10	 52	 37	 40	  0	139	  0	  4	  4	  4	  4	  4	  4	  4	  4	  0	  0	  0	  0	  0	  0	  0	  0	  0	  0	  0	  0	  0	  0	  0	  0	  0	  0	  0	  0	  0	  0	  0	  0	 45	 37	 61	 52	  0	 39	  0	  0	  0	  0	  0	  0	  0	  0	  0	  0	  0	  5	13097	  1
05-05-2015	17:02:16	->	L	00000000	 10	 50	 38	 44	  0	144	  0	  4	  4	  4	  4	  4	  4	  4	  4	  0	  0	  0	  0	  0	  0	  0	  0	  0	  0	  0	  0	  0	  0	  0	  0	  0	  0	  0	  0	  0	  0	  0	  0	 44	 38	 69	 50	  0	 48	  0	  0	  0	  0	  0	  0	  0	  0	  0	  0	  0	  5	13354	  1
05-05-2015	17:07:16	->	L	00000000	 10	 51	 38	 44	  0	149	  0	  4	  4	  4	  4	  4	  4	  4	  4	  0	  0	  0	  0	  0	  0	  0	  0	  0	  0	  0	  0	  0	  0	  0	  0	  0	  0	  0	  0	  0	  0	  0	  0	 44	 38	 69	 51	  0	 44	  0	  0	  0	  0	  0	  0	  0	  0	  0	  0	  0	  5	13611	  1
05-05-2015	17:12:16	->	L	00000000	 10	 55	 39	 42	  0	154	  0	  4	  4	  4	  4	  4	  4	  4	  4	  0	  0	  0	  0	  0	  0	  0	  0	  0	  0	  0	  0	  0	  0	  0	  0	  0	  0	  0	  0	  0	  0	  0	  0	 46	 39	 65	 55	  0	 37	  0	  0	  0	  0	  0	  0	  0	  0	  0	  0	  0	  5	13868	  1
05-05-2015	17:17:16	->	L	00000000	 10	 57	 39	 34	  0	159	  0	  4	  4	  4	  4	  4	  4	  4	  4	  0	  0	  0	  0	  0	  0	  0	  0	  0	  0	  0	  0	  0	  0	  0	  0	  0	  0	  0	  0	  0	  0	  0	  0	 48	 39	 58	 57	  0	 33	  0	  0	  0	  0	  0	  0	  0	  0	  0	  0	  0	  5	13868	  1
05-05-2015	17:22:16	->	L	00000000	 10	 61	 40	 25	  0	164	  0	  4	  4	  4	  4	  4	  4	  4	  4	  0	  0	  0	  0	  0	  0	  0	  0	  0	  0	  0	  0	  0	  0	  0	  0	  0	  0	  0	  0	  0	  0	  0	  0	 50	 40	 55	 61	  0	 25	  0	  0	  0	  0	  0	  0	  0	  0	  0	  0	  0	  5	14125	  1
05-05-2015	17:27:16	->	L	00000000	 10	 61	 41	 26	  0	169	  0	  4	  4	  4	  4	  4	  4	  4	  4	  0	  0	  0	  0	  0	  0	  0	  0	  0	  0	  0	  0	  0	  0	  0	  0	  0	  0	  0	  0	  0	  0	  0	  0	 50	 41	 58	 61	  0	 29	  0	  0	  0	  0	  0	  0	  0	  0	  0	  0	  0	  5	14382	  1
05-05-2015	17:32:16	->	L	00000000	 10	 63	 42	 25	  0	174	  0	  4	  4	  4	  4	  4	  4	  4	  4	  0	  0	  0	  0	  0	  0	  0	  0	  0	  0	  0	  0	  0	  0	  0	  0	  0	  0	  0	  0	  0	  0	  0	  0	 52	 42	 55	 63	  0	 26	  0	  0	  0	  0	  0	  0	  0	  0	  0	  0	  0	  5	14639	  1
05-05-2015	17:37:17	->	L	00000000	 10	 63	 42	 26	  0	179	  0	  4	  4	  4	  4	  4	  4	  4	  4	  0	  0	  0	  0	  0	  0	  0	  0	  0	  0	  0	  0	  0	  0	  0	  0	  0	  0	  0	  0	  0	  0	  0	  0	 52	 42	 55	 63	  0	 26	  0	  0	  0	  0	  0	  0	  0	  0	  0	  0	  0	  5	14639	  1
05-05-2015	23:47:21	  	L	00000000	 10	 35	 33	 89	  0	184	  0	  4	  4	  4	  4	  4	  4	  4	  4	  0	  0	  0	  0	  0	  0	  0	  0	  0	  0	  0	  0	  0	  0	  0	  0	  0	  0	  0	  0	  0	  0	  0	  0	 35	 33	 89	 35	  0	 89	  0	  0	  0	  0	  0	  0	  0	  0	  0	  0	  0	  5	14896	  1
05-05-2015	23:52:21	<-	L	00000000	 10	 41	 39	 89	  0	189	  0	  4	  4	  4	  4	  4	  4	  4	  4	  0	  0	  0	  0	  0	  0	  0	  0	  0	  0	  0	  0	  0	  0	  0	  0	  0	  0	  0	  0	  0	  0	  0	  0	 41	 39	 89	 41	  0	 94	  0	  0	  0	  0	  0	  0	  0	  0	  0	  0	  0	  5	15153	  1
05-05-2015	23:57:21	<-	L	00000000	 10	 53	 44	 59	  0	194	  0	  4	  4	  4	  4	  4	  4	  4	  4	  0	  0	  0	  0	  0	  0	  0	  0	  0	  0	  0	  0	  0	  0	  0	  0	  0	  0	  0	  0	  0	  0	  0	  0	 53	 44	 59	 51	  0	 66	  0	  0	  0	  0	  0	  0	  0	  0	  0	  0	  0	  5	15410	  1
06-05-2015	00:02:22	<-	L	00000000	 10	 56	 45	 53	  0	199	  0	  4	  4	  4	  4	  4	  4	  4	  4	  0	  0	  0	  0	  0	  0	  0	  0	  0	  0	  0	  0	  0	  0	  0	  0	  0	  0	  0	  0	  0	  0	  0	  0	 56	 45	 53	 53	  0	 63	  0	  0	  0	  0	  0	  0	  0	  0	  0	  0	  0	  5	15410	  1
06-05-2015	00:07:22	<-	L	00000000	 10	 64	 47	 40	  0	204	  0	  4	  4	  4	  4	  4	  4	  4	  4	  0	  0	  0	  0	  0	  0	  0	  0	  0	  0	  0	  0	  0	  0	  0	  0	  0	  0	  0	  0	  0	  0	  0	  0	 64	 47	 40	 54	  0	 67	  0	  0	  0	  0	  0	  0	  0	  0	  0	  0	  0	  5	15667	  1
06-05-2015	00:12:22	<-	L	00000000	 10	 65	 47	 36	  0	209	  0	  4	  4	  4	  4	  4	  4	  4	  4	  0	  0	  0	  0	  0	  0	  0	  0	  0	  0	  0	  0	  0	  0	  0	  0	  0	  0	  0	  0	  0	  0	  0	  0	 65	 47	 36	 54	  0	 67	  0	  0	  0	  0	  0	  0	  0	  0	  0	  0	  0	  5	15924	  1
06-05-2015	00:17:22	<-	L	00000000	 10	 62	 48	 45	  0	214	  0	  4	  4	  4	  4	  4	  4	  4	  4	  0	  0	  0	  0	  0	  0	  0	  0	  0	  0	  0	  0	  0	  0	  0	  0	  0	  0	  0	  0	  0	  0	  0	  0	 62	 48	 45	 50	  0	 89	  0	  0	  0	  0	  0	  0	  0	  0	  0	  0	  0	  5	16181	  1
06-05-2015	00:22:22	<-	L	00000000	 10	 59	 48	 54	  0	219	  0	  4	  4	  4	  4	  4	  4	  4	  4	  0	  0	  0	  0	  0	  0	  0	  0	  0	  0	  0	  0	  0	  0	  0	  0	  0	  0	  0	  0	  0	  0	  0	  0	 59	 48	 54	 55	  0	 67	  0	  0	  0	  0	  0	  0	  0	  0	  0	  0	  0	  5	16181	  1
06-05-2015	00:27:22	<-	L	00000000	 10	 59	 48	 54	  0	224	  0	  4	  4	  4	  4	  4	  4	  4	  4	  0	  0	  0	  0	  0	  0	  0	  0	  0	  0	  0	  0	  0	  0	  0	  0	  0	  0	  0	  0	  0	  0	  0	  0	 59	 48	 54	 56	  0	 64	  0	  0	  0	  0	  0	  0	  0	  0	  0	  0	  0	  5	16438	  1
06-05-2015	00:32:22	<-	L	00000000	 10	 59	 49	 57	  0	229	  0	  4	  4	  4	  4	  4	  4	  4	  4	  0	  0	  0	  0	  0	  0	  0	  0	  0	  0	  0	  0	  0	  0	  0	  0	  0	  0	  0	  0	  0	  0	  0	  0	 59	 49	 57	 56	  0	 68	  0	  0	  0	  0	  0	  0	  0	  0	  0	  0	  0	  5	16695	  1
06-05-2015	00:37:22	<-	L	00000000	 10	 59	 49	 57	  0	234	  0	  4	  4	  4	  4	  4	  4	  4	  4	  0	  0	  0	  0	  0	  0	  0	  0	  0	  0	  0	  0	  0	  0	  0	  0	  0	  0	  0	  0	  0	  0	  0	  0	 59	 49	 57	 56	  0	 68	  0	  0	  0	  0	  0	  0	  0	  0	  0	  0	  0	  5	16952	  1
06-05-2015	00:42:22	<-	L	00000000	 10	 59	 50	 61	  0	239	  0	  4	  4	  4	  4	  4	  4	  4	  4	  0	  0	  0	  0	  0	  0	  0	  0	  0	  0	  0	  0	  0	  0	  0	  0	  0	  0	  0	  0	  0	  0	  0	  0	 59	 50	 61	 56	  0	 71	  0	  0	  0	  0	  0	  0	  0	  0	  0	  0	  0	  5	16952	  1
06-05-2015	00:47:23	<-	L	00000000	 10	 59	 50	 61	  0	244	  0	  4	  4	  4	  4	  4	  4	  4	  4	  0	  0	  0	  0	  0	  0	  0	  0	  0	  0	  0	  0	  0	  0	  0	  0	  0	  0	  0	  0	  0	  0	  0	  0	 59	 50	 61	 56	  0	 71	  0	  0	  0	  0	  0	  0	  0	  0	  0	  0	  0	  5	17209	  1
06-05-2015	00:52:22	<-	L	00000000	 10	 59	 50	 61	  0	249	  0	  4	  4	  4	  4	  4	  4	  4	  4	  0	  0	  0	  0	  0	  0	  0	  0	  0	  0	  0	  0	  0	  0	  0	  0	  0	  0	  0	  0	  0	  0	  0	  0	 59	 50	 61	 56	  0	 71	  0	  0	  0	  0	  0	  0	  0	  0	  0	  0	  0	  5	17466	  1
06-05-2015	00:57:22	<-	L	00000000	 10	 59	 51	 64	  0	254	  0	  4	  4	  4	  4	  4	  4	  4	  4	  0	  0	  0	  0	  0	  0	  0	  0	  0	  0	  0	  0	  0	  0	  0	  0	  0	  0	  0	  0	  0	  0	  0	  0	 59	 51	 64	 56	  0	 78	  0	  0	  0	  0	  0	  0	  0	  0	  0	  0	  0	  5	17723	  1
06-05-2015	01:02:22	<-	L	00000000	 10	 60	 51	 61	  0	259	  0	  4	  4	  4	  4	  4	  4	  4	  4	  0	  0	  0	  0	  0	  0	  0	  0	  0	  0	  0	  0	  0	  0	  0	  0	  0	  0	  0	  0	  0	  0	  0	  0	 60	 51	 61	 56	  0	 78	  0	  0	  0	  0	  0	  0	  0	  0	  0	  0	  0	  5	17723	  1
06-05-2015	01:07:22	<-	L	00000000	 10	 60	 52	 65	  0	264	  0	  4	  4	  4	  4	  4	  4	  4	  4	  0	  0	  0	  0	  0	  0	  0	  0	  0	  0	  0	  0	  0	  0	  0	  0	  0	  0	  0	  0	  0	  0	  0	  0	 60	 52	 65	 56	  0	 80	  0	  0	  0	  0	  0	  0	  0	  0	  0	  0	  0	  5	17980	  1
06-05-2015	01:12:23	<-	L	00000000	 10	 60	 52	 65	  0	269	  0	  4	  4	  4	  4	  4	  4	  4	  4	  0	  0	  0	  0	  0	  0	  0	  0	  0	  0	  0	  0	  0	  0	  0	  0	  0	  0	  0	  0	  0	  0	  0	  0	 60	 52	 65	 57	  0	 78	  0	  0	  0	  0	  0	  0	  0	  0	  0	  0	  0	  5	18237	  1
06-05-2015	01:17:23	<-	L	00000000	 10	 60	 52	 65	  0	274	  0	  4	  4	  4	  4	  4	  4	  4	  4	  0	  0	  0	  0	  0	  0	  0	  0	  0	  0	  0	  0	  0	  0	  0	  0	  0	  0	  0	  0	  0	  0	  0	  0	 60	 52	 65	 57	  0	 78	  0	  0	  0	  0	  0	  0	  0	  0	  0	  0	  0	  5	18494	  1
06-05-2015	01:22:23	<-	L	00000000	 10	 60	 52	 65	  0	279	  0	  4	  4	  4	  4	  4	  4	  4	  4	  0	  0	  0	  0	  0	  0	  0	  0	  0	  0	  0	  0	  0	  0	  0	  0	  0	  0	  0	  0	  0	  0	  0	  0	 60	 52	 65	 57	  0	 78	  0	  0	  0	  0	  0	  0	  0	  0	  0	  0	  0	  5	18494	  1
06-05-2015	01:27:23	<-	L	00000000	 10	 60	 52	 65	  0	284	  0	  4	  4	  4	  4	  4	  4	  4	  4	  0	  0	  0	  0	  0	  0	  0	  0	  0	  0	  0	  0	  0	  0	  0	  0	  0	  0	  0	  0	  0	  0	  0	  0	 60	 52	 65	 57	  0	 78	  0	  0	  0	  0	  0	  0	  0	  0	  0	  0	  0	  5	18751	  1
06-05-2015	01:32:23	<-	L	00000000	 10	 59	 53	 72	  0	289	  0	  4	  4	  4	  4	  4	  4	  4	  4	  0	  0	  0	  0	  0	  0	  0	  0	  0	  0	  0	  0	  0	  0	  0	  0	  0	  0	  0	  0	  0	  0	  0	  0	 59	 53	 72	 57	  0	 80	  0	  0	  0	  0	  0	  0	  0	  0	  0	  0	  0	  5	19008	  1
06-05-2015	01:37:23	<-	L	00000000	 10	 60	 53	 69	  0	294	  0	  4	  4	  4	  4	  4	  4	  4	  4	  0	  0	  0	  0	  0	  0	  0	  0	  0	  0	  0	  0	  0	  0	  0	  0	  0	  0	  0	  0	  0	  0	  0	  0	 60	 53	 69	 58	  0	 78	  0	  0	  0	  0	  0	  0	  0	  0	  0	  0	  0	  5	19265	  1
06-05-2015	01:42:23	<-	L	00000000	 10	 60	 53	 69	  0	299	  0	  4	  4	  4	  4	  4	  4	  4	  4	  0	  0	  0	  0	  0	  0	  0	  0	  0	  0	  0	  0	  0	  0	  0	  0	  0	  0	  0	  0	  0	  0	  0	  0	 60	 53	 69	 58	  0	 78	  0	  0	  0	  0	  0	  0	  0	  0	  0	  0	  0	  5	19265	  1
06-05-2015	01:47:24	<-	L	00000000	 10	 61	 54	 69	  0	304	  0	  4	  4	  4	  4	  4	  4	  4	  4	  0	  0	  0	  0	  0	  0	  0	  0	  0	  0	  0	  0	  0	  0	  0	  0	  0	  0	  0	  0	  0	  0	  0	  0	 61	 54	 69	 58	  0	 81	  0	  0	  0	  0	  0	  0	  0	  0	  0	  0	  0	  5	19522	  1
06-05-2015	01:52:23	<-	L	00000000	 10	 62	 54	 65	  0	309	  0	  4	  4	  4	  4	  4	  4	  4	  4	  0	  0	  0	  0	  0	  0	  0	  0	  0	  0	  0	  0	  0	  0	  0	  0	  0	  0	  0	  0	  0	  0	  0	  0	 62	 54	 65	 59	  0	 78	  0	  0	  0	  0	  0	  0	  0	  0	  0	  0	  0	  5	19779	  1
06-05-2015	01:57:23	<-	L	00000000	 10	 62	 54	 65	  0	314	  0	  4	  4	  4	  4	  4	  4	  4	  4	  0	  0	  0	  0	  0	  0	  0	  0	  0	  0	  0	  0	  0	  0	  0	  0	  0	  0	  0	  0	  0	  0	  0	  0	 62	 54	 65	 59	  0	 78	  0	  0	  0	  0	  0	  0	  0	  0	  0	  0	  0	  5	20036	  1
06-05-2015	02:02:23	<-	L	00000000	 10	 63	 55	 62	  0	319	  0	  4	  4	  4	  4	  4	  4	  4	  4	  0	  0	  0	  0	  0	  0	  0	  0	  0	  0	  0	  0	  0	  0	  0	  0	  0	  0	  0	  0	  0	  0	  0	  0	 63	 55	 66	 60	  0	 78	  0	  0	  0	  0	  0	  0	  0	  0	  0	  0	  0	  5	20036	  1
06-05-2015	02:07:23	<-	L	00000000	 10	 63	 55	 66	  0	324	  0	  4	  4	  4	  4	  4	  4	  4	  4	  0	  0	  0	  0	  0	  0	  0	  0	  0	  0	  0	  0	  0	  0	  0	  0	  0	  0	  0	  0	  0	  0	  0	  0	 63	 55	 66	 60	  0	 78	  0	  0	  0	  0	  0	  0	  0	  0	  0	  0	  0	  5	20293	  1
06-05-2015	02:12:23	<-	L	00000000	 10	 64	 55	 62	  0	329	  0	  4	  4	  4	  4	  4	  4	  4	  4	  0	  0	  0	  0	  0	  0	  0	  0	  0	  0	  0	  0	  0	  0	  0	  0	  0	  0	  0	  0	  0	  0	  0	  0	 64	 55	 62	 61	  0	 72	  0	  0	  0	  0	  0	  0	  0	  0	  0	  0	  0	  5	20550	  1
06-05-2015	02:17:23	<-	L	00000000	 10	 64	 56	 66	  0	334	  0	  4	  4	  4	  4	  4	  4	  4	  4	  0	  0	  0	  0	  0	  0	  0	  0	  0	  0	  0	  0	  0	  0	  0	  0	  0	  0	  0	  0	  0	  0	  0	  0	 64	 56	 66	 61	  0	 78	  0	  0	  0	  0	  0	  0	  0	  0	  0	  0	  0	  5	20807	  1
06-05-2015	02:22:23	<-	L	00000000	 10	 61	 56	 78	  0	339	  0	  4	  4	  4	  4	  4	  4	  4	  4	  0	  0	  0	  0	  0	  0	  0	  0	  0	  0	  0	  0	  0	  0	  0	  0	  0	  0	  0	  0	  0	  0	  0	  0	 60	 56	 81	 61	  0	 78	  0	  0	  0	  0	  0	  0	  0	  0	  0	  0	  0	  5	20807	  1
06-05-2015	02:27:24	<-	L	00000000	 10	 66	 57	 63	  0	344	  0	  4	  4	  4	  4	  4	  4	  4	  4	  0	  0	  0	  0	  0	  0	  0	  0	  0	  0	  0	  0	  0	  0	  0	  0	  0	  0	  0	  0	  0	  0	  0	  0	 66	 57	 63	 63	  0	 73	  0	  0	  0	  0	  0	  0	  0	  0	  0	  0	  0	  5	21064	  1
06-05-2015	02:32:24	<-	L	00000000	 10	 67	 57	 60	  0	349	  0	  4	  4	  4	  4	  4	  4	  4	  4	  0	  0	  0	  0	  0	  0	  0	  0	  0	  0	  0	  0	  0	  0	  0	  0	  0	  0	  0	  0	  0	  0	  0	  0	 67	 57	 60	 64	  0	 70	  0	  0	  0	  0	  0	  0	  0	  0	  0	  0	  0	  5	21321	  1
06-05-2015	02:37:24	<-	L	00000000	 10	 68	 57	 60	  0	354	  0	  4	  4	  4	  4	  4	  4	  4	  4	  0	  0	  0	  0	  0	  0	  0	  0	  0	  0	  0	  0	  0	  0	  0	  0	  0	  0	  0	  0	  0	  0	  0	  0	 68	 57	 57	 65	  0	 66	  0	  0	  0	  0	  0	  0	  0	  0	  0	  0	  0	  5	21578	  1
06-05-2015	02:42:24	<-	L	00000000	 10	 68	 58	 60	  0	359	  0	  4	  4	  4	  4	  4	  4	  4	  4	  0	  0	  0	  0	  0	  0	  0	  0	  0	  0	  0	  0	  0	  0	  0	  0	  0	  0	  0	  0	  0	  0	  0	  0	 68	 58	 60	 65	  0	 70	  0	  0	  0	  0	  0	  0	  0	  0	  0	  0	  0	  5	21578	  1
06-05-2015	02:47:24	<-	L	00000000	 21	 69	 58	 57	  0	  3	  0	  4	  4	  4	  4	  4	  4	  4	  4	  0	  0	  0	  0	  0	  0	  0	  0	  0	  0	  0	  0	  0	  0	  0	  0	  0	  0	  0	  0	  0	  0	  0	  0	 69	 58	 57	 65	  0	 70	  0	  0	  0	  0	  0	  0	  0	  0	  0	  0	  0	  5	21828	  0
06-05-2015	02:52:24	->	L	00000000	 21	 67	 58	 63	  0	  8	  0	  4	  4	  4	  4	  4	  4	  4	  4	  0	  0	  0	  0	  0	  0	  0	  0	  0	  0	  0	  0	  0	  0	  0	  0	  0	  0	  0	  0	  0	  0	  0	  0	 67	 58	 63	 67	  0	 63	  0	  0	  0	  0	  0	  0	  0	  0	  0	  0	  0	  5	21828	  0
06-05-2015	02:57:24	->	L	00000000	 21	 72	 57	 47	  0	 13	  0	  4	  4	  4	  4	  4	  4	  4	  4	  0	  0	  0	  0	  0	  0	  0	  0	  0	  0	  0	  0	  0	  0	  0	  0	  0	  0	  0	  0	  0	  0	  0	  0	 65	 57	 66	 72	  0	 47	  0	  0	  0	  0	  0	  0	  0	  0	  0	  0	  0	  5	21828	  0
06-05-2015	03:02:24	->	L	00000000	 21	 73	 57	 44	  0	 18	  0	  4	  4	  4	  4	  4	  4	  4	  4	  0	  0	  0	  0	  0	  0	  0	  0	  0	  0	  0	  0	  0	  0	  0	  0	  0	  0	  0	  0	  0	  0	  0	  0	 66	 57	 63	 73	  0	 44	  0	  0	  0	  0	  0	  0	  0	  0	  0	  0	  0	  5	21828	  0
06-05-2015	03:07:24	->	L	00000000	 21	 74	 57	 41	  0	 23	  0	  4	  4	  4	  4	  4	  4	  4	  4	  0	  0	  0	  0	  0	  0	  0	  0	  0	  0	  0	  0	  0	  0	  0	  0	  0	  0	  0	  0	  0	  0	  0	  0	 66	 57	 63	 74	  0	 41	  0	  0	  0	  0	  0	  0	  0	  0	  0	  0	  0	  5	21828	  0
06-05-2015	03:12:24	->	L	00000000	 21	 74	 57	 41	  0	 28	  0	  4	  4	  4	  4	  4	  4	  4	  4	  0	  0	  0	  0	  0	  0	  0	  0	  0	  0	  0	  0	  0	  0	  0	  0	  0	  0	  0	  0	  0	  0	  0	  0	 66	 57	 63	 74	  0	 41	  0	  0	  0	  0	  0	  0	  0	  0	  0	  0	  0	  5	21828	  0
06-05-2015	03:17:24	->	L	00000000	 21	 74	 58	 45	  0	 33	  0	  4	  4	  4	  4	  4	  4	  4	  4	  0	  0	  0	  0	  0	  0	  0	  0	  0	  0	  0	  0	  0	  0	  0	  0	  0	  0	  0	  0	  0	  0	  0	  0	 67	 58	 63	 74	  0	 45	  0	  0	  0	  0	  0	  0	  0	  0	  0	  0	  0	  5	21828	  0
06-05-2015	03:22:24	->	L	00000000	 21	 75	 58	 42	  0	 38	  0	  4	  4	  4	  4	  4	  4	  4	  4	  0	  0	  0	  0	  0	  0	  0	  0	  0	  0	  0	  0	  0	  0	  0	  0	  0	  0	  0	  0	  0	  0	  0	  0	 67	 58	 63	 75	  0	 42	  0	  0	  0	  0	  0	  0	  0	  0	  0	  0	  0	  5	21828	  0
06-05-2015	03:27:24	->	L	00000000	 21	 75	 58	 42	  0	 43	  0	  4	  4	  4	  4	  4	  4	  4	  4	  0	  0	  0	  0	  0	  0	  0	  0	  0	  0	  0	  0	  0	  0	  0	  0	  0	  0	  0	  0	  0	  0	  0	  0	 67	 58	 63	 75	  0	 42	  0	  0	  0	  0	  0	  0	  0	  0	  0	  0	  0	  5	21828	  0
06-05-2015	03:32:24	->	L	00000000	 21	 75	 59	 45	  0	 48	  0	  4	  4	  4	  4	  4	  4	  4	  4	  0	  0	  0	  0	  0	  0	  0	  0	  0	  0	  0	  0	  0	  0	  0	  0	  0	  0	  0	  0	  0	  0	  0	  0	 67	 59	 67	 75	  0	 45	  0	  0	  0	  0	  0	  0	  0	  0	  0	  0	  0	  5	21828	  0
06-05-2015	03:37:25	->	L	00000000	 21	 75	 59	 45	  0	 53	  0	  4	  4	  4	  4	  4	  4	  4	  4	  0	  0	  0	  0	  0	  0	  0	  0	  0	  0	  0	  0	  0	  0	  0	  0	  0	  0	  0	  0	  0	  0	  0	  0	 68	 59	 63	 75	  0	 45	  0	  0	  0	  0	  0	  0	  0	  0	  0	  0	  0	  5	21828	  0
06-05-2015	03:42:25	->	L	00000000	 21	 76	 59	 42	  0	 58	  0	  4	  4	  4	  4	  4	  4	  4	  4	  0	  0	  0	  0	  0	  0	  0	  0	  0	  0	  0	  0	  0	  0	  0	  0	  0	  0	  0	  0	  0	  0	  0	  0	 68	 59	 63	 76	  0	 42	  0	  0	  0	  0	  0	  0	  0	  0	  0	  0	  0	  5	21828	  0
06-05-2015	03:47:25	->	L	00000000	 21	 76	 59	 42	  0	 63	  0	  4	  4	  4	  4	  4	  4	  4	  4	  0	  0	  0	  0	  0	  0	  0	  0	  0	  0	  0	  0	  0	  0	  0	  0	  0	  0	  0	  0	  0	  0	  0	  0	 68	 59	 63	 76	  0	 42	  0	  0	  0	  0	  0	  0	  0	  0	  0	  0	  0	  5	21828	  0
06-05-2015	03:52:26	->	L	00000000	 21	 76	 60	 45	  0	 68	  0	  4	  4	  4	  4	  4	  4	  4	  4	  0	  0	  0	  0	  0	  0	  0	  0	  0	  0	  0	  0	  0	  0	  0	  0	  0	  0	  0	  0	  0	  0	  0	  0	 69	 60	 64	 76	  0	 45	  0	  0	  0	  0	  0	  0	  0	  0	  0	  0	  0	  5	21828	  0
06-05-2015	03:57:25	->	L	00000000	 21	 76	 60	 45	  0	 73	  0	  4	  4	  4	  4	  4	  4	  4	  4	  0	  0	  0	  0	  0	  0	  0	  0	  0	  0	  0	  0	  0	  0	  0	  0	  0	  0	  0	  0	  0	  0	  0	  0	 69	 60	 64	 76	  0	 45	  0	  0	  0	  0	  0	  0	  0	  0	  0	  0	  0	  5	21828	  0
06-05-2015	04:02:25	->	L	00000000	 21	 77	 60	 43	  0	 78	  0	  4	  4	  4	  4	  4	  4	  4	  4	  0	  0	  0	  0	  0	  0	  0	  0	  0	  0	  0	  0	  0	  0	  0	  0	  0	  0	  0	  0	  0	  0	  0	  0	 69	 60	 64	 77	  0	 43	  0	  0	  0	  0	  0	  0	  0	  0	  0	  0	  0	  5	21828	  0
06-05-2015	04:07:25	->	L	00000000	 21	 77	 60	 43	  0	 83	  0	  4	  4	  4	  4	  4	  4	  4	  4	  0	  0	  0	  0	  0	  0	  0	  0	  0	  0	  0	  0	  0	  0	  0	  0	  0	  0	  0	  0	  0	  0	  0	  0	 69	 60	 64	 77	  0	 43	  0	  0	  0	  0	  0	  0	  0	  0	  0	  0	  0	  5	21828	  0
06-05-2015	04:12:25	->	L	00000000	 21	 77	 61	 43	  0	 88	  0	  4	  4	  4	  4	  4	  4	  4	  4	  0	  0	  0	  0	  0	  0	  0	  0	  0	  0	  0	  0	  0	  0	  0	  0	  0	  0	  0	  0	  0	  0	  0	  0	 69	 61	 64	 77	  0	 46	  0	  0	  0	  0	  0	  0	  0	  0	  0	  0	  0	  5	21828	  0
06-05-2015	04:17:25	->	L	00000000	 21	 75	 61	 52	  0	 93	  0	  4	  4	  4	  4	  4	  4	  4	  4	  0	  0	  0	  0	  0	  0	  0	  0	  0	  0	  0	  0	  0	  0	  0	  0	  0	  0	  0	  0	  0	  0	  0	  0	 70	 61	 64	 75	  0	 50	  0	  0	  0	  0	  0	  0	  0	  0	  0	  0	  0	  5	21828	  0
06-05-2015	04:22:25	->	L	00000000	 21	 78	 61	 43	  0	 98	  0	  4	  4	  4	  4	  4	  4	  4	  4	  0	  0	  0	  0	  0	  0	  0	  0	  0	  0	  0	  0	  0	  0	  0	  0	  0	  0	  0	  0	  0	  0	  0	  0	 70	 61	 64	 78	  0	 43	  0	  0	  0	  0	  0	  0	  0	  0	  0	  0	  0	  5	21828	  0
06-05-2015	04:27:25	->	L	00000000	 21	 78	 61	 43	  0	103	  0	  4	  4	  4	  4	  4	  4	  4	  4	  0	  0	  0	  0	  0	  0	  0	  0	  0	  0	  0	  0	  0	  0	  0	  0	  0	  0	  0	  0	  0	  0	  0	  0	 70	 61	 64	 78	  0	 43	  0	  0	  0	  0	  0	  0	  0	  0	  0	  0	  0	  5	21828	  0
06-05-2015	04:32:25	->	L	00000000	 21	 78	 61	 46	  0	108	  0	  4	  4	  4	  4	  4	  4	  4	  4	  0	  0	  0	  0	  0	  0	  0	  0	  0	  0	  0	  0	  0	  0	  0	  0	  0	  0	  0	  0	  0	  0	  0	  0	 71	 61	 61	 78	  0	 43	  0	  0	  0	  0	  0	  0	  0	  0	  0	  0	  0	  5	21828	  0
06-05-2015	04:37:25	->	L	00000000	 21	 79	 62	 44	  0	113	  0	  4	  4	  4	  4	  4	  4	  4	  4	  0	  0	  0	  0	  0	  0	  0	  0	  0	  0	  0	  0	  0	  0	  0	  0	  0	  0	  0	  0	  0	  0	  0	  0	 71	 62	 64	 79	  0	 44	  0	  0	  0	  0	  0	  0	  0	  0	  0	  0	  0	  5	21828	  0
06-05-2015	04:42:25	->	L	00000000	 21	 80	 62	 44	  0	118	  0	  4	  4	  4	  4	  4	  4	  4	  4	  0	  0	  0	  0	  0	  0	  0	  0	  0	  0	  0	  0	  0	  0	  0	  0	  0	  0	  0	  0	  0	  0	  0	  0	 71	 62	 64	 80	  0	 42	  0	  0	  0	  0	  0	  0	  0	  0	  0	  0	  0	  5	21828	  0
06-05-2015	04:47:25	->	L	00000000	 21	 80	 62	 42	  0	123	  0	  4	  4	  4	  4	  4	  4	  4	  4	  0	  0	  0	  0	  0	  0	  0	  0	  0	  0	  0	  0	  0	  0	  0	  0	  0	  0	  0	  0	  0	  0	  0	  0	 72	 62	 61	 80	  0	 42	  0	  0	  0	  0	  0	  0	  0	  0	  0	  0	  0	  5	21828	  0
06-05-2015	04:52:26	->	L	00000000	 21	 81	 63	 43	  0	128	  0	  4	  4	  4	  4	  4	  4	  4	  4	  0	  0	  0	  0	  0	  0	  0	  0	  0	  0	  0	  0	  0	  0	  0	  0	  0	  0	  0	  0	  0	  0	  0	  0	 72	 63	 65	 81	  0	 43	  0	  0	  0	  0	  0	  0	  0	  0	  0	  0	  0	  5	21828	  0
06-05-2015	04:57:26	->	L	00000000	 21	 81	 63	 43	  0	133	  0	  4	  4	  4	  4	  4	  4	  4	  4	  0	  0	  0	  0	  0	  0	  0	  0	  0	  0	  0	  0	  0	  0	  0	  0	  0	  0	  0	  0	  0	  0	  0	  0	 73	 63	 61	 81	  0	 43	  0	  0	  0	  0	  0	  0	  0	  0	  0	  0	  0	  5	21828	  0
06-05-2015	05:02:26	->	L	00000000	 21	 82	 63	 40	  0	138	  0	  4	  4	  4	  4	  4	  4	  4	  4	  0	  0	  0	  0	  0	  0	  0	  0	  0	  0	  0	  0	  0	  0	  0	  0	  0	  0	  0	  0	  0	  0	  0	  0	 73	 63	 61	 82	  0	 40	  0	  0	  0	  0	  0	  0	  0	  0	  0	  0	  0	  5	21828	  0
06-05-2015	05:07:26	->	L	00000000	 21	 82	 63	 40	  0	143	  0	  4	  4	  4	  4	  4	  4	  4	  4	  0	  0	  0	  0	  0	  0	  0	  0	  0	  0	  0	  0	  0	  0	  0	  0	  0	  0	  0	  0	  0	  0	  0	  0	 73	 63	 61	 82	  0	 40	  0	  0	  0	  0	  0	  0	  0	  0	  0	  0	  0	  5	21828	  0
06-05-2015	05:12:26	->	L	00000000	 21	 83	 64	 41	  0	148	  0	  4	  4	  4	  4	  4	  4	  4	  4	  0	  0	  0	  0	  0	  0	  0	  0	  0	  0	  0	  0	  0	  0	  0	  0	  0	  0	  0	  0	  0	  0	  0	  0	 74	 64	 62	 83	  0	 41	  0	  0	  0	  0	  0	  0	  0	  0	  0	  0	  0	  5	21828	  0
06-05-2015	05:17:26	->	L	00000000	 21	 83	 64	 41	  0	153	  0	  4	  4	  4	  4	  4	  4	  4	  4	  0	  0	  0	  0	  0	  0	  0	  0	  0	  0	  0	  0	  0	  0	  0	  0	  0	  0	  0	  0	  0	  0	  0	  0	 74	 64	 62	 83	  0	 41	  0	  0	  0	  0	  0	  0	  0	  0	  0	  0	  0	  5	21828	  0
06-05-2015	05:22:26	->	L	00000000	 21	 84	 64	 39	  0	158	  0	  4	  4	  4	  4	  4	  4	  4	  4	  0	  0	  0	  0	  0	  0	  0	  0	  0	  0	  0	  0	  0	  0	  0	  0	  0	  0	  0	  0	  0	  0	  0	  0	 75	 64	 59	 84	  0	 39	  0	  0	  0	  0	  0	  0	  0	  0	  0	  0	  0	  5	21828	  0
06-05-2015	05:27:26	->	L	00000000	 21	 86	 64	 33	  0	163	  0	  4	  4	  4	  4	  4	  4	  4	  4	  0	  0	  0	  0	  0	  0	  0	  0	  0	  0	  0	  0	  0	  0	  0	  0	  0	  0	  0	  0	  0	  0	  0	  0	 75	 64	 59	 86	  0	 36	  0	  0	  0	  0	  0	  0	  0	  0	  0	  0	  0	  5	21828	  0
06-05-2015	05:32:26	->	L	00000000	 21	 81	 62	 40	  0	168	  0	  4	  4	  4	  4	  4	  4	  4	  4	  0	  0	  0	  0	  0	  0	  0	  0	  0	  0	  0	  0	  0	  0	  0	  0	  0	  0	  0	  0	  0	  0	  0	  0	 71	 62	 64	 81	  0	 40	  0	  0	  0	  0	  0	  0	  0	  0	  0	  0	  0	  5	21820	  0
06-05-2015	05:37:26	->	L	00000000	 21	 83	 61	 35	  0	173	  0	  4	  4	  4	  4	  4	  4	  4	  4	  0	  0	  0	  0	  0	  0	  0	  0	  0	  0	  0	  0	  0	  0	  0	  0	  0	  0	  0	  0	  0	  0	  0	  0	 72	 61	 58	 83	  0	 35	  0	  0	  0	  0	  0	  0	  0	  0	  0	  0	  0	  5	21820	  0
06-05-2015	05:42:26	->	L	00000000	 21	 84	 61	 32	  0	178	  0	  4	  4	  4	  4	  4	  4	  4	  4	  0	  0	  0	  0	  0	  0	  0	  0	  0	  0	  0	  0	  0	  0	  0	  0	  0	  0	  0	  0	  0	  0	  0	  0	 72	 61	 58	 84	  0	 32	  0	  0	  0	  0	  0	  0	  0	  0	  0	  0	  0	  5	21820	  0
06-05-2015	05:47:26	->	L	00000000	 21	 83	 60	 32	  0	183	  0	  4	  4	  4	  4	  4	  4	  4	  4	  0	  0	  0	  0	  0	  0	  0	  0	  0	  0	  0	  0	  0	  0	  0	  0	  0	  0	  0	  0	  0	  0	  0	  0	 72	 60	 55	 83	  0	 32	  0	  0	  0	  0	  0	  0	  0	  0	  0	  0	  0	  5	21820	  0
06-05-2015	05:52:27	  	L	00000000	 21	 81	 61	 35	  0	188	  0	  4	  4	  4	  4	  4	  4	  4	  4	  0	  0	  0	  0	  0	  0	  0	  0	  0	  0	  0	  0	  0	  0	  0	  0	  0	  0	  0	  0	  0	  0	  0	  0	 72	 61	 58	 81	  0	 38	  0	  0	  0	  0	  0	  0	  0	  0	  0	  0	  0	  5	21820	  0
06-05-2015	05:57:26	<-	L	00000000	 21	 80	 64	 49	  0	193	  0	  4	  4	  4	  4	  4	  4	  4	  4	  0	  0	  0	  0	  0	  0	  0	  0	  0	  0	  0	  0	  0	  0	  0	  0	  0	  0	  0	  0	  0	  0	  0	  0	 80	 64	 47	 75	  0	 59	  0	  0	  0	  0	  0	  0	  0	  0	  0	  0	  0	  5	21828	  0
06-05-2015	06:02:26	<-	L	00000000	 21	 82	 66	 45	  0	198	  0	  4	  4	  4	  4	  4	  4	  4	  4	  0	  0	  0	  0	  0	  0	  0	  0	  0	  0	  0	  0	  0	  0	  0	  0	  0	  0	  0	  0	  0	  0	  0	  0	 82	 66	 48	 77	  0	 59	  0	  0	  0	  0	  0	  0	  0	  0	  0	  0	  0	  5	21828	  0
06-05-2015	06:07:27	<-	L	00000000	 21	 82	 66	 48	  0	203	  0	  4	  4	  4	  4	  4	  4	  4	  4	  0	  0	  0	  0	  0	  0	  0	  0	  0	  0	  0	  0	  0	  0	  0	  0	  0	  0	  0	  0	  0	  0	  0	  0	 82	 66	 48	 77	  0	 59	  0	  0	  0	  0	  0	  0	  0	  0	  0	  0	  0	  5	21828	  0
06-05-2015	06:12:27	<-	L	00000000	 21	 82	 66	 48	  0	208	  0	  4	  4	  4	  4	  4	  4	  4	  4	  0	  0	  0	  0	  0	  0	  0	  0	  0	  0	  0	  0	  0	  0	  0	  0	  0	  0	  0	  0	  0	  0	  0	  0	 82	 66	 48	 78	  0	 57	  0	  0	  0	  0	  0	  0	  0	  0	  0	  0	  0	  5	21828	  0
06-05-2015	06:17:27	<-	L	00000000	 21	 82	 67	 50	  0	213	  0	  4	  4	  4	  4	  4	  4	  4	  4	  0	  0	  0	  0	  0	  0	  0	  0	  0	  0	  0	  0	  0	  0	  0	  0	  0	  0	  0	  0	  0	  0	  0	  0	 82	 67	 50	 78	  0	 60	  0	  0	  0	  0	  0	  0	  0	  0	  0	  0	  0	  5	21828	  0
06-05-2015	06:22:27	<-	L	00000000	 21	 82	 67	 50	  0	218	  0	  4	  4	  4	  4	  4	  4	  4	  4	  0	  0	  0	  0	  0	  0	  0	  0	  0	  0	  0	  0	  0	  0	  0	  0	  0	  0	  0	  0	  0	  0	  0	  0	 82	 67	 50	 78	  0	 60	  0	  0	  0	  0	  0	  0	  0	  0	  0	  0	  0	  5	21828	  0
06-05-2015	06:27:27	<-	L	00000000	 21	 82	 67	 50	  0	223	  0	  4	  4	  4	  4	  4	  4	  4	  4	  0	  0	  0	  0	  0	  0	  0	  0	  0	  0	  0	  0	  0	  0	  0	  0	  0	  0	  0	  0	  0	  0	  0	  0	 82	 67	 50	 78	  0	 60	  0	  0	  0	  0	  0	  0	  0	  0	  0	  0	  0	  5	21828	  0
06-05-2015	06:32:27	<-	L	00000000	 21	 83	 68	 51	  0	228	  0	  4	  4	  4	  4	  4	  4	  4	  4	  0	  0	  0	  0	  0	  0	  0	  0	  0	  0	  0	  0	  0	  0	  0	  0	  0	  0	  0	  0	  0	  0	  0	  0	 83	 68	 51	 79	  0	 60	  0	  0	  0	  0	  0	  0	  0	  0	  0	  0	  0	  5	21828	  0
06-05-2015	06:37:27	<-	L	00000000	 21	 87	 68	 43	  0	233	  0	  4	  4	  4	  4	  4	  4	  4	  4	  0	  0	  0	  0	  0	  0	  0	  0	  0	  0	  0	  0	  0	  0	  0	  0	  0	  0	  0	  0	  0	  0	  0	  0	 87	 68	 43	 79	  0	 60	  0	  0	  0	  0	  0	  0	  0	  0	  0	  0	  0	  5	21828	  0
06-05-2015	06:42:28	<-	L	00000000	 21	 89	 69	 42	  0	238	  0	  4	  4	  4	  4	  4	  4	  4	  4	  0	  0	  0	  0	  0	  0	  0	  0	  0	  0	  0	  0	  0	  0	  0	  0	  0	  0	  0	  0	  0	  0	  0	  0	 89	 69	 42	 80	  0	 60	  0	  0	  0	  0	  0	  0	  0	  0	  0	  0	  0	  5	21828	  0
06-05-2015	06:47:27	<-	L	00000000	 21	 84	 68	 46	  0	243	  0	  4	  4	  4	  4	  4	  4	  4	  4	  0	  0	  0	  0	  0	  0	  0	  0	  0	  0	  0	  0	  0	  0	  0	  0	  0	  0	  0	  0	  0	  0	  0	  0	 84	 68	 49	 77	  0	 66	  0	  0	  0	  0	  0	  0	  0	  0	  0	  0	  0	  5	21828	  0
06-05-2015	06:52:27	<-	L	00000000	 21	 82	 68	 52	  0	248	  0	  4	  4	  4	  4	  4	  4	  4	  4	  0	  0	  0	  0	  0	  0	  0	  0	  0	  0	  0	  0	  0	  0	  0	  0	  0	  0	  0	  0	  0	  0	  0	  0	 82	 68	 52	 77	  0	 66	  0	  0	  0	  0	  0	  0	  0	  0	  0	  0	  0	  5	21828	  0
06-05-2015	06:57:27	<-	L	00000000	 21	 83	 68	 51	  0	253	  0	  4	  4	  4	  4	  4	  4	  4	  4	  0	  0	  0	  0	  0	  0	  0	  0	  0	  0	  0	  0	  0	  0	  0	  0	  0	  0	  0	  0	  0	  0	  0	  0	 83	 68	 51	 78	  0	 63	  0	  0	  0	  0	  0	  0	  0	  0	  0	  0	  0	  5	21828	  0
06-05-2015	07:02:27	<-	L	00000000	 21	 84	 68	 49	  0	258	  0	  4	  4	  4	  4	  4	  4	  4	  4	  0	  0	  0	  0	  0	  0	  0	  0	  0	  0	  0	  0	  0	  0	  0	  0	  0	  0	  0	  0	  0	  0	  0	  0	 84	 68	 49	 79	  0	 60	  0	  0	  0	  0	  0	  0	  0	  0	  0	  0	  0	  5	21828	  0
06-05-2015	07:07:28	<-	L	00000000	 21	 84	 68	 49	  0	263	  0	  4	  4	  4	  4	  4	  4	  4	  4	  0	  0	  0	  0	  0	  0	  0	  0	  0	  0	  0	  0	  0	  0	  0	  0	  0	  0	  0	  0	  0	  0	  0	  0	 84	 68	 49	 79	  0	 60	  0	  0	  0	  0	  0	  0	  0	  0	  0	  0	  0	  5	21828	  0
06-05-2015	07:12:28	<-	L	00000000	 21	 84	 68	 49	  0	268	  0	  4	  4	  4	  4	  4	  4	  4	  4	  0	  0	  0	  0	  0	  0	  0	  0	  0	  0	  0	  0	  0	  0	  0	  0	  0	  0	  0	  0	  0	  0	  0	  0	 84	 68	 49	 80	  0	 58	  0	  0	  0	  0	  0	  0	  0	  0	  0	  0	  0	  5	21828	  0
06-05-2015	07:17:28	<-	L	00000000	 21	 84	 68	 49	  0	273	  0	  4	  4	  4	  4	  4	  4	  4	  4	  0	  0	  0	  0	  0	  0	  0	  0	  0	  0	  0	  0	  0	  0	  0	  0	  0	  0	  0	  0	  0	  0	  0	  0	 84	 68	 49	 79	  0	 60	  0	  0	  0	  0	  0	  0	  0	  0	  0	  0	  0	  5	21828	  0
06-05-2015	07:22:28	<-	L	00000000	 21	 84	 68	 49	  0	278	  0	  4	  4	  4	  4	  4	  4	  4	  4	  0	  0	  0	  0	  0	  0	  0	  0	  0	  0	  0	  0	  0	  0	  0	  0	  0	  0	  0	  0	  0	  0	  0	  0	 84	 68	 49	 80	  0	 58	  0	  0	  0	  0	  0	  0	  0	  0	  0	  0	  0	  5	21828	  0
06-05-2015	07:27:28	<-	L	00000000	 21	 84	 68	 49	  0	283	  0	  4	  4	  4	  4	  4	  4	  4	  4	  0	  0	  0	  0	  0	  0	  0	  0	  0	  0	  0	  0	  0	  0	  0	  0	  0	  0	  0	  0	  0	  0	  0	  0	 84	 68	 49	 80	  0	 58	  0	  0	  0	  0	  0	  0	  0	  0	  0	  0	  0	  5	21828	  0
06-05-2015	07:32:28	<-	L	00000000	 21	 83	 68	 51	  0	288	  0	  4	  4	  4	  4	  4	  4	  4	  4	  0	  0	  0	  0	  0	  0	  0	  0	  0	  0	  0	  0	  0	  0	  0	  0	  0	  0	  0	  0	  0	  0	  0	  0	 83	 68	 51	 79	  0	 60	  0	  0	  0	  0	  0	  0	  0	  0	  0	  0	  0	  5	21828	  0
06-05-2015	07:37:28	<-	L	00000000	 21	 83	 68	 51	  0	293	  0	  4	  4	  4	  4	  4	  4	  4	  4	  0	  0	  0	  0	  0	  0	  0	  0	  0	  0	  0	  0	  0	  0	  0	  0	  0	  0	  0	  0	  0	  0	  0	  0	 83	 68	 51	 79	  0	 60	  0	  0	  0	  0	  0	  0	  0	  0	  0	  0	  0	  5	21828	  0
06-05-2015	07:42:28	<-	L	00000000	 21	 83	 68	 51	  0	298	  0	  4	  4	  4	  4	  4	  4	  4	  4	  0	  0	  0	  0	  0	  0	  0	  0	  0	  0	  0	  0	  0	  0	  0	  0	  0	  0	  0	  0	  0	  0	  0	  0	 83	 68	 51	 79	  0	 60	  0	  0	  0	  0	  0	  0	  0	  0	  0	  0	  0	  5	21828	  0
06-05-2015	07:47:28	<-	L	00000000	 22	 82	 68	 52	  0	  2	  0	  4	  4	  4	  4	  4	  4	  4	  4	  0	  0	  0	  0	  0	  0	  0	  0	  0	  0	  0	  0	  0	  0	  0	  0	  0	  0	  0	  0	  0	  0	  0	  0	 82	 68	 52	 78	  0	 63	  0	  0	  0	  0	  0	  0	  0	  0	  0	  0	  0	  5	21826	  0
06-05-2015	07:52:28	<-	L	00000000	 22	 80	 66	 51	  0	  7	  0	  4	  4	  4	  4	  4	  4	  4	  4	  0	  0	  0	  0	  0	  0	  0	  0	  0	  0	  0	  0	  0	  0	  0	  0	  0	  0	  0	  0	  0	  0	  0	  0	 80	 66	 51	 77	  0	 59	  0	  0	  0	  0	  0	  0	  0	  0	  0	  0	  0	  5	21826	  0
06-05-2015	07:57:28	<-	L	00000000	 22	 79	 66	 54	  0	 12	  0	  4	  4	  4	  4	  4	  4	  4	  4	  0	  0	  0	  0	  0	  0	  0	  0	  0	  0	  0	  0	  0	  0	  0	  0	  0	  0	  0	  0	  0	  0	  0	  0	 79	 66	 54	 76	  0	 62	  0	  0	  0	  0	  0	  0	  0	  0	  0	  0	  0	  5	21826	  0
06-05-2015	08:02:28	<-	L	00000000	 22	 79	 66	 54	  0	 17	  0	  4	  4	  4	  4	  4	  4	  4	  4	  0	  0	  0	  0	  0	  0	  0	  0	  0	  0	  0	  0	  0	  0	  0	  0	  0	  0	  0	  0	  0	  0	  0	  0	 79	 66	 54	 76	  0	 62	  0	  0	  0	  0	  0	  0	  0	  0	  0	  0	  0	  5	21826	  0
06-05-2015	08:07:28	<-	L	00000000	 22	 79	 65	 54	  0	 22	  0	  4	  4	  4	  4	  4	  4	  4	  4	  0	  0	  0	  0	  0	  0	  0	  0	  0	  0	  0	  0	  0	  0	  0	  0	  0	  0	  0	  0	  0	  0	  0	  0	 79	 65	 51	 76	  0	 59	  0	  0	  0	  0	  0	  0	  0	  0	  0	  0	  0	  5	21826	  0
06-05-2015	08:12:28	<-	L	00000000	 22	 79	 66	 54	  0	 27	  0	  4	  4	  4	  4	  4	  4	  4	  4	  0	  0	  0	  0	  0	  0	  0	  0	  0	  0	  0	  0	  0	  0	  0	  0	  0	  0	  0	  0	  0	  0	  0	  0	 79	 66	 54	 76	  0	 62	  0	  0	  0	  0	  0	  0	  0	  0	  0	  0	  0	  5	21826	  0
06-05-2015	08:17:29	<-	L	00000000	 22	 79	 66	 54	  0	 32	  0	  4	  4	  4	  4	  4	  4	  4	  4	  0	  0	  0	  0	  0	  0	  0	  0	  0	  0	  0	  0	  0	  0	  0	  0	  0	  0	  0	  0	  0	  0	  0	  0	 79	 66	 54	 76	  0	 62	  0	  0	  0	  0	  0	  0	  0	  0	  0	  0	  0	  5	21826	  0
06-05-2015	08:22:28	<-	L	00000000	 22	 79	 66	 54	  0	 37	  0	  4	  4	  4	  4	  4	  4	  4	  4	  0	  0	  0	  0	  0	  0	  0	  0	  0	  0	  0	  0	  0	  0	  0	  0	  0	  0	  0	  0	  0	  0	  0	  0	 79	 66	 54	 76	  0	 62	  0	  0	  0	  0	  0	  0	  0	  0	  0	  0	  0	  5	21826	  0
06-05-2015	08:27:28	<-	L	00000000	 22	 79	 66	 54	  0	 42	  0	  4	  4	  4	  4	  4	  4	  4	  4	  0	  0	  0	  0	  0	  0	  0	  0	  0	  0	  0	  0	  0	  0	  0	  0	  0	  0	  0	  0	  0	  0	  0	  0	 79	 66	 54	 77	  0	 59	  0	  0	  0	  0	  0	  0	  0	  0	  0	  0	  0	  5	21826	  0
06-05-2015	08:32:29	<-	L	00000000	 22	 80	 66	 51	  0	 47	  0	  4	  4	  4	  4	  4	  4	  4	  4	  0	  0	  0	  0	  0	  0	  0	  0	  0	  0	  0	  0	  0	  0	  0	  0	  0	  0	  0	  0	  0	  0	  0	  0	 80	 66	 51	 77	  0	 59	  0	  0	  0	  0	  0	  0	  0	  0	  0	  0	  0	  5	21826	  0
06-05-2015	08:37:29	<-	L	00000000	 22	 81	 66	 51	  0	 52	  0	  4	  4	  4	  4	  4	  4	  4	  4	  0	  0	  0	  0	  0	  0	  0	  0	  0	  0	  0	  0	  0	  0	  0	  0	  0	  0	  0	  0	  0	  0	  0	  0	 81	 66	 50	 75	  0	 65	  0	  0	  0	  0	  0	  0	  0	  0	  0	  0	  0	  5	21826	  0
06-05-2015	08:42:29	<-	L	00000000	 22	 84	 66	 45	  0	 57	  0	  4	  4	  4	  4	  4	  4	  4	  4	  0	  0	  0	  0	  0	  0	  0	  0	  0	  0	  0	  0	  0	  0	  0	  0	  0	  0	  0	  0	  0	  0	  0	  0	 84	 66	 44	 76	  0	 62	  0	  0	  0	  0	  0	  0	  0	  0	  0	  0	  0	  5	21826	  0
06-05-2015	08:47:29	<-	L	00000000	 22	 86	 66	 40	  0	 62	  0	  4	  4	  4	  4	  4	  4	  4	  4	  0	  0	  0	  0	  0	  0	  0	  0	  0	  0	  0	  0	  0	  0	  0	  0	  0	  0	  0	  0	  0	  0	  0	  0	 86	 66	 40	 77	  0	 59	  0	  0	  0	  0	  0	  0	  0	  0	  0	  0	  0	  5	21826	  0
06-05-2015	08:52:29	<-	L	00000000	 22	 81	 66	 47	  0	 67	  0	  4	  4	  4	  4	  4	  4	  4	  4	  0	  0	  0	  0	  0	  0	  0	  0	  0	  0	  0	  0	  0	  0	  0	  0	  0	  0	  0	  0	  0	  0	  0	  0	 81	 66	 50	 74	  0	 69	  0	  0	  0	  0	  0	  0	  0	  0	  0	  0	  0	  5	21826	  0
06-05-2015	08:57:29	->	L	00000000	 22	 76	 64	 59	  0	 72	  0	  4	  4	  4	  4	  4	  4	  4	  4	  0	  0	  0	  0	  0	  0	  0	  0	  0	  0	  0	  0	  0	  0	  0	  0	  0	  0	  0	  0	  0	  0	  0	  0	 76	 64	 56	 74	  0	 62	  0	  0	  0	  0	  0	  0	  0	  0	  0	  0	  0	  5	21826	  0
06-05-2015	09:02:29	->	L	00000000	 22	 84	 64	 39	  0	 77	  0	  4	  4	  4	  4	  4	  4	  4	  4	  0	  0	  0	  0	  0	  0	  0	  0	  0	  0	  0	  0	  0	  0	  0	  0	  0	  0	  0	  0	  0	  0	  0	  0	 76	 64	 56	 84	  0	 39	  0	  0	  0	  0	  0	  0	  0	  0	  0	  0	  0	  5	21826	  0
06-05-2015	09:07:29	->	L	00000000	 22	 86	 65	 37	  0	 82	  0	  4	  4	  4	  4	  4	  4	  4	  4	  0	  0	  0	  0	  0	  0	  0	  0	  0	  0	  0	  0	  0	  0	  0	  0	  0	  0	  0	  0	  0	  0	  0	  0	 77	 65	 57	 86	  0	 37	  0	  0	  0	  0	  0	  0	  0	  0	  0	  0	  0	  5	21826	  0
06-05-2015	09:12:29	->	L	00000000	 22	 81	 64	 43	  0	 87	  0	  4	  4	  4	  4	  4	  4	  4	  4	  0	  0	  0	  0	  0	  0	  0	  0	  0	  0	  0	  0	  0	  0	  0	  0	  0	  0	  0	  0	  0	  0	  0	  0	 74	 64	 62	 81	  0	 44	  0	  0	  0	  0	  0	  0	  0	  0	  0	  0	  0	  5	21826	  0
06-05-2015	09:17:29	->	L	00000000	 22	 85	 65	 41	  0	 92	  0	  4	  4	  4	  4	  4	  4	  4	  4	  0	  0	  0	  0	  0	  0	  0	  0	  0	  0	  0	  0	  0	  0	  0	  0	  0	  0	  0	  0	  0	  0	  0	  0	 76	 65	 59	 85	  0	 40	  0	  0	  0	  0	  0	  0	  0	  0	  0	  0	  0	  5	21826	  0
06-05-2015	09:22:30	->	L	00000000	 22	 89	 65	 34	  0	 97	  0	  4	  4	  4	  4	  4	  4	  4	  4	  0	  0	  0	  0	  0	  0	  0	  0	  0	  0	  0	  0	  0	  0	  0	  0	  0	  0	  0	  0	  0	  0	  0	  0	 78	 65	 54	 89	  0	 34	  0	  0	  0	  0	  0	  0	  0	  0	  0	  0	  0	  5	21826	  0
06-05-2015	09:27:30	->	L	00000000	 22	 84	 65	 40	  0	102	  0	  4	  4	  4	  4	  4	  4	  4	  4	  0	  0	  0	  0	  0	  0	  0	  0	  0	  0	  0	  0	  0	  0	  0	  0	  0	  0	  0	  0	  0	  0	  0	  0	 76	 65	 59	 84	  0	 41	  0	  0	  0	  0	  0	  0	  0	  0	  0	  0	  0	  5	21826	  0
06-05-2015	09:32:29	->	L	00000000	 22	 82	 65	 47	  0	107	  0	  4	  4	  4	  4	  4	  4	  4	  4	  0	  0	  0	  0	  0	  0	  0	  0	  0	  0	  0	  0	  0	  0	  0	  0	  0	  0	  0	  0	  0	  0	  0	  0	 74	 65	 65	 82	  0	 45	  0	  0	  0	  0	  0	  0	  0	  0	  0	  0	  0	  5	21826	  0
06-05-2015	09:37:29	->	L	00000000	 22	 89	 65	 34	  0	112	  0	  4	  4	  4	  4	  4	  4	  4	  4	  0	  0	  0	  0	  0	  0	  0	  0	  0	  0	  0	  0	  0	  0	  0	  0	  0	  0	  0	  0	  0	  0	  0	  0	 78	 65	 54	 89	  0	 34	  0	  0	  0	  0	  0	  0	  0	  0	  0	  0	  0	  5	21826	  0
06-05-2015	09:42:30	->	L	00000000	 22	 86	 65	 37	  0	117	  0	  4	  4	  4	  4	  4	  4	  4	  4	  0	  0	  0	  0	  0	  0	  0	  0	  0	  0	  0	  0	  0	  0	  0	  0	  0	  0	  0	  0	  0	  0	  0	  0	 76	 65	 59	 86	  0	 37	  0	  0	  0	  0	  0	  0	  0	  0	  0	  0	  0	  5	21826	  0
06-05-2015	09:47:30	->	L	00000000	 22	 82	 65	 45	  0	122	  0	  4	  4	  4	  4	  4	  4	  4	  4	  0	  0	  0	  0	  0	  0	  0	  0	  0	  0	  0	  0	  0	  0	  0	  0	  0	  0	  0	  0	  0	  0	  0	  0	 73	 65	 68	 82	  0	 45	  0	  0	  0	  0	  0	  0	  0	  0	  0	  0	  0	  5	21826	  0
06-05-2015	09:52:30	->	L	00000000	 22	 87	 65	 37	  0	127	  0	  4	  4	  4	  4	  4	  4	  4	  4	  0	  0	  0	  0	  0	  0	  0	  0	  0	  0	  0	  0	  0	  0	  0	  0	  0	  0	  0	  0	  0	  0	  0	  0	 76	 65	 59	 87	  0	 37	  0	  0	  0	  0	  0	  0	  0	  0	  0	  0	  0	  5	21826	  0
06-05-2015	09:57:30	->	L	00000000	 22	 88	 66	 34	  0	132	  0	  4	  4	  4	  4	  4	  4	  4	  4	  0	  0	  0	  0	  0	  0	  0	  0	  0	  0	  0	  0	  0	  0	  0	  0	  0	  0	  0	  0	  0	  0	  0	  0	 77	 66	 59	 88	  0	 37	  0	  0	  0	  0	  0	  0	  0	  0	  0	  0	  0	  5	21826	  0
06-05-2015	10:02:30	->	L	00000000	 22	 84	 65	 42	  0	137	  0	  4	  4	  4	  4	  4	  4	  4	  4	  0	  0	  0	  0	  0	  0	  0	  0	  0	  0	  0	  0	  0	  0	  0	  0	  0	  0	  0	  0	  0	  0	  0	  0	 74	 65	 65	 84	  0	 41	  0	  0	  0	  0	  0	  0	  0	  0	  0	  0	  0	  5	21826	  0
06-05-2015	10:07:30	->	L	00000000	 22	 82	 65	 45	  0	142	  0	  4	  4	  4	  4	  4	  4	  4	  4	  0	  0	  0	  0	  0	  0	  0	  0	  0	  0	  0	  0	  0	  0	  0	  0	  0	  0	  0	  0	  0	  0	  0	  0	 73	 65	 68	 82	  0	 45	  0	  0	  0	  0	  0	  0	  0	  0	  0	  0	  0	  5	21826	  0
06-05-2015	10:12:30	->	L	00000000	 22	 89	 66	 37	  0	147	  0	  4	  4	  4	  4	  4	  4	  4	  4	  0	  0	  0	  0	  0	  0	  0	  0	  0	  0	  0	  0	  0	  0	  0	  0	  0	  0	  0	  0	  0	  0	  0	  0	 77	 66	 59	 89	  0	 34	  0	  0	  0	  0	  0	  0	  0	  0	  0	  0	  0	  5	21826	  0
06-05-2015	10:17:30	->	L	00000000	 22	 88	 66	 37	  0	152	  0	  4	  4	  4	  4	  4	  4	  4	  4	  0	  0	  0	  0	  0	  0	  0	  0	  0	  0	  0	  0	  0	  0	  0	  0	  0	  0	  0	  0	  0	  0	  0	  0	 77	 66	 59	 88	  0	 37	  0	  0	  0	  0	  0	  0	  0	  0	  0	  0	  0	  5	21826	  0
06-05-2015	10:22:30	->	L	00000000	 22	 82	 66	 45	  0	157	  0	  4	  4	  4	  4	  4	  4	  4	  4	  0	  0	  0	  0	  0	  0	  0	  0	  0	  0	  0	  0	  0	  0	  0	  0	  0	  0	  0	  0	  0	  0	  0	  0	 74	 66	 69	 82	  0	 48	  0	  0	  0	  0	  0	  0	  0	  0	  0	  0	  0	  5	21826	  0
06-05-2015	10:27:30	->	L	00000000	 22	 85	 66	 44	  0	162	  0	  4	  4	  4	  4	  4	  4	  4	  4	  0	  0	  0	  0	  0	  0	  0	  0	  0	  0	  0	  0	  0	  0	  0	  0	  0	  0	  0	  0	  0	  0	  0	  0	 75	 66	 65	 85	  0	 42	  0	  0	  0	  0	  0	  0	  0	  0	  0	  0	  0	  5	21826	  0
06-05-2015	10:32:30	->	L	00000000	 22	 89	 66	 37	  0	167	  0	  4	  4	  4	  4	  4	  4	  4	  4	  0	  0	  0	  0	  0	  0	  0	  0	  0	  0	  0	  0	  0	  0	  0	  0	  0	  0	  0	  0	  0	  0	  0	  0	 78	 67	 57	 89	  0	 34	  0	  0	  0	  0	  0	  0	  0	  0	  0	  0	  0	  5	21826	  0
06-05-2015	10:37:30	->	L	00000000	 22	 86	 66	 37	  0	172	  0	  4	  4	  4	  4	  4	  4	  4	  4	  0	  0	  0	  0	  0	  0	  0	  0	  0	  0	  0	  0	  0	  0	  0	  0	  0	  0	  0	  0	  0	  0	  0	  0	 77	 66	 59	 86	  0	 40	  0	  0	  0	  0	  0	  0	  0	  0	  0	  0	  0	  5	21826	  0
06-05-2015	10:42:30	->	L	00000000	 22	 81	 66	 48	  0	177	  0	  4	  4	  4	  4	  4	  4	  4	  4	  0	  0	  0	  0	  0	  0	  0	  0	  0	  0	  0	  0	  0	  0	  0	  0	  0	  0	  0	  0	  0	  0	  0	  0	 74	 66	 69	 81	  0	 50	  0	  0	  0	  0	  0	  0	  0	  0	  0	  0	  0	  5	21826	  0
06-05-2015	10:47:30	->	L	00000000	 22	 87	 66	 40	  0	182	  0	  4	  4	  4	  4	  4	  4	  4	  4	  0	  0	  0	  0	  0	  0	  0	  0	  0	  0	  0	  0	  0	  0	  0	  0	  0	  0	  0	  0	  0	  0	  0	  0	 76	 66	 62	 87	  0	 37	  0	  0	  0	  0	  0	  0	  0	  0	  0	  0	  0	  5	21826	  0
06-05-2015	10:52:31	->	L	00000000	 22	 89	 67	 38	  0	187	  0	  4	  4	  4	  4	  4	  4	  4	  4	  0	  0	  0	  0	  0	  0	  0	  0	  0	  0	  0	  0	  0	  0	  0	  0	  0	  0	  0	  0	  0	  0	  0	  0	 78	 67	 60	 89	  0	 38	  0	  0	  0	  0	  0	  0	  0	  0	  0	  0	  0	  5	21826	  0
06-05-2015	10:57:31	->	L	00000000	 22	 84	 66	 44	  0	192	  0	  4	  4	  4	  4	  4	  4	  4	  4	  0	  0	  0	  0	  0	  0	  0	  0	  0	  0	  0	  0	  0	  0	  0	  0	  0	  0	  0	  0	  0	  0	  0	  0	 76	 66	 62	 84	  0	 44	  0	  0	  0	  0	  0	  0	  0	  0	  0	  0	  0	  5	21826	  0
06-05-2015	11:02:31	->	L	00000000	 22	 84	 66	 45	  0	197	  0	  4	  4	  4	  4	  4	  4	  4	  4	  0	  0	  0	  0	  0	  0	  0	  0	  0	  0	  0	  0	  0	  0	  0	  0	  0	  0	  0	  0	  0	  0	  0	  0	 75	 66	 65	 84	  0	 45	  0	  0	  0	  0	  0	  0	  0	  0	  0	  0	  0	  5	21826	  0
06-05-2015	11:07:31	->	L	00000000	 22	 89	 66	 37	  0	202	  0	  4	  4	  4	  4	  4	  4	  4	  4	  0	  0	  0	  0	  0	  0	  0	  0	  0	  0	  0	  0	  0	  0	  0	  0	  0	  0	  0	  0	  0	  0	  0	  0	 78	 66	 57	 89	  0	 34	  0	  0	  0	  0	  0	  0	  0	  0	  0	  0	  0	  5	21826	  0
06-05-2015	11:12:31	->	L	00000000	 22	 87	 66	 37	  0	207	  0	  4	  4	  4	  4	  4	  4	  4	  4	  0	  0	  0	  0	  0	  0	  0	  0	  0	  0	  0	  0	  0	  0	  0	  0	  0	  0	  0	  0	  0	  0	  0	  0	 78	 66	 57	 87	  0	 37	  0	  0	  0	  0	  0	  0	  0	  0	  0	  0	  0	  5	21826	  0
06-05-2015	11:17:31	->	L	00000000	 22	 82	 66	 44	  0	212	  0	  4	  4	  4	  4	  4	  4	  4	  4	  0	  0	  0	  0	  0	  0	  0	  0	  0	  0	  0	  0	  0	  0	  0	  0	  0	  0	  0	  0	  0	  0	  0	  0	 75	 66	 65	 82	  0	 45	  0	  0	  0	  0	  0	  0	  0	  0	  0	  0	  0	  5	21826	  0
06-05-2015	11:22:31	->	L	00000000	 22	 84	 66	 45	  0	217	  0	  4	  4	  4	  4	  4	  4	  4	  4	  0	  0	  0	  0	  0	  0	  0	  0	  0	  0	  0	  0	  0	  0	  0	  0	  0	  0	  0	  0	  0	  0	  0	  0	 75	 66	 65	 84	  0	 44	  0	  0	  0	  0	  0	  0	  0	  0	  0	  0	  0	  5	21826	  0
06-05-2015	11:27:32	->	L	00000000	 22	 86	 67	 34	  0	222	  0	  4	  4	  4	  4	  4	  4	  4	  4	  0	  0	  0	  0	  0	  0	  0	  0	  0	  0	  0	  0	  0	  0	  0	  0	  0	  0	  0	  0	  0	  0	  0	  0	 79	 67	 57	 86	  0	 42	  0	  0	  0	  0	  0	  0	  0	  0	  0	  0	  0	  5	21826	  0
06-05-2015	11:32:31	->	L	00000000	 22	 85	 66	 44	  0	227	  0	  4	  4	  4	  4	  4	  4	  4	  4	  0	  0	  0	  0	  0	  0	  0	  0	  0	  0	  0	  0	  0	  0	  0	  0	  0	  0	  0	  0	  0	  0	  0	  0	 76	 66	 62	 85	  0	 42	  0	  0	  0	  0	  0	  0	  0	  0	  0	  0	  0	  5	21826	  0
06-05-2015	11:37:31	->	L	00000000	 22	 90	 66	 35	  0	232	  0	  4	  4	  4	  4	  4	  4	  4	  4	  0	  0	  0	  0	  0	  0	  0	  0	  0	  0	  0	  0	  0	  0	  0	  0	  0	  0	  0	  0	  0	  0	  0	  0	 79	 66	 54	 90	  0	 35	  0	  0	  0	  0	  0	  0	  0	  0	  0	  0	  0	  5	21826	  0
06-05-2015	11:42:31	->	L	00000000	 22	 86	 66	 37	  0	237	  0	  4	  4	  4	  4	  4	  4	  4	  4	  0	  0	  0	  0	  0	  0	  0	  0	  0	  0	  0	  0	  0	  0	  0	  0	  0	  0	  0	  0	  0	  0	  0	  0	 78	 66	 57	 86	  0	 40	  0	  0	  0	  0	  0	  0	  0	  0	  0	  0	  0	  5	21826	  0
06-05-2015	11:47:31	->	L	00000000	 22	 82	 65	 48	  0	242	  0	  4	  4	  4	  4	  4	  4	  4	  4	  0	  0	  0	  0	  0	  0	  0	  0	  0	  0	  0	  0	  0	  0	  0	  0	  0	  0	  0	  0	  0	  0	  0	  0	 75	 65	 62	 82	  0	 45	  0	  0	  0	  0	  0	  0	  0	  0	  0	  0	  0	  5	21826	  0
06-05-2015	11:52:31	->	L	00000000	 22	 77	 66	 62	  0	247	  0	  4	  4	  4	  4	  4	  4	  4	  4	  0	  0	  0	  0	  0	  0	  0	  0	  0	  0	  0	  0	  0	  0	  0	  0	  0	  0	  0	  0	  0	  0	  0	  0	 77	 66	 59	 74	  0	 69	  0	  0	  0	  0	  0	  0	  0	  0	  0	  0	  0	  5	21826	  0
06-05-2015	11:57:31	  	L	00000000	 22	 81	 68	 52	  0	252	  0	  4	  4	  4	  4	  4	  4	  4	  4	  0	  0	  0	  0	  0	  0	  0	  0	  0	  0	  0	  0	  0	  0	  0	  0	  0	  0	  0	  0	  0	  0	  0	  0	 75	 68	 72	 81	  0	 55	  0	  0	  0	  0	  0	  0	  0	  0	  0	  0	  0	  5	21826	  0
06-05-2015	12:02:31	<-	L	00000000	 22	 87	 68	 41	  0	257	  0	  4	  4	  4	  4	  4	  4	  4	  4	  0	  0	  0	  0	  0	  0	  0	  0	  0	  0	  0	  0	  0	  0	  0	  0	  0	  0	  0	  0	  0	  0	  0	  0	 87	 68	 43	 79	  0	 60	  0	  0	  0	  0	  0	  0	  0	  0	  0	  0	  0	  5	21826	  0
06-05-2015	12:07:32	<-	L	00000000	 22	 80	 66	 51	  0	262	  0	  4	  4	  4	  4	  4	  4	  4	  4	  0	  0	  0	  0	  0	  0	  0	  0	  0	  0	  0	  0	  0	  0	  0	  0	  0	  0	  0	  0	  0	  0	  0	  0	 80	 66	 51	 75	  0	 65	  0	  0	  0	  0	  0	  0	  0	  0	  0	  0	  0	  5	21826	  0
06-05-2015	12:12:32	<-	L	00000000	 22	 87	 66	 40	  0	267	  0	  4	  4	  4	  4	  4	  4	  4	  4	  0	  0	  0	  0	  0	  0	  0	  0	  0	  0	  0	  0	  0	  0	  0	  0	  0	  0	  0	  0	  0	  0	  0	  0	 87	 66	 37	 77	  0	 59	  0	  0	  0	  0	  0	  0	  0	  0	  0	  0	  0	  5	21826	  0
06-05-2015	12:17:32	<-	L	00000000	 22	 85	 66	 40	  0	272	  0	  4	  4	  4	  4	  4	  4	  4	  4	  0	  0	  0	  0	  0	  0	  0	  0	  0	  0	  0	  0	  0	  0	  0	  0	  0	  0	  0	  0	  0	  0	  0	  0	 85	 66	 42	 77	  0	 59	  0	  0	  0	  0	  0	  0	  0	  0	  0	  0	  0	  5	21826	  0
06-05-2015	12:22:32	<-	L	00000000	 22	 80	 65	 50	  0	277	  0	  4	  4	  4	  4	  4	  4	  4	  4	  0	  0	  0	  0	  0	  0	  0	  0	  0	  0	  0	  0	  0	  0	  0	  0	  0	  0	  0	  0	  0	  0	  0	  0	 80	 65	 50	 74	  0	 65	  0	  0	  0	  0	  0	  0	  0	  0	  0	  0	  0	  5	21826	  0
06-05-2015	12:27:32	<-	L	00000000	 22	 86	 66	 40	  0	282	  0	  4	  4	  4	  4	  4	  4	  4	  4	  0	  0	  0	  0	  0	  0	  0	  0	  0	  0	  0	  0	  0	  0	  0	  0	  0	  0	  0	  0	  0	  0	  0	  0	 86	 66	 40	 77	  0	 59	  0	  0	  0	  0	  0	  0	  0	  0	  0	  0	  0	  5	21826	  0
06-05-2015	12:32:32	<-	L	00000000	 22	 85	 66	 37	  0	287	  0	  4	  4	  4	  4	  4	  4	  4	  4	  0	  0	  0	  0	  0	  0	  0	  0	  0	  0	  0	  0	  0	  0	  0	  0	  0	  0	  0	  0	  0	  0	  0	  0	 85	 66	 42	 77	  0	 59	  0	  0	  0	  0	  0	  0	  0	  0	  0	  0	  0	  5	21826	  0
06-05-2015	12:37:32	<-	L	00000000	 22	 81	 65	 47	  0	292	  0	  4	  4	  4	  4	  4	  4	  4	  4	  0	  0	  0	  0	  0	  0	  0	  0	  0	  0	  0	  0	  0	  0	  0	  0	  0	  0	  0	  0	  0	  0	  0	  0	 81	 65	 47	 75	  0	 62	  0	  0	  0	  0	  0	  0	  0	  0	  0	  0	  0	  5	21826	  0
06-05-2015	12:42:32	<-	L	00000000	 22	 85	 66	 44	  0	297	  0	  4	  4	  4	  4	  4	  4	  4	  4	  0	  0	  0	  0	  0	  0	  0	  0	  0	  0	  0	  0	  0	  0	  0	  0	  0	  0	  0	  0	  0	  0	  0	  0	 85	 66	 42	 77	  0	 59	  0	  0	  0	  0	  0	  0	  0	  0	  0	  0	  0	  5	21826	  0
06-05-2015	12:47:33	<-	L	00000000	 23	 87	 66	 37	  0	  1	  0	  4	  4	  4	  4	  4	  4	  4	  4	  0	  0	  0	  0	  0	  0	  0	  0	  0	  0	  0	  0	  0	  0	  0	  0	  0	  0	  0	  0	  0	  0	  0	  0	 87	 66	 37	 78	  0	 57	  0	  0	  0	  0	  0	  0	  0	  0	  0	  0	  0	  5	21825	  0
06-05-2015	12:52:32	<-	L	00000000	 23	 83	 65	 40	  0	  6	  0	  4	  4	  4	  4	  4	  4	  4	  4	  0	  0	  0	  0	  0	  0	  0	  0	  0	  0	  0	  0	  0	  0	  0	  0	  0	  0	  0	  0	  0	  0	  0	  0	 83	 65	 44	 76	  0	 59	  0	  0	  0	  0	  0	  0	  0	  0	  0	  0	  0	  5	21825	  0
06-05-2015	12:57:32	<-	L	00000000	 23	 80	 64	 47	  0	 11	  0	  4	  4	  4	  4	  4	  4	  4	  4	  0	  0	  0	  0	  0	  0	  0	  0	  0	  0	  0	  0	  0	  0	  0	  0	  0	  0	  0	  0	  0	  0	  0	  0	 80	 64	 47	 74	  0	 62	  0	  0	  0	  0	  0	  0	  0	  0	  0	  0	  0	  5	21825	  0
06-05-2015	13:02:32	<-	L	00000000	 23	 85	 65	 41	  0	 16	  0	  4	  4	  4	  4	  4	  4	  4	  4	  0	  0	  0	  0	  0	  0	  0	  0	  0	  0	  0	  0	  0	  0	  0	  0	  0	  0	  0	  0	  0	  0	  0	  0	 85	 65	 40	 76	  0	 59	  0	  0	  0	  0	  0	  0	  0	  0	  0	  0	  0	  5	21825	  0
06-05-2015	13:07:32	<-	L	00000000	 23	 87	 65	 37	  0	 21	  0	  4	  4	  4	  4	  4	  4	  4	  4	  0	  0	  0	  0	  0	  0	  0	  0	  0	  0	  0	  0	  0	  0	  0	  0	  0	  0	  0	  0	  0	  0	  0	  0	 87	 65	 37	 78	  0	 54	  0	  0	  0	  0	  0	  0	  0	  0	  0	  0	  0	  5	21825	  0
06-05-2015	13:12:32	<-	L	00000000	 23	 83	 65	 41	  0	 26	  0	  4	  4	  4	  4	  4	  4	  4	  4	  0	  0	  0	  0	  0	  0	  0	  0	  0	  0	  0	  0	  0	  0	  0	  0	  0	  0	  0	  0	  0	  0	  0	  0	 83	 65	 44	 76	  0	 59	  0	  0	  0	  0	  0	  0	  0	  0	  0	  0	  0	  5	21825	  0
06-05-2015	13:17:32	<-	L	00000000	 23	 82	 65	 45	  0	 31	  0	  4	  4	  4	  4	  4	  4	  4	  4	  0	  0	  0	  0	  0	  0	  0	  0	  0	  0	  0	  0	  0	  0	  0	  0	  0	  0	  0	  0	  0	  0	  0	  0	 82	 65	 45	 75	  0	 62	  0	  0	  0	  0	  0	  0	  0	  0	  0	  0	  0	  5	21825	  0
06-05-2015	13:22:33	<-	L	00000000	 23	 86	 65	 37	  0	 36	  0	  4	  4	  4	  4	  4	  4	  4	  4	  0	  0	  0	  0	  0	  0	  0	  0	  0	  0	  0	  0	  0	  0	  0	  0	  0	  0	  0	  0	  0	  0	  0	  0	 86	 65	 37	 77	  0	 57	  0	  0	  0	  0	  0	  0	  0	  0	  0	  0	  0	  5	21825	  0
06-05-2015	13:27:33	<-	L	00000000	 23	 86	 65	 37	  0	 41	  0	  4	  4	  4	  4	  4	  4	  4	  4	  0	  0	  0	  0	  0	  0	  0	  0	  0	  0	  0	  0	  0	  0	  0	  0	  0	  0	  0	  0	  0	  0	  0	  0	 86	 65	 37	 77	  0	 57	  0	  0	  0	  0	  0	  0	  0	  0	  0	  0	  0	  5	21825	  0
06-05-2015	13:32:33	<-	L	00000000	 23	 80	 64	 47	  0	 46	  0	  4	  4	  4	  4	  4	  4	  4	  4	  0	  0	  0	  0	  0	  0	  0	  0	  0	  0	  0	  0	  0	  0	  0	  0	  0	  0	  0	  0	  0	  0	  0	  0	 80	 64	 47	 74	  0	 62	  0	  0	  0	  0	  0	  0	  0	  0	  0	  0	  0	  5	21825	  0
06-05-2015	13:37:33	<-	L	00000000	 23	 83	 65	 45	  0	 51	  0	  4	  4	  4	  4	  4	  4	  4	  4	  0	  0	  0	  0	  0	  0	  0	  0	  0	  0	  0	  0	  0	  0	  0	  0	  0	  0	  0	  0	  0	  0	  0	  0	 83	 65	 44	 75	  0	 62	  0	  0	  0	  0	  0	  0	  0	  0	  0	  0	  0	  5	21825	  0
06-05-2015	13:42:33	<-	L	00000000	 23	 87	 65	 37	  0	 56	  0	  4	  4	  4	  4	  4	  4	  4	  4	  0	  0	  0	  0	  0	  0	  0	  0	  0	  0	  0	  0	  0	  0	  0	  0	  0	  0	  0	  0	  0	  0	  0	  0	 87	 65	 37	 77	  0	 57	  0	  0	  0	  0	  0	  0	  0	  0	  0	  0	  0	  5	21825	  0
06-05-2015	13:47:33	<-	L	00000000	 23	 85	 65	 37	  0	 61	  0	  4	  4	  4	  4	  4	  4	  4	  4	  0	  0	  0	  0	  0	  0	  0	  0	  0	  0	  0	  0	  0	  0	  0	  0	  0	  0	  0	  0	  0	  0	  0	  0	 85	 65	 40	 77	  0	 57	  0	  0	  0	  0	  0	  0	  0	  0	  0	  0	  0	  5	21825	  0
06-05-2015	13:52:34	<-	L	00000000	 23	 80	 65	 47	  0	 66	  0	  4	  4	  4	  4	  4	  4	  4	  4	  0	  0	  0	  0	  0	  0	  0	  0	  0	  0	  0	  0	  0	  0	  0	  0	  0	  0	  0	  0	  0	  0	  0	  0	 80	 65	 50	 75	  0	 62	  0	  0	  0	  0	  0	  0	  0	  0	  0	  0	  0	  5	21825	  0
06-05-2015	13:57:33	<-	L	00000000	 23	 84	 65	 44	  0	 71	  0	  4	  4	  4	  4	  4	  4	  4	  4	  0	  0	  0	  0	  0	  0	  0	  0	  0	  0	  0	  0	  0	  0	  0	  0	  0	  0	  0	  0	  0	  0	  0	  0	 84	 65	 41	 76	  0	 59	  0	  0	  0	  0	  0	  0	  0	  0	  0	  0	  0	  5	21825	  0
06-05-2015	14:02:33	<-	L	00000000	 23	 88	 66	 37	  0	 76	  0	  4	  4	  4	  4	  4	  4	  4	  4	  0	  0	  0	  0	  0	  0	  0	  0	  0	  0	  0	  0	  0	  0	  0	  0	  0	  0	  0	  0	  0	  0	  0	  0	 88	 66	 37	 78	  0	 57	  0	  0	  0	  0	  0	  0	  0	  0	  0	  0	  0	  5	21825	  0
06-05-2015	14:07:33	<-	L	00000000	 23	 83	 65	 41	  0	 81	  0	  4	  4	  4	  4	  4	  4	  4	  4	  0	  0	  0	  0	  0	  0	  0	  0	  0	  0	  0	  0	  0	  0	  0	  0	  0	  0	  0	  0	  0	  0	  0	  0	 83	 65	 44	 76	  0	 59	  0	  0	  0	  0	  0	  0	  0	  0	  0	  0	  0	  5	21825	  0
06-05-2015	14:12:33	<-	L	00000000	 23	 83	 65	 45	  0	 86	  0	  4	  4	  4	  4	  4	  4	  4	  4	  0	  0	  0	  0	  0	  0	  0	  0	  0	  0	  0	  0	  0	  0	  0	  0	  0	  0	  0	  0	  0	  0	  0	  0	 83	 65	 44	 75	  0	 62	  0	  0	  0	  0	  0	  0	  0	  0	  0	  0	  0	  5	21825	  0
06-05-2015	14:17:33	<-	L	00000000	 23	 87	 65	 37	  0	 91	  0	  4	  4	  4	  4	  4	  4	  4	  4	  0	  0	  0	  0	  0	  0	  0	  0	  0	  0	  0	  0	  0	  0	  0	  0	  0	  0	  0	  0	  0	  0	  0	  0	 87	 65	 37	 78	  0	 54	  0	  0	  0	  0	  0	  0	  0	  0	  0	  0	  0	  5	21825	  0
06-05-2015	14:22:34	<-	L	00000000	 23	 86	 65	 37	  0	 96	  0	  4	  4	  4	  4	  4	  4	  4	  4	  0	  0	  0	  0	  0	  0	  0	  0	  0	  0	  0	  0	  0	  0	  0	  0	  0	  0	  0	  0	  0	  0	  0	  0	 86	 65	 37	 77	  0	 57	  0	  0	  0	  0	  0	  0	  0	  0	  0	  0	  0	  5	21825	  0
06-05-2015	14:27:34	<-	L	00000000	 23	 81	 65	 50	  0	101	  0	  4	  4	  4	  4	  4	  4	  4	  4	  0	  0	  0	  0	  0	  0	  0	  0	  0	  0	  0	  0	  0	  0	  0	  0	  0	  0	  0	  0	  0	  0	  0	  0	 81	 65	 47	 75	  0	 62	  0	  0	  0	  0	  0	  0	  0	  0	  0	  0	  0	  5	21825	  0
06-05-2015	14:32:34	<-	L	00000000	 23	 86	 65	 40	  0	106	  0	  4	  4	  4	  4	  4	  4	  4	  4	  0	  0	  0	  0	  0	  0	  0	  0	  0	  0	  0	  0	  0	  0	  0	  0	  0	  0	  0	  0	  0	  0	  0	  0	 86	 65	 37	 77	  0	 57	  0	  0	  0	  0	  0	  0	  0	  0	  0	  0	  0	  5	21825	  0
06-05-2015	14:37:34	<-	L	00000000	 23	 88	 65	 37	  0	111	  0	  4	  4	  4	  4	  4	  4	  4	  4	  0	  0	  0	  0	  0	  0	  0	  0	  0	  0	  0	  0	  0	  0	  0	  0	  0	  0	  0	  0	  0	  0	  0	  0	 88	 65	 34	 78	  0	 54	  0	  0	  0	  0	  0	  0	  0	  0	  0	  0	  0	  5	21825	  0
06-05-2015	14:42:34	<-	L	00000000	 23	 84	 65	 40	  0	116	  0	  4	  4	  4	  4	  4	  4	  4	  4	  0	  0	  0	  0	  0	  0	  0	  0	  0	  0	  0	  0	  0	  0	  0	  0	  0	  0	  0	  0	  0	  0	  0	  0	 84	 65	 41	 76	  0	 59	  0	  0	  0	  0	  0	  0	  0	  0	  0	  0	  0	  5	21825	  0
06-05-2015	14:47:34	<-	L	00000000	 23	 80	 64	 47	  0	121	  0	  4	  4	  4	  4	  4	  4	  4	  4	  0	  0	  0	  0	  0	  0	  0	  0	  0	  0	  0	  0	  0	  0	  0	  0	  0	  0	  0	  0	  0	  0	  0	  0	 80	 64	 47	 75	  0	 59	  0	  0	  0	  0	  0	  0	  0	  0	  0	  0	  0	  5	21825	  0
06-05-2015	14:52:34	<-	L	00000000	 23	 85	 65	 41	  0	126	  0	  4	  4	  4	  4	  4	  4	  4	  4	  0	  0	  0	  0	  0	  0	  0	  0	  0	  0	  0	  0	  0	  0	  0	  0	  0	  0	  0	  0	  0	  0	  0	  0	 85	 65	 40	 77	  0	 57	  0	  0	  0	  0	  0	  0	  0	  0	  0	  0	  0	  5	21825	  0
06-05-2015	14:57:34	<-	L	00000000	 23	 88	 66	 37	  0	131	  0	  4	  4	  4	  4	  4	  4	  4	  4	  0	  0	  0	  0	  0	  0	  0	  0	  0	  0	  0	  0	  0	  0	  0	  0	  0	  0	  0	  0	  0	  0	  0	  0	 88	 66	 37	 78	  0	 57	  0	  0	  0	  0	  0	  0	  0	  0	  0	  0	  0	  5	21825	  0
06-05-2015	15:02:34	->	L	00000000	 23	 84	 64	 41	  0	136	  0	  4	  4	  4	  4	  4	  4	  4	  4	  0	  0	  0	  0	  0	  0	  0	  0	  0	  0	  0	  0	  0	  0	  0	  0	  0	  0	  0	  0	  0	  0	  0	  0	 77	 64	 53	 84	  0	 39	  0	  0	  0	  0	  0	  0	  0	  0	  0	  0	  0	  5	21825	  0
06-05-2015	15:07:34	->	L	00000000	 23	 88	 64	 34	  0	141	  0	  4	  4	  4	  4	  4	  4	  4	  4	  0	  0	  0	  0	  0	  0	  0	  0	  0	  0	  0	  0	  0	  0	  0	  0	  0	  0	  0	  0	  0	  0	  0	  0	 80	 64	 49	 89	  0	 34	  0	  0	  0	  0	  0	  0	  0	  0	  0	  0	  0	  5	21825	  0
06-05-2015	15:12:34	->	L	00000000	 23	 87	 64	 34	  0	146	  0	  4	  4	  4	  4	  4	  4	  4	  4	  0	  0	  0	  0	  0	  0	  0	  0	  0	  0	  0	  0	  0	  0	  0	  0	  0	  0	  0	  0	  0	  0	  0	  0	 78	 64	 51	 87	  0	 33	  0	  0	  0	  0	  0	  0	  0	  0	  0	  0	  0	  5	21825	  0
06-05-2015	15:17:35	->	L	00000000	 23	 83	 64	 41	  0	151	  0	  4	  4	  4	  4	  4	  4	  4	  4	  0	  0	  0	  0	  0	  0	  0	  0	  0	  0	  0	  0	  0	  0	  0	  0	  0	  0	  0	  0	  0	  0	  0	  0	 76	 64	 56	 83	  0	 41	  0	  0	  0	  0	  0	  0	  0	  0	  0	  0	  0	  5	21825	  0
06-05-2015	15:22:35	->	L	00000000	 23	 85	 64	 39	  0	156	  0	  4	  4	  4	  4	  4	  4	  4	  4	  0	  0	  0	  0	  0	  0	  0	  0	  0	  0	  0	  0	  0	  0	  0	  0	  0	  0	  0	  0	  0	  0	  0	  0	 77	 64	 53	 85	  0	 37	  0	  0	  0	  0	  0	  0	  0	  0	  0	  0	  0	  5	21825	  0
06-05-2015	15:27:34	->	L	00000000	 23	 90	 65	 34	  0	161	  0	  4	  4	  4	  4	  4	  4	  4	  4	  0	  0	  0	  0	  0	  0	  0	  0	  0	  0	  0	  0	  0	  0	  0	  0	  0	  0	  0	  0	  0	  0	  0	  0	 79	 65	 51	 90	  0	 32	  0	  0	  0	  0	  0	  0	  0	  0	  0	  0	  0	  5	21825	  0
06-05-2015	15:32:34	->	L	00000000	 23	 87	 65	 34	  0	166	  0	  4	  4	  4	  4	  4	  4	  4	  4	  0	  0	  0	  0	  0	  0	  0	  0	  0	  0	  0	  0	  0	  0	  0	  0	  0	  0	  0	  0	  0	  0	  0	  0	 79	 65	 51	 87	  0	 37	  0	  0	  0	  0	  0	  0	  0	  0	  0	  0	  0	  5	21825	  0
06-05-2015	15:37:35	->	L	00000000	 23	 88	 65	 37	  0	171	  0	  4	  4	  4	  4	  4	  4	  4	  4	  0	  0	  0	  0	  0	  0	  0	  0	  0	  0	  0	  0	  0	  0	  0	  0	  0	  0	  0	  0	  0	  0	  0	  0	 79	 65	 51	 88	  0	 34	  0	  0	  0	  0	  0	  0	  0	  0	  0	  0	  0	  5	21825	  0
06-05-2015	15:42:35	->	L	00000000	 23	 89	 66	 34	  0	176	  0	  4	  4	  4	  4	  4	  4	  4	  4	  0	  0	  0	  0	  0	  0	  0	  0	  0	  0	  0	  0	  0	  0	  0	  0	  0	  0	  0	  0	  0	  0	  0	  0	 80	 66	 51	 89	  0	 34	  0	  0	  0	  0	  0	  0	  0	  0	  0	  0	  0	  5	21825	  0
06-05-2015	15:47:35	->	L	00000000	 23	 84	 65	 44	  0	181	  0	  4	  4	  4	  4	  4	  4	  4	  4	  0	  0	  0	  0	  0	  0	  0	  0	  0	  0	  0	  0	  0	  0	  0	  0	  0	  0	  0	  0	  0	  0	  0	  0	 78	 65	 54	 84	  0	 41	  0	  0	  0	  0	  0	  0	  0	  0	  0	  0	  0	  5	21825	  0
06-05-2015	15:52:35	->	L	00000000	 23	 90	 66	 34	  0	186	  0	  4	  4	  4	  4	  4	  4	  4	  4	  0	  0	  0	  0	  0	  0	  0	  0	  0	  0	  0	  0	  0	  0	  0	  0	  0	  0	  0	  0	  0	  0	  0	  0	 81	 66	 50	 90	  0	 35	  0	  0	  0	  0	  0	  0	  0	  0	  0	  0	  0	  5	21825	  0
06-05-2015	15:57:35	->	L	00000000	 23	 88	 66	 34	  0	191	  0	  4	  4	  4	  4	  4	  4	  4	  4	  0	  0	  0	  0	  0	  0	  0	  0	  0	  0	  0	  0	  0	  0	  0	  0	  0	  0	  0	  0	  0	  0	  0	  0	 80	 66	 51	 88	  0	 37	  0	  0	  0	  0	  0	  0	  0	  0	  0	  0	  0	  5	21825	  0
06-05-2015	16:02:35	->	L	00000000	 23	 83	 65	 41	  0	196	  0	  4	  4	  4	  4	  4	  4	  4	  4	  0	  0	  0	  0	  0	  0	  0	  0	  0	  0	  0	  0	  0	  0	  0	  0	  0	  0	  0	  0	  0	  0	  0	  0	 76	 65	 59	 83	  0	 44	  0	  0	  0	  0	  0	  0	  0	  0	  0	  0	  0	  5	21825	  0
06-05-2015	16:07:35	->	L	00000000	 23	 83	 64	 45	  0	201	  0	  4	  4	  4	  4	  4	  4	  4	  4	  0	  0	  0	  0	  0	  0	  0	  0	  0	  0	  0	  0	  0	  0	  0	  0	  0	  0	  0	  0	  0	  0	  0	  0	 76	 64	 56	 83	  0	 41	  0	  0	  0	  0	  0	  0	  0	  0	  0	  0	  0	  5	21825	  0
06-05-2015	16:12:35	->	L	00000000	 23	 88	 65	 37	  0	206	  0	  4	  4	  4	  4	  4	  4	  4	  4	  0	  0	  0	  0	  0	  0	  0	  0	  0	  0	  0	  0	  0	  0	  0	  0	  0	  0	  0	  0	  0	  0	  0	  0	 79	 65	 51	 88	  0	 34	  0	  0	  0	  0	  0	  0	  0	  0	  0	  0	  0	  5	21825	  0
06-05-2015	16:17:36	->	L	00000000	 23	 88	 65	 34	  0	211	  0	  4	  4	  4	  4	  4	  4	  4	  4	  0	  0	  0	  0	  0	  0	  0	  0	  0	  0	  0	  0	  0	  0	  0	  0	  0	  0	  0	  0	  0	  0	  0	  0	 79	 65	 51	 88	  0	 34	  0	  0	  0	  0	  0	  0	  0	  0	  0	  0	  0	  5	21825	  0
06-05-2015	16:22:36	->	L	00000000	 23	 84	 65	 40	  0	216	  0	  4	  4	  4	  4	  4	  4	  4	  4	  0	  0	  0	  0	  0	  0	  0	  0	  0	  0	  0	  0	  0	  0	  0	  0	  0	  0	  0	  0	  0	  0	  0	  0	 77	 65	 57	 84	  0	 41	  0	  0	  0	  0	  0	  0	  0	  0	  0	  0	  0	  5	21825	  0
06-05-2015	16:27:35	->	L	00000000	 23	 82	 64	 45	  0	221	  0	  4	  4	  4	  4	  4	  4	  4	  4	  0	  0	  0	  0	  0	  0	  0	  0	  0	  0	  0	  0	  0	  0	  0	  0	  0	  0	  0	  0	  0	  0	  0	  0	 75	 64	 59	 82	  0	 43	  0	  0	  0	  0	  0	  0	  0	  0	  0	  0	  0	  5	21825	  0
06-05-2015	16:32:35	->	L	00000000	 23	 87	 65	 40	  0	226	  0	  4	  4	  4	  4	  4	  4	  4	  4	  0	  0	  0	  0	  0	  0	  0	  0	  0	  0	  0	  0	  0	  0	  0	  0	  0	  0	  0	  0	  0	  0	  0	  0	 77	 65	 57	 87	  0	 37	  0	  0	  0	  0	  0	  0	  0	  0	  0	  0	  0	  5	21825	  0
06-05-2015	16:37:35	->	L	00000000	 23	 89	 65	 34	  0	231	  0	  4	  4	  4	  4	  4	  4	  4	  4	  0	  0	  0	  0	  0	  0	  0	  0	  0	  0	  0	  0	  0	  0	  0	  0	  0	  0	  0	  0	  0	  0	  0	  0	 79	 65	 51	 89	  0	 34	  0	  0	  0	  0	  0	  0	  0	  0	  0	  0	  0	  5	21825	  0
06-05-2015	16:42:35	->	L	00000000	 23	 90	 66	 35	  0	236	  0	  4	  4	  4	  4	  4	  4	  4	  4	  0	  0	  0	  0	  0	  0	  0	  0	  0	  0	  0	  0	  0	  0	  0	  0	  0	  0	  0	  0	  0	  0	  0	  0	 80	 66	 51	 90	  0	 35	  0	  0	  0	  0	  0	  0	  0	  0	  0	  0	  0	  5	21825	  0
06-05-2015	16:47:35	->	L	00000000	 23	 87	 66	 37	  0	241	  0	  4	  4	  4	  4	  4	  4	  4	  4	  0	  0	  0	  0	  0	  0	  0	  0	  0	  0	  0	  0	  0	  0	  0	  0	  0	  0	  0	  0	  0	  0	  0	  0	 79	 66	 54	 87	  0	 37	  0	  0	  0	  0	  0	  0	  0	  0	  0	  0	  0	  5	21825	  0
06-05-2015	16:52:36	->	L	00000000	 23	 81	 65	 45	  0	246	  0	  4	  4	  4	  4	  4	  4	  4	  4	  0	  0	  0	  0	  0	  0	  0	  0	  0	  0	  0	  0	  0	  0	  0	  0	  0	  0	  0	  0	  0	  0	  0	  0	 76	 65	 59	 81	  0	 47	  0	  0	  0	  0	  0	  0	  0	  0	  0	  0	  0	  5	21825	  0
06-05-2015	16:57:36	->	L	00000000	 23	 84	 64	 41	  0	251	  0	  4	  4	  4	  4	  4	  4	  4	  4	  0	  0	  0	  0	  0	  0	  0	  0	  0	  0	  0	  0	  0	  0	  0	  0	  0	  0	  0	  0	  0	  0	  0	  0	 76	 64	 56	 84	  0	 39	  0	  0	  0	  0	  0	  0	  0	  0	  0	  0	  0	  5	21825	  0
06-05-2015	17:02:36	->	L	00000000	 23	 89	 65	 34	  0	256	  0	  4	  4	  4	  4	  4	  4	  4	  4	  0	  0	  0	  0	  0	  0	  0	  0	  0	  0	  0	  0	  0	  0	  0	  0	  0	  0	  0	  0	  0	  0	  0	  0	 79	 65	 51	 89	  0	 34	  0	  0	  0	  0	  0	  0	  0	  0	  0	  0	  0	  5	21825	  0
06-05-2015	17:07:36	->	L	00000000	 23	 89	 65	 32	  0	261	  0	  4	  4	  4	  4	  4	  4	  4	  4	  0	  0	  0	  0	  0	  0	  0	  0	  0	  0	  0	  0	  0	  0	  0	  0	  0	  0	  0	  0	  0	  0	  0	  0	 80	 65	 50	 89	  0	 34	  0	  0	  0	  0	  0	  0	  0	  0	  0	  0	  0	  5	21825	  0
06-05-2015	17:12:36	->	L	00000000	 23	 85	 65	 37	  0	266	  0	  4	  4	  4	  4	  4	  4	  4	  4	  0	  0	  0	  0	  0	  0	  0	  0	  0	  0	  0	  0	  0	  0	  0	  0	  0	  0	  0	  0	  0	  0	  0	  0	 78	 65	 54	 85	  0	 40	  0	  0	  0	  0	  0	  0	  0	  0	  0	  0	  0	  5	21825	  0
06-05-2015	17:17:36	->	L	00000000	 23	 81	 64	 45	  0	271	  0	  4	  4	  4	  4	  4	  4	  4	  4	  0	  0	  0	  0	  0	  0	  0	  0	  0	  0	  0	  0	  0	  0	  0	  0	  0	  0	  0	  0	  0	  0	  0	  0	 76	 64	 56	 81	  0	 44	  0	  0	  0	  0	  0	  0	  0	  0	  0	  0	  0	  5	21825	  0
06-05-2015	17:22:37	->	L	00000000	 23	 87	 65	 37	  0	276	  0	  4	  4	  4	  4	  4	  4	  4	  4	  0	  0	  0	  0	  0	  0	  0	  0	  0	  0	  0	  0	  0	  0	  0	  0	  0	  0	  0	  0	  0	  0	  0	  0	 78	 65	 54	 87	  0	 37	  0	  0	  0	  0	  0	  0	  0	  0	  0	  0	  0	  5	21825	  0
06-05-2015	17:27:36	->	L	00000000	 23	 91	 65	 32	  0	281	  0	  4	  4	  4	  4	  4	  4	  4	  4	  0	  0	  0	  0	  0	  0	  0	  0	  0	  0	  0	  0	  0	  0	  0	  0	  0	  0	  0	  0	  0	  0	  0	  0	 80	 65	 50	 91	  0	 32	  0	  0	  0	  0	  0	  0	  0	  0	  0	  0	  0	  5	21825	  0
06-05-2015	17:32:36	->	L	00000000	 23	 87	 65	 34	  0	286	  0	  4	  4	  4	  4	  4	  4	  4	  4	  0	  0	  0	  0	  0	  0	  0	  0	  0	  0	  0	  0	  0	  0	  0	  0	  0	  0	  0	  0	  0	  0	  0	  0	 79	 65	 51	 87	  0	 37	  0	  0	  0	  0	  0	  0	  0	  0	  0	  0	  0	  5	21825	  0
06-05-2015	17:37:36	->	L	00000000	 23	 84	 65	 40	  0	291	  0	  4	  4	  4	  4	  4	  4	  4	  4	  0	  0	  0	  0	  0	  0	  0	  0	  0	  0	  0	  0	  0	  0	  0	  0	  0	  0	  0	  0	  0	  0	  0	  0	 77	 65	 57	 84	  0	 41	  0	  0	  0	  0	  0	  0	  0	  0	  0	  0	  0	  5	21825	  0
06-05-2015	17:42:36	->	L	00000000	 23	 82	 65	 45	  0	296	  0	  4	  4	  4	  4	  4	  4	  4	  4	  0	  0	  0	  0	  0	  0	  0	  0	  0	  0	  0	  0	  0	  0	  0	  0	  0	  0	  0	  0	  0	  0	  0	  0	 76	 65	 59	 82	  0	 45	  0	  0	  0	  0	  0	  0	  0	  0	  0	  0	  0	  5	21825	  0
07-05-2015	00:07:42	  	L	00000000	 24	 43	 38	 76	  0	  0	  0	  4	  4	  4	  4	  4	  4	  4	  4	  0	  0	  0	  0	  0	  0	  0	  0	  0	  0	  0	  0	  0	  0	  0	  0	  0	  0	  0	  0	  0	  0	  0	  0	 43	 38	 76	 43	  0	 76	  0	  0	  0	  0	  0	  0	  0	  0	  0	  0	  0	  5	21823	  0
07-05-2015	00:12:42	->	L	00000000	 24	 45	 38	 65	  0	  5	  0	  4	  4	  4	  4	  4	  4	  4	  4	  0	  0	  0	  0	  0	  0	  0	  0	  0	  0	  0	  0	  0	  0	  0	  0	  0	  0	  0	  0	  0	  0	  0	  0	 43	 38	 76	 45	  0	 65	  0	  0	  0	  0	  0	  0	  0	  0	  0	  0	  0	  5	21823	  0
07-05-2015	00:17:42	->	L	00000000	 24	 45	 38	 65	  0	 10	  0	  4	  4	  4	  4	  4	  4	  4	  4	  0	  0	  0	  0	  0	  0	  0	  0	  0	  0	  0	  0	  0	  0	  0	  0	  0	  0	  0	  0	  0	  0	  0	  0	 43	 38	 76	 45	  0	 65	  0	  0	  0	  0	  0	  0	  0	  0	  0	  0	  0	  5	21823	  0
07-05-2015	00:22:42	<-	L	00000000	 24	 45	 38	 65	  0	 15	  0	  4	  4	  4	  4	  4	  4	  4	  4	  0	  0	  0	  0	  0	  0	  0	  0	  0	  0	  0	  0	  0	  0	  0	  0	  0	  0	  0	  0	  0	  0	  0	  0	 43	 38	 76	 45	  0	 65	  0	  0	  0	  0	  0	  0	  0	  0	  0	  0	  0	  5	21823	  0
07-05-2015	00:27:42	<-	L	00000000	 24	 45	 38	 65	  0	 20	  0	  4	  4	  4	  4	  4	  4	  4	  4	  0	  0	  0	  0	  0	  0	  0	  0	  0	  0	  0	  0	  0	  0	  0	  0	  0	  0	  0	  0	  0	  0	  0	  0	 42	 38	 78	 45	  0	 65	  0	  0	  0	  0	  0	  0	  0	  0	  0	  0	  0	  5	21823	  0
07-05-2015	00:32:42	<-	L	00000000	 24	 70	 52	 39	  0	 25	  0	  4	  4	  4	  4	  4	  4	  4	  4	  0	  0	  0	  0	  0	  0	  0	  0	  0	  0	  0	  0	  0	  0	  0	  0	  0	  0	  0	  0	  0	  0	  0	  0	 70	 52	 38	 60	  0	 65	  0	  0	  0	  0	  0	  0	  0	  0	  0	  0	  0	  5	21823	  0
07-05-2015	00:37:42	<-	L	00000000	 24	 80	 55	 28	  0	 30	  0	  4	  4	  4	  4	  4	  4	  4	  4	  0	  0	  0	  0	  0	  0	  0	  0	  0	  0	  0	  0	  0	  0	  0	  0	  0	  0	  0	  0	  0	  0	  0	  0	 80	 55	 28	 68	  0	 50	  0	  0	  0	  0	  0	  0	  0	  0	  0	  0	  0	  5	21823	  0
07-05-2015	00:42:42	<-	L	00000000	 24	 79	 55	 30	  0	 35	  0	  4	  4	  4	  4	  4	  4	  4	  4	  0	  0	  0	  0	  0	  0	  0	  0	  0	  0	  0	  0	  0	  0	  0	  0	  0	  0	  0	  0	  0	  0	  0	  0	 79	 55	 30	 69	  0	 48	  0	  0	  0	  0	  0	  0	  0	  0	  0	  0	  0	  5	21823	  0
07-05-2015	00:47:42	<-	L	00000000	 24	 77	 56	 33	  0	 40	  0	  4	  4	  4	  4	  4	  4	  4	  4	  0	  0	  0	  0	  0	  0	  0	  0	  0	  0	  0	  0	  0	  0	  0	  0	  0	  0	  0	  0	  0	  0	  0	  0	 77	 56	 33	 70	  0	 48	  0	  0	  0	  0	  0	  0	  0	  0	  0	  0	  0	  5	21823	  0
07-05-2015	00:52:42	<-	L	00000000	 24	 76	 57	 38	  0	 45	  0	  4	  4	  4	  4	  4	  4	  4	  4	  0	  0	  0	  0	  0	  0	  0	  0	  0	  0	  0	  0	  0	  0	  0	  0	  0	  0	  0	  0	  0	  0	  0	  0	 76	 57	 38	 71	  0	 48	  0	  0	  0	  0	  0	  0	  0	  0	  0	  0	  0	  5	21823	  0
07-05-2015	00:57:42	<-	L	00000000	 24	 76	 58	 41	  0	 50	  0	  4	  4	  4	  4	  4	  4	  4	  4	  0	  0	  0	  0	  0	  0	  0	  0	  0	  0	  0	  0	  0	  0	  0	  0	  0	  0	  0	  0	  0	  0	  0	  0	 76	 58	 41	 71	  0	 51	  0	  0	  0	  0	  0	  0	  0	  0	  0	  0	  0	  5	21823	  0
07-05-2015	01:02:42	<-	L	00000000	 24	 77	 58	 38	  0	 55	  0	  4	  4	  4	  4	  4	  4	  4	  4	  0	  0	  0	  0	  0	  0	  0	  0	  0	  0	  0	  0	  0	  0	  0	  0	  0	  0	  0	  0	  0	  0	  0	  0	 77	 58	 38	 72	  0	 49	  0	  0	  0	  0	  0	  0	  0	  0	  0	  0	  0	  5	21823	  0
07-05-2015	01:07:42	<-	L	00000000	 24	 77	 59	 41	  0	 60	  0	  4	  4	  4	  4	  4	  4	  4	  4	  0	  0	  0	  0	  0	  0	  0	  0	  0	  0	  0	  0	  0	  0	  0	  0	  0	  0	  0	  0	  0	  0	  0	  0	 77	 59	 41	 73	  0	 49	  0	  0	  0	  0	  0	  0	  0	  0	  0	  0	  0	  5	21823	  0
07-05-2015	01:12:42	<-	L	00000000	 24	 78	 60	 41	  0	 65	  0	  4	  4	  4	  4	  4	  4	  4	  4	  0	  0	  0	  0	  0	  0	  0	  0	  0	  0	  0	  0	  0	  0	  0	  0	  0	  0	  0	  0	  0	  0	  0	  0	 78	 60	 41	 73	  0	 52	  0	  0	  0	  0	  0	  0	  0	  0	  0	  0	  0	  5	21823	  0
07-05-2015	01:17:43	<-	L	00000000	 24	 78	 60	 41	  0	 70	  0	  4	  4	  4	  4	  4	  4	  4	  4	  0	  0	  0	  0	  0	  0	  0	  0	  0	  0	  0	  0	  0	  0	  0	  0	  0	  0	  0	  0	  0	  0	  0	  0	 78	 60	 41	 74	  0	 49	  0	  0	  0	  0	  0	  0	  0	  0	  0	  0	  0	  5	21823	  0
07-05-2015	01:22:43	<-	L	00000000	 24	 79	 61	 42	  0	 75	  0	  4	  4	  4	  4	  4	  4	  4	  4	  0	  0	  0	  0	  0	  0	  0	  0	  0	  0	  0	  0	  0	  0	  0	  0	  0	  0	  0	  0	  0	  0	  0	  0	 79	 61	 42	 75	  0	 50	  0	  0	  0	  0	  0	  0	  0	  0	  0	  0	  0	  5	21823	  0
07-05-2015	01:27:43	<-	L	00000000	 24	 80	 62	 42	  0	 80	  0	  4	  4	  4	  4	  4	  4	  4	  4	  0	  0	  0	  0	  0	  0	  0	  0	  0	  0	  0	  0	  0	  0	  0	  0	  0	  0	  0	  0	  0	  0	  0	  0	 80	 62	 42	 75	  0	 53	  0	  0	  0	  0	  0	  0	  0	  0	  0	  0	  0	  5	21823	  0
07-05-2015	01:32:43	<-	L	00000000	 24	 80	 62	 42	  0	 85	  0	  4	  4	  4	  4	  4	  4	  4	  4	  0	  0	  0	  0	  0	  0	  0	  0	  0	  0	  0	  0	  0	  0	  0	  0	  0	  0	  0	  0	  0	  0	  0	  0	 80	 62	 42	 76	  0	 50	  0	  0	  0	  0	  0	  0	  0	  0	  0	  0	  0	  5	21823	  0
07-05-2015	01:37:43	<-	L	00000000	 24	 82	 63	 40	  0	 90	  0	  4	  4	  4	  4	  4	  4	  4	  4	  0	  0	  0	  0	  0	  0	  0	  0	  0	  0	  0	  0	  0	  0	  0	  0	  0	  0	  0	  0	  0	  0	  0	  0	 82	 63	 40	 77	  0	 50	  0	  0	  0	  0	  0	  0	  0	  0	  0	  0	  0	  5	21823	  0
07-05-2015	01:42:43	<-	L	00000000	 24	 83	 64	 41	  0	 95	  0	  4	  4	  4	  4	  4	  4	  4	  4	  0	  0	  0	  0	  0	  0	  0	  0	  0	  0	  0	  0	  0	  0	  0	  0	  0	  0	  0	  0	  0	  0	  0	  0	 83	 64	 41	 78	  0	 51	  0	  0	  0	  0	  0	  0	  0	  0	  0	  0	  0	  5	21823	  0
07-05-2015	01:47:43	<-	L	00000000	 24	 84	 65	 39	  0	100	  0	  4	  4	  4	  4	  4	  4	  4	  4	  0	  0	  0	  0	  0	  0	  0	  0	  0	  0	  0	  0	  0	  0	  0	  0	  0	  0	  0	  0	  0	  0	  0	  0	 84	 65	 41	 79	  0	 51	  0	  0	  0	  0	  0	  0	  0	  0	  0	  0	  0	  5	21823	  0
07-05-2015	01:52:43	<-	L	00000000	 24	 84	 64	 39	  0	105	  0	  4	  4	  4	  4	  4	  4	  4	  4	  0	  0	  0	  0	  0	  0	  0	  0	  0	  0	  0	  0	  0	  0	  0	  0	  0	  0	  0	  0	  0	  0	  0	  0	 84	 64	 39	 79	  0	 49	  0	  0	  0	  0	  0	  0	  0	  0	  0	  0	  0	  5	21823	  0
07-05-2015	01:57:43	<-	L	00000000	 24	 84	 63	 39	  0	110	  0	  4	  4	  4	  4	  4	  4	  4	  4	  0	  0	  0	  0	  0	  0	  0	  0	  0	  0	  0	  0	  0	  0	  0	  0	  0	  0	  0	  0	  0	  0	  0	  0	 84	 63	 36	 78	  0	 49	  0	  0	  0	  0	  0	  0	  0	  0	  0	  0	  0	  5	23103	  0
07-05-2015	02:02:43	<-	L	00000000	 24	 83	 63	 39	  0	115	  0	  4	  4	  4	  4	  4	  4	  4	  4	  0	  0	  0	  0	  0	  0	  0	  0	  0	  0	  0	  0	  0	  0	  0	  0	  0	  0	  0	  0	  0	  0	  0	  0	 83	 63	 39	 78	  0	 49	  0	  0	  0	  0	  0	  0	  0	  0	  0	  0	  0	  5	23103	  0
07-05-2015	02:07:43	<-	L	00000000	 24	 83	 63	 39	  0	120	  0	  4	  4	  4	  4	  4	  4	  4	  4	  0	  0	  0	  0	  0	  0	  0	  0	  0	  0	  0	  0	  0	  0	  0	  0	  0	  0	  0	  0	  0	  0	  0	  0	 83	 63	 39	 78	  0	 49	  0	  0	  0	  0	  0	  0	  0	  0	  0	  0	  0	  5	23103	  0
07-05-2015	02:12:43	<-	L	00000000	 24	 82	 63	 40	  0	125	  0	  4	  4	  4	  4	  4	  4	  4	  4	  0	  0	  0	  0	  0	  0	  0	  0	  0	  0	  0	  0	  0	  0	  0	  0	  0	  0	  0	  0	  0	  0	  0	  0	 82	 63	 40	 77	  0	 50	  0	  0	  0	  0	  0	  0	  0	  0	  0	  0	  0	  5	23103	  0
07-05-2015	02:17:43	<-	L	00000000	 24	 90	 63	 29	  0	130	  0	  4	  4	  4	  4	  4	  4	  4	  4	  0	  0	  0	  0	  0	  0	  0	  0	  0	  0	  0	  0	  0	  0	  0	  0	  0	  0	  0	  0	  0	  0	  0	  0	 90	 63	 29	 79	  0	 47	  0	  0	  0	  0	  0	  0	  0	  0	  0	  0	  0	  5	23103	  0
