15-10-2015	19:49:03	  	L	00000000	 10	 16	 13	 81	  0	  1	  0	  9	  8	  8	  8	  8	  8	  8	  8	  0	  0	  0	  0	  0	  0	  0	  0	  0	  0	  0	  0	  0	  0	  0	  0	  0	  0	  0	  0	  0	  0	  0	  0	 16	 13	 81	 16	  0	 81	  0	  0	  0	  0	  0	  0	  0	  0	  0	  0	  0	  5	4164	  1
15-10-2015	19:54:03	<-	L	00000000	 10	 25	 15	 47	  0	  6	  0	  6	  5	  5	  5	  5	  5	  5	  5	  0	  0	  0	  0	  0	  0	  0	  0	  0	  0	  0	  0	  0	  0	  0	  0	  0	  0	  0	  0	  0	  0	  0	  0	 25	 15	 47	 17	  0	 88	  0	  0	  0	  0	  0	  0	  0	  0	  0	  0	  0	  5	4420	  1
15-10-2015	19:59:03	<-	L	00000000	 10	 23	 14	 51	  0	 11	  0	  5	  5	  4	  4	  4	  4	  4	  4	  0	  0	  0	  0	  0	  0	  0	  0	  0	  0	  0	  0	  0	  0	  0	  0	  0	  0	  0	  0	  0	  0	  0	  0	 23	 14	 51	 17	  0	 81	  0	  0	  0	  0	  0	  0	  0	  0	  0	  0	  0	  5	4866	  1
15-10-2015	20:04:03	<-	L	00000000	 10	 23	 15	 55	  0	 16	  0	  5	  4	  4	  4	  4	  4	  4	  4	  0	  0	  0	  0	  0	  0	  0	  0	  0	  0	  0	  0	  0	  0	  0	  0	  0	  0	  0	  0	  0	  0	  0	  0	 23	 15	 55	 18	  0	 81	  0	  0	  0	  0	  0	  0	  0	  0	  0	  0	  0	  5	5140	  1
15-10-2015	20:09:03	<-	L	00000000	 10	 23	 16	 55	  0	 21	  0	  4	  4	  4	  4	  4	  4	  4	  4	  0	  0	  0	  0	  0	  0	  0	  0	  0	  0	  0	  0	  0	  0	  0	  0	  0	  0	  0	  0	  0	  0	  0	  0	 23	 16	 59	 20	  0	 76	  0	  0	  0	  0	  0	  0	  0	  0	  0	  0	  0	  5	5654	  1
15-10-2015	20:14:03	<-	L	00000000	 10	 21	 15	 64	  0	 26	  0	  4	  4	  4	  4	  4	  4	  4	  4	  0	  0	  0	  0	  0	  0	  0	  0	  0	  0	  0	  0	  0	  0	  0	  0	  0	  0	  0	  0	  0	  0	  0	  0	 21	 15	 64	 20	  0	 73	  0	  0	  0	  0	  0	  0	  0	  0	  0	  0	  0	  5	5911	  1
15-10-2015	20:19:03	<-	L	00000000	 10	 29	 18	 48	  0	 31	  0	  4	  4	  4	  4	  4	  4	  4	  4	  0	  0	  0	  0	  0	  0	  0	  0	  0	  0	  0	  0	  0	  0	  0	  0	  0	  0	  0	  0	  0	  0	  0	  0	 29	 18	 44	 22	  0	 76	  0	  0	  0	  0	  0	  0	  0	  0	  0	  0	  0	  5	6168	  1
15-10-2015	20:24:03	<-	L	00000000	 10	 27	 18	 52	  0	 36	  0	  4	  4	  4	  4	  4	  4	  4	  4	  0	  0	  0	  0	  0	  0	  0	  0	  0	  0	  0	  0	  0	  0	  0	  0	  0	  0	  0	  0	  0	  0	  0	  0	 27	 18	 52	 22	  0	 76	  0	  0	  0	  0	  0	  0	  0	  0	  0	  0	  0	  5	6682	  1
15-10-2015	20:29:04	<-	L	00000000	 10	 24	 18	 65	  0	 41	  0	  4	  4	  4	  4	  4	  4	  4	  4	  0	  0	  0	  0	  0	  0	  0	  0	  0	  0	  0	  0	  0	  0	  0	  0	  0	  0	  0	  0	  0	  0	  0	  0	 24	 18	 65	 22	  0	 76	  0	  0	  0	  0	  0	  0	  0	  0	  0	  0	  0	  5	6939	  1
15-10-2015	20:34:04	<-	L	00000000	 10	 32	 21	 49	  0	 46	  0	  4	  4	  4	  4	  4	  4	  4	  4	  0	  0	  0	  0	  0	  0	  0	  0	  0	  0	  0	  0	  0	  0	  0	  0	  0	  0	  0	  0	  0	  0	  0	  0	 32	 21	 45	 24	  0	 82	  0	  0	  0	  0	  0	  0	  0	  0	  0	  0	  0	  5	7453	  1
15-10-2015	20:39:04	<-	L	00000000	 10	 34	 22	 43	  0	 51	  0	  4	  4	  4	  4	  4	  4	  4	  4	  0	  0	  0	  0	  0	  0	  0	  0	  0	  0	  0	  0	  0	  0	  0	  0	  0	  0	  0	  0	  0	  0	  0	  0	 34	 22	 43	 25	  0	 82	  0	  0	  0	  0	  0	  0	  0	  0	  0	  0	  0	  5	7710	  1
15-10-2015	20:44:04	<-	L	00000000	 10	 31	 22	 49	  0	 56	  0	  4	  4	  4	  4	  4	  4	  4	  4	  0	  0	  0	  0	  0	  0	  0	  0	  0	  0	  0	  0	  0	  0	  0	  0	  0	  0	  0	  0	  0	  0	  0	  0	 31	 22	 53	 26	  0	 76	  0	  0	  0	  0	  0	  0	  0	  0	  0	  0	  0	  5	8224	  1
15-10-2015	20:49:04	<-	L	00000000	 10	 32	 22	 49	  0	 61	  0	  4	  4	  4	  4	  4	  4	  4	  4	  0	  0	  0	  0	  0	  0	  0	  0	  0	  0	  0	  0	  0	  0	  0	  0	  0	  0	  0	  0	  0	  0	  0	  0	 32	 22	 49	 26	  0	 76	  0	  0	  0	  0	  0	  0	  0	  0	  0	  0	  0	  5	8481	  1
15-10-2015	20:54:04	<-	L	00000000	 10	 38	 24	 39	  0	 66	  0	  4	  4	  4	  4	  4	  4	  4	  4	  0	  0	  0	  0	  0	  0	  0	  0	  0	  0	  0	  0	  0	  0	  0	  0	  0	  0	  0	  0	  0	  0	  0	  0	 38	 24	 37	 28	  0	 77	  0	  0	  0	  0	  0	  0	  0	  0	  0	  0	  0	  5	8738	  1
15-10-2015	20:59:04	<-	L	00000000	 10	 33	 24	 46	  0	 71	  0	  4	  4	  4	  4	  4	  4	  4	  4	  0	  0	  0	  0	  0	  0	  0	  0	  0	  0	  0	  0	  0	  0	  0	  0	  0	  0	  0	  0	  0	  0	  0	  0	 33	 24	 54	 28	  0	 77	  0	  0	  0	  0	  0	  0	  0	  0	  0	  0	  0	  5	9252	  1
15-10-2015	21:04:04	<-	L	00000000	 10	 39	 26	 39	  0	 76	  0	  4	  4	  4	  4	  4	  4	  4	  4	  0	  0	  0	  0	  0	  0	  0	  0	  0	  0	  0	  0	  0	  0	  0	  0	  0	  0	  0	  0	  0	  0	  0	  0	 39	 26	 40	 29	  0	 83	  0	  0	  0	  0	  0	  0	  0	  0	  0	  0	  0	  5	9509	  1
15-10-2015	21:09:04	<-	L	00000000	 10	 38	 26	 40	  0	 81	  0	  4	  4	  4	  4	  4	  4	  4	  4	  0	  0	  0	  0	  0	  0	  0	  0	  0	  0	  0	  0	  0	  0	  0	  0	  0	  0	  0	  0	  0	  0	  0	  0	 38	 26	 44	 30	  0	 77	  0	  0	  0	  0	  0	  0	  0	  0	  0	  0	  0	  5	10023	  1
15-10-2015	21:14:04	<-	L	00000000	 10	 39	 27	 44	  0	 86	  0	  4	  4	  4	  4	  4	  4	  4	  4	  0	  0	  0	  0	  0	  0	  0	  0	  0	  0	  0	  0	  0	  0	  0	  0	  0	  0	  0	  0	  0	  0	  0	  0	 39	 27	 44	 30	  0	 83	  0	  0	  0	  0	  0	  0	  0	  0	  0	  0	  0	  5	10280	  1
15-10-2015	21:19:04	<-	L	00000000	 10	 43	 28	 36	  0	 91	  0	  4	  4	  4	  4	  4	  4	  4	  4	  0	  0	  0	  0	  0	  0	  0	  0	  0	  0	  0	  0	  0	  0	  0	  0	  0	  0	  0	  0	  0	  0	  0	  0	 43	 28	 36	 32	  0	 77	  0	  0	  0	  0	  0	  0	  0	  0	  0	  0	  0	  5	10794	  1
15-10-2015	21:24:04	<-	L	00000000	 10	 40	 28	 40	  0	 96	  0	  4	  4	  4	  4	  4	  4	  4	  4	  0	  0	  0	  0	  0	  0	  0	  0	  0	  0	  0	  0	  0	  0	  0	  0	  0	  0	  0	  0	  0	  0	  0	  0	 40	 28	 45	 32	  0	 77	  0	  0	  0	  0	  0	  0	  0	  0	  0	  0	  0	  5	11051	  1
15-10-2015	21:29:04	<-	L	00000000	 10	 40	 28	 45	  0	101	  0	  4	  4	  4	  4	  4	  4	  4	  4	  0	  0	  0	  0	  0	  0	  0	  0	  0	  0	  0	  0	  0	  0	  0	  0	  0	  0	  0	  0	  0	  0	  0	  0	 40	 28	 45	 32	  0	 77	  0	  0	  0	  0	  0	  0	  0	  0	  0	  0	  0	  5	11565	  1
15-10-2015	21:34:04	<-	L	00000000	 10	 43	 29	 38	  0	106	  0	  4	  4	  4	  4	  4	  4	  4	  4	  0	  0	  0	  0	  0	  0	  0	  0	  0	  0	  0	  0	  0	  0	  0	  0	  0	  0	  0	  0	  0	  0	  0	  0	 43	 29	 38	 33	  0	 77	  0	  0	  0	  0	  0	  0	  0	  0	  0	  0	  0	  5	11822	  1
15-10-2015	21:39:04	<-	L	00000000	 10	 42	 30	 45	  0	111	  0	  4	  4	  4	  4	  4	  4	  4	  4	  0	  0	  0	  0	  0	  0	  0	  0	  0	  0	  0	  0	  0	  0	  0	  0	  0	  0	  0	  0	  0	  0	  0	  0	 42	 30	 45	 34	  0	 77	  0	  0	  0	  0	  0	  0	  0	  0	  0	  0	  0	  5	12079	  1
15-10-2015	21:44:05	<-	L	00000000	 10	 45	 31	 39	  0	116	  0	  4	  4	  4	  4	  4	  4	  4	  4	  0	  0	  0	  0	  0	  0	  0	  0	  0	  0	  0	  0	  0	  0	  0	  0	  0	  0	  0	  0	  0	  0	  0	  0	 45	 31	 39	 35	  0	 78	  0	  0	  0	  0	  0	  0	  0	  0	  0	  0	  0	  5	12593	  1
15-10-2015	21:49:05	<-	L	00000000	 10	 48	 32	 34	  0	121	  0	  4	  4	  4	  4	  4	  4	  4	  4	  0	  0	  0	  0	  0	  0	  0	  0	  0	  0	  0	  0	  0	  0	  0	  0	  0	  0	  0	  0	  0	  0	  0	  0	 48	 32	 34	 36	  0	 78	  0	  0	  0	  0	  0	  0	  0	  0	  0	  0	  0	  5	12850	  1
15-10-2015	21:54:05	->	L	00000000	 10	 47	 29	 30	  0	126	  0	  4	  4	  4	  4	  4	  4	  4	  4	  0	  0	  0	  0	  0	  0	  0	  0	  0	  0	  0	  0	  0	  0	  0	  0	  0	  0	  0	  0	  0	  0	  0	  0	 37	 29	 59	 47	  0	 30	  0	  0	  0	  0	  0	  0	  0	  0	  0	  0	  0	  5	13364	  1
15-10-2015	21:59:06	->	L	00000000	 10	 50	 29	 20	  0	131	  0	  4	  4	  4	  4	  4	  4	  4	  4	  0	  0	  0	  0	  0	  0	  0	  0	  0	  0	  0	  0	  0	  0	  0	  0	  0	  0	  0	  0	  0	  0	  0	  0	 36	 29	 63	 50	  0	 20	  0	  0	  0	  0	  0	  0	  0	  0	  0	  0	  0	  5	13621	  1
15-10-2015	22:04:05	->	L	00000000	 10	 51	 29	 19	  0	136	  0	  4	  4	  4	  4	  4	  4	  4	  4	  0	  0	  0	  0	  0	  0	  0	  0	  0	  0	  0	  0	  0	  0	  0	  0	  0	  0	  0	  0	  0	  0	  0	  0	 37	 29	 59	 51	  0	 19	  0	  0	  0	  0	  0	  0	  0	  0	  0	  0	  0	  5	14135	  1
15-10-2015	22:09:05	->	L	00000000	 10	 51	 30	 21	  0	141	  0	  4	  4	  4	  4	  4	  4	  4	  4	  0	  0	  0	  0	  0	  0	  0	  0	  0	  0	  0	  0	  0	  0	  0	  0	  0	  0	  0	  0	  0	  0	  0	  0	 37	 30	 63	 51	  0	 21	  0	  0	  0	  0	  0	  0	  0	  0	  0	  0	  0	  5	14392	  1
15-10-2015	22:14:05	->	L	00000000	 10	 51	 30	 21	  0	146	  0	  4	  4	  4	  4	  4	  4	  4	  4	  0	  0	  0	  0	  0	  0	  0	  0	  0	  0	  0	  0	  0	  0	  0	  0	  0	  0	  0	  0	  0	  0	  0	  0	 37	 30	 63	 51	  0	 21	  0	  0	  0	  0	  0	  0	  0	  0	  0	  0	  0	  5	14649	  1
15-10-2015	22:19:05	->	L	00000000	 10	 52	 31	 21	  0	151	  0	  4	  4	  4	  4	  4	  4	  4	  4	  0	  0	  0	  0	  0	  0	  0	  0	  0	  0	  0	  0	  0	  0	  0	  0	  0	  0	  0	  0	  0	  0	  0	  0	 37	 31	 68	 52	  0	 21	  0	  0	  0	  0	  0	  0	  0	  0	  0	  0	  0	  5	15163	  1
15-10-2015	22:24:05	->	L	00000000	 10	 52	 31	 21	  0	156	  0	  4	  4	  4	  4	  4	  4	  4	  4	  0	  0	  0	  0	  0	  0	  0	  0	  0	  0	  0	  0	  0	  0	  0	  0	  0	  0	  0	  0	  0	  0	  0	  0	 37	 31	 68	 52	  0	 21	  0	  0	  0	  0	  0	  0	  0	  0	  0	  0	  0	  5	15420	  1
15-10-2015	22:29:05	->	L	00000000	 10	 53	 32	 25	  0	161	  0	  4	  4	  4	  4	  4	  4	  4	  4	  0	  0	  0	  0	  0	  0	  0	  0	  0	  0	  0	  0	  0	  0	  0	  0	  0	  0	  0	  0	  0	  0	  0	  0	 38	 32	 68	 53	  0	 22	  0	  0	  0	  0	  0	  0	  0	  0	  0	  0	  0	  5	15934	  1
15-10-2015	22:34:06	->	L	00000000	 10	 53	 32	 22	  0	166	  0	  4	  4	  4	  4	  4	  4	  4	  4	  0	  0	  0	  0	  0	  0	  0	  0	  0	  0	  0	  0	  0	  0	  0	  0	  0	  0	  0	  0	  0	  0	  0	  0	 38	 32	 68	 53	  0	 22	  0	  0	  0	  0	  0	  0	  0	  0	  0	  0	  0	  5	16191	  1
15-10-2015	22:39:05	->	L	00000000	 10	 54	 33	 22	  0	171	  0	  4	  4	  4	  4	  4	  4	  4	  4	  0	  0	  0	  0	  0	  0	  0	  0	  0	  0	  0	  0	  0	  0	  0	  0	  0	  0	  0	  0	  0	  0	  0	  0	 39	 33	 68	 54	  0	 22	  0	  0	  0	  0	  0	  0	  0	  0	  0	  0	  0	  5	16705	  1
15-10-2015	22:44:05	->	L	00000000	 10	 55	 34	 23	  0	176	  0	  4	  4	  4	  4	  4	  4	  4	  4	  0	  0	  0	  0	  0	  0	  0	  0	  0	  0	  0	  0	  0	  0	  0	  0	  0	  0	  0	  0	  0	  0	  0	  0	 39	 34	 75	 55	  0	 23	  0	  0	  0	  0	  0	  0	  0	  0	  0	  0	  0	  5	16962	  1
15-10-2015	22:49:05	->	L	00000000	 10	 56	 34	 21	  0	181	  0	  4	  4	  4	  4	  4	  4	  4	  4	  0	  0	  0	  0	  0	  0	  0	  0	  0	  0	  0	  0	  0	  0	  0	  0	  0	  0	  0	  0	  0	  0	  0	  0	 40	 34	 68	 56	  0	 21	  0	  0	  0	  0	  0	  0	  0	  0	  0	  0	  0	  5	17476	  1
15-10-2015	22:54:05	->	L	00000000	 10	 56	 35	 23	  0	186	  0	  4	  4	  4	  4	  4	  4	  4	  4	  0	  0	  0	  0	  0	  0	  0	  0	  0	  0	  0	  0	  0	  0	  0	  0	  0	  0	  0	  0	  0	  0	  0	  0	 41	 35	 68	 56	  0	 23	  0	  0	  0	  0	  0	  0	  0	  0	  0	  0	  0	  5	17733	  1
15-10-2015	22:59:06	->	L	00000000	 10	 57	 35	 22	  0	191	  0	  4	  4	  4	  4	  4	  4	  4	  4	  0	  0	  0	  0	  0	  0	  0	  0	  0	  0	  0	  0	  0	  0	  0	  0	  0	  0	  0	  0	  0	  0	  0	  0	 41	 35	 68	 57	  0	 22	  0	  0	  0	  0	  0	  0	  0	  0	  0	  0	  0	  5	17990	  1
15-10-2015	23:04:06	->	L	00000000	 10	 57	 37	 27	  0	196	  0	  4	  4	  4	  4	  4	  4	  4	  4	  0	  0	  0	  0	  0	  0	  0	  0	  0	  0	  0	  0	  0	  0	  0	  0	  0	  0	  0	  0	  0	  0	  0	  0	 42	 37	 76	 57	  0	 27	  0	  0	  0	  0	  0	  0	  0	  0	  0	  0	  0	  5	18504	  1
15-10-2015	23:09:06	->	L	00000000	 10	 58	 37	 24	  0	201	  0	  4	  4	  4	  4	  4	  4	  4	  4	  0	  0	  0	  0	  0	  0	  0	  0	  0	  0	  0	  0	  0	  0	  0	  0	  0	  0	  0	  0	  0	  0	  0	  0	 42	 37	 76	 58	  0	 24	  0	  0	  0	  0	  0	  0	  0	  0	  0	  0	  0	  5	18761	  1
15-10-2015	23:14:06	->	L	00000000	 10	 59	 37	 23	  0	206	  0	  4	  4	  4	  4	  4	  4	  4	  4	  0	  0	  0	  0	  0	  0	  0	  0	  0	  0	  0	  0	  0	  0	  0	  0	  0	  0	  0	  0	  0	  0	  0	  0	 43	 37	 69	 59	  0	 23	  0	  0	  0	  0	  0	  0	  0	  0	  0	  0	  0	  5	19275	  1
15-10-2015	23:19:06	->	L	00000000	 10	 61	 38	 22	  0	211	  0	  4	  4	  4	  4	  4	  4	  4	  4	  0	  0	  0	  0	  0	  0	  0	  0	  0	  0	  0	  0	  0	  0	  0	  0	  0	  0	  0	  0	  0	  0	  0	  0	 44	 38	 69	 61	  0	 22	  0	  0	  0	  0	  0	  0	  0	  0	  0	  0	  0	  5	19532	  1
15-10-2015	23:24:06	->	L	00000000	 10	 61	 39	 22	  0	216	  0	  4	  4	  4	  4	  4	  4	  4	  4	  0	  0	  0	  0	  0	  0	  0	  0	  0	  0	  0	  0	  0	  0	  0	  0	  0	  0	  0	  0	  0	  0	  0	  0	 44	 39	 76	 61	  0	 24	  0	  0	  0	  0	  0	  0	  0	  0	  0	  0	  0	  5	20046	  1
15-10-2015	23:29:06	->	L	00000000	 10	 63	 40	 22	  0	221	  0	  4	  4	  4	  4	  4	  4	  4	  4	  0	  0	  0	  0	  0	  0	  0	  0	  0	  0	  0	  0	  0	  0	  0	  0	  0	  0	  0	  0	  0	  0	  0	  0	 45	 40	 76	 63	  0	 22	  0	  0	  0	  0	  0	  0	  0	  0	  0	  0	  0	  5	20303	  1
15-10-2015	23:34:06	->	L	00000000	 10	 64	 41	 23	  0	226	  0	  4	  4	  4	  4	  4	  4	  4	  4	  0	  0	  0	  0	  0	  0	  0	  0	  0	  0	  0	  0	  0	  0	  0	  0	  0	  0	  0	  0	  0	  0	  0	  0	 46	 41	 76	 64	  0	 23	  0	  0	  0	  0	  0	  0	  0	  0	  0	  0	  0	  5	20560	  1
15-10-2015	23:39:07	->	L	00000000	 10	 65	 41	 23	  0	231	  0	  4	  4	  4	  4	  4	  4	  4	  4	  0	  0	  0	  0	  0	  0	  0	  0	  0	  0	  0	  0	  0	  0	  0	  0	  0	  0	  0	  0	  0	  0	  0	  0	 46	 41	 76	 65	  0	 23	  0	  0	  0	  0	  0	  0	  0	  0	  0	  0	  0	  5	21074	  1
15-10-2015	23:44:06	->	L	00000000	 10	 65	 43	 26	  0	236	  0	  4	  4	  4	  4	  4	  4	  4	  4	  0	  0	  0	  0	  0	  0	  0	  0	  0	  0	  0	  0	  0	  0	  0	  0	  0	  0	  0	  0	  0	  0	  0	  0	 48	 43	 77	 65	  0	 26	  0	  0	  0	  0	  0	  0	  0	  0	  0	  0	  0	  5	21331	  1
15-10-2015	23:49:06	->	L	00000000	 21	 66	 43	 24	  0	  0	  0	  4	  4	  4	  4	  4	  4	  4	  4	  0	  0	  0	  0	  0	  0	  0	  0	  0	  0	  0	  0	  0	  0	  0	  0	  0	  0	  0	  0	  0	  0	  0	  0	 48	 43	 77	 66	  0	 24	  0	  0	  0	  0	  0	  0	  0	  0	  0	  0	  0	  5	21827	  0
15-10-2015	23:54:06	->	L	00000000	 21	 67	 43	 24	  0	  5	  0	  4	  4	  4	  4	  4	  4	  4	  4	  0	  0	  0	  0	  0	  0	  0	  0	  0	  0	  0	  0	  0	  0	  0	  0	  0	  0	  0	  0	  0	  0	  0	  0	 48	 43	 77	 67	  0	 24	  0	  0	  0	  0	  0	  0	  0	  0	  0	  0	  0	  5	21827	  0
15-10-2015	23:59:06	->	L	00000000	 21	 67	 44	 24	  0	 10	  0	  4	  4	  4	  4	  4	  4	  4	  4	  0	  0	  0	  0	  0	  0	  0	  0	  0	  0	  0	  0	  0	  0	  0	  0	  0	  0	  0	  0	  0	  0	  0	  0	 49	 44	 77	 67	  0	 24	  0	  0	  0	  0	  0	  0	  0	  0	  0	  0	  0	  5	21827	  0
16-10-2015	00:04:07	->	L	00000000	 21	 68	 45	 27	  0	 15	  0	  4	  4	  4	  4	  4	  4	  4	  4	  0	  0	  0	  0	  0	  0	  0	  0	  0	  0	  0	  0	  0	  0	  0	  0	  0	  0	  0	  0	  0	  0	  0	  0	 50	 45	 77	 68	  0	 25	  0	  0	  0	  0	  0	  0	  0	  0	  0	  0	  0	  5	21827	  0
16-10-2015	00:09:07	->	L	00000000	 21	 68	 45	 25	  0	 20	  0	  4	  4	  4	  4	  4	  4	  4	  4	  0	  0	  0	  0	  0	  0	  0	  0	  0	  0	  0	  0	  0	  0	  0	  0	  0	  0	  0	  0	  0	  0	  0	  0	 50	 45	 77	 68	  0	 25	  0	  0	  0	  0	  0	  0	  0	  0	  0	  0	  0	  5	17968	  0
16-10-2015	00:14:07	->	L	00000000	 21	 68	 45	 25	  0	 25	  0	  4	  4	  4	  4	  4	  4	  4	  4	  0	  0	  0	  0	  0	  0	  0	  0	  0	  0	  0	  0	  0	  0	  0	  0	  0	  0	  0	  0	  0	  0	  0	  0	 50	 45	 77	 68	  0	 25	  0	  0	  0	  0	  0	  0	  0	  0	  0	  0	  0	  5	17968	  0
16-10-2015	00:19:07	->	L	00000000	 21	 68	 46	 27	  0	 30	  0	  4	  4	  4	  4	  4	  4	  4	  4	  0	  0	  0	  0	  0	  0	  0	  0	  0	  0	  0	  0	  0	  0	  0	  0	  0	  0	  0	  0	  0	  0	  0	  0	 50	 46	 80	 68	  0	 27	  0	  0	  0	  0	  0	  0	  0	  0	  0	  0	  0	  5	17968	  0
16-10-2015	00:24:07	->	L	00000000	 21	 67	 46	 27	  0	 35	  0	  4	  4	  4	  4	  4	  4	  4	  4	  0	  0	  0	  0	  0	  0	  0	  0	  0	  0	  0	  0	  0	  0	  0	  0	  0	  0	  0	  0	  0	  0	  0	  0	 50	 46	 80	 67	  0	 28	  0	  0	  0	  0	  0	  0	  0	  0	  0	  0	  0	  5	17968	  0
16-10-2015	00:29:07	->	L	00000000	 21	 68	 47	 29	  0	 40	  0	  4	  4	  4	  4	  4	  4	  4	  4	  0	  0	  0	  0	  0	  0	  0	  0	  0	  0	  0	  0	  0	  0	  0	  0	  0	  0	  0	  0	  0	  0	  0	  0	 51	 47	 80	 68	  0	 29	  0	  0	  0	  0	  0	  0	  0	  0	  0	  0	  0	  5	17968	  0
16-10-2015	00:34:07	->	L	00000000	 21	 69	 47	 28	  0	 45	  0	  4	  4	  4	  4	  4	  4	  4	  4	  0	  0	  0	  0	  0	  0	  0	  0	  0	  0	  0	  0	  0	  0	  0	  0	  0	  0	  0	  0	  0	  0	  0	  0	 51	 47	 80	 69	  0	 28	  0	  0	  0	  0	  0	  0	  0	  0	  0	  0	  0	  5	17968	  0
16-10-2015	00:39:07	->	L	00000000	 21	 69	 47	 26	  0	 50	  0	  4	  4	  4	  4	  4	  4	  4	  4	  0	  0	  0	  0	  0	  0	  0	  0	  0	  0	  0	  0	  0	  0	  0	  0	  0	  0	  0	  0	  0	  0	  0	  0	 51	 47	 80	 69	  0	 28	  0	  0	  0	  0	  0	  0	  0	  0	  0	  0	  0	  5	17968	  0
16-10-2015	00:44:08	->	L	00000000	 21	 70	 47	 26	  0	 55	  0	  4	  4	  4	  4	  4	  4	  4	  4	  0	  0	  0	  0	  0	  0	  0	  0	  0	  0	  0	  0	  0	  0	  0	  0	  0	  0	  0	  0	  0	  0	  0	  0	 52	 47	 77	 70	  0	 26	  0	  0	  0	  0	  0	  0	  0	  0	  0	  0	  0	  5	18482	  0
16-10-2015	00:49:07	->	L	00000000	 21	 70	 48	 28	  0	 60	  0	  4	  4	  4	  4	  4	  4	  4	  4	  0	  0	  0	  0	  0	  0	  0	  0	  0	  0	  0	  0	  0	  0	  0	  0	  0	  0	  0	  0	  0	  0	  0	  0	 52	 48	 80	 70	  0	 28	  0	  0	  0	  0	  0	  0	  0	  0	  0	  0	  0	  5	18482	  0
16-10-2015	00:54:10	->	L	00000000	 21	 70	 48	 28	  0	 65	  0	  4	  4	  4	  4	  4	  4	  4	  4	  0	  0	  0	  0	  0	  0	  0	  0	  0	  0	  0	  0	  0	  0	  0	  0	  0	  0	  0	  0	  0	  0	  0	  0	 52	 48	 80	 70	  0	 28	  0	  0	  0	  0	  0	  0	  0	  0	  0	  0	  0	  5	18482	  0
16-10-2015	00:59:08	->	L	00000000	 21	 70	 48	 28	  0	 70	  0	  4	  4	  4	  4	  4	  4	  4	  4	  0	  0	  0	  0	  0	  0	  0	  0	  0	  0	  0	  0	  0	  0	  0	  0	  0	  0	  0	  0	  0	  0	  0	  0	 52	 48	 80	 70	  0	 28	  0	  0	  0	  0	  0	  0	  0	  0	  0	  0	  0	  5	18482	  0
16-10-2015	01:04:08	->	L	00000000	 21	 70	 48	 28	  0	 75	  0	  4	  4	  4	  4	  4	  4	  4	  4	  0	  0	  0	  0	  0	  0	  0	  0	  0	  0	  0	  0	  0	  0	  0	  0	  0	  0	  0	  0	  0	  0	  0	  0	 52	 48	 80	 70	  0	 28	  0	  0	  0	  0	  0	  0	  0	  0	  0	  0	  0	  5	18482	  0
16-10-2015	01:09:08	->	L	00000000	 21	 70	 48	 28	  0	 80	  0	  4	  4	  4	  4	  4	  4	  4	  4	  0	  0	  0	  0	  0	  0	  0	  0	  0	  0	  0	  0	  0	  0	  0	  0	  0	  0	  0	  0	  0	  0	  0	  0	 51	 48	 85	 70	  0	 28	  0	  0	  0	  0	  0	  0	  0	  0	  0	  0	  0	  5	18482	  0
16-10-2015	01:14:08	->	L	00000000	 21	 69	 49	 30	  0	 85	  0	  4	  4	  4	  4	  4	  4	  4	  4	  0	  0	  0	  0	  0	  0	  0	  0	  0	  0	  0	  0	  0	  0	  0	  0	  0	  0	  0	  0	  0	  0	  0	  0	 50	 49	 94	 69	  0	 33	  0	  0	  0	  0	  0	  0	  0	  0	  0	  0	  0	  5	18482	  0
16-10-2015	01:19:08	->	L	00000000	 21	 69	 49	 33	  0	 90	  0	  4	  4	  4	  4	  4	  4	  4	  4	  0	  0	  0	  0	  0	  0	  0	  0	  0	  0	  0	  0	  0	  0	  0	  0	  0	  0	  0	  0	  0	  0	  0	  0	 51	 49	 90	 69	  0	 33	  0	  0	  0	  0	  0	  0	  0	  0	  0	  0	  0	  5	18482	  0
16-10-2015	01:24:08	->	L	00000000	 21	 69	 49	 33	  0	 95	  0	  4	  4	  4	  4	  4	  4	  4	  4	  0	  0	  0	  0	  0	  0	  0	  0	  0	  0	  0	  0	  0	  0	  0	  0	  0	  0	  0	  0	  0	  0	  0	  0	 52	 49	 85	 69	  0	 33	  0	  0	  0	  0	  0	  0	  0	  0	  0	  0	  0	  5	18482	  0
16-10-2015	01:29:08	->	L	00000000	 21	 70	 50	 33	  0	100	  0	  4	  4	  4	  4	  4	  4	  4	  4	  0	  0	  0	  0	  0	  0	  0	  0	  0	  0	  0	  0	  0	  0	  0	  0	  0	  0	  0	  0	  0	  0	  0	  0	 53	 50	 85	 70	  0	 33	  0	  0	  0	  0	  0	  0	  0	  0	  0	  0	  0	  5	18484	  0
16-10-2015	01:34:08	->	L	00000000	 21	 70	 50	 33	  0	105	  0	  4	  4	  4	  4	  4	  4	  4	  4	  0	  0	  0	  0	  0	  0	  0	  0	  0	  0	  0	  0	  0	  0	  0	  0	  0	  0	  0	  0	  0	  0	  0	  0	 53	 50	 85	 70	  0	 33	  0	  0	  0	  0	  0	  0	  0	  0	  0	  0	  0	  5	18484	  0
16-10-2015	01:39:08	->	L	00000000	 21	 70	 50	 33	  0	110	  0	  4	  4	  4	  4	  4	  4	  4	  4	  0	  0	  0	  0	  0	  0	  0	  0	  0	  0	  0	  0	  0	  0	  0	  0	  0	  0	  0	  0	  0	  0	  0	  0	 53	 50	 85	 70	  0	 33	  0	  0	  0	  0	  0	  0	  0	  0	  0	  0	  0	  5	18484	  0
16-10-2015	01:44:08	->	L	00000000	 21	 70	 50	 33	  0	115	  0	  4	  4	  4	  4	  4	  4	  4	  4	  0	  0	  0	  0	  0	  0	  0	  0	  0	  0	  0	  0	  0	  0	  0	  0	  0	  0	  0	  0	  0	  0	  0	  0	 53	 50	 85	 70	  0	 33	  0	  0	  0	  0	  0	  0	  0	  0	  0	  0	  0	  5	18484	  0
16-10-2015	01:49:08	->	L	00000000	 21	 70	 51	 35	  0	120	  0	  4	  4	  4	  4	  4	  4	  4	  4	  0	  0	  0	  0	  0	  0	  0	  0	  0	  0	  0	  0	  0	  0	  0	  0	  0	  0	  0	  0	  0	  0	  0	  0	 54	 51	 85	 70	  0	 35	  0	  0	  0	  0	  0	  0	  0	  0	  0	  0	  0	  5	18484	  0
16-10-2015	01:54:08	<-	L	00000000	 21	 66	 55	 59	  0	125	  0	  4	  4	  4	  4	  4	  4	  4	  4	  0	  0	  0	  0	  0	  0	  0	  0	  0	  0	  0	  0	  0	  0	  0	  0	  0	  0	  0	  0	  0	  0	  0	  0	 66	 55	 56	 62	  0	 69	  0	  0	  0	  0	  0	  0	  0	  0	  0	  0	  0	  5	18484	  0
16-10-2015	01:59:08	<-	L	00000000	 21	 71	 55	 43	  0	130	  0	  4	  4	  4	  4	  4	  4	  4	  4	  0	  0	  0	  0	  0	  0	  0	  0	  0	  0	  0	  0	  0	  0	  0	  0	  0	  0	  0	  0	  0	  0	  0	  0	 71	 55	 43	 59	  0	 81	  0	  0	  0	  0	  0	  0	  0	  0	  0	  0	  0	  5	18491	  0
16-10-2015	02:04:09	<-	L	00000000	 21	 72	 56	 44	  0	135	  0	  4	  4	  4	  4	  4	  4	  4	  4	  0	  0	  0	  0	  0	  0	  0	  0	  0	  0	  0	  0	  0	  0	  0	  0	  0	  0	  0	  0	  0	  0	  0	  0	 72	 56	 44	 60	  0	 81	  0	  0	  0	  0	  0	  0	  0	  0	  0	  0	  0	  5	18748	  0
16-10-2015	02:09:09	<-	L	00000000	 21	 72	 56	 44	  0	140	  0	  4	  4	  4	  4	  4	  4	  4	  4	  0	  0	  0	  0	  0	  0	  0	  0	  0	  0	  0	  0	  0	  0	  0	  0	  0	  0	  0	  0	  0	  0	  0	  0	 72	 56	 44	 59	  0	 86	  0	  0	  0	  0	  0	  0	  0	  0	  0	  0	  0	  5	18748	  0
16-10-2015	02:14:09	<-	L	00000000	 21	 72	 57	 47	  0	145	  0	  4	  4	  4	  4	  4	  4	  4	  4	  0	  0	  0	  0	  0	  0	  0	  0	  0	  0	  0	  0	  0	  0	  0	  0	  0	  0	  0	  0	  0	  0	  0	  0	 72	 57	 47	 58	  0	 94	  0	  0	  0	  0	  0	  0	  0	  0	  0	  0	  0	  5	18748	  0
16-10-2015	02:19:09	<-	L	00000000	 21	 72	 57	 47	  0	150	  0	  4	  4	  4	  4	  4	  4	  4	  4	  0	  0	  0	  0	  0	  0	  0	  0	  0	  0	  0	  0	  0	  0	  0	  0	  0	  0	  0	  0	  0	  0	  0	  0	 72	 57	 47	 57	  0	100	  0	  0	  0	  0	  0	  0	  0	  0	  0	  0	  0	  5	18748	  0
16-10-2015	02:24:09	<-	L	00000000	 21	 72	 57	 47	  0	155	  0	  4	  4	  4	  4	  4	  4	  4	  4	  0	  0	  0	  0	  0	  0	  0	  0	  0	  0	  0	  0	  0	  0	  0	  0	  0	  0	  0	  0	  0	  0	  0	  0	 72	 57	 47	 56	  0	100	  0	  0	  0	  0	  0	  0	  0	  0	  0	  0	  0	  5	18748	  0
16-10-2015	02:29:10	<-	L	00000000	 21	 72	 57	 47	  0	160	  0	  4	  4	  4	  4	  4	  4	  4	  4	  0	  0	  0	  0	  0	  0	  0	  0	  0	  0	  0	  0	  0	  0	  0	  0	  0	  0	  0	  0	  0	  0	  0	  0	 72	 57	 47	 55	  0	100	  0	  0	  0	  0	  0	  0	  0	  0	  0	  0	  0	  5	18748	  0
16-10-2015	02:34:09	<-	L	00000000	 21	 72	 57	 47	  0	165	  0	  4	  4	  4	  4	  4	  4	  4	  4	  0	  0	  0	  0	  0	  0	  0	  0	  0	  0	  0	  0	  0	  0	  0	  0	  0	  0	  0	  0	  0	  0	  0	  0	 72	 57	 47	 55	  0	100	  0	  0	  0	  0	  0	  0	  0	  0	  0	  0	  0	  5	18748	  0
16-10-2015	02:39:09	<-	L	00000000	 21	 73	 57	 44	  0	170	  0	  4	  4	  4	  4	  4	  4	  4	  4	  0	  0	  0	  0	  0	  0	  0	  0	  0	  0	  0	  0	  0	  0	  0	  0	  0	  0	  0	  0	  0	  0	  0	  0	 73	 57	 44	 54	  0	100	  0	  0	  0	  0	  0	  0	  0	  0	  0	  0	  0	  5	18748	  0
16-10-2015	02:44:09	<-	L	00000000	 21	 72	 58	 49	  0	175	  0	  4	  4	  4	  4	  4	  4	  4	  4	  0	  0	  0	  0	  0	  0	  0	  0	  0	  0	  0	  0	  0	  0	  0	  0	  0	  0	  0	  0	  0	  0	  0	  0	 72	 58	 49	 55	  0	100	  0	  0	  0	  0	  0	  0	  0	  0	  0	  0	  0	  5	18748	  0
16-10-2015	02:49:09	<-	L	00000000	 21	 74	 58	 45	  0	180	  0	  4	  4	  4	  4	  4	  4	  4	  4	  0	  0	  0	  0	  0	  0	  0	  0	  0	  0	  0	  0	  0	  0	  0	  0	  0	  0	  0	  0	  0	  0	  0	  0	 74	 58	 45	 55	  0	100	  0	  0	  0	  0	  0	  0	  0	  0	  0	  0	  0	  5	19260	  0
16-10-2015	02:54:10	<-	L	00000000	 21	 75	 58	 45	  0	185	  0	  4	  4	  4	  4	  4	  4	  4	  4	  0	  0	  0	  0	  0	  0	  0	  0	  0	  0	  0	  0	  0	  0	  0	  0	  0	  0	  0	  0	  0	  0	  0	  0	 75	 58	 42	 56	  0	100	  0	  0	  0	  0	  0	  0	  0	  0	  0	  0	  0	  5	19260	  0
16-10-2015	02:59:09	<-	L	00000000	 21	 76	 59	 42	  0	190	  0	  4	  4	  4	  4	  4	  4	  4	  4	  0	  0	  0	  0	  0	  0	  0	  0	  0	  0	  0	  0	  0	  0	  0	  0	  0	  0	  0	  0	  0	  0	  0	  0	 76	 59	 42	 56	  0	100	  0	  0	  0	  0	  0	  0	  0	  0	  0	  0	  0	  5	19260	  0
16-10-2015	03:04:09	<-	L	00000000	 21	 75	 59	 45	  0	195	  0	  4	  4	  4	  4	  4	  4	  4	  4	  0	  0	  0	  0	  0	  0	  0	  0	  0	  0	  0	  0	  0	  0	  0	  0	  0	  0	  0	  0	  0	  0	  0	  0	 75	 59	 45	 57	  0	100	  0	  0	  0	  0	  0	  0	  0	  0	  0	  0	  0	  5	20540	  0
16-10-2015	03:09:09	<-	L	00000000	 21	 79	 59	 37	  0	200	  0	  4	  4	  4	  4	  4	  4	  4	  4	  0	  0	  0	  0	  0	  0	  0	  0	  0	  0	  0	  0	  0	  0	  0	  0	  0	  0	  0	  0	  0	  0	  0	  0	 79	 59	 37	 59	  0	100	  0	  0	  0	  0	  0	  0	  0	  0	  0	  0	  0	  5	20540	  0
16-10-2015	03:14:09	<-	L	00000000	 21	 80	 60	 38	  0	205	  0	  4	  4	  4	  4	  4	  4	  4	  4	  0	  0	  0	  0	  0	  0	  0	  0	  0	  0	  0	  0	  0	  0	  0	  0	  0	  0	  0	  0	  0	  0	  0	  0	 80	 60	 38	 59	  0	100	  0	  0	  0	  0	  0	  0	  0	  0	  0	  0	  0	  5	21052	  0
16-10-2015	03:19:10	<-	L	00000000	 21	 81	 60	 35	  0	210	  0	  4	  4	  4	  4	  4	  4	  4	  4	  0	  0	  0	  0	  0	  0	  0	  0	  0	  0	  0	  0	  0	  0	  0	  0	  0	  0	  0	  0	  0	  0	  0	  0	 81	 60	 35	 60	  0	100	  0	  0	  0	  0	  0	  0	  0	  0	  0	  0	  0	  5	21052	  0
16-10-2015	03:24:10	<-	L	00000000	 21	 81	 60	 35	  0	215	  0	  4	  4	  4	  4	  4	  4	  4	  4	  0	  0	  0	  0	  0	  0	  0	  0	  0	  0	  0	  0	  0	  0	  0	  0	  0	  0	  0	  0	  0	  0	  0	  0	 81	 60	 35	 60	  0	100	  0	  0	  0	  0	  0	  0	  0	  0	  0	  0	  0	  5	21054	  0
16-10-2015	03:29:10	<-	L	00000000	 21	 82	 61	 35	  0	220	  0	  4	  4	  4	  4	  4	  4	  4	  4	  0	  0	  0	  0	  0	  0	  0	  0	  0	  0	  0	  0	  0	  0	  0	  0	  0	  0	  0	  0	  0	  0	  0	  0	 82	 61	 35	 61	  0	100	  0	  0	  0	  0	  0	  0	  0	  0	  0	  0	  0	  5	21822	  0
16-10-2015	03:34:10	<-	L	00000000	 21	 82	 61	 35	  0	225	  0	  4	  4	  4	  4	  4	  4	  4	  4	  0	  0	  0	  0	  0	  0	  0	  0	  0	  0	  0	  0	  0	  0	  0	  0	  0	  0	  0	  0	  0	  0	  0	  0	 82	 61	 35	 61	  0	100	  0	  0	  0	  0	  0	  0	  0	  0	  0	  0	  0	  5	21822	  0
16-10-2015	03:39:10	<-	L	00000000	 21	 83	 62	 35	  0	230	  0	  4	  4	  4	  4	  4	  4	  4	  4	  0	  0	  0	  0	  0	  0	  0	  0	  0	  0	  0	  0	  0	  0	  0	  0	  0	  0	  0	  0	  0	  0	  0	  0	 83	 62	 36	 62	  0	100	  0	  0	  0	  0	  0	  0	  0	  0	  0	  0	  0	  5	21822	  0
16-10-2015	03:44:10	<-	L	00000000	 21	 83	 62	 36	  0	235	  0	  4	  4	  4	  4	  4	  4	  4	  4	  0	  0	  0	  0	  0	  0	  0	  0	  0	  0	  0	  0	  0	  0	  0	  0	  0	  0	  0	  0	  0	  0	  0	  0	 82	 61	 36	 62	  0	100	  0	  0	  0	  0	  0	  0	  0	  0	  0	  0	  0	  5	21822	  0
16-10-2015	03:49:11	<-	L	00000000	 21	 83	 62	 36	  0	240	  0	  4	  4	  4	  4	  4	  4	  4	  4	  0	  0	  0	  0	  0	  0	  0	  0	  0	  0	  0	  0	  0	  0	  0	  0	  0	  0	  0	  0	  0	  0	  0	  0	 83	 62	 36	 62	  0	100	  0	  0	  0	  0	  0	  0	  0	  0	  0	  0	  0	  5	21822	  0
16-10-2015	03:54:11	<-	L	00000000	 21	 83	 62	 35	  0	245	  0	  4	  4	  4	  4	  4	  4	  4	  4	  0	  0	  0	  0	  0	  0	  0	  0	  0	  0	  0	  0	  0	  0	  0	  0	  0	  0	  0	  0	  0	  0	  0	  0	 83	 62	 36	 62	  0	100	  0	  0	  0	  0	  0	  0	  0	  0	  0	  0	  0	  5	21822	  0
16-10-2015	03:59:10	<-	L	00000000	 21	 83	 62	 36	  0	250	  0	  4	  4	  4	  4	  4	  4	  4	  4	  0	  0	  0	  0	  0	  0	  0	  0	  0	  0	  0	  0	  0	  0	  0	  0	  0	  0	  0	  0	  0	  0	  0	  0	 83	 62	 36	 62	  0	100	  0	  0	  0	  0	  0	  0	  0	  0	  0	  0	  0	  5	21823	  0
16-10-2015	04:04:10	<-	L	00000000	 21	 84	 62	 35	  0	255	  0	  4	  4	  4	  4	  4	  4	  4	  4	  0	  0	  0	  0	  0	  0	  0	  0	  0	  0	  0	  0	  0	  0	  0	  0	  0	  0	  0	  0	  0	  0	  0	  0	 84	 62	 35	 63	  0	 95	  0	  0	  0	  0	  0	  0	  0	  0	  0	  0	  0	  5	21823	  0
16-10-2015	04:09:10	<-	L	00000000	 21	 84	 63	 36	  0	260	  0	  4	  4	  4	  4	  4	  4	  4	  4	  0	  0	  0	  0	  0	  0	  0	  0	  0	  0	  0	  0	  0	  0	  0	  0	  0	  0	  0	  0	  0	  0	  0	  0	 84	 63	 36	 63	  0	100	  0	  0	  0	  0	  0	  0	  0	  0	  0	  0	  0	  5	21823	  0
16-10-2015	04:14:10	<-	L	00000000	 21	 85	 63	 36	  0	265	  0	  4	  4	  4	  4	  4	  4	  4	  4	  0	  0	  0	  0	  0	  0	  0	  0	  0	  0	  0	  0	  0	  0	  0	  0	  0	  0	  0	  0	  0	  0	  0	  0	 85	 63	 36	 64	  0	 95	  0	  0	  0	  0	  0	  0	  0	  0	  0	  0	  0	  5	21823	  0
16-10-2015	04:19:10	<-	L	00000000	 21	 84	 63	 36	  0	270	  0	  4	  4	  4	  4	  4	  4	  4	  4	  0	  0	  0	  0	  0	  0	  0	  0	  0	  0	  0	  0	  0	  0	  0	  0	  0	  0	  0	  0	  0	  0	  0	  0	 84	 63	 36	 64	  0	 95	  0	  0	  0	  0	  0	  0	  0	  0	  0	  0	  0	  5	21823	  0
16-10-2015	04:24:10	<-	L	00000000	 21	 85	 63	 36	  0	275	  0	  4	  4	  4	  4	  4	  4	  4	  4	  0	  0	  0	  0	  0	  0	  0	  0	  0	  0	  0	  0	  0	  0	  0	  0	  0	  0	  0	  0	  0	  0	  0	  0	 85	 63	 36	 64	  0	 95	  0	  0	  0	  0	  0	  0	  0	  0	  0	  0	  0	  5	21823	  0
16-10-2015	04:29:10	<-	L	00000000	 21	 85	 63	 36	  0	280	  0	  4	  4	  4	  4	  4	  4	  4	  4	  0	  0	  0	  0	  0	  0	  0	  0	  0	  0	  0	  0	  0	  0	  0	  0	  0	  0	  0	  0	  0	  0	  0	  0	 85	 63	 36	 64	  0	 95	  0	  0	  0	  0	  0	  0	  0	  0	  0	  0	  0	  5	21823	  0
16-10-2015	04:34:11	<-	L	00000000	 21	 85	 63	 36	  0	285	  0	  4	  4	  4	  4	  4	  4	  4	  4	  0	  0	  0	  0	  0	  0	  0	  0	  0	  0	  0	  0	  0	  0	  0	  0	  0	  0	  0	  0	  0	  0	  0	  0	 85	 63	 36	 64	  0	 95	  0	  0	  0	  0	  0	  0	  0	  0	  0	  0	  0	  5	21823	  0
16-10-2015	04:39:11	<-	L	00000000	 21	 85	 63	 36	  0	290	  0	  4	  4	  4	  4	  4	  4	  4	  4	  0	  0	  0	  0	  0	  0	  0	  0	  0	  0	  0	  0	  0	  0	  0	  0	  0	  0	  0	  0	  0	  0	  0	  0	 85	 63	 36	 64	  0	 95	  0	  0	  0	  0	  0	  0	  0	  0	  0	  0	  0	  5	21823	  0
16-10-2015	04:44:11	<-	L	00000000	 21	 84	 63	 36	  0	295	  0	  4	  4	  4	  4	  4	  4	  4	  4	  0	  0	  0	  0	  0	  0	  0	  0	  0	  0	  0	  0	  0	  0	  0	  0	  0	  0	  0	  0	  0	  0	  0	  0	 84	 63	 36	 64	  0	 95	  0	  0	  0	  0	  0	  0	  0	  0	  0	  0	  0	  5	21823	  0
16-10-2015	04:49:11	<-	L	00000000	 21	 84	 63	 36	  0	300	  0	  4	  4	  4	  4	  4	  4	  4	  4	  0	  0	  0	  0	  0	  0	  0	  0	  0	  0	  0	  0	  0	  0	  0	  0	  0	  0	  0	  0	  0	  0	  0	  0	 84	 63	 36	 64	  0	 95	  0	  0	  0	  0	  0	  0	  0	  0	  0	  0	  0	  5	21823	  0
16-10-2015	04:54:11	<-	L	00000000	 21	 84	 63	 36	  0	305	  0	  4	  4	  4	  4	  4	  4	  4	  4	  0	  0	  0	  0	  0	  0	  0	  0	  0	  0	  0	  0	  0	  0	  0	  0	  0	  0	  0	  0	  0	  0	  0	  0	 84	 63	 36	 64	  0	 95	  0	  0	  0	  0	  0	  0	  0	  0	  0	  0	  0	  5	21823	  0
16-10-2015	04:59:11	<-	L	00000000	 21	 84	 63	 36	  0	310	  0	  4	  4	  4	  4	  4	  4	  4	  4	  0	  0	  0	  0	  0	  0	  0	  0	  0	  0	  0	  0	  0	  0	  0	  0	  0	  0	  0	  0	  0	  0	  0	  0	 84	 63	 36	 64	  0	 95	  0	  0	  0	  0	  0	  0	  0	  0	  0	  0	  0	  5	21823	  0
16-10-2015	05:04:12	<-	L	00000000	 21	 84	 63	 36	  0	315	  0	  4	  4	  4	  4	  4	  4	  4	  4	  0	  0	  0	  0	  0	  0	  0	  0	  0	  0	  0	  0	  0	  0	  0	  0	  0	  0	  0	  0	  0	  0	  0	  0	 84	 63	 36	 64	  0	 95	  0	  0	  0	  0	  0	  0	  0	  0	  0	  0	  0	  5	21823	  0
16-10-2015	05:09:11	<-	L	00000000	 21	 83	 63	 39	  0	320	  0	  4	  4	  4	  4	  4	  4	  4	  4	  0	  0	  0	  0	  0	  0	  0	  0	  0	  0	  0	  0	  0	  0	  0	  0	  0	  0	  0	  0	  0	  0	  0	  0	 83	 63	 39	 64	  0	 95	  0	  0	  0	  0	  0	  0	  0	  0	  0	  0	  0	  5	21823	  0
16-10-2015	05:14:12	<-	L	00000000	 21	 83	 63	 36	  0	325	  0	  4	  4	  4	  4	  4	  4	  4	  4	  0	  0	  0	  0	  0	  0	  0	  0	  0	  0	  0	  0	  0	  0	  0	  0	  0	  0	  0	  0	  0	  0	  0	  0	 83	 63	 39	 64	  0	 95	  0	  0	  0	  0	  0	  0	  0	  0	  0	  0	  0	  5	21823	  0
16-10-2015	05:19:11	<-	L	00000000	 21	 84	 63	 36	  0	330	  0	  4	  4	  4	  4	  4	  4	  4	  4	  0	  0	  0	  0	  0	  0	  0	  0	  0	  0	  0	  0	  0	  0	  0	  0	  0	  0	  0	  0	  0	  0	  0	  0	 84	 63	 36	 65	  0	 90	  0	  0	  0	  0	  0	  0	  0	  0	  0	  0	  0	  5	21823	  0
16-10-2015	05:24:11	<-	L	00000000	 21	 84	 63	 39	  0	335	  0	  4	  4	  4	  4	  4	  4	  4	  4	  0	  0	  0	  0	  0	  0	  0	  0	  0	  0	  0	  0	  0	  0	  0	  0	  0	  0	  0	  0	  0	  0	  0	  0	 84	 63	 36	 65	  0	 90	  0	  0	  0	  0	  0	  0	  0	  0	  0	  0	  0	  5	21823	  0
16-10-2015	05:29:11	<-	L	00000000	 21	 84	 63	 36	  0	340	  0	  4	  4	  4	  4	  4	  4	  4	  4	  0	  0	  0	  0	  0	  0	  0	  0	  0	  0	  0	  0	  0	  0	  0	  0	  0	  0	  0	  0	  0	  0	  0	  0	 84	 63	 36	 65	  0	 90	  0	  0	  0	  0	  0	  0	  0	  0	  0	  0	  0	  5	21823	  0
16-10-2015	05:34:11	<-	L	00000000	 21	 84	 63	 36	  0	345	  0	  4	  4	  4	  4	  4	  4	  4	  4	  0	  0	  0	  0	  0	  0	  0	  0	  0	  0	  0	  0	  0	  0	  0	  0	  0	  0	  0	  0	  0	  0	  0	  0	 84	 63	 36	 65	  0	 90	  0	  0	  0	  0	  0	  0	  0	  0	  0	  0	  0	  5	21823	  0
16-10-2015	05:39:11	<-	L	00000000	 21	 84	 63	 36	  0	350	  0	  4	  4	  4	  4	  4	  4	  4	  4	  0	  0	  0	  0	  0	  0	  0	  0	  0	  0	  0	  0	  0	  0	  0	  0	  0	  0	  0	  0	  0	  0	  0	  0	 84	 63	 36	 65	  0	 90	  0	  0	  0	  0	  0	  0	  0	  0	  0	  0	  0	  5	21823	  0
16-10-2015	05:44:12	<-	L	00000000	 21	 84	 63	 36	  0	355	  0	  4	  4	  4	  4	  4	  4	  4	  4	  0	  0	  0	  0	  0	  0	  0	  0	  0	  0	  0	  0	  0	  0	  0	  0	  0	  0	  0	  0	  0	  0	  0	  0	 84	 63	 36	 66	  0	 87	  0	  0	  0	  0	  0	  0	  0	  0	  0	  0	  0	  5	21823	  0
16-10-2015	05:49:12	<-	L	00000000	 21	 85	 63	 36	  0	360	  0	  4	  4	  4	  4	  4	  4	  4	  4	  0	  0	  0	  0	  0	  0	  0	  0	  0	  0	  0	  0	  0	  0	  0	  0	  0	  0	  0	  0	  0	  0	  0	  0	 85	 63	 36	 66	  0	 87	  0	  0	  0	  0	  0	  0	  0	  0	  0	  0	  0	  5	21823	  0
16-10-2015	05:54:12	->	L	00000000	 22	 76	 60	 48	  0	  4	  0	  4	  4	  4	  4	  4	  4	  4	  4	  0	  0	  0	  0	  0	  0	  0	  0	  0	  0	  0	  0	  0	  0	  0	  0	  0	  0	  0	  0	  0	  0	  0	  0	 74	 60	 49	 76	  0	 45	  0	  0	  0	  0	  0	  0	  0	  0	  0	  0	  0	  5	21823	  0
16-10-2015	05:59:12	->	L	00000000	 22	 83	 59	 32	  0	  9	  0	  4	  4	  4	  4	  4	  4	  4	  4	  0	  0	  0	  0	  0	  0	  0	  0	  0	  0	  0	  0	  0	  0	  0	  0	  0	  0	  0	  0	  0	  0	  0	  0	 66	 59	 70	 83	  0	 31	  0	  0	  0	  0	  0	  0	  0	  0	  0	  0	  0	  5	21820	  0
16-10-2015	06:04:12	->	L	00000000	 22	 81	 59	 31	  0	 14	  0	  4	  4	  4	  4	  4	  4	  4	  4	  0	  0	  0	  0	  0	  0	  0	  0	  0	  0	  0	  0	  0	  0	  0	  0	  0	  0	  0	  0	  0	  0	  0	  0	 65	 59	 73	 81	  0	 34	  0	  0	  0	  0	  0	  0	  0	  0	  0	  0	  0	  5	21820	  0
16-10-2015	06:09:13	->	L	00000000	 22	 82	 60	 34	  0	 19	  0	  4	  4	  4	  4	  4	  4	  4	  4	  0	  0	  0	  0	  0	  0	  0	  0	  0	  0	  0	  0	  0	  0	  0	  0	  0	  0	  0	  0	  0	  0	  0	  0	 65	 60	 79	 82	  0	 34	  0	  0	  0	  0	  0	  0	  0	  0	  0	  0	  0	  5	21820	  0
16-10-2015	06:14:12	->	L	00000000	 22	 82	 59	 31	  0	 24	  0	  4	  4	  4	  4	  4	  4	  4	  4	  0	  0	  0	  0	  0	  0	  0	  0	  0	  0	  0	  0	  0	  0	  0	  0	  0	  0	  0	  0	  0	  0	  0	  0	 65	 59	 73	 82	  0	 31	  0	  0	  0	  0	  0	  0	  0	  0	  0	  0	  0	  5	21820	  0
16-10-2015	06:19:12	->	L	00000000	 22	 82	 60	 35	  0	 29	  0	  4	  4	  4	  4	  4	  4	  4	  4	  0	  0	  0	  0	  0	  0	  0	  0	  0	  0	  0	  0	  0	  0	  0	  0	  0	  0	  0	  0	  0	  0	  0	  0	 65	 60	 79	 82	  0	 34	  0	  0	  0	  0	  0	  0	  0	  0	  0	  0	  0	  5	21820	  0
16-10-2015	06:24:12	->	L	00000000	 22	 81	 60	 35	  0	 34	  0	  4	  4	  4	  4	  4	  4	  4	  4	  0	  0	  0	  0	  0	  0	  0	  0	  0	  0	  0	  0	  0	  0	  0	  0	  0	  0	  0	  0	  0	  0	  0	  0	 64	 60	 81	 81	  0	 35	  0	  0	  0	  0	  0	  0	  0	  0	  0	  0	  0	  5	21820	  0
16-10-2015	06:29:12	->	L	00000000	 22	 81	 60	 34	  0	 39	  0	  4	  4	  4	  4	  4	  4	  4	  4	  0	  0	  0	  0	  0	  0	  0	  0	  0	  0	  0	  0	  0	  0	  0	  0	  0	  0	  0	  0	  0	  0	  0	  0	 64	 60	 81	 81	  0	 35	  0	  0	  0	  0	  0	  0	  0	  0	  0	  0	  0	  5	21820	  0
16-10-2015	06:34:12	->	L	00000000	 22	 81	 60	 34	  0	 44	  0	  4	  4	  4	  4	  4	  4	  4	  4	  0	  0	  0	  0	  0	  0	  0	  0	  0	  0	  0	  0	  0	  0	  0	  0	  0	  0	  0	  0	  0	  0	  0	  0	 64	 60	 81	 81	  0	 35	  0	  0	  0	  0	  0	  0	  0	  0	  0	  0	  0	  5	21820	  0
16-10-2015	06:39:13	->	L	00000000	 22	 80	 59	 34	  0	 49	  0	  4	  4	  4	  4	  4	  4	  4	  4	  0	  0	  0	  0	  0	  0	  0	  0	  0	  0	  0	  0	  0	  0	  0	  0	  0	  0	  0	  0	  0	  0	  0	  0	 62	 59	 86	 80	  0	 34	  0	  0	  0	  0	  0	  0	  0	  0	  0	  0	  0	  5	21820	  0
16-10-2015	06:44:12	->	L	00000000	 22	 80	 59	 37	  0	 54	  0	  4	  4	  4	  4	  4	  4	  4	  4	  0	  0	  0	  0	  0	  0	  0	  0	  0	  0	  0	  0	  0	  0	  0	  0	  0	  0	  0	  0	  0	  0	  0	  0	 64	 59	 79	 80	  0	 34	  0	  0	  0	  0	  0	  0	  0	  0	  0	  0	  0	  5	21820	  0
16-10-2015	06:49:12	->	L	00000000	 22	 81	 59	 34	  0	 59	  0	  4	  4	  4	  4	  4	  4	  4	  4	  0	  0	  0	  0	  0	  0	  0	  0	  0	  0	  0	  0	  0	  0	  0	  0	  0	  0	  0	  0	  0	  0	  0	  0	 63	 59	 81	 81	  0	 34	  0	  0	  0	  0	  0	  0	  0	  0	  0	  0	  0	  5	21820	  0
16-10-2015	06:54:12	->	L	00000000	 22	 81	 60	 35	  0	 64	  0	  4	  4	  4	  4	  4	  4	  4	  4	  0	  0	  0	  0	  0	  0	  0	  0	  0	  0	  0	  0	  0	  0	  0	  0	  0	  0	  0	  0	  0	  0	  0	  0	 64	 60	 81	 81	  0	 35	  0	  0	  0	  0	  0	  0	  0	  0	  0	  0	  0	  5	21820	  0
16-10-2015	06:59:13	->	L	00000000	 22	 83	 59	 32	  0	 69	  0	  4	  4	  4	  4	  4	  4	  4	  4	  0	  0	  0	  0	  0	  0	  0	  0	  0	  0	  0	  0	  0	  0	  0	  0	  0	  0	  0	  0	  0	  0	  0	  0	 65	 59	 73	 83	  0	 31	  0	  0	  0	  0	  0	  0	  0	  0	  0	  0	  0	  5	21820	  0
16-10-2015	07:04:13	->	L	00000000	 22	 84	 59	 29	  0	 74	  0	  4	  4	  4	  4	  4	  4	  4	  4	  0	  0	  0	  0	  0	  0	  0	  0	  0	  0	  0	  0	  0	  0	  0	  0	  0	  0	  0	  0	  0	  0	  0	  0	 65	 59	 73	 84	  0	 29	  0	  0	  0	  0	  0	  0	  0	  0	  0	  0	  0	  5	21820	  0
16-10-2015	07:09:13	->	L	00000000	 22	 84	 59	 29	  0	 79	  0	  4	  4	  4	  4	  4	  4	  4	  4	  0	  0	  0	  0	  0	  0	  0	  0	  0	  0	  0	  0	  0	  0	  0	  0	  0	  0	  0	  0	  0	  0	  0	  0	 65	 59	 73	 84	  0	 29	  0	  0	  0	  0	  0	  0	  0	  0	  0	  0	  0	  5	21820	  0
16-10-2015	07:14:13	->	L	00000000	 22	 83	 59	 31	  0	 84	  0	  4	  4	  4	  4	  4	  4	  4	  4	  0	  0	  0	  0	  0	  0	  0	  0	  0	  0	  0	  0	  0	  0	  0	  0	  0	  0	  0	  0	  0	  0	  0	  0	 64	 59	 79	 83	  0	 31	  0	  0	  0	  0	  0	  0	  0	  0	  0	  0	  0	  5	21820	  0
16-10-2015	07:19:13	->	L	00000000	 22	 84	 59	 29	  0	 89	  0	  4	  4	  4	  4	  4	  4	  4	  4	  0	  0	  0	  0	  0	  0	  0	  0	  0	  0	  0	  0	  0	  0	  0	  0	  0	  0	  0	  0	  0	  0	  0	  0	 65	 59	 73	 84	  0	 29	  0	  0	  0	  0	  0	  0	  0	  0	  0	  0	  0	  5	21820	  0
16-10-2015	07:24:13	->	L	00000000	 22	 84	 60	 32	  0	 94	  0	  4	  4	  4	  4	  4	  4	  4	  4	  0	  0	  0	  0	  0	  0	  0	  0	  0	  0	  0	  0	  0	  0	  0	  0	  0	  0	  0	  0	  0	  0	  0	  0	 65	 60	 79	 84	  0	 32	  0	  0	  0	  0	  0	  0	  0	  0	  0	  0	  0	  5	21820	  0
16-10-2015	07:29:13	->	L	00000000	 22	 84	 60	 32	  0	 99	  0	  4	  4	  4	  4	  4	  4	  4	  4	  0	  0	  0	  0	  0	  0	  0	  0	  0	  0	  0	  0	  0	  0	  0	  0	  0	  0	  0	  0	  0	  0	  0	  0	 65	 60	 79	 84	  0	 32	  0	  0	  0	  0	  0	  0	  0	  0	  0	  0	  0	  5	21820	  0
16-10-2015	07:34:13	->	L	00000000	 22	 82	 59	 35	  0	104	  0	  4	  4	  4	  4	  4	  4	  4	  4	  0	  0	  0	  0	  0	  0	  0	  0	  0	  0	  0	  0	  0	  0	  0	  0	  0	  0	  0	  0	  0	  0	  0	  0	 65	 59	 73	 82	  0	 31	  0	  0	  0	  0	  0	  0	  0	  0	  0	  0	  0	  5	21820	  0
16-10-2015	07:39:13	->	L	00000000	 22	 84	 59	 29	  0	109	  0	  4	  4	  4	  4	  4	  4	  4	  4	  0	  0	  0	  0	  0	  0	  0	  0	  0	  0	  0	  0	  0	  0	  0	  0	  0	  0	  0	  0	  0	  0	  0	  0	 65	 59	 73	 84	  0	 29	  0	  0	  0	  0	  0	  0	  0	  0	  0	  0	  0	  5	21820	  0
16-10-2015	07:44:14	->	L	00000000	 22	 84	 59	 30	  0	114	  0	  4	  4	  4	  4	  4	  4	  4	  4	  0	  0	  0	  0	  0	  0	  0	  0	  0	  0	  0	  0	  0	  0	  0	  0	  0	  0	  0	  0	  0	  0	  0	  0	 63	 59	 81	 84	  0	 29	  0	  0	  0	  0	  0	  0	  0	  0	  0	  0	  0	  5	21820	  0
16-10-2015	07:49:14	->	L	00000000	 22	 75	 59	 41	  0	119	  0	  4	  4	  4	  4	  4	  4	  4	  4	  0	  0	  0	  0	  0	  0	  0	  0	  0	  0	  0	  0	  0	  0	  0	  0	  0	  0	  0	  0	  0	  0	  0	  0	 65	 59	 73	 75	  0	 45	  0	  0	  0	  0	  0	  0	  0	  0	  0	  0	  0	  5	21820	  0
16-10-2015	07:54:14	->	L	00000000	 22	 85	 60	 30	  0	124	  0	  4	  4	  4	  4	  4	  4	  4	  4	  0	  0	  0	  0	  0	  0	  0	  0	  0	  0	  0	  0	  0	  0	  0	  0	  0	  0	  0	  0	  0	  0	  0	  0	 65	 60	 79	 85	  0	 30	  0	  0	  0	  0	  0	  0	  0	  0	  0	  0	  0	  5	21820	  0
16-10-2015	07:59:14	->	L	00000000	 22	 84	 60	 30	  0	129	  0	  4	  4	  4	  4	  4	  4	  4	  4	  0	  0	  0	  0	  0	  0	  0	  0	  0	  0	  0	  0	  0	  0	  0	  0	  0	  0	  0	  0	  0	  0	  0	  0	 65	 60	 79	 84	  0	 32	  0	  0	  0	  0	  0	  0	  0	  0	  0	  0	  0	  5	21820	  0
16-10-2015	08:04:14	->	L	00000000	 22	 83	 60	 32	  0	134	  0	  4	  4	  4	  4	  4	  4	  4	  4	  0	  0	  0	  0	  0	  0	  0	  0	  0	  0	  0	  0	  0	  0	  0	  0	  0	  0	  0	  0	  0	  0	  0	  0	 65	 60	 79	 83	  0	 32	  0	  0	  0	  0	  0	  0	  0	  0	  0	  0	  0	  5	21820	  0
16-10-2015	08:09:14	->	L	00000000	 22	 84	 59	 29	  0	139	  0	  4	  4	  4	  4	  4	  4	  4	  4	  0	  0	  0	  0	  0	  0	  0	  0	  0	  0	  0	  0	  0	  0	  0	  0	  0	  0	  0	  0	  0	  0	  0	  0	 65	 59	 73	 84	  0	 29	  0	  0	  0	  0	  0	  0	  0	  0	  0	  0	  0	  5	21820	  0
16-10-2015	08:14:14	->	L	00000000	 22	 83	 59	 31	  0	144	  0	  4	  4	  4	  4	  4	  4	  4	  4	  0	  0	  0	  0	  0	  0	  0	  0	  0	  0	  0	  0	  0	  0	  0	  0	  0	  0	  0	  0	  0	  0	  0	  0	 64	 59	 79	 83	  0	 31	  0	  0	  0	  0	  0	  0	  0	  0	  0	  0	  0	  5	21819	  0
16-10-2015	08:19:14	->	L	00000000	 22	 84	 59	 31	  0	149	  0	  4	  4	  4	  4	  4	  4	  4	  4	  0	  0	  0	  0	  0	  0	  0	  0	  0	  0	  0	  0	  0	  0	  0	  0	  0	  0	  0	  0	  0	  0	  0	  0	 65	 59	 73	 84	  0	 29	  0	  0	  0	  0	  0	  0	  0	  0	  0	  0	  0	  5	21819	  0
16-10-2015	08:24:14	->	L	00000000	 22	 82	 59	 31	  0	154	  0	  4	  4	  4	  4	  4	  4	  4	  4	  0	  0	  0	  0	  0	  0	  0	  0	  0	  0	  0	  0	  0	  0	  0	  0	  0	  0	  0	  0	  0	  0	  0	  0	 64	 59	 79	 82	  0	 31	  0	  0	  0	  0	  0	  0	  0	  0	  0	  0	  0	  5	21819	  0
16-10-2015	08:29:14	->	L	00000000	 22	 84	 58	 29	  0	159	  0	  4	  4	  4	  4	  4	  4	  4	  4	  0	  0	  0	  0	  0	  0	  0	  0	  0	  0	  0	  0	  0	  0	  0	  0	  0	  0	  0	  0	  0	  0	  0	  0	 64	 58	 73	 84	  0	 29	  0	  0	  0	  0	  0	  0	  0	  0	  0	  0	  0	  5	21819	  0
16-10-2015	08:34:14	->	L	00000000	 22	 84	 58	 29	  0	164	  0	  4	  4	  4	  4	  4	  4	  4	  4	  0	  0	  0	  0	  0	  0	  0	  0	  0	  0	  0	  0	  0	  0	  0	  0	  0	  0	  0	  0	  0	  0	  0	  0	 64	 58	 79	 84	  0	 29	  0	  0	  0	  0	  0	  0	  0	  0	  0	  0	  0	  5	21819	  0
16-10-2015	08:39:14	->	L	00000000	 22	 81	 59	 34	  0	169	  0	  4	  4	  4	  4	  4	  4	  4	  4	  0	  0	  0	  0	  0	  0	  0	  0	  0	  0	  0	  0	  0	  0	  0	  0	  0	  0	  0	  0	  0	  0	  0	  0	 65	 59	 73	 81	  0	 34	  0	  0	  0	  0	  0	  0	  0	  0	  0	  0	  0	  5	21819	  0
16-10-2015	08:44:14	->	L	00000000	 22	 83	 58	 31	  0	174	  0	  4	  4	  4	  4	  4	  4	  4	  4	  0	  0	  0	  0	  0	  0	  0	  0	  0	  0	  0	  0	  0	  0	  0	  0	  0	  0	  0	  0	  0	  0	  0	  0	 64	 58	 73	 83	  0	 29	  0	  0	  0	  0	  0	  0	  0	  0	  0	  0	  0	  5	21819	  0
16-10-2015	08:49:14	->	L	00000000	 22	 83	 58	 29	  0	179	  0	  4	  4	  4	  4	  4	  4	  4	  4	  0	  0	  0	  0	  0	  0	  0	  0	  0	  0	  0	  0	  0	  0	  0	  0	  0	  0	  0	  0	  0	  0	  0	  0	 64	 58	 73	 83	  0	 29	  0	  0	  0	  0	  0	  0	  0	  0	  0	  0	  0	  5	21819	  0
16-10-2015	08:54:15	->	L	00000000	 22	 83	 60	 32	  0	184	  0	  4	  4	  4	  4	  4	  4	  4	  4	  0	  0	  0	  0	  0	  0	  0	  0	  0	  0	  0	  0	  0	  0	  0	  0	  0	  0	  0	  0	  0	  0	  0	  0	 65	 60	 79	 83	  0	 32	  0	  0	  0	  0	  0	  0	  0	  0	  0	  0	  0	  5	21819	  0
16-10-2015	08:59:15	->	L	00000000	 22	 83	 59	 31	  0	189	  0	  4	  4	  4	  4	  4	  4	  4	  4	  0	  0	  0	  0	  0	  0	  0	  0	  0	  0	  0	  0	  0	  0	  0	  0	  0	  0	  0	  0	  0	  0	  0	  0	 64	 59	 79	 83	  0	 31	  0	  0	  0	  0	  0	  0	  0	  0	  0	  0	  0	  5	21819	  0
16-10-2015	09:04:15	->	L	00000000	 22	 83	 59	 31	  0	194	  0	  4	  4	  4	  4	  4	  4	  4	  4	  0	  0	  0	  0	  0	  0	  0	  0	  0	  0	  0	  0	  0	  0	  0	  0	  0	  0	  0	  0	  0	  0	  0	  0	 64	 59	 79	 83	  0	 31	  0	  0	  0	  0	  0	  0	  0	  0	  0	  0	  0	  5	21819	  0
16-10-2015	09:09:15	->	L	00000000	 22	 83	 59	 31	  0	199	  0	  4	  4	  4	  4	  4	  4	  4	  4	  0	  0	  0	  0	  0	  0	  0	  0	  0	  0	  0	  0	  0	  0	  0	  0	  0	  0	  0	  0	  0	  0	  0	  0	 65	 59	 73	 83	  0	 31	  0	  0	  0	  0	  0	  0	  0	  0	  0	  0	  0	  5	21819	  0
16-10-2015	09:14:15	->	L	00000000	 22	 83	 58	 29	  0	204	  0	  4	  4	  4	  4	  4	  4	  4	  4	  0	  0	  0	  0	  0	  0	  0	  0	  0	  0	  0	  0	  0	  0	  0	  0	  0	  0	  0	  0	  0	  0	  0	  0	 64	 58	 73	 83	  0	 29	  0	  0	  0	  0	  0	  0	  0	  0	  0	  0	  0	  5	21819	  0
16-10-2015	09:19:15	->	L	00000000	 22	 83	 58	 29	  0	209	  0	  4	  4	  4	  4	  4	  4	  4	  4	  0	  0	  0	  0	  0	  0	  0	  0	  0	  0	  0	  0	  0	  0	  0	  0	  0	  0	  0	  0	  0	  0	  0	  0	 63	 58	 79	 83	  0	 29	  0	  0	  0	  0	  0	  0	  0	  0	  0	  0	  0	  5	21819	  0
16-10-2015	09:24:15	->	L	00000000	 22	 83	 59	 31	  0	214	  0	  4	  4	  4	  4	  4	  4	  4	  4	  0	  0	  0	  0	  0	  0	  0	  0	  0	  0	  0	  0	  0	  0	  0	  0	  0	  0	  0	  0	  0	  0	  0	  0	 65	 59	 73	 83	  0	 31	  0	  0	  0	  0	  0	  0	  0	  0	  0	  0	  0	  5	21819	  0
16-10-2015	09:29:15	->	L	00000000	 22	 84	 58	 29	  0	219	  0	  4	  4	  4	  4	  4	  4	  4	  4	  0	  0	  0	  0	  0	  0	  0	  0	  0	  0	  0	  0	  0	  0	  0	  0	  0	  0	  0	  0	  0	  0	  0	  0	 64	 58	 73	 84	  0	 29	  0	  0	  0	  0	  0	  0	  0	  0	  0	  0	  0	  5	21819	  0
16-10-2015	09:34:15	->	L	00000000	 22	 84	 58	 29	  0	224	  0	  4	  4	  4	  4	  4	  4	  4	  4	  0	  0	  0	  0	  0	  0	  0	  0	  0	  0	  0	  0	  0	  0	  0	  0	  0	  0	  0	  0	  0	  0	  0	  0	 64	 58	 73	 84	  0	 29	  0	  0	  0	  0	  0	  0	  0	  0	  0	  0	  0	  5	21819	  0
16-10-2015	09:39:15	->	L	00000000	 22	 84	 59	 29	  0	229	  0	  4	  4	  4	  4	  4	  4	  4	  4	  0	  0	  0	  0	  0	  0	  0	  0	  0	  0	  0	  0	  0	  0	  0	  0	  0	  0	  0	  0	  0	  0	  0	  0	 64	 59	 79	 84	  0	 29	  0	  0	  0	  0	  0	  0	  0	  0	  0	  0	  0	  5	21819	  0
16-10-2015	09:44:15	->	L	00000000	 22	 84	 59	 29	  0	234	  0	  4	  4	  4	  4	  4	  4	  4	  4	  0	  0	  0	  0	  0	  0	  0	  0	  0	  0	  0	  0	  0	  0	  0	  0	  0	  0	  0	  0	  0	  0	  0	  0	 64	 59	 79	 84	  0	 29	  0	  0	  0	  0	  0	  0	  0	  0	  0	  0	  0	  5	21819	  0
16-10-2015	09:49:15	->	L	00000000	 22	 85	 58	 28	  0	239	  0	  4	  4	  4	  4	  4	  4	  4	  4	  0	  0	  0	  0	  0	  0	  0	  0	  0	  0	  0	  0	  0	  0	  0	  0	  0	  0	  0	  0	  0	  0	  0	  0	 64	 58	 73	 85	  0	 28	  0	  0	  0	  0	  0	  0	  0	  0	  0	  0	  0	  5	21819	  0
16-10-2015	09:54:15	<-	L	00000000	 22	 84	 63	 36	  0	244	  0	  4	  4	  4	  4	  4	  4	  4	  4	  0	  0	  0	  0	  0	  0	  0	  0	  0	  0	  0	  0	  0	  0	  0	  0	  0	  0	  0	  0	  0	  0	  0	  0	 73	 63	 61	 84	  0	 36	  0	  0	  0	  0	  0	  0	  0	  0	  0	  0	  0	  5	21819	  0
16-10-2015	09:59:15	<-	L	00000000	 22	 80	 62	 40	  0	249	  0	  4	  4	  4	  4	  4	  4	  4	  4	  0	  0	  0	  0	  0	  0	  0	  0	  0	  0	  0	  0	  0	  0	  0	  0	  0	  0	  0	  0	  0	  0	  0	  0	 80	 62	 42	 70	  0	 67	  0	  0	  0	  0	  0	  0	  0	  0	  0	  0	  0	  5	21819	  0
16-10-2015	10:04:15	<-	L	00000000	 22	 82	 62	 38	  0	254	  0	  4	  4	  4	  4	  4	  4	  4	  4	  0	  0	  0	  0	  0	  0	  0	  0	  0	  0	  0	  0	  0	  0	  0	  0	  0	  0	  0	  0	  0	  0	  0	  0	 82	 62	 38	 67	  0	 79	  0	  0	  0	  0	  0	  0	  0	  0	  0	  0	  0	  5	21819	  0
16-10-2015	10:09:15	<-	L	00000000	 22	 84	 62	 35	  0	259	  0	  4	  4	  4	  4	  4	  4	  4	  4	  0	  0	  0	  0	  0	  0	  0	  0	  0	  0	  0	  0	  0	  0	  0	  0	  0	  0	  0	  0	  0	  0	  0	  0	 84	 62	 35	 65	  0	 87	  0	  0	  0	  0	  0	  0	  0	  0	  0	  0	  0	  5	21819	  0
16-10-2015	10:14:16	<-	L	00000000	 22	 85	 61	 32	  0	264	  0	  4	  4	  4	  4	  4	  4	  4	  4	  0	  0	  0	  0	  0	  0	  0	  0	  0	  0	  0	  0	  0	  0	  0	  0	  0	  0	  0	  0	  0	  0	  0	  0	 85	 61	 32	 62	  0	 95	  0	  0	  0	  0	  0	  0	  0	  0	  0	  0	  0	  5	21819	  0
16-10-2015	10:19:16	<-	L	00000000	 22	 84	 61	 32	  0	269	  0	  4	  4	  4	  4	  4	  4	  4	  4	  0	  0	  0	  0	  0	  0	  0	  0	  0	  0	  0	  0	  0	  0	  0	  0	  0	  0	  0	  0	  0	  0	  0	  0	 84	 61	 32	 62	  0	 95	  0	  0	  0	  0	  0	  0	  0	  0	  0	  0	  0	  5	21819	  0
16-10-2015	10:24:16	<-	L	00000000	 22	 84	 61	 32	  0	274	  0	  4	  4	  4	  4	  4	  4	  4	  4	  0	  0	  0	  0	  0	  0	  0	  0	  0	  0	  0	  0	  0	  0	  0	  0	  0	  0	  0	  0	  0	  0	  0	  0	 84	 61	 32	 61	  0	100	  0	  0	  0	  0	  0	  0	  0	  0	  0	  0	  0	  5	21819	  0
16-10-2015	10:29:16	<-	L	00000000	 22	 83	 61	 32	  0	279	  0	  4	  4	  4	  4	  4	  4	  4	  4	  0	  0	  0	  0	  0	  0	  0	  0	  0	  0	  0	  0	  0	  0	  0	  0	  0	  0	  0	  0	  0	  0	  0	  0	 83	 61	 35	 60	  0	100	  0	  0	  0	  0	  0	  0	  0	  0	  0	  0	  0	  5	21819	  0
16-10-2015	10:34:16	<-	L	00000000	 22	 83	 61	 35	  0	284	  0	  4	  4	  4	  4	  4	  4	  4	  4	  0	  0	  0	  0	  0	  0	  0	  0	  0	  0	  0	  0	  0	  0	  0	  0	  0	  0	  0	  0	  0	  0	  0	  0	 83	 61	 35	 60	  0	100	  0	  0	  0	  0	  0	  0	  0	  0	  0	  0	  0	  5	21819	  0
16-10-2015	10:39:16	<-	L	00000000	 22	 83	 60	 32	  0	289	  0	  4	  4	  4	  4	  4	  4	  4	  4	  0	  0	  0	  0	  0	  0	  0	  0	  0	  0	  0	  0	  0	  0	  0	  0	  0	  0	  0	  0	  0	  0	  0	  0	 83	 60	 32	 61	  0	 95	  0	  0	  0	  0	  0	  0	  0	  0	  0	  0	  0	  5	21819	  0
16-10-2015	10:44:16	<-	L	00000000	 22	 83	 60	 32	  0	294	  0	  4	  4	  4	  4	  4	  4	  4	  4	  0	  0	  0	  0	  0	  0	  0	  0	  0	  0	  0	  0	  0	  0	  0	  0	  0	  0	  0	  0	  0	  0	  0	  0	 83	 60	 32	 62	  0	 90	  0	  0	  0	  0	  0	  0	  0	  0	  0	  0	  0	  5	21819	  0
16-10-2015	10:49:16	<-	L	00000000	 22	 83	 60	 32	  0	299	  0	  4	  4	  4	  4	  4	  4	  4	  4	  0	  0	  0	  0	  0	  0	  0	  0	  0	  0	  0	  0	  0	  0	  0	  0	  0	  0	  0	  0	  0	  0	  0	  0	 83	 60	 32	 61	  0	 95	  0	  0	  0	  0	  0	  0	  0	  0	  0	  0	  0	  5	21819	  0
16-10-2015	10:54:16	<-	L	00000000	 22	 85	 61	 32	  0	304	  0	  4	  4	  4	  4	  4	  4	  4	  4	  0	  0	  0	  0	  0	  0	  0	  0	  0	  0	  0	  0	  0	  0	  0	  0	  0	  0	  0	  0	  0	  0	  0	  0	 85	 61	 32	 63	  0	 90	  0	  0	  0	  0	  0	  0	  0	  0	  0	  0	  0	  5	21825	  0
16-10-2015	10:59:16	<-	L	00000000	 22	 84	 62	 36	  0	309	  0	  4	  4	  4	  4	  4	  4	  4	  4	  0	  0	  0	  0	  0	  0	  0	  0	  0	  0	  0	  0	  0	  0	  0	  0	  0	  0	  0	  0	  0	  0	  0	  0	 84	 62	 35	 65	  0	 87	  0	  0	  0	  0	  0	  0	  0	  0	  0	  0	  0	  5	21825	  0
16-10-2015	11:04:16	<-	L	00000000	 22	 86	 63	 36	  0	314	  0	  4	  4	  4	  4	  4	  4	  4	  4	  0	  0	  0	  0	  0	  0	  0	  0	  0	  0	  0	  0	  0	  0	  0	  0	  0	  0	  0	  0	  0	  0	  0	  0	 86	 63	 33	 66	  0	 87	  0	  0	  0	  0	  0	  0	  0	  0	  0	  0	  0	  5	21825	  0
16-10-2015	11:09:16	<-	L	00000000	 22	 85	 63	 36	  0	319	  0	  4	  4	  4	  4	  4	  4	  4	  4	  0	  0	  0	  0	  0	  0	  0	  0	  0	  0	  0	  0	  0	  0	  0	  0	  0	  0	  0	  0	  0	  0	  0	  0	 85	 63	 36	 66	  0	 87	  0	  0	  0	  0	  0	  0	  0	  0	  0	  0	  0	  5	21825	  0
16-10-2015	11:14:16	<-	L	00000000	 22	 81	 63	 43	  0	324	  0	  4	  4	  4	  4	  4	  4	  4	  4	  0	  0	  0	  0	  0	  0	  0	  0	  0	  0	  0	  0	  0	  0	  0	  0	  0	  0	  0	  0	  0	  0	  0	  0	 81	 63	 43	 65	  0	 90	  0	  0	  0	  0	  0	  0	  0	  0	  0	  0	  0	  5	21825	  0
16-10-2015	11:19:16	<-	L	00000000	 22	 85	 64	 37	  0	329	  0	  4	  4	  4	  4	  4	  4	  4	  4	  0	  0	  0	  0	  0	  0	  0	  0	  0	  0	  0	  0	  0	  0	  0	  0	  0	  0	  0	  0	  0	  0	  0	  0	 85	 64	 37	 66	  0	 90	  0	  0	  0	  0	  0	  0	  0	  0	  0	  0	  0	  5	21825	  0
16-10-2015	11:24:17	<-	L	00000000	 22	 86	 64	 36	  0	334	  0	  4	  4	  4	  4	  4	  4	  4	  4	  0	  0	  0	  0	  0	  0	  0	  0	  0	  0	  0	  0	  0	  0	  0	  0	  0	  0	  0	  0	  0	  0	  0	  0	 86	 64	 36	 67	  0	 87	  0	  0	  0	  0	  0	  0	  0	  0	  0	  0	  0	  5	21825	  0
16-10-2015	11:29:17	<-	L	00000000	 22	 81	 64	 43	  0	339	  0	  4	  4	  4	  4	  4	  4	  4	  4	  0	  0	  0	  0	  0	  0	  0	  0	  0	  0	  0	  0	  0	  0	  0	  0	  0	  0	  0	  0	  0	  0	  0	  0	 81	 64	 44	 66	  0	 90	  0	  0	  0	  0	  0	  0	  0	  0	  0	  0	  0	  5	21825	  0
16-10-2015	11:34:17	<-	L	00000000	 22	 87	 64	 37	  0	344	  0	  4	  4	  4	  4	  4	  4	  4	  4	  0	  0	  0	  0	  0	  0	  0	  0	  0	  0	  0	  0	  0	  0	  0	  0	  0	  0	  0	  0	  0	  0	  0	  0	 87	 64	 33	 67	  0	 87	  0	  0	  0	  0	  0	  0	  0	  0	  0	  0	  0	  5	21825	  0
16-10-2015	11:39:17	<-	L	00000000	 22	 84	 64	 37	  0	349	  0	  4	  4	  4	  4	  4	  4	  4	  4	  0	  0	  0	  0	  0	  0	  0	  0	  0	  0	  0	  0	  0	  0	  0	  0	  0	  0	  0	  0	  0	  0	  0	  0	 84	 64	 39	 67	  0	 87	  0	  0	  0	  0	  0	  0	  0	  0	  0	  0	  0	  5	21825	  0
16-10-2015	11:44:17	<-	L	00000000	 22	 82	 64	 43	  0	354	  0	  4	  4	  4	  4	  4	  4	  4	  4	  0	  0	  0	  0	  0	  0	  0	  0	  0	  0	  0	  0	  0	  0	  0	  0	  0	  0	  0	  0	  0	  0	  0	  0	 82	 64	 43	 66	  0	 90	  0	  0	  0	  0	  0	  0	  0	  0	  0	  0	  0	  5	21825	  0
16-10-2015	11:49:17	<-	L	00000000	 22	 87	 65	 37	  0	359	  0	  4	  4	  4	  4	  4	  4	  4	  4	  0	  0	  0	  0	  0	  0	  0	  0	  0	  0	  0	  0	  0	  0	  0	  0	  0	  0	  0	  0	  0	  0	  0	  0	 87	 65	 37	 67	  0	 91	  0	  0	  0	  0	  0	  0	  0	  0	  0	  0	  0	  5	21825	  0
16-10-2015	11:54:17	<-	L	00000000	 23	 80	 64	 39	  0	  3	  0	  4	  4	  4	  4	  4	  4	  4	  4	  0	  0	  0	  0	  0	  0	  0	  0	  0	  0	  0	  0	  0	  0	  0	  0	  0	  0	  0	  0	  0	  0	  0	  0	 80	 64	 47	 66	  0	 90	  0	  0	  0	  0	  0	  0	  0	  0	  0	  0	  0	  5	21824	  0
16-10-2015	11:59:17	<-	L	00000000	 23	 81	 64	 44	  0	  8	  0	  4	  4	  4	  4	  4	  4	  4	  4	  0	  0	  0	  0	  0	  0	  0	  0	  0	  0	  0	  0	  0	  0	  0	  0	  0	  0	  0	  0	  0	  0	  0	  0	 81	 64	 44	 65	  0	 95	  0	  0	  0	  0	  0	  0	  0	  0	  0	  0	  0	  5	21824	  0
16-10-2015	12:04:17	<-	L	00000000	 23	 86	 64	 36	  0	 13	  0	  4	  4	  4	  4	  4	  4	  4	  4	  0	  0	  0	  0	  0	  0	  0	  0	  0	  0	  0	  0	  0	  0	  0	  0	  0	  0	  0	  0	  0	  0	  0	  0	 86	 64	 36	 67	  0	 87	  0	  0	  0	  0	  0	  0	  0	  0	  0	  0	  0	  5	21824	  0
16-10-2015	12:09:17	<-	L	00000000	 23	 82	 64	 41	  0	 18	  0	  4	  4	  4	  4	  4	  4	  4	  4	  0	  0	  0	  0	  0	  0	  0	  0	  0	  0	  0	  0	  0	  0	  0	  0	  0	  0	  0	  0	  0	  0	  0	  0	 82	 64	 43	 66	  0	 90	  0	  0	  0	  0	  0	  0	  0	  0	  0	  0	  0	  5	21824	  0
16-10-2015	12:14:17	<-	L	00000000	 23	 85	 64	 37	  0	 23	  0	  4	  4	  4	  4	  4	  4	  4	  4	  0	  0	  0	  0	  0	  0	  0	  0	  0	  0	  0	  0	  0	  0	  0	  0	  0	  0	  0	  0	  0	  0	  0	  0	 85	 64	 37	 66	  0	 90	  0	  0	  0	  0	  0	  0	  0	  0	  0	  0	  0	  5	21824	  0
16-10-2015	12:19:18	<-	L	00000000	 23	 85	 64	 36	  0	 28	  0	  4	  4	  4	  4	  4	  4	  4	  4	  0	  0	  0	  0	  0	  0	  0	  0	  0	  0	  0	  0	  0	  0	  0	  0	  0	  0	  0	  0	  0	  0	  0	  0	 85	 64	 37	 67	  0	 87	  0	  0	  0	  0	  0	  0	  0	  0	  0	  0	  0	  5	21824	  0
16-10-2015	12:24:18	<-	L	00000000	 23	 83	 64	 43	  0	 33	  0	  4	  4	  4	  4	  4	  4	  4	  4	  0	  0	  0	  0	  0	  0	  0	  0	  0	  0	  0	  0	  0	  0	  0	  0	  0	  0	  0	  0	  0	  0	  0	  0	 83	 64	 41	 66	  0	 90	  0	  0	  0	  0	  0	  0	  0	  0	  0	  0	  0	  5	21824	  0
16-10-2015	12:29:17	<-	L	00000000	 23	 86	 64	 36	  0	 38	  0	  4	  4	  4	  4	  4	  4	  4	  4	  0	  0	  0	  0	  0	  0	  0	  0	  0	  0	  0	  0	  0	  0	  0	  0	  0	  0	  0	  0	  0	  0	  0	  0	 86	 64	 36	 67	  0	 87	  0	  0	  0	  0	  0	  0	  0	  0	  0	  0	  0	  5	21824	  0
16-10-2015	12:34:17	<-	L	00000000	 23	 82	 64	 41	  0	 43	  0	  4	  4	  4	  4	  4	  4	  4	  4	  0	  0	  0	  0	  0	  0	  0	  0	  0	  0	  0	  0	  0	  0	  0	  0	  0	  0	  0	  0	  0	  0	  0	  0	 82	 64	 43	 66	  0	 90	  0	  0	  0	  0	  0	  0	  0	  0	  0	  0	  0	  5	21824	  0
16-10-2015	12:39:18	<-	L	00000000	 23	 84	 64	 41	  0	 48	  0	  4	  4	  4	  4	  4	  4	  4	  4	  0	  0	  0	  0	  0	  0	  0	  0	  0	  0	  0	  0	  0	  0	  0	  0	  0	  0	  0	  0	  0	  0	  0	  0	 84	 64	 39	 67	  0	 87	  0	  0	  0	  0	  0	  0	  0	  0	  0	  0	  0	  5	21824	  0
16-10-2015	12:44:18	<-	L	00000000	 23	 86	 64	 36	  0	 53	  0	  4	  4	  4	  4	  4	  4	  4	  4	  0	  0	  0	  0	  0	  0	  0	  0	  0	  0	  0	  0	  0	  0	  0	  0	  0	  0	  0	  0	  0	  0	  0	  0	 86	 64	 36	 67	  0	 87	  0	  0	  0	  0	  0	  0	  0	  0	  0	  0	  0	  5	21824	  0
16-10-2015	12:49:18	<-	L	00000000	 23	 82	 63	 40	  0	 58	  0	  4	  4	  4	  4	  4	  4	  4	  4	  0	  0	  0	  0	  0	  0	  0	  0	  0	  0	  0	  0	  0	  0	  0	  0	  0	  0	  0	  0	  0	  0	  0	  0	 82	 63	 40	 67	  0	 82	  0	  0	  0	  0	  0	  0	  0	  0	  0	  0	  0	  5	21824	  0
16-10-2015	12:54:18	<-	L	00000000	 23	 85	 64	 39	  0	 63	  0	  4	  4	  4	  4	  4	  4	  4	  4	  0	  0	  0	  0	  0	  0	  0	  0	  0	  0	  0	  0	  0	  0	  0	  0	  0	  0	  0	  0	  0	  0	  0	  0	 85	 64	 39	 67	  0	 87	  0	  0	  0	  0	  0	  0	  0	  0	  0	  0	  0	  5	21824	  0
16-10-2015	12:59:18	<-	L	00000000	 23	 86	 64	 36	  0	 68	  0	  4	  4	  4	  4	  4	  4	  4	  4	  0	  0	  0	  0	  0	  0	  0	  0	  0	  0	  0	  0	  0	  0	  0	  0	  0	  0	  0	  0	  0	  0	  0	  0	 86	 64	 36	 67	  0	 87	  0	  0	  0	  0	  0	  0	  0	  0	  0	  0	  0	  5	21824	  0
16-10-2015	13:04:18	<-	L	00000000	 23	 81	 63	 44	  0	 73	  0	  4	  4	  4	  4	  4	  4	  4	  4	  0	  0	  0	  0	  0	  0	  0	  0	  0	  0	  0	  0	  0	  0	  0	  0	  0	  0	  0	  0	  0	  0	  0	  0	 81	 63	 43	 66	  0	 87	  0	  0	  0	  0	  0	  0	  0	  0	  0	  0	  0	  5	21824	  0
16-10-2015	13:09:18	<-	L	00000000	 23	 86	 64	 36	  0	 78	  0	  4	  4	  4	  4	  4	  4	  4	  4	  0	  0	  0	  0	  0	  0	  0	  0	  0	  0	  0	  0	  0	  0	  0	  0	  0	  0	  0	  0	  0	  0	  0	  0	 86	 64	 36	 67	  0	 87	  0	  0	  0	  0	  0	  0	  0	  0	  0	  0	  0	  5	21824	  0
16-10-2015	13:14:18	<-	L	00000000	 23	 83	 64	 39	  0	 83	  0	  4	  4	  4	  4	  4	  4	  4	  4	  0	  0	  0	  0	  0	  0	  0	  0	  0	  0	  0	  0	  0	  0	  0	  0	  0	  0	  0	  0	  0	  0	  0	  0	 83	 64	 41	 67	  0	 87	  0	  0	  0	  0	  0	  0	  0	  0	  0	  0	  0	  5	21824	  0
16-10-2015	13:19:18	<-	L	00000000	 23	 85	 64	 39	  0	 88	  0	  4	  4	  4	  4	  4	  4	  4	  4	  0	  0	  0	  0	  0	  0	  0	  0	  0	  0	  0	  0	  0	  0	  0	  0	  0	  0	  0	  0	  0	  0	  0	  0	 85	 64	 37	 67	  0	 87	  0	  0	  0	  0	  0	  0	  0	  0	  0	  0	  0	  5	21824	  0
16-10-2015	13:24:18	<-	L	00000000	 23	 85	 64	 37	  0	 93	  0	  4	  4	  4	  4	  4	  4	  4	  4	  0	  0	  0	  0	  0	  0	  0	  0	  0	  0	  0	  0	  0	  0	  0	  0	  0	  0	  0	  0	  0	  0	  0	  0	 85	 64	 37	 67	  0	 87	  0	  0	  0	  0	  0	  0	  0	  0	  0	  0	  0	  5	21824	  0
16-10-2015	13:29:19	<-	L	00000000	 23	 82	 64	 43	  0	 98	  0	  4	  4	  4	  4	  4	  4	  4	  4	  0	  0	  0	  0	  0	  0	  0	  0	  0	  0	  0	  0	  0	  0	  0	  0	  0	  0	  0	  0	  0	  0	  0	  0	 82	 64	 43	 66	  0	 90	  0	  0	  0	  0	  0	  0	  0	  0	  0	  0	  0	  5	21824	  0
16-10-2015	13:34:18	<-	L	00000000	 23	 86	 64	 37	  0	103	  0	  4	  4	  4	  4	  4	  4	  4	  4	  0	  0	  0	  0	  0	  0	  0	  0	  0	  0	  0	  0	  0	  0	  0	  0	  0	  0	  0	  0	  0	  0	  0	  0	 86	 64	 36	 67	  0	 87	  0	  0	  0	  0	  0	  0	  0	  0	  0	  0	  0	  5	21824	  0
16-10-2015	13:39:18	<-	L	00000000	 23	 84	 64	 37	  0	108	  0	  4	  4	  4	  4	  4	  4	  4	  4	  0	  0	  0	  0	  0	  0	  0	  0	  0	  0	  0	  0	  0	  0	  0	  0	  0	  0	  0	  0	  0	  0	  0	  0	 84	 64	 39	 67	  0	 87	  0	  0	  0	  0	  0	  0	  0	  0	  0	  0	  0	  5	21824	  0
16-10-2015	13:44:18	<-	L	00000000	 23	 81	 64	 44	  0	113	  0	  4	  4	  4	  4	  4	  4	  4	  4	  0	  0	  0	  0	  0	  0	  0	  0	  0	  0	  0	  0	  0	  0	  0	  0	  0	  0	  0	  0	  0	  0	  0	  0	 81	 64	 44	 67	  0	 87	  0	  0	  0	  0	  0	  0	  0	  0	  0	  0	  0	  5	21824	  0
16-10-2015	13:49:19	<-	L	00000000	 23	 84	 64	 39	  0	118	  0	  4	  4	  4	  4	  4	  4	  4	  4	  0	  0	  0	  0	  0	  0	  0	  0	  0	  0	  0	  0	  0	  0	  0	  0	  0	  0	  0	  0	  0	  0	  0	  0	 84	 64	 39	 67	  0	 87	  0	  0	  0	  0	  0	  0	  0	  0	  0	  0	  0	  5	21824	  0
16-10-2015	13:54:19	  	L	00000000	 23	 84	 64	 37	  0	123	  0	  4	  4	  4	  4	  4	  4	  4	  4	  0	  0	  0	  0	  0	  0	  0	  0	  0	  0	  0	  0	  0	  0	  0	  0	  0	  0	  0	  0	  0	  0	  0	  0	 84	 64	 39	 68	  0	 82	  0	  0	  0	  0	  0	  0	  0	  0	  0	  0	  0	  5	21824	  0
16-10-2015	13:59:19	->	L	00000000	 23	 83	 60	 31	  0	128	  0	  4	  4	  4	  4	  4	  4	  4	  4	  0	  0	  0	  0	  0	  0	  0	  0	  0	  0	  0	  0	  0	  0	  0	  0	  0	  0	  0	  0	  0	  0	  0	  0	 70	 60	 60	 83	  0	 32	  0	  0	  0	  0	  0	  0	  0	  0	  0	  0	  0	  5	21824	  0
16-10-2015	14:04:19	->	L	00000000	 23	 84	 59	 29	  0	133	  0	  4	  4	  4	  4	  4	  4	  4	  4	  0	  0	  0	  0	  0	  0	  0	  0	  0	  0	  0	  0	  0	  0	  0	  0	  0	  0	  0	  0	  0	  0	  0	  0	 68	 59	 63	 84	  0	 29	  0	  0	  0	  0	  0	  0	  0	  0	  0	  0	  0	  5	21824	  0
16-10-2015	14:09:20	->	L	00000000	 23	 84	 59	 31	  0	138	  0	  4	  4	  4	  4	  4	  4	  4	  4	  0	  0	  0	  0	  0	  0	  0	  0	  0	  0	  0	  0	  0	  0	  0	  0	  0	  0	  0	  0	  0	  0	  0	  0	 67	 59	 67	 84	  0	 29	  0	  0	  0	  0	  0	  0	  0	  0	  0	  0	  0	  5	21824	  0
16-10-2015	14:14:19	->	L	00000000	 23	 84	 59	 29	  0	143	  0	  4	  4	  4	  4	  4	  4	  4	  4	  0	  0	  0	  0	  0	  0	  0	  0	  0	  0	  0	  0	  0	  0	  0	  0	  0	  0	  0	  0	  0	  0	  0	  0	 66	 59	 70	 84	  0	 29	  0	  0	  0	  0	  0	  0	  0	  0	  0	  0	  0	  5	21824	  0
16-10-2015	14:19:19	->	L	00000000	 23	 84	 59	 29	  0	148	  0	  4	  4	  4	  4	  4	  4	  4	  4	  0	  0	  0	  0	  0	  0	  0	  0	  0	  0	  0	  0	  0	  0	  0	  0	  0	  0	  0	  0	  0	  0	  0	  0	 67	 59	 67	 84	  0	 29	  0	  0	  0	  0	  0	  0	  0	  0	  0	  0	  0	  5	21824	  0
16-10-2015	14:24:19	->	L	00000000	 23	 84	 59	 29	  0	153	  0	  4	  4	  4	  4	  4	  4	  4	  4	  0	  0	  0	  0	  0	  0	  0	  0	  0	  0	  0	  0	  0	  0	  0	  0	  0	  0	  0	  0	  0	  0	  0	  0	 67	 59	 67	 84	  0	 29	  0	  0	  0	  0	  0	  0	  0	  0	  0	  0	  0	  5	21824	  0
16-10-2015	14:29:19	->	L	00000000	 23	 84	 59	 32	  0	158	  0	  4	  4	  4	  4	  4	  4	  4	  4	  0	  0	  0	  0	  0	  0	  0	  0	  0	  0	  0	  0	  0	  0	  0	  0	  0	  0	  0	  0	  0	  0	  0	  0	 68	 59	 63	 84	  0	 29	  0	  0	  0	  0	  0	  0	  0	  0	  0	  0	  0	  5	21819	  0
16-10-2015	14:34:19	->	L	00000000	 23	 84	 60	 30	  0	163	  0	  4	  4	  4	  4	  4	  4	  4	  4	  0	  0	  0	  0	  0	  0	  0	  0	  0	  0	  0	  0	  0	  0	  0	  0	  0	  0	  0	  0	  0	  0	  0	  0	 68	 60	 67	 84	  0	 32	  0	  0	  0	  0	  0	  0	  0	  0	  0	  0	  0	  5	21819	  0
16-10-2015	14:39:19	->	L	00000000	 23	 84	 59	 29	  0	168	  0	  4	  4	  4	  4	  4	  4	  4	  4	  0	  0	  0	  0	  0	  0	  0	  0	  0	  0	  0	  0	  0	  0	  0	  0	  0	  0	  0	  0	  0	  0	  0	  0	 67	 59	 67	 84	  0	 29	  0	  0	  0	  0	  0	  0	  0	  0	  0	  0	  0	  5	21819	  0
16-10-2015	14:44:19	->	L	00000000	 23	 84	 59	 29	  0	173	  0	  4	  4	  4	  4	  4	  4	  4	  4	  0	  0	  0	  0	  0	  0	  0	  0	  0	  0	  0	  0	  0	  0	  0	  0	  0	  0	  0	  0	  0	  0	  0	  0	 67	 59	 67	 84	  0	 29	  0	  0	  0	  0	  0	  0	  0	  0	  0	  0	  0	  5	21819	  0
16-10-2015	14:49:19	->	L	00000000	 23	 84	 59	 30	  0	178	  0	  4	  4	  4	  4	  4	  4	  4	  4	  0	  0	  0	  0	  0	  0	  0	  0	  0	  0	  0	  0	  0	  0	  0	  0	  0	  0	  0	  0	  0	  0	  0	  0	 68	 59	 63	 84	  0	 29	  0	  0	  0	  0	  0	  0	  0	  0	  0	  0	  0	  5	21819	  0
16-10-2015	14:54:19	->	L	00000000	 23	 84	 59	 29	  0	183	  0	  4	  4	  4	  4	  4	  4	  4	  4	  0	  0	  0	  0	  0	  0	  0	  0	  0	  0	  0	  0	  0	  0	  0	  0	  0	  0	  0	  0	  0	  0	  0	  0	 68	 59	 63	 84	  0	 29	  0	  0	  0	  0	  0	  0	  0	  0	  0	  0	  0	  5	21819	  0
16-10-2015	14:59:19	->	L	00000000	 23	 84	 59	 29	  0	188	  0	  4	  4	  4	  4	  4	  4	  4	  4	  0	  0	  0	  0	  0	  0	  0	  0	  0	  0	  0	  0	  0	  0	  0	  0	  0	  0	  0	  0	  0	  0	  0	  0	 68	 59	 63	 84	  0	 29	  0	  0	  0	  0	  0	  0	  0	  0	  0	  0	  0	  5	21819	  0
16-10-2015	15:04:20	->	L	00000000	 23	 84	 60	 29	  0	193	  0	  4	  4	  4	  4	  4	  4	  4	  4	  0	  0	  0	  0	  0	  0	  0	  0	  0	  0	  0	  0	  0	  0	  0	  0	  0	  0	  0	  0	  0	  0	  0	  0	 68	 60	 67	 84	  0	 32	  0	  0	  0	  0	  0	  0	  0	  0	  0	  0	  0	  5	21819	  0
16-10-2015	15:09:20	->	L	00000000	 23	 83	 59	 31	  0	198	  0	  4	  4	  4	  4	  4	  4	  4	  4	  0	  0	  0	  0	  0	  0	  0	  0	  0	  0	  0	  0	  0	  0	  0	  0	  0	  0	  0	  0	  0	  0	  0	  0	 68	 59	 63	 83	  0	 31	  0	  0	  0	  0	  0	  0	  0	  0	  0	  0	  0	  5	21819	  0
16-10-2015	15:14:20	->	L	00000000	 23	 83	 59	 31	  0	203	  0	  4	  4	  4	  4	  4	  4	  4	  4	  0	  0	  0	  0	  0	  0	  0	  0	  0	  0	  0	  0	  0	  0	  0	  0	  0	  0	  0	  0	  0	  0	  0	  0	 68	 59	 63	 83	  0	 31	  0	  0	  0	  0	  0	  0	  0	  0	  0	  0	  0	  5	21819	  0
16-10-2015	15:19:20	->	L	00000000	 23	 84	 58	 29	  0	208	  0	  4	  4	  4	  4	  4	  4	  4	  4	  0	  0	  0	  0	  0	  0	  0	  0	  0	  0	  0	  0	  0	  0	  0	  0	  0	  0	  0	  0	  0	  0	  0	  0	 67	 58	 63	 84	  0	 29	  0	  0	  0	  0	  0	  0	  0	  0	  0	  0	  0	  5	21819	  0
16-10-2015	15:24:20	->	L	00000000	 23	 84	 58	 29	  0	213	  0	  4	  4	  4	  4	  4	  4	  4	  4	  0	  0	  0	  0	  0	  0	  0	  0	  0	  0	  0	  0	  0	  0	  0	  0	  0	  0	  0	  0	  0	  0	  0	  0	 66	 58	 66	 84	  0	 29	  0	  0	  0	  0	  0	  0	  0	  0	  0	  0	  0	  5	21819	  0
16-10-2015	15:29:20	->	L	00000000	 23	 84	 59	 29	  0	218	  0	  4	  4	  4	  4	  4	  4	  4	  4	  0	  0	  0	  0	  0	  0	  0	  0	  0	  0	  0	  0	  0	  0	  0	  0	  0	  0	  0	  0	  0	  0	  0	  0	 67	 59	 67	 84	  0	 29	  0	  0	  0	  0	  0	  0	  0	  0	  0	  0	  0	  5	21819	  0
16-10-2015	15:34:20	->	L	00000000	 23	 84	 59	 29	  0	223	  0	  4	  4	  4	  4	  4	  4	  4	  4	  0	  0	  0	  0	  0	  0	  0	  0	  0	  0	  0	  0	  0	  0	  0	  0	  0	  0	  0	  0	  0	  0	  0	  0	 67	 59	 67	 84	  0	 29	  0	  0	  0	  0	  0	  0	  0	  0	  0	  0	  0	  5	21819	  0
16-10-2015	15:39:20	->	L	00000000	 23	 84	 58	 29	  0	228	  0	  4	  4	  4	  4	  4	  4	  4	  4	  0	  0	  0	  0	  0	  0	  0	  0	  0	  0	  0	  0	  0	  0	  0	  0	  0	  0	  0	  0	  0	  0	  0	  0	 67	 58	 63	 84	  0	 29	  0	  0	  0	  0	  0	  0	  0	  0	  0	  0	  0	  5	21819	  0
16-10-2015	15:44:20	->	L	00000000	 23	 84	 59	 29	  0	233	  0	  4	  4	  4	  4	  4	  4	  4	  4	  0	  0	  0	  0	  0	  0	  0	  0	  0	  0	  0	  0	  0	  0	  0	  0	  0	  0	  0	  0	  0	  0	  0	  0	 67	 59	 67	 84	  0	 29	  0	  0	  0	  0	  0	  0	  0	  0	  0	  0	  0	  5	21819	  0
16-10-2015	15:49:21	->	L	00000000	 23	 85	 59	 30	  0	238	  0	  4	  4	  4	  4	  4	  4	  4	  4	  0	  0	  0	  0	  0	  0	  0	  0	  0	  0	  0	  0	  0	  0	  0	  0	  0	  0	  0	  0	  0	  0	  0	  0	 67	 59	 67	 85	  0	 30	  0	  0	  0	  0	  0	  0	  0	  0	  0	  0	  0	  5	21819	  0
16-10-2015	15:54:20	->	L	00000000	 23	 85	 59	 29	  0	243	  0	  4	  4	  4	  4	  4	  4	  4	  4	  0	  0	  0	  0	  0	  0	  0	  0	  0	  0	  0	  0	  0	  0	  0	  0	  0	  0	  0	  0	  0	  0	  0	  0	 68	 59	 63	 85	  0	 30	  0	  0	  0	  0	  0	  0	  0	  0	  0	  0	  0	  5	21819	  0
16-10-2015	15:59:20	->	L	00000000	 23	 84	 59	 29	  0	248	  0	  4	  4	  4	  4	  4	  4	  4	  4	  0	  0	  0	  0	  0	  0	  0	  0	  0	  0	  0	  0	  0	  0	  0	  0	  0	  0	  0	  0	  0	  0	  0	  0	 67	 59	 67	 84	  0	 29	  0	  0	  0	  0	  0	  0	  0	  0	  0	  0	  0	  5	21819	  0
16-10-2015	16:04:20	->	L	00000000	 23	 85	 59	 30	  0	253	  0	  4	  4	  4	  4	  4	  4	  4	  4	  0	  0	  0	  0	  0	  0	  0	  0	  0	  0	  0	  0	  0	  0	  0	  0	  0	  0	  0	  0	  0	  0	  0	  0	 67	 59	 67	 85	  0	 30	  0	  0	  0	  0	  0	  0	  0	  0	  0	  0	  0	  5	21819	  0
16-10-2015	16:09:21	->	L	00000000	 23	 85	 59	 30	  0	258	  0	  4	  4	  4	  4	  4	  4	  4	  4	  0	  0	  0	  0	  0	  0	  0	  0	  0	  0	  0	  0	  0	  0	  0	  0	  0	  0	  0	  0	  0	  0	  0	  0	 67	 59	 67	 85	  0	 30	  0	  0	  0	  0	  0	  0	  0	  0	  0	  0	  0	  5	21819	  0
16-10-2015	16:14:21	->	L	00000000	 23	 85	 58	 28	  0	263	  0	  4	  4	  4	  4	  4	  4	  4	  4	  0	  0	  0	  0	  0	  0	  0	  0	  0	  0	  0	  0	  0	  0	  0	  0	  0	  0	  0	  0	  0	  0	  0	  0	 66	 58	 66	 85	  0	 28	  0	  0	  0	  0	  0	  0	  0	  0	  0	  0	  0	  5	21819	  0
16-10-2015	16:19:21	->	L	00000000	 23	 85	 59	 30	  0	268	  0	  4	  4	  4	  4	  4	  4	  4	  4	  0	  0	  0	  0	  0	  0	  0	  0	  0	  0	  0	  0	  0	  0	  0	  0	  0	  0	  0	  0	  0	  0	  0	  0	 67	 59	 67	 85	  0	 30	  0	  0	  0	  0	  0	  0	  0	  0	  0	  0	  0	  5	21819	  0
16-10-2015	16:24:21	->	L	00000000	 23	 85	 59	 30	  0	273	  0	  4	  4	  4	  4	  4	  4	  4	  4	  0	  0	  0	  0	  0	  0	  0	  0	  0	  0	  0	  0	  0	  0	  0	  0	  0	  0	  0	  0	  0	  0	  0	  0	 67	 59	 67	 85	  0	 30	  0	  0	  0	  0	  0	  0	  0	  0	  0	  0	  0	  5	21819	  0
16-10-2015	16:29:21	->	L	00000000	 23	 85	 59	 30	  0	278	  0	  4	  4	  4	  4	  4	  4	  4	  4	  0	  0	  0	  0	  0	  0	  0	  0	  0	  0	  0	  0	  0	  0	  0	  0	  0	  0	  0	  0	  0	  0	  0	  0	 67	 59	 67	 85	  0	 30	  0	  0	  0	  0	  0	  0	  0	  0	  0	  0	  0	  5	21819	  0
16-10-2015	16:34:21	->	L	00000000	 23	 85	 59	 28	  0	283	  0	  4	  4	  4	  4	  4	  4	  4	  4	  0	  0	  0	  0	  0	  0	  0	  0	  0	  0	  0	  0	  0	  0	  0	  0	  0	  0	  0	  0	  0	  0	  0	  0	 67	 59	 67	 85	  0	 30	  0	  0	  0	  0	  0	  0	  0	  0	  0	  0	  0	  5	21819	  0
16-10-2015	16:39:21	->	L	00000000	 23	 85	 60	 30	  0	288	  0	  4	  4	  4	  4	  4	  4	  4	  4	  0	  0	  0	  0	  0	  0	  0	  0	  0	  0	  0	  0	  0	  0	  0	  0	  0	  0	  0	  0	  0	  0	  0	  0	 68	 60	 67	 85	  0	 30	  0	  0	  0	  0	  0	  0	  0	  0	  0	  0	  0	  5	21819	  0
16-10-2015	16:44:21	->	L	00000000	 23	 85	 59	 30	  0	293	  0	  4	  4	  4	  4	  4	  4	  4	  4	  0	  0	  0	  0	  0	  0	  0	  0	  0	  0	  0	  0	  0	  0	  0	  0	  0	  0	  0	  0	  0	  0	  0	  0	 67	 59	 67	 85	  0	 30	  0	  0	  0	  0	  0	  0	  0	  0	  0	  0	  0	  5	21819	  0
16-10-2015	16:49:21	->	L	00000000	 23	 85	 59	 30	  0	298	  0	  4	  4	  4	  4	  4	  4	  4	  4	  0	  0	  0	  0	  0	  0	  0	  0	  0	  0	  0	  0	  0	  0	  0	  0	  0	  0	  0	  0	  0	  0	  0	  0	 67	 59	 67	 85	  0	 30	  0	  0	  0	  0	  0	  0	  0	  0	  0	  0	  0	  5	21819	  0
16-10-2015	16:54:21	->	L	00000000	 23	 85	 59	 30	  0	303	  0	  4	  4	  4	  4	  4	  4	  4	  4	  0	  0	  0	  0	  0	  0	  0	  0	  0	  0	  0	  0	  0	  0	  0	  0	  0	  0	  0	  0	  0	  0	  0	  0	 68	 59	 63	 85	  0	 30	  0	  0	  0	  0	  0	  0	  0	  0	  0	  0	  0	  5	21819	  0
16-10-2015	16:59:22	->	L	00000000	 23	 85	 59	 30	  0	308	  0	  4	  4	  4	  4	  4	  4	  4	  4	  0	  0	  0	  0	  0	  0	  0	  0	  0	  0	  0	  0	  0	  0	  0	  0	  0	  0	  0	  0	  0	  0	  0	  0	 67	 59	 67	 85	  0	 30	  0	  0	  0	  0	  0	  0	  0	  0	  0	  0	  0	  5	21819	  0
16-10-2015	17:04:21	->	L	00000000	 23	 85	 59	 30	  0	313	  0	  4	  4	  4	  4	  4	  4	  4	  4	  0	  0	  0	  0	  0	  0	  0	  0	  0	  0	  0	  0	  0	  0	  0	  0	  0	  0	  0	  0	  0	  0	  0	  0	 67	 59	 67	 85	  0	 30	  0	  0	  0	  0	  0	  0	  0	  0	  0	  0	  0	  5	21819	  0
16-10-2015	17:09:21	->	L	00000000	 23	 85	 59	 30	  0	318	  0	  4	  4	  4	  4	  4	  4	  4	  4	  0	  0	  0	  0	  0	  0	  0	  0	  0	  0	  0	  0	  0	  0	  0	  0	  0	  0	  0	  0	  0	  0	  0	  0	 67	 59	 67	 85	  0	 30	  0	  0	  0	  0	  0	  0	  0	  0	  0	  0	  0	  5	21819	  0
16-10-2015	17:14:21	->	L	00000000	 23	 85	 59	 30	  0	323	  0	  4	  4	  4	  4	  4	  4	  4	  4	  0	  0	  0	  0	  0	  0	  0	  0	  0	  0	  0	  0	  0	  0	  0	  0	  0	  0	  0	  0	  0	  0	  0	  0	 67	 59	 67	 85	  0	 30	  0	  0	  0	  0	  0	  0	  0	  0	  0	  0	  0	  5	21819	  0
16-10-2015	17:19:21	->	L	00000000	 23	 84	 58	 29	  0	328	  0	  4	  4	  4	  4	  4	  4	  4	  4	  0	  0	  0	  0	  0	  0	  0	  0	  0	  0	  0	  0	  0	  0	  0	  0	  0	  0	  0	  0	  0	  0	  0	  0	 67	 58	 63	 84	  0	 29	  0	  0	  0	  0	  0	  0	  0	  0	  0	  0	  0	  5	21819	  0
16-10-2015	17:24:22	->	L	00000000	 23	 84	 59	 29	  0	333	  0	  4	  4	  4	  4	  4	  4	  4	  4	  0	  0	  0	  0	  0	  0	  0	  0	  0	  0	  0	  0	  0	  0	  0	  0	  0	  0	  0	  0	  0	  0	  0	  0	 67	 59	 67	 84	  0	 29	  0	  0	  0	  0	  0	  0	  0	  0	  0	  0	  0	  5	21819	  0
16-10-2015	17:29:22	->	L	00000000	 23	 83	 59	 31	  0	338	  0	  4	  4	  4	  4	  4	  4	  4	  4	  0	  0	  0	  0	  0	  0	  0	  0	  0	  0	  0	  0	  0	  0	  0	  0	  0	  0	  0	  0	  0	  0	  0	  0	 67	 59	 67	 83	  0	 31	  0	  0	  0	  0	  0	  0	  0	  0	  0	  0	  0	  5	21819	  0
16-10-2015	17:34:22	->	L	00000000	 23	 84	 60	 29	  0	343	  0	  4	  4	  4	  4	  4	  4	  4	  4	  0	  0	  0	  0	  0	  0	  0	  0	  0	  0	  0	  0	  0	  0	  0	  0	  0	  0	  0	  0	  0	  0	  0	  0	 67	 60	 70	 84	  0	 32	  0	  0	  0	  0	  0	  0	  0	  0	  0	  0	  0	  5	21819	  0
16-10-2015	17:39:22	->	L	00000000	 23	 83	 59	 32	  0	348	  0	  4	  4	  4	  4	  4	  4	  4	  4	  0	  0	  0	  0	  0	  0	  0	  0	  0	  0	  0	  0	  0	  0	  0	  0	  0	  0	  0	  0	  0	  0	  0	  0	 67	 59	 67	 83	  0	 31	  0	  0	  0	  0	  0	  0	  0	  0	  0	  0	  0	  5	21819	  0
16-10-2015	17:44:22	->	L	00000000	 23	 83	 59	 29	  0	353	  0	  4	  4	  4	  4	  4	  4	  4	  4	  0	  0	  0	  0	  0	  0	  0	  0	  0	  0	  0	  0	  0	  0	  0	  0	  0	  0	  0	  0	  0	  0	  0	  0	 67	 59	 67	 83	  0	 31	  0	  0	  0	  0	  0	  0	  0	  0	  0	  0	  0	  5	21819	  0
16-10-2015	17:49:22	->	L	00000000	 23	 83	 59	 29	  0	358	  0	  4	  4	  4	  4	  4	  4	  4	  4	  0	  0	  0	  0	  0	  0	  0	  0	  0	  0	  0	  0	  0	  0	  0	  0	  0	  0	  0	  0	  0	  0	  0	  0	 67	 59	 67	 83	  0	 31	  0	  0	  0	  0	  0	  0	  0	  0	  0	  0	  0	  5	21819	  0
