13-11-2015	19:55:39	  	L	00000000	 10	 36	 23	 38	  0	  2	  0	  4	  4	  4	  4	  4	  4	  4	  4	  0	  0	  0	  0	  0	  0	  0	  0	  0	  0	  0	  0	  0	  0	  0	  0	  0	  0	  0	  0	  0	  0	  0	  0	 28	 23	 74	 36	  0	 38	  0	  0	  0	  0	  0	  0	  0	  0	  0	  0	  0	  5	8985	  1
13-11-2015	20:00:39	->	L	00000000	 10	 38	 23	 34	  0	  7	  0	  4	  4	  4	  4	  4	  4	  4	  4	  0	  0	  0	  0	  0	  0	  0	  0	  0	  0	  0	  0	  0	  0	  0	  0	  0	  0	  0	  0	  0	  0	  0	  0	 30	 23	 61	 38	  0	 34	  0	  0	  0	  0	  0	  0	  0	  0	  0	  0	  0	  5	9242	  1
13-11-2015	20:05:40	->	L	00000000	 10	 39	 23	 34	  0	 12	  0	  4	  4	  4	  4	  4	  4	  4	  4	  0	  0	  0	  0	  0	  0	  0	  0	  0	  0	  0	  0	  0	  0	  0	  0	  0	  0	  0	  0	  0	  0	  0	  0	 30	 23	 61	 39	  0	 30	  0	  0	  0	  0	  0	  0	  0	  0	  0	  0	  0	  5	9499	  1
13-11-2015	20:10:40	->	L	00000000	 10	 40	 25	 31	  0	 17	  0	  4	  4	  4	  4	  4	  4	  4	  4	  0	  0	  0	  0	  0	  0	  0	  0	  0	  0	  0	  0	  0	  0	  0	  0	  0	  0	  0	  0	  0	  0	  0	  0	 31	 25	 66	 40	  0	 35	  0	  0	  0	  0	  0	  0	  0	  0	  0	  0	  0	  5	9756	  1
13-11-2015	20:15:40	->	L	00000000	 10	 37	 26	 47	  0	 22	  0	  4	  4	  4	  4	  4	  4	  4	  4	  0	  0	  0	  0	  0	  0	  0	  0	  0	  0	  0	  0	  0	  0	  0	  0	  0	  0	  0	  0	  0	  0	  0	  0	 31	 26	 74	 37	  0	 47	  0	  0	  0	  0	  0	  0	  0	  0	  0	  0	  0	  5	10013	  1
13-11-2015	20:20:40	->	L	00000000	 10	 45	 28	 29	  0	 27	  0	  4	  4	  4	  4	  4	  4	  4	  4	  0	  0	  0	  0	  0	  0	  0	  0	  0	  0	  0	  0	  0	  0	  0	  0	  0	  0	  0	  0	  0	  0	  0	  0	 33	 28	 74	 45	  0	 29	  0	  0	  0	  0	  0	  0	  0	  0	  0	  0	  0	  5	10270	  1
13-11-2015	20:25:40	->	L	00000000	 10	 42	 29	 38	  0	 32	  0	  4	  4	  4	  4	  4	  4	  4	  4	  0	  0	  0	  0	  0	  0	  0	  0	  0	  0	  0	  0	  0	  0	  0	  0	  0	  0	  0	  0	  0	  0	  0	  0	 34	 29	 75	 42	  0	 41	  0	  0	  0	  0	  0	  0	  0	  0	  0	  0	  0	  5	10527	  1
13-11-2015	20:30:40	->	L	00000000	 10	 41	 30	 48	  0	 37	  0	  4	  4	  4	  4	  4	  4	  4	  4	  0	  0	  0	  0	  0	  0	  0	  0	  0	  0	  0	  0	  0	  0	  0	  0	  0	  0	  0	  0	  0	  0	  0	  0	 34	 30	 77	 41	  0	 48	  0	  0	  0	  0	  0	  0	  0	  0	  0	  0	  0	  5	10784	  1
13-11-2015	20:35:40	->	L	00000000	 10	 46	 31	 39	  0	 42	  0	  4	  4	  4	  4	  4	  4	  4	  4	  0	  0	  0	  0	  0	  0	  0	  0	  0	  0	  0	  0	  0	  0	  0	  0	  0	  0	  0	  0	  0	  0	  0	  0	 35	 31	 78	 46	  0	 37	  0	  0	  0	  0	  0	  0	  0	  0	  0	  0	  0	  5	11041	  1
13-11-2015	20:40:41	->	L	00000000	 10	 47	 32	 34	  0	 47	  0	  4	  4	  4	  4	  4	  4	  4	  4	  0	  0	  0	  0	  0	  0	  0	  0	  0	  0	  0	  0	  0	  0	  0	  0	  0	  0	  0	  0	  0	  0	  0	  0	 36	 32	 78	 47	  0	 37	  0	  0	  0	  0	  0	  0	  0	  0	  0	  0	  0	  5	11298	  1
13-11-2015	20:45:41	->	L	00000000	 10	 45	 34	 49	  0	 52	  0	  4	  4	  4	  4	  4	  4	  4	  4	  0	  0	  0	  0	  0	  0	  0	  0	  0	  0	  0	  0	  0	  0	  0	  0	  0	  0	  0	  0	  0	  0	  0	  0	 37	 34	 84	 45	  0	 49	  0	  0	  0	  0	  0	  0	  0	  0	  0	  0	  0	  5	11555	  1
13-11-2015	20:50:40	->	L	00000000	 10	 44	 34	 49	  0	 57	  0	  4	  4	  4	  4	  4	  4	  4	  4	  0	  0	  0	  0	  0	  0	  0	  0	  0	  0	  0	  0	  0	  0	  0	  0	  0	  0	  0	  0	  0	  0	  0	  0	 37	 34	 84	 44	  0	 53	  0	  0	  0	  0	  0	  0	  0	  0	  0	  0	  0	  5	11812	  1
13-11-2015	20:55:40	->	L	00000000	 10	 49	 36	 43	  0	 62	  0	  4	  4	  4	  4	  4	  4	  4	  4	  0	  0	  0	  0	  0	  0	  0	  0	  0	  0	  0	  0	  0	  0	  0	  0	  0	  0	  0	  0	  0	  0	  0	  0	 38	 36	 89	 49	  0	 43	  0	  0	  0	  0	  0	  0	  0	  0	  0	  0	  0	  5	12069	  1
13-11-2015	21:00:40	->	L	00000000	 10	 52	 36	 39	  0	 67	  0	  4	  4	  4	  4	  4	  4	  4	  4	  0	  0	  0	  0	  0	  0	  0	  0	  0	  0	  0	  0	  0	  0	  0	  0	  0	  0	  0	  0	  0	  0	  0	  0	 39	 36	 84	 52	  0	 36	  0	  0	  0	  0	  0	  0	  0	  0	  0	  0	  0	  5	12326	  1
13-11-2015	21:05:40	->	L	00000000	 10	 52	 38	 39	  0	 72	  0	  4	  4	  4	  4	  4	  4	  4	  4	  0	  0	  0	  0	  0	  0	  0	  0	  0	  0	  0	  0	  0	  0	  0	  0	  0	  0	  0	  0	  0	  0	  0	  0	 40	 38	 89	 52	  0	 42	  0	  0	  0	  0	  0	  0	  0	  0	  0	  0	  0	  5	12840	  1
13-11-2015	21:10:40	->	L	00000000	 10	 51	 38	 44	  0	 77	  0	  4	  4	  4	  4	  4	  4	  4	  4	  0	  0	  0	  0	  0	  0	  0	  0	  0	  0	  0	  0	  0	  0	  0	  0	  0	  0	  0	  0	  0	  0	  0	  0	 41	 38	 84	 51	  0	 44	  0	  0	  0	  0	  0	  0	  0	  0	  0	  0	  0	  5	13097	  1
13-11-2015	21:15:41	->	L	00000000	 10	 50	 39	 51	  0	 82	  0	  4	  4	  4	  4	  4	  4	  4	  4	  0	  0	  0	  0	  0	  0	  0	  0	  0	  0	  0	  0	  0	  0	  0	  0	  0	  0	  0	  0	  0	  0	  0	  0	 41	 39	 89	 50	  0	 51	  0	  0	  0	  0	  0	  0	  0	  0	  0	  0	  0	  5	13354	  1
13-11-2015	21:20:41	->	L	00000000	 10	 55	 40	 42	  0	 87	  0	  4	  4	  4	  4	  4	  4	  4	  4	  0	  0	  0	  0	  0	  0	  0	  0	  0	  0	  0	  0	  0	  0	  0	  0	  0	  0	  0	  0	  0	  0	  0	  0	 42	 40	 89	 55	  0	 40	  0	  0	  0	  0	  0	  0	  0	  0	  0	  0	  0	  5	13611	  1
13-11-2015	21:25:41	->	L	00000000	 10	 58	 41	 35	  0	 92	  0	  4	  4	  4	  4	  4	  4	  4	  4	  0	  0	  0	  0	  0	  0	  0	  0	  0	  0	  0	  0	  0	  0	  0	  0	  0	  0	  0	  0	  0	  0	  0	  0	 43	 41	 89	 58	  0	 35	  0	  0	  0	  0	  0	  0	  0	  0	  0	  0	  0	  5	13868	  1
13-11-2015	21:30:41	->	L	00000000	 10	 55	 41	 41	  0	 97	  0	  4	  4	  4	  4	  4	  4	  4	  4	  0	  0	  0	  0	  0	  0	  0	  0	  0	  0	  0	  0	  0	  0	  0	  0	  0	  0	  0	  0	  0	  0	  0	  0	 43	 41	 89	 55	  0	 43	  0	  0	  0	  0	  0	  0	  0	  0	  0	  0	  0	  5	14125	  1
13-11-2015	21:35:41	->	L	00000000	 10	 56	 42	 45	  0	102	  0	  4	  4	  4	  4	  4	  4	  4	  4	  0	  0	  0	  0	  0	  0	  0	  0	  0	  0	  0	  0	  0	  0	  0	  0	  0	  0	  0	  0	  0	  0	  0	  0	 44	 42	 89	 56	  0	 43	  0	  0	  0	  0	  0	  0	  0	  0	  0	  0	  0	  5	14382	  1
13-11-2015	21:40:41	->	L	00000000	 10	 60	 43	 36	  0	107	  0	  4	  4	  4	  4	  4	  4	  4	  4	  0	  0	  0	  0	  0	  0	  0	  0	  0	  0	  0	  0	  0	  0	  0	  0	  0	  0	  0	  0	  0	  0	  0	  0	 45	 43	 89	 60	  0	 36	  0	  0	  0	  0	  0	  0	  0	  0	  0	  0	  0	  5	14639	  1
13-11-2015	21:45:41	->	L	00000000	 10	 57	 43	 46	  0	112	  0	  4	  4	  4	  4	  4	  4	  4	  4	  0	  0	  0	  0	  0	  0	  0	  0	  0	  0	  0	  0	  0	  0	  0	  0	  0	  0	  0	  0	  0	  0	  0	  0	 46	 43	 85	 57	  0	 43	  0	  0	  0	  0	  0	  0	  0	  0	  0	  0	  0	  5	14896	  1
13-11-2015	21:50:41	->	L	00000000	 10	 61	 44	 36	  0	117	  0	  4	  4	  4	  4	  4	  4	  4	  4	  0	  0	  0	  0	  0	  0	  0	  0	  0	  0	  0	  0	  0	  0	  0	  0	  0	  0	  0	  0	  0	  0	  0	  0	 46	 44	 89	 61	  0	 36	  0	  0	  0	  0	  0	  0	  0	  0	  0	  0	  0	  5	15153	  1
13-11-2015	21:55:41	  	L	00000000	 10	 64	 47	 36	  0	122	  0	  4	  4	  4	  4	  4	  4	  4	  4	  0	  0	  0	  0	  0	  0	  0	  0	  0	  0	  0	  0	  0	  0	  0	  0	  0	  0	  0	  0	  0	  0	  0	  0	 50	 47	 85	 64	  0	 37	  0	  0	  0	  0	  0	  0	  0	  0	  0	  0	  0	  5	15410	  1
13-11-2015	22:00:41	<-	L	00000000	 10	 63	 51	 52	  0	127	  0	  4	  4	  4	  4	  4	  4	  4	  4	  0	  0	  0	  0	  0	  0	  0	  0	  0	  0	  0	  0	  0	  0	  0	  0	  0	  0	  0	  0	  0	  0	  0	  0	 63	 51	 52	 56	  0	 78	  0	  0	  0	  0	  0	  0	  0	  0	  0	  0	  0	  5	15667	  1
13-11-2015	22:05:41	<-	L	00000000	 10	 64	 51	 52	  0	132	  0	  4	  4	  4	  4	  4	  4	  4	  4	  0	  0	  0	  0	  0	  0	  0	  0	  0	  0	  0	  0	  0	  0	  0	  0	  0	  0	  0	  0	  0	  0	  0	  0	 64	 51	 49	 55	  0	 80	  0	  0	  0	  0	  0	  0	  0	  0	  0	  0	  0	  5	15924	  1
13-11-2015	22:10:41	<-	L	00000000	 10	 64	 51	 49	  0	137	  0	  4	  4	  4	  4	  4	  4	  4	  4	  0	  0	  0	  0	  0	  0	  0	  0	  0	  0	  0	  0	  0	  0	  0	  0	  0	  0	  0	  0	  0	  0	  0	  0	 64	 51	 49	 56	  0	 78	  0	  0	  0	  0	  0	  0	  0	  0	  0	  0	  0	  5	16181	  1
13-11-2015	22:15:41	<-	L	00000000	 10	 66	 52	 49	  0	142	  0	  4	  4	  4	  4	  4	  4	  4	  4	  0	  0	  0	  0	  0	  0	  0	  0	  0	  0	  0	  0	  0	  0	  0	  0	  0	  0	  0	  0	  0	  0	  0	  0	 66	 52	 46	 56	  0	 80	  0	  0	  0	  0	  0	  0	  0	  0	  0	  0	  0	  5	16438	  1
13-11-2015	22:20:41	<-	L	00000000	 10	 63	 53	 55	  0	147	  0	  4	  4	  4	  4	  4	  4	  4	  4	  0	  0	  0	  0	  0	  0	  0	  0	  0	  0	  0	  0	  0	  0	  0	  0	  0	  0	  0	  0	  0	  0	  0	  0	 63	 53	 58	 57	  0	 80	  0	  0	  0	  0	  0	  0	  0	  0	  0	  0	  0	  5	16695	  1
13-11-2015	22:25:41	<-	L	00000000	 10	 69	 54	 46	  0	152	  0	  4	  4	  4	  4	  4	  4	  4	  4	  0	  0	  0	  0	  0	  0	  0	  0	  0	  0	  0	  0	  0	  0	  0	  0	  0	  0	  0	  0	  0	  0	  0	  0	 69	 54	 46	 58	  0	 81	  0	  0	  0	  0	  0	  0	  0	  0	  0	  0	  0	  5	16952	  1
13-11-2015	22:30:42	<-	L	00000000	 10	 65	 54	 53	  0	157	  0	  4	  4	  4	  4	  4	  4	  4	  4	  0	  0	  0	  0	  0	  0	  0	  0	  0	  0	  0	  0	  0	  0	  0	  0	  0	  0	  0	  0	  0	  0	  0	  0	 65	 54	 56	 58	  0	 81	  0	  0	  0	  0	  0	  0	  0	  0	  0	  0	  0	  5	17209	  1
13-11-2015	22:35:42	<-	L	00000000	 10	 69	 55	 50	  0	162	  0	  4	  4	  4	  4	  4	  4	  4	  4	  0	  0	  0	  0	  0	  0	  0	  0	  0	  0	  0	  0	  0	  0	  0	  0	  0	  0	  0	  0	  0	  0	  0	  0	 69	 55	 50	 59	  0	 81	  0	  0	  0	  0	  0	  0	  0	  0	  0	  0	  0	  5	17466	  1
13-11-2015	22:40:42	<-	L	00000000	 10	 68	 56	 50	  0	167	  0	  4	  4	  4	  4	  4	  4	  4	  4	  0	  0	  0	  0	  0	  0	  0	  0	  0	  0	  0	  0	  0	  0	  0	  0	  0	  0	  0	  0	  0	  0	  0	  0	 68	 56	 54	 60	  0	 81	  0	  0	  0	  0	  0	  0	  0	  0	  0	  0	  0	  5	17723	  1
