12-05-2015	08:50:10	  	L	00000000	 10	 35	 22	 38	  0	  3	  0	  5	  5	  5	  5	  4	  4	  4	  4	  0	  0	  0	  0	  0	  0	  0	  0	  0	  0	  0	  0	  0	  0	  0	  0	  0	  0	  0	  0	  0	  0	  0	  0	 28	 22	 66	 35	  0	 38	  0	  0	  0	  0	  0	  0	  0	  0	  0	  0	  0	  5	8723	  1
12-05-2015	08:55:10	->	L	00000000	 10	 43	 32	 49	  0	  8	  0	  4	  4	  4	  4	  4	  4	  4	  4	  0	  0	  0	  0	  0	  0	  0	  0	  0	  0	  0	  0	  0	  0	  0	  0	  0	  0	  0	  0	  0	  0	  0	  0	 43	 32	 49	 42	  0	 52	  0	  0	  0	  0	  0	  0	  0	  0	  0	  0	  0	  5	9237	  1
12-05-2015	09:00:10	->	L	00000000	 10	 42	 32	 52	  0	 13	  0	  4	  4	  4	  4	  4	  4	  4	  4	  0	  0	  0	  0	  0	  0	  0	  0	  0	  0	  0	  0	  0	  0	  0	  0	  0	  0	  0	  0	  0	  0	  0	  0	 42	 32	 52	 41	  0	 56	  0	  0	  0	  0	  0	  0	  0	  0	  0	  0	  0	  5	9494	  1
12-05-2015	09:05:11	->	L	00000000	 10	 42	 32	 48	  0	 18	  0	  4	  4	  4	  4	  4	  4	  4	  4	  0	  0	  0	  0	  0	  0	  0	  0	  0	  0	  0	  0	  0	  0	  0	  0	  0	  0	  0	  0	  0	  0	  0	  0	 42	 32	 52	 40	  0	 59	  0	  0	  0	  0	  0	  0	  0	  0	  0	  0	  0	  5	10008	  1
12-05-2015	09:10:11	->	L	00000000	 10	 42	 31	 48	  0	 23	  0	  4	  4	  4	  4	  4	  4	  4	  4	  0	  0	  0	  0	  0	  0	  0	  0	  0	  0	  0	  0	  0	  0	  0	  0	  0	  0	  0	  0	  0	  0	  0	  0	 42	 31	 48	 40	  0	 56	  0	  0	  0	  0	  0	  0	  0	  0	  0	  0	  0	  5	10265	  1
12-05-2015	09:15:11	->	L	00000000	 10	 42	 31	 48	  0	 28	  0	  4	  4	  4	  4	  4	  4	  4	  4	  0	  0	  0	  0	  0	  0	  0	  0	  0	  0	  0	  0	  0	  0	  0	  0	  0	  0	  0	  0	  0	  0	  0	  0	 42	 31	 48	 40	  0	 56	  0	  0	  0	  0	  0	  0	  0	  0	  0	  0	  0	  5	10522	  1
12-05-2015	09:20:11	->	L	00000000	 10	 46	 33	 42	  0	 33	  0	  4	  4	  4	  4	  4	  4	  4	  4	  0	  0	  0	  0	  0	  0	  0	  0	  0	  0	  0	  0	  0	  0	  0	  0	  0	  0	  0	  0	  0	  0	  0	  0	 46	 33	 42	 45	  0	 46	  0	  0	  0	  0	  0	  0	  0	  0	  0	  0	  0	  5	11036	  1
12-05-2015	09:25:11	->	L	00000000	 10	 48	 33	 42	  0	 38	  0	  4	  4	  4	  4	  4	  4	  4	  4	  0	  0	  0	  0	  0	  0	  0	  0	  0	  0	  0	  0	  0	  0	  0	  0	  0	  0	  0	  0	  0	  0	  0	  0	 47	 33	 40	 48	  0	 38	  0	  0	  0	  0	  0	  0	  0	  0	  0	  0	  0	  5	11293	  1
12-05-2015	09:30:12	->	L	00000000	 10	 45	 33	 46	  0	 43	  0	  4	  4	  4	  4	  4	  4	  4	  4	  0	  0	  0	  0	  0	  0	  0	  0	  0	  0	  0	  0	  0	  0	  0	  0	  0	  0	  0	  0	  0	  0	  0	  0	 45	 33	 46	 44	  0	 49	  0	  0	  0	  0	  0	  0	  0	  0	  0	  0	  0	  5	11807	  1
12-05-2015	09:35:11	->	L	00000000	 10	 48	 34	 40	  0	 48	  0	  4	  4	  4	  4	  4	  4	  4	  4	  0	  0	  0	  0	  0	  0	  0	  0	  0	  0	  0	  0	  0	  0	  0	  0	  0	  0	  0	  0	  0	  0	  0	  0	 48	 34	 40	 47	  0	 42	  0	  0	  0	  0	  0	  0	  0	  0	  0	  0	  0	  5	12064	  1
12-05-2015	09:40:11	->	L	00000000	 10	 52	 35	 32	  0	 53	  0	  4	  4	  4	  4	  4	  4	  4	  4	  0	  0	  0	  0	  0	  0	  0	  0	  0	  0	  0	  0	  0	  0	  0	  0	  0	  0	  0	  0	  0	  0	  0	  0	 51	 35	 35	 52	  0	 32	  0	  0	  0	  0	  0	  0	  0	  0	  0	  0	  0	  5	12578	  1
12-05-2015	09:45:11	->	L	00000000	 10	 54	 35	 29	  0	 58	  0	  4	  4	  4	  4	  4	  4	  4	  4	  0	  0	  0	  0	  0	  0	  0	  0	  0	  0	  0	  0	  0	  0	  0	  0	  0	  0	  0	  0	  0	  0	  0	  0	 53	 35	 31	 54	  0	 28	  0	  0	  0	  0	  0	  0	  0	  0	  0	  0	  0	  5	12835	  1
12-05-2015	09:50:11	->	L	00000000	 10	 56	 36	 24	  0	 63	  0	  4	  4	  4	  4	  4	  4	  4	  4	  0	  0	  0	  0	  0	  0	  0	  0	  0	  0	  0	  0	  0	  0	  0	  0	  0	  0	  0	  0	  0	  0	  0	  0	 54	 36	 31	 56	  0	 27	  0	  0	  0	  0	  0	  0	  0	  0	  0	  0	  0	  5	13092	  1
12-05-2015	09:55:11	->	L	00000000	 10	 56	 37	 27	  0	 68	  0	  4	  4	  4	  4	  4	  4	  4	  4	  0	  0	  0	  0	  0	  0	  0	  0	  0	  0	  0	  0	  0	  0	  0	  0	  0	  0	  0	  0	  0	  0	  0	  0	 53	 37	 36	 56	  0	 29	  0	  0	  0	  0	  0	  0	  0	  0	  0	  0	  0	  5	13606	  1
12-05-2015	10:00:11	->	L	00000000	 10	 58	 38	 25	  0	 73	  0	  4	  4	  4	  4	  4	  4	  4	  4	  0	  0	  0	  0	  0	  0	  0	  0	  0	  0	  0	  0	  0	  0	  0	  0	  0	  0	  0	  0	  0	  0	  0	  0	 55	 38	 34	 58	  0	 28	  0	  0	  0	  0	  0	  0	  0	  0	  0	  0	  0	  5	13863	  1
12-05-2015	10:05:11	->	L	00000000	 10	 61	 39	 24	  0	 78	  0	  4	  4	  4	  4	  4	  4	  4	  4	  0	  0	  0	  0	  0	  0	  0	  0	  0	  0	  0	  0	  0	  0	  0	  0	  0	  0	  0	  0	  0	  0	  0	  0	 57	 39	 33	 61	  0	 24	  0	  0	  0	  0	  0	  0	  0	  0	  0	  0	  0	  5	14377	  1
12-05-2015	10:10:11	->	L	00000000	 10	 63	 41	 23	  0	 83	  0	  4	  4	  4	  4	  4	  4	  4	  4	  0	  0	  0	  0	  0	  0	  0	  0	  0	  0	  0	  0	  0	  0	  0	  0	  0	  0	  0	  0	  0	  0	  0	  0	 59	 41	 33	 63	  0	 25	  0	  0	  0	  0	  0	  0	  0	  0	  0	  0	  0	  5	14634	  1
12-05-2015	10:15:12	->	L	00000000	 10	 64	 42	 23	  0	 88	  0	  4	  4	  4	  4	  4	  4	  4	  4	  0	  0	  0	  0	  0	  0	  0	  0	  0	  0	  0	  0	  0	  0	  0	  0	  0	  0	  0	  0	  0	  0	  0	  0	 60	 42	 34	 64	  0	 25	  0	  0	  0	  0	  0	  0	  0	  0	  0	  0	  0	  5	14891	  1
12-05-2015	10:20:12	->	L	00000000	 10	 64	 43	 26	  0	 93	  0	  4	  4	  4	  4	  4	  4	  4	  4	  0	  0	  0	  0	  0	  0	  0	  0	  0	  0	  0	  0	  0	  0	  0	  0	  0	  0	  0	  0	  0	  0	  0	  0	 60	 43	 36	 64	  0	 27	  0	  0	  0	  0	  0	  0	  0	  0	  0	  0	  0	  5	15405	  1
12-05-2015	10:25:12	->	L	00000000	 10	 64	 43	 31	  0	 98	  0	  4	  4	  4	  4	  4	  4	  4	  4	  0	  0	  0	  0	  0	  0	  0	  0	  0	  0	  0	  0	  0	  0	  0	  0	  0	  0	  0	  0	  0	  0	  0	  0	 60	 43	 36	 64	  0	 27	  0	  0	  0	  0	  0	  0	  0	  0	  0	  0	  0	  5	15662	  1
12-05-2015	10:30:12	->	L	00000000	 10	 62	 44	 35	  0	103	  0	  4	  4	  4	  4	  4	  4	  4	  4	  0	  0	  0	  0	  0	  0	  0	  0	  0	  0	  0	  0	  0	  0	  0	  0	  0	  0	  0	  0	  0	  0	  0	  0	 60	 44	 39	 62	  0	 35	  0	  0	  0	  0	  0	  0	  0	  0	  0	  0	  0	  5	16176	  1
12-05-2015	10:35:12	->	L	00000000	 10	 62	 45	 36	  0	108	  0	  4	  4	  4	  4	  4	  4	  4	  4	  0	  0	  0	  0	  0	  0	  0	  0	  0	  0	  0	  0	  0	  0	  0	  0	  0	  0	  0	  0	  0	  0	  0	  0	 60	 45	 42	 62	  0	 36	  0	  0	  0	  0	  0	  0	  0	  0	  0	  0	  0	  5	16433	  1
12-05-2015	10:40:12	->	L	00000000	 10	 69	 46	 28	  0	113	  0	  4	  4	  4	  4	  4	  4	  4	  4	  0	  0	  0	  0	  0	  0	  0	  0	  0	  0	  0	  0	  0	  0	  0	  0	  0	  0	  0	  0	  0	  0	  0	  0	 64	 46	 36	 69	  0	 25	  0	  0	  0	  0	  0	  0	  0	  0	  0	  0	  0	  5	16947	  1
12-05-2015	10:45:12	->	L	00000000	 10	 71	 47	 26	  0	118	  0	  4	  4	  4	  4	  4	  4	  4	  4	  0	  0	  0	  0	  0	  0	  0	  0	  0	  0	  0	  0	  0	  0	  0	  0	  0	  0	  0	  0	  0	  0	  0	  0	 65	 47	 36	 70	  0	 26	  0	  0	  0	  0	  0	  0	  0	  0	  0	  0	  0	  5	17204	  1
12-05-2015	10:50:12	->	L	00000000	 10	 71	 48	 26	  0	123	  0	  4	  4	  4	  4	  4	  4	  4	  4	  0	  0	  0	  0	  0	  0	  0	  0	  0	  0	  0	  0	  0	  0	  0	  0	  0	  0	  0	  0	  0	  0	  0	  0	 66	 48	 36	 71	  0	 26	  0	  0	  0	  0	  0	  0	  0	  0	  0	  0	  0	  5	17461	  1
12-05-2015	10:55:12	->	L	00000000	 10	 68	 48	 29	  0	128	  0	  4	  4	  4	  4	  4	  4	  4	  4	  0	  0	  0	  0	  0	  0	  0	  0	  0	  0	  0	  0	  0	  0	  0	  0	  0	  0	  0	  0	  0	  0	  0	  0	 65	 48	 38	 68	  0	 32	  0	  0	  0	  0	  0	  0	  0	  0	  0	  0	  0	  5	17975	  1
12-05-2015	11:00:12	->	L	00000000	 10	 69	 49	 32	  0	133	  0	  4	  4	  4	  4	  4	  4	  4	  4	  0	  0	  0	  0	  0	  0	  0	  0	  0	  0	  0	  0	  0	  0	  0	  0	  0	  0	  0	  0	  0	  0	  0	  0	 66	 49	 38	 69	  0	 32	  0	  0	  0	  0	  0	  0	  0	  0	  0	  0	  0	  5	18232	  1
12-05-2015	11:05:13	->	L	00000000	 10	 73	 50	 27	  0	138	  0	  4	  4	  4	  4	  4	  4	  4	  4	  0	  0	  0	  0	  0	  0	  0	  0	  0	  0	  0	  0	  0	  0	  0	  0	  0	  0	  0	  0	  0	  0	  0	  0	 68	 50	 37	 73	  0	 27	  0	  0	  0	  0	  0	  0	  0	  0	  0	  0	  0	  5	18746	  1
12-05-2015	11:10:13	->	L	00000000	 10	 77	 51	 26	  0	143	  0	  4	  4	  4	  4	  4	  4	  4	  4	  0	  0	  0	  0	  0	  0	  0	  0	  0	  0	  0	  0	  0	  0	  0	  0	  0	  0	  0	  0	  0	  0	  0	  0	 71	 51	 34	 77	  0	 27	  0	  0	  0	  0	  0	  0	  0	  0	  0	  0	  0	  5	19003	  1
12-05-2015	11:15:12	->	L	00000000	 10	 78	 51	 27	  0	148	  0	  4	  4	  4	  4	  4	  4	  4	  4	  0	  0	  0	  0	  0	  0	  0	  0	  0	  0	  0	  0	  0	  0	  0	  0	  0	  0	  0	  0	  0	  0	  0	  0	 72	 51	 31	 78	  0	 25	  0	  0	  0	  0	  0	  0	  0	  0	  0	  0	  0	  5	19260	  1
12-05-2015	11:20:12	->	L	00000000	 10	 75	 52	 28	  0	153	  0	  4	  4	  4	  4	  4	  4	  4	  4	  0	  0	  0	  0	  0	  0	  0	  0	  0	  0	  0	  0	  0	  0	  0	  0	  0	  0	  0	  0	  0	  0	  0	  0	 71	 52	 36	 75	  0	 28	  0	  0	  0	  0	  0	  0	  0	  0	  0	  0	  0	  5	19774	  1
12-05-2015	11:25:13	->	L	00000000	 10	 76	 52	 28	  0	158	  0	  4	  4	  4	  4	  4	  4	  4	  4	  0	  0	  0	  0	  0	  0	  0	  0	  0	  0	  0	  0	  0	  0	  0	  0	  0	  0	  0	  0	  0	  0	  0	  0	 71	 52	 36	 76	  0	 28	  0	  0	  0	  0	  0	  0	  0	  0	  0	  0	  0	  5	20031	  1
12-05-2015	11:30:13	->	L	00000000	 10	 79	 53	 27	  0	163	  0	  4	  4	  4	  4	  4	  4	  4	  4	  0	  0	  0	  0	  0	  0	  0	  0	  0	  0	  0	  0	  0	  0	  0	  0	  0	  0	  0	  0	  0	  0	  0	  0	 74	 53	 31	 79	  0	 28	  0	  0	  0	  0	  0	  0	  0	  0	  0	  0	  0	  5	20545	  1
12-05-2015	11:35:13	->	L	00000000	 10	 81	 54	 28	  0	168	  0	  4	  4	  4	  4	  4	  4	  4	  4	  0	  0	  0	  0	  0	  0	  0	  0	  0	  0	  0	  0	  0	  0	  0	  0	  0	  0	  0	  0	  0	  0	  0	  0	 75	 54	 32	 81	  0	 26	  0	  0	  0	  0	  0	  0	  0	  0	  0	  0	  0	  5	20802	  1
12-05-2015	11:40:13	->	L	00000000	 10	 83	 55	 26	  0	173	  0	  4	  4	  4	  4	  4	  4	  4	  4	  0	  0	  0	  0	  0	  0	  0	  0	  0	  0	  0	  0	  0	  0	  0	  0	  0	  0	  0	  0	  0	  0	  0	  0	 77	 55	 32	 83	  0	 26	  0	  0	  0	  0	  0	  0	  0	  0	  0	  0	  0	  5	21316	  1
12-05-2015	11:45:13	->	L	00000000	 10	 85	 56	 26	  0	178	  0	  4	  4	  4	  4	  4	  4	  4	  4	  0	  0	  0	  0	  0	  0	  0	  0	  0	  0	  0	  0	  0	  0	  0	  0	  0	  0	  0	  0	  0	  0	  0	  0	 78	 56	 32	 85	  0	 25	  0	  0	  0	  0	  0	  0	  0	  0	  0	  0	  0	  5	21573	  1
12-05-2015	11:50:13	  	L	00000000	 21	 85	 57	 30	  0	  2	  0	  4	  4	  4	  4	  4	  4	  4	  4	  0	  0	  0	  0	  0	  0	  0	  0	  0	  0	  0	  0	  0	  0	  0	  0	  0	  0	  0	  0	  0	  0	  0	  0	 79	 57	 33	 85	  0	 27	  0	  0	  0	  0	  0	  0	  0	  0	  0	  0	  0	  5	21828	  0
12-05-2015	11:55:13	<-	L	00000000	 21	 87	 58	 27	  0	  7	  0	  4	  4	  4	  4	  4	  4	  4	  4	  0	  0	  0	  0	  0	  0	  0	  0	  0	  0	  0	  0	  0	  0	  0	  0	  0	  0	  0	  0	  0	  0	  0	  0	 87	 58	 25	 77	  0	 38	  0	  0	  0	  0	  0	  0	  0	  0	  0	  0	  0	  5	21827	  0
12-05-2015	12:00:14	<-	L	00000000	 21	 88	 58	 25	  0	 12	  0	  4	  4	  4	  4	  4	  4	  4	  4	  0	  0	  0	  0	  0	  0	  0	  0	  0	  0	  0	  0	  0	  0	  0	  0	  0	  0	  0	  0	  0	  0	  0	  0	 88	 58	 25	 77	  0	 38	  0	  0	  0	  0	  0	  0	  0	  0	  0	  0	  0	  5	21827	  0
12-05-2015	12:05:13	<-	L	00000000	 21	 86	 58	 27	  0	 17	  0	  4	  4	  4	  4	  4	  4	  4	  4	  0	  0	  0	  0	  0	  0	  0	  0	  0	  0	  0	  0	  0	  0	  0	  0	  0	  0	  0	  0	  0	  0	  0	  0	 86	 58	 27	 76	  0	 41	  0	  0	  0	  0	  0	  0	  0	  0	  0	  0	  0	  5	21827	  0
12-05-2015	12:10:13	<-	L	00000000	 21	 83	 57	 29	  0	 22	  0	  4	  4	  4	  4	  4	  4	  4	  4	  0	  0	  0	  0	  0	  0	  0	  0	  0	  0	  0	  0	  0	  0	  0	  0	  0	  0	  0	  0	  0	  0	  0	  0	 83	 57	 29	 74	  0	 41	  0	  0	  0	  0	  0	  0	  0	  0	  0	  0	  0	  5	21827	  0
12-05-2015	12:15:13	<-	L	00000000	 21	 86	 58	 28	  0	 27	  0	  4	  4	  4	  4	  4	  4	  4	  4	  0	  0	  0	  0	  0	  0	  0	  0	  0	  0	  0	  0	  0	  0	  0	  0	  0	  0	  0	  0	  0	  0	  0	  0	 86	 58	 27	 76	  0	 41	  0	  0	  0	  0	  0	  0	  0	  0	  0	  0	  0	  5	21827	  0
12-05-2015	12:20:13	<-	L	00000000	 21	 88	 59	 26	  0	 32	  0	  4	  4	  4	  4	  4	  4	  4	  4	  0	  0	  0	  0	  0	  0	  0	  0	  0	  0	  0	  0	  0	  0	  0	  0	  0	  0	  0	  0	  0	  0	  0	  0	 88	 59	 26	 78	  0	 39	  0	  0	  0	  0	  0	  0	  0	  0	  0	  0	  0	  5	21827	  0
12-05-2015	12:25:13	<-	L	00000000	 21	 86	 59	 27	  0	 37	  0	  4	  4	  4	  4	  4	  4	  4	  4	  0	  0	  0	  0	  0	  0	  0	  0	  0	  0	  0	  0	  0	  0	  0	  0	  0	  0	  0	  0	  0	  0	  0	  0	 86	 59	 28	 77	  0	 41	  0	  0	  0	  0	  0	  0	  0	  0	  0	  0	  0	  5	21827	  0
12-05-2015	12:30:14	<-	L	00000000	 21	 83	 58	 29	  0	 42	  0	  4	  4	  4	  4	  4	  4	  4	  4	  0	  0	  0	  0	  0	  0	  0	  0	  0	  0	  0	  0	  0	  0	  0	  0	  0	  0	  0	  0	  0	  0	  0	  0	 83	 58	 29	 75	  0	 42	  0	  0	  0	  0	  0	  0	  0	  0	  0	  0	  0	  5	21827	  0
12-05-2015	12:35:14	<-	L	00000000	 21	 83	 58	 29	  0	 47	  0	  4	  4	  4	  4	  4	  4	  4	  4	  0	  0	  0	  0	  0	  0	  0	  0	  0	  0	  0	  0	  0	  0	  0	  0	  0	  0	  0	  0	  0	  0	  0	  0	 83	 58	 29	 76	  0	 41	  0	  0	  0	  0	  0	  0	  0	  0	  0	  0	  0	  5	21827	  0
12-05-2015	12:40:14	<-	L	00000000	 21	 86	 59	 28	  0	 52	  0	  4	  4	  4	  4	  4	  4	  4	  4	  0	  0	  0	  0	  0	  0	  0	  0	  0	  0	  0	  0	  0	  0	  0	  0	  0	  0	  0	  0	  0	  0	  0	  0	 86	 59	 28	 77	  0	 41	  0	  0	  0	  0	  0	  0	  0	  0	  0	  0	  0	  5	21827	  0
12-05-2015	12:45:14	<-	L	00000000	 21	 87	 59	 27	  0	 57	  0	  4	  4	  4	  4	  4	  4	  4	  4	  0	  0	  0	  0	  0	  0	  0	  0	  0	  0	  0	  0	  0	  0	  0	  0	  0	  0	  0	  0	  0	  0	  0	  0	 87	 59	 27	 78	  0	 39	  0	  0	  0	  0	  0	  0	  0	  0	  0	  0	  0	  5	21827	  0
12-05-2015	12:50:14	<-	L	00000000	 21	 85	 59	 28	  0	 62	  0	  4	  4	  4	  4	  4	  4	  4	  4	  0	  0	  0	  0	  0	  0	  0	  0	  0	  0	  0	  0	  0	  0	  0	  0	  0	  0	  0	  0	  0	  0	  0	  0	 85	 59	 30	 77	  0	 41	  0	  0	  0	  0	  0	  0	  0	  0	  0	  0	  0	  5	21827	  0
12-05-2015	12:55:14	<-	L	00000000	 21	 83	 59	 31	  0	 67	  0	  4	  4	  4	  4	  4	  4	  4	  4	  0	  0	  0	  0	  0	  0	  0	  0	  0	  0	  0	  0	  0	  0	  0	  0	  0	  0	  0	  0	  0	  0	  0	  0	 83	 59	 31	 75	  0	 45	  0	  0	  0	  0	  0	  0	  0	  0	  0	  0	  0	  5	21827	  0
12-05-2015	13:00:15	<-	L	00000000	 21	 86	 59	 28	  0	 72	  0	  4	  4	  4	  4	  4	  4	  4	  4	  0	  0	  0	  0	  0	  0	  0	  0	  0	  0	  0	  0	  0	  0	  0	  0	  0	  0	  0	  0	  0	  0	  0	  0	 86	 59	 28	 78	  0	 39	  0	  0	  0	  0	  0	  0	  0	  0	  0	  0	  0	  5	21827	  0
12-05-2015	13:05:14	<-	L	00000000	 21	 86	 59	 28	  0	 77	  0	  4	  4	  4	  4	  4	  4	  4	  4	  0	  0	  0	  0	  0	  0	  0	  0	  0	  0	  0	  0	  0	  0	  0	  0	  0	  0	  0	  0	  0	  0	  0	  0	 86	 59	 28	 78	  0	 39	  0	  0	  0	  0	  0	  0	  0	  0	  0	  0	  0	  5	21827	  0
12-05-2015	13:10:14	<-	L	00000000	 21	 83	 59	 29	  0	 82	  0	  4	  4	  4	  4	  4	  4	  4	  4	  0	  0	  0	  0	  0	  0	  0	  0	  0	  0	  0	  0	  0	  0	  0	  0	  0	  0	  0	  0	  0	  0	  0	  0	 83	 59	 31	 75	  0	 45	  0	  0	  0	  0	  0	  0	  0	  0	  0	  0	  0	  5	21827	  0
12-05-2015	13:15:14	<-	L	00000000	 21	 87	 59	 28	  0	 87	  0	  4	  4	  4	  4	  4	  4	  4	  4	  0	  0	  0	  0	  0	  0	  0	  0	  0	  0	  0	  0	  0	  0	  0	  0	  0	  0	  0	  0	  0	  0	  0	  0	 87	 59	 27	 78	  0	 39	  0	  0	  0	  0	  0	  0	  0	  0	  0	  0	  0	  5	21827	  0
12-05-2015	13:20:14	<-	L	00000000	 21	 88	 59	 26	  0	 92	  0	  4	  4	  4	  4	  4	  4	  4	  4	  0	  0	  0	  0	  0	  0	  0	  0	  0	  0	  0	  0	  0	  0	  0	  0	  0	  0	  0	  0	  0	  0	  0	  0	 88	 59	 26	 78	  0	 39	  0	  0	  0	  0	  0	  0	  0	  0	  0	  0	  0	  5	21827	  0
12-05-2015	13:25:14	<-	L	00000000	 21	 86	 58	 28	  0	 97	  0	  4	  4	  4	  4	  4	  4	  4	  4	  0	  0	  0	  0	  0	  0	  0	  0	  0	  0	  0	  0	  0	  0	  0	  0	  0	  0	  0	  0	  0	  0	  0	  0	 86	 58	 27	 77	  0	 38	  0	  0	  0	  0	  0	  0	  0	  0	  0	  0	  0	  5	21827	  0
12-05-2015	13:30:14	<-	L	00000000	 21	 83	 58	 29	  0	102	  0	  4	  4	  4	  4	  4	  4	  4	  4	  0	  0	  0	  0	  0	  0	  0	  0	  0	  0	  0	  0	  0	  0	  0	  0	  0	  0	  0	  0	  0	  0	  0	  0	 83	 58	 29	 75	  0	 42	  0	  0	  0	  0	  0	  0	  0	  0	  0	  0	  0	  5	21827	  0
12-05-2015	13:35:14	<-	L	00000000	 21	 84	 58	 29	  0	107	  0	  4	  4	  4	  4	  4	  4	  4	  4	  0	  0	  0	  0	  0	  0	  0	  0	  0	  0	  0	  0	  0	  0	  0	  0	  0	  0	  0	  0	  0	  0	  0	  0	 84	 58	 29	 76	  0	 41	  0	  0	  0	  0	  0	  0	  0	  0	  0	  0	  0	  5	21827	  0
12-05-2015	13:40:15	<-	L	00000000	 21	 88	 59	 27	  0	112	  0	  4	  4	  4	  4	  4	  4	  4	  4	  0	  0	  0	  0	  0	  0	  0	  0	  0	  0	  0	  0	  0	  0	  0	  0	  0	  0	  0	  0	  0	  0	  0	  0	 88	 59	 26	 78	  0	 39	  0	  0	  0	  0	  0	  0	  0	  0	  0	  0	  0	  5	21827	  0
12-05-2015	13:45:15	<-	L	00000000	 21	 89	 59	 25	  0	117	  0	  4	  4	  4	  4	  4	  4	  4	  4	  0	  0	  0	  0	  0	  0	  0	  0	  0	  0	  0	  0	  0	  0	  0	  0	  0	  0	  0	  0	  0	  0	  0	  0	 89	 59	 25	 79	  0	 37	  0	  0	  0	  0	  0	  0	  0	  0	  0	  0	  0	  5	21827	  0
12-05-2015	13:50:15	<-	L	00000000	 21	 87	 58	 25	  0	122	  0	  4	  4	  4	  4	  4	  4	  4	  4	  0	  0	  0	  0	  0	  0	  0	  0	  0	  0	  0	  0	  0	  0	  0	  0	  0	  0	  0	  0	  0	  0	  0	  0	 87	 58	 25	 78	  0	 37	  0	  0	  0	  0	  0	  0	  0	  0	  0	  0	  0	  5	21827	  0
12-05-2015	13:55:15	<-	L	00000000	 21	 85	 58	 27	  0	127	  0	  4	  4	  4	  4	  4	  4	  4	  4	  0	  0	  0	  0	  0	  0	  0	  0	  0	  0	  0	  0	  0	  0	  0	  0	  0	  0	  0	  0	  0	  0	  0	  0	 85	 58	 28	 77	  0	 38	  0	  0	  0	  0	  0	  0	  0	  0	  0	  0	  0	  5	21827	  0
12-05-2015	14:00:15	<-	L	00000000	 21	 83	 57	 29	  0	132	  0	  4	  4	  4	  4	  4	  4	  4	  4	  0	  0	  0	  0	  0	  0	  0	  0	  0	  0	  0	  0	  0	  0	  0	  0	  0	  0	  0	  0	  0	  0	  0	  0	 83	 57	 29	 76	  0	 38	  0	  0	  0	  0	  0	  0	  0	  0	  0	  0	  0	  5	21827	  0
12-05-2015	14:05:15	<-	L	00000000	 21	 84	 58	 29	  0	137	  0	  4	  4	  4	  4	  4	  4	  4	  4	  0	  0	  0	  0	  0	  0	  0	  0	  0	  0	  0	  0	  0	  0	  0	  0	  0	  0	  0	  0	  0	  0	  0	  0	 84	 58	 29	 76	  0	 41	  0	  0	  0	  0	  0	  0	  0	  0	  0	  0	  0	  5	21827	  0
12-05-2015	14:10:15	<-	L	00000000	 21	 87	 58	 27	  0	142	  0	  4	  4	  4	  4	  4	  4	  4	  4	  0	  0	  0	  0	  0	  0	  0	  0	  0	  0	  0	  0	  0	  0	  0	  0	  0	  0	  0	  0	  0	  0	  0	  0	 87	 58	 25	 78	  0	 37	  0	  0	  0	  0	  0	  0	  0	  0	  0	  0	  0	  5	21827	  0
12-05-2015	14:15:15	<-	L	00000000	 21	 90	 59	 24	  0	147	  0	  4	  4	  4	  4	  4	  4	  4	  4	  0	  0	  0	  0	  0	  0	  0	  0	  0	  0	  0	  0	  0	  0	  0	  0	  0	  0	  0	  0	  0	  0	  0	  0	 90	 59	 25	 79	  0	 37	  0	  0	  0	  0	  0	  0	  0	  0	  0	  0	  0	  5	21827	  0
12-05-2015	14:20:15	<-	L	00000000	 21	 90	 58	 24	  0	152	  0	  4	  4	  4	  4	  4	  4	  4	  4	  0	  0	  0	  0	  0	  0	  0	  0	  0	  0	  0	  0	  0	  0	  0	  0	  0	  0	  0	  0	  0	  0	  0	  0	 90	 58	 24	 79	  0	 34	  0	  0	  0	  0	  0	  0	  0	  0	  0	  0	  0	  5	21827	  0
12-05-2015	14:25:16	<-	L	00000000	 21	 89	 58	 24	  0	157	  0	  4	  4	  4	  4	  4	  4	  4	  4	  0	  0	  0	  0	  0	  0	  0	  0	  0	  0	  0	  0	  0	  0	  0	  0	  0	  0	  0	  0	  0	  0	  0	  0	 89	 58	 24	 79	  0	 34	  0	  0	  0	  0	  0	  0	  0	  0	  0	  0	  0	  5	21827	  0
12-05-2015	14:30:15	<-	L	00000000	 21	 87	 58	 25	  0	162	  0	  4	  4	  4	  4	  4	  4	  4	  4	  0	  0	  0	  0	  0	  0	  0	  0	  0	  0	  0	  0	  0	  0	  0	  0	  0	  0	  0	  0	  0	  0	  0	  0	 87	 58	 25	 78	  0	 37	  0	  0	  0	  0	  0	  0	  0	  0	  0	  0	  0	  5	21827	  0
12-05-2015	14:35:15	<-	L	00000000	 21	 86	 58	 27	  0	167	  0	  4	  4	  4	  4	  4	  4	  4	  4	  0	  0	  0	  0	  0	  0	  0	  0	  0	  0	  0	  0	  0	  0	  0	  0	  0	  0	  0	  0	  0	  0	  0	  0	 86	 58	 27	 77	  0	 38	  0	  0	  0	  0	  0	  0	  0	  0	  0	  0	  0	  5	21827	  0
12-05-2015	14:40:16	<-	L	00000000	 21	 85	 57	 25	  0	172	  0	  4	  4	  4	  4	  4	  4	  4	  4	  0	  0	  0	  0	  0	  0	  0	  0	  0	  0	  0	  0	  0	  0	  0	  0	  0	  0	  0	  0	  0	  0	  0	  0	 85	 57	 27	 77	  0	 36	  0	  0	  0	  0	  0	  0	  0	  0	  0	  0	  0	  5	21827	  0
12-05-2015	14:45:15	<-	L	00000000	 21	 84	 57	 27	  0	177	  0	  4	  4	  4	  4	  4	  4	  4	  4	  0	  0	  0	  0	  0	  0	  0	  0	  0	  0	  0	  0	  0	  0	  0	  0	  0	  0	  0	  0	  0	  0	  0	  0	 84	 57	 27	 76	  0	 38	  0	  0	  0	  0	  0	  0	  0	  0	  0	  0	  0	  5	21827	  0
12-05-2015	14:50:16	<-	L	00000000	 21	 83	 57	 29	  0	182	  0	  4	  4	  4	  4	  4	  4	  4	  4	  0	  0	  0	  0	  0	  0	  0	  0	  0	  0	  0	  0	  0	  0	  0	  0	  0	  0	  0	  0	  0	  0	  0	  0	 83	 57	 29	 75	  0	 40	  0	  0	  0	  0	  0	  0	  0	  0	  0	  0	  0	  5	21827	  0
12-05-2015	14:55:16	->	L	00000000	 21	 85	 58	 27	  0	187	  0	  4	  4	  4	  4	  4	  4	  4	  4	  0	  0	  0	  0	  0	  0	  0	  0	  0	  0	  0	  0	  0	  0	  0	  0	  0	  0	  0	  0	  0	  0	  0	  0	 84	 58	 29	 85	  0	 28	  0	  0	  0	  0	  0	  0	  0	  0	  0	  0	  0	  5	21827	  0
12-05-2015	15:00:16	->	L	00000000	 21	 84	 58	 28	  0	192	  0	  4	  4	  4	  4	  4	  4	  4	  4	  0	  0	  0	  0	  0	  0	  0	  0	  0	  0	  0	  0	  0	  0	  0	  0	  0	  0	  0	  0	  0	  0	  0	  0	 82	 58	 31	 84	  0	 29	  0	  0	  0	  0	  0	  0	  0	  0	  0	  0	  0	  5	21827	  0
12-05-2015	15:05:16	->	L	00000000	 21	 83	 58	 29	  0	197	  0	  4	  4	  4	  4	  4	  4	  4	  4	  0	  0	  0	  0	  0	  0	  0	  0	  0	  0	  0	  0	  0	  0	  0	  0	  0	  0	  0	  0	  0	  0	  0	  0	 82	 58	 31	 83	  0	 29	  0	  0	  0	  0	  0	  0	  0	  0	  0	  0	  0	  5	21827	  0
12-05-2015	15:10:16	->	L	00000000	 21	 84	 58	 29	  0	202	  0	  4	  4	  4	  4	  4	  4	  4	  4	  0	  0	  0	  0	  0	  0	  0	  0	  0	  0	  0	  0	  0	  0	  0	  0	  0	  0	  0	  0	  0	  0	  0	  0	 82	 58	 31	 84	  0	 29	  0	  0	  0	  0	  0	  0	  0	  0	  0	  0	  0	  5	21827	  0
12-05-2015	15:15:16	->	L	00000000	 21	 87	 59	 28	  0	207	  0	  4	  4	  4	  4	  4	  4	  4	  4	  0	  0	  0	  0	  0	  0	  0	  0	  0	  0	  0	  0	  0	  0	  0	  0	  0	  0	  0	  0	  0	  0	  0	  0	 84	 59	 29	 87	  0	 27	  0	  0	  0	  0	  0	  0	  0	  0	  0	  0	  0	  5	21827	  0
12-05-2015	15:20:16	->	L	00000000	 21	 90	 59	 25	  0	212	  0	  4	  4	  4	  4	  4	  4	  4	  4	  0	  0	  0	  0	  0	  0	  0	  0	  0	  0	  0	  0	  0	  0	  0	  0	  0	  0	  0	  0	  0	  0	  0	  0	 85	 59	 30	 90	  0	 25	  0	  0	  0	  0	  0	  0	  0	  0	  0	  0	  0	  5	22337	  0
12-05-2015	15:25:16	->	L	00000000	 21	 90	 59	 25	  0	217	  0	  4	  4	  4	  4	  4	  4	  4	  4	  0	  0	  0	  0	  0	  0	  0	  0	  0	  0	  0	  0	  0	  0	  0	  0	  0	  0	  0	  0	  0	  0	  0	  0	 85	 59	 30	 90	  0	 25	  0	  0	  0	  0	  0	  0	  0	  0	  0	  0	  0	  5	22331	  0
12-05-2015	15:30:16	->	L	00000000	 21	 90	 60	 25	  0	222	  0	  4	  4	  4	  4	  4	  4	  4	  4	  0	  0	  0	  0	  0	  0	  0	  0	  0	  0	  0	  0	  0	  0	  0	  0	  0	  0	  0	  0	  0	  0	  0	  0	 86	 60	 30	 90	  0	 26	  0	  0	  0	  0	  0	  0	  0	  0	  0	  0	  0	  5	22331	  0
12-05-2015	15:35:17	->	L	00000000	 21	 86	 59	 27	  0	227	  0	  4	  4	  4	  4	  4	  4	  4	  4	  0	  0	  0	  0	  0	  0	  0	  0	  0	  0	  0	  0	  0	  0	  0	  0	  0	  0	  0	  0	  0	  0	  0	  0	 83	 59	 31	 86	  0	 28	  0	  0	  0	  0	  0	  0	  0	  0	  0	  0	  0	  5	22331	  0
12-05-2015	15:40:16	->	L	00000000	 21	 86	 59	 30	  0	232	  0	  4	  4	  4	  4	  4	  4	  4	  4	  0	  0	  0	  0	  0	  0	  0	  0	  0	  0	  0	  0	  0	  0	  0	  0	  0	  0	  0	  0	  0	  0	  0	  0	 83	 59	 31	 86	  0	 28	  0	  0	  0	  0	  0	  0	  0	  0	  0	  0	  0	  5	22331	  0
12-05-2015	15:45:16	->	L	00000000	 21	 89	 59	 25	  0	237	  0	  4	  4	  4	  4	  4	  4	  4	  4	  0	  0	  0	  0	  0	  0	  0	  0	  0	  0	  0	  0	  0	  0	  0	  0	  0	  0	  0	  0	  0	  0	  0	  0	 85	 59	 30	 89	  0	 25	  0	  0	  0	  0	  0	  0	  0	  0	  0	  0	  0	  5	22331	  0
12-05-2015	15:50:16	->	L	00000000	 21	 88	 59	 26	  0	242	  0	  4	  4	  4	  4	  4	  4	  4	  4	  0	  0	  0	  0	  0	  0	  0	  0	  0	  0	  0	  0	  0	  0	  0	  0	  0	  0	  0	  0	  0	  0	  0	  0	 84	 59	 29	 88	  0	 26	  0	  0	  0	  0	  0	  0	  0	  0	  0	  0	  0	  5	21822	  0
12-05-2015	15:55:16	->	L	00000000	 21	 86	 59	 27	  0	247	  0	  4	  4	  4	  4	  4	  4	  4	  4	  0	  0	  0	  0	  0	  0	  0	  0	  0	  0	  0	  0	  0	  0	  0	  0	  0	  0	  0	  0	  0	  0	  0	  0	 84	 59	 29	 86	  0	 28	  0	  0	  0	  0	  0	  0	  0	  0	  0	  0	  0	  5	21822	  0
12-05-2015	16:00:17	->	L	00000000	 21	 85	 59	 30	  0	252	  0	  4	  4	  4	  4	  4	  4	  4	  4	  0	  0	  0	  0	  0	  0	  0	  0	  0	  0	  0	  0	  0	  0	  0	  0	  0	  0	  0	  0	  0	  0	  0	  0	 83	 59	 31	 85	  0	 30	  0	  0	  0	  0	  0	  0	  0	  0	  0	  0	  0	  5	21822	  0
12-05-2015	16:05:17	->	L	00000000	 21	 84	 59	 29	  0	257	  0	  4	  4	  4	  4	  4	  4	  4	  4	  0	  0	  0	  0	  0	  0	  0	  0	  0	  0	  0	  0	  0	  0	  0	  0	  0	  0	  0	  0	  0	  0	  0	  0	 82	 59	 31	 84	  0	 29	  0	  0	  0	  0	  0	  0	  0	  0	  0	  0	  0	  5	21822	  0
12-05-2015	16:10:17	->	L	00000000	 21	 84	 59	 31	  0	262	  0	  4	  4	  4	  4	  4	  4	  4	  4	  0	  0	  0	  0	  0	  0	  0	  0	  0	  0	  0	  0	  0	  0	  0	  0	  0	  0	  0	  0	  0	  0	  0	  0	 82	 59	 31	 84	  0	 29	  0	  0	  0	  0	  0	  0	  0	  0	  0	  0	  0	  5	21822	  0
12-05-2015	16:15:17	->	L	00000000	 21	 85	 59	 29	  0	267	  0	  4	  4	  4	  4	  4	  4	  4	  4	  0	  0	  0	  0	  0	  0	  0	  0	  0	  0	  0	  0	  0	  0	  0	  0	  0	  0	  0	  0	  0	  0	  0	  0	 83	 59	 31	 85	  0	 30	  0	  0	  0	  0	  0	  0	  0	  0	  0	  0	  0	  5	21822	  0
12-05-2015	16:20:17	->	L	00000000	 21	 87	 59	 28	  0	272	  0	  4	  4	  4	  4	  4	  4	  4	  4	  0	  0	  0	  0	  0	  0	  0	  0	  0	  0	  0	  0	  0	  0	  0	  0	  0	  0	  0	  0	  0	  0	  0	  0	 84	 59	 29	 87	  0	 27	  0	  0	  0	  0	  0	  0	  0	  0	  0	  0	  0	  5	21822	  0
12-05-2015	16:25:18	->	L	00000000	 21	 89	 59	 26	  0	277	  0	  4	  4	  4	  4	  4	  4	  4	  4	  0	  0	  0	  0	  0	  0	  0	  0	  0	  0	  0	  0	  0	  0	  0	  0	  0	  0	  0	  0	  0	  0	  0	  0	 85	 59	 30	 89	  0	 25	  0	  0	  0	  0	  0	  0	  0	  0	  0	  0	  0	  5	21822	  0
12-05-2015	16:30:17	->	L	00000000	 21	 89	 59	 26	  0	282	  0	  4	  4	  4	  4	  4	  4	  4	  4	  0	  0	  0	  0	  0	  0	  0	  0	  0	  0	  0	  0	  0	  0	  0	  0	  0	  0	  0	  0	  0	  0	  0	  0	 85	 59	 30	 89	  0	 25	  0	  0	  0	  0	  0	  0	  0	  0	  0	  0	  0	  5	21822	  0
12-05-2015	16:35:17	->	L	00000000	 21	 89	 59	 25	  0	287	  0	  4	  4	  4	  4	  4	  4	  4	  4	  0	  0	  0	  0	  0	  0	  0	  0	  0	  0	  0	  0	  0	  0	  0	  0	  0	  0	  0	  0	  0	  0	  0	  0	 85	 59	 30	 89	  0	 25	  0	  0	  0	  0	  0	  0	  0	  0	  0	  0	  0	  5	21822	  0
12-05-2015	16:40:17	->	L	00000000	 21	 89	 59	 25	  0	292	  0	  4	  4	  4	  4	  4	  4	  4	  4	  0	  0	  0	  0	  0	  0	  0	  0	  0	  0	  0	  0	  0	  0	  0	  0	  0	  0	  0	  0	  0	  0	  0	  0	 85	 59	 30	 89	  0	 25	  0	  0	  0	  0	  0	  0	  0	  0	  0	  0	  0	  5	21822	  0
12-05-2015	16:45:17	->	L	00000000	 21	 89	 59	 25	  0	297	  0	  4	  4	  4	  4	  4	  4	  4	  4	  0	  0	  0	  0	  0	  0	  0	  0	  0	  0	  0	  0	  0	  0	  0	  0	  0	  0	  0	  0	  0	  0	  0	  0	 85	 59	 30	 89	  0	 25	  0	  0	  0	  0	  0	  0	  0	  0	  0	  0	  0	  5	21822	  0
12-05-2015	16:50:17	->	L	00000000	 21	 87	 59	 26	  0	302	  0	  4	  4	  4	  4	  4	  4	  4	  4	  0	  0	  0	  0	  0	  0	  0	  0	  0	  0	  0	  0	  0	  0	  0	  0	  0	  0	  0	  0	  0	  0	  0	  0	 84	 59	 29	 87	  0	 27	  0	  0	  0	  0	  0	  0	  0	  0	  0	  0	  0	  5	21822	  0
12-05-2015	16:55:17	->	L	00000000	 21	 87	 59	 27	  0	307	  0	  4	  4	  4	  4	  4	  4	  4	  4	  0	  0	  0	  0	  0	  0	  0	  0	  0	  0	  0	  0	  0	  0	  0	  0	  0	  0	  0	  0	  0	  0	  0	  0	 84	 59	 29	 87	  0	 27	  0	  0	  0	  0	  0	  0	  0	  0	  0	  0	  0	  5	21822	  0
12-05-2015	17:00:17	->	L	00000000	 21	 85	 58	 27	  0	312	  0	  4	  4	  4	  4	  4	  4	  4	  4	  0	  0	  0	  0	  0	  0	  0	  0	  0	  0	  0	  0	  0	  0	  0	  0	  0	  0	  0	  0	  0	  0	  0	  0	 83	 58	 29	 85	  0	 28	  0	  0	  0	  0	  0	  0	  0	  0	  0	  0	  0	  5	21822	  0
12-05-2015	17:05:17	->	L	00000000	 21	 85	 58	 27	  0	317	  0	  4	  4	  4	  4	  4	  4	  4	  4	  0	  0	  0	  0	  0	  0	  0	  0	  0	  0	  0	  0	  0	  0	  0	  0	  0	  0	  0	  0	  0	  0	  0	  0	 83	 58	 29	 85	  0	 28	  0	  0	  0	  0	  0	  0	  0	  0	  0	  0	  0	  5	21822	  0
12-05-2015	17:10:17	->	L	00000000	 21	 85	 58	 28	  0	322	  0	  4	  4	  4	  4	  4	  4	  4	  4	  0	  0	  0	  0	  0	  0	  0	  0	  0	  0	  0	  0	  0	  0	  0	  0	  0	  0	  0	  0	  0	  0	  0	  0	 83	 58	 29	 85	  0	 28	  0	  0	  0	  0	  0	  0	  0	  0	  0	  0	  0	  5	21822	  0
12-05-2015	17:15:18	->	L	00000000	 21	 82	 56	 29	  0	327	  0	  4	  4	  4	  4	  4	  4	  4	  4	  0	  0	  0	  0	  0	  0	  0	  0	  0	  0	  0	  0	  0	  0	  0	  0	  0	  0	  0	  0	  0	  0	  0	  0	 82	 56	 29	 82	  0	 29	  0	  0	  0	  0	  0	  0	  0	  0	  0	  0	  0	  5	21810	  0
12-05-2015	17:20:18	->	L	00000000	 21	 85	 53	 22	  0	332	  0	  4	  4	  4	  4	  4	  4	  4	  4	  0	  0	  0	  0	  0	  0	  0	  0	  0	  0	  0	  0	  0	  0	  0	  0	  0	  0	  0	  0	  0	  0	  0	  0	 83	 53	 23	 85	  0	 22	  0	  0	  0	  0	  0	  0	  0	  0	  0	  0	  0	  5	21810	  0
12-05-2015	17:25:18	->	L	00000000	 21	 86	 53	 20	  0	337	  0	  4	  4	  4	  4	  4	  4	  4	  4	  0	  0	  0	  0	  0	  0	  0	  0	  0	  0	  0	  0	  0	  0	  0	  0	  0	  0	  0	  0	  0	  0	  0	  0	 83	 53	 23	 86	  0	 21	  0	  0	  0	  0	  0	  0	  0	  0	  0	  0	  0	  5	21810	  0
12-05-2015	17:30:18	->	L	00000000	 21	 86	 52	 20	  0	342	  0	  4	  4	  4	  4	  4	  4	  4	  4	  0	  0	  0	  0	  0	  0	  0	  0	  0	  0	  0	  0	  0	  0	  0	  0	  0	  0	  0	  0	  0	  0	  0	  0	 84	 52	 21	 86	  0	 20	  0	  0	  0	  0	  0	  0	  0	  0	  0	  0	  0	  5	21810	  0
12-05-2015	17:35:18	->	L	00000000	 21	 83	 51	 20	  0	347	  0	  4	  4	  4	  4	  4	  4	  4	  4	  0	  0	  0	  0	  0	  0	  0	  0	  0	  0	  0	  0	  0	  0	  0	  0	  0	  0	  0	  0	  0	  0	  0	  0	 82	 51	 22	 83	  0	 21	  0	  0	  0	  0	  0	  0	  0	  0	  0	  0	  0	  5	21810	  0
13-05-2015	01:20:25	  	L	00000000	 21	 45	 32	 42	  0	354	  0	  4	  4	  4	  4	  4	  4	  4	  4	  0	  0	  0	  0	  0	  0	  0	  0	  0	  0	  0	  0	  0	  0	  0	  0	  0	  0	  0	  0	  0	  0	  0	  0	 45	 32	 42	 45	  0	 42	  0	  0	  0	  0	  0	  0	  0	  0	  0	  0	  0	  5	21810	  0
13-05-2015	01:25:25	->	L	00000000	 21	 70	 38	 14	  0	359	  0	  4	  4	  4	  4	  4	  4	  4	  4	  0	  0	  0	  0	  0	  0	  0	  0	  0	  0	  0	  0	  0	  0	  0	  0	  0	  0	  0	  0	  0	  0	  0	  0	 65	 38	 19	 70	  0	 15	  0	  0	  0	  0	  0	  0	  0	  0	  0	  0	  0	  5	17970	  0
13-05-2015	01:30:25	->	L	00000000	 21	 75	 40	 14	  0	364	  0	  4	  4	  4	  4	  4	  4	  4	  4	  0	  0	  0	  0	  0	  0	  0	  0	  0	  0	  0	  0	  0	  0	  0	  0	  0	  0	  0	  0	  0	  0	  0	  0	 68	 40	 17	 75	  0	 14	  0	  0	  0	  0	  0	  0	  0	  0	  0	  0	  0	  5	17970	  0
13-05-2015	01:35:25	<-	L	00000000	 21	 64	 39	 20	  0	369	  0	  4	  4	  4	  4	  4	  4	  4	  4	  0	  0	  0	  0	  0	  0	  0	  0	  0	  0	  0	  0	  0	  0	  0	  0	  0	  0	  0	  0	  0	  0	  0	  0	 62	 39	 22	 64	  0	 20	  0	  0	  0	  0	  0	  0	  0	  0	  0	  0	  0	  5	17970	  0
13-05-2015	01:40:25	<-	L	00000000	 21	 68	 40	 19	  0	374	  0	  4	  4	  4	  4	  4	  4	  4	  4	  0	  0	  0	  0	  0	  0	  0	  0	  0	  0	  0	  0	  0	  0	  0	  0	  0	  0	  0	  0	  0	  0	  0	  0	 68	 40	 19	 65	  0	 21	  0	  0	  0	  0	  0	  0	  0	  0	  0	  0	  0	  5	17970	  0
13-05-2015	01:45:25	<-	L	00000000	 21	 70	 40	 19	  0	379	  0	  4	  4	  4	  4	  4	  4	  4	  4	  0	  0	  0	  0	  0	  0	  0	  0	  0	  0	  0	  0	  0	  0	  0	  0	  0	  0	  0	  0	  0	  0	  0	  0	 70	 40	 19	 65	  0	 21	  0	  0	  0	  0	  0	  0	  0	  0	  0	  0	  0	  5	17970	  0
13-05-2015	01:50:25	<-	L	00000000	 21	 74	 42	 17	  0	384	  0	  4	  4	  4	  4	  4	  4	  4	  4	  0	  0	  0	  0	  0	  0	  0	  0	  0	  0	  0	  0	  0	  0	  0	  0	  0	  0	  0	  0	  0	  0	  0	  0	 74	 42	 17	 67	  0	 22	  0	  0	  0	  0	  0	  0	  0	  0	  0	  0	  0	  5	17970	  0
13-05-2015	01:55:25	<-	L	00000000	 21	 74	 42	 17	  0	389	  0	  4	  4	  4	  4	  4	  4	  4	  4	  0	  0	  0	  0	  0	  0	  0	  0	  0	  0	  0	  0	  0	  0	  0	  0	  0	  0	  0	  0	  0	  0	  0	  0	 74	 42	 17	 67	  0	 22	  0	  0	  0	  0	  0	  0	  0	  0	  0	  0	  0	  5	17970	  0
13-05-2015	02:00:26	<-	L	00000000	 21	 74	 42	 18	  0	394	  0	  4	  4	  4	  4	  4	  4	  4	  4	  0	  0	  0	  0	  0	  0	  0	  0	  0	  0	  0	  0	  0	  0	  0	  0	  0	  0	  0	  0	  0	  0	  0	  0	 74	 42	 17	 67	  0	 22	  0	  0	  0	  0	  0	  0	  0	  0	  0	  0	  0	  5	17970	  0
13-05-2015	02:05:25	<-	L	00000000	 21	 73	 42	 19	  0	399	  0	  4	  4	  4	  4	  4	  4	  4	  4	  0	  0	  0	  0	  0	  0	  0	  0	  0	  0	  0	  0	  0	  0	  0	  0	  0	  0	  0	  0	  0	  0	  0	  0	 73	 42	 17	 67	  0	 22	  0	  0	  0	  0	  0	  0	  0	  0	  0	  0	  0	  5	17970	  0
13-05-2015	02:10:25	<-	L	00000000	 21	 81	 44	 15	  0	404	  0	  4	  4	  4	  4	  4	  4	  4	  4	  0	  0	  0	  0	  0	  0	  0	  0	  0	  0	  0	  0	  0	  0	  0	  0	  0	  0	  0	  0	  0	  0	  0	  0	 81	 44	 15	 71	  0	 22	  0	  0	  0	  0	  0	  0	  0	  0	  0	  0	  0	  5	19250	  0
13-05-2015	02:15:25	<-	L	00000000	 21	 80	 44	 15	  0	409	  0	  4	  4	  4	  4	  4	  4	  4	  4	  0	  0	  0	  0	  0	  0	  0	  0	  0	  0	  0	  0	  0	  0	  0	  0	  0	  0	  0	  0	  0	  0	  0	  0	 80	 44	 16	 71	  0	 22	  0	  0	  0	  0	  0	  0	  0	  0	  0	  0	  0	  5	19250	  0
13-05-2015	02:20:26	<-	L	00000000	 21	 79	 44	 16	  0	414	  0	  4	  4	  4	  4	  4	  4	  4	  4	  0	  0	  0	  0	  0	  0	  0	  0	  0	  0	  0	  0	  0	  0	  0	  0	  0	  0	  0	  0	  0	  0	  0	  0	 79	 44	 16	 72	  0	 21	  0	  0	  0	  0	  0	  0	  0	  0	  0	  0	  0	  5	19250	  0
13-05-2015	02:25:25	<-	L	00000000	 21	 79	 44	 16	  0	419	  0	  4	  4	  4	  4	  4	  4	  4	  4	  0	  0	  0	  0	  0	  0	  0	  0	  0	  0	  0	  0	  0	  0	  0	  0	  0	  0	  0	  0	  0	  0	  0	  0	 79	 44	 16	 72	  0	 21	  0	  0	  0	  0	  0	  0	  0	  0	  0	  0	  0	  5	20530	  0
13-05-2015	02:30:25	<-	L	00000000	 21	 78	 44	 17	  0	424	  0	  4	  4	  4	  4	  4	  4	  4	  4	  0	  0	  0	  0	  0	  0	  0	  0	  0	  0	  0	  0	  0	  0	  0	  0	  0	  0	  0	  0	  0	  0	  0	  0	 78	 44	 17	 72	  0	 21	  0	  0	  0	  0	  0	  0	  0	  0	  0	  0	  0	  5	20530	  0
13-05-2015	02:35:25	<-	L	00000000	 21	 82	 45	 16	  0	429	  0	  4	  4	  4	  4	  4	  4	  4	  4	  0	  0	  0	  0	  0	  0	  0	  0	  0	  0	  0	  0	  0	  0	  0	  0	  0	  0	  0	  0	  0	  0	  0	  0	 82	 45	 16	 74	  0	 20	  0	  0	  0	  0	  0	  0	  0	  0	  0	  0	  0	  5	20530	  0
13-05-2015	02:40:26	<-	L	00000000	 21	 88	 47	 14	  0	434	  0	  4	  4	  4	  4	  4	  4	  4	  4	  0	  0	  0	  0	  0	  0	  0	  0	  0	  0	  0	  0	  0	  0	  0	  0	  0	  0	  0	  0	  0	  0	  0	  0	 88	 47	 14	 77	  0	 20	  0	  0	  0	  0	  0	  0	  0	  0	  0	  0	  0	  5	20530	  0
13-05-2015	02:45:26	<-	L	00000000	 21	 88	 47	 14	  0	439	  0	  4	  4	  4	  4	  4	  4	  4	  4	  0	  0	  0	  0	  0	  0	  0	  0	  0	  0	  0	  0	  0	  0	  0	  0	  0	  0	  0	  0	  0	  0	  0	  0	 88	 47	 14	 77	  0	 20	  0	  0	  0	  0	  0	  0	  0	  0	  0	  0	  0	  5	20530	  0
13-05-2015	02:50:26	<-	L	00000000	 21	 88	 47	 14	  0	444	  0	  4	  4	  4	  4	  4	  4	  4	  4	  0	  0	  0	  0	  0	  0	  0	  0	  0	  0	  0	  0	  0	  0	  0	  0	  0	  0	  0	  0	  0	  0	  0	  0	 88	 47	 14	 78	  0	 20	  0	  0	  0	  0	  0	  0	  0	  0	  0	  0	  0	  5	20530	  0
13-05-2015	02:55:26	<-	L	00000000	 21	 93	 49	 12	  0	449	  0	  4	  4	  4	  4	  4	  4	  4	  4	  0	  0	  0	  0	  0	  0	  0	  0	  0	  0	  0	  0	  0	  0	  0	  0	  0	  0	  0	  0	  0	  0	  0	  0	 93	 49	 13	 80	  0	 21	  0	  0	  0	  0	  0	  0	  0	  0	  0	  0	  0	  5	22322	  0
13-05-2015	03:00:26	<-	L	00000000	 21	 91	 48	 13	  0	454	  0	  4	  4	  4	  4	  4	  4	  4	  4	  0	  0	  0	  0	  0	  0	  0	  0	  0	  0	  0	  0	  0	  0	  0	  0	  0	  0	  0	  0	  0	  0	  0	  0	 91	 48	 13	 81	  0	 19	  0	  0	  0	  0	  0	  0	  0	  0	  0	  0	  0	  5	22322	  0
13-05-2015	03:05:26	<-	L	00000000	 21	 86	 48	 16	  0	459	  0	  4	  4	  4	  4	  4	  4	  4	  4	  0	  0	  0	  0	  0	  0	  0	  0	  0	  0	  0	  0	  0	  0	  0	  0	  0	  0	  0	  0	  0	  0	  0	  0	 86	 48	 16	 79	  0	 20	  0	  0	  0	  0	  0	  0	  0	  0	  0	  0	  0	  5	22322	  0
13-05-2015	03:10:26	<-	L	00000000	 21	 87	 48	 16	  0	464	  0	  4	  4	  4	  4	  4	  4	  4	  4	  0	  0	  0	  0	  0	  0	  0	  0	  0	  0	  0	  0	  0	  0	  0	  0	  0	  0	  0	  0	  0	  0	  0	  0	 87	 48	 15	 79	  0	 20	  0	  0	  0	  0	  0	  0	  0	  0	  0	  0	  0	  5	22322	  0
13-05-2015	03:15:27	<-	L	00000000	 21	 93	 49	 13	  0	469	  0	  4	  4	  4	  4	  4	  4	  4	  4	  0	  0	  0	  0	  0	  0	  0	  0	  0	  0	  0	  0	  0	  0	  0	  0	  0	  0	  0	  0	  0	  0	  0	  0	 93	 49	 13	 82	  0	 20	  0	  0	  0	  0	  0	  0	  0	  0	  0	  0	  0	  5	22322	  0
13-05-2015	03:20:26	<-	L	00000000	 21	 91	 49	 13	  0	474	  0	  4	  4	  4	  4	  4	  4	  4	  4	  0	  0	  0	  0	  0	  0	  0	  0	  0	  0	  0	  0	  0	  0	  0	  0	  0	  0	  0	  0	  0	  0	  0	  0	 91	 49	 14	 82	  0	 20	  0	  0	  0	  0	  0	  0	  0	  0	  0	  0	  0	  5	22322	  0
13-05-2015	03:25:26	<-	L	00000000	 21	 88	 48	 15	  0	479	  0	  4	  4	  4	  4	  4	  4	  4	  4	  0	  0	  0	  0	  0	  0	  0	  0	  0	  0	  0	  0	  0	  0	  0	  0	  0	  0	  0	  0	  0	  0	  0	  0	 88	 48	 15	 81	  0	 19	  0	  0	  0	  0	  0	  0	  0	  0	  0	  0	  0	  5	22322	  0
13-05-2015	03:30:26	<-	L	00000000	 21	 85	 48	 16	  0	484	  0	  4	  4	  4	  4	  4	  4	  4	  4	  0	  0	  0	  0	  0	  0	  0	  0	  0	  0	  0	  0	  0	  0	  0	  0	  0	  0	  0	  0	  0	  0	  0	  0	 85	 48	 17	 80	  0	 20	  0	  0	  0	  0	  0	  0	  0	  0	  0	  0	  0	  5	22322	  0
13-05-2015	03:35:26	<-	L	00000000	 21	 85	 48	 17	  0	489	  0	  4	  4	  4	  4	  4	  4	  4	  4	  0	  0	  0	  0	  0	  0	  0	  0	  0	  0	  0	  0	  0	  0	  0	  0	  0	  0	  0	  0	  0	  0	  0	  0	 85	 48	 17	 80	  0	 20	  0	  0	  0	  0	  0	  0	  0	  0	  0	  0	  0	  5	22322	  0
13-05-2015	03:40:26	<-	L	00000000	 21	 89	 49	 16	  0	494	  0	  4	  4	  4	  4	  4	  4	  4	  4	  0	  0	  0	  0	  0	  0	  0	  0	  0	  0	  0	  0	  0	  0	  0	  0	  0	  0	  0	  0	  0	  0	  0	  0	 89	 49	 15	 81	  0	 20	  0	  0	  0	  0	  0	  0	  0	  0	  0	  0	  0	  5	22320	  0
13-05-2015	03:45:26	<-	L	00000000	 21	 94	 50	 14	  0	499	  0	  4	  4	  4	  4	  4	  4	  4	  4	  0	  0	  0	  0	  0	  0	  0	  0	  0	  0	  0	  0	  0	  0	  0	  0	  0	  0	  0	  0	  0	  0	  0	  0	 94	 50	 13	 83	  0	 20	  0	  0	  0	  0	  0	  0	  0	  0	  0	  0	  0	  5	22320	  0
13-05-2015	03:50:26	<-	L	00000000	 21	 92	 49	 13	  0	504	  0	  4	  4	  4	  4	  4	  4	  4	  4	  0	  0	  0	  0	  0	  0	  0	  0	  0	  0	  0	  0	  0	  0	  0	  0	  0	  0	  0	  0	  0	  0	  0	  0	 92	 49	 13	 83	  0	 19	  0	  0	  0	  0	  0	  0	  0	  0	  0	  0	  0	  5	22320	  0
13-05-2015	03:55:27	<-	L	00000000	 21	 89	 48	 14	  0	509	  0	  4	  4	  4	  4	  4	  4	  4	  4	  0	  0	  0	  0	  0	  0	  0	  0	  0	  0	  0	  0	  0	  0	  0	  0	  0	  0	  0	  0	  0	  0	  0	  0	 89	 48	 14	 82	  0	 19	  0	  0	  0	  0	  0	  0	  0	  0	  0	  0	  0	  5	22320	  0
13-05-2015	04:00:27	<-	L	00000000	 21	 85	 47	 15	  0	514	  0	  4	  4	  4	  4	  4	  4	  4	  4	  0	  0	  0	  0	  0	  0	  0	  0	  0	  0	  0	  0	  0	  0	  0	  0	  0	  0	  0	  0	  0	  0	  0	  0	 85	 47	 16	 81	  0	 18	  0	  0	  0	  0	  0	  0	  0	  0	  0	  0	  0	  5	22320	  0
13-05-2015	04:05:27	<-	L	00000000	 21	 85	 47	 16	  0	519	  0	  4	  4	  4	  4	  4	  4	  4	  4	  0	  0	  0	  0	  0	  0	  0	  0	  0	  0	  0	  0	  0	  0	  0	  0	  0	  0	  0	  0	  0	  0	  0	  0	 85	 47	 16	 81	  0	 18	  0	  0	  0	  0	  0	  0	  0	  0	  0	  0	  0	  5	22320	  0
13-05-2015	04:10:27	<-	L	00000000	 21	 89	 48	 15	  0	524	  0	  4	  4	  4	  4	  4	  4	  4	  4	  0	  0	  0	  0	  0	  0	  0	  0	  0	  0	  0	  0	  0	  0	  0	  0	  0	  0	  0	  0	  0	  0	  0	  0	 89	 48	 14	 82	  0	 19	  0	  0	  0	  0	  0	  0	  0	  0	  0	  0	  0	  5	22320	  0
13-05-2015	04:15:27	<-	L	00000000	 21	 93	 49	 13	  0	529	  0	  4	  4	  4	  4	  4	  4	  4	  4	  0	  0	  0	  0	  0	  0	  0	  0	  0	  0	  0	  0	  0	  0	  0	  0	  0	  0	  0	  0	  0	  0	  0	  0	 93	 49	 13	 84	  0	 18	  0	  0	  0	  0	  0	  0	  0	  0	  0	  0	  0	  5	22320	  0
13-05-2015	04:20:27	<-	L	00000000	 21	 92	 49	 13	  0	534	  0	  4	  4	  4	  4	  4	  4	  4	  4	  0	  0	  0	  0	  0	  0	  0	  0	  0	  0	  0	  0	  0	  0	  0	  0	  0	  0	  0	  0	  0	  0	  0	  0	 92	 49	 13	 84	  0	 18	  0	  0	  0	  0	  0	  0	  0	  0	  0	  0	  0	  5	22320	  0
13-05-2015	04:25:27	<-	L	00000000	 21	 89	 48	 14	  0	539	  0	  4	  4	  4	  4	  4	  4	  4	  4	  0	  0	  0	  0	  0	  0	  0	  0	  0	  0	  0	  0	  0	  0	  0	  0	  0	  0	  0	  0	  0	  0	  0	  0	 89	 48	 14	 83	  0	 18	  0	  0	  0	  0	  0	  0	  0	  0	  0	  0	  0	  5	22320	  0
13-05-2015	04:30:28	<-	L	00000000	 21	 86	 47	 14	  0	544	  0	  4	  4	  4	  4	  4	  4	  4	  4	  0	  0	  0	  0	  0	  0	  0	  0	  0	  0	  0	  0	  0	  0	  0	  0	  0	  0	  0	  0	  0	  0	  0	  0	 86	 47	 15	 82	  0	 18	  0	  0	  0	  0	  0	  0	  0	  0	  0	  0	  0	  5	22320	  0
13-05-2015	04:35:27	  	L	00000000	 21	 87	 49	 16	  0	549	  0	  4	  4	  4	  4	  4	  4	  4	  4	  0	  0	  0	  0	  0	  0	  0	  0	  0	  0	  0	  0	  0	  0	  0	  0	  0	  0	  0	  0	  0	  0	  0	  0	 87	 49	 16	 83	  0	 19	  0	  0	  0	  0	  0	  0	  0	  0	  0	  0	  0	  5	22320	  0
13-05-2015	04:40:27	->	L	00000000	 21	 91	 49	 13	  0	554	  0	  4	  4	  4	  4	  4	  4	  4	  4	  0	  0	  0	  0	  0	  0	  0	  0	  0	  0	  0	  0	  0	  0	  0	  0	  0	  0	  0	  0	  0	  0	  0	  0	 88	 49	 16	 91	  0	 14	  0	  0	  0	  0	  0	  0	  0	  0	  0	  0	  0	  5	22320	  0
13-05-2015	04:45:27	->	L	00000000	 21	 89	 48	 14	  0	559	  0	  4	  4	  4	  4	  4	  4	  4	  4	  0	  0	  0	  0	  0	  0	  0	  0	  0	  0	  0	  0	  0	  0	  0	  0	  0	  0	  0	  0	  0	  0	  0	  0	 86	 48	 16	 89	  0	 14	  0	  0	  0	  0	  0	  0	  0	  0	  0	  0	  0	  5	22320	  0
13-05-2015	04:50:27	->	L	00000000	 21	 88	 48	 15	  0	564	  0	  4	  4	  4	  4	  4	  4	  4	  4	  0	  0	  0	  0	  0	  0	  0	  0	  0	  0	  0	  0	  0	  0	  0	  0	  0	  0	  0	  0	  0	  0	  0	  0	 85	 48	 17	 88	  0	 15	  0	  0	  0	  0	  0	  0	  0	  0	  0	  0	  0	  5	22320	  0
13-05-2015	04:55:27	->	L	00000000	 21	 86	 48	 16	  0	569	  0	  4	  4	  4	  4	  4	  4	  4	  4	  0	  0	  0	  0	  0	  0	  0	  0	  0	  0	  0	  0	  0	  0	  0	  0	  0	  0	  0	  0	  0	  0	  0	  0	 84	 48	 17	 86	  0	 16	  0	  0	  0	  0	  0	  0	  0	  0	  0	  0	  0	  5	22320	  0
13-05-2015	05:00:27	->	L	00000000	 21	 86	 48	 16	  0	574	  0	  4	  4	  4	  4	  4	  4	  4	  4	  0	  0	  0	  0	  0	  0	  0	  0	  0	  0	  0	  0	  0	  0	  0	  0	  0	  0	  0	  0	  0	  0	  0	  0	 84	 48	 17	 86	  0	 16	  0	  0	  0	  0	  0	  0	  0	  0	  0	  0	  0	  5	22320	  0
13-05-2015	05:05:28	->	L	00000000	 21	 89	 48	 15	  0	579	  0	  4	  4	  4	  4	  4	  4	  4	  4	  0	  0	  0	  0	  0	  0	  0	  0	  0	  0	  0	  0	  0	  0	  0	  0	  0	  0	  0	  0	  0	  0	  0	  0	 86	 48	 16	 89	  0	 14	  0	  0	  0	  0	  0	  0	  0	  0	  0	  0	  0	  5	22320	  0
13-05-2015	05:10:28	->	L	00000000	 21	 91	 49	 15	  0	584	  0	  4	  4	  4	  4	  4	  4	  4	  4	  0	  0	  0	  0	  0	  0	  0	  0	  0	  0	  0	  0	  0	  0	  0	  0	  0	  0	  0	  0	  0	  0	  0	  0	 87	 49	 16	 91	  0	 14	  0	  0	  0	  0	  0	  0	  0	  0	  0	  0	  0	  5	22320	  0
13-05-2015	05:15:28	->	L	00000000	 21	 89	 48	 14	  0	589	  0	  4	  4	  4	  4	  4	  4	  4	  4	  0	  0	  0	  0	  0	  0	  0	  0	  0	  0	  0	  0	  0	  0	  0	  0	  0	  0	  0	  0	  0	  0	  0	  0	 86	 48	 16	 89	  0	 14	  0	  0	  0	  0	  0	  0	  0	  0	  0	  0	  0	  5	22320	  0
13-05-2015	05:20:28	->	L	00000000	 21	 87	 48	 15	  0	594	  0	  4	  4	  4	  4	  4	  4	  4	  4	  0	  0	  0	  0	  0	  0	  0	  0	  0	  0	  0	  0	  0	  0	  0	  0	  0	  0	  0	  0	  0	  0	  0	  0	 85	 48	 17	 87	  0	 15	  0	  0	  0	  0	  0	  0	  0	  0	  0	  0	  0	  5	22320	  0
13-05-2015	05:25:28	->	L	00000000	 21	 85	 47	 16	  0	599	  0	  4	  4	  4	  4	  4	  4	  4	  4	  0	  0	  0	  0	  0	  0	  0	  0	  0	  0	  0	  0	  0	  0	  0	  0	  0	  0	  0	  0	  0	  0	  0	  0	 84	 47	 16	 85	  0	 16	  0	  0	  0	  0	  0	  0	  0	  0	  0	  0	  0	  5	22320	  0
13-05-2015	05:30:29	->	L	00000000	 21	 86	 48	 16	  0	604	  0	  4	  4	  4	  4	  4	  4	  4	  4	  0	  0	  0	  0	  0	  0	  0	  0	  0	  0	  0	  0	  0	  0	  0	  0	  0	  0	  0	  0	  0	  0	  0	  0	 84	 48	 17	 86	  0	 16	  0	  0	  0	  0	  0	  0	  0	  0	  0	  0	  0	  5	22320	  0
13-05-2015	05:35:28	->	L	00000000	 21	 89	 48	 15	  0	609	  0	  4	  4	  4	  4	  4	  4	  4	  4	  0	  0	  0	  0	  0	  0	  0	  0	  0	  0	  0	  0	  0	  0	  0	  0	  0	  0	  0	  0	  0	  0	  0	  0	 86	 48	 16	 89	  0	 14	  0	  0	  0	  0	  0	  0	  0	  0	  0	  0	  0	  5	22320	  0
13-05-2015	05:40:28	->	L	00000000	 21	 91	 49	 14	  0	614	  0	  4	  4	  4	  4	  4	  4	  4	  4	  0	  0	  0	  0	  0	  0	  0	  0	  0	  0	  0	  0	  0	  0	  0	  0	  0	  0	  0	  0	  0	  0	  0	  0	 87	 49	 16	 91	  0	 14	  0	  0	  0	  0	  0	  0	  0	  0	  0	  0	  0	  5	22320	  0
13-05-2015	05:45:28	->	L	00000000	 21	 90	 48	 13	  0	619	  0	  4	  4	  4	  4	  4	  4	  4	  4	  0	  0	  0	  0	  0	  0	  0	  0	  0	  0	  0	  0	  0	  0	  0	  0	  0	  0	  0	  0	  0	  0	  0	  0	 87	 48	 15	 90	  0	 14	  0	  0	  0	  0	  0	  0	  0	  0	  0	  0	  0	  5	22320	  0
13-05-2015	05:50:28	->	L	00000000	 21	 89	 48	 14	  0	624	  0	  4	  4	  4	  4	  4	  4	  4	  4	  0	  0	  0	  0	  0	  0	  0	  0	  0	  0	  0	  0	  0	  0	  0	  0	  0	  0	  0	  0	  0	  0	  0	  0	 86	 48	 16	 88	  0	 14	  0	  0	  0	  0	  0	  0	  0	  0	  0	  0	  0	  5	22320	  0
13-05-2015	05:55:28	->	L	00000000	 21	 87	 48	 15	  0	629	  0	  4	  4	  4	  4	  4	  4	  4	  4	  0	  0	  0	  0	  0	  0	  0	  0	  0	  0	  0	  0	  0	  0	  0	  0	  0	  0	  0	  0	  0	  0	  0	  0	 85	 48	 17	 87	  0	 15	  0	  0	  0	  0	  0	  0	  0	  0	  0	  0	  0	  5	22320	  0
13-05-2015	06:00:28	->	L	00000000	 21	 86	 48	 15	  0	634	  0	  4	  4	  4	  4	  4	  4	  4	  4	  0	  0	  0	  0	  0	  0	  0	  0	  0	  0	  0	  0	  0	  0	  0	  0	  0	  0	  0	  0	  0	  0	  0	  0	 84	 48	 17	 86	  0	 16	  0	  0	  0	  0	  0	  0	  0	  0	  0	  0	  0	  5	22320	  0
13-05-2015	06:05:28	->	L	00000000	 21	 86	 48	 16	  0	639	  0	  4	  4	  4	  4	  4	  4	  4	  4	  0	  0	  0	  0	  0	  0	  0	  0	  0	  0	  0	  0	  0	  0	  0	  0	  0	  0	  0	  0	  0	  0	  0	  0	 84	 48	 17	 86	  0	 16	  0	  0	  0	  0	  0	  0	  0	  0	  0	  0	  0	  5	22320	  0
13-05-2015	06:10:28	->	L	00000000	 21	 86	 47	 16	  0	644	  0	  4	  4	  4	  4	  4	  4	  4	  4	  0	  0	  0	  0	  0	  0	  0	  0	  0	  0	  0	  0	  0	  0	  0	  0	  0	  0	  0	  0	  0	  0	  0	  0	 84	 47	 16	 86	  0	 15	  0	  0	  0	  0	  0	  0	  0	  0	  0	  0	  0	  5	22320	  0
13-05-2015	06:15:28	->	L	00000000	 21	 85	 47	 15	  0	649	  0	  4	  4	  4	  4	  4	  4	  4	  4	  0	  0	  0	  0	  0	  0	  0	  0	  0	  0	  0	  0	  0	  0	  0	  0	  0	  0	  0	  0	  0	  0	  0	  0	 84	 47	 16	 85	  0	 16	  0	  0	  0	  0	  0	  0	  0	  0	  0	  0	  0	  5	22320	  0
13-05-2015	06:20:29	->	L	00000000	 21	 85	 47	 15	  0	654	  0	  4	  4	  4	  4	  4	  4	  4	  4	  0	  0	  0	  0	  0	  0	  0	  0	  0	  0	  0	  0	  0	  0	  0	  0	  0	  0	  0	  0	  0	  0	  0	  0	 84	 47	 16	 85	  0	 16	  0	  0	  0	  0	  0	  0	  0	  0	  0	  0	  0	  5	22320	  0
13-05-2015	06:25:29	->	L	00000000	 21	 86	 47	 15	  0	659	  0	  4	  4	  4	  4	  4	  4	  4	  4	  0	  0	  0	  0	  0	  0	  0	  0	  0	  0	  0	  0	  0	  0	  0	  0	  0	  0	  0	  0	  0	  0	  0	  0	 84	 47	 16	 86	  0	 15	  0	  0	  0	  0	  0	  0	  0	  0	  0	  0	  0	  5	22320	  0
13-05-2015	06:30:29	->	L	00000000	 21	 85	 47	 15	  0	664	  0	  4	  4	  4	  4	  4	  4	  4	  4	  0	  0	  0	  0	  0	  0	  0	  0	  0	  0	  0	  0	  0	  0	  0	  0	  0	  0	  0	  0	  0	  0	  0	  0	 84	 47	 16	 85	  0	 16	  0	  0	  0	  0	  0	  0	  0	  0	  0	  0	  0	  5	22320	  0
13-05-2015	06:35:29	->	L	00000000	 21	 86	 47	 15	  0	669	  0	  4	  4	  4	  4	  4	  4	  4	  4	  0	  0	  0	  0	  0	  0	  0	  0	  0	  0	  0	  0	  0	  0	  0	  0	  0	  0	  0	  0	  0	  0	  0	  0	 85	 47	 16	 86	  0	 15	  0	  0	  0	  0	  0	  0	  0	  0	  0	  0	  0	  5	22320	  0
13-05-2015	06:40:29	->	L	00000000	 21	 86	 47	 14	  0	674	  0	  4	  4	  4	  4	  4	  4	  4	  4	  0	  0	  0	  0	  0	  0	  0	  0	  0	  0	  0	  0	  0	  0	  0	  0	  0	  0	  0	  0	  0	  0	  0	  0	 85	 47	 16	 86	  0	 15	  0	  0	  0	  0	  0	  0	  0	  0	  0	  0	  0	  5	22320	  0
13-05-2015	06:45:29	->	L	00000000	 21	 87	 49	 16	  0	679	  0	  4	  4	  4	  4	  4	  4	  4	  4	  0	  0	  0	  0	  0	  0	  0	  0	  0	  0	  0	  0	  0	  0	  0	  0	  0	  0	  0	  0	  0	  0	  0	  0	 86	 49	 17	 87	  0	 16	  0	  0	  0	  0	  0	  0	  0	  0	  0	  0	  0	  5	22320	  0
