16-02-2015	19:29:41	<-	L	00000000	 10	 31	 23	 66	  0	  6	  0	 10	 10	 13	 10	 12	 12	 12	 11	  0	  0	  0	  0	  0	  0	  0	  0	  0	  0	  0	  0	  0	  0	  0	  0	  0	  0	  0	  0	  0	  0	  0	  0	 31	 23	 57	 30	  0	 61	  0	  0	  0	  0	  0	  0	  0	  0	  0	  0	  0	  5	7448	  1
16-02-2015	19:34:41	<-	L	00000000	 10	 28	 25	 83	  0	 11	  0	  9	  9	 12	  9	 11	 11	 11	 11	  0	  0	  0	  0	  0	  0	  0	  0	  0	  0	  0	  0	  0	  0	  0	  0	  0	  0	  0	  0	  0	  0	  0	  0	 28	 25	 83	 28	  0	 83	  0	  0	  0	  0	  0	  0	  0	  0	  0	  0	  0	  5	7705	  1
16-02-2015	19:39:41	<-	L	00000000	 10	 30	 26	 77	  0	 16	  0	  9	  9	 12	  9	 11	 11	 11	 11	  0	  0	  0	  0	  0	  0	  0	  0	  0	  0	  0	  0	  0	  0	  0	  0	  0	  0	  0	  0	  0	  0	  0	  0	 30	 26	 77	 30	  0	 77	  0	  0	  0	  0	  0	  0	  0	  0	  0	  0	  0	  5	7962	  1
16-02-2015	19:52:02	<-	L	00000000	 10	 33	 27	 67	  0	 28	  0	  9	  9	 12	  9	 11	 11	 11	 10	  0	  0	  0	  0	  0	  0	  0	  0	  0	  0	  0	  0	  0	  0	  0	  0	  0	  0	  0	  0	  0	  0	  0	  0	 33	 27	 67	 32	  0	 74	  0	  0	  0	  0	  0	  0	  0	  0	  0	  0	  0	  5	8476	  1
16-02-2015	19:57:02	<-	L	00000000	 10	 34	 28	 67	  0	 33	  0	  8	  8	 11	  9	 11	 10	 10	 10	  0	  0	  0	  0	  0	  0	  0	  0	  0	  0	  0	  0	  0	  0	  0	  0	  0	  0	  0	  0	  0	  0	  0	  0	 34	 28	 67	 34	  0	 67	  0	  0	  0	  0	  0	  0	  0	  0	  0	  0	  0	  5	8733	  1
16-02-2015	20:02:02	<-	L	00000000	 10	 39	 30	 55	  0	 38	  0	  8	  8	 11	  8	 11	 11	 10	 10	  0	  0	  0	  0	  0	  0	  0	  0	  0	  0	  0	  0	  0	  0	  0	  0	  0	  0	  0	  0	  0	  0	  0	  0	 39	 30	 55	 37	  0	 63	  0	  0	  0	  0	  0	  0	  0	  0	  0	  0	  0	  5	8990	  1
16-02-2015	20:07:02	<-	L	00000000	 10	 40	 31	 52	  0	 43	  0	  8	  8	 11	  8	 10	 11	 10	  9	  0	  0	  0	  0	  0	  0	  0	  0	  0	  0	  0	  0	  0	  0	  0	  0	  0	  0	  0	  0	  0	  0	  0	  0	 40	 31	 52	 38	  0	 63	  0	  0	  0	  0	  0	  0	  0	  0	  0	  0	  0	  5	9247	  1
16-02-2015	20:12:03	<-	L	00000000	 10	 45	 30	 41	  0	 48	  0	  8	  7	 11	  8	 10	 10	 10	  9	  0	  0	  0	  0	  0	  0	  0	  0	  0	  0	  0	  0	  0	  0	  0	  0	  0	  0	  0	  0	  0	  0	  0	  0	 45	 30	 37	 42	  0	 45	  0	  0	  0	  0	  0	  0	  0	  0	  0	  0	  0	  5	9504	  1
16-02-2015	20:17:02	<-	L	00000000	 10	 37	 29	 59	  0	 53	  0	  8	  7	 11	  8	 10	 10	 10	  9	  0	  0	  0	  0	  0	  0	  0	  0	  0	  0	  0	  0	  0	  0	  0	  0	  0	  0	  0	  0	  0	  0	  0	  0	 37	 29	 59	 35	  0	 67	  0	  0	  0	  0	  0	  0	  0	  0	  0	  0	  0	  5	9761	  1
16-02-2015	20:22:03	<-	L	00000000	 10	 41	 31	 52	  0	 58	  0	  8	  7	 11	  8	 10	 10	 10	  9	  0	  0	  0	  0	  0	  0	  0	  0	  0	  0	  0	  0	  0	  0	  0	  0	  0	  0	  0	  0	  0	  0	  0	  0	 41	 31	 52	 39	  0	 59	  0	  0	  0	  0	  0	  0	  0	  0	  0	  0	  0	  5	10018	  1
16-02-2015	20:27:03	<-	L	00000000	 10	 46	 34	 42	  0	 63	  0	  8	  7	 10	  8	 10	 10	 10	  9	  0	  0	  0	  0	  0	  0	  0	  0	  0	  0	  0	  0	  0	  0	  0	  0	  0	  0	  0	  0	  0	  0	  0	  0	 46	 34	 47	 43	  0	 56	  0	  0	  0	  0	  0	  0	  0	  0	  0	  0	  0	  5	10018	  1
16-02-2015	20:32:03	<-	L	00000000	 10	 49	 35	 47	  0	 68	  0	  8	  7	 10	  7	 10	 10	 10	  9	  0	  0	  0	  0	  0	  0	  0	  0	  0	  0	  0	  0	  0	  0	  0	  0	  0	  0	  0	  0	  0	  0	  0	  0	 49	 35	 41	 46	  0	 49	  0	  0	  0	  0	  0	  0	  0	  0	  0	  0	  0	  5	10275	  1
16-02-2015	20:37:04	<-	L	00000000	 10	 40	 34	 68	  0	 73	  0	  8	  7	 10	  7	 10	 10	 10	  9	  0	  0	  0	  0	  0	  0	  0	  0	  0	  0	  0	  0	  0	  0	  0	  0	  0	  0	  0	  0	  0	  0	  0	  0	 40	 34	 68	 39	  0	 75	  0	  0	  0	  0	  0	  0	  0	  0	  0	  0	  0	  5	10532	  1
16-02-2015	20:42:03	<-	L	00000000	 10	 43	 36	 60	  0	 78	  0	  8	  7	 10	  7	  9	 10	 10	  9	  0	  0	  0	  0	  0	  0	  0	  0	  0	  0	  0	  0	  0	  0	  0	  0	  0	  0	  0	  0	  0	  0	  0	  0	 43	 36	 64	 42	  0	 69	  0	  0	  0	  0	  0	  0	  0	  0	  0	  0	  0	  5	10789	  1
16-02-2015	20:47:03	<-	L	00000000	 10	 47	 38	 54	  0	 83	  0	  8	  7	  9	  6	  9	 10	 10	  9	  0	  0	  0	  0	  0	  0	  0	  0	  0	  0	  0	  0	  0	  0	  0	  0	  0	  0	  0	  0	  0	  0	  0	  0	 47	 38	 58	 45	  0	 65	  0	  0	  0	  0	  0	  0	  0	  0	  0	  0	  0	  5	11046	  1
24-04-2015	02:16:39	<-	L	00000000	210	 84	 46	 15	  0	143	  0	  4	  4	  9	  4	  4	  4	  4	  4	  0	  0	  0	  0	  0	  0	  0	  0	  0	  0	  0	  0	  0	  0	  0	  0	  0	  0	  0	  0	  0	  0	  0	  0	 84	 46	 15	 80	  0	 18	  0	  0	  0	  0	  0	  0	  0	  0	  0	  0	  0	  5	21806	  0
24-04-2015	02:21:39	<-	L	00000000	210	 90	 46	 13	  0	148	  0	  4	  4	  9	  4	  4	  4	  4	  4	  0	  0	  0	  0	  0	  0	  0	  0	  0	  0	  0	  0	  0	  0	  0	  0	  0	  0	  0	  0	  0	  0	  0	  0	 90	 46	 12	 81	  0	 17	  0	  0	  0	  0	  0	  0	  0	  0	  0	  0	  0	  5	21806	  0
24-04-2015	02:26:39	<-	L	00000000	210	 84	 46	 15	  0	153	  0	  4	  4	 11	  4	  4	  4	  4	  4	  0	  0	  0	  0	  0	  0	  0	  0	  0	  0	  0	  0	  0	  0	  0	  0	  0	  0	  0	  0	  0	  0	  0	  0	 84	 46	 15	 80	  0	 18	  0	  0	  0	  0	  0	  0	  0	  0	  0	  0	  0	  5	21806	  0
24-04-2015	02:31:39	<-	L	00000000	210	 89	 46	 12	  0	158	  0	  4	  4	 11	  4	  4	  4	  4	  4	  0	  0	  0	  0	  0	  0	  0	  0	  0	  0	  0	  0	  0	  0	  0	  0	  0	  0	  0	  0	  0	  0	  0	  0	 89	 46	 12	 82	  0	 17	  0	  0	  0	  0	  0	  0	  0	  0	  0	  0	  0	  5	21806	  0
24-04-2015	02:36:39	<-	L	00000000	210	 82	 46	 16	  0	163	  0	  4	  4	 12	  4	  4	  4	  4	  4	  0	  0	  0	  0	  0	  0	  0	  0	  0	  0	  0	  0	  0	  0	  0	  0	  0	  0	  0	  0	  0	  0	  0	  0	 82	 46	 17	 80	  0	 18	  0	  0	  0	  0	  0	  0	  0	  0	  0	  0	  0	  5	21806	  0
24-04-2015	02:41:39	<-	L	00000000	210	 89	 47	 13	  0	168	  0	  4	  4	 17	  4	  4	  4	  4	  4	  0	  0	  0	  0	  0	  0	  0	  0	  0	  0	  0	  0	  0	  0	  0	  0	  0	  0	  0	  0	  0	  0	  0	  0	 89	 47	 13	 82	  0	 18	  0	  0	  0	  0	  0	  0	  0	  0	  0	  0	  0	  5	21806	  0
24-04-2015	02:46:39	<-	L	00000000	210	 83	 46	 15	  0	173	  0	  4	  4	 13	  4	  4	  4	  4	  4	  0	  0	  0	  0	  0	  0	  0	  0	  0	  0	  0	  0	  0	  0	  0	  0	  0	  0	  0	  0	  0	  0	  0	  0	 83	 46	 16	 80	  0	 18	  0	  0	  0	  0	  0	  0	  0	  0	  0	  0	  0	  5	21806	  0
24-04-2015	02:51:39	<-	L	00000000	210	 88	 46	 13	  0	178	  0	  4	  4	 23	  4	  4	  4	  4	  4	  0	  0	  0	  0	  0	  0	  0	  0	  0	  0	  0	  0	  0	  0	  0	  0	  0	  0	  0	  0	  0	  0	  0	  0	 89	 46	 13	 82	  0	 17	  0	  0	  0	  0	  0	  0	  0	  0	  0	  0	  0	  5	21806	  0
24-04-2015	02:56:39	<-	L	00000000	210	 86	 46	 13	  0	183	  0	  4	  4	 21	  4	  4	  4	  4	  4	  0	  0	  0	  0	  0	  0	  0	  0	  0	  0	  0	  0	  0	  0	  0	  0	  0	  0	  0	  0	  0	  0	  0	  0	 86	 46	 14	 82	  0	 17	  0	  0	  0	  0	  0	  0	  0	  0	  0	  0	  0	  5	21806	  0
24-04-2015	03:01:39	<-	L	00000000	210	 87	 46	 15	  0	188	  0	  4	  4	 22	  4	  4	  4	  4	  4	  0	  0	  0	  0	  0	  0	  0	  0	  0	  0	  0	  0	  0	  0	  0	  0	  0	  0	  0	  0	  0	  0	  0	  0	 87	 46	 13	 81	  0	 17	  0	  0	  0	  0	  0	  0	  0	  0	  0	  0	  0	  5	21806	  0
24-04-2015	03:06:39	<-	L	00000000	210	 88	 46	 13	  0	193	  0	  4	  4	 20	  4	  4	  4	  4	  4	  0	  0	  0	  0	  0	  0	  0	  0	  0	  0	  0	  0	  0	  0	  0	  0	  0	  0	  0	  0	  0	  0	  0	  0	 88	 46	 13	 82	  0	 17	  0	  0	  0	  0	  0	  0	  0	  0	  0	  0	  0	  5	21806	  0
24-04-2015	03:11:39	<-	L	00000000	210	 85	 46	 14	  0	198	  0	  4	  4	 11	  4	  4	  4	  4	  4	  0	  0	  0	  0	  0	  0	  0	  0	  0	  0	  0	  0	  0	  0	  0	  0	  0	  0	  0	  0	  0	  0	  0	  0	 85	 46	 15	 82	  0	 17	  0	  0	  0	  0	  0	  0	  0	  0	  0	  0	  0	  5	21806	  0
24-04-2015	03:16:39	<-	L	00000000	210	 83	 45	 15	  0	203	  0	  4	  4	 12	  4	  4	  4	  4	  4	  0	  0	  0	  0	  0	  0	  0	  0	  0	  0	  0	  0	  0	  0	  0	  0	  0	  0	  0	  0	  0	  0	  0	  0	 83	 45	 15	 81	  0	 16	  0	  0	  0	  0	  0	  0	  0	  0	  0	  0	  0	  5	21806	  0
24-04-2015	03:21:40	<-	L	00000000	210	 89	 46	 13	  0	208	  0	  4	  4	 14	  4	  4	  4	  4	  4	  0	  0	  0	  0	  0	  0	  0	  0	  0	  0	  0	  0	  0	  0	  0	  0	  0	  0	  0	  0	  0	  0	  0	  0	 89	 46	 12	 83	  0	 16	  0	  0	  0	  0	  0	  0	  0	  0	  0	  0	  0	  5	21806	  0
24-04-2015	03:26:40	<-	L	00000000	210	 91	 47	 12	  0	213	  0	  4	  4	 14	  4	  4	  4	  4	  4	  0	  0	  0	  0	  0	  0	  0	  0	  0	  0	  0	  0	  0	  0	  0	  0	  0	  0	  0	  0	  0	  0	  0	  0	 91	 47	 12	 84	  0	 16	  0	  0	  0	  0	  0	  0	  0	  0	  0	  0	  0	  5	21806	  0
24-04-2015	03:31:40	<-	L	00000000	210	 87	 46	 13	  0	218	  0	  4	  4	 10	  4	  4	  4	  4	  4	  0	  0	  0	  0	  0	  0	  0	  0	  0	  0	  0	  0	  0	  0	  0	  0	  0	  0	  0	  0	  0	  0	  0	  0	 87	 46	 13	 83	  0	 16	  0	  0	  0	  0	  0	  0	  0	  0	  0	  0	  0	  5	21806	  0
24-04-2015	03:36:40	<-	L	00000000	210	 84	 46	 15	  0	223	  0	  4	  4	 26	  4	  4	  4	  4	  4	  0	  0	  0	  0	  0	  0	  0	  0	  0	  0	  0	  0	  0	  0	  0	  0	  0	  0	  0	  0	  0	  0	  0	  0	 84	 46	 15	 82	  0	 17	  0	  0	  0	  0	  0	  0	  0	  0	  0	  0	  0	  5	21806	  0
24-04-2015	03:41:41	<-	L	00000000	210	 85	 46	 15	  0	228	  0	  4	  4	 26	  4	  4	  4	  4	  4	  0	  0	  0	  0	  0	  0	  0	  0	  0	  0	  0	  0	  0	  0	  0	  0	  0	  0	  0	  0	  0	  0	  0	  0	 85	 46	 15	 82	  0	 17	  0	  0	  0	  0	  0	  0	  0	  0	  0	  0	  0	  5	21806	  0
24-04-2015	03:46:40	<-	L	00000000	210	 90	 46	 12	  0	233	  0	  4	  4	 10	  4	  4	  4	  4	  4	  0	  0	  0	  0	  0	  0	  0	  0	  0	  0	  0	  0	  0	  0	  0	  0	  0	  0	  0	  0	  0	  0	  0	  0	 90	 46	 12	 84	  0	 15	  0	  0	  0	  0	  0	  0	  0	  0	  0	  0	  0	  5	21806	  0
24-04-2015	03:51:40	<-	L	00000000	210	 90	 46	 13	  0	238	  0	  4	  4	 10	  4	  4	  4	  4	  4	  0	  0	  0	  0	  0	  0	  0	  0	  0	  0	  0	  0	  0	  0	  0	  0	  0	  0	  0	  0	  0	  0	  0	  0	 90	 46	 12	 85	  0	 15	  0	  0	  0	  0	  0	  0	  0	  0	  0	  0	  0	  5	21806	  0
24-04-2015	03:56:40	<-	L	00000000	210	 86	 46	 13	  0	243	  0	  4	  4	 11	  4	  4	  4	  4	  4	  0	  0	  0	  0	  0	  0	  0	  0	  0	  0	  0	  0	  0	  0	  0	  0	  0	  0	  0	  0	  0	  0	  0	  0	 86	 46	 14	 84	  0	 15	  0	  0	  0	  0	  0	  0	  0	  0	  0	  0	  0	  5	21806	  0
24-04-2015	04:01:40	<-	L	00000000	210	 84	 46	 15	  0	248	  0	  4	  4	 22	  4	  4	  4	  4	  4	  0	  0	  0	  0	  0	  0	  0	  0	  0	  0	  0	  0	  0	  0	  0	  0	  0	  0	  0	  0	  0	  0	  0	  0	 84	 46	 15	 83	  0	 16	  0	  0	  0	  0	  0	  0	  0	  0	  0	  0	  0	  5	21806	  0
24-04-2015	04:06:40	<-	L	00000000	210	 86	 46	 15	  0	253	  0	  4	  4	 23	  4	  4	  4	  4	  4	  0	  0	  0	  0	  0	  0	  0	  0	  0	  0	  0	  0	  0	  0	  0	  0	  0	  0	  0	  0	  0	  0	  0	  0	 86	 46	 14	 83	  0	 16	  0	  0	  0	  0	  0	  0	  0	  0	  0	  0	  0	  5	21806	  0
24-04-2015	04:11:40	<-	L	00000000	210	 91	 46	 11	  0	258	  0	  4	  4	 27	  4	  4	  4	  4	  4	  0	  0	  0	  0	  0	  0	  0	  0	  0	  0	  0	  0	  0	  0	  0	  0	  0	  0	  0	  0	  0	  0	  0	  0	 91	 46	 11	 85	  0	 15	  0	  0	  0	  0	  0	  0	  0	  0	  0	  0	  0	  5	21806	  0
24-04-2015	04:16:40	<-	L	00000000	210	 89	 46	 13	  0	263	  0	  4	  4	 15	  4	  4	  4	  4	  4	  0	  0	  0	  0	  0	  0	  0	  0	  0	  0	  0	  0	  0	  0	  0	  0	  0	  0	  0	  0	  0	  0	  0	  0	 89	 46	 12	 85	  0	 15	  0	  0	  0	  0	  0	  0	  0	  0	  0	  0	  0	  5	21806	  0
24-04-2015	04:21:40	<-	L	00000000	210	 86	 46	 13	  0	268	  0	  4	  4	 13	  4	  4	  4	  4	  4	  0	  0	  0	  0	  0	  0	  0	  0	  0	  0	  0	  0	  0	  0	  0	  0	  0	  0	  0	  0	  0	  0	  0	  0	 86	 46	 14	 84	  0	 15	  0	  0	  0	  0	  0	  0	  0	  0	  0	  0	  0	  5	21806	  0
24-04-2015	04:26:40	<-	L	00000000	210	 83	 46	 15	  0	273	  0	  4	  4	 13	  4	  4	  4	  4	  4	  0	  0	  0	  0	  0	  0	  0	  0	  0	  0	  0	  0	  0	  0	  0	  0	  0	  0	  0	  0	  0	  0	  0	  0	 83	 46	 16	 83	  0	 16	  0	  0	  0	  0	  0	  0	  0	  0	  0	  0	  0	  5	21806	  0
24-04-2015	04:31:41	<-	L	00000000	210	 85	 46	 14	  0	278	  0	  4	  4	 13	  4	  4	  4	  4	  4	  0	  0	  0	  0	  0	  0	  0	  0	  0	  0	  0	  0	  0	  0	  0	  0	  0	  0	  0	  0	  0	  0	  0	  0	 85	 46	 15	 83	  0	 16	  0	  0	  0	  0	  0	  0	  0	  0	  0	  0	  0	  5	21806	  0
24-04-2015	04:36:41	<-	L	00000000	210	 91	 46	 12	  0	283	  0	  4	  4	 28	  4	  4	  4	  4	  4	  0	  0	  0	  0	  0	  0	  0	  0	  0	  0	  0	  0	  0	  0	  0	  0	  0	  0	  0	  0	  0	  0	  0	  0	 91	 46	 11	 86	  0	 14	  0	  0	  0	  0	  0	  0	  0	  0	  0	  0	  0	  5	21806	  0
24-04-2015	04:41:41	<-	L	00000000	210	 91	 47	 11	  0	288	  0	  4	  4	 10	  4	  4	  4	  4	  4	  0	  0	  0	  0	  0	  0	  0	  0	  0	  0	  0	  0	  0	  0	  0	  0	  0	  0	  0	  0	  0	  0	  0	  0	 91	 47	 12	 86	  0	 15	  0	  0	  0	  0	  0	  0	  0	  0	  0	  0	  0	  5	21806	  0
24-04-2015	04:46:41	<-	L	00000000	210	 88	 46	 12	  0	293	  0	  4	  4	  9	  4	  4	  4	  4	  4	  0	  0	  0	  0	  0	  0	  0	  0	  0	  0	  0	  0	  0	  0	  0	  0	  0	  0	  0	  0	  0	  0	  0	  0	 88	 46	 13	 85	  0	 15	  0	  0	  0	  0	  0	  0	  0	  0	  0	  0	  0	  5	21806	  0
24-04-2015	04:51:41	<-	L	00000000	210	 86	 46	 14	  0	298	  0	  4	  4	 11	  4	  4	  4	  4	  4	  0	  0	  0	  0	  0	  0	  0	  0	  0	  0	  0	  0	  0	  0	  0	  0	  0	  0	  0	  0	  0	  0	  0	  0	 86	 46	 14	 84	  0	 15	  0	  0	  0	  0	  0	  0	  0	  0	  0	  0	  0	  5	21806	  0
24-04-2015	04:56:41	->	L	00000000	 30	 87	 47	 14	  0	  2	  0	  4	  4	  9	  4	  4	  4	  4	  4	  0	  0	  0	  0	  0	  0	  0	  0	  0	  0	  0	  0	  0	  0	  0	  0	  0	  0	  0	  0	  0	  0	  0	  0	 87	 47	 14	 84	  0	 16	  0	  0	  0	  0	  0	  0	  0	  0	  0	  0	  0	  5	20542	  1
24-04-2015	05:01:41	->	L	00000000	 30	 82	 47	 17	  0	  7	  0	  4	  4	  4	  4	  4	  4	  4	  4	  0	  0	  0	  0	  0	  0	  0	  0	  0	  0	  0	  0	  0	  0	  0	  0	  0	  0	  0	  0	  0	  0	  0	  0	 82	 47	 18	 82	  0	 18	  0	  0	  0	  0	  0	  0	  0	  0	  0	  0	  0	  5	20542	  1
24-04-2015	05:06:41	->	L	00000000	 30	 80	 50	 22	  0	 12	  0	  4	  4	  5	  4	  4	  4	  4	  4	  0	  0	  0	  0	  0	  0	  0	  0	  0	  0	  0	  0	  0	  0	  0	  0	  0	  0	  0	  0	  0	  0	  0	  0	 80	 50	 22	 80	  0	 22	  0	  0	  0	  0	  0	  0	  0	  0	  0	  0	  0	  5	20542	  1
24-04-2015	05:11:41	->	L	00000000	 30	 80	 53	 26	  0	 17	  0	  4	  4	  7	  4	  4	  4	  4	  4	  0	  0	  0	  0	  0	  0	  0	  0	  0	  0	  0	  0	  0	  0	  0	  0	  0	  0	  0	  0	  0	  0	  0	  0	 80	 53	 26	 79	  0	 28	  0	  0	  0	  0	  0	  0	  0	  0	  0	  0	  0	  5	20542	  1
24-04-2015	05:16:41	->	L	00000000	 30	 80	 57	 30	  0	 22	  0	  4	  4	  5	  4	  4	  4	  4	  4	  0	  0	  0	  0	  0	  0	  0	  0	  0	  0	  0	  0	  0	  0	  0	  0	  0	  0	  0	  0	  0	  0	  0	  0	 80	 57	 30	 79	  0	 33	  0	  0	  0	  0	  0	  0	  0	  0	  0	  0	  0	  5	20542	  1
24-04-2015	05:21:41	->	L	00000000	 30	 80	 58	 33	  0	 27	  0	  4	  4	  4	  4	  4	  4	  4	  4	  0	  0	  0	  0	  0	  0	  0	  0	  0	  0	  0	  0	  0	  0	  0	  0	  0	  0	  0	  0	  0	  0	  0	  0	 80	 58	 33	 79	  0	 34	  0	  0	  0	  0	  0	  0	  0	  0	  0	  0	  0	  5	20542	  1
24-04-2015	05:26:41	->	L	00000000	 30	 80	 60	 34	  0	 32	  0	  4	  4	  7	  4	  4	  4	  4	  4	  0	  0	  0	  0	  0	  0	  0	  0	  0	  0	  0	  0	  0	  0	  0	  0	  0	  0	  0	  0	  0	  0	  0	  0	 80	 60	 38	 79	  0	 39	  0	  0	  0	  0	  0	  0	  0	  0	  0	  0	  0	  5	20542	  1
24-04-2015	05:31:41	->	L	00000000	 30	 80	 60	 38	  0	 37	  0	  4	  4	 11	  4	  4	  4	  4	  4	  0	  0	  0	  0	  0	  0	  0	  0	  0	  0	  0	  0	  0	  0	  0	  0	  0	  0	  0	  0	  0	  0	  0	  0	 80	 60	 38	 79	  0	 39	  0	  0	  0	  0	  0	  0	  0	  0	  0	  0	  0	  5	20542	  1
24-04-2015	05:36:41	->	L	00000000	 30	 80	 61	 40	  0	 42	  0	  4	  4	 12	  4	  4	  4	  4	  4	  0	  0	  0	  0	  0	  0	  0	  0	  0	  0	  0	  0	  0	  0	  0	  0	  0	  0	  0	  0	  0	  0	  0	  0	 80	 61	 40	 79	  0	 42	  0	  0	  0	  0	  0	  0	  0	  0	  0	  0	  0	  5	20542	  1
24-04-2015	05:41:41	->	L	00000000	 30	 80	 62	 40	  0	 47	  0	  4	  4	 10	  4	  4	  4	  4	  4	  0	  0	  0	  0	  0	  0	  0	  0	  0	  0	  0	  0	  0	  0	  0	  0	  0	  0	  0	  0	  0	  0	  0	  0	 80	 62	 42	 79	  0	 44	  0	  0	  0	  0	  0	  0	  0	  0	  0	  0	  0	  5	20545	  1
24-04-2015	05:46:42	->	L	00000000	 30	 86	 62	 33	  0	 52	  0	  4	  4	  9	  4	  4	  4	  4	  4	  0	  0	  0	  0	  0	  0	  0	  0	  0	  0	  0	  0	  0	  0	  0	  0	  0	  0	  0	  0	  0	  0	  0	  0	 83	 62	 36	 86	  0	 33	  0	  0	  0	  0	  0	  0	  0	  0	  0	  0	  0	  5	20545	  1
24-04-2015	05:51:42	->	L	00000000	 30	 82	 63	 40	  0	 57	  0	  4	  4	 27	  4	  4	  4	  4	  4	  0	  0	  0	  0	  0	  0	  0	  0	  0	  0	  0	  0	  0	  0	  0	  0	  0	  0	  0	  0	  0	  0	  0	  0	 82	 63	 40	 82	  0	 40	  0	  0	  0	  0	  0	  0	  0	  0	  0	  0	  0	  5	20545	  1
24-04-2015	05:56:42	->	L	00000000	 40	 81	 62	 40	  0	  1	  0	  4	  4	 28	  4	  4	  4	  4	  4	  0	  0	  0	  0	  0	  0	  0	  0	  0	  0	  0	  0	  0	  0	  0	  0	  0	  0	  0	  0	  0	  0	  0	  0	 81	 62	 40	 80	  0	 42	  0	  0	  0	  0	  0	  0	  0	  0	  0	  0	  0	  5	15395	  0
24-04-2015	06:01:42	->	L	00000000	 40	 76	 51	 28	  0	  6	  0	  4	  4	 41	  4	  4	  4	  4	  4	  0	  0	  0	  0	  0	  0	  0	  0	  0	  0	  0	  0	  0	  0	  0	  0	  0	  0	  0	  0	  0	  0	  0	  0	 76	 51	 26	 73	  0	 30	  0	  0	  0	  0	  0	  0	  0	  0	  0	  0	  0	  5	15395	  0
24-04-2015	06:06:42	->	L	00000000	 40	 73	 47	 25	  0	 11	  0	  4	  4	 29	  4	  4	  4	  4	  4	  0	  0	  0	  0	  0	  0	  0	  0	  0	  0	  0	  0	  0	  0	  0	  0	  0	  0	  0	  0	  0	  0	  0	  0	 73	 47	 25	 70	  0	 26	  0	  0	  0	  0	  0	  0	  0	  0	  0	  0	  0	  5	15395	  0
24-04-2015	06:11:42	->	L	00000000	 40	 71	 44	 22	  0	 16	  0	  5	  4	 14	  4	  5	  5	  5	  5	  0	  0	  0	  0	  0	  0	  0	  0	  0	  0	  0	  0	  0	  0	  0	  0	  0	  0	  0	  0	  0	  0	  0	  0	 71	 44	 22	 68	  0	 25	  0	  0	  0	  0	  0	  0	  0	  0	  0	  0	  0	  5	15395	  0
24-04-2015	06:16:42	->	L	00000000	 40	 70	 42	 21	  0	 21	  0	  5	  4	 13	  4	  5	  5	  5	  5	  0	  0	  0	  0	  0	  0	  0	  0	  0	  0	  0	  0	  0	  0	  0	  0	  0	  0	  0	  0	  0	  0	  0	  0	 70	 42	 20	 67	  0	 22	  0	  0	  0	  0	  0	  0	  0	  0	  0	  0	  0	  5	15395	  0
24-04-2015	06:21:42	->	L	00000000	 40	 68	 40	 19	  0	 26	  0	  5	  4	 11	  4	  5	  5	  5	  5	  0	  0	  0	  0	  0	  0	  0	  0	  0	  0	  0	  0	  0	  0	  0	  0	  0	  0	  0	  0	  0	  0	  0	  0	 68	 40	 19	 65	  0	 21	  0	  0	  0	  0	  0	  0	  0	  0	  0	  0	  0	  5	15395	  0
24-04-2015	06:26:42	->	L	00000000	 40	 67	 40	 18	  0	 31	  0	  5	  4	 27	  5	  5	  5	  5	  5	  0	  0	  0	  0	  0	  0	  0	  0	  0	  0	  0	  0	  0	  0	  0	  0	  0	  0	  0	  0	  0	  0	  0	  0	 67	 40	 19	 64	  0	 23	  0	  0	  0	  0	  0	  0	  0	  0	  0	  0	  0	  5	15395	  0
24-04-2015	06:31:42	->	L	00000000	 40	 66	 38	 17	  0	 36	  0	  5	  4	 24	  5	  5	  5	  5	  5	  0	  0	  0	  0	  0	  0	  0	  0	  0	  0	  0	  0	  0	  0	  0	  0	  0	  0	  0	  0	  0	  0	  0	  0	 66	 38	 17	 63	  0	 20	  0	  0	  0	  0	  0	  0	  0	  0	  0	  0	  0	  5	15395	  0
24-04-2015	06:36:42	->	L	00000000	 40	 65	 37	 17	  0	 41	  0	  5	  4	 41	  4	  5	  5	  5	  5	  0	  0	  0	  0	  0	  0	  0	  0	  0	  0	  0	  0	  0	  0	  0	  0	  0	  0	  0	  0	  0	  0	  0	  0	 65	 37	 17	 62	  0	 19	  0	  0	  0	  0	  0	  0	  0	  0	  0	  0	  0	  5	15395	  0
24-04-2015	06:41:42	->	L	00000000	 40	 64	 36	 16	  0	 46	  0	  5	  4	 30	  4	  5	  5	  5	  5	  0	  0	  0	  0	  0	  0	  0	  0	  0	  0	  0	  0	  0	  0	  0	  0	  0	  0	  0	  0	  0	  0	  0	  0	 64	 36	 16	 61	  0	 19	  0	  0	  0	  0	  0	  0	  0	  0	  0	  0	  0	  5	15395	  0
24-04-2015	06:46:43	->	L	00000000	 40	 63	 35	 17	  0	 51	  0	  5	  4	 13	  5	  5	  5	  5	  5	  0	  0	  0	  0	  0	  0	  0	  0	  0	  0	  0	  0	  0	  0	  0	  0	  0	  0	  0	  0	  0	  0	  0	  0	 63	 35	 16	 60	  0	 18	  0	  0	  0	  0	  0	  0	  0	  0	  0	  0	  0	  5	15395	  0
24-04-2015	06:51:43	->	L	00000000	 40	 62	 35	 17	  0	 56	  0	  5	  5	 15	  5	  6	  6	  6	  5	  0	  0	  0	  0	  0	  0	  0	  0	  0	  0	  0	  0	  0	  0	  0	  0	  0	  0	  0	  0	  0	  0	  0	  0	 62	 35	 17	 59	  0	 20	  0	  0	  0	  0	  0	  0	  0	  0	  0	  0	  0	  5	15395	  0
24-04-2015	06:56:43	->	L	00000000	 50	 61	 34	 16	  0	  0	  0	  5	  5	 48	  5	  6	  6	  6	  6	  0	  0	  0	  0	  0	  0	  0	  0	  0	  0	  0	  0	  0	  0	  0	  0	  0	  0	  0	  0	  0	  0	  0	  0	 61	 34	 16	 58	  0	 20	  0	  0	  0	  0	  0	  0	  0	  0	  0	  0	  0	  5	15657	  0
24-04-2015	07:01:43	->	L	00000000	 50	 62	 36	 19	  0	  5	  0	  5	  5	 45	  5	  6	  6	  6	  6	  0	  0	  0	  0	  0	  0	  0	  0	  0	  0	  0	  0	  0	  0	  0	  0	  0	  0	  0	  0	  0	  0	  0	  0	 62	 36	 19	 61	  0	 19	  0	  0	  0	  0	  0	  0	  0	  0	  0	  0	  0	  5	15400	  0
24-04-2015	07:06:43	->	L	00000000	 50	 62	 37	 19	  0	 10	  0	  5	  5	 29	  5	  5	  6	  6	  6	  0	  0	  0	  0	  0	  0	  0	  0	  0	  0	  0	  0	  0	  0	  0	  0	  0	  0	  0	  0	  0	  0	  0	  0	 62	 37	 19	 61	  0	 21	  0	  0	  0	  0	  0	  0	  0	  0	  0	  0	  0	  5	14886	  0
24-04-2015	07:11:43	->	L	00000000	 50	 62	 37	 19	  0	 15	  0	  5	  5	 29	  5	  5	  6	  6	  5	  0	  0	  0	  0	  0	  0	  0	  0	  0	  0	  0	  0	  0	  0	  0	  0	  0	  0	  0	  0	  0	  0	  0	  0	 62	 37	 19	 61	  0	 21	  0	  0	  0	  0	  0	  0	  0	  0	  0	  0	  0	  5	14372	  0
24-04-2015	07:16:43	->	L	00000000	 50	 61	 36	 19	  0	 20	  0	  5	  5	 20	  5	  5	  6	  6	  5	  0	  0	  0	  0	  0	  0	  0	  0	  0	  0	  0	  0	  0	  0	  0	  0	  0	  0	  0	  0	  0	  0	  0	  0	 61	 36	 19	 60	  0	 21	  0	  0	  0	  0	  0	  0	  0	  0	  0	  0	  0	  5	13858	  0
24-04-2015	07:21:43	->	L	00000000	 50	 59	 35	 18	  0	 25	  0	  5	  5	 44	  5	  5	  6	  6	  5	  0	  0	  0	  0	  0	  0	  0	  0	  0	  0	  0	  0	  0	  0	  0	  0	  0	  0	  0	  0	  0	  0	  0	  0	 59	 35	 20	 57	  0	 22	  0	  0	  0	  0	  0	  0	  0	  0	  0	  0	  0	  5	13601	  0
24-04-2015	07:26:43	->	L	00000000	 50	 58	 33	 18	  0	 30	  0	  5	  5	 32	  5	  5	  6	  6	  5	  0	  0	  0	  0	  0	  0	  0	  0	  0	  0	  0	  0	  0	  0	  0	  0	  0	  0	  0	  0	  0	  0	  0	  0	 58	 33	 18	 56	  0	 19	  0	  0	  0	  0	  0	  0	  0	  0	  0	  0	  0	  5	13087	  0
24-04-2015	07:31:43	->	L	00000000	 50	 57	 32	 17	  0	 35	  0	  5	  5	 42	  5	  5	  6	  6	  6	  0	  0	  0	  0	  0	  0	  0	  0	  0	  0	  0	  0	  0	  0	  0	  0	  0	  0	  0	  0	  0	  0	  0	  0	 57	 32	 17	 55	  0	 19	  0	  0	  0	  0	  0	  0	  0	  0	  0	  0	  0	  5	12573	  0
24-04-2015	07:36:43	->	L	00000000	 50	 56	 32	 17	  0	 40	  0	  5	  5	 69	  5	  5	  6	  6	  5	  0	  0	  0	  0	  0	  0	  0	  0	  0	  0	  0	  0	  0	  0	  0	  0	  0	  0	  0	  0	  0	  0	  0	  0	 56	 32	 19	 54	  0	 20	  0	  0	  0	  0	  0	  0	  0	  0	  0	  0	  0	  5	12059	  0
24-04-2015	07:41:43	->	L	00000000	 50	 55	 31	 19	  0	 45	  0	  5	  5	 55	  5	  5	  6	  6	  5	  0	  0	  0	  0	  0	  0	  0	  0	  0	  0	  0	  0	  0	  0	  0	  0	  0	  0	  0	  0	  0	  0	  0	  0	 55	 31	 19	 53	  0	 20	  0	  0	  0	  0	  0	  0	  0	  0	  0	  0	  0	  5	11802	  0
24-04-2015	07:46:43	->	L	00000000	 50	 55	 31	 19	  0	 50	  0	  5	  5	 37	  5	  5	  6	  6	  5	  0	  0	  0	  0	  0	  0	  0	  0	  0	  0	  0	  0	  0	  0	  0	  0	  0	  0	  0	  0	  0	  0	  0	  0	 55	 31	 19	 52	  0	 21	  0	  0	  0	  0	  0	  0	  0	  0	  0	  0	  0	  5	11288	  0
24-04-2015	07:51:43	->	L	00000000	 50	 54	 31	 18	  0	 55	  0	  5	  5	 32	  5	  5	  6	  6	  5	  0	  0	  0	  0	  0	  0	  0	  0	  0	  0	  0	  0	  0	  0	  0	  0	  0	  0	  0	  0	  0	  0	  0	  0	 54	 31	 18	 52	  0	 21	  0	  0	  0	  0	  0	  0	  0	  0	  0	  0	  0	  5	10774	  0
24-04-2015	07:56:43	->	L	00000000	 50	 53	 31	 20	  0	 60	  0	  5	  5	 48	  5	  5	  6	  6	  5	  0	  0	  0	  0	  0	  0	  0	  0	  0	  0	  0	  0	  0	  0	  0	  0	  0	  0	  0	  0	  0	  0	  0	  0	 53	 31	 20	 52	  0	 21	  0	  0	  0	  0	  0	  0	  0	  0	  0	  0	  0	  5	10260	  0
