12-11-2015	16:05:16	  	L	00000000	 10	 21	 16	 73	  0	  2	  0	  7	  7	  6	  6	  6	  6	  6	  6	  0	  0	  0	  0	  0	  0	  0	  0	  0	  0	  0	  0	  0	  0	  0	  0	  0	  0	  0	  0	  0	  0	  0	  0	 21	 16	 73	 20	  0	 76	  0	  0	  0	  0	  0	  0	  0	  0	  0	  0	  0	  5	5140	  1
12-11-2015	16:10:16	<-	L	00000000	 10	 21	 16	 73	  0	  7	  0	  5	  5	  5	  5	  5	  5	  5	  5	  0	  0	  0	  0	  0	  0	  0	  0	  0	  0	  0	  0	  0	  0	  0	  0	  0	  0	  0	  0	  0	  0	  0	  0	 21	 16	 73	 21	  0	 73	  0	  0	  0	  0	  0	  0	  0	  0	  0	  0	  0	  5	5397	  1
12-11-2015	16:15:16	<-	L	00000000	 10	 22	 17	 73	  0	 12	  0	  5	  5	  5	  5	  5	  5	  5	  5	  0	  0	  0	  0	  0	  0	  0	  0	  0	  0	  0	  0	  0	  0	  0	  0	  0	  0	  0	  0	  0	  0	  0	  0	 21	 17	 76	 22	  0	 73	  0	  0	  0	  0	  0	  0	  0	  0	  0	  0	  0	  5	5654	  1
12-11-2015	16:20:17	<-	L	00000000	 10	 22	 17	 73	  0	 17	  0	  5	  5	  5	  5	  5	  5	  5	  5	  0	  0	  0	  0	  0	  0	  0	  0	  0	  0	  0	  0	  0	  0	  0	  0	  0	  0	  0	  0	  0	  0	  0	  0	 22	 17	 73	 22	  0	 73	  0	  0	  0	  0	  0	  0	  0	  0	  0	  0	  0	  5	5911	  1
12-11-2015	16:25:17	<-	L	00000000	 10	 23	 18	 76	  0	 22	  0	  5	  5	  5	  5	  5	  5	  5	  5	  0	  0	  0	  0	  0	  0	  0	  0	  0	  0	  0	  0	  0	  0	  0	  0	  0	  0	  0	  0	  0	  0	  0	  0	 22	 18	 76	 23	  0	 73	  0	  0	  0	  0	  0	  0	  0	  0	  0	  0	  0	  5	6168	  1
12-11-2015	16:30:17	<-	L	00000000	 10	 23	 19	 76	  0	 27	  0	  5	  5	  5	  5	  5	  5	  5	  5	  0	  0	  0	  0	  0	  0	  0	  0	  0	  0	  0	  0	  0	  0	  0	  0	  0	  0	  0	  0	  0	  0	  0	  0	 23	 19	 76	 23	  0	 76	  0	  0	  0	  0	  0	  0	  0	  0	  0	  0	  0	  5	6425	  1
12-11-2015	16:35:17	<-	L	00000000	 10	 26	 21	 73	  0	 32	  0	  4	  4	  4	  4	  4	  4	  4	  4	  0	  0	  0	  0	  0	  0	  0	  0	  0	  0	  0	  0	  0	  0	  0	  0	  0	  0	  0	  0	  0	  0	  0	  0	 23	 21	 88	 26	  0	 73	  0	  0	  0	  0	  0	  0	  0	  0	  0	  0	  0	  5	6682	  1
12-11-2015	16:40:17	<-	L	00000000	 10	 27	 22	 74	  0	 37	  0	  4	  4	  4	  4	  4	  4	  4	  4	  0	  0	  0	  0	  0	  0	  0	  0	  0	  0	  0	  0	  0	  0	  0	  0	  0	  0	  0	  0	  0	  0	  0	  0	 24	 22	 88	 27	  0	 74	  0	  0	  0	  0	  0	  0	  0	  0	  0	  0	  0	  5	6939	  1
12-11-2015	16:45:17	<-	L	00000000	 10	 30	 23	 77	  0	 42	  0	  4	  4	  4	  4	  4	  4	  4	  4	  0	  0	  0	  0	  0	  0	  0	  0	  0	  0	  0	  0	  0	  0	  0	  0	  0	  0	  0	  0	  0	  0	  0	  0	 25	 23	 88	 30	  0	 61	  0	  0	  0	  0	  0	  0	  0	  0	  0	  0	  0	  5	7196	  1
12-11-2015	16:50:17	<-	L	00000000	 10	 31	 25	 74	  0	 47	  0	  4	  4	  4	  4	  4	  4	  4	  4	  0	  0	  0	  0	  0	  0	  0	  0	  0	  0	  0	  0	  0	  0	  0	  0	  0	  0	  0	  0	  0	  0	  0	  0	 26	 25	 93	 31	  0	 66	  0	  0	  0	  0	  0	  0	  0	  0	  0	  0	  0	  5	7453	  1
12-11-2015	16:55:17	<-	L	00000000	 10	 32	 26	 83	  0	 52	  0	  4	  4	  4	  4	  4	  4	  4	  4	  0	  0	  0	  0	  0	  0	  0	  0	  0	  0	  0	  0	  0	  0	  0	  0	  0	  0	  0	  0	  0	  0	  0	  0	 27	 26	 93	 32	  0	 67	  0	  0	  0	  0	  0	  0	  0	  0	  0	  0	  0	  5	7710	  1
12-11-2015	17:00:17	<-	L	00000000	 10	 32	 27	 83	  0	 57	  0	  4	  4	  4	  4	  4	  4	  4	  4	  0	  0	  0	  0	  0	  0	  0	  0	  0	  0	  0	  0	  0	  0	  0	  0	  0	  0	  0	  0	  0	  0	  0	  0	 28	 27	 93	 32	  0	 74	  0	  0	  0	  0	  0	  0	  0	  0	  0	  0	  0	  5	7967	  1
12-11-2015	17:05:17	<-	L	00000000	 10	 32	 27	 83	  0	 62	  0	  4	  4	  4	  4	  4	  4	  4	  4	  0	  0	  0	  0	  0	  0	  0	  0	  0	  0	  0	  0	  0	  0	  0	  0	  0	  0	  0	  0	  0	  0	  0	  0	 28	 27	 93	 32	  0	 74	  0	  0	  0	  0	  0	  0	  0	  0	  0	  0	  0	  5	8224	  1
12-11-2015	17:10:18	<-	L	00000000	 10	 33	 28	 83	  0	 67	  0	  4	  4	  4	  4	  4	  4	  4	  4	  0	  0	  0	  0	  0	  0	  0	  0	  0	  0	  0	  0	  0	  0	  0	  0	  0	  0	  0	  0	  0	  0	  0	  0	 29	 28	 93	 33	  0	 74	  0	  0	  0	  0	  0	  0	  0	  0	  0	  0	  0	  5	8481	  1
12-11-2015	17:15:17	<-	L	00000000	 10	 34	 29	 83	  0	 72	  0	  4	  4	  4	  4	  4	  4	  4	  4	  0	  0	  0	  0	  0	  0	  0	  0	  0	  0	  0	  0	  0	  0	  0	  0	  0	  0	  0	  0	  0	  0	  0	  0	 30	 29	 93	 34	  0	 75	  0	  0	  0	  0	  0	  0	  0	  0	  0	  0	  0	  5	8738	  1
12-11-2015	17:20:17	<-	L	00000000	 10	 33	 29	 83	  0	 77	  0	  4	  4	  4	  4	  4	  4	  4	  4	  0	  0	  0	  0	  0	  0	  0	  0	  0	  0	  0	  0	  0	  0	  0	  0	  0	  0	  0	  0	  0	  0	  0	  0	 30	 29	 93	 33	  0	 77	  0	  0	  0	  0	  0	  0	  0	  0	  0	  0	  0	  5	8995	  1
12-11-2015	17:25:17	<-	L	00000000	 10	 35	 30	 77	  0	 82	  0	  4	  4	  4	  4	  4	  4	  4	  4	  0	  0	  0	  0	  0	  0	  0	  0	  0	  0	  0	  0	  0	  0	  0	  0	  0	  0	  0	  0	  0	  0	  0	  0	 31	 30	 93	 35	  0	 75	  0	  0	  0	  0	  0	  0	  0	  0	  0	  0	  0	  5	9252	  1
12-11-2015	17:30:17	<-	L	00000000	 10	 33	 30	 83	  0	 87	  0	  4	  4	  4	  4	  4	  4	  4	  4	  0	  0	  0	  0	  0	  0	  0	  0	  0	  0	  0	  0	  0	  0	  0	  0	  0	  0	  0	  0	  0	  0	  0	  0	 31	 30	 93	 33	  0	 83	  0	  0	  0	  0	  0	  0	  0	  0	  0	  0	  0	  5	9509	  1
12-11-2015	17:35:18	<-	L	00000000	 10	 34	 30	 77	  0	 92	  0	  4	  4	  4	  4	  4	  4	  4	  4	  0	  0	  0	  0	  0	  0	  0	  0	  0	  0	  0	  0	  0	  0	  0	  0	  0	  0	  0	  0	  0	  0	  0	  0	 31	 30	 93	 34	  0	 77	  0	  0	  0	  0	  0	  0	  0	  0	  0	  0	  0	  5	9766	  1
12-11-2015	17:40:18	<-	L	00000000	 10	 34	 31	 83	  0	 97	  0	  4	  4	  4	  4	  4	  4	  4	  4	  0	  0	  0	  0	  0	  0	  0	  0	  0	  0	  0	  0	  0	  0	  0	  0	  0	  0	  0	  0	  0	  0	  0	  0	 32	 31	 93	 34	  0	 83	  0	  0	  0	  0	  0	  0	  0	  0	  0	  0	  0	  5	10023	  1
12-11-2015	17:45:18	<-	L	00000000	 10	 34	 31	 78	  0	102	  0	  4	  4	  4	  4	  4	  4	  4	  4	  0	  0	  0	  0	  0	  0	  0	  0	  0	  0	  0	  0	  0	  0	  0	  0	  0	  0	  0	  0	  0	  0	  0	  0	 32	 31	 93	 34	  0	 83	  0	  0	  0	  0	  0	  0	  0	  0	  0	  0	  0	  5	10280	  1
12-11-2015	17:50:18	<-	L	00000000	 10	 34	 31	 89	  0	107	  0	  4	  4	  4	  4	  4	  4	  4	  4	  0	  0	  0	  0	  0	  0	  0	  0	  0	  0	  0	  0	  0	  0	  0	  0	  0	  0	  0	  0	  0	  0	  0	  0	 33	 31	 88	 34	  0	 83	  0	  0	  0	  0	  0	  0	  0	  0	  0	  0	  0	  5	10537	  1
12-11-2015	17:55:18	<-	L	00000000	 10	 34	 32	 83	  0	112	  0	  4	  4	  4	  4	  4	  4	  4	  4	  0	  0	  0	  0	  0	  0	  0	  0	  0	  0	  0	  0	  0	  0	  0	  0	  0	  0	  0	  0	  0	  0	  0	  0	 33	 32	 93	 34	  0	 89	  0	  0	  0	  0	  0	  0	  0	  0	  0	  0	  0	  5	10794	  1
12-11-2015	18:00:18	<-	L	00000000	 10	 35	 32	 83	  0	117	  0	  4	  4	  4	  4	  4	  4	  4	  4	  0	  0	  0	  0	  0	  0	  0	  0	  0	  0	  0	  0	  0	  0	  0	  0	  0	  0	  0	  0	  0	  0	  0	  0	 34	 32	 89	 35	  0	 83	  0	  0	  0	  0	  0	  0	  0	  0	  0	  0	  0	  5	11051	  1
12-11-2015	18:05:18	<-	L	00000000	 10	 35	 33	 89	  0	122	  0	  4	  4	  4	  4	  4	  4	  4	  4	  0	  0	  0	  0	  0	  0	  0	  0	  0	  0	  0	  0	  0	  0	  0	  0	  0	  0	  0	  0	  0	  0	  0	  0	 34	 33	 94	 35	  0	 89	  0	  0	  0	  0	  0	  0	  0	  0	  0	  0	  0	  5	11308	  1
12-11-2015	18:10:18	->	L	00000000	 10	 40	 30	 59	  0	127	  0	  4	  4	  4	  4	  4	  4	  4	  4	  0	  0	  0	  0	  0	  0	  0	  0	  0	  0	  0	  0	  0	  0	  0	  0	  0	  0	  0	  0	  0	  0	  0	  0	 32	 30	 88	 40	  0	 52	  0	  0	  0	  0	  0	  0	  0	  0	  0	  0	  0	  5	11565	  1
12-11-2015	18:15:19	->	L	00000000	 10	 48	 31	 29	  0	132	  0	  4	  4	  4	  4	  4	  4	  4	  4	  0	  0	  0	  0	  0	  0	  0	  0	  0	  0	  0	  0	  0	  0	  0	  0	  0	  0	  0	  0	  0	  0	  0	  0	 35	 31	 78	 48	  0	 31	  0	  0	  0	  0	  0	  0	  0	  0	  0	  0	  0	  5	11822	  1
12-11-2015	18:20:18	->	L	00000000	 10	 45	 31	 37	  0	137	  0	  4	  4	  4	  4	  4	  4	  4	  4	  0	  0	  0	  0	  0	  0	  0	  0	  0	  0	  0	  0	  0	  0	  0	  0	  0	  0	  0	  0	  0	  0	  0	  0	 35	 31	 78	 45	  0	 39	  0	  0	  0	  0	  0	  0	  0	  0	  0	  0	  0	  5	12079	  1
12-11-2015	18:25:18	->	L	00000000	 10	 51	 32	 27	  0	142	  0	  4	  4	  4	  4	  4	  4	  4	  4	  0	  0	  0	  0	  0	  0	  0	  0	  0	  0	  0	  0	  0	  0	  0	  0	  0	  0	  0	  0	  0	  0	  0	  0	 36	 32	 78	 51	  0	 27	  0	  0	  0	  0	  0	  0	  0	  0	  0	  0	  0	  5	12336	  1
12-11-2015	18:30:18	->	L	00000000	 10	 47	 33	 40	  0	147	  0	  4	  4	  4	  4	  4	  4	  4	  4	  0	  0	  0	  0	  0	  0	  0	  0	  0	  0	  0	  0	  0	  0	  0	  0	  0	  0	  0	  0	  0	  0	  0	  0	 36	 33	 83	 47	  0	 40	  0	  0	  0	  0	  0	  0	  0	  0	  0	  0	  0	  5	12593	  1
12-11-2015	18:35:18	->	L	00000000	 10	 53	 34	 26	  0	152	  0	  4	  4	  4	  4	  4	  4	  4	  4	  0	  0	  0	  0	  0	  0	  0	  0	  0	  0	  0	  0	  0	  0	  0	  0	  0	  0	  0	  0	  0	  0	  0	  0	 38	 33	 84	 53	  0	 28	  0	  0	  0	  0	  0	  0	  0	  0	  0	  0	  0	  5	12850	  1
12-11-2015	18:40:18	->	L	00000000	 10	 49	 34	 35	  0	157	  0	  4	  4	  4	  4	  4	  4	  4	  4	  0	  0	  0	  0	  0	  0	  0	  0	  0	  0	  0	  0	  0	  0	  0	  0	  0	  0	  0	  0	  0	  0	  0	  0	 37	 34	 84	 49	  0	 38	  0	  0	  0	  0	  0	  0	  0	  0	  0	  0	  0	  5	13107	  1
12-11-2015	18:45:18	->	L	00000000	 10	 55	 35	 27	  0	162	  0	  4	  4	  4	  4	  4	  4	  4	  4	  0	  0	  0	  0	  0	  0	  0	  0	  0	  0	  0	  0	  0	  0	  0	  0	  0	  0	  0	  0	  0	  0	  0	  0	 39	 35	 78	 55	  0	 27	  0	  0	  0	  0	  0	  0	  0	  0	  0	  0	  0	  5	13364	  1
12-11-2015	18:50:19	->	L	00000000	 10	 52	 35	 32	  0	167	  0	  4	  4	  4	  4	  4	  4	  4	  4	  0	  0	  0	  0	  0	  0	  0	  0	  0	  0	  0	  0	  0	  0	  0	  0	  0	  0	  0	  0	  0	  0	  0	  0	 39	 35	 78	 52	  0	 32	  0	  0	  0	  0	  0	  0	  0	  0	  0	  0	  0	  5	13621	  1
12-11-2015	18:55:19	->	L	00000000	 10	 57	 36	 22	  0	172	  0	  4	  4	  4	  4	  4	  4	  4	  4	  0	  0	  0	  0	  0	  0	  0	  0	  0	  0	  0	  0	  0	  0	  0	  0	  0	  0	  0	  0	  0	  0	  0	  0	 40	 36	 78	 57	  0	 24	  0	  0	  0	  0	  0	  0	  0	  0	  0	  0	  0	  5	13878	  1
12-11-2015	19:00:19	->	L	00000000	 10	 55	 37	 32	  0	177	  0	  4	  4	  4	  4	  4	  4	  4	  4	  0	  0	  0	  0	  0	  0	  0	  0	  0	  0	  0	  0	  0	  0	  0	  0	  0	  0	  0	  0	  0	  0	  0	  0	 41	 37	 78	 55	  0	 32	  0	  0	  0	  0	  0	  0	  0	  0	  0	  0	  0	  5	12593	  1
12-11-2015	19:05:19	->	L	00000000	 10	 54	 37	 32	  0	182	  0	  4	  4	  4	  4	  4	  4	  4	  4	  0	  0	  0	  0	  0	  0	  0	  0	  0	  0	  0	  0	  0	  0	  0	  0	  0	  0	  0	  0	  0	  0	  0	  0	 40	 37	 84	 54	  0	 33	  0	  0	  0	  0	  0	  0	  0	  0	  0	  0	  0	  5	12850	  1
12-11-2015	19:10:19	->	L	00000000	 10	 54	 38	 36	  0	187	  0	  4	  4	  4	  4	  4	  4	  4	  4	  0	  0	  0	  0	  0	  0	  0	  0	  0	  0	  0	  0	  0	  0	  0	  0	  0	  0	  0	  0	  0	  0	  0	  0	 41	 38	 84	 54	  0	 36	  0	  0	  0	  0	  0	  0	  0	  0	  0	  0	  0	  5	13107	  1
12-11-2015	19:15:19	->	L	00000000	 10	 55	 38	 36	  0	192	  0	  4	  4	  4	  4	  4	  4	  4	  4	  0	  0	  0	  0	  0	  0	  0	  0	  0	  0	  0	  0	  0	  0	  0	  0	  0	  0	  0	  0	  0	  0	  0	  0	 41	 38	 84	 55	  0	 34	  0	  0	  0	  0	  0	  0	  0	  0	  0	  0	  0	  5	13364	  1
12-11-2015	19:20:19	->	L	00000000	 10	 55	 38	 37	  0	197	  0	  4	  4	  4	  4	  4	  4	  4	  4	  0	  0	  0	  0	  0	  0	  0	  0	  0	  0	  0	  0	  0	  0	  0	  0	  0	  0	  0	  0	  0	  0	  0	  0	 42	 38	 78	 55	  0	 34	  0	  0	  0	  0	  0	  0	  0	  0	  0	  0	  0	  5	13364	  1
12-11-2015	19:25:19	->	L	00000000	 10	 53	 39	 42	  0	202	  0	  4	  4	  4	  4	  4	  4	  4	  4	  0	  0	  0	  0	  0	  0	  0	  0	  0	  0	  0	  0	  0	  0	  0	  0	  0	  0	  0	  0	  0	  0	  0	  0	 42	 39	 84	 53	  0	 42	  0	  0	  0	  0	  0	  0	  0	  0	  0	  0	  0	  5	13621	  1
12-11-2015	19:30:19	->	L	00000000	 10	 53	 39	 42	  0	207	  0	  4	  4	  4	  4	  4	  4	  4	  4	  0	  0	  0	  0	  0	  0	  0	  0	  0	  0	  0	  0	  0	  0	  0	  0	  0	  0	  0	  0	  0	  0	  0	  0	 42	 39	 84	 53	  0	 42	  0	  0	  0	  0	  0	  0	  0	  0	  0	  0	  0	  5	13878	  1
12-11-2015	19:35:19	->	L	00000000	 10	 58	 40	 33	  0	212	  0	  4	  4	  4	  4	  4	  4	  4	  4	  0	  0	  0	  0	  0	  0	  0	  0	  0	  0	  0	  0	  0	  0	  0	  0	  0	  0	  0	  0	  0	  0	  0	  0	 43	 40	 84	 58	  0	 33	  0	  0	  0	  0	  0	  0	  0	  0	  0	  0	  0	  5	14135	  1
12-11-2015	19:40:19	->	L	00000000	 10	 56	 40	 37	  0	217	  0	  4	  4	  4	  4	  4	  4	  4	  4	  0	  0	  0	  0	  0	  0	  0	  0	  0	  0	  0	  0	  0	  0	  0	  0	  0	  0	  0	  0	  0	  0	  0	  0	 43	 40	 84	 56	  0	 37	  0	  0	  0	  0	  0	  0	  0	  0	  0	  0	  0	  5	14392	  1
12-11-2015	19:45:20	->	L	00000000	 10	 55	 40	 40	  0	222	  0	  4	  4	  4	  4	  4	  4	  4	  4	  0	  0	  0	  0	  0	  0	  0	  0	  0	  0	  0	  0	  0	  0	  0	  0	  0	  0	  0	  0	  0	  0	  0	  0	 43	 40	 84	 55	  0	 40	  0	  0	  0	  0	  0	  0	  0	  0	  0	  0	  0	  5	14649	  1
12-11-2015	19:50:20	->	L	00000000	 10	 59	 40	 31	  0	227	  0	  4	  4	  4	  4	  4	  4	  4	  4	  0	  0	  0	  0	  0	  0	  0	  0	  0	  0	  0	  0	  0	  0	  0	  0	  0	  0	  0	  0	  0	  0	  0	  0	 44	 40	 79	 59	  0	 31	  0	  0	  0	  0	  0	  0	  0	  0	  0	  0	  0	  5	14649	  1
12-11-2015	19:55:19	->	L	00000000	 10	 57	 40	 34	  0	232	  0	  4	  4	  4	  4	  4	  4	  4	  4	  0	  0	  0	  0	  0	  0	  0	  0	  0	  0	  0	  0	  0	  0	  0	  0	  0	  0	  0	  0	  0	  0	  0	  0	 44	 40	 79	 57	  0	 34	  0	  0	  0	  0	  0	  0	  0	  0	  0	  0	  0	  5	14906	  1
12-11-2015	20:00:20	->	L	00000000	 10	 61	 41	 31	  0	237	  0	  4	  4	  4	  4	  4	  4	  4	  4	  0	  0	  0	  0	  0	  0	  0	  0	  0	  0	  0	  0	  0	  0	  0	  0	  0	  0	  0	  0	  0	  0	  0	  0	 45	 41	 79	 61	  0	 29	  0	  0	  0	  0	  0	  0	  0	  0	  0	  0	  0	  5	15163	  1
12-11-2015	20:05:20	->	L	00000000	 10	 60	 41	 31	  0	242	  0	  4	  4	  4	  4	  4	  4	  4	  4	  0	  0	  0	  0	  0	  0	  0	  0	  0	  0	  0	  0	  0	  0	  0	  0	  0	  0	  0	  0	  0	  0	  0	  0	 45	 41	 79	 60	  0	 31	  0	  0	  0	  0	  0	  0	  0	  0	  0	  0	  0	  5	15420	  1
12-11-2015	20:10:20	<-	L	00000000	 10	 61	 48	 51	  0	247	  0	  4	  4	  4	  4	  4	  4	  4	  4	  0	  0	  0	  0	  0	  0	  0	  0	  0	  0	  0	  0	  0	  0	  0	  0	  0	  0	  0	  0	  0	  0	  0	  0	 61	 48	 47	 58	  0	 57	  0	  0	  0	  0	  0	  0	  0	  0	  0	  0	  0	  5	15677	  1
12-11-2015	20:15:20	<-	L	00000000	 10	 61	 48	 45	  0	252	  0	  4	  4	  4	  4	  4	  4	  4	  4	  0	  0	  0	  0	  0	  0	  0	  0	  0	  0	  0	  0	  0	  0	  0	  0	  0	  0	  0	  0	  0	  0	  0	  0	 61	 48	 47	 57	  0	 60	  0	  0	  0	  0	  0	  0	  0	  0	  0	  0	  0	  5	15934	  1
12-11-2015	20:20:20	<-	L	00000000	 10	 61	 48	 47	  0	257	  0	  4	  4	  4	  4	  4	  4	  4	  4	  0	  0	  0	  0	  0	  0	  0	  0	  0	  0	  0	  0	  0	  0	  0	  0	  0	  0	  0	  0	  0	  0	  0	  0	 61	 48	 47	 56	  0	 64	  0	  0	  0	  0	  0	  0	  0	  0	  0	  0	  0	  5	15934	  1
12-11-2015	20:25:20	<-	L	00000000	 10	 65	 49	 41	  0	262	  0	  4	  4	  4	  4	  4	  4	  4	  4	  0	  0	  0	  0	  0	  0	  0	  0	  0	  0	  0	  0	  0	  0	  0	  0	  0	  0	  0	  0	  0	  0	  0	  0	 65	 49	 41	 57	  0	 64	  0	  0	  0	  0	  0	  0	  0	  0	  0	  0	  0	  5	16191	  1
12-11-2015	20:30:20	<-	L	00000000	 10	 63	 49	 44	  0	267	  0	  4	  4	  4	  4	  4	  4	  4	  4	  0	  0	  0	  0	  0	  0	  0	  0	  0	  0	  0	  0	  0	  0	  0	  0	  0	  0	  0	  0	  0	  0	  0	  0	 63	 49	 45	 57	  0	 64	  0	  0	  0	  0	  0	  0	  0	  0	  0	  0	  0	  5	16448	  1
12-11-2015	20:35:20	<-	L	00000000	 10	 59	 48	 54	  0	272	  0	  4	  4	  4	  4	  4	  4	  4	  4	  0	  0	  0	  0	  0	  0	  0	  0	  0	  0	  0	  0	  0	  0	  0	  0	  0	  0	  0	  0	  0	  0	  0	  0	 59	 48	 54	 55	  0	 67	  0	  0	  0	  0	  0	  0	  0	  0	  0	  0	  0	  5	16705	  1
12-11-2015	20:40:20	<-	L	00000000	 10	 64	 49	 44	  0	277	  0	  4	  4	  4	  4	  4	  4	  4	  4	  0	  0	  0	  0	  0	  0	  0	  0	  0	  0	  0	  0	  0	  0	  0	  0	  0	  0	  0	  0	  0	  0	  0	  0	 64	 49	 44	 57	  0	 64	  0	  0	  0	  0	  0	  0	  0	  0	  0	  0	  0	  5	16962	  1
12-11-2015	20:45:20	<-	L	00000000	 10	 68	 50	 37	  0	282	  0	  4	  4	  4	  4	  4	  4	  4	  4	  0	  0	  0	  0	  0	  0	  0	  0	  0	  0	  0	  0	  0	  0	  0	  0	  0	  0	  0	  0	  0	  0	  0	  0	 68	 50	 37	 58	  0	 64	  0	  0	  0	  0	  0	  0	  0	  0	  0	  0	  0	  5	17219	  1
12-11-2015	20:50:20	<-	L	00000000	 10	 65	 50	 44	  0	287	  0	  4	  4	  4	  4	  4	  4	  4	  4	  0	  0	  0	  0	  0	  0	  0	  0	  0	  0	  0	  0	  0	  0	  0	  0	  0	  0	  0	  0	  0	  0	  0	  0	 65	 50	 44	 57	  0	 68	  0	  0	  0	  0	  0	  0	  0	  0	  0	  0	  0	  5	17219	  1
12-11-2015	20:55:20	<-	L	00000000	 10	 68	 50	 39	  0	292	  0	  4	  4	  4	  4	  4	  4	  4	  4	  0	  0	  0	  0	  0	  0	  0	  0	  0	  0	  0	  0	  0	  0	  0	  0	  0	  0	  0	  0	  0	  0	  0	  0	 68	 50	 37	 58	  0	 64	  0	  0	  0	  0	  0	  0	  0	  0	  0	  0	  0	  5	17476	  1
12-11-2015	21:00:20	<-	L	00000000	 10	 68	 50	 35	  0	297	  0	  4	  4	  4	  4	  4	  4	  4	  4	  0	  0	  0	  0	  0	  0	  0	  0	  0	  0	  0	  0	  0	  0	  0	  0	  0	  0	  0	  0	  0	  0	  0	  0	 68	 50	 37	 60	  0	 58	  0	  0	  0	  0	  0	  0	  0	  0	  0	  0	  0	  5	17733	  1
12-11-2015	21:05:20	<-	L	00000000	 10	 70	 51	 38	  0	302	  0	  4	  4	  4	  4	  4	  4	  4	  4	  0	  0	  0	  0	  0	  0	  0	  0	  0	  0	  0	  0	  0	  0	  0	  0	  0	  0	  0	  0	  0	  0	  0	  0	 70	 51	 35	 60	  0	 61	  0	  0	  0	  0	  0	  0	  0	  0	  0	  0	  0	  5	17990	  1
12-11-2015	21:10:21	<-	L	00000000	 10	 72	 51	 31	  0	307	  0	  4	  4	  4	  4	  4	  4	  4	  4	  0	  0	  0	  0	  0	  0	  0	  0	  0	  0	  0	  0	  0	  0	  0	  0	  0	  0	  0	  0	  0	  0	  0	  0	 72	 51	 31	 61	  0	 58	  0	  0	  0	  0	  0	  0	  0	  0	  0	  0	  0	  5	18247	  1
12-11-2015	21:15:21	<-	L	00000000	 10	 69	 51	 38	  0	312	  0	  4	  4	  4	  4	  4	  4	  4	  4	  0	  0	  0	  0	  0	  0	  0	  0	  0	  0	  0	  0	  0	  0	  0	  0	  0	  0	  0	  0	  0	  0	  0	  0	 69	 51	 38	 60	  0	 61	  0	  0	  0	  0	  0	  0	  0	  0	  0	  0	  0	  5	18504	  1
12-11-2015	21:20:21	<-	L	00000000	 10	 72	 52	 36	  0	317	  0	  4	  4	  4	  4	  4	  4	  4	  4	  0	  0	  0	  0	  0	  0	  0	  0	  0	  0	  0	  0	  0	  0	  0	  0	  0	  0	  0	  0	  0	  0	  0	  0	 72	 52	 34	 62	  0	 62	  0	  0	  0	  0	  0	  0	  0	  0	  0	  0	  0	  5	18504	  1
12-11-2015	21:25:21	<-	L	00000000	 10	 74	 52	 30	  0	322	  0	  4	  4	  4	  4	  4	  4	  4	  4	  0	  0	  0	  0	  0	  0	  0	  0	  0	  0	  0	  0	  0	  0	  0	  0	  0	  0	  0	  0	  0	  0	  0	  0	 74	 52	 30	 63	  0	 55	  0	  0	  0	  0	  0	  0	  0	  0	  0	  0	  0	  5	18761	  1
12-11-2015	21:30:21	<-	L	00000000	 10	 73	 52	 30	  0	327	  0	  4	  4	  4	  4	  4	  4	  4	  4	  0	  0	  0	  0	  0	  0	  0	  0	  0	  0	  0	  0	  0	  0	  0	  0	  0	  0	  0	  0	  0	  0	  0	  0	 73	 52	 31	 63	  0	 55	  0	  0	  0	  0	  0	  0	  0	  0	  0	  0	  0	  5	19018	  1
12-11-2015	21:35:21	<-	L	00000000	 10	 73	 52	 31	  0	332	  0	  4	  4	  4	  4	  4	  4	  4	  4	  0	  0	  0	  0	  0	  0	  0	  0	  0	  0	  0	  0	  0	  0	  0	  0	  0	  0	  0	  0	  0	  0	  0	  0	 73	 52	 31	 63	  0	 55	  0	  0	  0	  0	  0	  0	  0	  0	  0	  0	  0	  5	19275	  1
12-11-2015	21:40:21	<-	L	00000000	 10	 73	 52	 31	  0	337	  0	  4	  4	  4	  4	  4	  4	  4	  4	  0	  0	  0	  0	  0	  0	  0	  0	  0	  0	  0	  0	  0	  0	  0	  0	  0	  0	  0	  0	  0	  0	  0	  0	 73	 52	 31	 63	  0	 55	  0	  0	  0	  0	  0	  0	  0	  0	  0	  0	  0	  5	19532	  1
12-11-2015	21:45:21	<-	L	00000000	 10	 73	 53	 31	  0	342	  0	  4	  4	  4	  4	  4	  4	  4	  4	  0	  0	  0	  0	  0	  0	  0	  0	  0	  0	  0	  0	  0	  0	  0	  0	  0	  0	  0	  0	  0	  0	  0	  0	 73	 53	 34	 64	  0	 55	  0	  0	  0	  0	  0	  0	  0	  0	  0	  0	  0	  5	19789	  1
12-11-2015	21:50:21	<-	L	00000000	 10	 77	 53	 29	  0	347	  0	  4	  4	  4	  4	  4	  4	  4	  4	  0	  0	  0	  0	  0	  0	  0	  0	  0	  0	  0	  0	  0	  0	  0	  0	  0	  0	  0	  0	  0	  0	  0	  0	 77	 53	 29	 65	  0	 53	  0	  0	  0	  0	  0	  0	  0	  0	  0	  0	  0	  5	19789	  1
12-11-2015	21:55:21	<-	L	00000000	 10	 78	 54	 29	  0	352	  0	  4	  4	  4	  4	  4	  4	  4	  4	  0	  0	  0	  0	  0	  0	  0	  0	  0	  0	  0	  0	  0	  0	  0	  0	  0	  0	  0	  0	  0	  0	  0	  0	 78	 54	 29	 66	  0	 53	  0	  0	  0	  0	  0	  0	  0	  0	  0	  0	  0	  5	20046	  1
12-11-2015	22:00:21	<-	L	00000000	 10	 79	 54	 27	  0	357	  0	  4	  4	  4	  4	  4	  4	  4	  4	  0	  0	  0	  0	  0	  0	  0	  0	  0	  0	  0	  0	  0	  0	  0	  0	  0	  0	  0	  0	  0	  0	  0	  0	 79	 54	 27	 67	  0	 50	  0	  0	  0	  0	  0	  0	  0	  0	  0	  0	  0	  5	20303	  1
12-11-2015	22:05:21	<-	L	00000000	 21	 80	 55	 27	  0	  1	  0	  4	  4	  4	  4	  4	  4	  4	  4	  0	  0	  0	  0	  0	  0	  0	  0	  0	  0	  0	  0	  0	  0	  0	  0	  0	  0	  0	  0	  0	  0	  0	  0	 80	 55	 28	 67	  0	 53	  0	  0	  0	  0	  0	  0	  0	  0	  0	  0	  0	  5	21062	  0
12-11-2015	22:10:21	<-	L	00000000	 21	 80	 55	 28	  0	  6	  0	  4	  4	  4	  4	  4	  4	  4	  4	  0	  0	  0	  0	  0	  0	  0	  0	  0	  0	  0	  0	  0	  0	  0	  0	  0	  0	  0	  0	  0	  0	  0	  0	 80	 55	 28	 68	  0	 50	  0	  0	  0	  0	  0	  0	  0	  0	  0	  0	  0	  5	21062	  0
12-11-2015	22:15:22	<-	L	00000000	 21	 81	 55	 28	  0	 11	  0	  4	  4	  4	  4	  4	  4	  4	  4	  0	  0	  0	  0	  0	  0	  0	  0	  0	  0	  0	  0	  0	  0	  0	  0	  0	  0	  0	  0	  0	  0	  0	  0	 81	 55	 28	 69	  0	 48	  0	  0	  0	  0	  0	  0	  0	  0	  0	  0	  0	  5	21062	  0
12-11-2015	22:20:21	<-	L	00000000	 21	 81	 55	 28	  0	 16	  0	  4	  4	  4	  4	  4	  4	  4	  4	  0	  0	  0	  0	  0	  0	  0	  0	  0	  0	  0	  0	  0	  0	  0	  0	  0	  0	  0	  0	  0	  0	  0	  0	 81	 55	 28	 69	  0	 48	  0	  0	  0	  0	  0	  0	  0	  0	  0	  0	  0	  5	21062	  0
12-11-2015	22:25:21	<-	L	00000000	 21	 81	 56	 28	  0	 21	  0	  4	  4	  4	  4	  4	  4	  4	  4	  0	  0	  0	  0	  0	  0	  0	  0	  0	  0	  0	  0	  0	  0	  0	  0	  0	  0	  0	  0	  0	  0	  0	  0	 81	 56	 28	 69	  0	 50	  0	  0	  0	  0	  0	  0	  0	  0	  0	  0	  0	  5	21062	  0
12-11-2015	22:30:22	<-	L	00000000	 21	 82	 56	 29	  0	 26	  0	  4	  4	  4	  4	  4	  4	  4	  4	  0	  0	  0	  0	  0	  0	  0	  0	  0	  0	  0	  0	  0	  0	  0	  0	  0	  0	  0	  0	  0	  0	  0	  0	 82	 56	 29	 70	  0	 48	  0	  0	  0	  0	  0	  0	  0	  0	  0	  0	  0	  5	21062	  0
12-11-2015	22:35:22	<-	L	00000000	 21	 83	 56	 29	  0	 31	  0	  4	  4	  4	  4	  4	  4	  4	  4	  0	  0	  0	  0	  0	  0	  0	  0	  0	  0	  0	  0	  0	  0	  0	  0	  0	  0	  0	  0	  0	  0	  0	  0	 83	 56	 27	 70	  0	 48	  0	  0	  0	  0	  0	  0	  0	  0	  0	  0	  0	  5	21062	  0
12-11-2015	22:40:22	<-	L	00000000	 21	 82	 56	 29	  0	 36	  0	  4	  4	  4	  4	  4	  4	  4	  4	  0	  0	  0	  0	  0	  0	  0	  0	  0	  0	  0	  0	  0	  0	  0	  0	  0	  0	  0	  0	  0	  0	  0	  0	 82	 56	 29	 70	  0	 48	  0	  0	  0	  0	  0	  0	  0	  0	  0	  0	  0	  5	21062	  0
12-11-2015	22:45:22	<-	L	00000000	 21	 80	 56	 30	  0	 41	  0	  4	  4	  4	  4	  4	  4	  4	  4	  0	  0	  0	  0	  0	  0	  0	  0	  0	  0	  0	  0	  0	  0	  0	  0	  0	  0	  0	  0	  0	  0	  0	  0	 80	 56	 30	 70	  0	 48	  0	  0	  0	  0	  0	  0	  0	  0	  0	  0	  0	  5	21062	  0
12-11-2015	22:50:22	<-	L	00000000	 21	 83	 56	 29	  0	 46	  0	  4	  4	  4	  4	  4	  4	  4	  4	  0	  0	  0	  0	  0	  0	  0	  0	  0	  0	  0	  0	  0	  0	  0	  0	  0	  0	  0	  0	  0	  0	  0	  0	 83	 56	 27	 70	  0	 48	  0	  0	  0	  0	  0	  0	  0	  0	  0	  0	  0	  5	21062	  0
12-11-2015	22:55:22	<-	L	00000000	 21	 82	 56	 27	  0	 51	  0	  4	  4	  4	  4	  4	  4	  4	  4	  0	  0	  0	  0	  0	  0	  0	  0	  0	  0	  0	  0	  0	  0	  0	  0	  0	  0	  0	  0	  0	  0	  0	  0	 82	 56	 29	 70	  0	 48	  0	  0	  0	  0	  0	  0	  0	  0	  0	  0	  0	  5	21062	  0
12-11-2015	23:00:22	<-	L	00000000	 21	 80	 56	 30	  0	 56	  0	  4	  4	  4	  4	  4	  4	  4	  4	  0	  0	  0	  0	  0	  0	  0	  0	  0	  0	  0	  0	  0	  0	  0	  0	  0	  0	  0	  0	  0	  0	  0	  0	 80	 56	 30	 70	  0	 48	  0	  0	  0	  0	  0	  0	  0	  0	  0	  0	  0	  5	21062	  0
12-11-2015	23:05:22	<-	L	00000000	 21	 83	 57	 29	  0	 61	  0	  4	  4	  4	  4	  4	  4	  4	  4	  0	  0	  0	  0	  0	  0	  0	  0	  0	  0	  0	  0	  0	  0	  0	  0	  0	  0	  0	  0	  0	  0	  0	  0	 83	 57	 29	 71	  0	 48	  0	  0	  0	  0	  0	  0	  0	  0	  0	  0	  0	  5	21062	  0
12-11-2015	23:10:22	<-	L	00000000	 21	 80	 56	 30	  0	 66	  0	  4	  4	  4	  4	  4	  4	  4	  4	  0	  0	  0	  0	  0	  0	  0	  0	  0	  0	  0	  0	  0	  0	  0	  0	  0	  0	  0	  0	  0	  0	  0	  0	 80	 56	 30	 70	  0	 48	  0	  0	  0	  0	  0	  0	  0	  0	  0	  0	  0	  5	21062	  0
12-11-2015	23:15:22	<-	L	00000000	 21	 82	 57	 29	  0	 71	  0	  4	  4	  4	  4	  4	  4	  4	  4	  0	  0	  0	  0	  0	  0	  0	  0	  0	  0	  0	  0	  0	  0	  0	  0	  0	  0	  0	  0	  0	  0	  0	  0	 82	 57	 29	 71	  0	 48	  0	  0	  0	  0	  0	  0	  0	  0	  0	  0	  0	  5	21062	  0
12-11-2015	23:20:23	<-	L	00000000	 21	 81	 57	 29	  0	 76	  0	  4	  4	  4	  4	  4	  4	  4	  4	  0	  0	  0	  0	  0	  0	  0	  0	  0	  0	  0	  0	  0	  0	  0	  0	  0	  0	  0	  0	  0	  0	  0	  0	 81	 57	 31	 70	  0	 51	  0	  0	  0	  0	  0	  0	  0	  0	  0	  0	  0	  5	21062	  0
12-11-2015	23:25:22	<-	L	00000000	 21	 82	 57	 31	  0	 81	  0	  4	  4	  4	  4	  4	  4	  4	  4	  0	  0	  0	  0	  0	  0	  0	  0	  0	  0	  0	  0	  0	  0	  0	  0	  0	  0	  0	  0	  0	  0	  0	  0	 82	 57	 29	 71	  0	 48	  0	  0	  0	  0	  0	  0	  0	  0	  0	  0	  0	  5	21062	  0
12-11-2015	23:30:22	<-	L	00000000	 21	 83	 57	 29	  0	 86	  0	  4	  4	  4	  4	  4	  4	  4	  4	  0	  0	  0	  0	  0	  0	  0	  0	  0	  0	  0	  0	  0	  0	  0	  0	  0	  0	  0	  0	  0	  0	  0	  0	 83	 57	 29	 71	  0	 48	  0	  0	  0	  0	  0	  0	  0	  0	  0	  0	  0	  5	21062	  0
12-11-2015	23:35:22	<-	L	00000000	 21	 81	 57	 30	  0	 91	  0	  4	  4	  4	  4	  4	  4	  4	  4	  0	  0	  0	  0	  0	  0	  0	  0	  0	  0	  0	  0	  0	  0	  0	  0	  0	  0	  0	  0	  0	  0	  0	  0	 81	 57	 31	 71	  0	 48	  0	  0	  0	  0	  0	  0	  0	  0	  0	  0	  0	  5	21062	  0
12-11-2015	23:40:23	<-	L	00000000	 21	 83	 57	 27	  0	 96	  0	  4	  4	  4	  4	  4	  4	  4	  4	  0	  0	  0	  0	  0	  0	  0	  0	  0	  0	  0	  0	  0	  0	  0	  0	  0	  0	  0	  0	  0	  0	  0	  0	 83	 57	 29	 72	  0	 47	  0	  0	  0	  0	  0	  0	  0	  0	  0	  0	  0	  5	21062	  0
12-11-2015	23:45:23	<-	L	00000000	 21	 81	 57	 31	  0	101	  0	  4	  4	  4	  4	  4	  4	  4	  4	  0	  0	  0	  0	  0	  0	  0	  0	  0	  0	  0	  0	  0	  0	  0	  0	  0	  0	  0	  0	  0	  0	  0	  0	 81	 57	 31	 71	  0	 48	  0	  0	  0	  0	  0	  0	  0	  0	  0	  0	  0	  5	21062	  0
12-11-2015	23:50:23	<-	L	00000000	 21	 84	 57	 27	  0	106	  0	  4	  4	  4	  4	  4	  4	  4	  4	  0	  0	  0	  0	  0	  0	  0	  0	  0	  0	  0	  0	  0	  0	  0	  0	  0	  0	  0	  0	  0	  0	  0	  0	 84	 57	 27	 72	  0	 47	  0	  0	  0	  0	  0	  0	  0	  0	  0	  0	  0	  5	21062	  0
12-11-2015	23:55:23	<-	L	00000000	 21	 80	 57	 30	  0	111	  0	  4	  4	  4	  4	  4	  4	  4	  4	  0	  0	  0	  0	  0	  0	  0	  0	  0	  0	  0	  0	  0	  0	  0	  0	  0	  0	  0	  0	  0	  0	  0	  0	 80	 57	 30	 70	  0	 51	  0	  0	  0	  0	  0	  0	  0	  0	  0	  0	  0	  5	21062	  0
13-11-2015	00:00:23	<-	L	00000000	 21	 85	 57	 27	  0	116	  0	  4	  4	  4	  4	  4	  4	  4	  4	  0	  0	  0	  0	  0	  0	  0	  0	  0	  0	  0	  0	  0	  0	  0	  0	  0	  0	  0	  0	  0	  0	  0	  0	 85	 57	 27	 72	  0	 47	  0	  0	  0	  0	  0	  0	  0	  0	  0	  0	  0	  5	21062	  0
13-11-2015	00:05:24	<-	L	00000000	 21	 80	 57	 33	  0	121	  0	  4	  4	  4	  4	  4	  4	  4	  4	  0	  0	  0	  0	  0	  0	  0	  0	  0	  0	  0	  0	  0	  0	  0	  0	  0	  0	  0	  0	  0	  0	  0	  0	 80	 57	 30	 70	  0	 51	  0	  0	  0	  0	  0	  0	  0	  0	  0	  0	  0	  5	21062	  0
13-11-2015	00:10:23	->	L	00000000	 21	 73	 53	 37	  0	126	  0	  4	  4	  4	  4	  4	  4	  4	  4	  0	  0	  0	  0	  0	  0	  0	  0	  0	  0	  0	  0	  0	  0	  0	  0	  0	  0	  0	  0	  0	  0	  0	  0	 71	 53	 39	 73	  0	 34	  0	  0	  0	  0	  0	  0	  0	  0	  0	  0	  0	  5	21062	  0
13-11-2015	00:15:23	->	L	00000000	 21	 80	 50	 22	  0	131	  0	  4	  4	  4	  4	  4	  4	  4	  4	  0	  0	  0	  0	  0	  0	  0	  0	  0	  0	  0	  0	  0	  0	  0	  0	  0	  0	  0	  0	  0	  0	  0	  0	 60	 50	 58	 80	  0	 22	  0	  0	  0	  0	  0	  0	  0	  0	  0	  0	  0	  5	21057	  0
13-11-2015	00:20:23	->	L	00000000	 21	 80	 50	 22	  0	136	  0	  4	  4	  4	  4	  4	  4	  4	  4	  0	  0	  0	  0	  0	  0	  0	  0	  0	  0	  0	  0	  0	  0	  0	  0	  0	  0	  0	  0	  0	  0	  0	  0	 59	 50	 61	 80	  0	 22	  0	  0	  0	  0	  0	  0	  0	  0	  0	  0	  0	  5	21057	  0
13-11-2015	00:25:23	->	L	00000000	 21	 80	 50	 22	  0	141	  0	  4	  4	  4	  4	  4	  4	  4	  4	  0	  0	  0	  0	  0	  0	  0	  0	  0	  0	  0	  0	  0	  0	  0	  0	  0	  0	  0	  0	  0	  0	  0	  0	 58	 50	 64	 80	  0	 22	  0	  0	  0	  0	  0	  0	  0	  0	  0	  0	  0	  5	21057	  0
13-11-2015	00:30:23	->	L	00000000	 21	 80	 50	 22	  0	146	  0	  4	  4	  4	  4	  4	  4	  4	  4	  0	  0	  0	  0	  0	  0	  0	  0	  0	  0	  0	  0	  0	  0	  0	  0	  0	  0	  0	  0	  0	  0	  0	  0	 58	 50	 64	 80	  0	 22	  0	  0	  0	  0	  0	  0	  0	  0	  0	  0	  0	  5	21057	  0
13-11-2015	00:35:23	->	L	00000000	 21	 80	 50	 22	  0	151	  0	  4	  4	  4	  4	  4	  4	  4	  4	  0	  0	  0	  0	  0	  0	  0	  0	  0	  0	  0	  0	  0	  0	  0	  0	  0	  0	  0	  0	  0	  0	  0	  0	 57	 50	 68	 80	  0	 22	  0	  0	  0	  0	  0	  0	  0	  0	  0	  0	  0	  5	20545	  0
13-11-2015	00:40:23	->	L	00000000	 21	 80	 50	 21	  0	156	  0	  4	  4	  4	  4	  4	  4	  4	  4	  0	  0	  0	  0	  0	  0	  0	  0	  0	  0	  0	  0	  0	  0	  0	  0	  0	  0	  0	  0	  0	  0	  0	  0	 57	 50	 68	 80	  0	 22	  0	  0	  0	  0	  0	  0	  0	  0	  0	  0	  0	  5	20545	  0
13-11-2015	00:45:23	->	L	00000000	 21	 81	 50	 22	  0	161	  0	  4	  4	  4	  4	  4	  4	  4	  4	  0	  0	  0	  0	  0	  0	  0	  0	  0	  0	  0	  0	  0	  0	  0	  0	  0	  0	  0	  0	  0	  0	  0	  0	 58	 50	 64	 81	  0	 21	  0	  0	  0	  0	  0	  0	  0	  0	  0	  0	  0	  5	20545	  0
13-11-2015	00:50:23	->	L	00000000	 21	 80	 50	 22	  0	166	  0	  4	  4	  4	  4	  4	  4	  4	  4	  0	  0	  0	  0	  0	  0	  0	  0	  0	  0	  0	  0	  0	  0	  0	  0	  0	  0	  0	  0	  0	  0	  0	  0	 57	 50	 68	 80	  0	 22	  0	  0	  0	  0	  0	  0	  0	  0	  0	  0	  0	  5	20545	  0
13-11-2015	00:55:24	->	L	00000000	 21	 80	 50	 22	  0	171	  0	  4	  4	  4	  4	  4	  4	  4	  4	  0	  0	  0	  0	  0	  0	  0	  0	  0	  0	  0	  0	  0	  0	  0	  0	  0	  0	  0	  0	  0	  0	  0	  0	 58	 50	 64	 80	  0	 22	  0	  0	  0	  0	  0	  0	  0	  0	  0	  0	  0	  5	20545	  0
13-11-2015	01:00:24	->	L	00000000	 21	 78	 50	 23	  0	176	  0	  4	  4	  4	  4	  4	  4	  4	  4	  0	  0	  0	  0	  0	  0	  0	  0	  0	  0	  0	  0	  0	  0	  0	  0	  0	  0	  0	  0	  0	  0	  0	  0	 58	 50	 64	 78	  0	 23	  0	  0	  0	  0	  0	  0	  0	  0	  0	  0	  0	  5	20545	  0
13-11-2015	01:05:24	->	L	00000000	 21	 78	 50	 23	  0	181	  0	  4	  4	  4	  4	  4	  4	  4	  4	  0	  0	  0	  0	  0	  0	  0	  0	  0	  0	  0	  0	  0	  0	  0	  0	  0	  0	  0	  0	  0	  0	  0	  0	 58	 50	 64	 78	  0	 23	  0	  0	  0	  0	  0	  0	  0	  0	  0	  0	  0	  5	20545	  0
13-11-2015	01:10:24	->	L	00000000	 21	 80	 50	 22	  0	186	  0	  4	  4	  4	  4	  4	  4	  4	  4	  0	  0	  0	  0	  0	  0	  0	  0	  0	  0	  0	  0	  0	  0	  0	  0	  0	  0	  0	  0	  0	  0	  0	  0	 58	 50	 64	 80	  0	 22	  0	  0	  0	  0	  0	  0	  0	  0	  0	  0	  0	  5	20545	  0
13-11-2015	01:15:24	->	L	00000000	 21	 80	 50	 23	  0	191	  0	  4	  4	  4	  4	  4	  4	  4	  4	  0	  0	  0	  0	  0	  0	  0	  0	  0	  0	  0	  0	  0	  0	  0	  0	  0	  0	  0	  0	  0	  0	  0	  0	 58	 50	 64	 80	  0	 22	  0	  0	  0	  0	  0	  0	  0	  0	  0	  0	  0	  5	20545	  0
13-11-2015	01:20:24	->	L	00000000	 21	 79	 50	 23	  0	196	  0	  4	  4	  4	  4	  4	  4	  4	  4	  0	  0	  0	  0	  0	  0	  0	  0	  0	  0	  0	  0	  0	  0	  0	  0	  0	  0	  0	  0	  0	  0	  0	  0	 58	 50	 64	 79	  0	 23	  0	  0	  0	  0	  0	  0	  0	  0	  0	  0	  0	  5	20545	  0
13-11-2015	01:25:24	->	L	00000000	 21	 79	 50	 22	  0	201	  0	  4	  4	  4	  4	  4	  4	  4	  4	  0	  0	  0	  0	  0	  0	  0	  0	  0	  0	  0	  0	  0	  0	  0	  0	  0	  0	  0	  0	  0	  0	  0	  0	 58	 50	 64	 79	  0	 23	  0	  0	  0	  0	  0	  0	  0	  0	  0	  0	  0	  5	20545	  0
13-11-2015	01:30:24	->	L	00000000	 21	 80	 50	 22	  0	206	  0	  4	  4	  4	  4	  4	  4	  4	  4	  0	  0	  0	  0	  0	  0	  0	  0	  0	  0	  0	  0	  0	  0	  0	  0	  0	  0	  0	  0	  0	  0	  0	  0	 58	 50	 64	 80	  0	 22	  0	  0	  0	  0	  0	  0	  0	  0	  0	  0	  0	  5	20545	  0
13-11-2015	01:35:24	->	L	00000000	 21	 80	 50	 22	  0	211	  0	  4	  4	  4	  4	  4	  4	  4	  4	  0	  0	  0	  0	  0	  0	  0	  0	  0	  0	  0	  0	  0	  0	  0	  0	  0	  0	  0	  0	  0	  0	  0	  0	 58	 50	 64	 80	  0	 22	  0	  0	  0	  0	  0	  0	  0	  0	  0	  0	  0	  5	20545	  0
13-11-2015	01:40:24	->	L	00000000	 21	 80	 50	 22	  0	216	  0	  4	  4	  4	  4	  4	  4	  4	  4	  0	  0	  0	  0	  0	  0	  0	  0	  0	  0	  0	  0	  0	  0	  0	  0	  0	  0	  0	  0	  0	  0	  0	  0	 59	 50	 61	 80	  0	 22	  0	  0	  0	  0	  0	  0	  0	  0	  0	  0	  0	  5	20545	  0
13-11-2015	01:45:24	->	L	00000000	 21	 80	 50	 22	  0	221	  0	  4	  4	  4	  4	  4	  4	  4	  4	  0	  0	  0	  0	  0	  0	  0	  0	  0	  0	  0	  0	  0	  0	  0	  0	  0	  0	  0	  0	  0	  0	  0	  0	 59	 50	 61	 80	  0	 22	  0	  0	  0	  0	  0	  0	  0	  0	  0	  0	  0	  5	20545	  0
13-11-2015	01:50:24	->	L	00000000	 21	 80	 50	 22	  0	226	  0	  4	  4	  4	  4	  4	  4	  4	  4	  0	  0	  0	  0	  0	  0	  0	  0	  0	  0	  0	  0	  0	  0	  0	  0	  0	  0	  0	  0	  0	  0	  0	  0	 59	 50	 61	 80	  0	 22	  0	  0	  0	  0	  0	  0	  0	  0	  0	  0	  0	  5	20545	  0
13-11-2015	01:55:24	->	L	00000000	 21	 79	 50	 22	  0	231	  0	  4	  4	  4	  4	  4	  4	  4	  4	  0	  0	  0	  0	  0	  0	  0	  0	  0	  0	  0	  0	  0	  0	  0	  0	  0	  0	  0	  0	  0	  0	  0	  0	 59	 50	 61	 79	  0	 23	  0	  0	  0	  0	  0	  0	  0	  0	  0	  0	  0	  5	20545	  0
13-11-2015	02:00:24	->	L	00000000	 21	 80	 50	 22	  0	236	  0	  4	  4	  4	  4	  4	  4	  4	  4	  0	  0	  0	  0	  0	  0	  0	  0	  0	  0	  0	  0	  0	  0	  0	  0	  0	  0	  0	  0	  0	  0	  0	  0	 59	 50	 61	 80	  0	 22	  0	  0	  0	  0	  0	  0	  0	  0	  0	  0	  0	  5	20545	  0
13-11-2015	02:05:24	->	L	00000000	 21	 78	 50	 23	  0	241	  0	  4	  4	  4	  4	  4	  4	  4	  4	  0	  0	  0	  0	  0	  0	  0	  0	  0	  0	  0	  0	  0	  0	  0	  0	  0	  0	  0	  0	  0	  0	  0	  0	 58	 50	 64	 78	  0	 23	  0	  0	  0	  0	  0	  0	  0	  0	  0	  0	  0	  5	20545	  0
13-11-2015	02:10:25	->	L	00000000	 21	 80	 50	 21	  0	246	  0	  4	  4	  4	  4	  4	  4	  4	  4	  0	  0	  0	  0	  0	  0	  0	  0	  0	  0	  0	  0	  0	  0	  0	  0	  0	  0	  0	  0	  0	  0	  0	  0	 59	 50	 61	 80	  0	 22	  0	  0	  0	  0	  0	  0	  0	  0	  0	  0	  0	  5	20545	  0
13-11-2015	02:15:25	->	L	00000000	 21	 81	 50	 22	  0	251	  0	  4	  4	  4	  4	  4	  4	  4	  4	  0	  0	  0	  0	  0	  0	  0	  0	  0	  0	  0	  0	  0	  0	  0	  0	  0	  0	  0	  0	  0	  0	  0	  0	 59	 50	 61	 81	  0	 21	  0	  0	  0	  0	  0	  0	  0	  0	  0	  0	  0	  5	20545	  0
13-11-2015	02:20:25	->	L	00000000	 21	 80	 50	 22	  0	256	  0	  4	  4	  4	  4	  4	  4	  4	  4	  0	  0	  0	  0	  0	  0	  0	  0	  0	  0	  0	  0	  0	  0	  0	  0	  0	  0	  0	  0	  0	  0	  0	  0	 59	 50	 61	 80	  0	 22	  0	  0	  0	  0	  0	  0	  0	  0	  0	  0	  0	  5	20545	  0
13-11-2015	02:25:25	->	L	00000000	 21	 80	 50	 22	  0	261	  0	  4	  4	  4	  4	  4	  4	  4	  4	  0	  0	  0	  0	  0	  0	  0	  0	  0	  0	  0	  0	  0	  0	  0	  0	  0	  0	  0	  0	  0	  0	  0	  0	 59	 50	 61	 80	  0	 22	  0	  0	  0	  0	  0	  0	  0	  0	  0	  0	  0	  5	20545	  0
13-11-2015	02:30:25	->	L	00000000	 21	 80	 50	 22	  0	266	  0	  4	  4	  4	  4	  4	  4	  4	  4	  0	  0	  0	  0	  0	  0	  0	  0	  0	  0	  0	  0	  0	  0	  0	  0	  0	  0	  0	  0	  0	  0	  0	  0	 60	 50	 58	 80	  0	 22	  0	  0	  0	  0	  0	  0	  0	  0	  0	  0	  0	  5	20545	  0
13-11-2015	02:35:25	->	L	00000000	 21	 80	 50	 22	  0	271	  0	  4	  4	  4	  4	  4	  4	  4	  4	  0	  0	  0	  0	  0	  0	  0	  0	  0	  0	  0	  0	  0	  0	  0	  0	  0	  0	  0	  0	  0	  0	  0	  0	 59	 50	 61	 80	  0	 22	  0	  0	  0	  0	  0	  0	  0	  0	  0	  0	  0	  5	20545	  0
13-11-2015	02:40:25	->	L	00000000	 21	 80	 50	 21	  0	276	  0	  4	  4	  4	  4	  4	  4	  4	  4	  0	  0	  0	  0	  0	  0	  0	  0	  0	  0	  0	  0	  0	  0	  0	  0	  0	  0	  0	  0	  0	  0	  0	  0	 60	 50	 58	 80	  0	 22	  0	  0	  0	  0	  0	  0	  0	  0	  0	  0	  0	  5	20545	  0
13-11-2015	02:45:25	->	L	00000000	 21	 78	 50	 23	  0	281	  0	  4	  4	  4	  4	  4	  4	  4	  4	  0	  0	  0	  0	  0	  0	  0	  0	  0	  0	  0	  0	  0	  0	  0	  0	  0	  0	  0	  0	  0	  0	  0	  0	 60	 50	 58	 78	  0	 23	  0	  0	  0	  0	  0	  0	  0	  0	  0	  0	  0	  5	20545	  0
13-11-2015	02:50:25	->	L	00000000	 21	 81	 50	 22	  0	286	  0	  4	  4	  4	  4	  4	  4	  4	  4	  0	  0	  0	  0	  0	  0	  0	  0	  0	  0	  0	  0	  0	  0	  0	  0	  0	  0	  0	  0	  0	  0	  0	  0	 60	 50	 58	 81	  0	 21	  0	  0	  0	  0	  0	  0	  0	  0	  0	  0	  0	  5	20545	  0
13-11-2015	02:55:25	->	L	00000000	 21	 79	 50	 22	  0	291	  0	  4	  4	  4	  4	  4	  4	  4	  4	  0	  0	  0	  0	  0	  0	  0	  0	  0	  0	  0	  0	  0	  0	  0	  0	  0	  0	  0	  0	  0	  0	  0	  0	 59	 50	 61	 79	  0	 23	  0	  0	  0	  0	  0	  0	  0	  0	  0	  0	  0	  5	20545	  0
13-11-2015	03:00:25	->	L	00000000	 21	 80	 50	 23	  0	296	  0	  4	  4	  4	  4	  4	  4	  4	  4	  0	  0	  0	  0	  0	  0	  0	  0	  0	  0	  0	  0	  0	  0	  0	  0	  0	  0	  0	  0	  0	  0	  0	  0	 60	 50	 58	 80	  0	 22	  0	  0	  0	  0	  0	  0	  0	  0	  0	  0	  0	  5	20545	  0
13-11-2015	03:05:26	->	L	00000000	 22	 81	 50	 21	  0	  0	  0	  4	  4	  4	  4	  4	  4	  4	  4	  0	  0	  0	  0	  0	  0	  0	  0	  0	  0	  0	  0	  0	  0	  0	  0	  0	  0	  0	  0	  0	  0	  0	  0	 60	 50	 58	 81	  0	 21	  0	  0	  0	  0	  0	  0	  0	  0	  0	  0	  0	  5	21060	  0
13-11-2015	03:10:26	->	L	00000000	 22	 82	 50	 21	  0	  5	  0	  4	  4	  4	  4	  4	  4	  4	  4	  0	  0	  0	  0	  0	  0	  0	  0	  0	  0	  0	  0	  0	  0	  0	  0	  0	  0	  0	  0	  0	  0	  0	  0	 60	 50	 58	 81	  0	 21	  0	  0	  0	  0	  0	  0	  0	  0	  0	  0	  0	  5	21060	  0
13-11-2015	03:15:25	->	L	00000000	 22	 81	 50	 21	  0	 10	  0	  4	  4	  4	  4	  4	  4	  4	  4	  0	  0	  0	  0	  0	  0	  0	  0	  0	  0	  0	  0	  0	  0	  0	  0	  0	  0	  0	  0	  0	  0	  0	  0	 60	 50	 58	 81	  0	 21	  0	  0	  0	  0	  0	  0	  0	  0	  0	  0	  0	  5	21060	  0
13-11-2015	03:20:25	->	L	00000000	 22	 80	 50	 22	  0	 15	  0	  4	  4	  4	  4	  4	  4	  4	  4	  0	  0	  0	  0	  0	  0	  0	  0	  0	  0	  0	  0	  0	  0	  0	  0	  0	  0	  0	  0	  0	  0	  0	  0	 60	 50	 58	 80	  0	 22	  0	  0	  0	  0	  0	  0	  0	  0	  0	  0	  0	  5	21060	  0
13-11-2015	03:25:26	->	L	00000000	 22	 80	 50	 22	  0	 20	  0	  4	  4	  4	  4	  4	  4	  4	  4	  0	  0	  0	  0	  0	  0	  0	  0	  0	  0	  0	  0	  0	  0	  0	  0	  0	  0	  0	  0	  0	  0	  0	  0	 60	 50	 58	 80	  0	 22	  0	  0	  0	  0	  0	  0	  0	  0	  0	  0	  0	  5	21060	  0
13-11-2015	03:30:26	->	L	00000000	 22	 80	 50	 22	  0	 25	  0	  4	  4	  4	  4	  4	  4	  4	  4	  0	  0	  0	  0	  0	  0	  0	  0	  0	  0	  0	  0	  0	  0	  0	  0	  0	  0	  0	  0	  0	  0	  0	  0	 60	 50	 58	 80	  0	 22	  0	  0	  0	  0	  0	  0	  0	  0	  0	  0	  0	  5	21060	  0
13-11-2015	03:35:26	->	L	00000000	 22	 79	 50	 23	  0	 30	  0	  4	  4	  4	  4	  4	  4	  4	  4	  0	  0	  0	  0	  0	  0	  0	  0	  0	  0	  0	  0	  0	  0	  0	  0	  0	  0	  0	  0	  0	  0	  0	  0	 60	 50	 58	 79	  0	 23	  0	  0	  0	  0	  0	  0	  0	  0	  0	  0	  0	  5	21060	  0
13-11-2015	03:40:26	->	L	00000000	 22	 78	 49	 23	  0	 35	  0	  4	  4	  4	  4	  4	  4	  4	  4	  0	  0	  0	  0	  0	  0	  0	  0	  0	  0	  0	  0	  0	  0	  0	  0	  0	  0	  0	  0	  0	  0	  0	  0	 59	 49	 57	 78	  0	 22	  0	  0	  0	  0	  0	  0	  0	  0	  0	  0	  0	  5	20544	  0
13-11-2015	03:45:26	->	L	00000000	 22	 78	 49	 22	  0	 40	  0	  4	  4	  4	  4	  4	  4	  4	  4	  0	  0	  0	  0	  0	  0	  0	  0	  0	  0	  0	  0	  0	  0	  0	  0	  0	  0	  0	  0	  0	  0	  0	  0	 59	 49	 57	 78	  0	 22	  0	  0	  0	  0	  0	  0	  0	  0	  0	  0	  0	  5	20544	  0
13-11-2015	03:50:26	->	L	00000000	 22	 78	 49	 22	  0	 45	  0	  4	  4	  4	  4	  4	  4	  4	  4	  0	  0	  0	  0	  0	  0	  0	  0	  0	  0	  0	  0	  0	  0	  0	  0	  0	  0	  0	  0	  0	  0	  0	  0	 59	 49	 57	 78	  0	 22	  0	  0	  0	  0	  0	  0	  0	  0	  0	  0	  0	  5	20544	  0
13-11-2015	03:55:26	->	L	00000000	 22	 77	 49	 23	  0	 50	  0	  4	  4	  4	  4	  4	  4	  4	  4	  0	  0	  0	  0	  0	  0	  0	  0	  0	  0	  0	  0	  0	  0	  0	  0	  0	  0	  0	  0	  0	  0	  0	  0	 59	 49	 57	 77	  0	 23	  0	  0	  0	  0	  0	  0	  0	  0	  0	  0	  0	  5	20544	  0
13-11-2015	04:00:26	->	L	00000000	 22	 77	 49	 23	  0	 55	  0	  4	  4	  4	  4	  4	  4	  4	  4	  0	  0	  0	  0	  0	  0	  0	  0	  0	  0	  0	  0	  0	  0	  0	  0	  0	  0	  0	  0	  0	  0	  0	  0	 58	 49	 61	 77	  0	 23	  0	  0	  0	  0	  0	  0	  0	  0	  0	  0	  0	  5	20544	  0
13-11-2015	04:05:26	->	L	00000000	 22	 76	 49	 24	  0	 60	  0	  4	  4	  4	  4	  4	  4	  4	  4	  0	  0	  0	  0	  0	  0	  0	  0	  0	  0	  0	  0	  0	  0	  0	  0	  0	  0	  0	  0	  0	  0	  0	  0	 58	 49	 61	 76	  0	 24	  0	  0	  0	  0	  0	  0	  0	  0	  0	  0	  0	  5	20544	  0
13-11-2015	04:10:26	<-	L	00000000	 22	 77	 53	 29	  0	 65	  0	  4	  4	  4	  4	  4	  4	  4	  4	  0	  0	  0	  0	  0	  0	  0	  0	  0	  0	  0	  0	  0	  0	  0	  0	  0	  0	  0	  0	  0	  0	  0	  0	 66	 53	 62	 77	  0	 29	  0	  0	  0	  0	  0	  0	  0	  0	  0	  0	  0	  5	20544	  0
13-11-2015	04:15:26	<-	L	00000000	 22	 78	 55	 30	  0	 70	  0	  4	  4	  4	  4	  4	  4	  4	  4	  0	  0	  0	  0	  0	  0	  0	  0	  0	  0	  0	  0	  0	  0	  0	  0	  0	  0	  0	  0	  0	  0	  0	  0	 78	 55	 29	 71	  0	 43	  0	  0	  0	  0	  0	  0	  0	  0	  0	  0	  0	  5	20544	  0
13-11-2015	04:20:26	<-	L	00000000	 22	 80	 56	 30	  0	 75	  0	  4	  4	  4	  4	  4	  4	  4	  4	  0	  0	  0	  0	  0	  0	  0	  0	  0	  0	  0	  0	  0	  0	  0	  0	  0	  0	  0	  0	  0	  0	  0	  0	 80	 56	 30	 71	  0	 46	  0	  0	  0	  0	  0	  0	  0	  0	  0	  0	  0	  5	20544	  0
13-11-2015	04:25:26	<-	L	00000000	 22	 81	 55	 26	  0	 80	  0	  4	  4	  4	  4	  4	  4	  4	  4	  0	  0	  0	  0	  0	  0	  0	  0	  0	  0	  0	  0	  0	  0	  0	  0	  0	  0	  0	  0	  0	  0	  0	  0	 81	 55	 28	 71	  0	 43	  0	  0	  0	  0	  0	  0	  0	  0	  0	  0	  0	  5	20544	  0
13-11-2015	04:30:27	<-	L	00000000	 22	 78	 55	 29	  0	 85	  0	  4	  4	  4	  4	  4	  4	  4	  4	  0	  0	  0	  0	  0	  0	  0	  0	  0	  0	  0	  0	  0	  0	  0	  0	  0	  0	  0	  0	  0	  0	  0	  0	 78	 55	 29	 70	  0	 46	  0	  0	  0	  0	  0	  0	  0	  0	  0	  0	  0	  5	20544	  0
13-11-2015	04:35:27	<-	L	00000000	 22	 82	 55	 28	  0	 90	  0	  4	  4	  4	  4	  4	  4	  4	  4	  0	  0	  0	  0	  0	  0	  0	  0	  0	  0	  0	  0	  0	  0	  0	  0	  0	  0	  0	  0	  0	  0	  0	  0	 82	 55	 26	 71	  0	 43	  0	  0	  0	  0	  0	  0	  0	  0	  0	  0	  0	  5	20544	  0
13-11-2015	04:40:27	<-	L	00000000	 22	 80	 55	 28	  0	 95	  0	  4	  4	  4	  4	  4	  4	  4	  4	  0	  0	  0	  0	  0	  0	  0	  0	  0	  0	  0	  0	  0	  0	  0	  0	  0	  0	  0	  0	  0	  0	  0	  0	 80	 55	 28	 71	  0	 43	  0	  0	  0	  0	  0	  0	  0	  0	  0	  0	  0	  5	20544	  0
13-11-2015	04:45:27	<-	L	00000000	 22	 78	 55	 29	  0	100	  0	  4	  4	  4	  4	  4	  4	  4	  4	  0	  0	  0	  0	  0	  0	  0	  0	  0	  0	  0	  0	  0	  0	  0	  0	  0	  0	  0	  0	  0	  0	  0	  0	 78	 55	 29	 70	  0	 46	  0	  0	  0	  0	  0	  0	  0	  0	  0	  0	  0	  5	20544	  0
13-11-2015	04:50:27	<-	L	00000000	 22	 83	 55	 26	  0	105	  0	  4	  4	  4	  4	  4	  4	  4	  4	  0	  0	  0	  0	  0	  0	  0	  0	  0	  0	  0	  0	  0	  0	  0	  0	  0	  0	  0	  0	  0	  0	  0	  0	 83	 55	 26	 71	  0	 43	  0	  0	  0	  0	  0	  0	  0	  0	  0	  0	  0	  5	20544	  0
13-11-2015	04:55:27	<-	L	00000000	 22	 79	 54	 28	  0	110	  0	  4	  4	  4	  4	  4	  4	  4	  4	  0	  0	  0	  0	  0	  0	  0	  0	  0	  0	  0	  0	  0	  0	  0	  0	  0	  0	  0	  0	  0	  0	  0	  0	 79	 54	 27	 70	  0	 43	  0	  0	  0	  0	  0	  0	  0	  0	  0	  0	  0	  5	20544	  0
13-11-2015	05:00:27	<-	L	00000000	 22	 79	 55	 27	  0	115	  0	  4	  4	  4	  4	  4	  4	  4	  4	  0	  0	  0	  0	  0	  0	  0	  0	  0	  0	  0	  0	  0	  0	  0	  0	  0	  0	  0	  0	  0	  0	  0	  0	 79	 55	 30	 70	  0	 46	  0	  0	  0	  0	  0	  0	  0	  0	  0	  0	  0	  5	20544	  0
13-11-2015	05:05:27	<-	L	00000000	 22	 82	 55	 26	  0	120	  0	  4	  4	  4	  4	  4	  4	  4	  4	  0	  0	  0	  0	  0	  0	  0	  0	  0	  0	  0	  0	  0	  0	  0	  0	  0	  0	  0	  0	  0	  0	  0	  0	 82	 55	 26	 71	  0	 43	  0	  0	  0	  0	  0	  0	  0	  0	  0	  0	  0	  5	20544	  0
13-11-2015	05:10:27	<-	L	00000000	 22	 78	 54	 29	  0	125	  0	  4	  4	  4	  4	  4	  4	  4	  4	  0	  0	  0	  0	  0	  0	  0	  0	  0	  0	  0	  0	  0	  0	  0	  0	  0	  0	  0	  0	  0	  0	  0	  0	 78	 54	 29	 70	  0	 43	  0	  0	  0	  0	  0	  0	  0	  0	  0	  0	  0	  5	20544	  0
13-11-2015	05:15:27	<-	L	00000000	 22	 75	 54	 32	  0	130	  0	  4	  4	  4	  4	  4	  4	  4	  4	  0	  0	  0	  0	  0	  0	  0	  0	  0	  0	  0	  0	  0	  0	  0	  0	  0	  0	  0	  0	  0	  0	  0	  0	 75	 54	 32	 67	  0	 50	  0	  0	  0	  0	  0	  0	  0	  0	  0	  0	  0	  5	20544	  0
13-11-2015	05:20:27	<-	L	00000000	 22	 81	 54	 28	  0	135	  0	  4	  4	  4	  4	  4	  4	  4	  4	  0	  0	  0	  0	  0	  0	  0	  0	  0	  0	  0	  0	  0	  0	  0	  0	  0	  0	  0	  0	  0	  0	  0	  0	 81	 54	 26	 69	  0	 46	  0	  0	  0	  0	  0	  0	  0	  0	  0	  0	  0	  5	20544	  0
13-11-2015	05:25:27	<-	L	00000000	 22	 80	 54	 26	  0	140	  0	  4	  4	  4	  4	  4	  4	  4	  4	  0	  0	  0	  0	  0	  0	  0	  0	  0	  0	  0	  0	  0	  0	  0	  0	  0	  0	  0	  0	  0	  0	  0	  0	 80	 54	 28	 69	  0	 46	  0	  0	  0	  0	  0	  0	  0	  0	  0	  0	  0	  5	20544	  0
13-11-2015	05:30:27	<-	L	00000000	 22	 78	 54	 29	  0	145	  0	  4	  4	  4	  4	  4	  4	  4	  4	  0	  0	  0	  0	  0	  0	  0	  0	  0	  0	  0	  0	  0	  0	  0	  0	  0	  0	  0	  0	  0	  0	  0	  0	 78	 54	 29	 69	  0	 46	  0	  0	  0	  0	  0	  0	  0	  0	  0	  0	  0	  5	20544	  0
13-11-2015	05:35:28	<-	L	00000000	 22	 82	 54	 26	  0	150	  0	  4	  4	  4	  4	  4	  4	  4	  4	  0	  0	  0	  0	  0	  0	  0	  0	  0	  0	  0	  0	  0	  0	  0	  0	  0	  0	  0	  0	  0	  0	  0	  0	 82	 54	 25	 70	  0	 43	  0	  0	  0	  0	  0	  0	  0	  0	  0	  0	  0	  5	20544	  0
13-11-2015	05:40:27	<-	L	00000000	 22	 78	 54	 27	  0	155	  0	  4	  4	  4	  4	  4	  4	  4	  4	  0	  0	  0	  0	  0	  0	  0	  0	  0	  0	  0	  0	  0	  0	  0	  0	  0	  0	  0	  0	  0	  0	  0	  0	 78	 54	 29	 69	  0	 46	  0	  0	  0	  0	  0	  0	  0	  0	  0	  0	  0	  5	20544	  0
13-11-2015	05:45:27	<-	L	00000000	 22	 81	 54	 28	  0	160	  0	  4	  4	  4	  4	  4	  4	  4	  4	  0	  0	  0	  0	  0	  0	  0	  0	  0	  0	  0	  0	  0	  0	  0	  0	  0	  0	  0	  0	  0	  0	  0	  0	 81	 54	 26	 70	  0	 43	  0	  0	  0	  0	  0	  0	  0	  0	  0	  0	  0	  5	20544	  0
13-11-2015	05:50:28	<-	L	00000000	 22	 80	 54	 26	  0	165	  0	  4	  4	  4	  4	  4	  4	  4	  4	  0	  0	  0	  0	  0	  0	  0	  0	  0	  0	  0	  0	  0	  0	  0	  0	  0	  0	  0	  0	  0	  0	  0	  0	 80	 54	 28	 70	  0	 43	  0	  0	  0	  0	  0	  0	  0	  0	  0	  0	  0	  5	20544	  0
13-11-2015	05:55:28	<-	L	00000000	 22	 79	 54	 27	  0	170	  0	  4	  4	  4	  4	  4	  4	  4	  4	  0	  0	  0	  0	  0	  0	  0	  0	  0	  0	  0	  0	  0	  0	  0	  0	  0	  0	  0	  0	  0	  0	  0	  0	 79	 54	 27	 69	  0	 46	  0	  0	  0	  0	  0	  0	  0	  0	  0	  0	  0	  5	20544	  0
13-11-2015	06:00:28	<-	L	00000000	 22	 83	 54	 24	  0	175	  0	  4	  4	  4	  4	  4	  4	  4	  4	  0	  0	  0	  0	  0	  0	  0	  0	  0	  0	  0	  0	  0	  0	  0	  0	  0	  0	  0	  0	  0	  0	  0	  0	 83	 54	 24	 72	  0	 39	  0	  0	  0	  0	  0	  0	  0	  0	  0	  0	  0	  5	21056	  0
13-11-2015	06:05:28	<-	L	00000000	 22	 80	 54	 27	  0	180	  0	  4	  4	  4	  4	  4	  4	  4	  4	  0	  0	  0	  0	  0	  0	  0	  0	  0	  0	  0	  0	  0	  0	  0	  0	  0	  0	  0	  0	  0	  0	  0	  0	 80	 54	 28	 70	  0	 43	  0	  0	  0	  0	  0	  0	  0	  0	  0	  0	  0	  5	21056	  0
13-11-2015	06:10:28	<-	L	00000000	 22	 83	 54	 24	  0	185	  0	  4	  4	  4	  4	  4	  4	  4	  4	  0	  0	  0	  0	  0	  0	  0	  0	  0	  0	  0	  0	  0	  0	  0	  0	  0	  0	  0	  0	  0	  0	  0	  0	 83	 54	 24	 71	  0	 40	  0	  0	  0	  0	  0	  0	  0	  0	  0	  0	  0	  5	21056	  0
13-11-2015	06:15:28	<-	L	00000000	 22	 82	 54	 25	  0	190	  0	  4	  4	  4	  4	  4	  4	  4	  4	  0	  0	  0	  0	  0	  0	  0	  0	  0	  0	  0	  0	  0	  0	  0	  0	  0	  0	  0	  0	  0	  0	  0	  0	 82	 54	 25	 71	  0	 40	  0	  0	  0	  0	  0	  0	  0	  0	  0	  0	  0	  5	21056	  0
13-11-2015	06:20:28	<-	L	00000000	 22	 81	 54	 26	  0	195	  0	  4	  4	  4	  4	  4	  4	  4	  4	  0	  0	  0	  0	  0	  0	  0	  0	  0	  0	  0	  0	  0	  0	  0	  0	  0	  0	  0	  0	  0	  0	  0	  0	 81	 54	 26	 71	  0	 40	  0	  0	  0	  0	  0	  0	  0	  0	  0	  0	  0	  5	21056	  0
13-11-2015	06:25:28	<-	L	00000000	 22	 82	 54	 24	  0	200	  0	  4	  4	  4	  4	  4	  4	  4	  4	  0	  0	  0	  0	  0	  0	  0	  0	  0	  0	  0	  0	  0	  0	  0	  0	  0	  0	  0	  0	  0	  0	  0	  0	 82	 54	 25	 71	  0	 40	  0	  0	  0	  0	  0	  0	  0	  0	  0	  0	  0	  5	21056	  0
13-11-2015	06:30:28	<-	L	00000000	 22	 81	 54	 26	  0	205	  0	  4	  4	  4	  4	  4	  4	  4	  4	  0	  0	  0	  0	  0	  0	  0	  0	  0	  0	  0	  0	  0	  0	  0	  0	  0	  0	  0	  0	  0	  0	  0	  0	 81	 54	 26	 71	  0	 40	  0	  0	  0	  0	  0	  0	  0	  0	  0	  0	  0	  5	21056	  0
13-11-2015	06:35:28	<-	L	00000000	 22	 84	 55	 24	  0	210	  0	  4	  4	  4	  4	  4	  4	  4	  4	  0	  0	  0	  0	  0	  0	  0	  0	  0	  0	  0	  0	  0	  0	  0	  0	  0	  0	  0	  0	  0	  0	  0	  0	 84	 55	 24	 72	  0	 41	  0	  0	  0	  0	  0	  0	  0	  0	  0	  0	  0	  5	21056	  0
13-11-2015	06:40:28	<-	L	00000000	 22	 80	 54	 28	  0	215	  0	  4	  4	  4	  4	  4	  4	  4	  4	  0	  0	  0	  0	  0	  0	  0	  0	  0	  0	  0	  0	  0	  0	  0	  0	  0	  0	  0	  0	  0	  0	  0	  0	 80	 54	 28	 70	  0	 43	  0	  0	  0	  0	  0	  0	  0	  0	  0	  0	  0	  5	21056	  0
13-11-2015	06:45:28	<-	L	00000000	 22	 84	 55	 24	  0	220	  0	  4	  4	  4	  4	  4	  4	  4	  4	  0	  0	  0	  0	  0	  0	  0	  0	  0	  0	  0	  0	  0	  0	  0	  0	  0	  0	  0	  0	  0	  0	  0	  0	 84	 55	 24	 72	  0	 41	  0	  0	  0	  0	  0	  0	  0	  0	  0	  0	  0	  5	21056	  0
13-11-2015	06:50:28	<-	L	00000000	 22	 80	 54	 26	  0	225	  0	  4	  4	  4	  4	  4	  4	  4	  4	  0	  0	  0	  0	  0	  0	  0	  0	  0	  0	  0	  0	  0	  0	  0	  0	  0	  0	  0	  0	  0	  0	  0	  0	 80	 54	 28	 71	  0	 40	  0	  0	  0	  0	  0	  0	  0	  0	  0	  0	  0	  5	21056	  0
13-11-2015	06:55:29	<-	L	00000000	 22	 84	 55	 26	  0	230	  0	  4	  4	  4	  4	  4	  4	  4	  4	  0	  0	  0	  0	  0	  0	  0	  0	  0	  0	  0	  0	  0	  0	  0	  0	  0	  0	  0	  0	  0	  0	  0	  0	 84	 55	 24	 72	  0	 41	  0	  0	  0	  0	  0	  0	  0	  0	  0	  0	  0	  5	21056	  0
13-11-2015	07:00:29	<-	L	00000000	 22	 83	 54	 23	  0	235	  0	  4	  4	  4	  4	  4	  4	  4	  4	  0	  0	  0	  0	  0	  0	  0	  0	  0	  0	  0	  0	  0	  0	  0	  0	  0	  0	  0	  0	  0	  0	  0	  0	 83	 54	 24	 72	  0	 39	  0	  0	  0	  0	  0	  0	  0	  0	  0	  0	  0	  5	21056	  0
13-11-2015	07:05:29	<-	L	00000000	 22	 81	 54	 28	  0	240	  0	  4	  4	  4	  4	  4	  4	  4	  4	  0	  0	  0	  0	  0	  0	  0	  0	  0	  0	  0	  0	  0	  0	  0	  0	  0	  0	  0	  0	  0	  0	  0	  0	 81	 54	 26	 71	  0	 40	  0	  0	  0	  0	  0	  0	  0	  0	  0	  0	  0	  5	21056	  0
13-11-2015	07:10:29	<-	L	00000000	 22	 85	 55	 24	  0	245	  0	  4	  4	  4	  4	  4	  4	  4	  4	  0	  0	  0	  0	  0	  0	  0	  0	  0	  0	  0	  0	  0	  0	  0	  0	  0	  0	  0	  0	  0	  0	  0	  0	 85	 55	 24	 73	  0	 39	  0	  0	  0	  0	  0	  0	  0	  0	  0	  0	  0	  5	21056	  0
13-11-2015	07:15:29	<-	L	00000000	 22	 81	 54	 26	  0	250	  0	  4	  4	  4	  4	  4	  4	  4	  4	  0	  0	  0	  0	  0	  0	  0	  0	  0	  0	  0	  0	  0	  0	  0	  0	  0	  0	  0	  0	  0	  0	  0	  0	 81	 54	 26	 71	  0	 40	  0	  0	  0	  0	  0	  0	  0	  0	  0	  0	  0	  5	21056	  0
13-11-2015	07:20:29	<-	L	00000000	 22	 83	 55	 26	  0	255	  0	  4	  4	  4	  4	  4	  4	  4	  4	  0	  0	  0	  0	  0	  0	  0	  0	  0	  0	  0	  0	  0	  0	  0	  0	  0	  0	  0	  0	  0	  0	  0	  0	 83	 55	 26	 72	  0	 41	  0	  0	  0	  0	  0	  0	  0	  0	  0	  0	  0	  5	21056	  0
13-11-2015	07:25:29	<-	L	00000000	 22	 83	 54	 24	  0	260	  0	  4	  4	  4	  4	  4	  4	  4	  4	  0	  0	  0	  0	  0	  0	  0	  0	  0	  0	  0	  0	  0	  0	  0	  0	  0	  0	  0	  0	  0	  0	  0	  0	 83	 54	 24	 72	  0	 39	  0	  0	  0	  0	  0	  0	  0	  0	  0	  0	  0	  5	21056	  0
13-11-2015	07:30:29	<-	L	00000000	 22	 80	 54	 28	  0	265	  0	  4	  4	  4	  4	  4	  4	  4	  4	  0	  0	  0	  0	  0	  0	  0	  0	  0	  0	  0	  0	  0	  0	  0	  0	  0	  0	  0	  0	  0	  0	  0	  0	 80	 54	 28	 71	  0	 40	  0	  0	  0	  0	  0	  0	  0	  0	  0	  0	  0	  5	21056	  0
13-11-2015	07:35:29	<-	L	00000000	 22	 86	 55	 24	  0	270	  0	  4	  4	  4	  4	  4	  4	  4	  4	  0	  0	  0	  0	  0	  0	  0	  0	  0	  0	  0	  0	  0	  0	  0	  0	  0	  0	  0	  0	  0	  0	  0	  0	 86	 55	 23	 73	  0	 39	  0	  0	  0	  0	  0	  0	  0	  0	  0	  0	  0	  5	21056	  0
13-11-2015	07:40:29	<-	L	00000000	 22	 83	 54	 24	  0	275	  0	  4	  4	  4	  4	  4	  4	  4	  4	  0	  0	  0	  0	  0	  0	  0	  0	  0	  0	  0	  0	  0	  0	  0	  0	  0	  0	  0	  0	  0	  0	  0	  0	 83	 54	 24	 72	  0	 39	  0	  0	  0	  0	  0	  0	  0	  0	  0	  0	  0	  5	21056	  0
13-11-2015	07:45:30	<-	L	00000000	 22	 81	 54	 26	  0	280	  0	  4	  4	  4	  4	  4	  4	  4	  4	  0	  0	  0	  0	  0	  0	  0	  0	  0	  0	  0	  0	  0	  0	  0	  0	  0	  0	  0	  0	  0	  0	  0	  0	 81	 54	 26	 71	  0	 40	  0	  0	  0	  0	  0	  0	  0	  0	  0	  0	  0	  5	21056	  0
13-11-2015	07:50:29	<-	L	00000000	 22	 86	 55	 24	  0	285	  0	  4	  4	  4	  4	  4	  4	  4	  4	  0	  0	  0	  0	  0	  0	  0	  0	  0	  0	  0	  0	  0	  0	  0	  0	  0	  0	  0	  0	  0	  0	  0	  0	 86	 55	 23	 73	  0	 39	  0	  0	  0	  0	  0	  0	  0	  0	  0	  0	  0	  5	21056	  0
13-11-2015	07:55:29	<-	L	00000000	 22	 82	 54	 26	  0	290	  0	  4	  4	  4	  4	  4	  4	  4	  4	  0	  0	  0	  0	  0	  0	  0	  0	  0	  0	  0	  0	  0	  0	  0	  0	  0	  0	  0	  0	  0	  0	  0	  0	 82	 54	 25	 72	  0	 39	  0	  0	  0	  0	  0	  0	  0	  0	  0	  0	  0	  5	21056	  0
13-11-2015	08:00:29	<-	L	00000000	 22	 83	 55	 26	  0	295	  0	  4	  4	  4	  4	  4	  4	  4	  4	  0	  0	  0	  0	  0	  0	  0	  0	  0	  0	  0	  0	  0	  0	  0	  0	  0	  0	  0	  0	  0	  0	  0	  0	 83	 55	 26	 72	  0	 41	  0	  0	  0	  0	  0	  0	  0	  0	  0	  0	  0	  5	21056	  0
13-11-2015	08:05:29	<-	L	00000000	 22	 86	 55	 23	  0	300	  0	  4	  4	  4	  4	  4	  4	  4	  4	  0	  0	  0	  0	  0	  0	  0	  0	  0	  0	  0	  0	  0	  0	  0	  0	  0	  0	  0	  0	  0	  0	  0	  0	 86	 55	 23	 74	  0	 37	  0	  0	  0	  0	  0	  0	  0	  0	  0	  0	  0	  5	21056	  0
13-11-2015	08:10:29	  	L	00000000	 23	 81	 53	 24	  0	  4	  0	  4	  4	  4	  4	  4	  4	  4	  4	  0	  0	  0	  0	  0	  0	  0	  0	  0	  0	  0	  0	  0	  0	  0	  0	  0	  0	  0	  0	  0	  0	  0	  0	 81	 53	 25	 72	  0	 36	  0	  0	  0	  0	  0	  0	  0	  0	  0	  0	  0	  5	21046	  0
13-11-2015	08:15:29	->	L	00000000	 23	 84	 50	 20	  0	  9	  0	  4	  4	  4	  4	  4	  4	  4	  4	  0	  0	  0	  0	  0	  0	  0	  0	  0	  0	  0	  0	  0	  0	  0	  0	  0	  0	  0	  0	  0	  0	  0	  0	 65	 50	 44	 84	  0	 19	  0	  0	  0	  0	  0	  0	  0	  0	  0	  0	  0	  5	21046	  0
13-11-2015	08:20:30	->	L	00000000	 23	 79	 49	 21	  0	 14	  0	  4	  4	  4	  4	  4	  4	  4	  4	  0	  0	  0	  0	  0	  0	  0	  0	  0	  0	  0	  0	  0	  0	  0	  0	  0	  0	  0	  0	  0	  0	  0	  0	 63	 49	 45	 79	  0	 21	  0	  0	  0	  0	  0	  0	  0	  0	  0	  0	  0	  5	21046	  0
13-11-2015	08:25:30	->	L	00000000	 23	 83	 50	 20	  0	 19	  0	  4	  4	  4	  4	  4	  4	  4	  4	  0	  0	  0	  0	  0	  0	  0	  0	  0	  0	  0	  0	  0	  0	  0	  0	  0	  0	  0	  0	  0	  0	  0	  0	 64	 50	 46	 83	  0	 20	  0	  0	  0	  0	  0	  0	  0	  0	  0	  0	  0	  5	21046	  0
13-11-2015	08:30:30	->	L	00000000	 23	 81	 50	 21	  0	 24	  0	  4	  4	  4	  4	  4	  4	  4	  4	  0	  0	  0	  0	  0	  0	  0	  0	  0	  0	  0	  0	  0	  0	  0	  0	  0	  0	  0	  0	  0	  0	  0	  0	 63	 50	 46	 81	  0	 21	  0	  0	  0	  0	  0	  0	  0	  0	  0	  0	  0	  5	21046	  0
13-11-2015	08:35:31	->	L	00000000	 23	 83	 50	 20	  0	 29	  0	  4	  4	  4	  4	  4	  4	  4	  4	  0	  0	  0	  0	  0	  0	  0	  0	  0	  0	  0	  0	  0	  0	  0	  0	  0	  0	  0	  0	  0	  0	  0	  0	 63	 50	 48	 83	  0	 20	  0	  0	  0	  0	  0	  0	  0	  0	  0	  0	  0	  5	21046	  0
13-11-2015	08:40:30	->	L	00000000	 23	 81	 49	 21	  0	 34	  0	  4	  4	  4	  4	  4	  4	  4	  4	  0	  0	  0	  0	  0	  0	  0	  0	  0	  0	  0	  0	  0	  0	  0	  0	  0	  0	  0	  0	  0	  0	  0	  0	 62	 49	 48	 81	  0	 20	  0	  0	  0	  0	  0	  0	  0	  0	  0	  0	  0	  5	21046	  0
13-11-2015	08:45:30	->	L	00000000	 23	 82	 49	 20	  0	 39	  0	  4	  4	  4	  4	  4	  4	  4	  4	  0	  0	  0	  0	  0	  0	  0	  0	  0	  0	  0	  0	  0	  0	  0	  0	  0	  0	  0	  0	  0	  0	  0	  0	 63	 49	 45	 82	  0	 20	  0	  0	  0	  0	  0	  0	  0	  0	  0	  0	  0	  5	21046	  0
13-11-2015	08:50:30	->	L	00000000	 23	 82	 50	 20	  0	 44	  0	  4	  4	  4	  4	  4	  4	  4	  4	  0	  0	  0	  0	  0	  0	  0	  0	  0	  0	  0	  0	  0	  0	  0	  0	  0	  0	  0	  0	  0	  0	  0	  0	 64	 50	 46	 82	  0	 21	  0	  0	  0	  0	  0	  0	  0	  0	  0	  0	  0	  5	21046	  0
13-11-2015	08:55:30	->	L	00000000	 23	 83	 50	 21	  0	 49	  0	  4	  4	  4	  4	  4	  4	  4	  4	  0	  0	  0	  0	  0	  0	  0	  0	  0	  0	  0	  0	  0	  0	  0	  0	  0	  0	  0	  0	  0	  0	  0	  0	 64	 50	 46	 83	  0	 20	  0	  0	  0	  0	  0	  0	  0	  0	  0	  0	  0	  5	21046	  0
13-11-2015	09:00:30	->	L	00000000	 23	 82	 50	 20	  0	 54	  0	  4	  4	  4	  4	  4	  4	  4	  4	  0	  0	  0	  0	  0	  0	  0	  0	  0	  0	  0	  0	  0	  0	  0	  0	  0	  0	  0	  0	  0	  0	  0	  0	 64	 50	 46	 82	  0	 21	  0	  0	  0	  0	  0	  0	  0	  0	  0	  0	  0	  5	21046	  0
13-11-2015	09:05:30	->	L	00000000	 23	 82	 50	 21	  0	 59	  0	  4	  4	  4	  4	  4	  4	  4	  4	  0	  0	  0	  0	  0	  0	  0	  0	  0	  0	  0	  0	  0	  0	  0	  0	  0	  0	  0	  0	  0	  0	  0	  0	 64	 50	 46	 82	  0	 21	  0	  0	  0	  0	  0	  0	  0	  0	  0	  0	  0	  5	21046	  0
13-11-2015	09:10:30	->	L	00000000	 23	 82	 50	 21	  0	 64	  0	  4	  4	  4	  4	  4	  4	  4	  4	  0	  0	  0	  0	  0	  0	  0	  0	  0	  0	  0	  0	  0	  0	  0	  0	  0	  0	  0	  0	  0	  0	  0	  0	 64	 50	 46	 82	  0	 21	  0	  0	  0	  0	  0	  0	  0	  0	  0	  0	  0	  5	21046	  0
13-11-2015	09:15:30	->	L	00000000	 23	 82	 50	 21	  0	 69	  0	  4	  4	  4	  4	  4	  4	  4	  4	  0	  0	  0	  0	  0	  0	  0	  0	  0	  0	  0	  0	  0	  0	  0	  0	  0	  0	  0	  0	  0	  0	  0	  0	 64	 50	 46	 82	  0	 21	  0	  0	  0	  0	  0	  0	  0	  0	  0	  0	  0	  5	21046	  0
13-11-2015	09:20:31	->	L	00000000	 23	 84	 51	 20	  0	 74	  0	  4	  4	  4	  4	  4	  4	  4	  4	  0	  0	  0	  0	  0	  0	  0	  0	  0	  0	  0	  0	  0	  0	  0	  0	  0	  0	  0	  0	  0	  0	  0	  0	 65	 51	 46	 84	  0	 20	  0	  0	  0	  0	  0	  0	  0	  0	  0	  0	  0	  5	21046	  0
13-11-2015	09:25:31	->	L	00000000	 23	 82	 50	 22	  0	 79	  0	  4	  4	  4	  4	  4	  4	  4	  4	  0	  0	  0	  0	  0	  0	  0	  0	  0	  0	  0	  0	  0	  0	  0	  0	  0	  0	  0	  0	  0	  0	  0	  0	 65	 50	 44	 82	  0	 21	  0	  0	  0	  0	  0	  0	  0	  0	  0	  0	  0	  5	21046	  0
13-11-2015	09:30:31	->	L	00000000	 23	 84	 51	 20	  0	 84	  0	  4	  4	  4	  4	  4	  4	  4	  4	  0	  0	  0	  0	  0	  0	  0	  0	  0	  0	  0	  0	  0	  0	  0	  0	  0	  0	  0	  0	  0	  0	  0	  0	 66	 51	 44	 84	  0	 20	  0	  0	  0	  0	  0	  0	  0	  0	  0	  0	  0	  5	21046	  0
13-11-2015	09:35:31	->	L	00000000	 23	 82	 51	 21	  0	 89	  0	  4	  4	  4	  4	  4	  4	  4	  4	  0	  0	  0	  0	  0	  0	  0	  0	  0	  0	  0	  0	  0	  0	  0	  0	  0	  0	  0	  0	  0	  0	  0	  0	 65	 51	 46	 82	  0	 22	  0	  0	  0	  0	  0	  0	  0	  0	  0	  0	  0	  5	21046	  0
13-11-2015	09:40:31	->	L	00000000	 23	 84	 51	 21	  0	 94	  0	  4	  4	  4	  4	  4	  4	  4	  4	  0	  0	  0	  0	  0	  0	  0	  0	  0	  0	  0	  0	  0	  0	  0	  0	  0	  0	  0	  0	  0	  0	  0	  0	 67	 51	 42	 84	  0	 20	  0	  0	  0	  0	  0	  0	  0	  0	  0	  0	  0	  5	21046	  0
13-11-2015	09:45:31	->	L	00000000	 23	 81	 51	 23	  0	 99	  0	  4	  4	  4	  4	  4	  4	  4	  4	  0	  0	  0	  0	  0	  0	  0	  0	  0	  0	  0	  0	  0	  0	  0	  0	  0	  0	  0	  0	  0	  0	  0	  0	 65	 51	 46	 81	  0	 22	  0	  0	  0	  0	  0	  0	  0	  0	  0	  0	  0	  5	21046	  0
13-11-2015	09:50:31	->	L	00000000	 23	 85	 51	 20	  0	104	  0	  4	  4	  4	  4	  4	  4	  4	  4	  0	  0	  0	  0	  0	  0	  0	  0	  0	  0	  0	  0	  0	  0	  0	  0	  0	  0	  0	  0	  0	  0	  0	  0	 66	 51	 44	 85	  0	 20	  0	  0	  0	  0	  0	  0	  0	  0	  0	  0	  0	  5	21046	  0
13-11-2015	09:55:31	->	L	00000000	 23	 80	 51	 22	  0	109	  0	  4	  4	  4	  4	  4	  4	  4	  4	  0	  0	  0	  0	  0	  0	  0	  0	  0	  0	  0	  0	  0	  0	  0	  0	  0	  0	  0	  0	  0	  0	  0	  0	 66	 51	 44	 80	  0	 23	  0	  0	  0	  0	  0	  0	  0	  0	  0	  0	  0	  5	21046	  0
13-11-2015	10:00:31	->	L	00000000	 23	 85	 51	 20	  0	114	  0	  4	  4	  4	  4	  4	  4	  4	  4	  0	  0	  0	  0	  0	  0	  0	  0	  0	  0	  0	  0	  0	  0	  0	  0	  0	  0	  0	  0	  0	  0	  0	  0	 66	 51	 44	 85	  0	 20	  0	  0	  0	  0	  0	  0	  0	  0	  0	  0	  0	  5	21046	  0
13-11-2015	10:05:31	->	L	00000000	 23	 81	 52	 23	  0	119	  0	  4	  4	  4	  4	  4	  4	  4	  4	  0	  0	  0	  0	  0	  0	  0	  0	  0	  0	  0	  0	  0	  0	  0	  0	  0	  0	  0	  0	  0	  0	  0	  0	 67	 52	 45	 81	  0	 23	  0	  0	  0	  0	  0	  0	  0	  0	  0	  0	  0	  5	21046	  0
13-11-2015	10:10:31	->	L	00000000	 23	 84	 51	 21	  0	124	  0	  4	  4	  4	  4	  4	  4	  4	  4	  0	  0	  0	  0	  0	  0	  0	  0	  0	  0	  0	  0	  0	  0	  0	  0	  0	  0	  0	  0	  0	  0	  0	  0	 66	 51	 44	 84	  0	 20	  0	  0	  0	  0	  0	  0	  0	  0	  0	  0	  0	  5	21046	  0
13-11-2015	10:15:31	->	L	00000000	 23	 81	 51	 22	  0	129	  0	  4	  4	  4	  4	  4	  4	  4	  4	  0	  0	  0	  0	  0	  0	  0	  0	  0	  0	  0	  0	  0	  0	  0	  0	  0	  0	  0	  0	  0	  0	  0	  0	 66	 51	 44	 81	  0	 22	  0	  0	  0	  0	  0	  0	  0	  0	  0	  0	  0	  5	21046	  0
13-11-2015	10:20:31	->	L	00000000	 23	 83	 52	 22	  0	134	  0	  4	  4	  4	  4	  4	  4	  4	  4	  0	  0	  0	  0	  0	  0	  0	  0	  0	  0	  0	  0	  0	  0	  0	  0	  0	  0	  0	  0	  0	  0	  0	  0	 67	 52	 45	 83	  0	 22	  0	  0	  0	  0	  0	  0	  0	  0	  0	  0	  0	  5	21046	  0
13-11-2015	10:25:32	->	L	00000000	 23	 83	 52	 21	  0	139	  0	  4	  4	  4	  4	  4	  4	  4	  4	  0	  0	  0	  0	  0	  0	  0	  0	  0	  0	  0	  0	  0	  0	  0	  0	  0	  0	  0	  0	  0	  0	  0	  0	 67	 52	 45	 83	  0	 22	  0	  0	  0	  0	  0	  0	  0	  0	  0	  0	  0	  5	21046	  0
13-11-2015	10:30:32	->	L	00000000	 23	 81	 51	 22	  0	144	  0	  4	  4	  4	  4	  4	  4	  4	  4	  0	  0	  0	  0	  0	  0	  0	  0	  0	  0	  0	  0	  0	  0	  0	  0	  0	  0	  0	  0	  0	  0	  0	  0	 66	 51	 44	 81	  0	 22	  0	  0	  0	  0	  0	  0	  0	  0	  0	  0	  0	  5	21046	  0
13-11-2015	10:35:32	->	L	00000000	 23	 84	 52	 21	  0	149	  0	  4	  4	  4	  4	  4	  4	  4	  4	  0	  0	  0	  0	  0	  0	  0	  0	  0	  0	  0	  0	  0	  0	  0	  0	  0	  0	  0	  0	  0	  0	  0	  0	 67	 52	 45	 84	  0	 21	  0	  0	  0	  0	  0	  0	  0	  0	  0	  0	  0	  5	21046	  0
13-11-2015	10:40:32	->	L	00000000	 23	 80	 52	 24	  0	154	  0	  4	  4	  4	  4	  4	  4	  4	  4	  0	  0	  0	  0	  0	  0	  0	  0	  0	  0	  0	  0	  0	  0	  0	  0	  0	  0	  0	  0	  0	  0	  0	  0	 66	 52	 46	 80	  0	 24	  0	  0	  0	  0	  0	  0	  0	  0	  0	  0	  0	  5	21046	  0
13-11-2015	10:45:32	->	L	00000000	 23	 85	 52	 21	  0	159	  0	  4	  4	  4	  4	  4	  4	  4	  4	  0	  0	  0	  0	  0	  0	  0	  0	  0	  0	  0	  0	  0	  0	  0	  0	  0	  0	  0	  0	  0	  0	  0	  0	 68	 52	 42	 85	  0	 21	  0	  0	  0	  0	  0	  0	  0	  0	  0	  0	  0	  5	21046	  0
13-11-2015	10:50:32	->	L	00000000	 23	 80	 51	 23	  0	164	  0	  4	  4	  4	  4	  4	  4	  4	  4	  0	  0	  0	  0	  0	  0	  0	  0	  0	  0	  0	  0	  0	  0	  0	  0	  0	  0	  0	  0	  0	  0	  0	  0	 67	 51	 42	 80	  0	 23	  0	  0	  0	  0	  0	  0	  0	  0	  0	  0	  0	  5	21046	  0
13-11-2015	10:55:32	->	L	00000000	 23	 84	 52	 21	  0	169	  0	  4	  4	  4	  4	  4	  4	  4	  4	  0	  0	  0	  0	  0	  0	  0	  0	  0	  0	  0	  0	  0	  0	  0	  0	  0	  0	  0	  0	  0	  0	  0	  0	 68	 52	 42	 84	  0	 21	  0	  0	  0	  0	  0	  0	  0	  0	  0	  0	  0	  5	21046	  0
13-11-2015	11:00:32	->	L	00000000	 23	 80	 52	 23	  0	174	  0	  4	  4	  4	  4	  4	  4	  4	  4	  0	  0	  0	  0	  0	  0	  0	  0	  0	  0	  0	  0	  0	  0	  0	  0	  0	  0	  0	  0	  0	  0	  0	  0	 67	 52	 45	 80	  0	 24	  0	  0	  0	  0	  0	  0	  0	  0	  0	  0	  0	  5	21046	  0
13-11-2015	11:05:32	->	L	00000000	 23	 84	 52	 22	  0	179	  0	  4	  4	  4	  4	  4	  4	  4	  4	  0	  0	  0	  0	  0	  0	  0	  0	  0	  0	  0	  0	  0	  0	  0	  0	  0	  0	  0	  0	  0	  0	  0	  0	 68	 52	 42	 84	  0	 21	  0	  0	  0	  0	  0	  0	  0	  0	  0	  0	  0	  5	21046	  0
13-11-2015	11:10:32	->	L	00000000	 23	 81	 52	 23	  0	184	  0	  4	  4	  4	  4	  4	  4	  4	  4	  0	  0	  0	  0	  0	  0	  0	  0	  0	  0	  0	  0	  0	  0	  0	  0	  0	  0	  0	  0	  0	  0	  0	  0	 67	 52	 45	 81	  0	 23	  0	  0	  0	  0	  0	  0	  0	  0	  0	  0	  0	  5	21046	  0
13-11-2015	11:15:32	->	L	00000000	 23	 82	 51	 22	  0	189	  0	  4	  4	  4	  4	  4	  4	  4	  4	  0	  0	  0	  0	  0	  0	  0	  0	  0	  0	  0	  0	  0	  0	  0	  0	  0	  0	  0	  0	  0	  0	  0	  0	 68	 51	 39	 82	  0	 22	  0	  0	  0	  0	  0	  0	  0	  0	  0	  0	  0	  5	21046	  0
13-11-2015	11:20:32	->	L	00000000	 23	 83	 51	 20	  0	194	  0	  4	  4	  4	  4	  4	  4	  4	  4	  0	  0	  0	  0	  0	  0	  0	  0	  0	  0	  0	  0	  0	  0	  0	  0	  0	  0	  0	  0	  0	  0	  0	  0	 68	 51	 39	 83	  0	 21	  0	  0	  0	  0	  0	  0	  0	  0	  0	  0	  0	  5	21046	  0
13-11-2015	11:25:32	->	L	00000000	 23	 81	 51	 24	  0	199	  0	  4	  4	  4	  4	  4	  4	  4	  4	  0	  0	  0	  0	  0	  0	  0	  0	  0	  0	  0	  0	  0	  0	  0	  0	  0	  0	  0	  0	  0	  0	  0	  0	 67	 51	 42	 81	  0	 22	  0	  0	  0	  0	  0	  0	  0	  0	  0	  0	  0	  5	21046	  0
13-11-2015	11:30:33	->	L	00000000	 23	 85	 52	 21	  0	204	  0	  4	  4	  4	  4	  4	  4	  4	  4	  0	  0	  0	  0	  0	  0	  0	  0	  0	  0	  0	  0	  0	  0	  0	  0	  0	  0	  0	  0	  0	  0	  0	  0	 69	 52	 39	 85	  0	 21	  0	  0	  0	  0	  0	  0	  0	  0	  0	  0	  0	  5	21046	  0
13-11-2015	11:35:32	->	L	00000000	 23	 81	 51	 22	  0	209	  0	  4	  4	  4	  4	  4	  4	  4	  4	  0	  0	  0	  0	  0	  0	  0	  0	  0	  0	  0	  0	  0	  0	  0	  0	  0	  0	  0	  0	  0	  0	  0	  0	 68	 51	 39	 81	  0	 22	  0	  0	  0	  0	  0	  0	  0	  0	  0	  0	  0	  5	21046	  0
13-11-2015	11:40:32	->	L	00000000	 23	 84	 52	 21	  0	214	  0	  4	  4	  4	  4	  4	  4	  4	  4	  0	  0	  0	  0	  0	  0	  0	  0	  0	  0	  0	  0	  0	  0	  0	  0	  0	  0	  0	  0	  0	  0	  0	  0	 68	 52	 42	 84	  0	 21	  0	  0	  0	  0	  0	  0	  0	  0	  0	  0	  0	  5	21046	  0
13-11-2015	11:45:33	->	L	00000000	 23	 81	 51	 22	  0	219	  0	  4	  4	  4	  4	  4	  4	  4	  4	  0	  0	  0	  0	  0	  0	  0	  0	  0	  0	  0	  0	  0	  0	  0	  0	  0	  0	  0	  0	  0	  0	  0	  0	 67	 51	 42	 81	  0	 22	  0	  0	  0	  0	  0	  0	  0	  0	  0	  0	  0	  5	21046	  0
13-11-2015	11:50:33	->	L	00000000	 23	 83	 52	 22	  0	224	  0	  4	  4	  4	  4	  4	  4	  4	  4	  0	  0	  0	  0	  0	  0	  0	  0	  0	  0	  0	  0	  0	  0	  0	  0	  0	  0	  0	  0	  0	  0	  0	  0	 68	 52	 42	 83	  0	 22	  0	  0	  0	  0	  0	  0	  0	  0	  0	  0	  0	  5	21046	  0
13-11-2015	11:55:33	->	L	00000000	 23	 81	 52	 22	  0	229	  0	  4	  4	  4	  4	  4	  4	  4	  4	  0	  0	  0	  0	  0	  0	  0	  0	  0	  0	  0	  0	  0	  0	  0	  0	  0	  0	  0	  0	  0	  0	  0	  0	 68	 52	 42	 81	  0	 23	  0	  0	  0	  0	  0	  0	  0	  0	  0	  0	  0	  5	21046	  0
13-11-2015	12:00:33	->	L	00000000	 23	 84	 52	 22	  0	234	  0	  4	  4	  4	  4	  4	  4	  4	  4	  0	  0	  0	  0	  0	  0	  0	  0	  0	  0	  0	  0	  0	  0	  0	  0	  0	  0	  0	  0	  0	  0	  0	  0	 69	 52	 39	 84	  0	 21	  0	  0	  0	  0	  0	  0	  0	  0	  0	  0	  0	  5	21046	  0
13-11-2015	12:05:33	->	L	00000000	 23	 84	 52	 21	  0	239	  0	  4	  4	  4	  4	  4	  4	  4	  4	  0	  0	  0	  0	  0	  0	  0	  0	  0	  0	  0	  0	  0	  0	  0	  0	  0	  0	  0	  0	  0	  0	  0	  0	 69	 52	 39	 84	  0	 21	  0	  0	  0	  0	  0	  0	  0	  0	  0	  0	  0	  5	21046	  0
13-11-2015	12:10:33	->	L	00000000	 23	 80	 51	 23	  0	244	  0	  4	  4	  4	  4	  4	  4	  4	  4	  0	  0	  0	  0	  0	  0	  0	  0	  0	  0	  0	  0	  0	  0	  0	  0	  0	  0	  0	  0	  0	  0	  0	  0	 67	 51	 42	 80	  0	 23	  0	  0	  0	  0	  0	  0	  0	  0	  0	  0	  0	  5	21046	  0
13-11-2015	12:15:33	<-	L	00000000	 23	 82	 54	 25	  0	249	  0	  4	  4	  4	  4	  4	  4	  4	  4	  0	  0	  0	  0	  0	  0	  0	  0	  0	  0	  0	  0	  0	  0	  0	  0	  0	  0	  0	  0	  0	  0	  0	  0	 82	 54	 25	 76	  0	 31	  0	  0	  0	  0	  0	  0	  0	  0	  0	  0	  0	  5	21046	  0
13-11-2015	12:20:33	<-	L	00000000	 23	 83	 54	 24	  0	254	  0	  4	  4	  4	  4	  4	  4	  4	  4	  0	  0	  0	  0	  0	  0	  0	  0	  0	  0	  0	  0	  0	  0	  0	  0	  0	  0	  0	  0	  0	  0	  0	  0	 83	 54	 24	 75	  0	 32	  0	  0	  0	  0	  0	  0	  0	  0	  0	  0	  0	  5	21046	  0
13-11-2015	12:25:33	<-	L	00000000	 23	 82	 54	 24	  0	259	  0	  4	  4	  4	  4	  4	  4	  4	  4	  0	  0	  0	  0	  0	  0	  0	  0	  0	  0	  0	  0	  0	  0	  0	  0	  0	  0	  0	  0	  0	  0	  0	  0	 82	 54	 25	 75	  0	 32	  0	  0	  0	  0	  0	  0	  0	  0	  0	  0	  0	  5	21046	  0
13-11-2015	13:10:34	<-	L	00000000	 30	 56	 39	 34	  0	  3	  0	  4	  4	  4	  4	  4	  4	  4	  4	  0	  0	  0	  0	  0	  0	  0	  0	  0	  0	  0	  0	  0	  0	  0	  0	  0	  0	  0	  0	  0	  0	  0	  0	 56	 39	 34	 56	  0	 34	  0	  0	  0	  0	  0	  0	  0	  0	  0	  0	  0	  5	20550	  1
13-11-2015	13:15:34	<-	L	00000000	 30	 77	 46	 19	  0	  8	  0	  4	  4	  4	  4	  4	  4	  4	  4	  0	  0	  0	  0	  0	  0	  0	  0	  0	  0	  0	  0	  0	  0	  0	  0	  0	  0	  0	  0	  0	  0	  0	  0	 77	 46	 19	 69	  0	 25	  0	  0	  0	  0	  0	  0	  0	  0	  0	  0	  0	  5	20550	  1
13-11-2015	13:20:34	<-	L	00000000	 30	 84	 48	 18	  0	 13	  0	  4	  4	  4	  4	  4	  4	  4	  4	  0	  0	  0	  0	  0	  0	  0	  0	  0	  0	  0	  0	  0	  0	  0	  0	  0	  0	  0	  0	  0	  0	  0	  0	 84	 48	 17	 72	  0	 26	  0	  0	  0	  0	  0	  0	  0	  0	  0	  0	  0	  5	20550	  1
13-11-2015	13:25:34	<-	L	00000000	 30	 83	 49	 18	  0	 18	  0	  4	  4	  4	  4	  4	  4	  4	  4	  0	  0	  0	  0	  0	  0	  0	  0	  0	  0	  0	  0	  0	  0	  0	  0	  0	  0	  0	  0	  0	  0	  0	  0	 83	 49	 19	 72	  0	 27	  0	  0	  0	  0	  0	  0	  0	  0	  0	  0	  0	  5	20550	  1
13-11-2015	13:30:34	<-	L	00000000	 30	 80	 49	 21	  0	 23	  0	  4	  4	  4	  4	  4	  4	  4	  4	  0	  0	  0	  0	  0	  0	  0	  0	  0	  0	  0	  0	  0	  0	  0	  0	  0	  0	  0	  0	  0	  0	  0	  0	 80	 49	 21	 72	  0	 27	  0	  0	  0	  0	  0	  0	  0	  0	  0	  0	  0	  5	20550	  1
13-11-2015	13:35:34	<-	L	00000000	 30	 81	 52	 23	  0	 28	  0	  4	  4	  4	  4	  4	  4	  4	  4	  0	  0	  0	  0	  0	  0	  0	  0	  0	  0	  0	  0	  0	  0	  0	  0	  0	  0	  0	  0	  0	  0	  0	  0	 81	 52	 23	 72	  0	 34	  0	  0	  0	  0	  0	  0	  0	  0	  0	  0	  0	  5	20550	  1
13-11-2015	13:40:34	<-	L	00000000	 30	 85	 55	 24	  0	 33	  0	  4	  4	  4	  4	  4	  4	  4	  4	  0	  0	  0	  0	  0	  0	  0	  0	  0	  0	  0	  0	  0	  0	  0	  0	  0	  0	  0	  0	  0	  0	  0	  0	 85	 55	 24	 74	  0	 37	  0	  0	  0	  0	  0	  0	  0	  0	  0	  0	  0	  5	20550	  1
13-11-2015	13:45:35	<-	L	00000000	 30	 84	 56	 27	  0	 38	  0	  4	  4	  4	  4	  4	  4	  4	  4	  0	  0	  0	  0	  0	  0	  0	  0	  0	  0	  0	  0	  0	  0	  0	  0	  0	  0	  0	  0	  0	  0	  0	  0	 84	 56	 26	 75	  0	 37	  0	  0	  0	  0	  0	  0	  0	  0	  0	  0	  0	  5	20550	  1
13-11-2015	13:50:34	<-	L	00000000	 30	 83	 57	 29	  0	 43	  0	  4	  4	  4	  4	  4	  4	  4	  4	  0	  0	  0	  0	  0	  0	  0	  0	  0	  0	  0	  0	  0	  0	  0	  0	  0	  0	  0	  0	  0	  0	  0	  0	 83	 57	 29	 75	  0	 40	  0	  0	  0	  0	  0	  0	  0	  0	  0	  0	  0	  5	20550	  1
13-11-2015	13:55:34	<-	L	00000000	 30	 82	 58	 29	  0	 48	  0	  4	  4	  4	  4	  4	  4	  4	  4	  0	  0	  0	  0	  0	  0	  0	  0	  0	  0	  0	  0	  0	  0	  0	  0	  0	  0	  0	  0	  0	  0	  0	  0	 82	 58	 31	 75	  0	 42	  0	  0	  0	  0	  0	  0	  0	  0	  0	  0	  0	  5	20550	  1
13-11-2015	14:00:34	<-	L	00000000	 30	 82	 58	 31	  0	 53	  0	  4	  4	  4	  4	  4	  4	  4	  4	  0	  0	  0	  0	  0	  0	  0	  0	  0	  0	  0	  0	  0	  0	  0	  0	  0	  0	  0	  0	  0	  0	  0	  0	 82	 58	 31	 74	  0	 45	  0	  0	  0	  0	  0	  0	  0	  0	  0	  0	  0	  5	20550	  1
13-11-2015	14:05:34	<-	L	00000000	 30	 81	 59	 31	  0	 58	  0	  4	  4	  4	  4	  4	  4	  4	  4	  0	  0	  0	  0	  0	  0	  0	  0	  0	  0	  0	  0	  0	  0	  0	  0	  0	  0	  0	  0	  0	  0	  0	  0	 81	 59	 34	 74	  0	 47	  0	  0	  0	  0	  0	  0	  0	  0	  0	  0	  0	  5	20550	  1
13-11-2015	14:10:35	<-	L	00000000	 30	 82	 59	 31	  0	 63	  0	  4	  4	  4	  4	  4	  4	  4	  4	  0	  0	  0	  0	  0	  0	  0	  0	  0	  0	  0	  0	  0	  0	  0	  0	  0	  0	  0	  0	  0	  0	  0	  0	 82	 59	 31	 75	  0	 45	  0	  0	  0	  0	  0	  0	  0	  0	  0	  0	  0	  5	20550	  1
13-11-2015	14:15:35	<-	L	00000000	 30	 83	 60	 32	  0	 68	  0	  4	  4	  4	  4	  4	  4	  4	  4	  0	  0	  0	  0	  0	  0	  0	  0	  0	  0	  0	  0	  0	  0	  0	  0	  0	  0	  0	  0	  0	  0	  0	  0	 83	 60	 32	 75	  0	 48	  0	  0	  0	  0	  0	  0	  0	  0	  0	  0	  0	  5	20550	  1
13-11-2015	14:20:35	<-	L	00000000	 30	 84	 61	 32	  0	 73	  0	  4	  4	  4	  4	  4	  4	  4	  4	  0	  0	  0	  0	  0	  0	  0	  0	  0	  0	  0	  0	  0	  0	  0	  0	  0	  0	  0	  0	  0	  0	  0	  0	 84	 60	 32	 76	  0	 48	  0	  0	  0	  0	  0	  0	  0	  0	  0	  0	  0	  5	20550	  1
13-11-2015	14:25:35	<-	L	00000000	 30	 85	 61	 32	  0	 78	  0	  4	  4	  4	  4	  4	  4	  4	  4	  0	  0	  0	  0	  0	  0	  0	  0	  0	  0	  0	  0	  0	  0	  0	  0	  0	  0	  0	  0	  0	  0	  0	  0	 85	 61	 32	 76	  0	 48	  0	  0	  0	  0	  0	  0	  0	  0	  0	  0	  0	  5	20550	  1
13-11-2015	14:30:35	<-	L	00000000	 30	 87	 61	 30	  0	 83	  0	  4	  4	  4	  4	  4	  4	  4	  4	  0	  0	  0	  0	  0	  0	  0	  0	  0	  0	  0	  0	  0	  0	  0	  0	  0	  0	  0	  0	  0	  0	  0	  0	 87	 61	 30	 76	  0	 48	  0	  0	  0	  0	  0	  0	  0	  0	  0	  0	  0	  5	20550	  1
13-11-2015	14:35:35	<-	L	00000000	 30	 82	 62	 38	  0	 88	  0	  4	  4	  4	  4	  4	  4	  4	  4	  0	  0	  0	  0	  0	  0	  0	  0	  0	  0	  0	  0	  0	  0	  0	  0	  0	  0	  0	  0	  0	  0	  0	  0	 82	 62	 38	 74	  0	 52	  0	  0	  0	  0	  0	  0	  0	  0	  0	  0	  0	  5	20550	  1
13-11-2015	14:40:35	<-	L	00000000	 30	 80	 62	 42	  0	 93	  0	  4	  4	  4	  4	  4	  4	  4	  4	  0	  0	  0	  0	  0	  0	  0	  0	  0	  0	  0	  0	  0	  0	  0	  0	  0	  0	  0	  0	  0	  0	  0	  0	 80	 62	 42	 74	  0	 56	  0	  0	  0	  0	  0	  0	  0	  0	  0	  0	  0	  5	20550	  1
13-11-2015	14:45:36	<-	L	00000000	 30	 81	 62	 38	  0	 98	  0	  4	  4	  4	  4	  4	  4	  4	  4	  0	  0	  0	  0	  0	  0	  0	  0	  0	  0	  0	  0	  0	  0	  0	  0	  0	  0	  0	  0	  0	  0	  0	  0	 81	 62	 40	 75	  0	 53	  0	  0	  0	  0	  0	  0	  0	  0	  0	  0	  0	  5	20550	  1
13-11-2015	14:50:35	  	L	00000000	 30	 85	 63	 33	  0	103	  0	  4	  4	  4	  4	  4	  4	  4	  4	  0	  0	  0	  0	  0	  0	  0	  0	  0	  0	  0	  0	  0	  0	  0	  0	  0	  0	  0	  0	  0	  0	  0	  0	 85	 63	 36	 77	  0	 50	  0	  0	  0	  0	  0	  0	  0	  0	  0	  0	  0	  5	20550	  1
13-11-2015	14:55:35	->	L	00000000	 30	 81	 58	 31	  0	108	  0	  4	  4	  4	  4	  4	  4	  4	  4	  0	  0	  0	  0	  0	  0	  0	  0	  0	  0	  0	  0	  0	  0	  0	  0	  0	  0	  0	  0	  0	  0	  0	  0	 72	 58	 49	 81	  0	 31	  0	  0	  0	  0	  0	  0	  0	  0	  0	  0	  0	  5	20550	  1
13-11-2015	15:00:35	->	L	00000000	 30	 79	 58	 34	  0	113	  0	  4	  4	  4	  4	  4	  4	  4	  4	  0	  0	  0	  0	  0	  0	  0	  0	  0	  0	  0	  0	  0	  0	  0	  0	  0	  0	  0	  0	  0	  0	  0	  0	 69	 58	 57	 79	  0	 34	  0	  0	  0	  0	  0	  0	  0	  0	  0	  0	  0	  5	20550	  1
13-11-2015	15:05:35	->	L	00000000	 30	 83	 58	 29	  0	118	  0	  4	  4	  4	  4	  4	  4	  4	  4	  0	  0	  0	  0	  0	  0	  0	  0	  0	  0	  0	  0	  0	  0	  0	  0	  0	  0	  0	  0	  0	  0	  0	  0	 70	 58	 54	 83	  0	 29	  0	  0	  0	  0	  0	  0	  0	  0	  0	  0	  0	  5	20550	  1
13-11-2015	15:10:35	->	L	00000000	 30	 83	 57	 29	  0	123	  0	  4	  4	  4	  4	  4	  4	  4	  4	  0	  0	  0	  0	  0	  0	  0	  0	  0	  0	  0	  0	  0	  0	  0	  0	  0	  0	  0	  0	  0	  0	  0	  0	 69	 57	 54	 83	  0	 29	  0	  0	  0	  0	  0	  0	  0	  0	  0	  0	  0	  5	20550	  1
13-11-2015	15:15:35	->	L	00000000	 30	 79	 57	 30	  0	128	  0	  4	  4	  4	  4	  4	  4	  4	  4	  0	  0	  0	  0	  0	  0	  0	  0	  0	  0	  0	  0	  0	  0	  0	  0	  0	  0	  0	  0	  0	  0	  0	  0	 68	 57	 57	 79	  0	 33	  0	  0	  0	  0	  0	  0	  0	  0	  0	  0	  0	  5	20550	  1
13-11-2015	15:20:35	->	L	00000000	 30	 81	 57	 34	  0	133	  0	  4	  4	  4	  4	  4	  4	  4	  4	  0	  0	  0	  0	  0	  0	  0	  0	  0	  0	  0	  0	  0	  0	  0	  0	  0	  0	  0	  0	  0	  0	  0	  0	 68	 57	 57	 81	  0	 31	  0	  0	  0	  0	  0	  0	  0	  0	  0	  0	  0	  5	20550	  1
13-11-2015	15:25:36	->	L	00000000	 30	 84	 58	 29	  0	138	  0	  4	  4	  4	  4	  4	  4	  4	  4	  0	  0	  0	  0	  0	  0	  0	  0	  0	  0	  0	  0	  0	  0	  0	  0	  0	  0	  0	  0	  0	  0	  0	  0	 69	 58	 57	 84	  0	 29	  0	  0	  0	  0	  0	  0	  0	  0	  0	  0	  0	  5	20550	  1
13-11-2015	15:30:36	->	L	00000000	 30	 83	 58	 29	  0	143	  0	  4	  4	  4	  4	  4	  4	  4	  4	  0	  0	  0	  0	  0	  0	  0	  0	  0	  0	  0	  0	  0	  0	  0	  0	  0	  0	  0	  0	  0	  0	  0	  0	 69	 58	 57	 83	  0	 29	  0	  0	  0	  0	  0	  0	  0	  0	  0	  0	  0	  5	20550	  1
13-11-2015	15:35:36	->	L	00000000	 30	 81	 57	 31	  0	148	  0	  4	  4	  4	  4	  4	  4	  4	  4	  0	  0	  0	  0	  0	  0	  0	  0	  0	  0	  0	  0	  0	  0	  0	  0	  0	  0	  0	  0	  0	  0	  0	  0	 68	 57	 57	 81	  0	 31	  0	  0	  0	  0	  0	  0	  0	  0	  0	  0	  0	  5	20550	  1
13-11-2015	15:40:36	->	L	00000000	 30	 79	 58	 33	  0	153	  0	  4	  4	  4	  4	  4	  4	  4	  4	  0	  0	  0	  0	  0	  0	  0	  0	  0	  0	  0	  0	  0	  0	  0	  0	  0	  0	  0	  0	  0	  0	  0	  0	 68	 58	 60	 79	  0	 34	  0	  0	  0	  0	  0	  0	  0	  0	  0	  0	  0	  5	20550	  1
13-11-2015	15:45:36	->	L	00000000	 30	 79	 58	 34	  0	158	  0	  4	  4	  4	  4	  4	  4	  4	  4	  0	  0	  0	  0	  0	  0	  0	  0	  0	  0	  0	  0	  0	  0	  0	  0	  0	  0	  0	  0	  0	  0	  0	  0	 68	 58	 60	 79	  0	 34	  0	  0	  0	  0	  0	  0	  0	  0	  0	  0	  0	  5	20550	  1
13-11-2015	15:50:37	->	L	00000000	 30	 81	 58	 33	  0	163	  0	  4	  4	  4	  4	  4	  4	  4	  4	  0	  0	  0	  0	  0	  0	  0	  0	  0	  0	  0	  0	  0	  0	  0	  0	  0	  0	  0	  0	  0	  0	  0	  0	 68	 58	 60	 81	  0	 31	  0	  0	  0	  0	  0	  0	  0	  0	  0	  0	  0	  5	20550	  1
13-11-2015	15:55:36	->	L	00000000	 30	 84	 59	 31	  0	168	  0	  4	  4	  4	  4	  4	  4	  4	  4	  0	  0	  0	  0	  0	  0	  0	  0	  0	  0	  0	  0	  0	  0	  0	  0	  0	  0	  0	  0	  0	  0	  0	  0	 68	 59	 63	 84	  0	 29	  0	  0	  0	  0	  0	  0	  0	  0	  0	  0	  0	  5	20550	  1
13-11-2015	16:00:36	->	L	00000000	 30	 85	 58	 29	  0	173	  0	  4	  4	  4	  4	  4	  4	  4	  4	  0	  0	  0	  0	  0	  0	  0	  0	  0	  0	  0	  0	  0	  0	  0	  0	  0	  0	  0	  0	  0	  0	  0	  0	 69	 58	 57	 85	  0	 28	  0	  0	  0	  0	  0	  0	  0	  0	  0	  0	  0	  5	20550	  1
13-11-2015	16:05:36	->	L	00000000	 30	 85	 59	 30	  0	178	  0	  4	  4	  4	  4	  4	  4	  4	  4	  0	  0	  0	  0	  0	  0	  0	  0	  0	  0	  0	  0	  0	  0	  0	  0	  0	  0	  0	  0	  0	  0	  0	  0	 69	 59	 60	 85	  0	 30	  0	  0	  0	  0	  0	  0	  0	  0	  0	  0	  0	  5	20550	  1
13-11-2015	16:10:36	->	L	00000000	 40	 74	 55	 35	  0	  2	  0	  4	  4	  4	  4	  4	  4	  4	  4	  0	  0	  0	  0	  0	  0	  0	  0	  0	  0	  0	  0	  0	  0	  0	  0	  0	  0	  0	  0	  0	  0	  0	  0	 65	 55	 59	 74	  0	 37	  0	  0	  0	  0	  0	  0	  0	  0	  0	  0	  0	  5	15400	  0
13-11-2015	16:15:36	->	L	00000000	 40	 70	 51	 35	  0	  7	  0	  4	  4	  4	  4	  4	  4	  4	  4	  0	  0	  0	  0	  0	  0	  0	  0	  0	  0	  0	  0	  0	  0	  0	  0	  0	  0	  0	  0	  0	  0	  0	  0	 63	 51	 52	 70	  0	 35	  0	  0	  0	  0	  0	  0	  0	  0	  0	  0	  0	  5	15400	  0
13-11-2015	16:20:36	->	L	00000000	 40	 67	 49	 34	  0	 12	  0	  4	  4	  4	  4	  4	  4	  4	  4	  0	  0	  0	  0	  0	  0	  0	  0	  0	  0	  0	  0	  0	  0	  0	  0	  0	  0	  0	  0	  0	  0	  0	  0	 61	 49	 51	 67	  0	 37	  0	  0	  0	  0	  0	  0	  0	  0	  0	  0	  0	  5	15400	  0
13-11-2015	16:25:36	->	L	00000000	 40	 66	 48	 36	  0	 17	  0	  4	  4	  4	  4	  4	  4	  4	  4	  0	  0	  0	  0	  0	  0	  0	  0	  0	  0	  0	  0	  0	  0	  0	  0	  0	  0	  0	  0	  0	  0	  0	  0	 60	 48	 51	 66	  0	 36	  0	  0	  0	  0	  0	  0	  0	  0	  0	  0	  0	  5	15400	  0
13-11-2015	16:30:36	->	L	00000000	 40	 65	 46	 33	  0	 22	  0	  4	  4	  4	  4	  4	  4	  4	  4	  0	  0	  0	  0	  0	  0	  0	  0	  0	  0	  0	  0	  0	  0	  0	  0	  0	  0	  0	  0	  0	  0	  0	  0	 59	 46	 47	 65	  0	 33	  0	  0	  0	  0	  0	  0	  0	  0	  0	  0	  0	  5	15400	  0
13-11-2015	16:35:37	->	L	00000000	 40	 64	 45	 33	  0	 27	  0	  4	  4	  4	  4	  4	  4	  4	  4	  0	  0	  0	  0	  0	  0	  0	  0	  0	  0	  0	  0	  0	  0	  0	  0	  0	  0	  0	  0	  0	  0	  0	  0	 57	 45	 50	 64	  0	 33	  0	  0	  0	  0	  0	  0	  0	  0	  0	  0	  0	  5	15400	  0
13-11-2015	16:40:37	->	L	00000000	 40	 62	 44	 32	  0	 32	  0	  4	  4	  4	  4	  4	  4	  4	  4	  0	  0	  0	  0	  0	  0	  0	  0	  0	  0	  0	  0	  0	  0	  0	  0	  0	  0	  0	  0	  0	  0	  0	  0	 56	 44	 50	 62	  0	 35	  0	  0	  0	  0	  0	  0	  0	  0	  0	  0	  0	  5	15400	  0
13-11-2015	16:45:37	->	L	00000000	 40	 62	 43	 34	  0	 37	  0	  4	  4	  4	  4	  4	  4	  4	  4	  0	  0	  0	  0	  0	  0	  0	  0	  0	  0	  0	  0	  0	  0	  0	  0	  0	  0	  0	  0	  0	  0	  0	  0	 55	 43	 49	 62	  0	 32	  0	  0	  0	  0	  0	  0	  0	  0	  0	  0	  0	  5	15400	  0
13-11-2015	16:50:37	->	L	00000000	 40	 60	 43	 34	  0	 42	  0	  4	  4	  4	  4	  4	  4	  4	  4	  0	  0	  0	  0	  0	  0	  0	  0	  0	  0	  0	  0	  0	  0	  0	  0	  0	  0	  0	  0	  0	  0	  0	  0	 55	 43	 49	 60	  0	 36	  0	  0	  0	  0	  0	  0	  0	  0	  0	  0	  0	  5	15400	  0
13-11-2015	16:55:37	<-	L	00000000	 40	 64	 46	 33	  0	 47	  0	  4	  4	  4	  4	  4	  4	  4	  4	  0	  0	  0	  0	  0	  0	  0	  0	  0	  0	  0	  0	  0	  0	  0	  0	  0	  0	  0	  0	  0	  0	  0	  0	 64	 46	 36	 62	  0	 40	  0	  0	  0	  0	  0	  0	  0	  0	  0	  0	  0	  5	15400	  0
13-11-2015	17:00:37	<-	L	00000000	 40	 64	 45	 33	  0	 52	  0	  4	  4	  4	  4	  4	  4	  4	  4	  0	  0	  0	  0	  0	  0	  0	  0	  0	  0	  0	  0	  0	  0	  0	  0	  0	  0	  0	  0	  0	  0	  0	  0	 64	 45	 33	 61	  0	 39	  0	  0	  0	  0	  0	  0	  0	  0	  0	  0	  0	  5	15400	  0
13-11-2015	17:05:37	<-	L	00000000	 40	 64	 45	 32	  0	 57	  0	  4	  4	  4	  4	  4	  4	  4	  4	  0	  0	  0	  0	  0	  0	  0	  0	  0	  0	  0	  0	  0	  0	  0	  0	  0	  0	  0	  0	  0	  0	  0	  0	 64	 45	 33	 60	  0	 42	  0	  0	  0	  0	  0	  0	  0	  0	  0	  0	  0	  5	15400	  0
13-11-2015	17:10:37	<-	L	00000000	 40	 63	 43	 32	  0	 62	  0	  4	  4	  4	  4	  4	  4	  4	  4	  0	  0	  0	  0	  0	  0	  0	  0	  0	  0	  0	  0	  0	  0	  0	  0	  0	  0	  0	  0	  0	  0	  0	  0	 63	 43	 30	 59	  0	 38	  0	  0	  0	  0	  0	  0	  0	  0	  0	  0	  0	  5	15400	  0
13-11-2015	17:15:37	<-	L	00000000	 40	 62	 43	 32	  0	 67	  0	  4	  4	  4	  4	  4	  4	  4	  4	  0	  0	  0	  0	  0	  0	  0	  0	  0	  0	  0	  0	  0	  0	  0	  0	  0	  0	  0	  0	  0	  0	  0	  0	 62	 43	 32	 59	  0	 38	  0	  0	  0	  0	  0	  0	  0	  0	  0	  0	  0	  5	15400	  0
13-11-2015	17:20:37	<-	L	00000000	 40	 62	 42	 31	  0	 72	  0	  4	  4	  4	  4	  4	  4	  4	  4	  0	  0	  0	  0	  0	  0	  0	  0	  0	  0	  0	  0	  0	  0	  0	  0	  0	  0	  0	  0	  0	  0	  0	  0	 62	 42	 30	 57	  0	 41	  0	  0	  0	  0	  0	  0	  0	  0	  0	  0	  0	  5	15400	  0
13-11-2015	17:25:37	<-	L	00000000	 40	 61	 42	 31	  0	 77	  0	  4	  4	  4	  4	  4	  4	  4	  4	  0	  0	  0	  0	  0	  0	  0	  0	  0	  0	  0	  0	  0	  0	  0	  0	  0	  0	  0	  0	  0	  0	  0	  0	 61	 42	 31	 57	  0	 41	  0	  0	  0	  0	  0	  0	  0	  0	  0	  0	  0	  5	15400	  0
13-11-2015	17:30:37	<-	L	00000000	 40	 60	 41	 31	  0	 82	  0	  4	  4	  4	  4	  4	  4	  4	  4	  0	  0	  0	  0	  0	  0	  0	  0	  0	  0	  0	  0	  0	  0	  0	  0	  0	  0	  0	  0	  0	  0	  0	  0	 60	 41	 31	 57	  0	 38	  0	  0	  0	  0	  0	  0	  0	  0	  0	  0	  0	  5	15400	  0
13-11-2015	17:35:37	<-	L	00000000	 40	 61	 41	 31	  0	 87	  0	  4	  4	  4	  4	  4	  4	  4	  4	  0	  0	  0	  0	  0	  0	  0	  0	  0	  0	  0	  0	  0	  0	  0	  0	  0	  0	  0	  0	  0	  0	  0	  0	 61	 41	 29	 57	  0	 38	  0	  0	  0	  0	  0	  0	  0	  0	  0	  0	  0	  5	15400	  0
13-11-2015	17:40:37	<-	L	00000000	 40	 62	 41	 26	  0	 92	  0	  4	  4	  4	  4	  4	  4	  4	  4	  0	  0	  0	  0	  0	  0	  0	  0	  0	  0	  0	  0	  0	  0	  0	  0	  0	  0	  0	  0	  0	  0	  0	  0	 62	 41	 26	 58	  0	 35	  0	  0	  0	  0	  0	  0	  0	  0	  0	  0	  0	  5	15400	  0
13-11-2015	17:45:37	<-	L	00000000	 40	 60	 41	 31	  0	 97	  0	  4	  4	  4	  4	  4	  4	  4	  4	  0	  0	  0	  0	  0	  0	  0	  0	  0	  0	  0	  0	  0	  0	  0	  0	  0	  0	  0	  0	  0	  0	  0	  0	 60	 41	 31	 56	  0	 41	  0	  0	  0	  0	  0	  0	  0	  0	  0	  0	  0	  5	15400	  0
13-11-2015	17:50:38	<-	L	00000000	 40	 66	 42	 24	  0	102	  0	  4	  4	  4	  4	  4	  4	  4	  4	  0	  0	  0	  0	  0	  0	  0	  0	  0	  0	  0	  0	  0	  0	  0	  0	  0	  0	  0	  0	  0	  0	  0	  0	 66	 42	 24	 59	  0	 35	  0	  0	  0	  0	  0	  0	  0	  0	  0	  0	  0	  5	15400	  0
13-11-2015	17:55:38	<-	L	00000000	 40	 61	 41	 29	  0	107	  0	  4	  4	  4	  4	  4	  4	  4	  4	  0	  0	  0	  0	  0	  0	  0	  0	  0	  0	  0	  0	  0	  0	  0	  0	  0	  0	  0	  0	  0	  0	  0	  0	 61	 41	 29	 57	  0	 38	  0	  0	  0	  0	  0	  0	  0	  0	  0	  0	  0	  5	15400	  0
13-11-2015	18:00:38	<-	L	00000000	 40	 60	 40	 29	  0	112	  0	  4	  4	  4	  4	  4	  4	  4	  4	  0	  0	  0	  0	  0	  0	  0	  0	  0	  0	  0	  0	  0	  0	  0	  0	  0	  0	  0	  0	  0	  0	  0	  0	 60	 40	 29	 55	  0	 40	  0	  0	  0	  0	  0	  0	  0	  0	  0	  0	  0	  5	15400	  0
13-11-2015	18:05:38	<-	L	00000000	 40	 62	 41	 26	  0	117	  0	  4	  4	  4	  4	  4	  4	  4	  4	  0	  0	  0	  0	  0	  0	  0	  0	  0	  0	  0	  0	  0	  0	  0	  0	  0	  0	  0	  0	  0	  0	  0	  0	 62	 41	 26	 58	  0	 35	  0	  0	  0	  0	  0	  0	  0	  0	  0	  0	  0	  5	15400	  0
13-11-2015	18:10:38	<-	L	00000000	 50	 61	 40	 29	  0	  2	  0	  4	  4	  4	  4	  4	  4	  4	  4	  0	  0	  0	  0	  0	  0	  0	  0	  0	  0	  0	  0	  0	  0	  0	  0	  0	  0	  0	  0	  0	  0	  0	  0	 61	 40	 25	 56	  0	 37	  0	  0	  0	  0	  0	  0	  0	  0	  0	  0	  0	  5	15395	  0
13-11-2015	18:15:38	<-	L	00000000	 50	 61	 40	 25	  0	  7	  0	  4	  4	  4	  4	  4	  4	  4	  4	  0	  0	  0	  0	  0	  0	  0	  0	  0	  0	  0	  0	  0	  0	  0	  0	  0	  0	  0	  0	  0	  0	  0	  0	 61	 40	 25	 57	  0	 34	  0	  0	  0	  0	  0	  0	  0	  0	  0	  0	  0	  5	15138	  0
13-11-2015	18:20:38	<-	L	00000000	 50	 59	 39	 28	  0	 12	  0	  4	  4	  4	  4	  4	  4	  4	  4	  0	  0	  0	  0	  0	  0	  0	  0	  0	  0	  0	  0	  0	  0	  0	  0	  0	  0	  0	  0	  0	  0	  0	  0	 59	 39	 28	 55	  0	 37	  0	  0	  0	  0	  0	  0	  0	  0	  0	  0	  0	  5	14881	  0
13-11-2015	18:25:38	<-	L	00000000	 50	 58	 39	 30	  0	 17	  0	  4	  4	  4	  4	  4	  4	  4	  4	  0	  0	  0	  0	  0	  0	  0	  0	  0	  0	  0	  0	  0	  0	  0	  0	  0	  0	  0	  0	  0	  0	  0	  0	 58	 39	 30	 54	  0	 40	  0	  0	  0	  0	  0	  0	  0	  0	  0	  0	  0	  5	14881	  0
13-11-2015	18:30:38	<-	L	00000000	 50	 57	 39	 30	  0	 22	  0	  4	  4	  4	  4	  4	  4	  4	  4	  0	  0	  0	  0	  0	  0	  0	  0	  0	  0	  0	  0	  0	  0	  0	  0	  0	  0	  0	  0	  0	  0	  0	  0	 57	 39	 33	 53	  0	 42	  0	  0	  0	  0	  0	  0	  0	  0	  0	  0	  0	  5	14624	  0
13-11-2015	18:35:38	<-	L	00000000	 50	 56	 38	 32	  0	 27	  0	  4	  4	  4	  4	  4	  4	  4	  4	  0	  0	  0	  0	  0	  0	  0	  0	  0	  0	  0	  0	  0	  0	  0	  0	  0	  0	  0	  0	  0	  0	  0	  0	 56	 38	 32	 52	  0	 42	  0	  0	  0	  0	  0	  0	  0	  0	  0	  0	  0	  5	14367	  0
13-11-2015	18:40:38	<-	L	00000000	 50	 56	 38	 32	  0	 32	  0	  4	  4	  4	  4	  4	  4	  4	  4	  0	  0	  0	  0	  0	  0	  0	  0	  0	  0	  0	  0	  0	  0	  0	  0	  0	  0	  0	  0	  0	  0	  0	  0	 56	 38	 32	 52	  0	 42	  0	  0	  0	  0	  0	  0	  0	  0	  0	  0	  0	  5	14110	  0
13-11-2015	18:45:38	<-	L	00000000	 50	 55	 37	 32	  0	 37	  0	  4	  4	  4	  4	  4	  4	  4	  4	  0	  0	  0	  0	  0	  0	  0	  0	  0	  0	  0	  0	  0	  0	  0	  0	  0	  0	  0	  0	  0	  0	  0	  0	 55	 37	 32	 51	  0	 41	  0	  0	  0	  0	  0	  0	  0	  0	  0	  0	  0	  5	13853	  0
13-11-2015	18:50:38	<-	L	00000000	 50	 55	 37	 33	  0	 42	  0	  4	  4	  4	  4	  4	  4	  4	  4	  0	  0	  0	  0	  0	  0	  0	  0	  0	  0	  0	  0	  0	  0	  0	  0	  0	  0	  0	  0	  0	  0	  0	  0	 55	 37	 32	 51	  0	 41	  0	  0	  0	  0	  0	  0	  0	  0	  0	  0	  0	  5	13596	  0
13-11-2015	18:55:39	->	L	00000000	 50	 57	 36	 27	  0	 47	  0	  4	  4	  4	  4	  4	  4	  4	  4	  0	  0	  0	  0	  0	  0	  0	  0	  0	  0	  0	  0	  0	  0	  0	  0	  0	  0	  0	  0	  0	  0	  0	  0	 51	 36	 39	 57	  0	 24	  0	  0	  0	  0	  0	  0	  0	  0	  0	  0	  0	  5	13596	  0
13-11-2015	19:00:38	->	L	00000000	 50	 52	 35	 32	  0	 52	  0	  4	  4	  4	  4	  4	  4	  4	  4	  0	  0	  0	  0	  0	  0	  0	  0	  0	  0	  0	  0	  0	  0	  0	  0	  0	  0	  0	  0	  0	  0	  0	  0	 49	 35	 41	 52	  0	 32	  0	  0	  0	  0	  0	  0	  0	  0	  0	  0	  0	  5	13339	  0
13-11-2015	19:05:39	->	L	00000000	 50	 53	 35	 28	  0	 57	  0	  4	  4	  4	  4	  4	  4	  4	  4	  0	  0	  0	  0	  0	  0	  0	  0	  0	  0	  0	  0	  0	  0	  0	  0	  0	  0	  0	  0	  0	  0	  0	  0	 49	 35	 41	 53	  0	 31	  0	  0	  0	  0	  0	  0	  0	  0	  0	  0	  0	  5	13082	  0
