28-10-2015	18:23:02	  	L	00000000	 10	 22	 19	 76	  0	  1	  0	  5	  5	  5	  5	  5	  5	  5	  5	  0	  0	  0	  0	  0	  0	  0	  0	  0	  0	  0	  0	  0	  0	  0	  0	  0	  0	  0	  0	  0	  0	  0	  0	 22	 19	 82	 22	  0	 82	  0	  0	  0	  0	  0	  0	  0	  0	  0	  0	  0	  5	5906	  1
28-10-2015	18:28:01	<-	L	00000000	 10	 19	 16	 82	  0	  6	  0	  6	  6	  6	  6	  6	  6	  6	  6	  0	  0	  0	  0	  0	  0	  0	  0	  0	  0	  0	  0	  0	  0	  0	  0	  0	  0	  0	  0	  0	  0	  0	  0	 19	 16	 82	 19	  0	 82	  0	  0	  0	  0	  0	  0	  0	  0	  0	  0	  0	  5	6415	  1
28-10-2015	18:33:02	<-	L	00000000	 10	 25	 17	 65	  0	 11	  0	  8	  8	  8	  8	  8	  8	  8	  8	  0	  0	  0	  0	  0	  0	  0	  0	  0	  0	  0	  0	  0	  0	  0	  0	  0	  0	  0	  0	  0	  0	  0	  0	 25	 17	 55	 20	  0	 82	  0	  0	  0	  0	  0	  0	  0	  0	  0	  0	  0	  5	6929	  1
28-10-2015	18:38:02	<-	L	00000000	 10	 28	 19	 56	  0	 16	  0	  7	  7	  7	  7	  7	  7	  7	  7	  0	  0	  0	  0	  0	  0	  0	  0	  0	  0	  0	  0	  0	  0	  0	  0	  0	  0	  0	  0	  0	  0	  0	  0	 28	 19	 52	 24	  0	 73	  0	  0	  0	  0	  0	  0	  0	  0	  0	  0	  0	  5	7443	  1
28-10-2015	18:43:02	<-	L	00000000	 10	 34	 21	 42	  0	 21	  0	  7	  7	  7	  7	  7	  7	  7	  7	  0	  0	  0	  0	  0	  0	  0	  0	  0	  0	  0	  0	  0	  0	  0	  0	  0	  0	  0	  0	  0	  0	  0	  0	 34	 21	 38	 27	  0	 66	  0	  0	  0	  0	  0	  0	  0	  0	  0	  0	  0	  5	7700	  1
28-10-2015	18:48:02	<-	L	00000000	 10	 38	 23	 34	  0	 26	  0	  7	  7	  7	  7	  7	  7	  7	  7	  0	  0	  0	  0	  0	  0	  0	  0	  0	  0	  0	  0	  0	  0	  0	  0	  0	  0	  0	  0	  0	  0	  0	  0	 38	 23	 34	 29	  0	 66	  0	  0	  0	  0	  0	  0	  0	  0	  0	  0	  0	  5	8214	  1
28-10-2015	18:53:02	<-	L	00000000	 10	 36	 23	 39	  0	 31	  0	  7	  7	  7	  7	  7	  7	  7	  7	  0	  0	  0	  0	  0	  0	  0	  0	  0	  0	  0	  0	  0	  0	  0	  0	  0	  0	  0	  0	  0	  0	  0	  0	 36	 23	 38	 30	  0	 61	  0	  0	  0	  0	  0	  0	  0	  0	  0	  0	  0	  5	8728	  1
28-10-2015	18:58:02	<-	L	00000000	 10	 34	 23	 46	  0	 36	  0	  6	  7	  7	  7	  7	  7	  7	  6	  0	  0	  0	  0	  0	  0	  0	  0	  0	  0	  0	  0	  0	  0	  0	  0	  0	  0	  0	  0	  0	  0	  0	  0	 34	 23	 46	 30	  0	 61	  0	  0	  0	  0	  0	  0	  0	  0	  0	  0	  0	  5	9242	  1
28-10-2015	19:03:02	<-	L	00000000	 10	 37	 24	 43	  0	 41	  0	  6	  7	  7	  6	  6	  6	  6	  6	  0	  0	  0	  0	  0	  0	  0	  0	  0	  0	  0	  0	  0	  0	  0	  0	  0	  0	  0	  0	  0	  0	  0	  0	 37	 24	 39	 31	  0	 61	  0	  0	  0	  0	  0	  0	  0	  0	  0	  0	  0	  5	9756	  1
28-10-2015	19:08:03	<-	L	00000000	 10	 43	 27	 29	  0	 46	  0	  6	  6	  6	  6	  6	  6	  6	  7	  0	  0	  0	  0	  0	  0	  0	  0	  0	  0	  0	  0	  0	  0	  0	  0	  0	  0	  0	  0	  0	  0	  0	  0	 43	 27	 32	 34	  0	 62	  0	  0	  0	  0	  0	  0	  0	  0	  0	  0	  0	  5	10270	  1
28-10-2015	19:13:02	<-	L	00000000	 10	 38	 26	 40	  0	 51	  0	  6	  6	  6	  6	  6	  6	  6	  6	  0	  0	  0	  0	  0	  0	  0	  0	  0	  0	  0	  0	  0	  0	  0	  0	  0	  0	  0	  0	  0	  0	  0	  0	 38	 26	 44	 34	  0	 58	  0	  0	  0	  0	  0	  0	  0	  0	  0	  0	  0	  5	10784	  1
28-10-2015	19:18:02	<-	L	00000000	 10	 45	 28	 32	  0	 56	  0	  6	  6	  6	  6	  6	  6	  6	  6	  0	  0	  0	  0	  0	  0	  0	  0	  0	  0	  0	  0	  0	  0	  0	  0	  0	  0	  0	  0	  0	  0	  0	  0	 45	 28	 29	 36	  0	 58	  0	  0	  0	  0	  0	  0	  0	  0	  0	  0	  0	  5	11298	  1
28-10-2015	19:23:02	<-	L	00000000	 10	 49	 30	 26	  0	 61	  0	  6	  6	  6	  6	  6	  6	  6	  6	  0	  0	  0	  0	  0	  0	  0	  0	  0	  0	  0	  0	  0	  0	  0	  0	  0	  0	  0	  0	  0	  0	  0	  0	 49	 30	 26	 38	  0	 59	  0	  0	  0	  0	  0	  0	  0	  0	  0	  0	  0	  5	11555	  1
28-10-2015	19:28:03	<-	L	00000000	 10	 45	 30	 33	  0	 66	  0	  6	  6	  6	  6	  6	  6	  6	  6	  0	  0	  0	  0	  0	  0	  0	  0	  0	  0	  0	  0	  0	  0	  0	  0	  0	  0	  0	  0	  0	  0	  0	  0	 45	 30	 37	 38	  0	 59	  0	  0	  0	  0	  0	  0	  0	  0	  0	  0	  0	  5	12069	  1
28-10-2015	19:33:03	<-	L	00000000	 10	 45	 31	 39	  0	 71	  0	  6	  6	  6	  6	  6	  6	  6	  6	  0	  0	  0	  0	  0	  0	  0	  0	  0	  0	  0	  0	  0	  0	  0	  0	  0	  0	  0	  0	  0	  0	  0	  0	 45	 31	 39	 39	  0	 59	  0	  0	  0	  0	  0	  0	  0	  0	  0	  0	  0	  5	12583	  1
28-10-2015	19:38:03	<-	L	00000000	 10	 49	 32	 31	  0	 76	  0	  6	  6	  6	  6	  6	  6	  6	  6	  0	  0	  0	  0	  0	  0	  0	  0	  0	  0	  0	  0	  0	  0	  0	  0	  0	  0	  0	  0	  0	  0	  0	  0	 49	 32	 31	 40	  0	 59	  0	  0	  0	  0	  0	  0	  0	  0	  0	  0	  0	  5	13097	  1
28-10-2015	19:43:03	<-	L	00000000	 10	 53	 33	 28	  0	 81	  0	  6	  6	  6	  5	  5	  5	  6	  6	  0	  0	  0	  0	  0	  0	  0	  0	  0	  0	  0	  0	  0	  0	  0	  0	  0	  0	  0	  0	  0	  0	  0	  0	 53	 33	 26	 42	  0	 56	  0	  0	  0	  0	  0	  0	  0	  0	  0	  0	  0	  5	13611	  1
28-10-2015	19:48:03	<-	L	00000000	 10	 54	 34	 26	  0	 86	  0	  5	  5	  5	  5	  5	  5	  5	  5	  0	  0	  0	  0	  0	  0	  0	  0	  0	  0	  0	  0	  0	  0	  0	  0	  0	  0	  0	  0	  0	  0	  0	  0	 54	 34	 26	 43	  0	 56	  0	  0	  0	  0	  0	  0	  0	  0	  0	  0	  0	  5	14125	  1
28-10-2015	19:53:03	<-	L	00000000	 10	 56	 35	 23	  0	 91	  0	  5	  5	  5	  5	  5	  5	  5	  5	  0	  0	  0	  0	  0	  0	  0	  0	  0	  0	  0	  0	  0	  0	  0	  0	  0	  0	  0	  0	  0	  0	  0	  0	 56	 35	 23	 45	  0	 53	  0	  0	  0	  0	  0	  0	  0	  0	  0	  0	  0	  5	14639	  1
28-10-2015	19:58:03	<-	L	00000000	 10	 57	 36	 24	  0	 96	  0	  5	  5	  5	  5	  5	  5	  5	  5	  0	  0	  0	  0	  0	  0	  0	  0	  0	  0	  0	  0	  0	  0	  0	  0	  0	  0	  0	  0	  0	  0	  0	  0	 57	 36	 24	 46	  0	 53	  0	  0	  0	  0	  0	  0	  0	  0	  0	  0	  0	  5	15153	  1
28-10-2015	20:03:04	<-	L	00000000	 10	 57	 36	 24	  0	101	  0	  5	  5	  5	  5	  5	  5	  5	  5	  0	  0	  0	  0	  0	  0	  0	  0	  0	  0	  0	  0	  0	  0	  0	  0	  0	  0	  0	  0	  0	  0	  0	  0	 57	 36	 24	 46	  0	 53	  0	  0	  0	  0	  0	  0	  0	  0	  0	  0	  0	  5	15410	  1
28-10-2015	20:08:03	<-	L	00000000	 10	 57	 37	 27	  0	106	  0	  5	  5	  5	  5	  5	  5	  5	  5	  0	  0	  0	  0	  0	  0	  0	  0	  0	  0	  0	  0	  0	  0	  0	  0	  0	  0	  0	  0	  0	  0	  0	  0	 57	 37	 27	 46	  0	 57	  0	  0	  0	  0	  0	  0	  0	  0	  0	  0	  0	  5	15924	  1
28-10-2015	20:13:03	<-	L	00000000	 10	 57	 37	 27	  0	111	  0	  5	  5	  5	  5	  5	  5	  5	  5	  0	  0	  0	  0	  0	  0	  0	  0	  0	  0	  0	  0	  0	  0	  0	  0	  0	  0	  0	  0	  0	  0	  0	  0	 57	 37	 27	 47	  0	 54	  0	  0	  0	  0	  0	  0	  0	  0	  0	  0	  0	  5	16438	  1
28-10-2015	20:18:03	<-	L	00000000	 10	 57	 38	 30	  0	116	  0	  5	  5	  5	  5	  5	  5	  5	  5	  0	  0	  0	  0	  0	  0	  0	  0	  0	  0	  0	  0	  0	  0	  0	  0	  0	  0	  0	  0	  0	  0	  0	  0	 57	 38	 30	 47	  0	 58	  0	  0	  0	  0	  0	  0	  0	  0	  0	  0	  0	  5	16952	  1
28-10-2015	20:23:03	<-	L	00000000	 10	 58	 38	 28	  0	121	  0	  5	  5	  5	  5	  5	  5	  5	  5	  0	  0	  0	  0	  0	  0	  0	  0	  0	  0	  0	  0	  0	  0	  0	  0	  0	  0	  0	  0	  0	  0	  0	  0	 58	 38	 28	 47	  0	 58	  0	  0	  0	  0	  0	  0	  0	  0	  0	  0	  0	  5	17466	  1
28-10-2015	20:28:04	->	L	00000000	 10	 52	 34	 31	  0	126	  0	  5	  5	  5	  5	  5	  5	  5	  5	  0	  0	  0	  0	  0	  0	  0	  0	  0	  0	  0	  0	  0	  0	  0	  0	  0	  0	  0	  0	  0	  0	  0	  0	 43	 34	 56	 52	  0	 31	  0	  0	  0	  0	  0	  0	  0	  0	  0	  0	  0	  5	17980	  1
28-10-2015	20:33:04	->	L	00000000	 10	 55	 33	 21	  0	131	  0	  5	  5	  5	  5	  5	  5	  5	  5	  0	  0	  0	  0	  0	  0	  0	  0	  0	  0	  0	  0	  0	  0	  0	  0	  0	  0	  0	  0	  0	  0	  0	  0	 39	 33	 68	 55	  0	 21	  0	  0	  0	  0	  0	  0	  0	  0	  0	  0	  0	  5	18494	  1
28-10-2015	20:38:04	->	L	00000000	 10	 56	 33	 19	  0	136	  0	  5	  5	  5	  5	  5	  5	  5	  5	  0	  0	  0	  0	  0	  0	  0	  0	  0	  0	  0	  0	  0	  0	  0	  0	  0	  0	  0	  0	  0	  0	  0	  0	 39	 33	 68	 56	  0	 19	  0	  0	  0	  0	  0	  0	  0	  0	  0	  0	  0	  5	19008	  1
28-10-2015	20:43:04	->	L	00000000	 10	 57	 34	 19	  0	141	  0	  5	  5	  5	  5	  5	  5	  5	  5	  0	  0	  0	  0	  0	  0	  0	  0	  0	  0	  0	  0	  0	  0	  0	  0	  0	  0	  0	  0	  0	  0	  0	  0	 39	 34	 75	 57	  0	 20	  0	  0	  0	  0	  0	  0	  0	  0	  0	  0	  0	  5	19265	  1
28-10-2015	20:48:04	->	L	00000000	 10	 57	 34	 20	  0	146	  0	  5	  5	  5	  5	  5	  5	  5	  5	  0	  0	  0	  0	  0	  0	  0	  0	  0	  0	  0	  0	  0	  0	  0	  0	  0	  0	  0	  0	  0	  0	  0	  0	 39	 34	 75	 57	  0	 20	  0	  0	  0	  0	  0	  0	  0	  0	  0	  0	  0	  5	19779	  1
28-10-2015	20:53:04	->	L	00000000	 10	 58	 35	 20	  0	151	  0	  5	  5	  5	  5	  5	  5	  5	  5	  0	  0	  0	  0	  0	  0	  0	  0	  0	  0	  0	  0	  0	  0	  0	  0	  0	  0	  0	  0	  0	  0	  0	  0	 40	 35	 75	 58	  0	 20	  0	  0	  0	  0	  0	  0	  0	  0	  0	  0	  0	  5	20293	  1
28-10-2015	20:58:04	->	L	00000000	 10	 59	 35	 20	  0	156	  0	  5	  5	  5	  5	  5	  5	  5	  5	  0	  0	  0	  0	  0	  0	  0	  0	  0	  0	  0	  0	  0	  0	  0	  0	  0	  0	  0	  0	  0	  0	  0	  0	 39	 35	 78	 59	  0	 20	  0	  0	  0	  0	  0	  0	  0	  0	  0	  0	  0	  5	20807	  1
28-10-2015	21:03:05	->	L	00000000	 10	 60	 36	 21	  0	161	  0	  5	  5	  5	  5	  5	  5	  5	  5	  0	  0	  0	  0	  0	  0	  0	  0	  0	  0	  0	  0	  0	  0	  0	  0	  0	  0	  0	  0	  0	  0	  0	  0	 40	 36	 78	 60	  0	 21	  0	  0	  0	  0	  0	  0	  0	  0	  0	  0	  0	  5	21321	  1
28-10-2015	21:08:04	->	L	00000000	 10	 61	 36	 19	  0	166	  0	  5	  5	  5	  5	  5	  5	  5	  5	  0	  0	  0	  0	  0	  0	  0	  0	  0	  0	  0	  0	  0	  0	  0	  0	  0	  0	  0	  0	  0	  0	  0	  0	 41	 36	 76	 61	  0	 19	  0	  0	  0	  0	  0	  0	  0	  0	  0	  0	  0	  5	21835	  1
28-10-2015	21:13:04	->	L	00000000	 10	 62	 37	 19	  0	171	  0	  5	  5	  5	  5	  5	  5	  5	  5	  0	  0	  0	  0	  0	  0	  0	  0	  0	  0	  0	  0	  0	  0	  0	  0	  0	  0	  0	  0	  0	  0	  0	  0	 41	 37	 78	 62	  0	 19	  0	  0	  0	  0	  0	  0	  0	  0	  0	  0	  0	  5	21835	  1
28-10-2015	21:18:04	->	L	00000000	 10	 63	 38	 22	  0	176	  0	  5	  5	  5	  5	  5	  5	  5	  5	  0	  0	  0	  0	  0	  0	  0	  0	  0	  0	  0	  0	  0	  0	  0	  0	  0	  0	  0	  0	  0	  0	  0	  0	 42	 38	 78	 63	  0	 20	  0	  0	  0	  0	  0	  0	  0	  0	  0	  0	  0	  5	21835	  1
28-10-2015	21:23:04	->	L	00000000	 10	 63	 38	 20	  0	181	  0	  5	  5	  5	  5	  5	  5	  5	  5	  0	  0	  0	  0	  0	  0	  0	  0	  0	  0	  0	  0	  0	  0	  0	  0	  0	  0	  0	  0	  0	  0	  0	  0	 42	 38	 78	 63	  0	 20	  0	  0	  0	  0	  0	  0	  0	  0	  0	  0	  0	  5	21835	  1
28-10-2015	21:28:05	->	L	00000000	 10	 63	 39	 22	  0	186	  0	  5	  4	  4	  4	  5	  4	  4	  4	  0	  0	  0	  0	  0	  0	  0	  0	  0	  0	  0	  0	  0	  0	  0	  0	  0	  0	  0	  0	  0	  0	  0	  0	 42	 39	 84	 63	  0	 22	  0	  0	  0	  0	  0	  0	  0	  0	  0	  0	  0	  5	21835	  1
28-10-2015	21:33:05	->	L	00000000	 10	 64	 39	 20	  0	191	  0	  4	  4	  4	  4	  4	  4	  4	  4	  0	  0	  0	  0	  0	  0	  0	  0	  0	  0	  0	  0	  0	  0	  0	  0	  0	  0	  0	  0	  0	  0	  0	  0	 43	 39	 79	 64	  0	 20	  0	  0	  0	  0	  0	  0	  0	  0	  0	  0	  0	  5	21835	  1
28-10-2015	21:38:05	->	L	00000000	 10	 65	 40	 21	  0	196	  0	  4	  4	  4	  4	  4	  4	  4	  4	  0	  0	  0	  0	  0	  0	  0	  0	  0	  0	  0	  0	  0	  0	  0	  0	  0	  0	  0	  0	  0	  0	  0	  0	 44	 40	 79	 65	  0	 21	  0	  0	  0	  0	  0	  0	  0	  0	  0	  0	  0	  5	21835	  1
28-10-2015	21:43:05	->	L	00000000	 10	 65	 41	 23	  0	201	  0	  4	  4	  4	  4	  4	  4	  4	  4	  0	  0	  0	  0	  0	  0	  0	  0	  0	  0	  0	  0	  0	  0	  0	  0	  0	  0	  0	  0	  0	  0	  0	  0	 44	 41	 84	 65	  0	 23	  0	  0	  0	  0	  0	  0	  0	  0	  0	  0	  0	  5	21835	  1
28-10-2015	21:48:05	->	L	00000000	 10	 66	 42	 24	  0	206	  0	  4	  4	  4	  4	  4	  4	  4	  4	  0	  0	  0	  0	  0	  0	  0	  0	  0	  0	  0	  0	  0	  0	  0	  0	  0	  0	  0	  0	  0	  0	  0	  0	 46	 42	 79	 66	  0	 24	  0	  0	  0	  0	  0	  0	  0	  0	  0	  0	  0	  5	21835	  1
28-10-2015	21:53:06	->	L	00000000	 10	 67	 42	 24	  0	211	  0	  4	  4	  4	  4	  4	  4	  4	  4	  0	  0	  0	  0	  0	  0	  0	  0	  0	  0	  0	  0	  0	  0	  0	  0	  0	  0	  0	  0	  0	  0	  0	  0	 46	 42	 79	 67	  0	 22	  0	  0	  0	  0	  0	  0	  0	  0	  0	  0	  0	  5	21835	  1
28-10-2015	21:58:05	->	L	00000000	 10	 67	 43	 24	  0	216	  0	  4	  4	  4	  4	  4	  4	  4	  4	  0	  0	  0	  0	  0	  0	  0	  0	  0	  0	  0	  0	  0	  0	  0	  0	  0	  0	  0	  0	  0	  0	  0	  0	 46	 43	 85	 67	  0	 24	  0	  0	  0	  0	  0	  0	  0	  0	  0	  0	  0	  5	21835	  1
28-10-2015	22:03:05	->	L	00000000	 10	 67	 43	 24	  0	221	  0	  4	  4	  4	  4	  4	  4	  4	  4	  0	  0	  0	  0	  0	  0	  0	  0	  0	  0	  0	  0	  0	  0	  0	  0	  0	  0	  0	  0	  0	  0	  0	  0	 47	 43	 79	 67	  0	 24	  0	  0	  0	  0	  0	  0	  0	  0	  0	  0	  0	  5	21835	  1
28-10-2015	22:08:05	->	L	00000000	 10	 68	 44	 25	  0	226	  0	  4	  4	  4	  4	  4	  4	  4	  4	  0	  0	  0	  0	  0	  0	  0	  0	  0	  0	  0	  0	  0	  0	  0	  0	  0	  0	  0	  0	  0	  0	  0	  0	 47	 44	 85	 68	  0	 25	  0	  0	  0	  0	  0	  0	  0	  0	  0	  0	  0	  5	21835	  1
28-10-2015	22:13:05	->	L	00000000	 10	 68	 44	 25	  0	231	  0	  4	  4	  4	  4	  4	  4	  4	  4	  0	  0	  0	  0	  0	  0	  0	  0	  0	  0	  0	  0	  0	  0	  0	  0	  0	  0	  0	  0	  0	  0	  0	  0	 47	 44	 85	 68	  0	 25	  0	  0	  0	  0	  0	  0	  0	  0	  0	  0	  0	  5	21835	  1
28-10-2015	22:18:06	->	L	00000000	 10	 69	 45	 25	  0	236	  0	  4	  4	  4	  4	  4	  4	  4	  4	  0	  0	  0	  0	  0	  0	  0	  0	  0	  0	  0	  0	  0	  0	  0	  0	  0	  0	  0	  0	  0	  0	  0	  0	 48	 45	 85	 69	  0	 25	  0	  0	  0	  0	  0	  0	  0	  0	  0	  0	  0	  5	21835	  1
28-10-2015	22:23:06	->	L	00000000	 10	 69	 45	 25	  0	241	  0	  4	  4	  4	  4	  4	  4	  4	  4	  0	  0	  0	  0	  0	  0	  0	  0	  0	  0	  0	  0	  0	  0	  0	  0	  0	  0	  0	  0	  0	  0	  0	  0	 48	 45	 85	 69	  0	 25	  0	  0	  0	  0	  0	  0	  0	  0	  0	  0	  0	  5	21835	  1
28-10-2015	22:28:06	<-	L	00000000	 10	 68	 52	 45	  0	246	  0	  4	  4	  4	  4	  4	  4	  4	  4	  0	  0	  0	  0	  0	  0	  0	  0	  0	  0	  0	  0	  0	  0	  0	  0	  0	  0	  0	  0	  0	  0	  0	  0	 68	 52	 42	 63	  0	 55	  0	  0	  0	  0	  0	  0	  0	  0	  0	  0	  0	  5	21835	  1
28-10-2015	22:33:06	<-	L	00000000	 10	 77	 53	 28	  0	251	  0	  4	  4	  4	  4	  4	  4	  4	  4	  0	  0	  0	  0	  0	  0	  0	  0	  0	  0	  0	  0	  0	  0	  0	  0	  0	  0	  0	  0	  0	  0	  0	  0	 77	 53	 29	 64	  0	 55	  0	  0	  0	  0	  0	  0	  0	  0	  0	  0	  0	  5	21835	  1
28-10-2015	22:38:06	<-	L	00000000	 10	 77	 54	 29	  0	256	  0	  4	  4	  4	  4	  4	  4	  4	  4	  0	  0	  0	  0	  0	  0	  0	  0	  0	  0	  0	  0	  0	  0	  0	  0	  0	  0	  0	  0	  0	  0	  0	  0	 77	 54	 29	 65	  0	 56	  0	  0	  0	  0	  0	  0	  0	  0	  0	  0	  0	  5	21835	  1
28-10-2015	22:43:06	<-	L	00000000	 10	 78	 55	 29	  0	261	  0	  4	  4	  4	  4	  4	  4	  4	  4	  0	  0	  0	  0	  0	  0	  0	  0	  0	  0	  0	  0	  0	  0	  0	  0	  0	  0	  0	  0	  0	  0	  0	  0	 78	 55	 29	 65	  0	 62	  0	  0	  0	  0	  0	  0	  0	  0	  0	  0	  0	  5	21835	  1
28-10-2015	22:48:06	<-	L	00000000	 10	 78	 55	 29	  0	266	  0	  4	  4	  4	  4	  4	  4	  4	  4	  0	  0	  0	  0	  0	  0	  0	  0	  0	  0	  0	  0	  0	  0	  0	  0	  0	  0	  0	  0	  0	  0	  0	  0	 78	 55	 29	 65	  0	 59	  0	  0	  0	  0	  0	  0	  0	  0	  0	  0	  0	  5	21835	  1
28-10-2015	22:53:06	<-	L	00000000	 10	 79	 56	 30	  0	271	  0	  4	  4	  4	  4	  4	  4	  4	  4	  0	  0	  0	  0	  0	  0	  0	  0	  0	  0	  0	  0	  0	  0	  0	  0	  0	  0	  0	  0	  0	  0	  0	  0	 79	 56	 30	 65	  0	 63	  0	  0	  0	  0	  0	  0	  0	  0	  0	  0	  0	  5	21835	  1
28-10-2015	22:58:06	<-	L	00000000	 10	 80	 56	 30	  0	276	  0	  4	  4	  4	  4	  4	  4	  4	  4	  0	  0	  0	  0	  0	  0	  0	  0	  0	  0	  0	  0	  0	  0	  0	  0	  0	  0	  0	  0	  0	  0	  0	  0	 80	 56	 30	 66	  0	 59	  0	  0	  0	  0	  0	  0	  0	  0	  0	  0	  0	  5	21835	  1
28-10-2015	23:03:06	<-	L	00000000	 10	 80	 56	 30	  0	281	  0	  4	  4	  4	  4	  4	  4	  4	  4	  0	  0	  0	  0	  0	  0	  0	  0	  0	  0	  0	  0	  0	  0	  0	  0	  0	  0	  0	  0	  0	  0	  0	  0	 80	 56	 30	 66	  0	 59	  0	  0	  0	  0	  0	  0	  0	  0	  0	  0	  0	  5	21835	  1
28-10-2015	23:08:06	<-	L	00000000	 10	 81	 57	 31	  0	286	  0	  4	  4	  4	  4	  4	  4	  4	  4	  0	  0	  0	  0	  0	  0	  0	  0	  0	  0	  0	  0	  0	  0	  0	  0	  0	  0	  0	  0	  0	  0	  0	  0	 81	 57	 31	 67	  0	 60	  0	  0	  0	  0	  0	  0	  0	  0	  0	  0	  0	  5	21835	  1
28-10-2015	23:13:06	<-	L	00000000	 10	 81	 57	 31	  0	291	  0	  4	  4	  4	  4	  4	  4	  4	  4	  0	  0	  0	  0	  0	  0	  0	  0	  0	  0	  0	  0	  0	  0	  0	  0	  0	  0	  0	  0	  0	  0	  0	  0	 81	 57	 31	 67	  0	 60	  0	  0	  0	  0	  0	  0	  0	  0	  0	  0	  0	  5	21835	  1
28-10-2015	23:18:07	<-	L	00000000	 10	 82	 58	 31	  0	296	  0	  4	  4	  4	  4	  4	  4	  4	  4	  0	  0	  0	  0	  0	  0	  0	  0	  0	  0	  0	  0	  0	  0	  0	  0	  0	  0	  0	  0	  0	  0	  0	  0	 82	 58	 31	 68	  0	 60	  0	  0	  0	  0	  0	  0	  0	  0	  0	  0	  0	  5	21835	  1
28-10-2015	23:23:07	<-	L	00000000	 21	 82	 58	 31	  0	  0	  0	  4	  4	  4	  4	  4	  4	  4	  4	  0	  0	  0	  0	  0	  0	  0	  0	  0	  0	  0	  0	  0	  0	  0	  0	  0	  0	  0	  0	  0	  0	  0	  0	 82	 58	 31	 68	  0	 60	  0	  0	  0	  0	  0	  0	  0	  0	  0	  0	  0	  5	21822	  0
28-10-2015	23:28:07	<-	L	00000000	 21	 83	 59	 31	  0	  5	  0	  4	  4	  4	  4	  4	  4	  4	  4	  0	  0	  0	  0	  0	  0	  0	  0	  0	  0	  0	  0	  0	  0	  0	  0	  0	  0	  0	  0	  0	  0	  0	  0	 83	 59	 31	 69	  0	 60	  0	  0	  0	  0	  0	  0	  0	  0	  0	  0	  0	  5	21822	  0
28-10-2015	23:33:07	<-	L	00000000	 21	 84	 59	 31	  0	 10	  0	  4	  4	  4	  4	  4	  4	  4	  4	  0	  0	  0	  0	  0	  0	  0	  0	  0	  0	  0	  0	  0	  0	  0	  0	  0	  0	  0	  0	  0	  0	  0	  0	 84	 59	 31	 69	  0	 60	  0	  0	  0	  0	  0	  0	  0	  0	  0	  0	  0	  5	21822	  0
28-10-2015	23:38:07	<-	L	00000000	 21	 85	 59	 30	  0	 15	  0	  4	  4	  4	  4	  4	  4	  4	  4	  0	  0	  0	  0	  0	  0	  0	  0	  0	  0	  0	  0	  0	  0	  0	  0	  0	  0	  0	  0	  0	  0	  0	  0	 85	 59	 30	 70	  0	 57	  0	  0	  0	  0	  0	  0	  0	  0	  0	  0	  0	  5	21822	  0
28-10-2015	23:43:07	<-	L	00000000	 21	 85	 60	 30	  0	 20	  0	  4	  4	  4	  4	  4	  4	  4	  4	  0	  0	  0	  0	  0	  0	  0	  0	  0	  0	  0	  0	  0	  0	  0	  0	  0	  0	  0	  0	  0	  0	  0	  0	 85	 60	 30	 70	  0	 60	  0	  0	  0	  0	  0	  0	  0	  0	  0	  0	  0	  5	21822	  0
28-10-2015	23:48:07	<-	L	00000000	 21	 85	 60	 30	  0	 25	  0	  4	  4	  4	  4	  4	  4	  4	  4	  0	  0	  0	  0	  0	  0	  0	  0	  0	  0	  0	  0	  0	  0	  0	  0	  0	  0	  0	  0	  0	  0	  0	  0	 85	 60	 30	 70	  0	 60	  0	  0	  0	  0	  0	  0	  0	  0	  0	  0	  0	  5	21822	  0
28-10-2015	23:53:07	<-	L	00000000	 21	 85	 60	 30	  0	 30	  0	  4	  4	  4	  4	  4	  4	  4	  4	  0	  0	  0	  0	  0	  0	  0	  0	  0	  0	  0	  0	  0	  0	  0	  0	  0	  0	  0	  0	  0	  0	  0	  0	 85	 60	 30	 70	  0	 60	  0	  0	  0	  0	  0	  0	  0	  0	  0	  0	  0	  5	21822	  0
28-10-2015	23:58:08	<-	L	00000000	 21	 85	 60	 30	  0	 35	  0	  4	  4	  4	  4	  4	  4	  4	  4	  0	  0	  0	  0	  0	  0	  0	  0	  0	  0	  0	  0	  0	  0	  0	  0	  0	  0	  0	  0	  0	  0	  0	  0	 85	 60	 30	 70	  0	 60	  0	  0	  0	  0	  0	  0	  0	  0	  0	  0	  0	  5	21822	  0
29-10-2015	00:03:07	<-	L	00000000	 21	 85	 61	 32	  0	 40	  0	  4	  4	  4	  4	  4	  4	  4	  4	  0	  0	  0	  0	  0	  0	  0	  0	  0	  0	  0	  0	  0	  0	  0	  0	  0	  0	  0	  0	  0	  0	  0	  0	 85	 61	 32	 70	  0	 64	  0	  0	  0	  0	  0	  0	  0	  0	  0	  0	  0	  5	21822	  0
29-10-2015	00:08:07	<-	L	00000000	 21	 85	 61	 32	  0	 45	  0	  4	  4	  4	  4	  4	  4	  4	  4	  0	  0	  0	  0	  0	  0	  0	  0	  0	  0	  0	  0	  0	  0	  0	  0	  0	  0	  0	  0	  0	  0	  0	  0	 85	 61	 32	 70	  0	 64	  0	  0	  0	  0	  0	  0	  0	  0	  0	  0	  0	  5	21822	  0
29-10-2015	00:13:07	<-	L	00000000	 21	 85	 61	 32	  0	 50	  0	  4	  4	  4	  4	  4	  4	  4	  4	  0	  0	  0	  0	  0	  0	  0	  0	  0	  0	  0	  0	  0	  0	  0	  0	  0	  0	  0	  0	  0	  0	  0	  0	 85	 61	 32	 70	  0	 64	  0	  0	  0	  0	  0	  0	  0	  0	  0	  0	  0	  5	21822	  0
29-10-2015	00:18:07	<-	L	00000000	 21	 85	 61	 33	  0	 55	  0	  4	  4	  4	  4	  4	  4	  4	  4	  0	  0	  0	  0	  0	  0	  0	  0	  0	  0	  0	  0	  0	  0	  0	  0	  0	  0	  0	  0	  0	  0	  0	  0	 85	 61	 32	 70	  0	 64	  0	  0	  0	  0	  0	  0	  0	  0	  0	  0	  0	  5	21822	  0
29-10-2015	00:23:07	<-	L	00000000	 21	 85	 62	 33	  0	 60	  0	  4	  4	  4	  4	  4	  4	  4	  4	  0	  0	  0	  0	  0	  0	  0	  0	  0	  0	  0	  0	  0	  0	  0	  0	  0	  0	  0	  0	  0	  0	  0	  0	 85	 62	 33	 70	  0	 67	  0	  0	  0	  0	  0	  0	  0	  0	  0	  0	  0	  5	21822	  0
29-10-2015	00:28:07	<-	L	00000000	 21	 86	 62	 33	  0	 65	  0	  4	  4	  4	  4	  4	  4	  4	  4	  0	  0	  0	  0	  0	  0	  0	  0	  0	  0	  0	  0	  0	  0	  0	  0	  0	  0	  0	  0	  0	  0	  0	  0	 86	 62	 33	 70	  0	 67	  0	  0	  0	  0	  0	  0	  0	  0	  0	  0	  0	  5	21822	  0
29-10-2015	00:33:08	<-	L	00000000	 21	 86	 62	 33	  0	 70	  0	  4	  4	  4	  4	  4	  4	  4	  4	  0	  0	  0	  0	  0	  0	  0	  0	  0	  0	  0	  0	  0	  0	  0	  0	  0	  0	  0	  0	  0	  0	  0	  0	 86	 62	 33	 71	  0	 64	  0	  0	  0	  0	  0	  0	  0	  0	  0	  0	  0	  5	21822	  0
29-10-2015	00:38:08	<-	L	00000000	 21	 83	 62	 35	  0	 75	  0	  4	  4	  4	  4	  4	  4	  4	  4	  0	  0	  0	  0	  0	  0	  0	  0	  0	  0	  0	  0	  0	  0	  0	  0	  0	  0	  0	  0	  0	  0	  0	  0	 83	 62	 35	 69	  0	 71	  0	  0	  0	  0	  0	  0	  0	  0	  0	  0	  0	  5	21822	  0
29-10-2015	00:43:08	<-	L	00000000	 21	 83	 62	 38	  0	 80	  0	  4	  4	  4	  4	  4	  4	  4	  4	  0	  0	  0	  0	  0	  0	  0	  0	  0	  0	  0	  0	  0	  0	  0	  0	  0	  0	  0	  0	  0	  0	  0	  0	 83	 62	 36	 70	  0	 67	  0	  0	  0	  0	  0	  0	  0	  0	  0	  0	  0	  5	21822	  0
29-10-2015	00:48:08	<-	L	00000000	 21	 83	 63	 36	  0	 85	  0	  4	  4	  4	  4	  4	  4	  4	  4	  0	  0	  0	  0	  0	  0	  0	  0	  0	  0	  0	  0	  0	  0	  0	  0	  0	  0	  0	  0	  0	  0	  0	  0	 83	 63	 39	 70	  0	 71	  0	  0	  0	  0	  0	  0	  0	  0	  0	  0	  0	  5	21822	  0
29-10-2015	00:53:09	<-	L	00000000	 21	 84	 62	 36	  0	 90	  0	  4	  4	  4	  4	  4	  4	  4	  4	  0	  0	  0	  0	  0	  0	  0	  0	  0	  0	  0	  0	  0	  0	  0	  0	  0	  0	  0	  0	  0	  0	  0	  0	 84	 62	 35	 70	  0	 67	  0	  0	  0	  0	  0	  0	  0	  0	  0	  0	  0	  5	21822	  0
29-10-2015	00:58:08	<-	L	00000000	 21	 85	 62	 33	  0	 95	  0	  4	  4	  4	  4	  4	  4	  4	  4	  0	  0	  0	  0	  0	  0	  0	  0	  0	  0	  0	  0	  0	  0	  0	  0	  0	  0	  0	  0	  0	  0	  0	  0	 85	 62	 33	 70	  0	 67	  0	  0	  0	  0	  0	  0	  0	  0	  0	  0	  0	  5	21822	  0
29-10-2015	01:03:08	<-	L	00000000	 21	 86	 62	 33	  0	100	  0	  4	  4	  4	  4	  4	  4	  4	  4	  0	  0	  0	  0	  0	  0	  0	  0	  0	  0	  0	  0	  0	  0	  0	  0	  0	  0	  0	  0	  0	  0	  0	  0	 86	 62	 33	 70	  0	 67	  0	  0	  0	  0	  0	  0	  0	  0	  0	  0	  0	  5	21822	  0
29-10-2015	01:08:08	<-	L	00000000	 21	 86	 63	 33	  0	105	  0	  4	  4	  4	  4	  4	  4	  4	  4	  0	  0	  0	  0	  0	  0	  0	  0	  0	  0	  0	  0	  0	  0	  0	  0	  0	  0	  0	  0	  0	  0	  0	  0	 86	 63	 33	 70	  0	 71	  0	  0	  0	  0	  0	  0	  0	  0	  0	  0	  0	  5	21822	  0
29-10-2015	01:13:08	<-	L	00000000	 21	 82	 61	 35	  0	110	  0	  4	  4	  4	  4	  4	  4	  4	  4	  0	  0	  0	  0	  0	  0	  0	  0	  0	  0	  0	  0	  0	  0	  0	  0	  0	  0	  0	  0	  0	  0	  0	  0	 82	 61	 35	 69	  0	 67	  0	  0	  0	  0	  0	  0	  0	  0	  0	  0	  0	  5	21822	  0
29-10-2015	01:18:08	<-	L	00000000	 21	 84	 62	 36	  0	115	  0	  4	  4	  4	  4	  4	  4	  4	  4	  0	  0	  0	  0	  0	  0	  0	  0	  0	  0	  0	  0	  0	  0	  0	  0	  0	  0	  0	  0	  0	  0	  0	  0	 84	 62	 35	 70	  0	 67	  0	  0	  0	  0	  0	  0	  0	  0	  0	  0	  0	  5	21822	  0
29-10-2015	01:23:08	<-	L	00000000	 21	 86	 62	 33	  0	120	  0	  4	  4	  4	  4	  4	  4	  4	  4	  0	  0	  0	  0	  0	  0	  0	  0	  0	  0	  0	  0	  0	  0	  0	  0	  0	  0	  0	  0	  0	  0	  0	  0	 86	 62	 33	 70	  0	 67	  0	  0	  0	  0	  0	  0	  0	  0	  0	  0	  0	  5	21822	  0
29-10-2015	01:28:08	<-	L	00000000	 21	 81	 62	 40	  0	125	  0	  4	  4	  4	  4	  4	  4	  4	  4	  0	  0	  0	  0	  0	  0	  0	  0	  0	  0	  0	  0	  0	  0	  0	  0	  0	  0	  0	  0	  0	  0	  0	  0	 81	 62	 40	 68	  0	 74	  0	  0	  0	  0	  0	  0	  0	  0	  0	  0	  0	  5	21822	  0
29-10-2015	01:33:08	<-	L	00000000	 21	 80	 63	 47	  0	130	  0	  4	  4	  4	  4	  4	  4	  4	  4	  0	  0	  0	  0	  0	  0	  0	  0	  0	  0	  0	  0	  0	  0	  0	  0	  0	  0	  0	  0	  0	  0	  0	  0	 80	 63	 44	 69	  0	 74	  0	  0	  0	  0	  0	  0	  0	  0	  0	  0	  0	  5	21822	  0
29-10-2015	01:38:08	<-	L	00000000	 21	 85	 62	 33	  0	135	  0	  4	  4	  4	  4	  4	  4	  4	  4	  0	  0	  0	  0	  0	  0	  0	  0	  0	  0	  0	  0	  0	  0	  0	  0	  0	  0	  0	  0	  0	  0	  0	  0	 85	 62	 33	 69	  0	 71	  0	  0	  0	  0	  0	  0	  0	  0	  0	  0	  0	  5	21822	  0
29-10-2015	01:43:09	<-	L	00000000	 21	 86	 63	 33	  0	140	  0	  4	  4	  4	  4	  4	  4	  4	  4	  0	  0	  0	  0	  0	  0	  0	  0	  0	  0	  0	  0	  0	  0	  0	  0	  0	  0	  0	  0	  0	  0	  0	  0	 86	 63	 33	 70	  0	 71	  0	  0	  0	  0	  0	  0	  0	  0	  0	  0	  0	  5	21822	  0
29-10-2015	01:48:09	<-	L	00000000	 21	 81	 62	 35	  0	145	  0	  4	  4	  4	  4	  4	  4	  4	  4	  0	  0	  0	  0	  0	  0	  0	  0	  0	  0	  0	  0	  0	  0	  0	  0	  0	  0	  0	  0	  0	  0	  0	  0	 81	 62	 40	 69	  0	 71	  0	  0	  0	  0	  0	  0	  0	  0	  0	  0	  0	  5	21822	  0
29-10-2015	01:53:09	<-	L	00000000	 21	 85	 62	 33	  0	150	  0	  4	  4	  4	  4	  4	  4	  4	  4	  0	  0	  0	  0	  0	  0	  0	  0	  0	  0	  0	  0	  0	  0	  0	  0	  0	  0	  0	  0	  0	  0	  0	  0	 85	 62	 33	 70	  0	 67	  0	  0	  0	  0	  0	  0	  0	  0	  0	  0	  0	  5	21822	  0
29-10-2015	01:58:10	<-	L	00000000	 21	 87	 62	 31	  0	155	  0	  4	  4	  4	  4	  4	  4	  4	  4	  0	  0	  0	  0	  0	  0	  0	  0	  0	  0	  0	  0	  0	  0	  0	  0	  0	  0	  0	  0	  0	  0	  0	  0	 87	 62	 31	 70	  0	 67	  0	  0	  0	  0	  0	  0	  0	  0	  0	  0	  0	  5	21822	  0
29-10-2015	02:03:09	<-	L	00000000	 21	 83	 63	 40	  0	160	  0	  4	  4	  4	  4	  4	  4	  4	  4	  0	  0	  0	  0	  0	  0	  0	  0	  0	  0	  0	  0	  0	  0	  0	  0	  0	  0	  0	  0	  0	  0	  0	  0	 83	 63	 39	 70	  0	 71	  0	  0	  0	  0	  0	  0	  0	  0	  0	  0	  0	  5	21822	  0
29-10-2015	02:08:09	<-	L	00000000	 21	 87	 62	 31	  0	165	  0	  4	  4	  4	  4	  4	  4	  4	  4	  0	  0	  0	  0	  0	  0	  0	  0	  0	  0	  0	  0	  0	  0	  0	  0	  0	  0	  0	  0	  0	  0	  0	  0	 87	 62	 31	 70	  0	 67	  0	  0	  0	  0	  0	  0	  0	  0	  0	  0	  0	  5	21822	  0
29-10-2015	02:13:09	<-	L	00000000	 21	 80	 62	 38	  0	170	  0	  4	  4	  4	  4	  4	  4	  4	  4	  0	  0	  0	  0	  0	  0	  0	  0	  0	  0	  0	  0	  0	  0	  0	  0	  0	  0	  0	  0	  0	  0	  0	  0	 80	 62	 42	 70	  0	 67	  0	  0	  0	  0	  0	  0	  0	  0	  0	  0	  0	  5	21822	  0
29-10-2015	02:18:09	<-	L	00000000	 21	 86	 62	 33	  0	175	  0	  4	  4	  4	  4	  4	  4	  4	  4	  0	  0	  0	  0	  0	  0	  0	  0	  0	  0	  0	  0	  0	  0	  0	  0	  0	  0	  0	  0	  0	  0	  0	  0	 86	 62	 33	 71	  0	 64	  0	  0	  0	  0	  0	  0	  0	  0	  0	  0	  0	  5	21822	  0
29-10-2015	02:23:09	<-	L	00000000	 21	 85	 62	 33	  0	180	  0	  4	  4	  4	  4	  4	  4	  4	  4	  0	  0	  0	  0	  0	  0	  0	  0	  0	  0	  0	  0	  0	  0	  0	  0	  0	  0	  0	  0	  0	  0	  0	  0	 85	 62	 33	 71	  0	 64	  0	  0	  0	  0	  0	  0	  0	  0	  0	  0	  0	  5	21822	  0
29-10-2015	02:28:09	->	L	00000000	 21	 77	 60	 42	  0	185	  0	  4	  4	  4	  4	  4	  4	  4	  4	  0	  0	  0	  0	  0	  0	  0	  0	  0	  0	  0	  0	  0	  0	  0	  0	  0	  0	  0	  0	  0	  0	  0	  0	 77	 60	 43	 76	  0	 45	  0	  0	  0	  0	  0	  0	  0	  0	  0	  0	  0	  5	21822	  0
29-10-2015	02:33:10	->	L	00000000	 21	 85	 57	 27	  0	190	  0	  4	  4	  4	  4	  4	  4	  4	  4	  0	  0	  0	  0	  0	  0	  0	  0	  0	  0	  0	  0	  0	  0	  0	  0	  0	  0	  0	  0	  0	  0	  0	  0	 63	 57	 73	 85	  0	 27	  0	  0	  0	  0	  0	  0	  0	  0	  0	  0	  0	  5	21822	  0
29-10-2015	02:38:09	->	L	00000000	 21	 84	 57	 27	  0	195	  0	  4	  4	  4	  4	  4	  4	  4	  4	  0	  0	  0	  0	  0	  0	  0	  0	  0	  0	  0	  0	  0	  0	  0	  0	  0	  0	  0	  0	  0	  0	  0	  0	 61	 57	 81	 84	  0	 27	  0	  0	  0	  0	  0	  0	  0	  0	  0	  0	  0	  5	21822	  0
29-10-2015	02:43:09	->	L	00000000	 21	 85	 57	 27	  0	200	  0	  4	  4	  4	  4	  4	  4	  4	  4	  0	  0	  0	  0	  0	  0	  0	  0	  0	  0	  0	  0	  0	  0	  0	  0	  0	  0	  0	  0	  0	  0	  0	  0	 61	 57	 81	 85	  0	 27	  0	  0	  0	  0	  0	  0	  0	  0	  0	  0	  0	  5	21822	  0
29-10-2015	02:48:09	->	L	00000000	 21	 84	 57	 27	  0	205	  0	  4	  4	  4	  4	  4	  4	  4	  4	  0	  0	  0	  0	  0	  0	  0	  0	  0	  0	  0	  0	  0	  0	  0	  0	  0	  0	  0	  0	  0	  0	  0	  0	 61	 57	 81	 84	  0	 27	  0	  0	  0	  0	  0	  0	  0	  0	  0	  0	  0	  5	21822	  0
29-10-2015	02:53:10	->	L	00000000	 21	 84	 57	 27	  0	210	  0	  4	  4	  4	  4	  4	  4	  4	  4	  0	  0	  0	  0	  0	  0	  0	  0	  0	  0	  0	  0	  0	  0	  0	  0	  0	  0	  0	  0	  0	  0	  0	  0	 60	 57	 86	 84	  0	 27	  0	  0	  0	  0	  0	  0	  0	  0	  0	  0	  0	  5	21822	  0
29-10-2015	02:58:10	->	L	00000000	 21	 82	 58	 31	  0	215	  0	  4	  4	  4	  4	  4	  4	  4	  4	  0	  0	  0	  0	  0	  0	  0	  0	  0	  0	  0	  0	  0	  0	  0	  0	  0	  0	  0	  0	  0	  0	  0	  0	 61	 58	 86	 82	  0	 31	  0	  0	  0	  0	  0	  0	  0	  0	  0	  0	  0	  5	21822	  0
29-10-2015	03:03:10	->	L	00000000	 21	 85	 58	 27	  0	220	  0	  4	  4	  4	  4	  4	  4	  4	  4	  0	  0	  0	  0	  0	  0	  0	  0	  0	  0	  0	  0	  0	  0	  0	  0	  0	  0	  0	  0	  0	  0	  0	  0	 61	 58	 86	 85	  0	 28	  0	  0	  0	  0	  0	  0	  0	  0	  0	  0	  0	  5	21822	  0
29-10-2015	03:08:10	->	L	00000000	 21	 85	 58	 27	  0	225	  0	  4	  4	  4	  4	  4	  4	  4	  4	  0	  0	  0	  0	  0	  0	  0	  0	  0	  0	  0	  0	  0	  0	  0	  0	  0	  0	  0	  0	  0	  0	  0	  0	 61	 58	 86	 85	  0	 28	  0	  0	  0	  0	  0	  0	  0	  0	  0	  0	  0	  5	21822	  0
29-10-2015	03:13:10	->	L	00000000	 21	 85	 58	 27	  0	230	  0	  4	  4	  4	  4	  4	  4	  4	  4	  0	  0	  0	  0	  0	  0	  0	  0	  0	  0	  0	  0	  0	  0	  0	  0	  0	  0	  0	  0	  0	  0	  0	  0	 61	 58	 86	 85	  0	 28	  0	  0	  0	  0	  0	  0	  0	  0	  0	  0	  0	  5	21822	  0
29-10-2015	03:18:10	->	L	00000000	 21	 86	 58	 27	  0	235	  0	  4	  4	  4	  4	  4	  4	  4	  4	  0	  0	  0	  0	  0	  0	  0	  0	  0	  0	  0	  0	  0	  0	  0	  0	  0	  0	  0	  0	  0	  0	  0	  0	 61	 58	 86	 86	  0	 27	  0	  0	  0	  0	  0	  0	  0	  0	  0	  0	  0	  5	21822	  0
29-10-2015	03:23:10	->	L	00000000	 21	 85	 58	 28	  0	240	  0	  4	  4	  4	  4	  4	  4	  4	  4	  0	  0	  0	  0	  0	  0	  0	  0	  0	  0	  0	  0	  0	  0	  0	  0	  0	  0	  0	  0	  0	  0	  0	  0	 61	 58	 86	 85	  0	 28	  0	  0	  0	  0	  0	  0	  0	  0	  0	  0	  0	  5	21822	  0
29-10-2015	03:28:10	->	L	00000000	 21	 86	 59	 28	  0	245	  0	  4	  4	  4	  4	  4	  4	  4	  4	  0	  0	  0	  0	  0	  0	  0	  0	  0	  0	  0	  0	  0	  0	  0	  0	  0	  0	  0	  0	  0	  0	  0	  0	 61	 59	 86	 86	  0	 28	  0	  0	  0	  0	  0	  0	  0	  0	  0	  0	  0	  5	21822	  0
29-10-2015	03:33:10	->	L	00000000	 21	 86	 59	 30	  0	250	  0	  4	  4	  4	  4	  4	  4	  4	  4	  0	  0	  0	  0	  0	  0	  0	  0	  0	  0	  0	  0	  0	  0	  0	  0	  0	  0	  0	  0	  0	  0	  0	  0	 62	 59	 86	 86	  0	 28	  0	  0	  0	  0	  0	  0	  0	  0	  0	  0	  0	  5	21822	  0
29-10-2015	03:38:10	->	L	00000000	 21	 86	 59	 28	  0	255	  0	  4	  4	  4	  4	  4	  4	  4	  4	  0	  0	  0	  0	  0	  0	  0	  0	  0	  0	  0	  0	  0	  0	  0	  0	  0	  0	  0	  0	  0	  0	  0	  0	 62	 59	 86	 86	  0	 28	  0	  0	  0	  0	  0	  0	  0	  0	  0	  0	  0	  5	21822	  0
29-10-2015	03:43:10	->	L	00000000	 21	 82	 59	 31	  0	260	  0	  4	  4	  4	  4	  4	  4	  4	  4	  0	  0	  0	  0	  0	  0	  0	  0	  0	  0	  0	  0	  0	  0	  0	  0	  0	  0	  0	  0	  0	  0	  0	  0	 61	 59	 90	 82	  0	 31	  0	  0	  0	  0	  0	  0	  0	  0	  0	  0	  0	  5	21822	  0
29-10-2015	03:48:11	->	L	00000000	 21	 84	 59	 31	  0	265	  0	  4	  4	  4	  4	  4	  4	  4	  4	  0	  0	  0	  0	  0	  0	  0	  0	  0	  0	  0	  0	  0	  0	  0	  0	  0	  0	  0	  0	  0	  0	  0	  0	 62	 59	 86	 84	  0	 29	  0	  0	  0	  0	  0	  0	  0	  0	  0	  0	  0	  5	21822	  0
29-10-2015	03:53:10	->	L	00000000	 21	 86	 59	 28	  0	270	  0	  4	  4	  4	  4	  4	  4	  4	  4	  0	  0	  0	  0	  0	  0	  0	  0	  0	  0	  0	  0	  0	  0	  0	  0	  0	  0	  0	  0	  0	  0	  0	  0	 62	 59	 86	 86	  0	 28	  0	  0	  0	  0	  0	  0	  0	  0	  0	  0	  0	  5	21822	  0
29-10-2015	03:58:10	->	L	00000000	 21	 82	 59	 31	  0	275	  0	  4	  4	  4	  4	  4	  4	  4	  4	  0	  0	  0	  0	  0	  0	  0	  0	  0	  0	  0	  0	  0	  0	  0	  0	  0	  0	  0	  0	  0	  0	  0	  0	 62	 59	 86	 82	  0	 31	  0	  0	  0	  0	  0	  0	  0	  0	  0	  0	  0	  5	21822	  0
29-10-2015	04:03:10	->	L	00000000	 21	 85	 60	 29	  0	280	  0	  4	  4	  4	  4	  4	  4	  4	  4	  0	  0	  0	  0	  0	  0	  0	  0	  0	  0	  0	  0	  0	  0	  0	  0	  0	  0	  0	  0	  0	  0	  0	  0	 62	 60	 90	 85	  0	 30	  0	  0	  0	  0	  0	  0	  0	  0	  0	  0	  0	  5	21822	  0
29-10-2015	04:08:11	->	L	00000000	 21	 84	 59	 30	  0	285	  0	  4	  4	  4	  4	  4	  4	  4	  4	  0	  0	  0	  0	  0	  0	  0	  0	  0	  0	  0	  0	  0	  0	  0	  0	  0	  0	  0	  0	  0	  0	  0	  0	 62	 59	 86	 84	  0	 29	  0	  0	  0	  0	  0	  0	  0	  0	  0	  0	  0	  5	21819	  0
29-10-2015	04:13:11	->	L	00000000	 21	 85	 59	 30	  0	290	  0	  4	  4	  4	  4	  4	  4	  4	  4	  0	  0	  0	  0	  0	  0	  0	  0	  0	  0	  0	  0	  0	  0	  0	  0	  0	  0	  0	  0	  0	  0	  0	  0	 62	 59	 86	 85	  0	 30	  0	  0	  0	  0	  0	  0	  0	  0	  0	  0	  0	  5	21819	  0
29-10-2015	04:18:11	->	L	00000000	 21	 86	 59	 28	  0	295	  0	  4	  4	  4	  4	  4	  4	  4	  4	  0	  0	  0	  0	  0	  0	  0	  0	  0	  0	  0	  0	  0	  0	  0	  0	  0	  0	  0	  0	  0	  0	  0	  0	 62	 59	 86	 86	  0	 28	  0	  0	  0	  0	  0	  0	  0	  0	  0	  0	  0	  5	21819	  0
29-10-2015	04:23:11	->	L	00000000	 21	 81	 59	 31	  0	300	  0	  4	  4	  4	  4	  4	  4	  4	  4	  0	  0	  0	  0	  0	  0	  0	  0	  0	  0	  0	  0	  0	  0	  0	  0	  0	  0	  0	  0	  0	  0	  0	  0	 62	 59	 86	 81	  0	 34	  0	  0	  0	  0	  0	  0	  0	  0	  0	  0	  0	  5	21819	  0
29-10-2015	04:28:11	->	L	00000000	 21	 84	 59	 29	  0	305	  0	  4	  4	  4	  4	  4	  4	  4	  4	  0	  0	  0	  0	  0	  0	  0	  0	  0	  0	  0	  0	  0	  0	  0	  0	  0	  0	  0	  0	  0	  0	  0	  0	 62	 59	 86	 84	  0	 29	  0	  0	  0	  0	  0	  0	  0	  0	  0	  0	  0	  5	21819	  0
29-10-2015	04:33:11	->	L	00000000	 21	 84	 59	 31	  0	310	  0	  4	  4	  4	  4	  4	  4	  4	  4	  0	  0	  0	  0	  0	  0	  0	  0	  0	  0	  0	  0	  0	  0	  0	  0	  0	  0	  0	  0	  0	  0	  0	  0	 62	 59	 86	 84	  0	 29	  0	  0	  0	  0	  0	  0	  0	  0	  0	  0	  0	  5	21819	  0
29-10-2015	04:38:11	->	L	00000000	 21	 86	 59	 28	  0	315	  0	  4	  4	  4	  4	  4	  4	  4	  4	  0	  0	  0	  0	  0	  0	  0	  0	  0	  0	  0	  0	  0	  0	  0	  0	  0	  0	  0	  0	  0	  0	  0	  0	 62	 59	 86	 86	  0	 28	  0	  0	  0	  0	  0	  0	  0	  0	  0	  0	  0	  5	21819	  0
29-10-2015	04:43:11	->	L	00000000	 21	 83	 59	 31	  0	320	  0	  4	  4	  4	  4	  4	  4	  4	  4	  0	  0	  0	  0	  0	  0	  0	  0	  0	  0	  0	  0	  0	  0	  0	  0	  0	  0	  0	  0	  0	  0	  0	  0	 62	 59	 86	 83	  0	 31	  0	  0	  0	  0	  0	  0	  0	  0	  0	  0	  0	  5	21819	  0
29-10-2015	04:48:11	->	L	00000000	 21	 85	 60	 30	  0	325	  0	  4	  4	  4	  4	  4	  4	  4	  4	  0	  0	  0	  0	  0	  0	  0	  0	  0	  0	  0	  0	  0	  0	  0	  0	  0	  0	  0	  0	  0	  0	  0	  0	 62	 60	 90	 85	  0	 30	  0	  0	  0	  0	  0	  0	  0	  0	  0	  0	  0	  5	21819	  0
29-10-2015	04:53:11	->	L	00000000	 21	 84	 59	 30	  0	330	  0	  4	  4	  4	  4	  4	  4	  4	  4	  0	  0	  0	  0	  0	  0	  0	  0	  0	  0	  0	  0	  0	  0	  0	  0	  0	  0	  0	  0	  0	  0	  0	  0	 62	 59	 86	 84	  0	 29	  0	  0	  0	  0	  0	  0	  0	  0	  0	  0	  0	  5	21819	  0
29-10-2015	04:58:11	->	L	00000000	 21	 80	 59	 31	  0	335	  0	  4	  4	  4	  4	  4	  4	  4	  4	  0	  0	  0	  0	  0	  0	  0	  0	  0	  0	  0	  0	  0	  0	  0	  0	  0	  0	  0	  0	  0	  0	  0	  0	 62	 59	 86	 80	  0	 34	  0	  0	  0	  0	  0	  0	  0	  0	  0	  0	  0	  5	21819	  0
29-10-2015	05:03:11	->	L	00000000	 21	 83	 59	 29	  0	340	  0	  4	  4	  4	  4	  4	  4	  4	  4	  0	  0	  0	  0	  0	  0	  0	  0	  0	  0	  0	  0	  0	  0	  0	  0	  0	  0	  0	  0	  0	  0	  0	  0	 62	 59	 86	 83	  0	 31	  0	  0	  0	  0	  0	  0	  0	  0	  0	  0	  0	  5	21819	  0
29-10-2015	05:08:11	->	L	00000000	 21	 85	 59	 30	  0	345	  0	  4	  4	  4	  4	  4	  4	  4	  4	  0	  0	  0	  0	  0	  0	  0	  0	  0	  0	  0	  0	  0	  0	  0	  0	  0	  0	  0	  0	  0	  0	  0	  0	 62	 59	 86	 85	  0	 30	  0	  0	  0	  0	  0	  0	  0	  0	  0	  0	  0	  5	21819	  0
29-10-2015	05:13:11	->	L	00000000	 21	 86	 59	 28	  0	350	  0	  4	  4	  4	  4	  4	  4	  4	  4	  0	  0	  0	  0	  0	  0	  0	  0	  0	  0	  0	  0	  0	  0	  0	  0	  0	  0	  0	  0	  0	  0	  0	  0	 62	 59	 86	 86	  0	 28	  0	  0	  0	  0	  0	  0	  0	  0	  0	  0	  0	  5	21819	  0
29-10-2015	05:18:12	->	L	00000000	 21	 85	 60	 30	  0	355	  0	  4	  4	  4	  4	  4	  4	  4	  4	  0	  0	  0	  0	  0	  0	  0	  0	  0	  0	  0	  0	  0	  0	  0	  0	  0	  0	  0	  0	  0	  0	  0	  0	 62	 60	 90	 85	  0	 30	  0	  0	  0	  0	  0	  0	  0	  0	  0	  0	  0	  5	21819	  0
29-10-2015	05:23:12	->	L	00000000	 21	 84	 59	 30	  0	360	  0	  4	  4	  4	  4	  4	  4	  4	  4	  0	  0	  0	  0	  0	  0	  0	  0	  0	  0	  0	  0	  0	  0	  0	  0	  0	  0	  0	  0	  0	  0	  0	  0	 62	 59	 86	 84	  0	 29	  0	  0	  0	  0	  0	  0	  0	  0	  0	  0	  0	  5	21819	  0
29-10-2015	05:28:12	->	L	00000000	 22	 84	 59	 29	  0	  4	  0	  4	  4	  4	  4	  4	  4	  4	  4	  0	  0	  0	  0	  0	  0	  0	  0	  0	  0	  0	  0	  0	  0	  0	  0	  0	  0	  0	  0	  0	  0	  0	  0	 61	 59	 90	 84	  0	 29	  0	  0	  0	  0	  0	  0	  0	  0	  0	  0	  0	  5	21818	  0
29-10-2015	05:33:12	->	L	00000000	 22	 83	 58	 29	  0	  9	  0	  4	  4	  4	  4	  4	  4	  4	  4	  0	  0	  0	  0	  0	  0	  0	  0	  0	  0	  0	  0	  0	  0	  0	  0	  0	  0	  0	  0	  0	  0	  0	  0	 61	 58	 86	 83	  0	 29	  0	  0	  0	  0	  0	  0	  0	  0	  0	  0	  0	  5	21818	  0
29-10-2015	05:38:12	->	L	00000000	 22	 83	 59	 31	  0	 14	  0	  4	  4	  4	  4	  4	  4	  4	  4	  0	  0	  0	  0	  0	  0	  0	  0	  0	  0	  0	  0	  0	  0	  0	  0	  0	  0	  0	  0	  0	  0	  0	  0	 61	 59	 90	 83	  0	 31	  0	  0	  0	  0	  0	  0	  0	  0	  0	  0	  0	  5	21818	  0
29-10-2015	05:43:12	->	L	00000000	 22	 83	 59	 29	  0	 19	  0	  4	  4	  4	  4	  4	  4	  4	  4	  0	  0	  0	  0	  0	  0	  0	  0	  0	  0	  0	  0	  0	  0	  0	  0	  0	  0	  0	  0	  0	  0	  0	  0	 61	 59	 90	 83	  0	 31	  0	  0	  0	  0	  0	  0	  0	  0	  0	  0	  0	  5	21818	  0
29-10-2015	05:48:12	->	L	00000000	 22	 83	 58	 29	  0	 24	  0	  4	  4	  4	  4	  4	  4	  4	  4	  0	  0	  0	  0	  0	  0	  0	  0	  0	  0	  0	  0	  0	  0	  0	  0	  0	  0	  0	  0	  0	  0	  0	  0	 61	 58	 86	 83	  0	 29	  0	  0	  0	  0	  0	  0	  0	  0	  0	  0	  0	  5	21818	  0
29-10-2015	05:53:12	->	L	00000000	 22	 83	 58	 31	  0	 29	  0	  4	  4	  4	  4	  4	  4	  4	  4	  0	  0	  0	  0	  0	  0	  0	  0	  0	  0	  0	  0	  0	  0	  0	  0	  0	  0	  0	  0	  0	  0	  0	  0	 60	 58	 90	 83	  0	 29	  0	  0	  0	  0	  0	  0	  0	  0	  0	  0	  0	  5	21818	  0
29-10-2015	05:58:12	->	L	00000000	 22	 83	 57	 29	  0	 34	  0	  4	  4	  4	  4	  4	  4	  4	  4	  0	  0	  0	  0	  0	  0	  0	  0	  0	  0	  0	  0	  0	  0	  0	  0	  0	  0	  0	  0	  0	  0	  0	  0	 60	 57	 86	 83	  0	 29	  0	  0	  0	  0	  0	  0	  0	  0	  0	  0	  0	  5	21818	  0
29-10-2015	06:03:12	->	L	00000000	 22	 83	 58	 29	  0	 39	  0	  4	  4	  4	  4	  4	  4	  4	  4	  0	  0	  0	  0	  0	  0	  0	  0	  0	  0	  0	  0	  0	  0	  0	  0	  0	  0	  0	  0	  0	  0	  0	  0	 61	 58	 86	 83	  0	 29	  0	  0	  0	  0	  0	  0	  0	  0	  0	  0	  0	  5	21818	  0
29-10-2015	06:08:12	->	L	00000000	 22	 84	 58	 29	  0	 44	  0	  4	  4	  4	  4	  4	  4	  4	  4	  0	  0	  0	  0	  0	  0	  0	  0	  0	  0	  0	  0	  0	  0	  0	  0	  0	  0	  0	  0	  0	  0	  0	  0	 61	 58	 86	 84	  0	 29	  0	  0	  0	  0	  0	  0	  0	  0	  0	  0	  0	  5	21818	  0
29-10-2015	06:13:12	->	L	00000000	 22	 84	 58	 29	  0	 49	  0	  4	  4	  4	  4	  4	  4	  4	  4	  0	  0	  0	  0	  0	  0	  0	  0	  0	  0	  0	  0	  0	  0	  0	  0	  0	  0	  0	  0	  0	  0	  0	  0	 61	 58	 86	 84	  0	 29	  0	  0	  0	  0	  0	  0	  0	  0	  0	  0	  0	  5	21818	  0
29-10-2015	06:18:12	->	L	00000000	 22	 83	 58	 29	  0	 54	  0	  4	  4	  4	  4	  4	  4	  4	  4	  0	  0	  0	  0	  0	  0	  0	  0	  0	  0	  0	  0	  0	  0	  0	  0	  0	  0	  0	  0	  0	  0	  0	  0	 60	 58	 90	 83	  0	 29	  0	  0	  0	  0	  0	  0	  0	  0	  0	  0	  0	  5	21818	  0
29-10-2015	06:23:13	->	L	00000000	 22	 83	 58	 29	  0	 59	  0	  4	  4	  4	  4	  4	  4	  4	  4	  0	  0	  0	  0	  0	  0	  0	  0	  0	  0	  0	  0	  0	  0	  0	  0	  0	  0	  0	  0	  0	  0	  0	  0	 61	 58	 86	 83	  0	 29	  0	  0	  0	  0	  0	  0	  0	  0	  0	  0	  0	  5	21818	  0
29-10-2015	06:28:12	<-	L	00000000	 22	 82	 65	 43	  0	 64	  0	  4	  4	  4	  4	  4	  4	  4	  4	  0	  0	  0	  0	  0	  0	  0	  0	  0	  0	  0	  0	  0	  0	  0	  0	  0	  0	  0	  0	  0	  0	  0	  0	 68	 65	 87	 82	  0	 45	  0	  0	  0	  0	  0	  0	  0	  0	  0	  0	  0	  5	21818	  0
29-10-2015	06:33:13	<-	L	00000000	 22	 82	 62	 40	  0	 69	  0	  4	  4	  4	  4	  4	  4	  4	  4	  0	  0	  0	  0	  0	  0	  0	  0	  0	  0	  0	  0	  0	  0	  0	  0	  0	  0	  0	  0	  0	  0	  0	  0	 82	 62	 38	 67	  0	 79	  0	  0	  0	  0	  0	  0	  0	  0	  0	  0	  0	  5	21818	  0
29-10-2015	06:38:13	<-	L	00000000	 22	 82	 61	 35	  0	 74	  0	  4	  4	  4	  4	  4	  4	  4	  4	  0	  0	  0	  0	  0	  0	  0	  0	  0	  0	  0	  0	  0	  0	  0	  0	  0	  0	  0	  0	  0	  0	  0	  0	 82	 61	 35	 64	  0	 87	  0	  0	  0	  0	  0	  0	  0	  0	  0	  0	  0	  5	21818	  0
29-10-2015	06:43:13	<-	L	00000000	 22	 83	 60	 34	  0	 79	  0	  4	  4	  4	  4	  4	  4	  4	  4	  0	  0	  0	  0	  0	  0	  0	  0	  0	  0	  0	  0	  0	  0	  0	  0	  0	  0	  0	  0	  0	  0	  0	  0	 83	 60	 32	 63	  0	 86	  0	  0	  0	  0	  0	  0	  0	  0	  0	  0	  0	  5	21818	  0
29-10-2015	06:48:13	<-	L	00000000	 22	 82	 59	 31	  0	 84	  0	  4	  4	  4	  4	  4	  4	  4	  4	  0	  0	  0	  0	  0	  0	  0	  0	  0	  0	  0	  0	  0	  0	  0	  0	  0	  0	  0	  0	  0	  0	  0	  0	 82	 59	 31	 62	  0	 86	  0	  0	  0	  0	  0	  0	  0	  0	  0	  0	  0	  5	21818	  0
29-10-2015	06:53:13	<-	L	00000000	 22	 81	 59	 31	  0	 89	  0	  4	  4	  4	  4	  4	  4	  4	  4	  0	  0	  0	  0	  0	  0	  0	  0	  0	  0	  0	  0	  0	  0	  0	  0	  0	  0	  0	  0	  0	  0	  0	  0	 81	 59	 34	 61	  0	 90	  0	  0	  0	  0	  0	  0	  0	  0	  0	  0	  0	  5	21818	  0
29-10-2015	06:58:13	<-	L	00000000	 22	 82	 59	 31	  0	 94	  0	  4	  4	  4	  4	  4	  4	  4	  4	  0	  0	  0	  0	  0	  0	  0	  0	  0	  0	  0	  0	  0	  0	  0	  0	  0	  0	  0	  0	  0	  0	  0	  0	 82	 59	 31	 62	  0	 86	  0	  0	  0	  0	  0	  0	  0	  0	  0	  0	  0	  5	21818	  0
29-10-2015	07:03:13	<-	L	00000000	 22	 82	 59	 31	  0	 99	  0	  4	  4	  4	  4	  4	  4	  4	  4	  0	  0	  0	  0	  0	  0	  0	  0	  0	  0	  0	  0	  0	  0	  0	  0	  0	  0	  0	  0	  0	  0	  0	  0	 82	 59	 31	 63	  0	 81	  0	  0	  0	  0	  0	  0	  0	  0	  0	  0	  0	  5	21818	  0
29-10-2015	07:08:13	<-	L	00000000	 22	 82	 60	 31	  0	104	  0	  4	  4	  4	  4	  4	  4	  4	  4	  0	  0	  0	  0	  0	  0	  0	  0	  0	  0	  0	  0	  0	  0	  0	  0	  0	  0	  0	  0	  0	  0	  0	  0	 82	 60	 34	 63	  0	 86	  0	  0	  0	  0	  0	  0	  0	  0	  0	  0	  0	  5	21818	  0
29-10-2015	07:13:13	<-	L	00000000	 22	 83	 59	 31	  0	109	  0	  4	  4	  4	  4	  4	  4	  4	  4	  0	  0	  0	  0	  0	  0	  0	  0	  0	  0	  0	  0	  0	  0	  0	  0	  0	  0	  0	  0	  0	  0	  0	  0	 83	 59	 31	 64	  0	 79	  0	  0	  0	  0	  0	  0	  0	  0	  0	  0	  0	  5	21818	  0
29-10-2015	07:18:13	<-	L	00000000	 22	 82	 59	 31	  0	114	  0	  4	  4	  4	  4	  4	  4	  4	  4	  0	  0	  0	  0	  0	  0	  0	  0	  0	  0	  0	  0	  0	  0	  0	  0	  0	  0	  0	  0	  0	  0	  0	  0	 82	 59	 31	 64	  0	 79	  0	  0	  0	  0	  0	  0	  0	  0	  0	  0	  0	  5	21818	  0
29-10-2015	07:23:13	<-	L	00000000	 22	 82	 58	 31	  0	119	  0	  4	  4	  4	  4	  4	  4	  4	  4	  0	  0	  0	  0	  0	  0	  0	  0	  0	  0	  0	  0	  0	  0	  0	  0	  0	  0	  0	  0	  0	  0	  0	  0	 82	 58	 31	 64	  0	 73	  0	  0	  0	  0	  0	  0	  0	  0	  0	  0	  0	  5	21818	  0
29-10-2015	07:28:14	<-	L	00000000	 22	 82	 59	 31	  0	124	  0	  4	  4	  4	  4	  4	  4	  4	  4	  0	  0	  0	  0	  0	  0	  0	  0	  0	  0	  0	  0	  0	  0	  0	  0	  0	  0	  0	  0	  0	  0	  0	  0	 82	 59	 31	 64	  0	 79	  0	  0	  0	  0	  0	  0	  0	  0	  0	  0	  0	  5	21818	  0
29-10-2015	07:33:13	<-	L	00000000	 22	 82	 58	 31	  0	129	  0	  4	  4	  4	  4	  4	  4	  4	  4	  0	  0	  0	  0	  0	  0	  0	  0	  0	  0	  0	  0	  0	  0	  0	  0	  0	  0	  0	  0	  0	  0	  0	  0	 82	 58	 31	 64	  0	 73	  0	  0	  0	  0	  0	  0	  0	  0	  0	  0	  0	  5	21818	  0
29-10-2015	07:38:13	<-	L	00000000	 22	 82	 59	 31	  0	134	  0	  4	  4	  4	  4	  4	  4	  4	  4	  0	  0	  0	  0	  0	  0	  0	  0	  0	  0	  0	  0	  0	  0	  0	  0	  0	  0	  0	  0	  0	  0	  0	  0	 82	 59	 31	 64	  0	 79	  0	  0	  0	  0	  0	  0	  0	  0	  0	  0	  0	  5	21818	  0
29-10-2015	07:43:13	<-	L	00000000	 22	 82	 59	 31	  0	139	  0	  4	  4	  4	  4	  4	  4	  4	  4	  0	  0	  0	  0	  0	  0	  0	  0	  0	  0	  0	  0	  0	  0	  0	  0	  0	  0	  0	  0	  0	  0	  0	  0	 82	 59	 31	 64	  0	 79	  0	  0	  0	  0	  0	  0	  0	  0	  0	  0	  0	  5	21818	  0
29-10-2015	07:48:14	<-	L	00000000	 22	 82	 58	 31	  0	144	  0	  4	  4	  4	  4	  4	  4	  4	  4	  0	  0	  0	  0	  0	  0	  0	  0	  0	  0	  0	  0	  0	  0	  0	  0	  0	  0	  0	  0	  0	  0	  0	  0	 82	 58	 31	 63	  0	 79	  0	  0	  0	  0	  0	  0	  0	  0	  0	  0	  0	  5	21818	  0
29-10-2015	07:53:14	<-	L	00000000	 22	 82	 59	 31	  0	149	  0	  4	  4	  4	  4	  4	  4	  4	  4	  0	  0	  0	  0	  0	  0	  0	  0	  0	  0	  0	  0	  0	  0	  0	  0	  0	  0	  0	  0	  0	  0	  0	  0	 82	 59	 31	 64	  0	 79	  0	  0	  0	  0	  0	  0	  0	  0	  0	  0	  0	  5	21818	  0
29-10-2015	07:58:14	<-	L	00000000	 22	 82	 59	 31	  0	154	  0	  4	  4	  4	  4	  4	  4	  4	  4	  0	  0	  0	  0	  0	  0	  0	  0	  0	  0	  0	  0	  0	  0	  0	  0	  0	  0	  0	  0	  0	  0	  0	  0	 82	 59	 31	 64	  0	 79	  0	  0	  0	  0	  0	  0	  0	  0	  0	  0	  0	  5	21818	  0
29-10-2015	08:03:14	<-	L	00000000	 22	 81	 58	 31	  0	159	  0	  4	  4	  4	  4	  4	  4	  4	  4	  0	  0	  0	  0	  0	  0	  0	  0	  0	  0	  0	  0	  0	  0	  0	  0	  0	  0	  0	  0	  0	  0	  0	  0	 81	 58	 31	 63	  0	 79	  0	  0	  0	  0	  0	  0	  0	  0	  0	  0	  0	  5	21818	  0
29-10-2015	08:08:14	<-	L	00000000	 22	 82	 59	 31	  0	164	  0	  4	  4	  4	  4	  4	  4	  4	  4	  0	  0	  0	  0	  0	  0	  0	  0	  0	  0	  0	  0	  0	  0	  0	  0	  0	  0	  0	  0	  0	  0	  0	  0	 82	 59	 31	 64	  0	 79	  0	  0	  0	  0	  0	  0	  0	  0	  0	  0	  0	  5	21818	  0
29-10-2015	08:13:14	<-	L	00000000	 22	 83	 59	 31	  0	169	  0	  4	  4	  4	  4	  4	  4	  4	  4	  0	  0	  0	  0	  0	  0	  0	  0	  0	  0	  0	  0	  0	  0	  0	  0	  0	  0	  0	  0	  0	  0	  0	  0	 83	 59	 31	 65	  0	 73	  0	  0	  0	  0	  0	  0	  0	  0	  0	  0	  0	  5	21818	  0
29-10-2015	08:18:14	<-	L	00000000	 22	 82	 58	 29	  0	174	  0	  4	  4	  4	  4	  4	  4	  4	  4	  0	  0	  0	  0	  0	  0	  0	  0	  0	  0	  0	  0	  0	  0	  0	  0	  0	  0	  0	  0	  0	  0	  0	  0	 82	 58	 31	 64	  0	 73	  0	  0	  0	  0	  0	  0	  0	  0	  0	  0	  0	  5	21818	  0
29-10-2015	08:23:14	<-	L	00000000	 22	 83	 59	 31	  0	179	  0	  4	  4	  4	  4	  4	  4	  4	  4	  0	  0	  0	  0	  0	  0	  0	  0	  0	  0	  0	  0	  0	  0	  0	  0	  0	  0	  0	  0	  0	  0	  0	  0	 83	 59	 31	 65	  0	 73	  0	  0	  0	  0	  0	  0	  0	  0	  0	  0	  0	  5	21818	  0
29-10-2015	08:28:14	<-	L	00000000	 22	 83	 58	 29	  0	184	  0	  4	  4	  4	  4	  4	  4	  4	  4	  0	  0	  0	  0	  0	  0	  0	  0	  0	  0	  0	  0	  0	  0	  0	  0	  0	  0	  0	  0	  0	  0	  0	  0	 83	 58	 29	 64	  0	 73	  0	  0	  0	  0	  0	  0	  0	  0	  0	  0	  0	  5	21818	  0
29-10-2015	08:33:14	<-	L	00000000	 22	 83	 59	 29	  0	189	  0	  4	  4	  4	  4	  4	  4	  4	  4	  0	  0	  0	  0	  0	  0	  0	  0	  0	  0	  0	  0	  0	  0	  0	  0	  0	  0	  0	  0	  0	  0	  0	  0	 83	 59	 31	 64	  0	 79	  0	  0	  0	  0	  0	  0	  0	  0	  0	  0	  0	  5	21818	  0
29-10-2015	08:38:14	<-	L	00000000	 22	 83	 58	 29	  0	194	  0	  4	  4	  4	  4	  4	  4	  4	  4	  0	  0	  0	  0	  0	  0	  0	  0	  0	  0	  0	  0	  0	  0	  0	  0	  0	  0	  0	  0	  0	  0	  0	  0	 83	 58	 29	 64	  0	 73	  0	  0	  0	  0	  0	  0	  0	  0	  0	  0	  0	  5	21818	  0
29-10-2015	08:43:14	<-	L	00000000	 22	 84	 58	 29	  0	199	  0	  4	  4	  4	  4	  4	  4	  4	  4	  0	  0	  0	  0	  0	  0	  0	  0	  0	  0	  0	  0	  0	  0	  0	  0	  0	  0	  0	  0	  0	  0	  0	  0	 84	 58	 29	 65	  0	 70	  0	  0	  0	  0	  0	  0	  0	  0	  0	  0	  0	  5	21818	  0
29-10-2015	08:48:14	<-	L	00000000	 22	 85	 59	 30	  0	204	  0	  4	  4	  4	  4	  4	  4	  4	  4	  0	  0	  0	  0	  0	  0	  0	  0	  0	  0	  0	  0	  0	  0	  0	  0	  0	  0	  0	  0	  0	  0	  0	  0	 85	 59	 30	 65	  0	 73	  0	  0	  0	  0	  0	  0	  0	  0	  0	  0	  0	  5	21818	  0
29-10-2015	08:53:14	<-	L	00000000	 22	 84	 59	 30	  0	209	  0	  4	  4	  4	  4	  4	  4	  4	  4	  0	  0	  0	  0	  0	  0	  0	  0	  0	  0	  0	  0	  0	  0	  0	  0	  0	  0	  0	  0	  0	  0	  0	  0	 84	 59	 29	 65	  0	 73	  0	  0	  0	  0	  0	  0	  0	  0	  0	  0	  0	  5	21818	  0
29-10-2015	08:58:15	<-	L	00000000	 22	 85	 58	 29	  0	214	  0	  4	  4	  4	  4	  4	  4	  4	  4	  0	  0	  0	  0	  0	  0	  0	  0	  0	  0	  0	  0	  0	  0	  0	  0	  0	  0	  0	  0	  0	  0	  0	  0	 85	 58	 28	 65	  0	 70	  0	  0	  0	  0	  0	  0	  0	  0	  0	  0	  0	  5	21818	  0
29-10-2015	09:03:15	<-	L	00000000	 22	 84	 58	 28	  0	219	  0	  4	  4	  4	  4	  4	  4	  4	  4	  0	  0	  0	  0	  0	  0	  0	  0	  0	  0	  0	  0	  0	  0	  0	  0	  0	  0	  0	  0	  0	  0	  0	  0	 84	 58	 29	 65	  0	 70	  0	  0	  0	  0	  0	  0	  0	  0	  0	  0	  0	  5	21818	  0
29-10-2015	09:08:15	<-	L	00000000	 22	 85	 59	 28	  0	224	  0	  4	  4	  4	  4	  4	  4	  4	  4	  0	  0	  0	  0	  0	  0	  0	  0	  0	  0	  0	  0	  0	  0	  0	  0	  0	  0	  0	  0	  0	  0	  0	  0	 85	 59	 30	 65	  0	 73	  0	  0	  0	  0	  0	  0	  0	  0	  0	  0	  0	  5	21818	  0
29-10-2015	09:13:15	<-	L	00000000	 22	 85	 58	 28	  0	229	  0	  4	  4	  4	  4	  4	  4	  4	  4	  0	  0	  0	  0	  0	  0	  0	  0	  0	  0	  0	  0	  0	  0	  0	  0	  0	  0	  0	  0	  0	  0	  0	  0	 85	 58	 28	 65	  0	 70	  0	  0	  0	  0	  0	  0	  0	  0	  0	  0	  0	  5	21818	  0
29-10-2015	09:18:15	<-	L	00000000	 22	 85	 59	 30	  0	234	  0	  4	  4	  4	  4	  4	  4	  4	  4	  0	  0	  0	  0	  0	  0	  0	  0	  0	  0	  0	  0	  0	  0	  0	  0	  0	  0	  0	  0	  0	  0	  0	  0	 85	 59	 30	 66	  0	 70	  0	  0	  0	  0	  0	  0	  0	  0	  0	  0	  0	  5	21818	  0
29-10-2015	09:23:15	<-	L	00000000	 22	 82	 58	 29	  0	239	  0	  4	  4	  4	  4	  4	  4	  4	  4	  0	  0	  0	  0	  0	  0	  0	  0	  0	  0	  0	  0	  0	  0	  0	  0	  0	  0	  0	  0	  0	  0	  0	  0	 82	 58	 31	 65	  0	 70	  0	  0	  0	  0	  0	  0	  0	  0	  0	  0	  0	  5	21818	  0
29-10-2015	09:28:15	<-	L	00000000	 22	 85	 58	 28	  0	244	  0	  4	  4	  4	  4	  4	  4	  4	  4	  0	  0	  0	  0	  0	  0	  0	  0	  0	  0	  0	  0	  0	  0	  0	  0	  0	  0	  0	  0	  0	  0	  0	  0	 85	 58	 28	 66	  0	 66	  0	  0	  0	  0	  0	  0	  0	  0	  0	  0	  0	  5	21818	  0
29-10-2015	09:33:15	<-	L	00000000	 22	 85	 60	 30	  0	249	  0	  4	  4	  4	  4	  4	  4	  4	  4	  0	  0	  0	  0	  0	  0	  0	  0	  0	  0	  0	  0	  0	  0	  0	  0	  0	  0	  0	  0	  0	  0	  0	  0	 85	 60	 30	 66	  0	 73	  0	  0	  0	  0	  0	  0	  0	  0	  0	  0	  0	  5	21818	  0
29-10-2015	09:38:15	<-	L	00000000	 22	 83	 58	 29	  0	254	  0	  4	  4	  4	  4	  4	  4	  4	  4	  0	  0	  0	  0	  0	  0	  0	  0	  0	  0	  0	  0	  0	  0	  0	  0	  0	  0	  0	  0	  0	  0	  0	  0	 83	 58	 29	 65	  0	 70	  0	  0	  0	  0	  0	  0	  0	  0	  0	  0	  0	  5	21818	  0
29-10-2015	09:53:15	<-	L	00000000	 22	 73	 58	 49	  0	262	  0	  4	  4	  4	  4	  4	  4	  4	  4	  0	  0	  0	  0	  0	  0	  0	  0	  0	  0	  0	  0	  0	  0	  0	  0	  0	  0	  0	  0	  0	  0	  0	  0	 73	 58	 47	 64	  0	 73	  0	  0	  0	  0	  0	  0	  0	  0	  0	  0	  0	  5	21818	  0
29-10-2015	09:58:15	<-	L	00000000	 22	 85	 58	 28	  0	267	  0	  4	  4	  4	  4	  4	  4	  4	  4	  0	  0	  0	  0	  0	  0	  0	  0	  0	  0	  0	  0	  0	  0	  0	  0	  0	  0	  0	  0	  0	  0	  0	  0	 85	 58	 28	 64	  0	 73	  0	  0	  0	  0	  0	  0	  0	  0	  0	  0	  0	  5	21818	  0
29-10-2015	10:03:16	<-	L	00000000	 22	 81	 59	 31	  0	272	  0	  4	  4	  4	  4	  4	  4	  4	  4	  0	  0	  0	  0	  0	  0	  0	  0	  0	  0	  0	  0	  0	  0	  0	  0	  0	  0	  0	  0	  0	  0	  0	  0	 81	 59	 34	 64	  0	 79	  0	  0	  0	  0	  0	  0	  0	  0	  0	  0	  0	  5	21818	  0
29-10-2015	10:08:16	<-	L	00000000	 22	 84	 58	 31	  0	277	  0	  4	  4	  4	  4	  4	  4	  4	  4	  0	  0	  0	  0	  0	  0	  0	  0	  0	  0	  0	  0	  0	  0	  0	  0	  0	  0	  0	  0	  0	  0	  0	  0	 84	 58	 29	 64	  0	 73	  0	  0	  0	  0	  0	  0	  0	  0	  0	  0	  0	  5	21818	  0
29-10-2015	10:13:16	<-	L	00000000	 22	 86	 59	 28	  0	282	  0	  4	  4	  4	  4	  4	  4	  4	  4	  0	  0	  0	  0	  0	  0	  0	  0	  0	  0	  0	  0	  0	  0	  0	  0	  0	  0	  0	  0	  0	  0	  0	  0	 86	 59	 28	 65	  0	 73	  0	  0	  0	  0	  0	  0	  0	  0	  0	  0	  0	  5	21818	  0
29-10-2015	10:18:16	<-	L	00000000	 22	 85	 59	 28	  0	287	  0	  4	  4	  4	  4	  4	  4	  4	  4	  0	  0	  0	  0	  0	  0	  0	  0	  0	  0	  0	  0	  0	  0	  0	  0	  0	  0	  0	  0	  0	  0	  0	  0	 85	 59	 30	 65	  0	 73	  0	  0	  0	  0	  0	  0	  0	  0	  0	  0	  0	  5	21818	  0
29-10-2015	10:23:16	<-	L	00000000	 22	 81	 58	 31	  0	292	  0	  4	  4	  4	  4	  4	  4	  4	  4	  0	  0	  0	  0	  0	  0	  0	  0	  0	  0	  0	  0	  0	  0	  0	  0	  0	  0	  0	  0	  0	  0	  0	  0	 81	 58	 31	 64	  0	 73	  0	  0	  0	  0	  0	  0	  0	  0	  0	  0	  0	  5	21818	  0
29-10-2015	10:28:16	<-	L	00000000	 22	 83	 58	 31	  0	297	  0	  4	  4	  4	  4	  4	  4	  4	  4	  0	  0	  0	  0	  0	  0	  0	  0	  0	  0	  0	  0	  0	  0	  0	  0	  0	  0	  0	  0	  0	  0	  0	  0	 83	 58	 29	 65	  0	 70	  0	  0	  0	  0	  0	  0	  0	  0	  0	  0	  0	  5	21818	  0
29-10-2015	10:33:16	<-	L	00000000	 22	 86	 59	 30	  0	302	  0	  4	  4	  4	  4	  4	  4	  4	  4	  0	  0	  0	  0	  0	  0	  0	  0	  0	  0	  0	  0	  0	  0	  0	  0	  0	  0	  0	  0	  0	  0	  0	  0	 86	 59	 28	 66	  0	 70	  0	  0	  0	  0	  0	  0	  0	  0	  0	  0	  0	  5	21818	  0
29-10-2015	10:38:16	->	L	00000000	 22	 74	 54	 39	  0	307	  0	  4	  4	  4	  4	  4	  4	  4	  4	  0	  0	  0	  0	  0	  0	  0	  0	  0	  0	  0	  0	  0	  0	  0	  0	  0	  0	  0	  0	  0	  0	  0	  0	 68	 54	 47	 74	  0	 35	  0	  0	  0	  0	  0	  0	  0	  0	  0	  0	  0	  5	21818	  0
29-10-2015	10:43:16	->	L	00000000	 22	 84	 55	 24	  0	312	  0	  4	  4	  4	  4	  4	  4	  4	  4	  0	  0	  0	  0	  0	  0	  0	  0	  0	  0	  0	  0	  0	  0	  0	  0	  0	  0	  0	  0	  0	  0	  0	  0	 64	 55	 62	 84	  0	 24	  0	  0	  0	  0	  0	  0	  0	  0	  0	  0	  0	  5	21818	  0
29-10-2015	10:48:16	->	L	00000000	 22	 83	 55	 26	  0	317	  0	  4	  4	  4	  4	  4	  4	  4	  4	  0	  0	  0	  0	  0	  0	  0	  0	  0	  0	  0	  0	  0	  0	  0	  0	  0	  0	  0	  0	  0	  0	  0	  0	 62	 55	 69	 83	  0	 26	  0	  0	  0	  0	  0	  0	  0	  0	  0	  0	  0	  5	21818	  0
29-10-2015	10:53:16	->	L	00000000	 22	 84	 55	 24	  0	322	  0	  4	  4	  4	  4	  4	  4	  4	  4	  0	  0	  0	  0	  0	  0	  0	  0	  0	  0	  0	  0	  0	  0	  0	  0	  0	  0	  0	  0	  0	  0	  0	  0	 61	 55	 72	 84	  0	 24	  0	  0	  0	  0	  0	  0	  0	  0	  0	  0	  0	  5	21818	  0
29-10-2015	10:58:16	->	L	00000000	 22	 84	 55	 24	  0	327	  0	  4	  4	  4	  4	  4	  4	  4	  4	  0	  0	  0	  0	  0	  0	  0	  0	  0	  0	  0	  0	  0	  0	  0	  0	  0	  0	  0	  0	  0	  0	  0	  0	 61	 55	 72	 84	  0	 24	  0	  0	  0	  0	  0	  0	  0	  0	  0	  0	  0	  5	21818	  0
29-10-2015	11:03:16	->	L	00000000	 22	 83	 56	 26	  0	332	  0	  4	  4	  4	  4	  4	  4	  4	  4	  0	  0	  0	  0	  0	  0	  0	  0	  0	  0	  0	  0	  0	  0	  0	  0	  0	  0	  0	  0	  0	  0	  0	  0	 61	 56	 78	 83	  0	 27	  0	  0	  0	  0	  0	  0	  0	  0	  0	  0	  0	  5	21818	  0
29-10-2015	11:08:17	->	L	00000000	 22	 83	 56	 27	  0	337	  0	  4	  4	  4	  4	  4	  4	  4	  4	  0	  0	  0	  0	  0	  0	  0	  0	  0	  0	  0	  0	  0	  0	  0	  0	  0	  0	  0	  0	  0	  0	  0	  0	 61	 56	 78	 83	  0	 27	  0	  0	  0	  0	  0	  0	  0	  0	  0	  0	  0	  5	21818	  0
29-10-2015	11:13:17	->	L	00000000	 22	 83	 57	 27	  0	342	  0	  4	  4	  4	  4	  4	  4	  4	  4	  0	  0	  0	  0	  0	  0	  0	  0	  0	  0	  0	  0	  0	  0	  0	  0	  0	  0	  0	  0	  0	  0	  0	  0	 61	 57	 81	 83	  0	 29	  0	  0	  0	  0	  0	  0	  0	  0	  0	  0	  0	  5	21818	  0
29-10-2015	11:18:16	->	L	00000000	 22	 72	 56	 41	  0	347	  0	  4	  4	  4	  4	  4	  4	  4	  4	  0	  0	  0	  0	  0	  0	  0	  0	  0	  0	  0	  0	  0	  0	  0	  0	  0	  0	  0	  0	  0	  0	  0	  0	 59	 56	 86	 72	  0	 44	  0	  0	  0	  0	  0	  0	  0	  0	  0	  0	  0	  5	21818	  0
29-10-2015	11:23:16	->	L	00000000	 22	 83	 56	 27	  0	352	  0	  4	  4	  4	  4	  4	  4	  4	  4	  0	  0	  0	  0	  0	  0	  0	  0	  0	  0	  0	  0	  0	  0	  0	  0	  0	  0	  0	  0	  0	  0	  0	  0	 61	 56	 78	 83	  0	 27	  0	  0	  0	  0	  0	  0	  0	  0	  0	  0	  0	  5	21818	  0
29-10-2015	11:28:17	->	L	00000000	 22	 84	 57	 27	  0	357	  0	  4	  4	  4	  4	  4	  4	  4	  4	  0	  0	  0	  0	  0	  0	  0	  0	  0	  0	  0	  0	  0	  0	  0	  0	  0	  0	  0	  0	  0	  0	  0	  0	 62	 57	 78	 84	  0	 27	  0	  0	  0	  0	  0	  0	  0	  0	  0	  0	  0	  5	21818	  0
29-10-2015	11:33:17	->	L	00000000	 23	 85	 57	 27	  0	  1	  0	  4	  4	  4	  4	  4	  4	  4	  4	  0	  0	  0	  0	  0	  0	  0	  0	  0	  0	  0	  0	  0	  0	  0	  0	  0	  0	  0	  0	  0	  0	  0	  0	 62	 57	 78	 85	  0	 27	  0	  0	  0	  0	  0	  0	  0	  0	  0	  0	  0	  5	21817	  0
29-10-2015	11:38:17	->	L	00000000	 23	 83	 57	 29	  0	  6	  0	  4	  4	  4	  4	  4	  4	  4	  4	  0	  0	  0	  0	  0	  0	  0	  0	  0	  0	  0	  0	  0	  0	  0	  0	  0	  0	  0	  0	  0	  0	  0	  0	 62	 57	 78	 83	  0	 29	  0	  0	  0	  0	  0	  0	  0	  0	  0	  0	  0	  5	21817	  0
29-10-2015	11:43:17	->	L	00000000	 23	 85	 57	 27	  0	 11	  0	  4	  4	  4	  4	  4	  4	  4	  4	  0	  0	  0	  0	  0	  0	  0	  0	  0	  0	  0	  0	  0	  0	  0	  0	  0	  0	  0	  0	  0	  0	  0	  0	 62	 57	 78	 85	  0	 27	  0	  0	  0	  0	  0	  0	  0	  0	  0	  0	  0	  5	21817	  0
29-10-2015	11:48:17	->	L	00000000	 23	 84	 57	 27	  0	 16	  0	  4	  4	  4	  4	  4	  4	  4	  4	  0	  0	  0	  0	  0	  0	  0	  0	  0	  0	  0	  0	  0	  0	  0	  0	  0	  0	  0	  0	  0	  0	  0	  0	 63	 57	 73	 84	  0	 27	  0	  0	  0	  0	  0	  0	  0	  0	  0	  0	  0	  5	21817	  0
29-10-2015	11:53:17	->	L	00000000	 23	 85	 57	 27	  0	 21	  0	  4	  4	  4	  4	  4	  4	  4	  4	  0	  0	  0	  0	  0	  0	  0	  0	  0	  0	  0	  0	  0	  0	  0	  0	  0	  0	  0	  0	  0	  0	  0	  0	 63	 57	 73	 85	  0	 27	  0	  0	  0	  0	  0	  0	  0	  0	  0	  0	  0	  5	21817	  0
29-10-2015	11:58:17	->	L	00000000	 23	 85	 57	 27	  0	 26	  0	  4	  4	  4	  4	  4	  4	  4	  4	  0	  0	  0	  0	  0	  0	  0	  0	  0	  0	  0	  0	  0	  0	  0	  0	  0	  0	  0	  0	  0	  0	  0	  0	 63	 57	 73	 85	  0	 27	  0	  0	  0	  0	  0	  0	  0	  0	  0	  0	  0	  5	21817	  0
29-10-2015	12:03:17	->	L	00000000	 23	 85	 57	 27	  0	 31	  0	  4	  4	  4	  4	  4	  4	  4	  4	  0	  0	  0	  0	  0	  0	  0	  0	  0	  0	  0	  0	  0	  0	  0	  0	  0	  0	  0	  0	  0	  0	  0	  0	 61	 57	 81	 85	  0	 27	  0	  0	  0	  0	  0	  0	  0	  0	  0	  0	  0	  5	21817	  0
29-10-2015	12:08:17	->	L	00000000	 23	 85	 57	 27	  0	 36	  0	  4	  4	  4	  4	  4	  4	  4	  4	  0	  0	  0	  0	  0	  0	  0	  0	  0	  0	  0	  0	  0	  0	  0	  0	  0	  0	  0	  0	  0	  0	  0	  0	 63	 57	 73	 85	  0	 27	  0	  0	  0	  0	  0	  0	  0	  0	  0	  0	  0	  5	21817	  0
29-10-2015	12:13:17	->	L	00000000	 23	 84	 58	 29	  0	 41	  0	  4	  4	  4	  4	  4	  4	  4	  4	  0	  0	  0	  0	  0	  0	  0	  0	  0	  0	  0	  0	  0	  0	  0	  0	  0	  0	  0	  0	  0	  0	  0	  0	 62	 58	 81	 84	  0	 29	  0	  0	  0	  0	  0	  0	  0	  0	  0	  0	  0	  5	21817	  0
29-10-2015	12:18:17	->	L	00000000	 23	 85	 57	 27	  0	 46	  0	  4	  4	  4	  4	  4	  4	  4	  4	  0	  0	  0	  0	  0	  0	  0	  0	  0	  0	  0	  0	  0	  0	  0	  0	  0	  0	  0	  0	  0	  0	  0	  0	 63	 57	 73	 85	  0	 27	  0	  0	  0	  0	  0	  0	  0	  0	  0	  0	  0	  5	21817	  0
29-10-2015	12:23:17	->	L	00000000	 23	 84	 57	 27	  0	 51	  0	  4	  4	  4	  4	  4	  4	  4	  4	  0	  0	  0	  0	  0	  0	  0	  0	  0	  0	  0	  0	  0	  0	  0	  0	  0	  0	  0	  0	  0	  0	  0	  0	 63	 57	 73	 84	  0	 27	  0	  0	  0	  0	  0	  0	  0	  0	  0	  0	  0	  5	21817	  0
29-10-2015	12:28:17	->	L	00000000	 23	 83	 56	 29	  0	 56	  0	  4	  4	  4	  4	  4	  4	  4	  4	  0	  0	  0	  0	  0	  0	  0	  0	  0	  0	  0	  0	  0	  0	  0	  0	  0	  0	  0	  0	  0	  0	  0	  0	 62	 56	 73	 83	  0	 27	  0	  0	  0	  0	  0	  0	  0	  0	  0	  0	  0	  5	21817	  0
29-10-2015	12:33:17	->	L	00000000	 23	 83	 57	 27	  0	 61	  0	  4	  4	  4	  4	  4	  4	  4	  4	  0	  0	  0	  0	  0	  0	  0	  0	  0	  0	  0	  0	  0	  0	  0	  0	  0	  0	  0	  0	  0	  0	  0	  0	 63	 57	 73	 83	  0	 29	  0	  0	  0	  0	  0	  0	  0	  0	  0	  0	  0	  5	21817	  0
29-10-2015	12:38:18	->	L	00000000	 23	 82	 56	 29	  0	 66	  0	  4	  4	  4	  4	  4	  4	  4	  4	  0	  0	  0	  0	  0	  0	  0	  0	  0	  0	  0	  0	  0	  0	  0	  0	  0	  0	  0	  0	  0	  0	  0	  0	 62	 56	 73	 82	  0	 29	  0	  0	  0	  0	  0	  0	  0	  0	  0	  0	  0	  5	21817	  0
29-10-2015	12:43:18	->	L	00000000	 23	 83	 58	 29	  0	 71	  0	  4	  4	  4	  4	  4	  4	  4	  4	  0	  0	  0	  0	  0	  0	  0	  0	  0	  0	  0	  0	  0	  0	  0	  0	  0	  0	  0	  0	  0	  0	  0	  0	 62	 58	 81	 83	  0	 29	  0	  0	  0	  0	  0	  0	  0	  0	  0	  0	  0	  5	21817	  0
29-10-2015	12:48:18	->	L	00000000	 23	 83	 56	 29	  0	 76	  0	  4	  4	  4	  4	  4	  4	  4	  4	  0	  0	  0	  0	  0	  0	  0	  0	  0	  0	  0	  0	  0	  0	  0	  0	  0	  0	  0	  0	  0	  0	  0	  0	 62	 56	 73	 83	  0	 27	  0	  0	  0	  0	  0	  0	  0	  0	  0	  0	  0	  5	21817	  0
29-10-2015	12:53:18	->	L	00000000	 23	 83	 56	 27	  0	 81	  0	  4	  4	  4	  4	  4	  4	  4	  4	  0	  0	  0	  0	  0	  0	  0	  0	  0	  0	  0	  0	  0	  0	  0	  0	  0	  0	  0	  0	  0	  0	  0	  0	 62	 56	 73	 83	  0	 27	  0	  0	  0	  0	  0	  0	  0	  0	  0	  0	  0	  5	21817	  0
29-10-2015	12:58:18	->	L	00000000	 23	 83	 58	 29	  0	 86	  0	  4	  4	  4	  4	  4	  4	  4	  4	  0	  0	  0	  0	  0	  0	  0	  0	  0	  0	  0	  0	  0	  0	  0	  0	  0	  0	  0	  0	  0	  0	  0	  0	 63	 58	 79	 83	  0	 29	  0	  0	  0	  0	  0	  0	  0	  0	  0	  0	  0	  5	21817	  0
29-10-2015	13:03:18	->	L	00000000	 23	 84	 57	 27	  0	 91	  0	  4	  4	  4	  4	  4	  4	  4	  4	  0	  0	  0	  0	  0	  0	  0	  0	  0	  0	  0	  0	  0	  0	  0	  0	  0	  0	  0	  0	  0	  0	  0	  0	 62	 57	 78	 84	  0	 27	  0	  0	  0	  0	  0	  0	  0	  0	  0	  0	  0	  5	21817	  0
29-10-2015	13:08:19	->	L	00000000	 23	 84	 57	 29	  0	 96	  0	  4	  4	  4	  4	  4	  4	  4	  4	  0	  0	  0	  0	  0	  0	  0	  0	  0	  0	  0	  0	  0	  0	  0	  0	  0	  0	  0	  0	  0	  0	  0	  0	 63	 57	 73	 84	  0	 27	  0	  0	  0	  0	  0	  0	  0	  0	  0	  0	  0	  5	21817	  0
29-10-2015	13:13:18	->	L	00000000	 23	 84	 58	 27	  0	101	  0	  4	  4	  4	  4	  4	  4	  4	  4	  0	  0	  0	  0	  0	  0	  0	  0	  0	  0	  0	  0	  0	  0	  0	  0	  0	  0	  0	  0	  0	  0	  0	  0	 63	 58	 79	 84	  0	 29	  0	  0	  0	  0	  0	  0	  0	  0	  0	  0	  0	  5	21817	  0
29-10-2015	13:18:18	->	L	00000000	 23	 84	 58	 27	  0	106	  0	  4	  4	  4	  4	  4	  4	  4	  4	  0	  0	  0	  0	  0	  0	  0	  0	  0	  0	  0	  0	  0	  0	  0	  0	  0	  0	  0	  0	  0	  0	  0	  0	 61	 58	 86	 84	  0	 29	  0	  0	  0	  0	  0	  0	  0	  0	  0	  0	  0	  5	21817	  0
29-10-2015	13:23:18	->	L	00000000	 23	 84	 57	 27	  0	111	  0	  4	  4	  4	  4	  4	  4	  4	  4	  0	  0	  0	  0	  0	  0	  0	  0	  0	  0	  0	  0	  0	  0	  0	  0	  0	  0	  0	  0	  0	  0	  0	  0	 63	 57	 73	 84	  0	 27	  0	  0	  0	  0	  0	  0	  0	  0	  0	  0	  0	  5	21817	  0
29-10-2015	13:28:18	->	L	00000000	 23	 84	 57	 27	  0	116	  0	  4	  4	  4	  4	  4	  4	  4	  4	  0	  0	  0	  0	  0	  0	  0	  0	  0	  0	  0	  0	  0	  0	  0	  0	  0	  0	  0	  0	  0	  0	  0	  0	 62	 57	 78	 84	  0	 27	  0	  0	  0	  0	  0	  0	  0	  0	  0	  0	  0	  5	21817	  0
29-10-2015	13:33:18	->	L	00000000	 23	 84	 57	 27	  0	121	  0	  4	  4	  4	  4	  4	  4	  4	  4	  0	  0	  0	  0	  0	  0	  0	  0	  0	  0	  0	  0	  0	  0	  0	  0	  0	  0	  0	  0	  0	  0	  0	  0	 62	 57	 78	 84	  0	 27	  0	  0	  0	  0	  0	  0	  0	  0	  0	  0	  0	  5	21817	  0
29-10-2015	13:38:18	->	L	00000000	 23	 84	 57	 27	  0	126	  0	  4	  4	  4	  4	  4	  4	  4	  4	  0	  0	  0	  0	  0	  0	  0	  0	  0	  0	  0	  0	  0	  0	  0	  0	  0	  0	  0	  0	  0	  0	  0	  0	 63	 57	 73	 84	  0	 27	  0	  0	  0	  0	  0	  0	  0	  0	  0	  0	  0	  5	21817	  0
29-10-2015	13:43:18	->	L	00000000	 23	 84	 57	 27	  0	131	  0	  4	  4	  4	  4	  4	  4	  4	  4	  0	  0	  0	  0	  0	  0	  0	  0	  0	  0	  0	  0	  0	  0	  0	  0	  0	  0	  0	  0	  0	  0	  0	  0	 63	 57	 73	 84	  0	 27	  0	  0	  0	  0	  0	  0	  0	  0	  0	  0	  0	  5	21817	  0
29-10-2015	13:48:18	->	L	00000000	 23	 84	 57	 27	  0	136	  0	  4	  4	  4	  4	  4	  4	  4	  4	  0	  0	  0	  0	  0	  0	  0	  0	  0	  0	  0	  0	  0	  0	  0	  0	  0	  0	  0	  0	  0	  0	  0	  0	 63	 57	 73	 84	  0	 27	  0	  0	  0	  0	  0	  0	  0	  0	  0	  0	  0	  5	21817	  0
29-10-2015	13:53:19	->	L	00000000	 23	 84	 57	 27	  0	141	  0	  4	  4	  4	  4	  4	  4	  4	  4	  0	  0	  0	  0	  0	  0	  0	  0	  0	  0	  0	  0	  0	  0	  0	  0	  0	  0	  0	  0	  0	  0	  0	  0	 63	 57	 73	 84	  0	 27	  0	  0	  0	  0	  0	  0	  0	  0	  0	  0	  0	  5	21817	  0
29-10-2015	13:58:19	->	L	00000000	 23	 84	 57	 27	  0	146	  0	  4	  4	  4	  4	  4	  4	  4	  4	  0	  0	  0	  0	  0	  0	  0	  0	  0	  0	  0	  0	  0	  0	  0	  0	  0	  0	  0	  0	  0	  0	  0	  0	 63	 57	 73	 84	  0	 27	  0	  0	  0	  0	  0	  0	  0	  0	  0	  0	  0	  5	21817	  0
29-10-2015	14:03:19	->	L	00000000	 23	 83	 57	 27	  0	151	  0	  4	  4	  4	  4	  4	  4	  4	  4	  0	  0	  0	  0	  0	  0	  0	  0	  0	  0	  0	  0	  0	  0	  0	  0	  0	  0	  0	  0	  0	  0	  0	  0	 63	 57	 73	 83	  0	 29	  0	  0	  0	  0	  0	  0	  0	  0	  0	  0	  0	  5	21817	  0
29-10-2015	14:08:19	->	L	00000000	 23	 84	 57	 29	  0	156	  0	  4	  4	  4	  4	  4	  4	  4	  4	  0	  0	  0	  0	  0	  0	  0	  0	  0	  0	  0	  0	  0	  0	  0	  0	  0	  0	  0	  0	  0	  0	  0	  0	 63	 57	 73	 84	  0	 27	  0	  0	  0	  0	  0	  0	  0	  0	  0	  0	  0	  5	21817	  0
29-10-2015	14:13:19	->	L	00000000	 23	 83	 57	 29	  0	161	  0	  4	  4	  4	  4	  4	  4	  4	  4	  0	  0	  0	  0	  0	  0	  0	  0	  0	  0	  0	  0	  0	  0	  0	  0	  0	  0	  0	  0	  0	  0	  0	  0	 62	 57	 78	 83	  0	 29	  0	  0	  0	  0	  0	  0	  0	  0	  0	  0	  0	  5	21817	  0
29-10-2015	14:18:19	->	L	00000000	 23	 83	 58	 29	  0	166	  0	  4	  4	  4	  4	  4	  4	  4	  4	  0	  0	  0	  0	  0	  0	  0	  0	  0	  0	  0	  0	  0	  0	  0	  0	  0	  0	  0	  0	  0	  0	  0	  0	 63	 58	 79	 83	  0	 29	  0	  0	  0	  0	  0	  0	  0	  0	  0	  0	  0	  5	21817	  0
29-10-2015	14:23:19	->	L	00000000	 23	 83	 57	 29	  0	171	  0	  4	  4	  4	  4	  4	  4	  4	  4	  0	  0	  0	  0	  0	  0	  0	  0	  0	  0	  0	  0	  0	  0	  0	  0	  0	  0	  0	  0	  0	  0	  0	  0	 62	 57	 78	 83	  0	 29	  0	  0	  0	  0	  0	  0	  0	  0	  0	  0	  0	  5	21817	  0
29-10-2015	14:28:19	->	L	00000000	 23	 83	 58	 29	  0	176	  0	  4	  4	  4	  4	  4	  4	  4	  4	  0	  0	  0	  0	  0	  0	  0	  0	  0	  0	  0	  0	  0	  0	  0	  0	  0	  0	  0	  0	  0	  0	  0	  0	 62	 58	 81	 83	  0	 29	  0	  0	  0	  0	  0	  0	  0	  0	  0	  0	  0	  5	21817	  0
29-10-2015	14:33:19	->	L	00000000	 23	 83	 58	 29	  0	181	  0	  4	  4	  4	  4	  4	  4	  4	  4	  0	  0	  0	  0	  0	  0	  0	  0	  0	  0	  0	  0	  0	  0	  0	  0	  0	  0	  0	  0	  0	  0	  0	  0	 63	 58	 79	 83	  0	 29	  0	  0	  0	  0	  0	  0	  0	  0	  0	  0	  0	  5	21817	  0
29-10-2015	14:38:20	<-	L	00000000	 23	 78	 64	 53	  0	186	  0	  4	  4	  4	  4	  4	  4	  4	  4	  0	  0	  0	  0	  0	  0	  0	  0	  0	  0	  0	  0	  0	  0	  0	  0	  0	  0	  0	  0	  0	  0	  0	  0	 78	 64	 51	 76	  0	 56	  0	  0	  0	  0	  0	  0	  0	  0	  0	  0	  0	  5	21817	  0
29-10-2015	14:43:19	<-	L	00000000	 23	 82	 60	 34	  0	191	  0	  4	  4	  4	  4	  4	  4	  4	  4	  0	  0	  0	  0	  0	  0	  0	  0	  0	  0	  0	  0	  0	  0	  0	  0	  0	  0	  0	  0	  0	  0	  0	  0	 82	 60	 34	 68	  0	 67	  0	  0	  0	  0	  0	  0	  0	  0	  0	  0	  0	  5	21817	  0
29-10-2015	14:48:19	<-	L	00000000	 23	 84	 60	 32	  0	196	  0	  4	  4	  4	  4	  4	  4	  4	  4	  0	  0	  0	  0	  0	  0	  0	  0	  0	  0	  0	  0	  0	  0	  0	  0	  0	  0	  0	  0	  0	  0	  0	  0	 84	 60	 32	 67	  0	 70	  0	  0	  0	  0	  0	  0	  0	  0	  0	  0	  0	  5	21817	  0
29-10-2015	14:53:19	<-	L	00000000	 23	 86	 60	 30	  0	201	  0	  4	  4	  4	  4	  4	  4	  4	  4	  0	  0	  0	  0	  0	  0	  0	  0	  0	  0	  0	  0	  0	  0	  0	  0	  0	  0	  0	  0	  0	  0	  0	  0	 86	 60	 30	 67	  0	 70	  0	  0	  0	  0	  0	  0	  0	  0	  0	  0	  0	  5	21817	  0
29-10-2015	14:58:20	<-	L	00000000	 23	 84	 59	 30	  0	206	  0	  4	  4	  4	  4	  4	  4	  4	  4	  0	  0	  0	  0	  0	  0	  0	  0	  0	  0	  0	  0	  0	  0	  0	  0	  0	  0	  0	  0	  0	  0	  0	  0	 84	 59	 29	 66	  0	 70	  0	  0	  0	  0	  0	  0	  0	  0	  0	  0	  0	  5	21817	  0
29-10-2015	15:03:20	<-	L	00000000	 23	 83	 59	 31	  0	211	  0	  4	  4	  4	  4	  4	  4	  4	  4	  0	  0	  0	  0	  0	  0	  0	  0	  0	  0	  0	  0	  0	  0	  0	  0	  0	  0	  0	  0	  0	  0	  0	  0	 83	 59	 31	 65	  0	 73	  0	  0	  0	  0	  0	  0	  0	  0	  0	  0	  0	  5	21817	  0
29-10-2015	15:08:20	<-	L	00000000	 23	 87	 59	 28	  0	216	  0	  4	  4	  4	  4	  4	  4	  4	  4	  0	  0	  0	  0	  0	  0	  0	  0	  0	  0	  0	  0	  0	  0	  0	  0	  0	  0	  0	  0	  0	  0	  0	  0	 87	 59	 27	 66	  0	 70	  0	  0	  0	  0	  0	  0	  0	  0	  0	  0	  0	  5	21817	  0
29-10-2015	15:13:20	<-	L	00000000	 23	 84	 58	 28	  0	221	  0	  4	  4	  4	  4	  4	  4	  4	  4	  0	  0	  0	  0	  0	  0	  0	  0	  0	  0	  0	  0	  0	  0	  0	  0	  0	  0	  0	  0	  0	  0	  0	  0	 84	 58	 29	 66	  0	 66	  0	  0	  0	  0	  0	  0	  0	  0	  0	  0	  0	  5	21817	  0
29-10-2015	15:18:20	<-	L	00000000	 23	 83	 59	 31	  0	226	  0	  4	  4	  4	  4	  4	  4	  4	  4	  0	  0	  0	  0	  0	  0	  0	  0	  0	  0	  0	  0	  0	  0	  0	  0	  0	  0	  0	  0	  0	  0	  0	  0	 83	 59	 31	 66	  0	 70	  0	  0	  0	  0	  0	  0	  0	  0	  0	  0	  0	  5	21817	  0
29-10-2015	15:23:20	<-	L	00000000	 23	 86	 58	 25	  0	231	  0	  4	  4	  4	  4	  4	  4	  4	  4	  0	  0	  0	  0	  0	  0	  0	  0	  0	  0	  0	  0	  0	  0	  0	  0	  0	  0	  0	  0	  0	  0	  0	  0	 86	 58	 27	 66	  0	 66	  0	  0	  0	  0	  0	  0	  0	  0	  0	  0	  0	  5	21817	  0
29-10-2015	15:28:20	<-	L	00000000	 23	 81	 58	 31	  0	236	  0	  4	  4	  4	  4	  4	  4	  4	  4	  0	  0	  0	  0	  0	  0	  0	  0	  0	  0	  0	  0	  0	  0	  0	  0	  0	  0	  0	  0	  0	  0	  0	  0	 81	 58	 31	 65	  0	 70	  0	  0	  0	  0	  0	  0	  0	  0	  0	  0	  0	  5	21817	  0
29-10-2015	15:33:21	<-	L	00000000	 23	 85	 58	 28	  0	241	  0	  4	  4	  4	  4	  4	  4	  4	  4	  0	  0	  0	  0	  0	  0	  0	  0	  0	  0	  0	  0	  0	  0	  0	  0	  0	  0	  0	  0	  0	  0	  0	  0	 85	 58	 28	 66	  0	 66	  0	  0	  0	  0	  0	  0	  0	  0	  0	  0	  0	  5	21817	  0
29-10-2015	15:38:20	<-	L	00000000	 23	 84	 57	 28	  0	246	  0	  4	  4	  4	  4	  4	  4	  4	  4	  0	  0	  0	  0	  0	  0	  0	  0	  0	  0	  0	  0	  0	  0	  0	  0	  0	  0	  0	  0	  0	  0	  0	  0	 84	 57	 27	 65	  0	 66	  0	  0	  0	  0	  0	  0	  0	  0	  0	  0	  0	  5	21817	  0
29-10-2015	15:43:20	<-	L	00000000	 23	 83	 59	 31	  0	251	  0	  4	  4	  4	  4	  4	  4	  4	  4	  0	  0	  0	  0	  0	  0	  0	  0	  0	  0	  0	  0	  0	  0	  0	  0	  0	  0	  0	  0	  0	  0	  0	  0	 83	 59	 31	 67	  0	 67	  0	  0	  0	  0	  0	  0	  0	  0	  0	  0	  0	  5	21817	  0
29-10-2015	15:48:20	<-	L	00000000	 23	 86	 58	 27	  0	256	  0	  4	  4	  4	  4	  4	  4	  4	  4	  0	  0	  0	  0	  0	  0	  0	  0	  0	  0	  0	  0	  0	  0	  0	  0	  0	  0	  0	  0	  0	  0	  0	  0	 86	 58	 27	 66	  0	 66	  0	  0	  0	  0	  0	  0	  0	  0	  0	  0	  0	  5	21817	  0
29-10-2015	15:53:20	<-	L	00000000	 23	 81	 58	 33	  0	261	  0	  4	  4	  4	  4	  4	  4	  4	  4	  0	  0	  0	  0	  0	  0	  0	  0	  0	  0	  0	  0	  0	  0	  0	  0	  0	  0	  0	  0	  0	  0	  0	  0	 81	 58	 31	 66	  0	 66	  0	  0	  0	  0	  0	  0	  0	  0	  0	  0	  0	  5	21823	  0
29-10-2015	15:58:20	<-	L	00000000	 23	 86	 61	 30	  0	266	  0	  4	  4	  4	  4	  4	  4	  4	  4	  0	  0	  0	  0	  0	  0	  0	  0	  0	  0	  0	  0	  0	  0	  0	  0	  0	  0	  0	  0	  0	  0	  0	  0	 86	 61	 30	 70	  0	 64	  0	  0	  0	  0	  0	  0	  0	  0	  0	  0	  0	  5	21821	  0
29-10-2015	16:03:20	<-	L	00000000	 23	 83	 61	 32	  0	271	  0	  4	  4	  4	  4	  4	  4	  4	  4	  0	  0	  0	  0	  0	  0	  0	  0	  0	  0	  0	  0	  0	  0	  0	  0	  0	  0	  0	  0	  0	  0	  0	  0	 83	 61	 35	 70	  0	 64	  0	  0	  0	  0	  0	  0	  0	  0	  0	  0	  0	  5	21821	  0
29-10-2015	16:08:20	<-	L	00000000	 23	 85	 61	 32	  0	276	  0	  4	  4	  4	  4	  4	  4	  4	  4	  0	  0	  0	  0	  0	  0	  0	  0	  0	  0	  0	  0	  0	  0	  0	  0	  0	  0	  0	  0	  0	  0	  0	  0	 85	 61	 32	 70	  0	 64	  0	  0	  0	  0	  0	  0	  0	  0	  0	  0	  0	  5	21821	  0
29-10-2015	16:13:21	<-	L	00000000	 23	 85	 60	 30	  0	281	  0	  4	  4	  4	  4	  4	  4	  4	  4	  0	  0	  0	  0	  0	  0	  0	  0	  0	  0	  0	  0	  0	  0	  0	  0	  0	  0	  0	  0	  0	  0	  0	  0	 85	 60	 30	 70	  0	 60	  0	  0	  0	  0	  0	  0	  0	  0	  0	  0	  0	  5	21821	  0
29-10-2015	16:18:21	<-	L	00000000	 23	 82	 61	 38	  0	286	  0	  4	  4	  4	  4	  4	  4	  4	  4	  0	  0	  0	  0	  0	  0	  0	  0	  0	  0	  0	  0	  0	  0	  0	  0	  0	  0	  0	  0	  0	  0	  0	  0	 82	 61	 35	 69	  0	 67	  0	  0	  0	  0	  0	  0	  0	  0	  0	  0	  0	  5	21821	  0
29-10-2015	16:23:21	<-	L	00000000	 23	 86	 61	 30	  0	291	  0	  4	  4	  4	  4	  4	  4	  4	  4	  0	  0	  0	  0	  0	  0	  0	  0	  0	  0	  0	  0	  0	  0	  0	  0	  0	  0	  0	  0	  0	  0	  0	  0	 86	 61	 30	 70	  0	 64	  0	  0	  0	  0	  0	  0	  0	  0	  0	  0	  0	  5	21821	  0
29-10-2015	16:28:21	<-	L	00000000	 23	 84	 60	 32	  0	296	  0	  4	  4	  4	  4	  4	  4	  4	  4	  0	  0	  0	  0	  0	  0	  0	  0	  0	  0	  0	  0	  0	  0	  0	  0	  0	  0	  0	  0	  0	  0	  0	  0	 84	 60	 32	 69	  0	 64	  0	  0	  0	  0	  0	  0	  0	  0	  0	  0	  0	  5	21821	  0
29-10-2015	16:33:21	<-	L	00000000	 23	 83	 62	 36	  0	301	  0	  4	  4	  4	  4	  4	  4	  4	  4	  0	  0	  0	  0	  0	  0	  0	  0	  0	  0	  0	  0	  0	  0	  0	  0	  0	  0	  0	  0	  0	  0	  0	  0	 83	 62	 36	 70	  0	 67	  0	  0	  0	  0	  0	  0	  0	  0	  0	  0	  0	  5	21821	  0
29-10-2015	16:38:22	<-	L	00000000	 23	 86	 60	 30	  0	306	  0	  4	  4	  4	  4	  4	  4	  4	  4	  0	  0	  0	  0	  0	  0	  0	  0	  0	  0	  0	  0	  0	  0	  0	  0	  0	  0	  0	  0	  0	  0	  0	  0	 86	 60	 30	 70	  0	 60	  0	  0	  0	  0	  0	  0	  0	  0	  0	  0	  0	  5	21821	  0
29-10-2015	16:43:21	<-	L	00000000	 23	 84	 60	 32	  0	311	  0	  4	  4	  4	  4	  4	  4	  4	  4	  0	  0	  0	  0	  0	  0	  0	  0	  0	  0	  0	  0	  0	  0	  0	  0	  0	  0	  0	  0	  0	  0	  0	  0	 84	 60	 32	 69	  0	 64	  0	  0	  0	  0	  0	  0	  0	  0	  0	  0	  0	  5	21821	  0
29-10-2015	16:48:21	<-	L	00000000	 23	 83	 62	 38	  0	316	  0	  4	  4	  4	  4	  4	  4	  4	  4	  0	  0	  0	  0	  0	  0	  0	  0	  0	  0	  0	  0	  0	  0	  0	  0	  0	  0	  0	  0	  0	  0	  0	  0	 83	 62	 36	 69	  0	 71	  0	  0	  0	  0	  0	  0	  0	  0	  0	  0	  0	  5	21821	  0
29-10-2015	16:53:21	<-	L	00000000	 23	 86	 61	 32	  0	321	  0	  4	  4	  4	  4	  4	  4	  4	  4	  0	  0	  0	  0	  0	  0	  0	  0	  0	  0	  0	  0	  0	  0	  0	  0	  0	  0	  0	  0	  0	  0	  0	  0	 86	 61	 30	 70	  0	 64	  0	  0	  0	  0	  0	  0	  0	  0	  0	  0	  0	  5	21821	  0
29-10-2015	16:58:21	<-	L	00000000	 23	 85	 61	 30	  0	326	  0	  4	  4	  4	  4	  4	  4	  4	  4	  0	  0	  0	  0	  0	  0	  0	  0	  0	  0	  0	  0	  0	  0	  0	  0	  0	  0	  0	  0	  0	  0	  0	  0	 85	 61	 32	 70	  0	 64	  0	  0	  0	  0	  0	  0	  0	  0	  0	  0	  0	  5	21821	  0
29-10-2015	17:03:21	<-	L	00000000	 23	 82	 61	 38	  0	331	  0	  4	  4	  4	  4	  4	  4	  4	  4	  0	  0	  0	  0	  0	  0	  0	  0	  0	  0	  0	  0	  0	  0	  0	  0	  0	  0	  0	  0	  0	  0	  0	  0	 82	 61	 35	 69	  0	 67	  0	  0	  0	  0	  0	  0	  0	  0	  0	  0	  0	  5	21821	  0
29-10-2015	17:08:21	<-	L	00000000	 23	 84	 61	 35	  0	336	  0	  4	  4	  4	  4	  4	  4	  4	  4	  0	  0	  0	  0	  0	  0	  0	  0	  0	  0	  0	  0	  0	  0	  0	  0	  0	  0	  0	  0	  0	  0	  0	  0	 84	 61	 32	 70	  0	 64	  0	  0	  0	  0	  0	  0	  0	  0	  0	  0	  0	  5	21821	  0
29-10-2015	17:13:22	<-	L	00000000	 23	 85	 61	 32	  0	341	  0	  4	  4	  4	  4	  4	  4	  4	  4	  0	  0	  0	  0	  0	  0	  0	  0	  0	  0	  0	  0	  0	  0	  0	  0	  0	  0	  0	  0	  0	  0	  0	  0	 85	 61	 32	 70	  0	 64	  0	  0	  0	  0	  0	  0	  0	  0	  0	  0	  0	  5	21821	  0
29-10-2015	17:18:22	<-	L	00000000	 23	 86	 62	 33	  0	346	  0	  4	  4	  4	  4	  4	  4	  4	  4	  0	  0	  0	  0	  0	  0	  0	  0	  0	  0	  0	  0	  0	  0	  0	  0	  0	  0	  0	  0	  0	  0	  0	  0	 86	 62	 33	 70	  0	 67	  0	  0	  0	  0	  0	  0	  0	  0	  0	  0	  0	  5	21821	  0
29-10-2015	17:23:22	<-	L	00000000	 23	 84	 60	 32	  0	351	  0	  4	  4	  4	  4	  4	  4	  4	  4	  0	  0	  0	  0	  0	  0	  0	  0	  0	  0	  0	  0	  0	  0	  0	  0	  0	  0	  0	  0	  0	  0	  0	  0	 84	 60	 32	 69	  0	 64	  0	  0	  0	  0	  0	  0	  0	  0	  0	  0	  0	  5	21821	  0
29-10-2015	17:28:22	<-	L	00000000	 23	 81	 61	 38	  0	356	  0	  4	  4	  4	  4	  4	  4	  4	  4	  0	  0	  0	  0	  0	  0	  0	  0	  0	  0	  0	  0	  0	  0	  0	  0	  0	  0	  0	  0	  0	  0	  0	  0	 81	 61	 38	 69	  0	 67	  0	  0	  0	  0	  0	  0	  0	  0	  0	  0	  0	  5	21821	  0
29-10-2015	17:33:22	<-	L	00000000	 24	 83	 62	 38	  0	  0	  0	  4	  4	  4	  4	  4	  4	  4	  4	  0	  0	  0	  0	  0	  0	  0	  0	  0	  0	  0	  0	  0	  0	  0	  0	  0	  0	  0	  0	  0	  0	  0	  0	 83	 62	 36	 70	  0	 67	  0	  0	  0	  0	  0	  0	  0	  0	  0	  0	  0	  5	21819	  0
29-10-2015	17:38:22	<-	L	00000000	 24	 86	 60	 30	  0	  5	  0	  4	  4	  4	  4	  4	  4	  4	  4	  0	  0	  0	  0	  0	  0	  0	  0	  0	  0	  0	  0	  0	  0	  0	  0	  0	  0	  0	  0	  0	  0	  0	  0	 86	 60	 30	 69	  0	 64	  0	  0	  0	  0	  0	  0	  0	  0	  0	  0	  0	  5	21819	  0
29-10-2015	17:43:22	<-	L	00000000	 24	 86	 60	 30	  0	 10	  0	  4	  4	  4	  4	  4	  4	  4	  4	  0	  0	  0	  0	  0	  0	  0	  0	  0	  0	  0	  0	  0	  0	  0	  0	  0	  0	  0	  0	  0	  0	  0	  0	 86	 60	 30	 69	  0	 64	  0	  0	  0	  0	  0	  0	  0	  0	  0	  0	  0	  5	21819	  0
29-10-2015	17:48:23	<-	L	00000000	 24	 81	 59	 34	  0	 15	  0	  4	  4	  4	  4	  4	  4	  4	  4	  0	  0	  0	  0	  0	  0	  0	  0	  0	  0	  0	  0	  0	  0	  0	  0	  0	  0	  0	  0	  0	  0	  0	  0	 81	 59	 34	 68	  0	 63	  0	  0	  0	  0	  0	  0	  0	  0	  0	  0	  0	  5	21819	  0
29-10-2015	17:53:22	<-	L	00000000	 24	 84	 60	 32	  0	 20	  0	  4	  4	  4	  4	  4	  4	  4	  4	  0	  0	  0	  0	  0	  0	  0	  0	  0	  0	  0	  0	  0	  0	  0	  0	  0	  0	  0	  0	  0	  0	  0	  0	 84	 60	 32	 69	  0	 64	  0	  0	  0	  0	  0	  0	  0	  0	  0	  0	  0	  5	21819	  0
29-10-2015	17:58:22	<-	L	00000000	 24	 86	 59	 30	  0	 25	  0	  4	  4	  4	  4	  4	  4	  4	  4	  0	  0	  0	  0	  0	  0	  0	  0	  0	  0	  0	  0	  0	  0	  0	  0	  0	  0	  0	  0	  0	  0	  0	  0	 86	 59	 28	 69	  0	 60	  0	  0	  0	  0	  0	  0	  0	  0	  0	  0	  0	  5	21819	  0
29-10-2015	18:03:22	<-	L	00000000	 24	 87	 60	 28	  0	 30	  0	  4	  4	  4	  4	  4	  4	  4	  4	  0	  0	  0	  0	  0	  0	  0	  0	  0	  0	  0	  0	  0	  0	  0	  0	  0	  0	  0	  0	  0	  0	  0	  0	 87	 60	 28	 70	  0	 60	  0	  0	  0	  0	  0	  0	  0	  0	  0	  0	  0	  5	21819	  0
29-10-2015	18:08:22	<-	L	00000000	 24	 82	 60	 35	  0	 35	  0	  4	  4	  4	  4	  4	  4	  4	  4	  0	  0	  0	  0	  0	  0	  0	  0	  0	  0	  0	  0	  0	  0	  0	  0	  0	  0	  0	  0	  0	  0	  0	  0	 82	 60	 34	 69	  0	 64	  0	  0	  0	  0	  0	  0	  0	  0	  0	  0	  0	  5	21819	  0
29-10-2015	18:13:22	<-	L	00000000	 24	 86	 59	 30	  0	 40	  0	  4	  4	  4	  4	  4	  4	  4	  4	  0	  0	  0	  0	  0	  0	  0	  0	  0	  0	  0	  0	  0	  0	  0	  0	  0	  0	  0	  0	  0	  0	  0	  0	 86	 59	 28	 69	  0	 60	  0	  0	  0	  0	  0	  0	  0	  0	  0	  0	  0	  5	21819	  0
29-10-2015	18:18:23	<-	L	00000000	 24	 83	 60	 32	  0	 45	  0	  4	  4	  4	  4	  4	  4	  4	  4	  0	  0	  0	  0	  0	  0	  0	  0	  0	  0	  0	  0	  0	  0	  0	  0	  0	  0	  0	  0	  0	  0	  0	  0	 83	 60	 32	 69	  0	 64	  0	  0	  0	  0	  0	  0	  0	  0	  0	  0	  0	  5	21819	  0
29-10-2015	18:23:23	<-	L	00000000	 24	 85	 59	 29	  0	 50	  0	  4	  4	  4	  4	  4	  4	  4	  4	  0	  0	  0	  0	  0	  0	  0	  0	  0	  0	  0	  0	  0	  0	  0	  0	  0	  0	  0	  0	  0	  0	  0	  0	 85	 59	 30	 69	  0	 60	  0	  0	  0	  0	  0	  0	  0	  0	  0	  0	  0	  5	21819	  0
29-10-2015	18:28:23	<-	L	00000000	 24	 87	 59	 28	  0	 55	  0	  4	  4	  4	  4	  4	  4	  4	  4	  0	  0	  0	  0	  0	  0	  0	  0	  0	  0	  0	  0	  0	  0	  0	  0	  0	  0	  0	  0	  0	  0	  0	  0	 86	 59	 27	 69	  0	 60	  0	  0	  0	  0	  0	  0	  0	  0	  0	  0	  0	  5	21819	  0
29-10-2015	18:33:23	<-	L	00000000	 24	 82	 60	 34	  0	 60	  0	  4	  4	  4	  4	  4	  4	  4	  4	  0	  0	  0	  0	  0	  0	  0	  0	  0	  0	  0	  0	  0	  0	  0	  0	  0	  0	  0	  0	  0	  0	  0	  0	 82	 60	 34	 68	  0	 67	  0	  0	  0	  0	  0	  0	  0	  0	  0	  0	  0	  5	21819	  0
29-10-2015	18:38:23	->	L	00000000	 24	 81	 60	 35	  0	 65	  0	  4	  4	  4	  4	  4	  4	  4	  4	  0	  0	  0	  0	  0	  0	  0	  0	  0	  0	  0	  0	  0	  0	  0	  0	  0	  0	  0	  0	  0	  0	  0	  0	 81	 60	 35	 76	  0	 45	  0	  0	  0	  0	  0	  0	  0	  0	  0	  0	  0	  5	21819	  0
29-10-2015	18:43:23	->	L	00000000	 24	 85	 55	 24	  0	 70	  0	  4	  4	  4	  4	  4	  4	  4	  4	  0	  0	  0	  0	  0	  0	  0	  0	  0	  0	  0	  0	  0	  0	  0	  0	  0	  0	  0	  0	  0	  0	  0	  0	 66	 55	 56	 85	  0	 24	  0	  0	  0	  0	  0	  0	  0	  0	  0	  0	  0	  5	21819	  0
29-10-2015	18:48:23	->	L	00000000	 24	 85	 55	 24	  0	 75	  0	  4	  4	  4	  4	  4	  4	  4	  4	  0	  0	  0	  0	  0	  0	  0	  0	  0	  0	  0	  0	  0	  0	  0	  0	  0	  0	  0	  0	  0	  0	  0	  0	 64	 55	 62	 85	  0	 24	  0	  0	  0	  0	  0	  0	  0	  0	  0	  0	  0	  5	21819	  0
29-10-2015	18:53:23	->	L	00000000	 24	 85	 55	 25	  0	 80	  0	  4	  4	  4	  4	  4	  4	  4	  4	  0	  0	  0	  0	  0	  0	  0	  0	  0	  0	  0	  0	  0	  0	  0	  0	  0	  0	  0	  0	  0	  0	  0	  0	 63	 55	 66	 85	  0	 24	  0	  0	  0	  0	  0	  0	  0	  0	  0	  0	  0	  5	21819	  0
29-10-2015	18:58:23	->	L	00000000	 24	 85	 56	 25	  0	 85	  0	  4	  4	  4	  4	  4	  4	  4	  4	  0	  0	  0	  0	  0	  0	  0	  0	  0	  0	  0	  0	  0	  0	  0	  0	  0	  0	  0	  0	  0	  0	  0	  0	 63	 56	 69	 85	  0	 25	  0	  0	  0	  0	  0	  0	  0	  0	  0	  0	  0	  5	21819	  0
29-10-2015	19:03:24	->	L	00000000	 24	 85	 56	 25	  0	 90	  0	  4	  4	  4	  4	  4	  4	  4	  4	  0	  0	  0	  0	  0	  0	  0	  0	  0	  0	  0	  0	  0	  0	  0	  0	  0	  0	  0	  0	  0	  0	  0	  0	 63	 56	 69	 85	  0	 25	  0	  0	  0	  0	  0	  0	  0	  0	  0	  0	  0	  5	21819	  0
29-10-2015	19:08:23	->	L	00000000	 24	 83	 56	 29	  0	 95	  0	  4	  4	  4	  4	  4	  4	  4	  4	  0	  0	  0	  0	  0	  0	  0	  0	  0	  0	  0	  0	  0	  0	  0	  0	  0	  0	  0	  0	  0	  0	  0	  0	 63	 56	 69	 83	  0	 27	  0	  0	  0	  0	  0	  0	  0	  0	  0	  0	  0	  5	21819	  0
29-10-2015	19:13:23	->	L	00000000	 24	 85	 56	 25	  0	100	  0	  4	  4	  4	  4	  4	  4	  4	  4	  0	  0	  0	  0	  0	  0	  0	  0	  0	  0	  0	  0	  0	  0	  0	  0	  0	  0	  0	  0	  0	  0	  0	  0	 63	 56	 69	 85	  0	 25	  0	  0	  0	  0	  0	  0	  0	  0	  0	  0	  0	  5	21819	  0
29-10-2015	19:18:23	->	L	00000000	 24	 85	 57	 27	  0	105	  0	  4	  4	  4	  4	  4	  4	  4	  4	  0	  0	  0	  0	  0	  0	  0	  0	  0	  0	  0	  0	  0	  0	  0	  0	  0	  0	  0	  0	  0	  0	  0	  0	 63	 57	 73	 85	  0	 27	  0	  0	  0	  0	  0	  0	  0	  0	  0	  0	  0	  5	21819	  0
29-10-2015	19:23:24	->	L	00000000	 24	 84	 57	 27	  0	110	  0	  4	  4	  4	  4	  4	  4	  4	  4	  0	  0	  0	  0	  0	  0	  0	  0	  0	  0	  0	  0	  0	  0	  0	  0	  0	  0	  0	  0	  0	  0	  0	  0	 63	 57	 73	 84	  0	 27	  0	  0	  0	  0	  0	  0	  0	  0	  0	  0	  0	  5	21819	  0
29-10-2015	19:28:24	->	L	00000000	 24	 84	 57	 29	  0	115	  0	  4	  4	  4	  4	  4	  4	  4	  4	  0	  0	  0	  0	  0	  0	  0	  0	  0	  0	  0	  0	  0	  0	  0	  0	  0	  0	  0	  0	  0	  0	  0	  0	 63	 57	 73	 84	  0	 27	  0	  0	  0	  0	  0	  0	  0	  0	  0	  0	  0	  5	21819	  0
29-10-2015	19:33:24	->	L	00000000	 24	 84	 57	 27	  0	120	  0	  4	  4	  4	  4	  4	  4	  4	  4	  0	  0	  0	  0	  0	  0	  0	  0	  0	  0	  0	  0	  0	  0	  0	  0	  0	  0	  0	  0	  0	  0	  0	  0	 63	 57	 73	 84	  0	 27	  0	  0	  0	  0	  0	  0	  0	  0	  0	  0	  0	  5	21819	  0
29-10-2015	19:38:24	->	L	00000000	 24	 86	 57	 27	  0	125	  0	  4	  4	  4	  4	  4	  4	  4	  4	  0	  0	  0	  0	  0	  0	  0	  0	  0	  0	  0	  0	  0	  0	  0	  0	  0	  0	  0	  0	  0	  0	  0	  0	 64	 57	 70	 86	  0	 25	  0	  0	  0	  0	  0	  0	  0	  0	  0	  0	  0	  5	21819	  0
29-10-2015	19:43:24	->	L	00000000	 24	 84	 58	 27	  0	130	  0	  4	  4	  4	  4	  4	  4	  4	  4	  0	  0	  0	  0	  0	  0	  0	  0	  0	  0	  0	  0	  0	  0	  0	  0	  0	  0	  0	  0	  0	  0	  0	  0	 64	 58	 73	 84	  0	 29	  0	  0	  0	  0	  0	  0	  0	  0	  0	  0	  0	  5	21819	  0
29-10-2015	19:48:24	->	L	00000000	 24	 83	 57	 29	  0	135	  0	  4	  4	  4	  4	  4	  4	  4	  4	  0	  0	  0	  0	  0	  0	  0	  0	  0	  0	  0	  0	  0	  0	  0	  0	  0	  0	  0	  0	  0	  0	  0	  0	 63	 57	 73	 83	  0	 29	  0	  0	  0	  0	  0	  0	  0	  0	  0	  0	  0	  5	21819	  0
29-10-2015	19:53:24	->	L	00000000	 24	 86	 58	 28	  0	140	  0	  4	  4	  4	  4	  4	  4	  4	  4	  0	  0	  0	  0	  0	  0	  0	  0	  0	  0	  0	  0	  0	  0	  0	  0	  0	  0	  0	  0	  0	  0	  0	  0	 64	 58	 73	 86	  0	 27	  0	  0	  0	  0	  0	  0	  0	  0	  0	  0	  0	  5	21819	  0
29-10-2015	19:58:24	->	L	00000000	 24	 84	 58	 28	  0	145	  0	  4	  4	  4	  4	  4	  4	  4	  4	  0	  0	  0	  0	  0	  0	  0	  0	  0	  0	  0	  0	  0	  0	  0	  0	  0	  0	  0	  0	  0	  0	  0	  0	 64	 58	 73	 84	  0	 29	  0	  0	  0	  0	  0	  0	  0	  0	  0	  0	  0	  5	21819	  0
29-10-2015	20:03:24	->	L	00000000	 24	 83	 58	 29	  0	150	  0	  4	  4	  4	  4	  4	  4	  4	  4	  0	  0	  0	  0	  0	  0	  0	  0	  0	  0	  0	  0	  0	  0	  0	  0	  0	  0	  0	  0	  0	  0	  0	  0	 63	 58	 79	 83	  0	 29	  0	  0	  0	  0	  0	  0	  0	  0	  0	  0	  0	  5	21819	  0
29-10-2015	20:08:24	->	L	00000000	 24	 86	 58	 28	  0	155	  0	  4	  4	  4	  4	  4	  4	  4	  4	  0	  0	  0	  0	  0	  0	  0	  0	  0	  0	  0	  0	  0	  0	  0	  0	  0	  0	  0	  0	  0	  0	  0	  0	 64	 58	 73	 86	  0	 27	  0	  0	  0	  0	  0	  0	  0	  0	  0	  0	  0	  5	21819	  0
29-10-2015	20:13:24	->	L	00000000	 24	 84	 58	 28	  0	160	  0	  4	  4	  4	  4	  4	  4	  4	  4	  0	  0	  0	  0	  0	  0	  0	  0	  0	  0	  0	  0	  0	  0	  0	  0	  0	  0	  0	  0	  0	  0	  0	  0	 64	 58	 73	 84	  0	 29	  0	  0	  0	  0	  0	  0	  0	  0	  0	  0	  0	  5	21819	  0
29-10-2015	20:18:24	->	L	00000000	 24	 83	 58	 29	  0	165	  0	  4	  4	  4	  4	  4	  4	  4	  4	  0	  0	  0	  0	  0	  0	  0	  0	  0	  0	  0	  0	  0	  0	  0	  0	  0	  0	  0	  0	  0	  0	  0	  0	 63	 58	 79	 83	  0	 29	  0	  0	  0	  0	  0	  0	  0	  0	  0	  0	  0	  5	21819	  0
29-10-2015	20:23:24	->	L	00000000	 24	 86	 58	 28	  0	170	  0	  4	  4	  4	  4	  4	  4	  4	  4	  0	  0	  0	  0	  0	  0	  0	  0	  0	  0	  0	  0	  0	  0	  0	  0	  0	  0	  0	  0	  0	  0	  0	  0	 64	 58	 73	 86	  0	 27	  0	  0	  0	  0	  0	  0	  0	  0	  0	  0	  0	  5	21819	  0
29-10-2015	20:28:25	->	L	00000000	 24	 82	 59	 31	  0	175	  0	  4	  4	  4	  4	  4	  4	  4	  4	  0	  0	  0	  0	  0	  0	  0	  0	  0	  0	  0	  0	  0	  0	  0	  0	  0	  0	  0	  0	  0	  0	  0	  0	 64	 59	 79	 82	  0	 31	  0	  0	  0	  0	  0	  0	  0	  0	  0	  0	  0	  5	21819	  0
29-10-2015	20:33:25	->	L	00000000	 24	 85	 59	 29	  0	180	  0	  4	  4	  4	  4	  4	  4	  4	  4	  0	  0	  0	  0	  0	  0	  0	  0	  0	  0	  0	  0	  0	  0	  0	  0	  0	  0	  0	  0	  0	  0	  0	  0	 64	 59	 79	 85	  0	 30	  0	  0	  0	  0	  0	  0	  0	  0	  0	  0	  0	  5	21819	  0
29-10-2015	20:38:25	->	L	00000000	 24	 86	 59	 28	  0	185	  0	  4	  4	  4	  4	  4	  4	  4	  4	  0	  0	  0	  0	  0	  0	  0	  0	  0	  0	  0	  0	  0	  0	  0	  0	  0	  0	  0	  0	  0	  0	  0	  0	 65	 59	 73	 86	  0	 28	  0	  0	  0	  0	  0	  0	  0	  0	  0	  0	  0	  5	21819	  0
29-10-2015	20:43:25	->	L	00000000	 24	 82	 59	 31	  0	190	  0	  4	  4	  4	  4	  4	  4	  4	  4	  0	  0	  0	  0	  0	  0	  0	  0	  0	  0	  0	  0	  0	  0	  0	  0	  0	  0	  0	  0	  0	  0	  0	  0	 64	 59	 79	 82	  0	 31	  0	  0	  0	  0	  0	  0	  0	  0	  0	  0	  0	  5	21819	  0
29-10-2015	20:48:25	->	L	00000000	 24	 85	 59	 29	  0	195	  0	  4	  4	  4	  4	  4	  4	  4	  4	  0	  0	  0	  0	  0	  0	  0	  0	  0	  0	  0	  0	  0	  0	  0	  0	  0	  0	  0	  0	  0	  0	  0	  0	 63	 59	 81	 85	  0	 30	  0	  0	  0	  0	  0	  0	  0	  0	  0	  0	  0	  5	21819	  0
29-10-2015	20:53:25	->	L	00000000	 24	 86	 59	 28	  0	200	  0	  4	  4	  4	  4	  4	  4	  4	  4	  0	  0	  0	  0	  0	  0	  0	  0	  0	  0	  0	  0	  0	  0	  0	  0	  0	  0	  0	  0	  0	  0	  0	  0	 65	 59	 73	 86	  0	 28	  0	  0	  0	  0	  0	  0	  0	  0	  0	  0	  0	  5	21819	  0
29-10-2015	20:58:25	->	L	00000000	 24	 82	 59	 31	  0	205	  0	  4	  4	  4	  4	  4	  4	  4	  4	  0	  0	  0	  0	  0	  0	  0	  0	  0	  0	  0	  0	  0	  0	  0	  0	  0	  0	  0	  0	  0	  0	  0	  0	 64	 59	 79	 82	  0	 31	  0	  0	  0	  0	  0	  0	  0	  0	  0	  0	  0	  5	21819	  0
29-10-2015	21:03:25	->	L	00000000	 24	 83	 59	 31	  0	210	  0	  4	  4	  4	  4	  4	  4	  4	  4	  0	  0	  0	  0	  0	  0	  0	  0	  0	  0	  0	  0	  0	  0	  0	  0	  0	  0	  0	  0	  0	  0	  0	  0	 64	 59	 79	 83	  0	 31	  0	  0	  0	  0	  0	  0	  0	  0	  0	  0	  0	  5	21819	  0
29-10-2015	21:08:25	->	L	00000000	 24	 86	 60	 30	  0	215	  0	  4	  4	  4	  4	  4	  4	  4	  4	  0	  0	  0	  0	  0	  0	  0	  0	  0	  0	  0	  0	  0	  0	  0	  0	  0	  0	  0	  0	  0	  0	  0	  0	 65	 60	 79	 86	  0	 30	  0	  0	  0	  0	  0	  0	  0	  0	  0	  0	  0	  5	21819	  0
29-10-2015	21:13:25	->	L	00000000	 24	 85	 59	 30	  0	220	  0	  4	  4	  4	  4	  4	  4	  4	  4	  0	  0	  0	  0	  0	  0	  0	  0	  0	  0	  0	  0	  0	  0	  0	  0	  0	  0	  0	  0	  0	  0	  0	  0	 65	 59	 73	 85	  0	 30	  0	  0	  0	  0	  0	  0	  0	  0	  0	  0	  0	  5	21819	  0
29-10-2015	21:18:25	->	L	00000000	 24	 82	 59	 31	  0	225	  0	  4	  4	  4	  4	  4	  4	  4	  4	  0	  0	  0	  0	  0	  0	  0	  0	  0	  0	  0	  0	  0	  0	  0	  0	  0	  0	  0	  0	  0	  0	  0	  0	 64	 59	 79	 82	  0	 31	  0	  0	  0	  0	  0	  0	  0	  0	  0	  0	  0	  5	21819	  0
29-10-2015	21:23:25	->	L	00000000	 24	 84	 59	 29	  0	230	  0	  4	  4	  4	  4	  4	  4	  4	  4	  0	  0	  0	  0	  0	  0	  0	  0	  0	  0	  0	  0	  0	  0	  0	  0	  0	  0	  0	  0	  0	  0	  0	  0	 64	 59	 79	 84	  0	 29	  0	  0	  0	  0	  0	  0	  0	  0	  0	  0	  0	  5	21819	  0
29-10-2015	21:28:25	->	L	00000000	 24	 86	 59	 28	  0	235	  0	  4	  4	  4	  4	  4	  4	  4	  4	  0	  0	  0	  0	  0	  0	  0	  0	  0	  0	  0	  0	  0	  0	  0	  0	  0	  0	  0	  0	  0	  0	  0	  0	 65	 59	 73	 86	  0	 28	  0	  0	  0	  0	  0	  0	  0	  0	  0	  0	  0	  5	21819	  0
29-10-2015	21:33:26	->	L	00000000	 24	 83	 59	 31	  0	240	  0	  4	  4	  4	  4	  4	  4	  4	  4	  0	  0	  0	  0	  0	  0	  0	  0	  0	  0	  0	  0	  0	  0	  0	  0	  0	  0	  0	  0	  0	  0	  0	  0	 64	 59	 79	 83	  0	 31	  0	  0	  0	  0	  0	  0	  0	  0	  0	  0	  0	  5	21819	  0
29-10-2015	21:38:26	->	L	00000000	 24	 84	 59	 29	  0	245	  0	  4	  4	  4	  4	  4	  4	  4	  4	  0	  0	  0	  0	  0	  0	  0	  0	  0	  0	  0	  0	  0	  0	  0	  0	  0	  0	  0	  0	  0	  0	  0	  0	 64	 59	 79	 84	  0	 29	  0	  0	  0	  0	  0	  0	  0	  0	  0	  0	  0	  5	21819	  0
29-10-2015	21:43:26	->	L	00000000	 24	 86	 59	 28	  0	250	  0	  4	  4	  4	  4	  4	  4	  4	  4	  0	  0	  0	  0	  0	  0	  0	  0	  0	  0	  0	  0	  0	  0	  0	  0	  0	  0	  0	  0	  0	  0	  0	  0	 65	 59	 73	 86	  0	 28	  0	  0	  0	  0	  0	  0	  0	  0	  0	  0	  0	  5	21819	  0
29-10-2015	21:48:26	->	L	00000000	 24	 83	 59	 29	  0	255	  0	  4	  4	  4	  4	  4	  4	  4	  4	  0	  0	  0	  0	  0	  0	  0	  0	  0	  0	  0	  0	  0	  0	  0	  0	  0	  0	  0	  0	  0	  0	  0	  0	 64	 59	 79	 83	  0	 31	  0	  0	  0	  0	  0	  0	  0	  0	  0	  0	  0	  5	21819	  0
29-10-2015	21:53:26	->	L	00000000	 24	 85	 59	 29	  0	260	  0	  4	  4	  4	  4	  4	  4	  4	  4	  0	  0	  0	  0	  0	  0	  0	  0	  0	  0	  0	  0	  0	  0	  0	  0	  0	  0	  0	  0	  0	  0	  0	  0	 65	 59	 73	 85	  0	 30	  0	  0	  0	  0	  0	  0	  0	  0	  0	  0	  0	  5	21819	  0
29-10-2015	21:58:26	->	L	00000000	 24	 86	 60	 30	  0	265	  0	  4	  4	  4	  4	  4	  4	  4	  4	  0	  0	  0	  0	  0	  0	  0	  0	  0	  0	  0	  0	  0	  0	  0	  0	  0	  0	  0	  0	  0	  0	  0	  0	 65	 60	 79	 86	  0	 30	  0	  0	  0	  0	  0	  0	  0	  0	  0	  0	  0	  5	21819	  0
29-10-2015	22:03:26	->	L	00000000	 24	 82	 59	 31	  0	270	  0	  4	  4	  4	  4	  4	  4	  4	  4	  0	  0	  0	  0	  0	  0	  0	  0	  0	  0	  0	  0	  0	  0	  0	  0	  0	  0	  0	  0	  0	  0	  0	  0	 64	 59	 79	 82	  0	 31	  0	  0	  0	  0	  0	  0	  0	  0	  0	  0	  0	  5	21819	  0
29-10-2015	22:08:26	->	L	00000000	 24	 84	 59	 29	  0	275	  0	  4	  4	  4	  4	  4	  4	  4	  4	  0	  0	  0	  0	  0	  0	  0	  0	  0	  0	  0	  0	  0	  0	  0	  0	  0	  0	  0	  0	  0	  0	  0	  0	 64	 59	 79	 84	  0	 29	  0	  0	  0	  0	  0	  0	  0	  0	  0	  0	  0	  5	21819	  0
29-10-2015	22:13:26	->	L	00000000	 24	 86	 59	 28	  0	280	  0	  4	  4	  4	  4	  4	  4	  4	  4	  0	  0	  0	  0	  0	  0	  0	  0	  0	  0	  0	  0	  0	  0	  0	  0	  0	  0	  0	  0	  0	  0	  0	  0	 65	 59	 73	 86	  0	 28	  0	  0	  0	  0	  0	  0	  0	  0	  0	  0	  0	  5	21819	  0
29-10-2015	22:18:26	->	L	00000000	 24	 85	 59	 28	  0	285	  0	  4	  4	  4	  4	  4	  4	  4	  4	  0	  0	  0	  0	  0	  0	  0	  0	  0	  0	  0	  0	  0	  0	  0	  0	  0	  0	  0	  0	  0	  0	  0	  0	 65	 59	 73	 85	  0	 30	  0	  0	  0	  0	  0	  0	  0	  0	  0	  0	  0	  5	21819	  0
29-10-2015	22:23:26	->	L	00000000	 24	 83	 59	 31	  0	290	  0	  4	  4	  4	  4	  4	  4	  4	  4	  0	  0	  0	  0	  0	  0	  0	  0	  0	  0	  0	  0	  0	  0	  0	  0	  0	  0	  0	  0	  0	  0	  0	  0	 64	 59	 79	 83	  0	 31	  0	  0	  0	  0	  0	  0	  0	  0	  0	  0	  0	  5	21819	  0
29-10-2015	22:28:26	->	L	00000000	 24	 86	 59	 30	  0	295	  0	  4	  4	  4	  4	  4	  4	  4	  4	  0	  0	  0	  0	  0	  0	  0	  0	  0	  0	  0	  0	  0	  0	  0	  0	  0	  0	  0	  0	  0	  0	  0	  0	 65	 59	 73	 86	  0	 28	  0	  0	  0	  0	  0	  0	  0	  0	  0	  0	  0	  5	21819	  0
29-10-2015	22:33:26	->	L	00000000	 24	 85	 59	 28	  0	300	  0	  4	  4	  4	  4	  4	  4	  4	  4	  0	  0	  0	  0	  0	  0	  0	  0	  0	  0	  0	  0	  0	  0	  0	  0	  0	  0	  0	  0	  0	  0	  0	  0	 64	 59	 79	 85	  0	 30	  0	  0	  0	  0	  0	  0	  0	  0	  0	  0	  0	  5	21819	  0
29-10-2015	22:38:27	  	L	00000000	 24	 84	 62	 32	  0	305	  0	  4	  4	  4	  4	  4	  4	  4	  4	  0	  0	  0	  0	  0	  0	  0	  0	  0	  0	  0	  0	  0	  0	  0	  0	  0	  0	  0	  0	  0	  0	  0	  0	 67	 62	 79	 84	  0	 35	  0	  0	  0	  0	  0	  0	  0	  0	  0	  0	  0	  5	21819	  0
29-10-2015	22:43:26	<-	L	00000000	 24	 85	 61	 30	  0	310	  0	  4	  4	  4	  4	  4	  4	  4	  4	  0	  0	  0	  0	  0	  0	  0	  0	  0	  0	  0	  0	  0	  0	  0	  0	  0	  0	  0	  0	  0	  0	  0	  0	 85	 61	 32	 70	  0	 64	  0	  0	  0	  0	  0	  0	  0	  0	  0	  0	  0	  5	21819	  0
29-10-2015	22:48:26	<-	L	00000000	 24	 82	 60	 35	  0	315	  0	  4	  4	  4	  4	  4	  4	  4	  4	  0	  0	  0	  0	  0	  0	  0	  0	  0	  0	  0	  0	  0	  0	  0	  0	  0	  0	  0	  0	  0	  0	  0	  0	 82	 60	 34	 66	  0	 73	  0	  0	  0	  0	  0	  0	  0	  0	  0	  0	  0	  5	21819	  0
29-10-2015	22:53:27	<-	L	00000000	 24	 86	 60	 30	  0	320	  0	  4	  4	  4	  4	  4	  4	  4	  4	  0	  0	  0	  0	  0	  0	  0	  0	  0	  0	  0	  0	  0	  0	  0	  0	  0	  0	  0	  0	  0	  0	  0	  0	 86	 60	 30	 67	  0	 70	  0	  0	  0	  0	  0	  0	  0	  0	  0	  0	  0	  5	21819	  0
29-10-2015	22:58:27	<-	L	00000000	 24	 82	 60	 35	  0	325	  0	  4	  4	  4	  4	  4	  4	  4	  4	  0	  0	  0	  0	  0	  0	  0	  0	  0	  0	  0	  0	  0	  0	  0	  0	  0	  0	  0	  0	  0	  0	  0	  0	 82	 60	 34	 66	  0	 73	  0	  0	  0	  0	  0	  0	  0	  0	  0	  0	  0	  5	21819	  0
29-10-2015	23:03:27	<-	L	00000000	 24	 85	 60	 30	  0	330	  0	  4	  4	  4	  4	  4	  4	  4	  4	  0	  0	  0	  0	  0	  0	  0	  0	  0	  0	  0	  0	  0	  0	  0	  0	  0	  0	  0	  0	  0	  0	  0	  0	 85	 60	 30	 67	  0	 70	  0	  0	  0	  0	  0	  0	  0	  0	  0	  0	  0	  5	21819	  0
29-10-2015	23:08:27	<-	L	00000000	 24	 84	 59	 30	  0	335	  0	  4	  4	  4	  4	  4	  4	  4	  4	  0	  0	  0	  0	  0	  0	  0	  0	  0	  0	  0	  0	  0	  0	  0	  0	  0	  0	  0	  0	  0	  0	  0	  0	 84	 59	 29	 66	  0	 70	  0	  0	  0	  0	  0	  0	  0	  0	  0	  0	  0	  5	21819	  0
29-10-2015	23:13:27	<-	L	00000000	 24	 82	 60	 35	  0	340	  0	  4	  4	  4	  4	  4	  4	  4	  4	  0	  0	  0	  0	  0	  0	  0	  0	  0	  0	  0	  0	  0	  0	  0	  0	  0	  0	  0	  0	  0	  0	  0	  0	 82	 60	 34	 66	  0	 73	  0	  0	  0	  0	  0	  0	  0	  0	  0	  0	  0	  5	21819	  0
29-10-2015	23:18:27	<-	L	00000000	 24	 85	 59	 32	  0	345	  0	  4	  4	  4	  4	  4	  4	  4	  4	  0	  0	  0	  0	  0	  0	  0	  0	  0	  0	  0	  0	  0	  0	  0	  0	  0	  0	  0	  0	  0	  0	  0	  0	 85	 59	 30	 66	  0	 70	  0	  0	  0	  0	  0	  0	  0	  0	  0	  0	  0	  5	21819	  0
29-10-2015	23:23:27	<-	L	00000000	 24	 87	 60	 30	  0	350	  0	  4	  4	  4	  4	  4	  4	  4	  4	  0	  0	  0	  0	  0	  0	  0	  0	  0	  0	  0	  0	  0	  0	  0	  0	  0	  0	  0	  0	  0	  0	  0	  0	 87	 60	 28	 67	  0	 70	  0	  0	  0	  0	  0	  0	  0	  0	  0	  0	  0	  5	21819	  0
29-10-2015	23:28:27	<-	L	00000000	 24	 83	 59	 29	  0	355	  0	  4	  4	  4	  4	  4	  4	  4	  4	  0	  0	  0	  0	  0	  0	  0	  0	  0	  0	  0	  0	  0	  0	  0	  0	  0	  0	  0	  0	  0	  0	  0	  0	 83	 59	 31	 66	  0	 70	  0	  0	  0	  0	  0	  0	  0	  0	  0	  0	  0	  5	21819	  0
29-10-2015	23:33:27	<-	L	00000000	 24	 83	 60	 31	  0	360	  0	  4	  4	  4	  4	  4	  4	  4	  4	  0	  0	  0	  0	  0	  0	  0	  0	  0	  0	  0	  0	  0	  0	  0	  0	  0	  0	  0	  0	  0	  0	  0	  0	 83	 60	 32	 66	  0	 73	  0	  0	  0	  0	  0	  0	  0	  0	  0	  0	  0	  5	21819	  0
29-10-2015	23:38:27	<-	L	00000000	 25	 86	 58	 27	  0	  4	  0	  4	  4	  4	  4	  4	  4	  4	  4	  0	  0	  0	  0	  0	  0	  0	  0	  0	  0	  0	  0	  0	  0	  0	  0	  0	  0	  0	  0	  0	  0	  0	  0	 86	 58	 27	 65	  0	 70	  0	  0	  0	  0	  0	  0	  0	  0	  0	  0	  0	  5	21817	  0
29-10-2015	23:43:28	<-	L	00000000	 25	 81	 57	 29	  0	  9	  0	  4	  4	  4	  4	  4	  4	  4	  4	  0	  0	  0	  0	  0	  0	  0	  0	  0	  0	  0	  0	  0	  0	  0	  0	  0	  0	  0	  0	  0	  0	  0	  0	 81	 57	 31	 65	  0	 66	  0	  0	  0	  0	  0	  0	  0	  0	  0	  0	  0	  5	21817	  0
29-10-2015	23:48:27	<-	L	00000000	 25	 84	 58	 29	  0	 14	  0	  4	  4	  4	  4	  4	  4	  4	  4	  0	  0	  0	  0	  0	  0	  0	  0	  0	  0	  0	  0	  0	  0	  0	  0	  0	  0	  0	  0	  0	  0	  0	  0	 84	 58	 29	 65	  0	 70	  0	  0	  0	  0	  0	  0	  0	  0	  0	  0	  0	  5	21817	  0
29-10-2015	23:53:27	<-	L	00000000	 25	 86	 58	 27	  0	 19	  0	  4	  4	  4	  4	  4	  4	  4	  4	  0	  0	  0	  0	  0	  0	  0	  0	  0	  0	  0	  0	  0	  0	  0	  0	  0	  0	  0	  0	  0	  0	  0	  0	 86	 58	 27	 67	  0	 63	  0	  0	  0	  0	  0	  0	  0	  0	  0	  0	  0	  5	21817	  0
29-10-2015	23:58:27	<-	L	00000000	 25	 80	 57	 30	  0	 24	  0	  4	  4	  4	  4	  4	  4	  4	  4	  0	  0	  0	  0	  0	  0	  0	  0	  0	  0	  0	  0	  0	  0	  0	  0	  0	  0	  0	  0	  0	  0	  0	  0	 80	 57	 30	 65	  0	 66	  0	  0	  0	  0	  0	  0	  0	  0	  0	  0	  0	  5	21817	  0
30-10-2015	00:03:27	<-	L	00000000	 25	 85	 58	 29	  0	 29	  0	  4	  4	  4	  4	  4	  4	  4	  4	  0	  0	  0	  0	  0	  0	  0	  0	  0	  0	  0	  0	  0	  0	  0	  0	  0	  0	  0	  0	  0	  0	  0	  0	 85	 58	 28	 66	  0	 66	  0	  0	  0	  0	  0	  0	  0	  0	  0	  0	  0	  5	21817	  0
30-10-2015	00:08:28	<-	L	00000000	 25	 86	 57	 25	  0	 34	  0	  4	  4	  4	  4	  4	  4	  4	  4	  0	  0	  0	  0	  0	  0	  0	  0	  0	  0	  0	  0	  0	  0	  0	  0	  0	  0	  0	  0	  0	  0	  0	  0	 86	 57	 25	 66	  0	 63	  0	  0	  0	  0	  0	  0	  0	  0	  0	  0	  0	  5	21817	  0
30-10-2015	00:13:28	<-	L	00000000	 25	 82	 58	 31	  0	 39	  0	  4	  4	  4	  4	  4	  4	  4	  4	  0	  0	  0	  0	  0	  0	  0	  0	  0	  0	  0	  0	  0	  0	  0	  0	  0	  0	  0	  0	  0	  0	  0	  0	 82	 58	 31	 66	  0	 66	  0	  0	  0	  0	  0	  0	  0	  0	  0	  0	  0	  5	21817	  0
30-10-2015	00:18:28	<-	L	00000000	 25	 86	 57	 28	  0	 44	  0	  4	  4	  4	  4	  4	  4	  4	  4	  0	  0	  0	  0	  0	  0	  0	  0	  0	  0	  0	  0	  0	  0	  0	  0	  0	  0	  0	  0	  0	  0	  0	  0	 86	 57	 25	 65	  0	 66	  0	  0	  0	  0	  0	  0	  0	  0	  0	  0	  0	  5	21817	  0
30-10-2015	00:23:28	<-	L	00000000	 25	 83	 57	 27	  0	 49	  0	  4	  4	  4	  4	  4	  4	  4	  4	  0	  0	  0	  0	  0	  0	  0	  0	  0	  0	  0	  0	  0	  0	  0	  0	  0	  0	  0	  0	  0	  0	  0	  0	 83	 57	 29	 66	  0	 63	  0	  0	  0	  0	  0	  0	  0	  0	  0	  0	  0	  5	21817	  0
30-10-2015	00:28:28	<-	L	00000000	 25	 84	 58	 29	  0	 54	  0	  4	  4	  4	  4	  4	  4	  4	  4	  0	  0	  0	  0	  0	  0	  0	  0	  0	  0	  0	  0	  0	  0	  0	  0	  0	  0	  0	  0	  0	  0	  0	  0	 84	 58	 29	 66	  0	 66	  0	  0	  0	  0	  0	  0	  0	  0	  0	  0	  0	  5	21817	  0
30-10-2015	00:33:28	<-	L	00000000	 25	 88	 58	 25	  0	 59	  0	  4	  4	  4	  4	  4	  4	  4	  4	  0	  0	  0	  0	  0	  0	  0	  0	  0	  0	  0	  0	  0	  0	  0	  0	  0	  0	  0	  0	  0	  0	  0	  0	 88	 58	 25	 66	  0	 66	  0	  0	  0	  0	  0	  0	  0	  0	  0	  0	  0	  5	21817	  0
30-10-2015	00:38:28	<-	L	00000000	 25	 81	 58	 31	  0	 64	  0	  4	  4	  4	  4	  4	  4	  4	  4	  0	  0	  0	  0	  0	  0	  0	  0	  0	  0	  0	  0	  0	  0	  0	  0	  0	  0	  0	  0	  0	  0	  0	  0	 81	 58	 31	 65	  0	 70	  0	  0	  0	  0	  0	  0	  0	  0	  0	  0	  0	  5	21817	  0
30-10-2015	00:43:28	<-	L	00000000	 25	 88	 57	 25	  0	 69	  0	  4	  4	  4	  4	  4	  4	  4	  4	  0	  0	  0	  0	  0	  0	  0	  0	  0	  0	  0	  0	  0	  0	  0	  0	  0	  0	  0	  0	  0	  0	  0	  0	 88	 57	 24	 66	  0	 63	  0	  0	  0	  0	  0	  0	  0	  0	  0	  0	  0	  5	21817	  0
30-10-2015	00:48:28	<-	L	00000000	 25	 82	 57	 29	  0	 74	  0	  4	  4	  4	  4	  4	  4	  4	  4	  0	  0	  0	  0	  0	  0	  0	  0	  0	  0	  0	  0	  0	  0	  0	  0	  0	  0	  0	  0	  0	  0	  0	  0	 82	 57	 29	 65	  0	 66	  0	  0	  0	  0	  0	  0	  0	  0	  0	  0	  0	  5	21817	  0
