24-06-2015	14:41:18	  	L	00000000	 10	 32	 20	 42	  0	  1	  0	  5	  5	  5	  5	  5	  5	  5	  5	  0	  0	  0	  0	  0	  0	  0	  0	  0	  0	  0	  0	  0	  0	  0	  0	  0	  0	  0	  0	  0	  0	  0	  0	 26	 20	 65	 32	  0	 42	  0	  0	  0	  0	  0	  0	  0	  0	  0	  0	  0	  5	8219	  1
24-06-2015	14:46:18	->	L	00000000	 10	 33	 19	 37	  0	  6	  0	  5	  5	  5	  5	  5	  5	  4	  5	  0	  0	  0	  0	  0	  0	  0	  0	  0	  0	  0	  0	  0	  0	  0	  0	  0	  0	  0	  0	  0	  0	  0	  0	 26	 19	 60	 33	  0	 35	  0	  0	  0	  0	  0	  0	  0	  0	  0	  0	  0	  5	8476	  1
24-06-2015	14:51:18	->	L	00000000	 10	 36	 21	 35	  0	 11	  0	  4	  4	  4	  4	  4	  4	  4	  4	  0	  0	  0	  0	  0	  0	  0	  0	  0	  0	  0	  0	  0	  0	  0	  0	  0	  0	  0	  0	  0	  0	  0	  0	 28	 21	 61	 36	  0	 33	  0	  0	  0	  0	  0	  0	  0	  0	  0	  0	  0	  5	8733	  1
24-06-2015	14:56:18	->	L	00000000	 10	 40	 22	 27	  0	 16	  0	  4	  4	  4	  4	  4	  4	  4	  4	  0	  0	  0	  0	  0	  0	  0	  0	  0	  0	  0	  0	  0	  0	  0	  0	  0	  0	  0	  0	  0	  0	  0	  0	 31	 22	 53	 40	  0	 25	  0	  0	  0	  0	  0	  0	  0	  0	  0	  0	  0	  5	8990	  1
24-06-2015	15:01:18	->	L	00000000	 10	 44	 24	 22	  0	 21	  0	  4	  4	  4	  4	  4	  4	  4	  4	  0	  0	  0	  0	  0	  0	  0	  0	  0	  0	  0	  0	  0	  0	  0	  0	  0	  0	  0	  0	  0	  0	  0	  0	 33	 24	 54	 44	  0	 22	  0	  0	  0	  0	  0	  0	  0	  0	  0	  0	  0	  5	9247	  1
24-06-2015	15:06:18	->	L	00000000	 10	 41	 24	 26	  0	 26	  0	  4	  4	  4	  4	  4	  4	  4	  4	  0	  0	  0	  0	  0	  0	  0	  0	  0	  0	  0	  0	  0	  0	  0	  0	  0	  0	  0	  0	  0	  0	  0	  0	 32	 24	 57	 41	  0	 28	  0	  0	  0	  0	  0	  0	  0	  0	  0	  0	  0	  5	9504	  1
24-06-2015	15:11:18	->	L	00000000	 10	 42	 26	 28	  0	 31	  0	  4	  4	  4	  4	  4	  4	  4	  4	  0	  0	  0	  0	  0	  0	  0	  0	  0	  0	  0	  0	  0	  0	  0	  0	  0	  0	  0	  0	  0	  0	  0	  0	 33	 26	 62	 42	  0	 31	  0	  0	  0	  0	  0	  0	  0	  0	  0	  0	  0	  5	9761	  1
24-06-2015	15:16:19	->	L	00000000	 10	 38	 26	 40	  0	 36	  0	  4	  4	  4	  4	  4	  4	  4	  4	  0	  0	  0	  0	  0	  0	  0	  0	  0	  0	  0	  0	  0	  0	  0	  0	  0	  0	  0	  0	  0	  0	  0	  0	 32	 26	 67	 38	  0	 44	  0	  0	  0	  0	  0	  0	  0	  0	  0	  0	  0	  5	10018	  1
24-06-2015	15:21:19	->	L	00000000	 10	 39	 26	 44	  0	 41	  0	  4	  4	  4	  4	  4	  4	  4	  4	  0	  0	  0	  0	  0	  0	  0	  0	  0	  0	  0	  0	  0	  0	  0	  0	  0	  0	  0	  0	  0	  0	  0	  0	 32	 26	 67	 39	  0	 40	  0	  0	  0	  0	  0	  0	  0	  0	  0	  0	  0	  5	10532	  1
24-06-2015	15:26:19	->	L	00000000	 10	 38	 27	 47	  0	 46	  0	  4	  4	  4	  4	  4	  4	  4	  4	  0	  0	  0	  0	  0	  0	  0	  0	  0	  0	  0	  0	  0	  0	  0	  0	  0	  0	  0	  0	  0	  0	  0	  0	 32	 27	 74	 38	  0	 47	  0	  0	  0	  0	  0	  0	  0	  0	  0	  0	  0	  5	10789	  1
24-06-2015	15:31:19	->	L	00000000	 10	 42	 28	 40	  0	 51	  0	  4	  4	  4	  4	  4	  4	  4	  4	  0	  0	  0	  0	  0	  0	  0	  0	  0	  0	  0	  0	  0	  0	  0	  0	  0	  0	  0	  0	  0	  0	  0	  0	 35	 28	 62	 42	  0	 38	  0	  0	  0	  0	  0	  0	  0	  0	  0	  0	  0	  5	11046	  1
24-06-2015	15:36:19	->	L	00000000	 10	 46	 29	 33	  0	 56	  0	  4	  4	  4	  4	  4	  4	  4	  4	  0	  0	  0	  0	  0	  0	  0	  0	  0	  0	  0	  0	  0	  0	  0	  0	  0	  0	  0	  0	  0	  0	  0	  0	 37	 29	 59	 46	  0	 30	  0	  0	  0	  0	  0	  0	  0	  0	  0	  0	  0	  5	11560	  1
24-06-2015	15:41:19	->	L	00000000	 10	 51	 31	 29	  0	 61	  0	  4	  4	  4	  4	  4	  4	  4	  4	  0	  0	  0	  0	  0	  0	  0	  0	  0	  0	  0	  0	  0	  0	  0	  0	  0	  0	  0	  0	  0	  0	  0	  0	 40	 31	 56	 51	  0	 25	  0	  0	  0	  0	  0	  0	  0	  0	  0	  0	  0	  5	11817	  1
24-06-2015	15:46:19	->	L	00000000	 10	 53	 32	 22	  0	 66	  0	  4	  4	  4	  4	  4	  4	  4	  4	  0	  0	  0	  0	  0	  0	  0	  0	  0	  0	  0	  0	  0	  0	  0	  0	  0	  0	  0	  0	  0	  0	  0	  0	 41	 32	 56	 53	  0	 22	  0	  0	  0	  0	  0	  0	  0	  0	  0	  0	  0	  5	12074	  1
24-06-2015	15:51:19	->	L	00000000	 10	 54	 33	 21	  0	 71	  0	  4	  4	  4	  4	  4	  4	  4	  4	  0	  0	  0	  0	  0	  0	  0	  0	  0	  0	  0	  0	  0	  0	  0	  0	  0	  0	  0	  0	  0	  0	  0	  0	 42	 33	 56	 54	  0	 22	  0	  0	  0	  0	  0	  0	  0	  0	  0	  0	  0	  5	12331	  1
24-06-2015	15:56:19	->	L	00000000	 10	 53	 34	 28	  0	 76	  0	  4	  4	  4	  4	  4	  4	  4	  4	  0	  0	  0	  0	  0	  0	  0	  0	  0	  0	  0	  0	  0	  0	  0	  0	  0	  0	  0	  0	  0	  0	  0	  0	 42	 34	 60	 53	  0	 28	  0	  0	  0	  0	  0	  0	  0	  0	  0	  0	  0	  5	12588	  1
24-06-2015	16:01:20	->	L	00000000	 10	 52	 35	 32	  0	 81	  0	  4	  4	  4	  4	  4	  4	  4	  4	  0	  0	  0	  0	  0	  0	  0	  0	  0	  0	  0	  0	  0	  0	  0	  0	  0	  0	  0	  0	  0	  0	  0	  0	 42	 35	 64	 52	  0	 32	  0	  0	  0	  0	  0	  0	  0	  0	  0	  0	  0	  5	13102	  1
24-06-2015	16:06:20	->	L	00000000	 10	 51	 35	 36	  0	 86	  0	  4	  4	  4	  4	  4	  4	  4	  4	  0	  0	  0	  0	  0	  0	  0	  0	  0	  0	  0	  0	  0	  0	  0	  0	  0	  0	  0	  0	  0	  0	  0	  0	 42	 35	 64	 51	  0	 35	  0	  0	  0	  0	  0	  0	  0	  0	  0	  0	  0	  5	13616	  1
24-06-2015	16:11:19	->	L	00000000	 10	 51	 36	 41	  0	 91	  0	  4	  4	  4	  4	  4	  4	  4	  4	  0	  0	  0	  0	  0	  0	  0	  0	  0	  0	  0	  0	  0	  0	  0	  0	  0	  0	  0	  0	  0	  0	  0	  0	 43	 36	 64	 51	  0	 39	  0	  0	  0	  0	  0	  0	  0	  0	  0	  0	  0	  5	13873	  1
24-06-2015	16:16:19	->	L	00000000	 10	 58	 38	 27	  0	 96	  0	  4	  4	  4	  4	  4	  4	  4	  4	  0	  0	  0	  0	  0	  0	  0	  0	  0	  0	  0	  0	  0	  0	  0	  0	  0	  0	  0	  0	  0	  0	  0	  0	 46	 38	 61	 58	  0	 28	  0	  0	  0	  0	  0	  0	  0	  0	  0	  0	  0	  5	14130	  1
24-06-2015	16:21:19	->	L	00000000	 10	 61	 39	 25	  0	101	  0	  4	  4	  4	  4	  4	  4	  4	  4	  0	  0	  0	  0	  0	  0	  0	  0	  0	  0	  0	  0	  0	  0	  0	  0	  0	  0	  0	  0	  0	  0	  0	  0	 49	 39	 54	 61	  0	 24	  0	  0	  0	  0	  0	  0	  0	  0	  0	  0	  0	  5	14387	  1
24-06-2015	16:26:20	->	L	00000000	 10	 62	 40	 22	  0	106	  0	  4	  4	  4	  4	  4	  4	  4	  4	  0	  0	  0	  0	  0	  0	  0	  0	  0	  0	  0	  0	  0	  0	  0	  0	  0	  0	  0	  0	  0	  0	  0	  0	 50	 40	 55	 62	  0	 24	  0	  0	  0	  0	  0	  0	  0	  0	  0	  0	  0	  5	15158	  1
24-06-2015	16:31:20	->	L	00000000	 10	 60	 41	 31	  0	111	  0	  4	  4	  4	  4	  4	  4	  4	  4	  0	  0	  0	  0	  0	  0	  0	  0	  0	  0	  0	  0	  0	  0	  0	  0	  0	  0	  0	  0	  0	  0	  0	  0	 49	 41	 62	 60	  0	 31	  0	  0	  0	  0	  0	  0	  0	  0	  0	  0	  0	  5	15415	  1
24-06-2015	16:36:20	->	L	00000000	 10	 59	 41	 34	  0	116	  0	  4	  4	  4	  4	  4	  4	  4	  4	  0	  0	  0	  0	  0	  0	  0	  0	  0	  0	  0	  0	  0	  0	  0	  0	  0	  0	  0	  0	  0	  0	  0	  0	 49	 41	 62	 59	  0	 33	  0	  0	  0	  0	  0	  0	  0	  0	  0	  0	  0	  5	15929	  1
24-06-2015	16:41:20	->	L	00000000	 10	 60	 42	 35	  0	121	  0	  4	  4	  4	  4	  4	  4	  4	  4	  0	  0	  0	  0	  0	  0	  0	  0	  0	  0	  0	  0	  0	  0	  0	  0	  0	  0	  0	  0	  0	  0	  0	  0	 50	 42	 62	 60	  0	 34	  0	  0	  0	  0	  0	  0	  0	  0	  0	  0	  0	  5	16186	  1
24-06-2015	16:46:20	->	L	00000000	 10	 66	 44	 26	  0	126	  0	  4	  4	  4	  4	  4	  4	  4	  4	  0	  0	  0	  0	  0	  0	  0	  0	  0	  0	  0	  0	  0	  0	  0	  0	  0	  0	  0	  0	  0	  0	  0	  0	 54	 44	 56	 66	  0	 26	  0	  0	  0	  0	  0	  0	  0	  0	  0	  0	  0	  5	16443	  1
24-06-2015	16:51:20	->	L	00000000	 10	 70	 45	 23	  0	131	  0	  4	  4	  4	  4	  4	  4	  4	  4	  0	  0	  0	  0	  0	  0	  0	  0	  0	  0	  0	  0	  0	  0	  0	  0	  0	  0	  0	  0	  0	  0	  0	  0	 56	 45	 53	 70	  0	 23	  0	  0	  0	  0	  0	  0	  0	  0	  0	  0	  0	  5	17471	  1
24-06-2015	16:56:20	->	L	00000000	 10	 67	 46	 25	  0	136	  0	  4	  4	  4	  4	  4	  4	  4	  4	  0	  0	  0	  0	  0	  0	  0	  0	  0	  0	  0	  0	  0	  0	  0	  0	  0	  0	  0	  0	  0	  0	  0	  0	 55	 46	 60	 67	  0	 28	  0	  0	  0	  0	  0	  0	  0	  0	  0	  0	  0	  5	17728	  1
24-06-2015	17:01:20	->	L	00000000	 10	 65	 46	 33	  0	141	  0	  4	  4	  4	  4	  4	  4	  4	  4	  0	  0	  0	  0	  0	  0	  0	  0	  0	  0	  0	  0	  0	  0	  0	  0	  0	  0	  0	  0	  0	  0	  0	  0	 55	 46	 60	 65	  0	 33	  0	  0	  0	  0	  0	  0	  0	  0	  0	  0	  0	  5	17985	  1
24-06-2015	17:06:21	->	L	00000000	 10	 69	 47	 29	  0	146	  0	  4	  4	  4	  4	  4	  4	  4	  4	  0	  0	  0	  0	  0	  0	  0	  0	  0	  0	  0	  0	  0	  0	  0	  0	  0	  0	  0	  0	  0	  0	  0	  0	 57	 47	 57	 70	  0	 28	  0	  0	  0	  0	  0	  0	  0	  0	  0	  0	  0	  5	18499	  1
24-06-2015	17:11:20	->	L	00000000	 10	 74	 49	 27	  0	151	  0	  4	  4	  4	  4	  4	  4	  4	  4	  0	  0	  0	  0	  0	  0	  0	  0	  0	  0	  0	  0	  0	  0	  0	  0	  0	  0	  0	  0	  0	  0	  0	  0	 59	 49	 57	 74	  0	 25	  0	  0	  0	  0	  0	  0	  0	  0	  0	  0	  0	  5	18756	  1
24-06-2015	17:16:20	->	L	00000000	 10	 76	 50	 26	  0	156	  0	  4	  4	  4	  4	  4	  4	  4	  4	  0	  0	  0	  0	  0	  0	  0	  0	  0	  0	  0	  0	  0	  0	  0	  0	  0	  0	  0	  0	  0	  0	  0	  0	 61	 50	 54	 76	  0	 26	  0	  0	  0	  0	  0	  0	  0	  0	  0	  0	  0	  5	19270	  1
24-06-2015	17:21:20	->	L	00000000	 10	 72	 50	 27	  0	161	  0	  4	  4	  4	  4	  4	  4	  4	  4	  0	  0	  0	  0	  0	  0	  0	  0	  0	  0	  0	  0	  0	  0	  0	  0	  0	  0	  0	  0	  0	  0	  0	  0	 60	 50	 58	 72	  0	 29	  0	  0	  0	  0	  0	  0	  0	  0	  0	  0	  0	  5	19527	  1
24-06-2015	17:26:21	->	L	00000000	 10	 72	 51	 31	  0	166	  0	  4	  4	  4	  4	  4	  4	  4	  4	  0	  0	  0	  0	  0	  0	  0	  0	  0	  0	  0	  0	  0	  0	  0	  0	  0	  0	  0	  0	  0	  0	  0	  0	 60	 51	 61	 72	  0	 31	  0	  0	  0	  0	  0	  0	  0	  0	  0	  0	  0	  5	19784	  1
24-06-2015	17:31:20	->	L	00000000	 10	 74	 52	 31	  0	171	  0	  4	  4	  4	  4	  4	  4	  4	  4	  0	  0	  0	  0	  0	  0	  0	  0	  0	  0	  0	  0	  0	  0	  0	  0	  0	  0	  0	  0	  0	  0	  0	  0	 62	 52	 58	 74	  0	 30	  0	  0	  0	  0	  0	  0	  0	  0	  0	  0	  0	  5	20298	  1
24-06-2015	17:36:21	->	L	00000000	 10	 76	 53	 31	  0	176	  0	  4	  4	  4	  4	  4	  4	  4	  4	  0	  0	  0	  0	  0	  0	  0	  0	  0	  0	  0	  0	  0	  0	  0	  0	  0	  0	  0	  0	  0	  0	  0	  0	 63	 53	 58	 76	  0	 28	  0	  0	  0	  0	  0	  0	  0	  0	  0	  0	  0	  5	20555	  1
24-06-2015	17:41:21	->	L	00000000	 10	 78	 54	 29	  0	181	  0	  4	  4	  4	  4	  4	  4	  4	  4	  0	  0	  0	  0	  0	  0	  0	  0	  0	  0	  0	  0	  0	  0	  0	  0	  0	  0	  0	  0	  0	  0	  0	  0	 64	 54	 59	 78	  0	 29	  0	  0	  0	  0	  0	  0	  0	  0	  0	  0	  0	  5	20812	  1
24-06-2015	23:46:26	  	L	00000000	 10	 49	 48	 94	  0	184	  0	  4	  4	  4	  4	  4	  4	  4	  4	  0	  0	  0	  0	  0	  0	  0	  0	  0	  0	  0	  0	  0	  0	  0	  0	  0	  0	  0	  0	  0	  0	  0	  0	 48	 48	100	 49	  0	 94	  0	  0	  0	  0	  0	  0	  0	  0	  0	  0	  0	  5	21069	  1
24-06-2015	23:51:26	<-	L	00000000	 10	 49	 48	 94	  0	189	  0	  4	  4	  4	  4	  4	  4	  4	  4	  0	  0	  0	  0	  0	  0	  0	  0	  0	  0	  0	  0	  0	  0	  0	  0	  0	  0	  0	  0	  0	  0	  0	  0	 48	 48	100	 49	  0	 94	  0	  0	  0	  0	  0	  0	  0	  0	  0	  0	  0	  5	21583	  1
24-06-2015	23:56:26	<-	L	00000000	 10	 72	 53	 39	  0	194	  0	  4	  4	  4	  4	  4	  4	  4	  4	  0	  0	  0	  0	  0	  0	  0	  0	  0	  0	  0	  0	  0	  0	  0	  0	  0	  0	  0	  0	  0	  0	  0	  0	 72	 53	 36	 61	  0	 65	  0	  0	  0	  0	  0	  0	  0	  0	  0	  0	  0	  5	21840	  1
25-06-2015	00:01:26	<-	L	00000000	 10	 79	 55	 30	  0	199	  0	  4	  4	  4	  4	  4	  4	  4	  4	  0	  0	  0	  0	  0	  0	  0	  0	  0	  0	  0	  0	  0	  0	  0	  0	  0	  0	  0	  0	  0	  0	  0	  0	 79	 55	 30	 65	  0	 59	  0	  0	  0	  0	  0	  0	  0	  0	  0	  0	  0	  5	21840	  1
25-06-2015	00:06:26	<-	L	00000000	 10	 81	 57	 28	  0	204	  0	  4	  4	  4	  4	  4	  4	  4	  4	  0	  0	  0	  0	  0	  0	  0	  0	  0	  0	  0	  0	  0	  0	  0	  0	  0	  0	  0	  0	  0	  0	  0	  0	 81	 57	 31	 67	  0	 60	  0	  0	  0	  0	  0	  0	  0	  0	  0	  0	  0	  5	21840	  1
25-06-2015	00:11:26	<-	L	00000000	 10	 82	 57	 29	  0	209	  0	  4	  4	  4	  4	  4	  4	  4	  4	  0	  0	  0	  0	  0	  0	  0	  0	  0	  0	  0	  0	  0	  0	  0	  0	  0	  0	  0	  0	  0	  0	  0	  0	 82	 57	 29	 68	  0	 57	  0	  0	  0	  0	  0	  0	  0	  0	  0	  0	  0	  5	21840	  1
25-06-2015	00:16:26	<-	L	00000000	 10	 82	 58	 31	  0	214	  0	  4	  4	  4	  4	  4	  4	  4	  4	  0	  0	  0	  0	  0	  0	  0	  0	  0	  0	  0	  0	  0	  0	  0	  0	  0	  0	  0	  0	  0	  0	  0	  0	 82	 58	 31	 69	  0	 57	  0	  0	  0	  0	  0	  0	  0	  0	  0	  0	  0	  5	21840	  1
25-06-2015	00:21:26	<-	L	00000000	 10	 83	 59	 31	  0	219	  0	  4	  4	  4	  4	  4	  4	  4	  4	  0	  0	  0	  0	  0	  0	  0	  0	  0	  0	  0	  0	  0	  0	  0	  0	  0	  0	  0	  0	  0	  0	  0	  0	 83	 59	 31	 69	  0	 60	  0	  0	  0	  0	  0	  0	  0	  0	  0	  0	  0	  5	21840	  1
25-06-2015	00:26:27	<-	L	00000000	 10	 82	 60	 34	  0	224	  0	  4	  4	  4	  4	  4	  4	  4	  4	  0	  0	  0	  0	  0	  0	  0	  0	  0	  0	  0	  0	  0	  0	  0	  0	  0	  0	  0	  0	  0	  0	  0	  0	 82	 60	 34	 70	  0	 60	  0	  0	  0	  0	  0	  0	  0	  0	  0	  0	  0	  5	21840	  1
25-06-2015	00:31:26	<-	L	00000000	 10	 82	 60	 34	  0	229	  0	  4	  4	  4	  4	  4	  4	  4	  4	  0	  0	  0	  0	  0	  0	  0	  0	  0	  0	  0	  0	  0	  0	  0	  0	  0	  0	  0	  0	  0	  0	  0	  0	 82	 60	 34	 70	  0	 60	  0	  0	  0	  0	  0	  0	  0	  0	  0	  0	  0	  5	21840	  1
25-06-2015	00:36:26	<-	L	00000000	 10	 81	 61	 38	  0	234	  0	  4	  4	  4	  4	  4	  4	  4	  4	  0	  0	  0	  0	  0	  0	  0	  0	  0	  0	  0	  0	  0	  0	  0	  0	  0	  0	  0	  0	  0	  0	  0	  0	 81	 61	 38	 70	  0	 64	  0	  0	  0	  0	  0	  0	  0	  0	  0	  0	  0	  5	21840	  1
25-06-2015	00:41:27	<-	L	00000000	 10	 82	 61	 38	  0	239	  0	  4	  4	  4	  4	  4	  4	  4	  4	  0	  0	  0	  0	  0	  0	  0	  0	  0	  0	  0	  0	  0	  0	  0	  0	  0	  0	  0	  0	  0	  0	  0	  0	 81	 61	 35	 71	  0	 61	  0	  0	  0	  0	  0	  0	  0	  0	  0	  0	  0	  5	21840	  1
25-06-2015	00:46:27	<-	L	00000000	 21	 81	 62	 40	  0	  3	  0	  4	  4	  4	  4	  4	  4	  4	  4	  0	  0	  0	  0	  0	  0	  0	  0	  0	  0	  0	  0	  0	  0	  0	  0	  0	  0	  0	  0	  0	  0	  0	  0	 81	 62	 40	 71	  0	 64	  0	  0	  0	  0	  0	  0	  0	  0	  0	  0	  0	  5	21830	  0
25-06-2015	00:51:27	<-	L	00000000	 21	 83	 63	 39	  0	  8	  0	  4	  4	  4	  4	  4	  4	  4	  4	  0	  0	  0	  0	  0	  0	  0	  0	  0	  0	  0	  0	  0	  0	  0	  0	  0	  0	  0	  0	  0	  0	  0	  0	 83	 63	 39	 72	  0	 65	  0	  0	  0	  0	  0	  0	  0	  0	  0	  0	  0	  5	21830	  0
25-06-2015	00:56:27	<-	L	00000000	 21	 84	 63	 36	  0	 13	  0	  4	  4	  4	  4	  4	  4	  4	  4	  0	  0	  0	  0	  0	  0	  0	  0	  0	  0	  0	  0	  0	  0	  0	  0	  0	  0	  0	  0	  0	  0	  0	  0	 84	 63	 36	 73	  0	 61	  0	  0	  0	  0	  0	  0	  0	  0	  0	  0	  0	  5	21830	  0
25-06-2015	01:01:27	<-	L	00000000	 21	 83	 64	 41	  0	 18	  0	  4	  4	  4	  4	  4	  4	  4	  4	  0	  0	  0	  0	  0	  0	  0	  0	  0	  0	  0	  0	  0	  0	  0	  0	  0	  0	  0	  0	  0	  0	  0	  0	 83	 64	 41	 72	  0	 68	  0	  0	  0	  0	  0	  0	  0	  0	  0	  0	  0	  5	21830	  0
25-06-2015	01:06:27	<-	L	00000000	 21	 85	 64	 37	  0	 23	  0	  4	  4	  4	  4	  4	  4	  4	  4	  0	  0	  0	  0	  0	  0	  0	  0	  0	  0	  0	  0	  0	  0	  0	  0	  0	  0	  0	  0	  0	  0	  0	  0	 85	 64	 37	 74	  0	 62	  0	  0	  0	  0	  0	  0	  0	  0	  0	  0	  0	  5	21830	  0
25-06-2015	01:11:27	<-	L	00000000	 21	 85	 65	 40	  0	 28	  0	  4	  4	  4	  4	  4	  4	  4	  4	  0	  0	  0	  0	  0	  0	  0	  0	  0	  0	  0	  0	  0	  0	  0	  0	  0	  0	  0	  0	  0	  0	  0	  0	 85	 65	 40	 74	  0	 65	  0	  0	  0	  0	  0	  0	  0	  0	  0	  0	  0	  5	21830	  0
25-06-2015	01:16:27	<-	L	00000000	 21	 85	 65	 40	  0	 33	  0	  4	  4	  4	  4	  4	  4	  4	  4	  0	  0	  0	  0	  0	  0	  0	  0	  0	  0	  0	  0	  0	  0	  0	  0	  0	  0	  0	  0	  0	  0	  0	  0	 85	 65	 40	 75	  0	 62	  0	  0	  0	  0	  0	  0	  0	  0	  0	  0	  0	  5	21830	  0
25-06-2015	01:21:27	<-	L	00000000	 21	 85	 65	 37	  0	 38	  0	  4	  4	  4	  4	  4	  4	  4	  4	  0	  0	  0	  0	  0	  0	  0	  0	  0	  0	  0	  0	  0	  0	  0	  0	  0	  0	  0	  0	  0	  0	  0	  0	 85	 65	 40	 74	  0	 65	  0	  0	  0	  0	  0	  0	  0	  0	  0	  0	  0	  5	21830	  0
25-06-2015	01:26:27	<-	L	00000000	 21	 81	 65	 47	  0	 43	  0	  4	  4	  4	  4	  4	  4	  4	  4	  0	  0	  0	  0	  0	  0	  0	  0	  0	  0	  0	  0	  0	  0	  0	  0	  0	  0	  0	  0	  0	  0	  0	  0	 81	 65	 47	 73	  0	 68	  0	  0	  0	  0	  0	  0	  0	  0	  0	  0	  0	  5	21830	  0
25-06-2015	01:31:27	<-	L	00000000	 21	 84	 66	 45	  0	 48	  0	  4	  4	  4	  4	  4	  4	  4	  4	  0	  0	  0	  0	  0	  0	  0	  0	  0	  0	  0	  0	  0	  0	  0	  0	  0	  0	  0	  0	  0	  0	  0	  0	 84	 66	 44	 74	  0	 69	  0	  0	  0	  0	  0	  0	  0	  0	  0	  0	  0	  5	21830	  0
25-06-2015	01:36:27	<-	L	00000000	 21	 86	 66	 40	  0	 53	  0	  4	  4	  4	  4	  4	  4	  4	  4	  0	  0	  0	  0	  0	  0	  0	  0	  0	  0	  0	  0	  0	  0	  0	  0	  0	  0	  0	  0	  0	  0	  0	  0	 86	 66	 40	 76	  0	 62	  0	  0	  0	  0	  0	  0	  0	  0	  0	  0	  0	  5	21830	  0
25-06-2015	01:41:28	<-	L	00000000	 21	 84	 66	 44	  0	 58	  0	  4	  4	  4	  4	  4	  4	  4	  4	  0	  0	  0	  0	  0	  0	  0	  0	  0	  0	  0	  0	  0	  0	  0	  0	  0	  0	  0	  0	  0	  0	  0	  0	 84	 66	 44	 75	  0	 65	  0	  0	  0	  0	  0	  0	  0	  0	  0	  0	  0	  5	21830	  0
25-06-2015	01:46:27	<-	L	00000000	 21	 81	 66	 48	  0	 63	  0	  4	  4	  4	  4	  4	  4	  4	  4	  0	  0	  0	  0	  0	  0	  0	  0	  0	  0	  0	  0	  0	  0	  0	  0	  0	  0	  0	  0	  0	  0	  0	  0	 81	 66	 50	 74	  0	 69	  0	  0	  0	  0	  0	  0	  0	  0	  0	  0	  0	  5	21830	  0
25-06-2015	01:51:27	<-	L	00000000	 21	 84	 67	 48	  0	 68	  0	  4	  4	  4	  4	  4	  4	  4	  4	  0	  0	  0	  0	  0	  0	  0	  0	  0	  0	  0	  0	  0	  0	  0	  0	  0	  0	  0	  0	  0	  0	  0	  0	 84	 67	 46	 75	  0	 69	  0	  0	  0	  0	  0	  0	  0	  0	  0	  0	  0	  5	21830	  0
25-06-2015	01:56:28	<-	L	00000000	 21	 87	 68	 43	  0	 73	  0	  4	  4	  4	  4	  4	  4	  4	  4	  0	  0	  0	  0	  0	  0	  0	  0	  0	  0	  0	  0	  0	  0	  0	  0	  0	  0	  0	  0	  0	  0	  0	  0	 87	 68	 43	 77	  0	 66	  0	  0	  0	  0	  0	  0	  0	  0	  0	  0	  0	  5	21830	  0
25-06-2015	02:01:28	<-	L	00000000	 21	 85	 68	 45	  0	 78	  0	  4	  4	  4	  4	  4	  4	  4	  4	  0	  0	  0	  0	  0	  0	  0	  0	  0	  0	  0	  0	  0	  0	  0	  0	  0	  0	  0	  0	  0	  0	  0	  0	 85	 68	 46	 76	  0	 69	  0	  0	  0	  0	  0	  0	  0	  0	  0	  0	  0	  5	21830	  0
25-06-2015	02:06:28	<-	L	00000000	 21	 82	 67	 50	  0	 83	  0	  4	  4	  4	  4	  4	  4	  4	  4	  0	  0	  0	  0	  0	  0	  0	  0	  0	  0	  0	  0	  0	  0	  0	  0	  0	  0	  0	  0	  0	  0	  0	  0	 82	 67	 50	 74	  0	 72	  0	  0	  0	  0	  0	  0	  0	  0	  0	  0	  0	  5	21830	  0
25-06-2015	02:11:28	<-	L	00000000	 21	 84	 68	 51	  0	 88	  0	  4	  4	  4	  4	  4	  4	  4	  4	  0	  0	  0	  0	  0	  0	  0	  0	  0	  0	  0	  0	  0	  0	  0	  0	  0	  0	  0	  0	  0	  0	  0	  0	 84	 68	 49	 76	  0	 69	  0	  0	  0	  0	  0	  0	  0	  0	  0	  0	  0	  5	21830	  0
25-06-2015	02:16:28	<-	L	00000000	 21	 87	 68	 43	  0	 93	  0	  4	  4	  4	  4	  4	  4	  4	  4	  0	  0	  0	  0	  0	  0	  0	  0	  0	  0	  0	  0	  0	  0	  0	  0	  0	  0	  0	  0	  0	  0	  0	  0	 87	 68	 43	 77	  0	 66	  0	  0	  0	  0	  0	  0	  0	  0	  0	  0	  0	  5	21830	  0
25-06-2015	02:21:28	<-	L	00000000	 21	 86	 68	 43	  0	 98	  0	  4	  4	  4	  4	  4	  4	  4	  4	  0	  0	  0	  0	  0	  0	  0	  0	  0	  0	  0	  0	  0	  0	  0	  0	  0	  0	  0	  0	  0	  0	  0	  0	 86	 68	 45	 77	  0	 66	  0	  0	  0	  0	  0	  0	  0	  0	  0	  0	  0	  5	21830	  0
25-06-2015	02:26:28	<-	L	00000000	 21	 81	 68	 55	  0	103	  0	  4	  4	  4	  4	  4	  4	  4	  4	  0	  0	  0	  0	  0	  0	  0	  0	  0	  0	  0	  0	  0	  0	  0	  0	  0	  0	  0	  0	  0	  0	  0	  0	 81	 68	 55	 75	  0	 72	  0	  0	  0	  0	  0	  0	  0	  0	  0	  0	  0	  5	21830	  0
25-06-2015	02:31:28	<-	L	00000000	 21	 83	 68	 51	  0	108	  0	  4	  4	  4	  4	  4	  4	  4	  4	  0	  0	  0	  0	  0	  0	  0	  0	  0	  0	  0	  0	  0	  0	  0	  0	  0	  0	  0	  0	  0	  0	  0	  0	 83	 68	 51	 76	  0	 69	  0	  0	  0	  0	  0	  0	  0	  0	  0	  0	  0	  5	21830	  0
25-06-2015	02:36:29	<-	L	00000000	 21	 88	 69	 43	  0	113	  0	  4	  4	  4	  4	  4	  4	  4	  4	  0	  0	  0	  0	  0	  0	  0	  0	  0	  0	  0	  0	  0	  0	  0	  0	  0	  0	  0	  0	  0	  0	  0	  0	 88	 69	 43	 78	  0	 66	  0	  0	  0	  0	  0	  0	  0	  0	  0	  0	  0	  5	21830	  0
25-06-2015	02:41:28	<-	L	00000000	 21	 86	 69	 45	  0	118	  0	  4	  4	  4	  4	  4	  4	  4	  4	  0	  0	  0	  0	  0	  0	  0	  0	  0	  0	  0	  0	  0	  0	  0	  0	  0	  0	  0	  0	  0	  0	  0	  0	 86	 69	 47	 77	  0	 69	  0	  0	  0	  0	  0	  0	  0	  0	  0	  0	  0	  5	21830	  0
25-06-2015	02:46:28	<-	L	00000000	 21	 82	 69	 52	  0	123	  0	  4	  4	  4	  4	  4	  4	  4	  4	  0	  0	  0	  0	  0	  0	  0	  0	  0	  0	  0	  0	  0	  0	  0	  0	  0	  0	  0	  0	  0	  0	  0	  0	 82	 69	 55	 76	  0	 73	  0	  0	  0	  0	  0	  0	  0	  0	  0	  0	  0	  5	21830	  0
25-06-2015	02:51:28	  	L	00000000	 21	 82	 69	 55	  0	128	  0	  4	  4	  4	  4	  4	  4	  4	  4	  0	  0	  0	  0	  0	  0	  0	  0	  0	  0	  0	  0	  0	  0	  0	  0	  0	  0	  0	  0	  0	  0	  0	  0	 82	 69	 55	 75	  0	 75	  0	  0	  0	  0	  0	  0	  0	  0	  0	  0	  0	  5	21830	  0
25-06-2015	02:56:29	->	L	00000000	 21	 87	 69	 47	  0	133	  0	  4	  4	  4	  4	  4	  4	  4	  4	  0	  0	  0	  0	  0	  0	  0	  0	  0	  0	  0	  0	  0	  0	  0	  0	  0	  0	  0	  0	  0	  0	  0	  0	 78	 69	 66	 87	  0	 45	  0	  0	  0	  0	  0	  0	  0	  0	  0	  0	  0	  5	21830	  0
25-06-2015	03:01:29	->	L	00000000	 21	 88	 69	 43	  0	138	  0	  4	  4	  4	  4	  4	  4	  4	  4	  0	  0	  0	  0	  0	  0	  0	  0	  0	  0	  0	  0	  0	  0	  0	  0	  0	  0	  0	  0	  0	  0	  0	  0	 78	 69	 66	 88	  0	 43	  0	  0	  0	  0	  0	  0	  0	  0	  0	  0	  0	  5	21830	  0
25-06-2015	03:06:29	->	L	00000000	 21	 84	 69	 51	  0	143	  0	  4	  4	  4	  4	  4	  4	  4	  4	  0	  0	  0	  0	  0	  0	  0	  0	  0	  0	  0	  0	  0	  0	  0	  0	  0	  0	  0	  0	  0	  0	  0	  0	 76	 69	 73	 84	  0	 51	  0	  0	  0	  0	  0	  0	  0	  0	  0	  0	  0	  5	21830	  0
25-06-2015	03:11:29	->	L	00000000	 21	 82	 69	 55	  0	148	  0	  4	  4	  4	  4	  4	  4	  4	  4	  0	  0	  0	  0	  0	  0	  0	  0	  0	  0	  0	  0	  0	  0	  0	  0	  0	  0	  0	  0	  0	  0	  0	  0	 76	 69	 73	 82	  0	 55	  0	  0	  0	  0	  0	  0	  0	  0	  0	  0	  0	  5	21830	  0
25-06-2015	03:16:29	->	L	00000000	 21	 85	 69	 51	  0	153	  0	  4	  4	  4	  4	  4	  4	  4	  4	  0	  0	  0	  0	  0	  0	  0	  0	  0	  0	  0	  0	  0	  0	  0	  0	  0	  0	  0	  0	  0	  0	  0	  0	 77	 69	 69	 85	  0	 49	  0	  0	  0	  0	  0	  0	  0	  0	  0	  0	  0	  5	21830	  0
25-06-2015	03:21:30	->	L	00000000	 21	 88	 70	 46	  0	158	  0	  4	  4	  4	  4	  4	  4	  4	  4	  0	  0	  0	  0	  0	  0	  0	  0	  0	  0	  0	  0	  0	  0	  0	  0	  0	  0	  0	  0	  0	  0	  0	  0	 78	 70	 70	 88	  0	 46	  0	  0	  0	  0	  0	  0	  0	  0	  0	  0	  0	  5	21830	  0
25-06-2015	03:26:29	->	L	00000000	 21	 87	 69	 45	  0	163	  0	  4	  4	  4	  4	  4	  4	  4	  4	  0	  0	  0	  0	  0	  0	  0	  0	  0	  0	  0	  0	  0	  0	  0	  0	  0	  0	  0	  0	  0	  0	  0	  0	 78	 69	 66	 87	  0	 45	  0	  0	  0	  0	  0	  0	  0	  0	  0	  0	  0	  5	21830	  0
25-06-2015	03:31:29	->	L	00000000	 21	 83	 69	 51	  0	168	  0	  4	  4	  4	  4	  4	  4	  4	  4	  0	  0	  0	  0	  0	  0	  0	  0	  0	  0	  0	  0	  0	  0	  0	  0	  0	  0	  0	  0	  0	  0	  0	  0	 76	 69	 73	 83	  0	 52	  0	  0	  0	  0	  0	  0	  0	  0	  0	  0	  0	  5	21830	  0
25-06-2015	03:36:29	->	L	00000000	 21	 82	 69	 55	  0	173	  0	  4	  4	  4	  4	  4	  4	  4	  4	  0	  0	  0	  0	  0	  0	  0	  0	  0	  0	  0	  0	  0	  0	  0	  0	  0	  0	  0	  0	  0	  0	  0	  0	 76	 69	 73	 82	  0	 55	  0	  0	  0	  0	  0	  0	  0	  0	  0	  0	  0	  5	21830	  0
25-06-2015	03:41:29	->	L	00000000	 21	 86	 70	 49	  0	178	  0	  4	  4	  4	  4	  4	  4	  4	  4	  0	  0	  0	  0	  0	  0	  0	  0	  0	  0	  0	  0	  0	  0	  0	  0	  0	  0	  0	  0	  0	  0	  0	  0	 78	 70	 70	 86	  0	 49	  0	  0	  0	  0	  0	  0	  0	  0	  0	  0	  0	  5	21830	  0
25-06-2015	03:46:29	->	L	00000000	 21	 86	 70	 47	  0	183	  0	  4	  4	  4	  4	  4	  4	  4	  4	  0	  0	  0	  0	  0	  0	  0	  0	  0	  0	  0	  0	  0	  0	  0	  0	  0	  0	  0	  0	  0	  0	  0	  0	 78	 70	 70	 86	  0	 49	  0	  0	  0	  0	  0	  0	  0	  0	  0	  0	  0	  5	21830	  0
25-06-2015	03:51:29	->	L	00000000	 21	 83	 69	 52	  0	188	  0	  4	  4	  4	  4	  4	  4	  4	  4	  0	  0	  0	  0	  0	  0	  0	  0	  0	  0	  0	  0	  0	  0	  0	  0	  0	  0	  0	  0	  0	  0	  0	  0	 76	 69	 73	 83	  0	 52	  0	  0	  0	  0	  0	  0	  0	  0	  0	  0	  0	  5	21830	  0
25-06-2015	03:56:29	->	L	00000000	 21	 84	 70	 55	  0	193	  0	  4	  4	  4	  4	  4	  4	  4	  4	  0	  0	  0	  0	  0	  0	  0	  0	  0	  0	  0	  0	  0	  0	  0	  0	  0	  0	  0	  0	  0	  0	  0	  0	 76	 70	 75	 84	  0	 53	  0	  0	  0	  0	  0	  0	  0	  0	  0	  0	  0	  5	21830	  0
25-06-2015	04:01:30	->	L	00000000	 21	 87	 70	 49	  0	198	  0	  4	  4	  4	  4	  4	  4	  4	  4	  0	  0	  0	  0	  0	  0	  0	  0	  0	  0	  0	  0	  0	  0	  0	  0	  0	  0	  0	  0	  0	  0	  0	  0	 78	 70	 70	 87	  0	 47	  0	  0	  0	  0	  0	  0	  0	  0	  0	  0	  0	  5	21830	  0
25-06-2015	04:06:30	->	L	00000000	 21	 86	 70	 47	  0	203	  0	  4	  4	  4	  4	  4	  4	  4	  4	  0	  0	  0	  0	  0	  0	  0	  0	  0	  0	  0	  0	  0	  0	  0	  0	  0	  0	  0	  0	  0	  0	  0	  0	 78	 70	 70	 86	  0	 49	  0	  0	  0	  0	  0	  0	  0	  0	  0	  0	  0	  5	21830	  0
25-06-2015	04:11:30	->	L	00000000	 21	 82	 69	 52	  0	208	  0	  4	  4	  4	  4	  4	  4	  4	  4	  0	  0	  0	  0	  0	  0	  0	  0	  0	  0	  0	  0	  0	  0	  0	  0	  0	  0	  0	  0	  0	  0	  0	  0	 76	 69	 73	 82	  0	 55	  0	  0	  0	  0	  0	  0	  0	  0	  0	  0	  0	  5	21830	  0
25-06-2015	04:16:30	->	L	00000000	 21	 83	 70	 55	  0	213	  0	  4	  4	  4	  4	  4	  4	  4	  4	  0	  0	  0	  0	  0	  0	  0	  0	  0	  0	  0	  0	  0	  0	  0	  0	  0	  0	  0	  0	  0	  0	  0	  0	 76	 70	 75	 83	  0	 55	  0	  0	  0	  0	  0	  0	  0	  0	  0	  0	  0	  5	21830	  0
25-06-2015	04:21:30	->	L	00000000	 21	 86	 70	 51	  0	218	  0	  4	  4	  4	  4	  4	  4	  4	  4	  0	  0	  0	  0	  0	  0	  0	  0	  0	  0	  0	  0	  0	  0	  0	  0	  0	  0	  0	  0	  0	  0	  0	  0	 78	 70	 70	 86	  0	 49	  0	  0	  0	  0	  0	  0	  0	  0	  0	  0	  0	  5	21830	  0
25-06-2015	04:26:30	->	L	00000000	 21	 86	 70	 49	  0	223	  0	  4	  4	  4	  4	  4	  4	  4	  4	  0	  0	  0	  0	  0	  0	  0	  0	  0	  0	  0	  0	  0	  0	  0	  0	  0	  0	  0	  0	  0	  0	  0	  0	 78	 70	 70	 86	  0	 49	  0	  0	  0	  0	  0	  0	  0	  0	  0	  0	  0	  5	21830	  0
25-06-2015	04:31:30	->	L	00000000	 21	 84	 70	 53	  0	228	  0	  4	  4	  4	  4	  4	  4	  4	  4	  0	  0	  0	  0	  0	  0	  0	  0	  0	  0	  0	  0	  0	  0	  0	  0	  0	  0	  0	  0	  0	  0	  0	  0	 76	 70	 73	 83	  0	 53	  0	  0	  0	  0	  0	  0	  0	  0	  0	  0	  0	  5	21830	  0
25-06-2015	04:36:30	->	L	00000000	 21	 83	 70	 58	  0	233	  0	  4	  4	  4	  4	  4	  4	  4	  4	  0	  0	  0	  0	  0	  0	  0	  0	  0	  0	  0	  0	  0	  0	  0	  0	  0	  0	  0	  0	  0	  0	  0	  0	 76	 70	 75	 83	  0	 55	  0	  0	  0	  0	  0	  0	  0	  0	  0	  0	  0	  5	21830	  0
25-06-2015	04:41:30	->	L	00000000	 21	 85	 70	 53	  0	238	  0	  4	  4	  4	  4	  4	  4	  4	  4	  0	  0	  0	  0	  0	  0	  0	  0	  0	  0	  0	  0	  0	  0	  0	  0	  0	  0	  0	  0	  0	  0	  0	  0	 78	 70	 70	 85	  0	 51	  0	  0	  0	  0	  0	  0	  0	  0	  0	  0	  0	  5	21830	  0
25-06-2015	04:46:30	->	L	00000000	 21	 85	 70	 51	  0	243	  0	  4	  4	  4	  4	  4	  4	  4	  4	  0	  0	  0	  0	  0	  0	  0	  0	  0	  0	  0	  0	  0	  0	  0	  0	  0	  0	  0	  0	  0	  0	  0	  0	 78	 70	 70	 85	  0	 51	  0	  0	  0	  0	  0	  0	  0	  0	  0	  0	  0	  5	21830	  0
25-06-2015	04:51:30	->	L	00000000	 21	 86	 70	 49	  0	248	  0	  4	  4	  4	  4	  4	  4	  4	  4	  0	  0	  0	  0	  0	  0	  0	  0	  0	  0	  0	  0	  0	  0	  0	  0	  0	  0	  0	  0	  0	  0	  0	  0	 78	 70	 70	 86	  0	 49	  0	  0	  0	  0	  0	  0	  0	  0	  0	  0	  0	  5	21830	  0
25-06-2015	04:56:31	->	L	00000000	 21	 85	 71	 53	  0	253	  0	  4	  4	  4	  4	  4	  4	  4	  4	  0	  0	  0	  0	  0	  0	  0	  0	  0	  0	  0	  0	  0	  0	  0	  0	  0	  0	  0	  0	  0	  0	  0	  0	 78	 71	 73	 85	  0	 53	  0	  0	  0	  0	  0	  0	  0	  0	  0	  0	  0	  5	21830	  0
25-06-2015	05:01:31	->	L	00000000	 21	 85	 71	 53	  0	258	  0	  4	  4	  4	  4	  4	  4	  4	  4	  0	  0	  0	  0	  0	  0	  0	  0	  0	  0	  0	  0	  0	  0	  0	  0	  0	  0	  0	  0	  0	  0	  0	  0	 77	 71	 76	 85	  0	 53	  0	  0	  0	  0	  0	  0	  0	  0	  0	  0	  0	  5	21830	  0
25-06-2015	05:06:30	->	L	00000000	 21	 85	 71	 53	  0	263	  0	  4	  4	  4	  4	  4	  4	  4	  4	  0	  0	  0	  0	  0	  0	  0	  0	  0	  0	  0	  0	  0	  0	  0	  0	  0	  0	  0	  0	  0	  0	  0	  0	 78	 71	 73	 85	  0	 53	  0	  0	  0	  0	  0	  0	  0	  0	  0	  0	  0	  5	21830	  0
25-06-2015	05:11:30	->	L	00000000	 21	 85	 71	 53	  0	268	  0	  4	  4	  4	  4	  4	  4	  4	  4	  0	  0	  0	  0	  0	  0	  0	  0	  0	  0	  0	  0	  0	  0	  0	  0	  0	  0	  0	  0	  0	  0	  0	  0	 78	 71	 73	 85	  0	 53	  0	  0	  0	  0	  0	  0	  0	  0	  0	  0	  0	  5	21835	  0
25-06-2015	05:16:31	->	L	00000000	 21	 84	 70	 51	  0	273	  0	  4	  4	  4	  4	  4	  4	  4	  4	  0	  0	  0	  0	  0	  0	  0	  0	  0	  0	  0	  0	  0	  0	  0	  0	  0	  0	  0	  0	  0	  0	  0	  0	 77	 70	 73	 84	  0	 53	  0	  0	  0	  0	  0	  0	  0	  0	  0	  0	  0	  5	21835	  0
25-06-2015	05:21:31	->	L	00000000	 21	 82	 70	 58	  0	278	  0	  4	  4	  4	  4	  4	  4	  4	  4	  0	  0	  0	  0	  0	  0	  0	  0	  0	  0	  0	  0	  0	  0	  0	  0	  0	  0	  0	  0	  0	  0	  0	  0	 77	 70	 73	 82	  0	 58	  0	  0	  0	  0	  0	  0	  0	  0	  0	  0	  0	  5	21835	  0
25-06-2015	05:26:31	->	L	00000000	 21	 84	 71	 56	  0	283	  0	  4	  4	  4	  4	  4	  4	  4	  4	  0	  0	  0	  0	  0	  0	  0	  0	  0	  0	  0	  0	  0	  0	  0	  0	  0	  0	  0	  0	  0	  0	  0	  0	 77	 71	 76	 84	  0	 56	  0	  0	  0	  0	  0	  0	  0	  0	  0	  0	  0	  5	21835	  0
25-06-2015	05:31:31	->	L	00000000	 21	 86	 71	 52	  0	288	  0	  4	  4	  4	  4	  4	  4	  4	  4	  0	  0	  0	  0	  0	  0	  0	  0	  0	  0	  0	  0	  0	  0	  0	  0	  0	  0	  0	  0	  0	  0	  0	  0	 78	 71	 73	 86	  0	 52	  0	  0	  0	  0	  0	  0	  0	  0	  0	  0	  0	  5	21835	  0
25-06-2015	05:36:31	->	L	00000000	 21	 87	 71	 50	  0	293	  0	  4	  4	  4	  4	  4	  4	  4	  4	  0	  0	  0	  0	  0	  0	  0	  0	  0	  0	  0	  0	  0	  0	  0	  0	  0	  0	  0	  0	  0	  0	  0	  0	 79	 71	 70	 87	  0	 50	  0	  0	  0	  0	  0	  0	  0	  0	  0	  0	  0	  5	21835	  0
25-06-2015	05:41:31	->	L	00000000	 21	 85	 71	 52	  0	298	  0	  4	  4	  4	  4	  4	  4	  4	  4	  0	  0	  0	  0	  0	  0	  0	  0	  0	  0	  0	  0	  0	  0	  0	  0	  0	  0	  0	  0	  0	  0	  0	  0	 78	 71	 73	 85	  0	 53	  0	  0	  0	  0	  0	  0	  0	  0	  0	  0	  0	  5	21835	  0
25-06-2015	05:46:31	->	L	00000000	 22	 82	 70	 58	  0	  2	  0	  4	  4	  4	  4	  4	  4	  4	  4	  0	  0	  0	  0	  0	  0	  0	  0	  0	  0	  0	  0	  0	  0	  0	  0	  0	  0	  0	  0	  0	  0	  0	  0	 76	 70	 75	 82	  0	 58	  0	  0	  0	  0	  0	  0	  0	  0	  0	  0	  0	  5	21828	  0
25-06-2015	05:51:32	->	L	00000000	 22	 84	 68	 51	  0	  7	  0	  4	  4	  4	  4	  4	  4	  4	  4	  0	  0	  0	  0	  0	  0	  0	  0	  0	  0	  0	  0	  0	  0	  0	  0	  0	  0	  0	  0	  0	  0	  0	  0	 77	 68	 66	 84	  0	 49	  0	  0	  0	  0	  0	  0	  0	  0	  0	  0	  0	  5	21828	  0
25-06-2015	05:56:31	<-	L	00000000	 22	 81	 69	 55	  0	 12	  0	  4	  4	  4	  4	  4	  4	  4	  4	  0	  0	  0	  0	  0	  0	  0	  0	  0	  0	  0	  0	  0	  0	  0	  0	  0	  0	  0	  0	  0	  0	  0	  0	 81	 69	 58	 79	  0	 63	  0	  0	  0	  0	  0	  0	  0	  0	  0	  0	  0	  5	21828	  0
25-06-2015	06:01:31	<-	L	00000000	 22	 84	 67	 48	  0	 17	  0	  4	  4	  4	  4	  4	  4	  4	  4	  0	  0	  0	  0	  0	  0	  0	  0	  0	  0	  0	  0	  0	  0	  0	  0	  0	  0	  0	  0	  0	  0	  0	  0	 84	 67	 46	 77	  0	 62	  0	  0	  0	  0	  0	  0	  0	  0	  0	  0	  0	  5	21828	  0
25-06-2015	06:06:31	<-	L	00000000	 22	 88	 68	 41	  0	 22	  0	  4	  4	  4	  4	  4	  4	  4	  4	  0	  0	  0	  0	  0	  0	  0	  0	  0	  0	  0	  0	  0	  0	  0	  0	  0	  0	  0	  0	  0	  0	  0	  0	 88	 68	 41	 79	  0	 60	  0	  0	  0	  0	  0	  0	  0	  0	  0	  0	  0	  5	21828	  0
25-06-2015	06:11:31	<-	L	00000000	 22	 85	 67	 45	  0	 27	  0	  4	  4	  4	  4	  4	  4	  4	  4	  0	  0	  0	  0	  0	  0	  0	  0	  0	  0	  0	  0	  0	  0	  0	  0	  0	  0	  0	  0	  0	  0	  0	  0	 85	 67	 44	 78	  0	 60	  0	  0	  0	  0	  0	  0	  0	  0	  0	  0	  0	  5	21828	  0
25-06-2015	06:16:31	<-	L	00000000	 22	 81	 67	 50	  0	 32	  0	  4	  4	  4	  4	  4	  4	  4	  4	  0	  0	  0	  0	  0	  0	  0	  0	  0	  0	  0	  0	  0	  0	  0	  0	  0	  0	  0	  0	  0	  0	  0	  0	 81	 67	 52	 76	  0	 66	  0	  0	  0	  0	  0	  0	  0	  0	  0	  0	  0	  5	21828	  0
25-06-2015	06:21:31	<-	L	00000000	 22	 84	 68	 51	  0	 37	  0	  4	  4	  4	  4	  4	  4	  4	  4	  0	  0	  0	  0	  0	  0	  0	  0	  0	  0	  0	  0	  0	  0	  0	  0	  0	  0	  0	  0	  0	  0	  0	  0	 84	 68	 49	 77	  0	 66	  0	  0	  0	  0	  0	  0	  0	  0	  0	  0	  0	  5	21828	  0
25-06-2015	06:26:31	<-	L	00000000	 22	 89	 68	 41	  0	 42	  0	  4	  4	  4	  4	  4	  4	  4	  4	  0	  0	  0	  0	  0	  0	  0	  0	  0	  0	  0	  0	  0	  0	  0	  0	  0	  0	  0	  0	  0	  0	  0	  0	 89	 68	 38	 79	  0	 60	  0	  0	  0	  0	  0	  0	  0	  0	  0	  0	  0	  5	21828	  0
25-06-2015	06:31:32	<-	L	00000000	 22	 88	 68	 41	  0	 47	  0	  4	  4	  4	  4	  4	  4	  4	  4	  0	  0	  0	  0	  0	  0	  0	  0	  0	  0	  0	  0	  0	  0	  0	  0	  0	  0	  0	  0	  0	  0	  0	  0	 88	 68	 41	 79	  0	 60	  0	  0	  0	  0	  0	  0	  0	  0	  0	  0	  0	  5	21828	  0
25-06-2015	06:36:32	<-	L	00000000	 22	 83	 67	 49	  0	 52	  0	  4	  4	  4	  4	  4	  4	  4	  4	  0	  0	  0	  0	  0	  0	  0	  0	  0	  0	  0	  0	  0	  0	  0	  0	  0	  0	  0	  0	  0	  0	  0	  0	 83	 67	 48	 77	  0	 62	  0	  0	  0	  0	  0	  0	  0	  0	  0	  0	  0	  5	21828	  0
25-06-2015	06:41:32	<-	L	00000000	 22	 82	 68	 52	  0	 57	  0	  4	  4	  4	  4	  4	  4	  4	  4	  0	  0	  0	  0	  0	  0	  0	  0	  0	  0	  0	  0	  0	  0	  0	  0	  0	  0	  0	  0	  0	  0	  0	  0	 82	 68	 52	 76	  0	 69	  0	  0	  0	  0	  0	  0	  0	  0	  0	  0	  0	  5	21828	  0
25-06-2015	06:46:32	<-	L	00000000	 22	 87	 68	 45	  0	 62	  0	  4	  4	  4	  4	  4	  4	  4	  4	  0	  0	  0	  0	  0	  0	  0	  0	  0	  0	  0	  0	  0	  0	  0	  0	  0	  0	  0	  0	  0	  0	  0	  0	 87	 68	 43	 79	  0	 60	  0	  0	  0	  0	  0	  0	  0	  0	  0	  0	  0	  5	21828	  0
25-06-2015	06:51:32	<-	L	00000000	 22	 89	 69	 42	  0	 67	  0	  4	  4	  4	  4	  4	  4	  4	  4	  0	  0	  0	  0	  0	  0	  0	  0	  0	  0	  0	  0	  0	  0	  0	  0	  0	  0	  0	  0	  0	  0	  0	  0	 89	 69	 42	 79	  0	 63	  0	  0	  0	  0	  0	  0	  0	  0	  0	  0	  0	  5	21834	  0
25-06-2015	06:56:33	<-	L	00000000	 22	 86	 69	 45	  0	 72	  0	  4	  4	  4	  4	  4	  4	  4	  4	  0	  0	  0	  0	  0	  0	  0	  0	  0	  0	  0	  0	  0	  0	  0	  0	  0	  0	  0	  0	  0	  0	  0	  0	 86	 69	 47	 78	  0	 66	  0	  0	  0	  0	  0	  0	  0	  0	  0	  0	  0	  5	21834	  0
25-06-2015	07:01:32	<-	L	00000000	 22	 82	 68	 51	  0	 77	  0	  4	  4	  4	  4	  4	  4	  4	  4	  0	  0	  0	  0	  0	  0	  0	  0	  0	  0	  0	  0	  0	  0	  0	  0	  0	  0	  0	  0	  0	  0	  0	  0	 82	 68	 52	 76	  0	 69	  0	  0	  0	  0	  0	  0	  0	  0	  0	  0	  0	  5	21834	  0
25-06-2015	07:06:32	<-	L	00000000	 22	 83	 69	 55	  0	 82	  0	  4	  4	  4	  4	  4	  4	  4	  4	  0	  0	  0	  0	  0	  0	  0	  0	  0	  0	  0	  0	  0	  0	  0	  0	  0	  0	  0	  0	  0	  0	  0	  0	 83	 69	 52	 77	  0	 69	  0	  0	  0	  0	  0	  0	  0	  0	  0	  0	  0	  5	21834	  0
25-06-2015	07:11:32	<-	L	00000000	 22	 87	 69	 47	  0	 87	  0	  4	  4	  4	  4	  4	  4	  4	  4	  0	  0	  0	  0	  0	  0	  0	  0	  0	  0	  0	  0	  0	  0	  0	  0	  0	  0	  0	  0	  0	  0	  0	  0	 87	 69	 45	 78	  0	 66	  0	  0	  0	  0	  0	  0	  0	  0	  0	  0	  0	  5	21834	  0
25-06-2015	07:16:32	<-	L	00000000	 22	 89	 69	 42	  0	 92	  0	  4	  4	  4	  4	  4	  4	  4	  4	  0	  0	  0	  0	  0	  0	  0	  0	  0	  0	  0	  0	  0	  0	  0	  0	  0	  0	  0	  0	  0	  0	  0	  0	 89	 69	 42	 79	  0	 63	  0	  0	  0	  0	  0	  0	  0	  0	  0	  0	  0	  5	21834	  0
25-06-2015	07:21:32	<-	L	00000000	 22	 88	 69	 43	  0	 97	  0	  4	  4	  4	  4	  4	  4	  4	  4	  0	  0	  0	  0	  0	  0	  0	  0	  0	  0	  0	  0	  0	  0	  0	  0	  0	  0	  0	  0	  0	  0	  0	  0	 88	 69	 43	 79	  0	 63	  0	  0	  0	  0	  0	  0	  0	  0	  0	  0	  0	  5	21834	  0
25-06-2015	07:26:32	<-	L	00000000	 22	 83	 69	 51	  0	102	  0	  4	  4	  4	  4	  4	  4	  4	  4	  0	  0	  0	  0	  0	  0	  0	  0	  0	  0	  0	  0	  0	  0	  0	  0	  0	  0	  0	  0	  0	  0	  0	  0	 83	 69	 52	 77	  0	 69	  0	  0	  0	  0	  0	  0	  0	  0	  0	  0	  0	  5	21834	  0
25-06-2015	07:31:32	<-	L	00000000	 22	 83	 69	 55	  0	107	  0	  4	  4	  4	  4	  4	  4	  4	  4	  0	  0	  0	  0	  0	  0	  0	  0	  0	  0	  0	  0	  0	  0	  0	  0	  0	  0	  0	  0	  0	  0	  0	  0	 83	 69	 52	 77	  0	 69	  0	  0	  0	  0	  0	  0	  0	  0	  0	  0	  0	  5	21834	  0
25-06-2015	07:36:32	<-	L	00000000	 22	 85	 69	 51	  0	112	  0	  4	  4	  4	  4	  4	  4	  4	  4	  0	  0	  0	  0	  0	  0	  0	  0	  0	  0	  0	  0	  0	  0	  0	  0	  0	  0	  0	  0	  0	  0	  0	  0	 85	 69	 49	 78	  0	 66	  0	  0	  0	  0	  0	  0	  0	  0	  0	  0	  0	  5	21834	  0
25-06-2015	07:41:33	<-	L	00000000	 22	 89	 70	 46	  0	117	  0	  4	  4	  4	  4	  4	  4	  4	  4	  0	  0	  0	  0	  0	  0	  0	  0	  0	  0	  0	  0	  0	  0	  0	  0	  0	  0	  0	  0	  0	  0	  0	  0	 89	 70	 43	 79	  0	 67	  0	  0	  0	  0	  0	  0	  0	  0	  0	  0	  0	  5	21834	  0
25-06-2015	07:46:33	<-	L	00000000	 22	 87	 69	 47	  0	122	  0	  4	  4	  4	  4	  4	  4	  4	  4	  0	  0	  0	  0	  0	  0	  0	  0	  0	  0	  0	  0	  0	  0	  0	  0	  0	  0	  0	  0	  0	  0	  0	  0	 87	 69	 45	 79	  0	 63	  0	  0	  0	  0	  0	  0	  0	  0	  0	  0	  0	  5	21828	  0
25-06-2015	07:51:33	<-	L	00000000	 22	 83	 68	 49	  0	127	  0	  4	  4	  4	  4	  4	  4	  4	  4	  0	  0	  0	  0	  0	  0	  0	  0	  0	  0	  0	  0	  0	  0	  0	  0	  0	  0	  0	  0	  0	  0	  0	  0	 83	 68	 51	 77	  0	 66	  0	  0	  0	  0	  0	  0	  0	  0	  0	  0	  0	  5	21828	  0
25-06-2015	07:56:33	<-	L	00000000	 22	 82	 68	 50	  0	132	  0	  4	  4	  4	  4	  4	  4	  4	  4	  0	  0	  0	  0	  0	  0	  0	  0	  0	  0	  0	  0	  0	  0	  0	  0	  0	  0	  0	  0	  0	  0	  0	  0	 82	 68	 52	 76	  0	 69	  0	  0	  0	  0	  0	  0	  0	  0	  0	  0	  0	  5	21828	  0
25-06-2015	08:01:33	<-	L	00000000	 22	 87	 68	 45	  0	137	  0	  4	  4	  4	  4	  4	  4	  4	  4	  0	  0	  0	  0	  0	  0	  0	  0	  0	  0	  0	  0	  0	  0	  0	  0	  0	  0	  0	  0	  0	  0	  0	  0	 87	 68	 43	 79	  0	 60	  0	  0	  0	  0	  0	  0	  0	  0	  0	  0	  0	  5	21828	  0
25-06-2015	08:06:33	<-	L	00000000	 22	 89	 68	 38	  0	142	  0	  4	  4	  4	  4	  4	  4	  4	  4	  0	  0	  0	  0	  0	  0	  0	  0	  0	  0	  0	  0	  0	  0	  0	  0	  0	  0	  0	  0	  0	  0	  0	  0	 89	 68	 38	 80	  0	 58	  0	  0	  0	  0	  0	  0	  0	  0	  0	  0	  0	  5	21828	  0
25-06-2015	08:11:33	<-	L	00000000	 22	 87	 68	 41	  0	147	  0	  4	  4	  4	  4	  4	  4	  4	  4	  0	  0	  0	  0	  0	  0	  0	  0	  0	  0	  0	  0	  0	  0	  0	  0	  0	  0	  0	  0	  0	  0	  0	  0	 87	 68	 43	 79	  0	 60	  0	  0	  0	  0	  0	  0	  0	  0	  0	  0	  0	  5	21828	  0
25-06-2015	08:16:33	<-	L	00000000	 22	 82	 67	 48	  0	152	  0	  4	  4	  4	  4	  4	  4	  4	  4	  0	  0	  0	  0	  0	  0	  0	  0	  0	  0	  0	  0	  0	  0	  0	  0	  0	  0	  0	  0	  0	  0	  0	  0	 82	 67	 50	 76	  0	 66	  0	  0	  0	  0	  0	  0	  0	  0	  0	  0	  0	  5	21828	  0
25-06-2015	08:21:33	<-	L	00000000	 22	 84	 68	 51	  0	157	  0	  4	  4	  4	  4	  4	  4	  4	  4	  0	  0	  0	  0	  0	  0	  0	  0	  0	  0	  0	  0	  0	  0	  0	  0	  0	  0	  0	  0	  0	  0	  0	  0	 85	 68	 49	 77	  0	 66	  0	  0	  0	  0	  0	  0	  0	  0	  0	  0	  0	  5	21828	  0
25-06-2015	08:26:34	<-	L	00000000	 22	 89	 68	 41	  0	162	  0	  4	  4	  4	  4	  4	  4	  4	  4	  0	  0	  0	  0	  0	  0	  0	  0	  0	  0	  0	  0	  0	  0	  0	  0	  0	  0	  0	  0	  0	  0	  0	  0	 89	 68	 38	 79	  0	 60	  0	  0	  0	  0	  0	  0	  0	  0	  0	  0	  0	  5	21828	  0
25-06-2015	08:31:33	<-	L	00000000	 22	 88	 68	 38	  0	167	  0	  4	  4	  4	  4	  4	  4	  4	  4	  0	  0	  0	  0	  0	  0	  0	  0	  0	  0	  0	  0	  0	  0	  0	  0	  0	  0	  0	  0	  0	  0	  0	  0	 88	 68	 41	 79	  0	 60	  0	  0	  0	  0	  0	  0	  0	  0	  0	  0	  0	  5	21828	  0
25-06-2015	08:36:33	<-	L	00000000	 22	 85	 68	 45	  0	172	  0	  4	  4	  4	  4	  4	  4	  4	  4	  0	  0	  0	  0	  0	  0	  0	  0	  0	  0	  0	  0	  0	  0	  0	  0	  0	  0	  0	  0	  0	  0	  0	  0	 85	 68	 46	 78	  0	 63	  0	  0	  0	  0	  0	  0	  0	  0	  0	  0	  0	  5	21828	  0
25-06-2015	08:41:33	<-	L	00000000	 22	 82	 67	 50	  0	177	  0	  4	  4	  4	  4	  4	  4	  4	  4	  0	  0	  0	  0	  0	  0	  0	  0	  0	  0	  0	  0	  0	  0	  0	  0	  0	  0	  0	  0	  0	  0	  0	  0	 82	 67	 50	 76	  0	 66	  0	  0	  0	  0	  0	  0	  0	  0	  0	  0	  0	  5	21828	  0
25-06-2015	08:46:33	<-	L	00000000	 22	 86	 68	 46	  0	182	  0	  4	  4	  4	  4	  4	  4	  4	  4	  0	  0	  0	  0	  0	  0	  0	  0	  0	  0	  0	  0	  0	  0	  0	  0	  0	  0	  0	  0	  0	  0	  0	  0	 86	 68	 45	 78	  0	 63	  0	  0	  0	  0	  0	  0	  0	  0	  0	  0	  0	  5	21828	  0
25-06-2015	08:51:33	<-	L	00000000	 22	 89	 69	 41	  0	187	  0	  4	  4	  4	  4	  4	  4	  4	  4	  0	  0	  0	  0	  0	  0	  0	  0	  0	  0	  0	  0	  0	  0	  0	  0	  0	  0	  0	  0	  0	  0	  0	  0	 90	 69	 42	 80	  0	 60	  0	  0	  0	  0	  0	  0	  0	  0	  0	  0	  0	  5	21828	  0
25-06-2015	08:56:34	  	L	00000000	 22	 85	 69	 49	  0	192	  0	  4	  4	  4	  4	  4	  4	  4	  4	  0	  0	  0	  0	  0	  0	  0	  0	  0	  0	  0	  0	  0	  0	  0	  0	  0	  0	  0	  0	  0	  0	  0	  0	 85	 69	 49	 78	  0	 66	  0	  0	  0	  0	  0	  0	  0	  0	  0	  0	  0	  5	21828	  0
25-06-2015	09:01:34	->	L	00000000	 22	 86	 68	 45	  0	197	  0	  4	  4	  4	  4	  4	  4	  4	  4	  0	  0	  0	  0	  0	  0	  0	  0	  0	  0	  0	  0	  0	  0	  0	  0	  0	  0	  0	  0	  0	  0	  0	  0	 79	 68	 60	 86	  0	 45	  0	  0	  0	  0	  0	  0	  0	  0	  0	  0	  0	  5	21828	  0
25-06-2015	09:06:34	->	L	00000000	 22	 83	 68	 51	  0	202	  0	  4	  4	  4	  4	  4	  4	  4	  4	  0	  0	  0	  0	  0	  0	  0	  0	  0	  0	  0	  0	  0	  0	  0	  0	  0	  0	  0	  0	  0	  0	  0	  0	 77	 68	 66	 83	  0	 51	  0	  0	  0	  0	  0	  0	  0	  0	  0	  0	  0	  5	21828	  0
25-06-2015	09:11:34	->	L	00000000	 22	 82	 67	 50	  0	207	  0	  4	  4	  4	  4	  4	  4	  4	  4	  0	  0	  0	  0	  0	  0	  0	  0	  0	  0	  0	  0	  0	  0	  0	  0	  0	  0	  0	  0	  0	  0	  0	  0	 76	 67	 66	 82	  0	 50	  0	  0	  0	  0	  0	  0	  0	  0	  0	  0	  0	  5	21828	  0
25-06-2015	09:16:34	->	L	00000000	 22	 83	 68	 52	  0	212	  0	  4	  4	  4	  4	  4	  4	  4	  4	  0	  0	  0	  0	  0	  0	  0	  0	  0	  0	  0	  0	  0	  0	  0	  0	  0	  0	  0	  0	  0	  0	  0	  0	 76	 68	 69	 83	  0	 51	  0	  0	  0	  0	  0	  0	  0	  0	  0	  0	  0	  5	21828	  0
25-06-2015	09:21:34	->	L	00000000	 22	 87	 68	 45	  0	217	  0	  4	  4	  4	  4	  4	  4	  4	  4	  0	  0	  0	  0	  0	  0	  0	  0	  0	  0	  0	  0	  0	  0	  0	  0	  0	  0	  0	  0	  0	  0	  0	  0	 78	 68	 63	 87	  0	 43	  0	  0	  0	  0	  0	  0	  0	  0	  0	  0	  0	  5	21828	  0
25-06-2015	09:26:34	->	L	00000000	 22	 89	 68	 38	  0	222	  0	  4	  4	  4	  4	  4	  4	  4	  4	  0	  0	  0	  0	  0	  0	  0	  0	  0	  0	  0	  0	  0	  0	  0	  0	  0	  0	  0	  0	  0	  0	  0	  0	 79	 68	 60	 89	  0	 38	  0	  0	  0	  0	  0	  0	  0	  0	  0	  0	  0	  5	21828	  0
25-06-2015	09:31:35	->	L	00000000	 22	 90	 68	 39	  0	227	  0	  4	  4	  4	  4	  4	  4	  4	  4	  0	  0	  0	  0	  0	  0	  0	  0	  0	  0	  0	  0	  0	  0	  0	  0	  0	  0	  0	  0	  0	  0	  0	  0	 79	 68	 60	 90	  0	 39	  0	  0	  0	  0	  0	  0	  0	  0	  0	  0	  0	  5	21828	  0
25-06-2015	09:36:34	->	L	00000000	 22	 87	 68	 41	  0	232	  0	  4	  4	  4	  4	  4	  4	  4	  4	  0	  0	  0	  0	  0	  0	  0	  0	  0	  0	  0	  0	  0	  0	  0	  0	  0	  0	  0	  0	  0	  0	  0	  0	 78	 68	 63	 87	  0	 43	  0	  0	  0	  0	  0	  0	  0	  0	  0	  0	  0	  5	21828	  0
25-06-2015	09:41:34	->	L	00000000	 22	 84	 68	 46	  0	237	  0	  4	  4	  4	  4	  4	  4	  4	  4	  0	  0	  0	  0	  0	  0	  0	  0	  0	  0	  0	  0	  0	  0	  0	  0	  0	  0	  0	  0	  0	  0	  0	  0	 77	 68	 66	 84	  0	 49	  0	  0	  0	  0	  0	  0	  0	  0	  0	  0	  0	  5	21828	  0
25-06-2015	09:46:34	->	L	00000000	 22	 82	 68	 52	  0	242	  0	  4	  4	  4	  4	  4	  4	  4	  4	  0	  0	  0	  0	  0	  0	  0	  0	  0	  0	  0	  0	  0	  0	  0	  0	  0	  0	  0	  0	  0	  0	  0	  0	 76	 68	 69	 82	  0	 52	  0	  0	  0	  0	  0	  0	  0	  0	  0	  0	  0	  5	21828	  0
25-06-2015	09:51:34	->	L	00000000	 22	 85	 68	 49	  0	247	  0	  4	  4	  4	  4	  4	  4	  4	  4	  0	  0	  0	  0	  0	  0	  0	  0	  0	  0	  0	  0	  0	  0	  0	  0	  0	  0	  0	  0	  0	  0	  0	  0	 77	 68	 66	 85	  0	 46	  0	  0	  0	  0	  0	  0	  0	  0	  0	  0	  0	  5	21828	  0
25-06-2015	09:56:34	->	L	00000000	 22	 88	 68	 43	  0	252	  0	  4	  4	  4	  4	  4	  4	  4	  4	  0	  0	  0	  0	  0	  0	  0	  0	  0	  0	  0	  0	  0	  0	  0	  0	  0	  0	  0	  0	  0	  0	  0	  0	 79	 68	 60	 88	  0	 41	  0	  0	  0	  0	  0	  0	  0	  0	  0	  0	  0	  5	21828	  0
25-06-2015	10:01:34	->	L	00000000	 22	 90	 68	 38	  0	257	  0	  4	  4	  4	  4	  4	  4	  4	  4	  0	  0	  0	  0	  0	  0	  0	  0	  0	  0	  0	  0	  0	  0	  0	  0	  0	  0	  0	  0	  0	  0	  0	  0	 79	 68	 60	 90	  0	 39	  0	  0	  0	  0	  0	  0	  0	  0	  0	  0	  0	  5	21828	  0
25-06-2015	10:06:35	->	L	00000000	 22	 88	 68	 38	  0	262	  0	  4	  4	  4	  4	  4	  4	  4	  4	  0	  0	  0	  0	  0	  0	  0	  0	  0	  0	  0	  0	  0	  0	  0	  0	  0	  0	  0	  0	  0	  0	  0	  0	 78	 68	 63	 88	  0	 41	  0	  0	  0	  0	  0	  0	  0	  0	  0	  0	  0	  5	21828	  0
25-06-2015	10:11:35	->	L	00000000	 22	 86	 68	 43	  0	267	  0	  4	  4	  4	  4	  4	  4	  4	  4	  0	  0	  0	  0	  0	  0	  0	  0	  0	  0	  0	  0	  0	  0	  0	  0	  0	  0	  0	  0	  0	  0	  0	  0	 78	 68	 63	 86	  0	 45	  0	  0	  0	  0	  0	  0	  0	  0	  0	  0	  0	  5	21828	  0
25-06-2015	10:16:35	->	L	00000000	 22	 83	 68	 51	  0	272	  0	  4	  4	  4	  4	  4	  4	  4	  4	  0	  0	  0	  0	  0	  0	  0	  0	  0	  0	  0	  0	  0	  0	  0	  0	  0	  0	  0	  0	  0	  0	  0	  0	 76	 68	 69	 83	  0	 51	  0	  0	  0	  0	  0	  0	  0	  0	  0	  0	  0	  5	21828	  0
25-06-2015	10:21:35	->	L	00000000	 22	 84	 68	 51	  0	277	  0	  4	  4	  4	  4	  4	  4	  4	  4	  0	  0	  0	  0	  0	  0	  0	  0	  0	  0	  0	  0	  0	  0	  0	  0	  0	  0	  0	  0	  0	  0	  0	  0	 77	 68	 66	 84	  0	 49	  0	  0	  0	  0	  0	  0	  0	  0	  0	  0	  0	  5	21828	  0
25-06-2015	10:26:35	->	L	00000000	 22	 87	 68	 45	  0	282	  0	  4	  4	  4	  4	  4	  4	  4	  4	  0	  0	  0	  0	  0	  0	  0	  0	  0	  0	  0	  0	  0	  0	  0	  0	  0	  0	  0	  0	  0	  0	  0	  0	 78	 68	 63	 87	  0	 43	  0	  0	  0	  0	  0	  0	  0	  0	  0	  0	  0	  5	21828	  0
25-06-2015	10:31:35	->	L	00000000	 22	 89	 68	 38	  0	287	  0	  4	  4	  4	  4	  4	  4	  4	  4	  0	  0	  0	  0	  0	  0	  0	  0	  0	  0	  0	  0	  0	  0	  0	  0	  0	  0	  0	  0	  0	  0	  0	  0	 79	 68	 60	 89	  0	 38	  0	  0	  0	  0	  0	  0	  0	  0	  0	  0	  0	  5	21828	  0
25-06-2015	10:36:35	->	L	00000000	 22	 86	 68	 43	  0	292	  0	  4	  4	  4	  4	  4	  4	  4	  4	  0	  0	  0	  0	  0	  0	  0	  0	  0	  0	  0	  0	  0	  0	  0	  0	  0	  0	  0	  0	  0	  0	  0	  0	 78	 68	 63	 86	  0	 45	  0	  0	  0	  0	  0	  0	  0	  0	  0	  0	  0	  5	21828	  0
25-06-2015	10:41:35	->	L	00000000	 22	 83	 68	 49	  0	297	  0	  4	  4	  4	  4	  4	  4	  4	  4	  0	  0	  0	  0	  0	  0	  0	  0	  0	  0	  0	  0	  0	  0	  0	  0	  0	  0	  0	  0	  0	  0	  0	  0	 76	 68	 69	 83	  0	 51	  0	  0	  0	  0	  0	  0	  0	  0	  0	  0	  0	  5	21828	  0
25-06-2015	10:46:35	->	L	00000000	 23	 84	 68	 51	  0	  1	  0	  4	  4	  4	  4	  4	  4	  4	  4	  0	  0	  0	  0	  0	  0	  0	  0	  0	  0	  0	  0	  0	  0	  0	  0	  0	  0	  0	  0	  0	  0	  0	  0	 76	 68	 69	 84	  0	 49	  0	  0	  0	  0	  0	  0	  0	  0	  0	  0	  0	  5	21826	  0
25-06-2015	10:51:35	->	L	00000000	 23	 89	 67	 38	  0	  6	  0	  4	  4	  4	  4	  4	  4	  4	  4	  0	  0	  0	  0	  0	  0	  0	  0	  0	  0	  0	  0	  0	  0	  0	  0	  0	  0	  0	  0	  0	  0	  0	  0	 78	 67	 60	 89	  0	 38	  0	  0	  0	  0	  0	  0	  0	  0	  0	  0	  0	  5	21826	  0
25-06-2015	10:56:35	->	L	00000000	 23	 85	 65	 40	  0	 11	  0	  4	  4	  4	  4	  4	  4	  4	  4	  0	  0	  0	  0	  0	  0	  0	  0	  0	  0	  0	  0	  0	  0	  0	  0	  0	  0	  0	  0	  0	  0	  0	  0	 77	 65	 57	 85	  0	 40	  0	  0	  0	  0	  0	  0	  0	  0	  0	  0	  0	  5	21826	  0
25-06-2015	11:01:35	->	L	00000000	 23	 82	 65	 47	  0	 16	  0	  4	  4	  4	  4	  4	  4	  4	  4	  0	  0	  0	  0	  0	  0	  0	  0	  0	  0	  0	  0	  0	  0	  0	  0	  0	  0	  0	  0	  0	  0	  0	  0	 75	 65	 62	 82	  0	 45	  0	  0	  0	  0	  0	  0	  0	  0	  0	  0	  0	  5	21826	  0
25-06-2015	11:06:35	->	L	00000000	 23	 86	 66	 42	  0	 21	  0	  4	  4	  4	  4	  4	  4	  4	  4	  0	  0	  0	  0	  0	  0	  0	  0	  0	  0	  0	  0	  0	  0	  0	  0	  0	  0	  0	  0	  0	  0	  0	  0	 77	 66	 59	 86	  0	 40	  0	  0	  0	  0	  0	  0	  0	  0	  0	  0	  0	  5	21826	  0
25-06-2015	11:11:35	->	L	00000000	 23	 89	 66	 34	  0	 26	  0	  4	  4	  4	  4	  4	  4	  4	  4	  0	  0	  0	  0	  0	  0	  0	  0	  0	  0	  0	  0	  0	  0	  0	  0	  0	  0	  0	  0	  0	  0	  0	  0	 78	 66	 57	 89	  0	 34	  0	  0	  0	  0	  0	  0	  0	  0	  0	  0	  0	  5	21826	  0
25-06-2015	11:16:36	->	L	00000000	 23	 86	 66	 37	  0	 31	  0	  4	  4	  4	  4	  4	  4	  4	  4	  0	  0	  0	  0	  0	  0	  0	  0	  0	  0	  0	  0	  0	  0	  0	  0	  0	  0	  0	  0	  0	  0	  0	  0	 77	 66	 59	 86	  0	 40	  0	  0	  0	  0	  0	  0	  0	  0	  0	  0	  0	  5	21826	  0
25-06-2015	11:21:36	->	L	00000000	 23	 82	 66	 45	  0	 36	  0	  4	  4	  4	  4	  4	  4	  4	  4	  0	  0	  0	  0	  0	  0	  0	  0	  0	  0	  0	  0	  0	  0	  0	  0	  0	  0	  0	  0	  0	  0	  0	  0	 75	 66	 65	 82	  0	 48	  0	  0	  0	  0	  0	  0	  0	  0	  0	  0	  0	  5	21826	  0
25-06-2015	11:26:36	->	L	00000000	 23	 82	 66	 50	  0	 41	  0	  4	  4	  4	  4	  4	  4	  4	  4	  0	  0	  0	  0	  0	  0	  0	  0	  0	  0	  0	  0	  0	  0	  0	  0	  0	  0	  0	  0	  0	  0	  0	  0	 75	 66	 65	 82	  0	 48	  0	  0	  0	  0	  0	  0	  0	  0	  0	  0	  0	  5	21826	  0
25-06-2015	11:31:36	->	L	00000000	 23	 87	 66	 40	  0	 46	  0	  4	  4	  4	  4	  4	  4	  4	  4	  0	  0	  0	  0	  0	  0	  0	  0	  0	  0	  0	  0	  0	  0	  0	  0	  0	  0	  0	  0	  0	  0	  0	  0	 77	 66	 59	 87	  0	 37	  0	  0	  0	  0	  0	  0	  0	  0	  0	  0	  0	  5	21826	  0
25-06-2015	11:36:36	->	L	00000000	 23	 88	 66	 34	  0	 51	  0	  4	  4	  4	  4	  4	  4	  4	  4	  0	  0	  0	  0	  0	  0	  0	  0	  0	  0	  0	  0	  0	  0	  0	  0	  0	  0	  0	  0	  0	  0	  0	  0	 78	 66	 57	 88	  0	 37	  0	  0	  0	  0	  0	  0	  0	  0	  0	  0	  0	  5	21826	  0
25-06-2015	11:41:36	->	L	00000000	 23	 85	 66	 40	  0	 56	  0	  4	  4	  4	  4	  4	  4	  4	  4	  0	  0	  0	  0	  0	  0	  0	  0	  0	  0	  0	  0	  0	  0	  0	  0	  0	  0	  0	  0	  0	  0	  0	  0	 77	 66	 59	 85	  0	 42	  0	  0	  0	  0	  0	  0	  0	  0	  0	  0	  0	  5	21826	  0
25-06-2015	11:46:36	->	L	00000000	 23	 82	 66	 48	  0	 61	  0	  4	  4	  4	  4	  4	  4	  4	  4	  0	  0	  0	  0	  0	  0	  0	  0	  0	  0	  0	  0	  0	  0	  0	  0	  0	  0	  0	  0	  0	  0	  0	  0	 75	 66	 65	 82	  0	 48	  0	  0	  0	  0	  0	  0	  0	  0	  0	  0	  0	  5	21826	  0
25-06-2015	11:51:36	->	L	00000000	 23	 85	 66	 44	  0	 66	  0	  4	  4	  4	  4	  4	  4	  4	  4	  0	  0	  0	  0	  0	  0	  0	  0	  0	  0	  0	  0	  0	  0	  0	  0	  0	  0	  0	  0	  0	  0	  0	  0	 77	 66	 59	 85	  0	 42	  0	  0	  0	  0	  0	  0	  0	  0	  0	  0	  0	  5	21826	  0
25-06-2015	11:56:36	->	L	00000000	 23	 88	 66	 37	  0	 71	  0	  4	  4	  4	  4	  4	  4	  4	  4	  0	  0	  0	  0	  0	  0	  0	  0	  0	  0	  0	  0	  0	  0	  0	  0	  0	  0	  0	  0	  0	  0	  0	  0	 78	 66	 57	 88	  0	 37	  0	  0	  0	  0	  0	  0	  0	  0	  0	  0	  0	  5	21826	  0
25-06-2015	12:01:36	<-	L	00000000	 23	 86	 68	 49	  0	 76	  0	  4	  4	  4	  4	  4	  4	  4	  4	  0	  0	  0	  0	  0	  0	  0	  0	  0	  0	  0	  0	  0	  0	  0	  0	  0	  0	  0	  0	  0	  0	  0	  0	 86	 68	 45	 80	  0	 58	  0	  0	  0	  0	  0	  0	  0	  0	  0	  0	  0	  5	21826	  0
25-06-2015	12:06:36	<-	L	00000000	 23	 89	 66	 34	  0	 81	  0	  4	  4	  4	  4	  4	  4	  4	  4	  0	  0	  0	  0	  0	  0	  0	  0	  0	  0	  0	  0	  0	  0	  0	  0	  0	  0	  0	  0	  0	  0	  0	  0	 89	 66	 34	 80	  0	 51	  0	  0	  0	  0	  0	  0	  0	  0	  0	  0	  0	  5	21826	  0
25-06-2015	12:11:36	<-	L	00000000	 23	 85	 65	 40	  0	 86	  0	  4	  4	  4	  4	  4	  4	  4	  4	  0	  0	  0	  0	  0	  0	  0	  0	  0	  0	  0	  0	  0	  0	  0	  0	  0	  0	  0	  0	  0	  0	  0	  0	 85	 65	 40	 78	  0	 54	  0	  0	  0	  0	  0	  0	  0	  0	  0	  0	  0	  5	21826	  0
25-06-2015	12:16:36	<-	L	00000000	 23	 82	 66	 48	  0	 91	  0	  4	  4	  4	  4	  4	  4	  4	  4	  0	  0	  0	  0	  0	  0	  0	  0	  0	  0	  0	  0	  0	  0	  0	  0	  0	  0	  0	  0	  0	  0	  0	  0	 82	 66	 48	 77	  0	 59	  0	  0	  0	  0	  0	  0	  0	  0	  0	  0	  0	  5	21826	  0
25-06-2015	12:21:36	<-	L	00000000	 23	 88	 66	 37	  0	 96	  0	  4	  4	  4	  4	  4	  4	  4	  4	  0	  0	  0	  0	  0	  0	  0	  0	  0	  0	  0	  0	  0	  0	  0	  0	  0	  0	  0	  0	  0	  0	  0	  0	 88	 66	 37	 79	  0	 54	  0	  0	  0	  0	  0	  0	  0	  0	  0	  0	  0	  5	21826	  0
25-06-2015	12:26:36	<-	L	00000000	 23	 89	 66	 34	  0	101	  0	  4	  4	  4	  4	  4	  4	  4	  4	  0	  0	  0	  0	  0	  0	  0	  0	  0	  0	  0	  0	  0	  0	  0	  0	  0	  0	  0	  0	  0	  0	  0	  0	 89	 66	 34	 80	  0	 51	  0	  0	  0	  0	  0	  0	  0	  0	  0	  0	  0	  5	21826	  0
25-06-2015	12:31:37	<-	L	00000000	 23	 84	 66	 42	  0	106	  0	  4	  4	  4	  4	  4	  4	  4	  4	  0	  0	  0	  0	  0	  0	  0	  0	  0	  0	  0	  0	  0	  0	  0	  0	  0	  0	  0	  0	  0	  0	  0	  0	 84	 66	 44	 77	  0	 59	  0	  0	  0	  0	  0	  0	  0	  0	  0	  0	  0	  5	21826	  0
25-06-2015	12:36:37	<-	L	00000000	 23	 82	 66	 47	  0	111	  0	  4	  4	  4	  4	  4	  4	  4	  4	  0	  0	  0	  0	  0	  0	  0	  0	  0	  0	  0	  0	  0	  0	  0	  0	  0	  0	  0	  0	  0	  0	  0	  0	 82	 66	 48	 76	  0	 62	  0	  0	  0	  0	  0	  0	  0	  0	  0	  0	  0	  5	21826	  0
25-06-2015	12:41:37	<-	L	00000000	 23	 87	 66	 40	  0	116	  0	  4	  4	  4	  4	  4	  4	  4	  4	  0	  0	  0	  0	  0	  0	  0	  0	  0	  0	  0	  0	  0	  0	  0	  0	  0	  0	  0	  0	  0	  0	  0	  0	 87	 66	 37	 79	  0	 54	  0	  0	  0	  0	  0	  0	  0	  0	  0	  0	  0	  5	21826	  0
25-06-2015	12:46:37	<-	L	00000000	 23	 89	 66	 35	  0	121	  0	  4	  4	  4	  4	  4	  4	  4	  4	  0	  0	  0	  0	  0	  0	  0	  0	  0	  0	  0	  0	  0	  0	  0	  0	  0	  0	  0	  0	  0	  0	  0	  0	 89	 66	 34	 80	  0	 51	  0	  0	  0	  0	  0	  0	  0	  0	  0	  0	  0	  5	21826	  0
25-06-2015	12:51:37	<-	L	00000000	 23	 83	 65	 44	  0	126	  0	  4	  4	  4	  4	  4	  4	  4	  4	  0	  0	  0	  0	  0	  0	  0	  0	  0	  0	  0	  0	  0	  0	  0	  0	  0	  0	  0	  0	  0	  0	  0	  0	 83	 65	 44	 77	  0	 57	  0	  0	  0	  0	  0	  0	  0	  0	  0	  0	  0	  5	21826	  0
25-06-2015	12:56:37	<-	L	00000000	 23	 84	 66	 45	  0	131	  0	  4	  4	  4	  4	  4	  4	  4	  4	  0	  0	  0	  0	  0	  0	  0	  0	  0	  0	  0	  0	  0	  0	  0	  0	  0	  0	  0	  0	  0	  0	  0	  0	 84	 66	 44	 77	  0	 59	  0	  0	  0	  0	  0	  0	  0	  0	  0	  0	  0	  5	21826	  0
25-06-2015	13:01:37	<-	L	00000000	 23	 90	 67	 38	  0	136	  0	  4	  4	  4	  4	  4	  4	  4	  4	  0	  0	  0	  0	  0	  0	  0	  0	  0	  0	  0	  0	  0	  0	  0	  0	  0	  0	  0	  0	  0	  0	  0	  0	 90	 67	 35	 80	  0	 54	  0	  0	  0	  0	  0	  0	  0	  0	  0	  0	  0	  5	21826	  0
25-06-2015	13:06:37	<-	L	00000000	 23	 86	 66	 37	  0	141	  0	  4	  4	  4	  4	  4	  4	  4	  4	  0	  0	  0	  0	  0	  0	  0	  0	  0	  0	  0	  0	  0	  0	  0	  0	  0	  0	  0	  0	  0	  0	  0	  0	 86	 66	 40	 79	  0	 54	  0	  0	  0	  0	  0	  0	  0	  0	  0	  0	  0	  5	21826	  0
25-06-2015	13:11:37	<-	L	00000000	 23	 82	 65	 45	  0	146	  0	  4	  4	  4	  4	  4	  4	  4	  4	  0	  0	  0	  0	  0	  0	  0	  0	  0	  0	  0	  0	  0	  0	  0	  0	  0	  0	  0	  0	  0	  0	  0	  0	 82	 65	 45	 76	  0	 59	  0	  0	  0	  0	  0	  0	  0	  0	  0	  0	  0	  5	21826	  0
25-06-2015	13:16:37	<-	L	00000000	 23	 86	 66	 42	  0	151	  0	  4	  4	  4	  4	  4	  4	  4	  4	  0	  0	  0	  0	  0	  0	  0	  0	  0	  0	  0	  0	  0	  0	  0	  0	  0	  0	  0	  0	  0	  0	  0	  0	 86	 66	 40	 78	  0	 57	  0	  0	  0	  0	  0	  0	  0	  0	  0	  0	  0	  5	21826	  0
25-06-2015	13:21:37	<-	L	00000000	 23	 90	 66	 35	  0	156	  0	  4	  4	  4	  4	  4	  4	  4	  4	  0	  0	  0	  0	  0	  0	  0	  0	  0	  0	  0	  0	  0	  0	  0	  0	  0	  0	  0	  0	  0	  0	  0	  0	 90	 66	 35	 80	  0	 51	  0	  0	  0	  0	  0	  0	  0	  0	  0	  0	  0	  5	21826	  0
25-06-2015	13:26:37	<-	L	00000000	 23	 85	 66	 40	  0	161	  0	  4	  4	  4	  4	  4	  4	  4	  4	  0	  0	  0	  0	  0	  0	  0	  0	  0	  0	  0	  0	  0	  0	  0	  0	  0	  0	  0	  0	  0	  0	  0	  0	 85	 66	 42	 78	  0	 57	  0	  0	  0	  0	  0	  0	  0	  0	  0	  0	  0	  5	21826	  0
25-06-2015	13:31:37	<-	L	00000000	 23	 81	 65	 45	  0	166	  0	  4	  4	  4	  4	  4	  4	  4	  4	  0	  0	  0	  0	  0	  0	  0	  0	  0	  0	  0	  0	  0	  0	  0	  0	  0	  0	  0	  0	  0	  0	  0	  0	 81	 65	 47	 76	  0	 59	  0	  0	  0	  0	  0	  0	  0	  0	  0	  0	  0	  5	21826	  0
25-06-2015	13:36:37	<-	L	00000000	 23	 86	 66	 42	  0	171	  0	  4	  4	  4	  4	  4	  4	  4	  4	  0	  0	  0	  0	  0	  0	  0	  0	  0	  0	  0	  0	  0	  0	  0	  0	  0	  0	  0	  0	  0	  0	  0	  0	 86	 66	 40	 78	  0	 57	  0	  0	  0	  0	  0	  0	  0	  0	  0	  0	  0	  5	21826	  0
25-06-2015	13:41:38	<-	L	00000000	 23	 90	 67	 35	  0	176	  0	  4	  4	  4	  4	  4	  4	  4	  4	  0	  0	  0	  0	  0	  0	  0	  0	  0	  0	  0	  0	  0	  0	  0	  0	  0	  0	  0	  0	  0	  0	  0	  0	 90	 67	 35	 80	  0	 54	  0	  0	  0	  0	  0	  0	  0	  0	  0	  0	  0	  5	21826	  0
25-06-2015	13:46:38	<-	L	00000000	 23	 84	 66	 42	  0	181	  0	  4	  4	  4	  4	  4	  4	  4	  4	  0	  0	  0	  0	  0	  0	  0	  0	  0	  0	  0	  0	  0	  0	  0	  0	  0	  0	  0	  0	  0	  0	  0	  0	 84	 66	 44	 78	  0	 57	  0	  0	  0	  0	  0	  0	  0	  0	  0	  0	  0	  5	21826	  0
25-06-2015	13:51:38	<-	L	00000000	 23	 84	 66	 45	  0	186	  0	  4	  4	  4	  4	  4	  4	  4	  4	  0	  0	  0	  0	  0	  0	  0	  0	  0	  0	  0	  0	  0	  0	  0	  0	  0	  0	  0	  0	  0	  0	  0	  0	 84	 66	 44	 78	  0	 57	  0	  0	  0	  0	  0	  0	  0	  0	  0	  0	  0	  5	21826	  0
25-06-2015	13:56:38	<-	L	00000000	 23	 89	 67	 37	  0	191	  0	  4	  4	  4	  4	  4	  4	  4	  4	  0	  0	  0	  0	  0	  0	  0	  0	  0	  0	  0	  0	  0	  0	  0	  0	  0	  0	  0	  0	  0	  0	  0	  0	 89	 67	 38	 80	  0	 54	  0	  0	  0	  0	  0	  0	  0	  0	  0	  0	  0	  5	21826	  0
25-06-2015	14:01:38	<-	L	00000000	 23	 87	 66	 37	  0	196	  0	  4	  4	  4	  4	  4	  4	  4	  4	  0	  0	  0	  0	  0	  0	  0	  0	  0	  0	  0	  0	  0	  0	  0	  0	  0	  0	  0	  0	  0	  0	  0	  0	 87	 66	 37	 79	  0	 54	  0	  0	  0	  0	  0	  0	  0	  0	  0	  0	  0	  5	21826	  0
25-06-2015	14:06:38	<-	L	00000000	 23	 83	 66	 45	  0	201	  0	  4	  4	  4	  4	  4	  4	  4	  4	  0	  0	  0	  0	  0	  0	  0	  0	  0	  0	  0	  0	  0	  0	  0	  0	  0	  0	  0	  0	  0	  0	  0	  0	 83	 66	 45	 77	  0	 59	  0	  0	  0	  0	  0	  0	  0	  0	  0	  0	  0	  5	21826	  0
25-06-2015	14:11:38	<-	L	00000000	 23	 84	 66	 48	  0	206	  0	  4	  4	  4	  4	  4	  4	  4	  4	  0	  0	  0	  0	  0	  0	  0	  0	  0	  0	  0	  0	  0	  0	  0	  0	  0	  0	  0	  0	  0	  0	  0	  0	 84	 66	 44	 77	  0	 59	  0	  0	  0	  0	  0	  0	  0	  0	  0	  0	  0	  5	21826	  0
25-06-2015	14:16:38	<-	L	00000000	 23	 90	 67	 38	  0	211	  0	  4	  4	  4	  4	  4	  4	  4	  4	  0	  0	  0	  0	  0	  0	  0	  0	  0	  0	  0	  0	  0	  0	  0	  0	  0	  0	  0	  0	  0	  0	  0	  0	 90	 67	 35	 80	  0	 54	  0	  0	  0	  0	  0	  0	  0	  0	  0	  0	  0	  5	21826	  0
25-06-2015	14:21:38	<-	L	00000000	 23	 86	 66	 37	  0	216	  0	  4	  4	  4	  4	  4	  4	  4	  4	  0	  0	  0	  0	  0	  0	  0	  0	  0	  0	  0	  0	  0	  0	  0	  0	  0	  0	  0	  0	  0	  0	  0	  0	 86	 66	 40	 78	  0	 57	  0	  0	  0	  0	  0	  0	  0	  0	  0	  0	  0	  5	21826	  0
25-06-2015	14:26:38	<-	L	00000000	 23	 82	 65	 45	  0	221	  0	  4	  4	  4	  4	  4	  4	  4	  4	  0	  0	  0	  0	  0	  0	  0	  0	  0	  0	  0	  0	  0	  0	  0	  0	  0	  0	  0	  0	  0	  0	  0	  0	 82	 65	 45	 77	  0	 57	  0	  0	  0	  0	  0	  0	  0	  0	  0	  0	  0	  5	21826	  0
25-06-2015	14:31:38	<-	L	00000000	 23	 86	 66	 42	  0	226	  0	  4	  4	  4	  4	  4	  4	  4	  4	  0	  0	  0	  0	  0	  0	  0	  0	  0	  0	  0	  0	  0	  0	  0	  0	  0	  0	  0	  0	  0	  0	  0	  0	 86	 66	 40	 79	  0	 54	  0	  0	  0	  0	  0	  0	  0	  0	  0	  0	  0	  5	21826	  0
25-06-2015	14:36:38	<-	L	00000000	 23	 89	 67	 35	  0	231	  0	  4	  4	  4	  4	  4	  4	  4	  4	  0	  0	  0	  0	  0	  0	  0	  0	  0	  0	  0	  0	  0	  0	  0	  0	  0	  0	  0	  0	  0	  0	  0	  0	 89	 67	 38	 80	  0	 54	  0	  0	  0	  0	  0	  0	  0	  0	  0	  0	  0	  5	21826	  0
25-06-2015	14:41:39	<-	L	00000000	 23	 85	 66	 40	  0	236	  0	  4	  4	  4	  4	  4	  4	  4	  4	  0	  0	  0	  0	  0	  0	  0	  0	  0	  0	  0	  0	  0	  0	  0	  0	  0	  0	  0	  0	  0	  0	  0	  0	 85	 66	 42	 78	  0	 57	  0	  0	  0	  0	  0	  0	  0	  0	  0	  0	  0	  5	21826	  0
25-06-2015	14:46:38	<-	L	00000000	 23	 81	 66	 45	  0	241	  0	  4	  4	  4	  4	  4	  4	  4	  4	  0	  0	  0	  0	  0	  0	  0	  0	  0	  0	  0	  0	  0	  0	  0	  0	  0	  0	  0	  0	  0	  0	  0	  0	 81	 66	 50	 77	  0	 59	  0	  0	  0	  0	  0	  0	  0	  0	  0	  0	  0	  5	21826	  0
25-06-2015	14:51:39	<-	L	00000000	 23	 88	 66	 37	  0	246	  0	  4	  4	  4	  4	  4	  4	  4	  4	  0	  0	  0	  0	  0	  0	  0	  0	  0	  0	  0	  0	  0	  0	  0	  0	  0	  0	  0	  0	  0	  0	  0	  0	 88	 66	 37	 79	  0	 54	  0	  0	  0	  0	  0	  0	  0	  0	  0	  0	  0	  5	21826	  0
25-06-2015	14:56:39	<-	L	00000000	 23	 91	 67	 35	  0	251	  0	  4	  4	  4	  4	  4	  4	  4	  4	  0	  0	  0	  0	  0	  0	  0	  0	  0	  0	  0	  0	  0	  0	  0	  0	  0	  0	  0	  0	  0	  0	  0	  0	 91	 67	 35	 81	  0	 52	  0	  0	  0	  0	  0	  0	  0	  0	  0	  0	  0	  5	21826	  0
25-06-2015	15:01:39	->	L	00000000	 23	 81	 66	 50	  0	256	  0	  4	  4	  4	  4	  4	  4	  4	  4	  0	  0	  0	  0	  0	  0	  0	  0	  0	  0	  0	  0	  0	  0	  0	  0	  0	  0	  0	  0	  0	  0	  0	  0	 81	 66	 50	 81	  0	 50	  0	  0	  0	  0	  0	  0	  0	  0	  0	  0	  0	  5	21826	  0
25-06-2015	15:06:39	->	L	00000000	 23	 82	 66	 45	  0	261	  0	  4	  4	  4	  4	  4	  4	  4	  4	  0	  0	  0	  0	  0	  0	  0	  0	  0	  0	  0	  0	  0	  0	  0	  0	  0	  0	  0	  0	  0	  0	  0	  0	 77	 66	 59	 82	  0	 48	  0	  0	  0	  0	  0	  0	  0	  0	  0	  0	  0	  5	21826	  0
25-06-2015	15:11:39	->	L	00000000	 23	 84	 66	 45	  0	266	  0	  4	  4	  4	  4	  4	  4	  4	  4	  0	  0	  0	  0	  0	  0	  0	  0	  0	  0	  0	  0	  0	  0	  0	  0	  0	  0	  0	  0	  0	  0	  0	  0	 77	 66	 59	 84	  0	 44	  0	  0	  0	  0	  0	  0	  0	  0	  0	  0	  0	  5	21826	  0
25-06-2015	15:16:39	->	L	00000000	 23	 89	 66	 37	  0	271	  0	  4	  4	  4	  4	  4	  4	  4	  4	  0	  0	  0	  0	  0	  0	  0	  0	  0	  0	  0	  0	  0	  0	  0	  0	  0	  0	  0	  0	  0	  0	  0	  0	 79	 66	 54	 89	  0	 34	  0	  0	  0	  0	  0	  0	  0	  0	  0	  0	  0	  5	21826	  0
25-06-2015	15:21:39	->	L	00000000	 23	 87	 66	 37	  0	276	  0	  4	  4	  4	  4	  4	  4	  4	  4	  0	  0	  0	  0	  0	  0	  0	  0	  0	  0	  0	  0	  0	  0	  0	  0	  0	  0	  0	  0	  0	  0	  0	  0	 78	 66	 57	 87	  0	 37	  0	  0	  0	  0	  0	  0	  0	  0	  0	  0	  0	  5	21826	  0
25-06-2015	15:26:39	->	L	00000000	 23	 84	 66	 42	  0	281	  0	  4	  4	  4	  4	  4	  4	  4	  4	  0	  0	  0	  0	  0	  0	  0	  0	  0	  0	  0	  0	  0	  0	  0	  0	  0	  0	  0	  0	  0	  0	  0	  0	 77	 66	 59	 84	  0	 44	  0	  0	  0	  0	  0	  0	  0	  0	  0	  0	  0	  5	21826	  0
25-06-2015	15:31:39	->	L	00000000	 23	 82	 66	 48	  0	286	  0	  4	  4	  4	  4	  4	  4	  4	  4	  0	  0	  0	  0	  0	  0	  0	  0	  0	  0	  0	  0	  0	  0	  0	  0	  0	  0	  0	  0	  0	  0	  0	  0	 76	 66	 62	 82	  0	 48	  0	  0	  0	  0	  0	  0	  0	  0	  0	  0	  0	  5	21826	  0
25-06-2015	15:36:39	->	L	00000000	 23	 86	 66	 42	  0	291	  0	  4	  4	  4	  4	  4	  4	  4	  4	  0	  0	  0	  0	  0	  0	  0	  0	  0	  0	  0	  0	  0	  0	  0	  0	  0	  0	  0	  0	  0	  0	  0	  0	 78	 66	 57	 86	  0	 40	  0	  0	  0	  0	  0	  0	  0	  0	  0	  0	  0	  5	21826	  0
25-06-2015	15:41:40	->	L	00000000	 23	 89	 66	 34	  0	296	  0	  4	  4	  4	  4	  4	  4	  4	  4	  0	  0	  0	  0	  0	  0	  0	  0	  0	  0	  0	  0	  0	  0	  0	  0	  0	  0	  0	  0	  0	  0	  0	  0	 79	 66	 54	 89	  0	 34	  0	  0	  0	  0	  0	  0	  0	  0	  0	  0	  0	  5	21826	  0
25-06-2015	15:46:39	->	L	00000000	 24	 88	 66	 34	  0	  0	  0	  4	  4	  4	  4	  4	  4	  4	  4	  0	  0	  0	  0	  0	  0	  0	  0	  0	  0	  0	  0	  0	  0	  0	  0	  0	  0	  0	  0	  0	  0	  0	  0	 79	 66	 54	 88	  0	 37	  0	  0	  0	  0	  0	  0	  0	  0	  0	  0	  0	  5	21824	  0
25-06-2015	15:51:39	->	L	00000000	 24	 84	 65	 40	  0	  5	  0	  4	  4	  4	  4	  4	  4	  4	  4	  0	  0	  0	  0	  0	  0	  0	  0	  0	  0	  0	  0	  0	  0	  0	  0	  0	  0	  0	  0	  0	  0	  0	  0	 77	 65	 57	 84	  0	 41	  0	  0	  0	  0	  0	  0	  0	  0	  0	  0	  0	  5	21824	  0
25-06-2015	15:56:39	->	L	00000000	 24	 82	 64	 44	  0	 10	  0	  4	  4	  4	  4	  4	  4	  4	  4	  0	  0	  0	  0	  0	  0	  0	  0	  0	  0	  0	  0	  0	  0	  0	  0	  0	  0	  0	  0	  0	  0	  0	  0	 76	 64	 56	 82	  0	 44	  0	  0	  0	  0	  0	  0	  0	  0	  0	  0	  0	  5	21824	  0
25-06-2015	16:01:39	->	L	00000000	 24	 87	 64	 36	  0	 15	  0	  4	  4	  4	  4	  4	  4	  4	  4	  0	  0	  0	  0	  0	  0	  0	  0	  0	  0	  0	  0	  0	  0	  0	  0	  0	  0	  0	  0	  0	  0	  0	  0	 78	 64	 51	 87	  0	 33	  0	  0	  0	  0	  0	  0	  0	  0	  0	  0	  0	  5	21824	  0
25-06-2015	16:06:40	->	L	00000000	 24	 88	 64	 34	  0	 20	  0	  4	  4	  4	  4	  4	  4	  4	  4	  0	  0	  0	  0	  0	  0	  0	  0	  0	  0	  0	  0	  0	  0	  0	  0	  0	  0	  0	  0	  0	  0	  0	  0	 78	 64	 51	 88	  0	 34	  0	  0	  0	  0	  0	  0	  0	  0	  0	  0	  0	  5	21824	  0
25-06-2015	16:11:40	->	L	00000000	 24	 83	 64	 41	  0	 25	  0	  4	  4	  4	  4	  4	  4	  4	  4	  0	  0	  0	  0	  0	  0	  0	  0	  0	  0	  0	  0	  0	  0	  0	  0	  0	  0	  0	  0	  0	  0	  0	  0	 76	 64	 56	 83	  0	 41	  0	  0	  0	  0	  0	  0	  0	  0	  0	  0	  0	  5	21824	  0
25-06-2015	16:16:40	->	L	00000000	 24	 82	 64	 44	  0	 30	  0	  4	  4	  4	  4	  4	  4	  4	  4	  0	  0	  0	  0	  0	  0	  0	  0	  0	  0	  0	  0	  0	  0	  0	  0	  0	  0	  0	  0	  0	  0	  0	  0	 76	 64	 56	 82	  0	 43	  0	  0	  0	  0	  0	  0	  0	  0	  0	  0	  0	  5	21824	  0
25-06-2015	16:21:40	->	L	00000000	 24	 88	 64	 33	  0	 35	  0	  4	  4	  4	  4	  4	  4	  4	  4	  0	  0	  0	  0	  0	  0	  0	  0	  0	  0	  0	  0	  0	  0	  0	  0	  0	  0	  0	  0	  0	  0	  0	  0	 78	 64	 51	 88	  0	 34	  0	  0	  0	  0	  0	  0	  0	  0	  0	  0	  0	  5	21824	  0
25-06-2015	16:26:40	->	L	00000000	 24	 87	 64	 34	  0	 40	  0	  4	  4	  4	  4	  4	  4	  4	  4	  0	  0	  0	  0	  0	  0	  0	  0	  0	  0	  0	  0	  0	  0	  0	  0	  0	  0	  0	  0	  0	  0	  0	  0	 78	 64	 51	 87	  0	 33	  0	  0	  0	  0	  0	  0	  0	  0	  0	  0	  0	  5	21824	  0
25-06-2015	16:31:40	->	L	00000000	 24	 83	 64	 39	  0	 45	  0	  4	  4	  4	  4	  4	  4	  4	  4	  0	  0	  0	  0	  0	  0	  0	  0	  0	  0	  0	  0	  0	  0	  0	  0	  0	  0	  0	  0	  0	  0	  0	  0	 76	 64	 56	 83	  0	 41	  0	  0	  0	  0	  0	  0	  0	  0	  0	  0	  0	  5	21824	  0
25-06-2015	16:36:41	->	L	00000000	 24	 83	 64	 43	  0	 50	  0	  4	  4	  4	  4	  4	  4	  4	  4	  0	  0	  0	  0	  0	  0	  0	  0	  0	  0	  0	  0	  0	  0	  0	  0	  0	  0	  0	  0	  0	  0	  0	  0	 76	 64	 56	 83	  0	 41	  0	  0	  0	  0	  0	  0	  0	  0	  0	  0	  0	  5	21824	  0
25-06-2015	16:41:40	->	L	00000000	 24	 87	 64	 36	  0	 55	  0	  4	  4	  4	  4	  4	  4	  4	  4	  0	  0	  0	  0	  0	  0	  0	  0	  0	  0	  0	  0	  0	  0	  0	  0	  0	  0	  0	  0	  0	  0	  0	  0	 78	 64	 51	 87	  0	 33	  0	  0	  0	  0	  0	  0	  0	  0	  0	  0	  0	  5	21824	  0
25-06-2015	16:46:40	->	L	00000000	 24	 88	 64	 34	  0	 60	  0	  4	  4	  4	  4	  4	  4	  4	  4	  0	  0	  0	  0	  0	  0	  0	  0	  0	  0	  0	  0	  0	  0	  0	  0	  0	  0	  0	  0	  0	  0	  0	  0	 79	 64	 49	 88	  0	 34	  0	  0	  0	  0	  0	  0	  0	  0	  0	  0	  0	  5	21824	  0
25-06-2015	16:51:40	->	L	00000000	 24	 84	 64	 37	  0	 65	  0	  4	  4	  4	  4	  4	  4	  4	  4	  0	  0	  0	  0	  0	  0	  0	  0	  0	  0	  0	  0	  0	  0	  0	  0	  0	  0	  0	  0	  0	  0	  0	  0	 77	 64	 53	 84	  0	 39	  0	  0	  0	  0	  0	  0	  0	  0	  0	  0	  0	  5	21824	  0
25-06-2015	16:56:40	->	L	00000000	 24	 81	 64	 44	  0	 70	  0	  4	  4	  4	  4	  4	  4	  4	  4	  0	  0	  0	  0	  0	  0	  0	  0	  0	  0	  0	  0	  0	  0	  0	  0	  0	  0	  0	  0	  0	  0	  0	  0	 75	 64	 59	 81	  0	 44	  0	  0	  0	  0	  0	  0	  0	  0	  0	  0	  0	  5	21824	  0
25-06-2015	17:01:40	->	L	00000000	 24	 85	 64	 39	  0	 75	  0	  4	  4	  4	  4	  4	  4	  4	  4	  0	  0	  0	  0	  0	  0	  0	  0	  0	  0	  0	  0	  0	  0	  0	  0	  0	  0	  0	  0	  0	  0	  0	  0	 77	 64	 53	 85	  0	 37	  0	  0	  0	  0	  0	  0	  0	  0	  0	  0	  0	  5	21824	  0
25-06-2015	17:06:40	->	L	00000000	 24	 89	 64	 32	  0	 80	  0	  4	  4	  4	  4	  4	  4	  4	  4	  0	  0	  0	  0	  0	  0	  0	  0	  0	  0	  0	  0	  0	  0	  0	  0	  0	  0	  0	  0	  0	  0	  0	  0	 79	 64	 49	 89	  0	 32	  0	  0	  0	  0	  0	  0	  0	  0	  0	  0	  0	  5	21824	  0
25-06-2015	17:11:40	->	L	00000000	 24	 86	 64	 33	  0	 85	  0	  4	  4	  4	  4	  4	  4	  4	  4	  0	  0	  0	  0	  0	  0	  0	  0	  0	  0	  0	  0	  0	  0	  0	  0	  0	  0	  0	  0	  0	  0	  0	  0	 78	 64	 51	 86	  0	 36	  0	  0	  0	  0	  0	  0	  0	  0	  0	  0	  0	  5	21824	  0
25-06-2015	17:16:41	->	L	00000000	 24	 83	 64	 39	  0	 90	  0	  4	  4	  4	  4	  4	  4	  4	  4	  0	  0	  0	  0	  0	  0	  0	  0	  0	  0	  0	  0	  0	  0	  0	  0	  0	  0	  0	  0	  0	  0	  0	  0	 77	 64	 53	 83	  0	 41	  0	  0	  0	  0	  0	  0	  0	  0	  0	  0	  0	  5	21824	  0
25-06-2015	17:21:41	->	L	00000000	 24	 83	 64	 43	  0	 95	  0	  4	  4	  4	  4	  4	  4	  4	  4	  0	  0	  0	  0	  0	  0	  0	  0	  0	  0	  0	  0	  0	  0	  0	  0	  0	  0	  0	  0	  0	  0	  0	  0	 76	 64	 56	 83	  0	 41	  0	  0	  0	  0	  0	  0	  0	  0	  0	  0	  0	  5	21824	  0
25-06-2015	17:26:41	->	L	00000000	 24	 86	 64	 37	  0	100	  0	  4	  4	  4	  4	  4	  4	  4	  4	  0	  0	  0	  0	  0	  0	  0	  0	  0	  0	  0	  0	  0	  0	  0	  0	  0	  0	  0	  0	  0	  0	  0	  0	 78	 64	 51	 86	  0	 36	  0	  0	  0	  0	  0	  0	  0	  0	  0	  0	  0	  5	21824	  0
25-06-2015	17:31:41	->	L	00000000	 24	 75	 63	 56	  0	105	  0	  4	  4	  4	  4	  4	  4	  4	  4	  0	  0	  0	  0	  0	  0	  0	  0	  0	  0	  0	  0	  0	  0	  0	  0	  0	  0	  0	  0	  0	  0	  0	  0	 73	 63	 61	 75	  0	 56	  0	  0	  0	  0	  0	  0	  0	  0	  0	  0	  0	  5	21824	  0
25-06-2015	17:36:41	->	L	00000000	 24	 71	 62	 64	  0	110	  0	  4	  4	  4	  4	  4	  4	  4	  4	  0	  0	  0	  0	  0	  0	  0	  0	  0	  0	  0	  0	  0	  0	  0	  0	  0	  0	  0	  0	  0	  0	  0	  0	 70	 62	 67	 71	  0	 64	  0	  0	  0	  0	  0	  0	  0	  0	  0	  0	  0	  5	21824	  0
25-06-2015	17:41:41	->	L	00000000	 24	 87	 64	 33	  0	115	  0	  4	  4	  4	  4	  4	  4	  4	  4	  0	  0	  0	  0	  0	  0	  0	  0	  0	  0	  0	  0	  0	  0	  0	  0	  0	  0	  0	  0	  0	  0	  0	  0	 77	 64	 53	 87	  0	 33	  0	  0	  0	  0	  0	  0	  0	  0	  0	  0	  0	  5	21824	  0
25-06-2015	17:46:41	->	L	00000000	 24	 88	 65	 34	  0	120	  0	  4	  4	  4	  4	  4	  4	  4	  4	  0	  0	  0	  0	  0	  0	  0	  0	  0	  0	  0	  0	  0	  0	  0	  0	  0	  0	  0	  0	  0	  0	  0	  0	 78	 65	 54	 88	  0	 34	  0	  0	  0	  0	  0	  0	  0	  0	  0	  0	  0	  5	21824	  0
26-06-2015	00:01:49	->	L	00000000	 24	 56	 54	 86	  0	126	  0	  4	  4	  4	  4	  4	  4	  4	  4	  0	  0	  0	  0	  0	  0	  0	  0	  0	  0	  0	  0	  0	  0	  0	  0	  0	  0	  0	  0	  0	  0	  0	  0	 56	 54	 90	 55	  0	 94	  0	  0	  0	  0	  0	  0	  0	  0	  0	  0	  0	  5	21824	  0
26-06-2015	00:06:49	->	L	00000000	 24	 78	 58	 38	  0	131	  0	  4	  4	  4	  4	  4	  4	  4	  4	  0	  0	  0	  0	  0	  0	  0	  0	  0	  0	  0	  0	  0	  0	  0	  0	  0	  0	  0	  0	  0	  0	  0	  0	 66	 58	 66	 78	  0	 37	  0	  0	  0	  0	  0	  0	  0	  0	  0	  0	  0	  5	21824	  0
26-06-2015	00:11:50	  	L	00000000	 24	 80	 60	 35	  0	136	  0	  4	  4	  4	  4	  4	  4	  4	  4	  0	  0	  0	  0	  0	  0	  0	  0	  0	  0	  0	  0	  0	  0	  0	  0	  0	  0	  0	  0	  0	  0	  0	  0	 70	 60	 60	 80	  0	 38	  0	  0	  0	  0	  0	  0	  0	  0	  0	  0	  0	  5	21824	  0
26-06-2015	00:16:50	<-	L	00000000	 24	 81	 61	 38	  0	141	  0	  4	  4	  4	  4	  4	  4	  4	  4	  0	  0	  0	  0	  0	  0	  0	  0	  0	  0	  0	  0	  0	  0	  0	  0	  0	  0	  0	  0	  0	  0	  0	  0	 81	 61	 38	 71	  0	 61	  0	  0	  0	  0	  0	  0	  0	  0	  0	  0	  0	  5	21824	  0
26-06-2015	00:21:50	<-	L	00000000	 24	 85	 62	 33	  0	146	  0	  4	  4	  4	  4	  4	  4	  4	  4	  0	  0	  0	  0	  0	  0	  0	  0	  0	  0	  0	  0	  0	  0	  0	  0	  0	  0	  0	  0	  0	  0	  0	  0	 85	 62	 33	 74	  0	 56	  0	  0	  0	  0	  0	  0	  0	  0	  0	  0	  0	  5	21824	  0
26-06-2015	00:26:50	<-	L	00000000	 24	 84	 62	 33	  0	151	  0	  4	  4	  4	  4	  4	  4	  4	  4	  0	  0	  0	  0	  0	  0	  0	  0	  0	  0	  0	  0	  0	  0	  0	  0	  0	  0	  0	  0	  0	  0	  0	  0	 84	 62	 35	 74	  0	 56	  0	  0	  0	  0	  0	  0	  0	  0	  0	  0	  0	  5	23110	  0
26-06-2015	00:31:50	<-	L	00000000	 24	 83	 63	 39	  0	156	  0	  4	  4	  4	  4	  4	  4	  4	  4	  0	  0	  0	  0	  0	  0	  0	  0	  0	  0	  0	  0	  0	  0	  0	  0	  0	  0	  0	  0	  0	  0	  0	  0	 83	 63	 39	 74	  0	 58	  0	  0	  0	  0	  0	  0	  0	  0	  0	  0	  0	  5	23110	  0
26-06-2015	00:36:50	<-	L	00000000	 24	 86	 63	 33	  0	161	  0	  4	  4	  4	  4	  4	  4	  4	  4	  0	  0	  0	  0	  0	  0	  0	  0	  0	  0	  0	  0	  0	  0	  0	  0	  0	  0	  0	  0	  0	  0	  0	  0	 86	 63	 33	 75	  0	 56	  0	  0	  0	  0	  0	  0	  0	  0	  0	  0	  0	  5	23110	  0
26-06-2015	00:41:50	<-	L	00000000	 24	 86	 64	 36	  0	166	  0	  4	  4	  4	  4	  4	  4	  4	  4	  0	  0	  0	  0	  0	  0	  0	  0	  0	  0	  0	  0	  0	  0	  0	  0	  0	  0	  0	  0	  0	  0	  0	  0	 86	 64	 36	 76	  0	 56	  0	  0	  0	  0	  0	  0	  0	  0	  0	  0	  0	  5	23110	  0
26-06-2015	00:46:50	<-	L	00000000	 24	 85	 64	 37	  0	171	  0	  4	  4	  4	  4	  4	  4	  4	  4	  0	  0	  0	  0	  0	  0	  0	  0	  0	  0	  0	  0	  0	  0	  0	  0	  0	  0	  0	  0	  0	  0	  0	  0	 85	 64	 37	 76	  0	 56	  0	  0	  0	  0	  0	  0	  0	  0	  0	  0	  0	  5	23110	  0
26-06-2015	00:51:50	<-	L	00000000	 24	 85	 65	 40	  0	176	  0	  4	  4	  4	  4	  4	  4	  4	  4	  0	  0	  0	  0	  0	  0	  0	  0	  0	  0	  0	  0	  0	  0	  0	  0	  0	  0	  0	  0	  0	  0	  0	  0	 85	 65	 40	 76	  0	 59	  0	  0	  0	  0	  0	  0	  0	  0	  0	  0	  0	  5	23110	  0
26-06-2015	00:56:50	<-	L	00000000	 24	 84	 65	 41	  0	181	  0	  4	  4	  4	  4	  4	  4	  4	  4	  0	  0	  0	  0	  0	  0	  0	  0	  0	  0	  0	  0	  0	  0	  0	  0	  0	  0	  0	  0	  0	  0	  0	  0	 84	 65	 41	 76	  0	 59	  0	  0	  0	  0	  0	  0	  0	  0	  0	  0	  0	  5	23110	  0
26-06-2015	01:01:50	<-	L	00000000	 24	 84	 65	 41	  0	186	  0	  4	  4	  4	  4	  4	  4	  4	  4	  0	  0	  0	  0	  0	  0	  0	  0	  0	  0	  0	  0	  0	  0	  0	  0	  0	  0	  0	  0	  0	  0	  0	  0	 84	 65	 41	 76	  0	 59	  0	  0	  0	  0	  0	  0	  0	  0	  0	  0	  0	  5	23110	  0
26-06-2015	01:06:51	<-	L	00000000	 24	 84	 65	 41	  0	191	  0	  4	  4	  4	  4	  4	  4	  4	  4	  0	  0	  0	  0	  0	  0	  0	  0	  0	  0	  0	  0	  0	  0	  0	  0	  0	  0	  0	  0	  0	  0	  0	  0	 84	 65	 41	 76	  0	 59	  0	  0	  0	  0	  0	  0	  0	  0	  0	  0	  0	  5	23110	  0
26-06-2015	01:11:51	<-	L	00000000	 24	 85	 66	 42	  0	196	  0	  4	  4	  4	  4	  4	  4	  4	  4	  0	  0	  0	  0	  0	  0	  0	  0	  0	  0	  0	  0	  0	  0	  0	  0	  0	  0	  0	  0	  0	  0	  0	  0	 85	 66	 42	 76	  0	 62	  0	  0	  0	  0	  0	  0	  0	  0	  0	  0	  0	  5	23110	  0
26-06-2015	01:16:51	<-	L	00000000	 24	 85	 66	 42	  0	201	  0	  4	  4	  4	  4	  4	  4	  4	  4	  0	  0	  0	  0	  0	  0	  0	  0	  0	  0	  0	  0	  0	  0	  0	  0	  0	  0	  0	  0	  0	  0	  0	  0	 85	 66	 42	 77	  0	 59	  0	  0	  0	  0	  0	  0	  0	  0	  0	  0	  0	  5	21830	  0
26-06-2015	01:21:51	<-	L	00000000	 24	 84	 66	 44	  0	206	  0	  4	  4	  4	  4	  4	  4	  4	  4	  0	  0	  0	  0	  0	  0	  0	  0	  0	  0	  0	  0	  0	  0	  0	  0	  0	  0	  0	  0	  0	  0	  0	  0	 84	 66	 44	 77	  0	 59	  0	  0	  0	  0	  0	  0	  0	  0	  0	  0	  0	  5	21830	  0
26-06-2015	01:26:52	<-	L	00000000	 24	 84	 66	 44	  0	211	  0	  4	  4	  4	  4	  4	  4	  4	  4	  0	  0	  0	  0	  0	  0	  0	  0	  0	  0	  0	  0	  0	  0	  0	  0	  0	  0	  0	  0	  0	  0	  0	  0	 84	 66	 44	 77	  0	 59	  0	  0	  0	  0	  0	  0	  0	  0	  0	  0	  0	  5	21830	  0
26-06-2015	01:31:51	<-	L	00000000	 24	 84	 66	 46	  0	216	  0	  4	  4	  4	  4	  4	  4	  4	  4	  0	  0	  0	  0	  0	  0	  0	  0	  0	  0	  0	  0	  0	  0	  0	  0	  0	  0	  0	  0	  0	  0	  0	  0	 84	 66	 44	 77	  0	 59	  0	  0	  0	  0	  0	  0	  0	  0	  0	  0	  0	  5	21830	  0
26-06-2015	01:36:51	<-	L	00000000	 24	 84	 67	 46	  0	221	  0	  4	  4	  4	  4	  4	  4	  4	  4	  0	  0	  0	  0	  0	  0	  0	  0	  0	  0	  0	  0	  0	  0	  0	  0	  0	  0	  0	  0	  0	  0	  0	  0	 84	 67	 46	 77	  0	 62	  0	  0	  0	  0	  0	  0	  0	  0	  0	  0	  0	  5	21830	  0
26-06-2015	01:41:51	<-	L	00000000	 24	 83	 67	 48	  0	226	  0	  4	  4	  4	  4	  4	  4	  4	  4	  0	  0	  0	  0	  0	  0	  0	  0	  0	  0	  0	  0	  0	  0	  0	  0	  0	  0	  0	  0	  0	  0	  0	  0	 83	 67	 48	 76	  0	 66	  0	  0	  0	  0	  0	  0	  0	  0	  0	  0	  0	  5	21830	  0
26-06-2015	01:46:51	<-	L	00000000	 24	 82	 67	 48	  0	231	  0	  4	  4	  4	  4	  4	  4	  4	  4	  0	  0	  0	  0	  0	  0	  0	  0	  0	  0	  0	  0	  0	  0	  0	  0	  0	  0	  0	  0	  0	  0	  0	  0	 82	 67	 50	 76	  0	 66	  0	  0	  0	  0	  0	  0	  0	  0	  0	  0	  0	  5	21830	  0
26-06-2015	01:51:51	<-	L	00000000	 24	 82	 67	 50	  0	236	  0	  4	  4	  4	  4	  4	  4	  4	  4	  0	  0	  0	  0	  0	  0	  0	  0	  0	  0	  0	  0	  0	  0	  0	  0	  0	  0	  0	  0	  0	  0	  0	  0	 82	 67	 50	 76	  0	 66	  0	  0	  0	  0	  0	  0	  0	  0	  0	  0	  0	  5	21830	  0
26-06-2015	01:56:51	<-	L	00000000	 24	 82	 67	 50	  0	241	  0	  4	  4	  4	  4	  4	  4	  4	  4	  0	  0	  0	  0	  0	  0	  0	  0	  0	  0	  0	  0	  0	  0	  0	  0	  0	  0	  0	  0	  0	  0	  0	  0	 82	 67	 50	 76	  0	 66	  0	  0	  0	  0	  0	  0	  0	  0	  0	  0	  0	  5	21830	  0
26-06-2015	02:01:51	<-	L	00000000	 24	 82	 67	 50	  0	246	  0	  4	  4	  4	  4	  4	  4	  4	  4	  0	  0	  0	  0	  0	  0	  0	  0	  0	  0	  0	  0	  0	  0	  0	  0	  0	  0	  0	  0	  0	  0	  0	  0	 82	 67	 50	 76	  0	 66	  0	  0	  0	  0	  0	  0	  0	  0	  0	  0	  0	  5	21830	  0
26-06-2015	02:06:51	<-	L	00000000	 24	 82	 67	 50	  0	251	  0	  4	  4	  4	  4	  4	  4	  4	  4	  0	  0	  0	  0	  0	  0	  0	  0	  0	  0	  0	  0	  0	  0	  0	  0	  0	  0	  0	  0	  0	  0	  0	  0	 82	 67	 50	 76	  0	 66	  0	  0	  0	  0	  0	  0	  0	  0	  0	  0	  0	  5	21830	  0
26-06-2015	02:11:52	<-	L	00000000	 24	 82	 67	 50	  0	256	  0	  4	  4	  4	  4	  4	  4	  4	  4	  0	  0	  0	  0	  0	  0	  0	  0	  0	  0	  0	  0	  0	  0	  0	  0	  0	  0	  0	  0	  0	  0	  0	  0	 82	 67	 50	 76	  0	 66	  0	  0	  0	  0	  0	  0	  0	  0	  0	  0	  0	  5	21830	  0
26-06-2015	02:16:52	<-	L	00000000	 24	 83	 67	 48	  0	261	  0	  4	  4	  4	  4	  4	  4	  4	  4	  0	  0	  0	  0	  0	  0	  0	  0	  0	  0	  0	  0	  0	  0	  0	  0	  0	  0	  0	  0	  0	  0	  0	  0	 83	 67	 48	 76	  0	 66	  0	  0	  0	  0	  0	  0	  0	  0	  0	  0	  0	  5	21830	  0
26-06-2015	02:21:52	<-	L	00000000	 24	 84	 67	 46	  0	266	  0	  4	  4	  4	  4	  4	  4	  4	  4	  0	  0	  0	  0	  0	  0	  0	  0	  0	  0	  0	  0	  0	  0	  0	  0	  0	  0	  0	  0	  0	  0	  0	  0	 84	 67	 46	 77	  0	 62	  0	  0	  0	  0	  0	  0	  0	  0	  0	  0	  0	  5	21830	  0
26-06-2015	02:26:52	<-	L	00000000	 24	 84	 67	 46	  0	271	  0	  4	  4	  4	  4	  4	  4	  4	  4	  0	  0	  0	  0	  0	  0	  0	  0	  0	  0	  0	  0	  0	  0	  0	  0	  0	  0	  0	  0	  0	  0	  0	  0	 84	 67	 46	 77	  0	 62	  0	  0	  0	  0	  0	  0	  0	  0	  0	  0	  0	  5	21830	  0
26-06-2015	02:31:52	<-	L	00000000	 24	 85	 67	 46	  0	276	  0	  4	  4	  4	  4	  4	  4	  4	  4	  0	  0	  0	  0	  0	  0	  0	  0	  0	  0	  0	  0	  0	  0	  0	  0	  0	  0	  0	  0	  0	  0	  0	  0	 85	 67	 44	 78	  0	 60	  0	  0	  0	  0	  0	  0	  0	  0	  0	  0	  0	  5	21830	  0
26-06-2015	02:36:52	<-	L	00000000	 24	 85	 68	 44	  0	281	  0	  4	  4	  4	  4	  4	  4	  4	  4	  0	  0	  0	  0	  0	  0	  0	  0	  0	  0	  0	  0	  0	  0	  0	  0	  0	  0	  0	  0	  0	  0	  0	  0	 85	 68	 46	 78	  0	 63	  0	  0	  0	  0	  0	  0	  0	  0	  0	  0	  0	  5	21830	  0
26-06-2015	02:41:52	<-	L	00000000	 24	 85	 67	 44	  0	286	  0	  4	  4	  4	  4	  4	  4	  4	  4	  0	  0	  0	  0	  0	  0	  0	  0	  0	  0	  0	  0	  0	  0	  0	  0	  0	  0	  0	  0	  0	  0	  0	  0	 85	 67	 44	 78	  0	 60	  0	  0	  0	  0	  0	  0	  0	  0	  0	  0	  0	  5	21830	  0
26-06-2015	02:46:52	<-	L	00000000	 24	 85	 68	 46	  0	291	  0	  4	  4	  4	  4	  4	  4	  4	  4	  0	  0	  0	  0	  0	  0	  0	  0	  0	  0	  0	  0	  0	  0	  0	  0	  0	  0	  0	  0	  0	  0	  0	  0	 85	 68	 46	 78	  0	 63	  0	  0	  0	  0	  0	  0	  0	  0	  0	  0	  0	  5	21830	  0
26-06-2015	02:51:52	<-	L	00000000	 24	 85	 67	 44	  0	296	  0	  4	  4	  4	  4	  4	  4	  4	  4	  0	  0	  0	  0	  0	  0	  0	  0	  0	  0	  0	  0	  0	  0	  0	  0	  0	  0	  0	  0	  0	  0	  0	  0	 85	 67	 44	 78	  0	 60	  0	  0	  0	  0	  0	  0	  0	  0	  0	  0	  0	  5	21830	  0
26-06-2015	02:56:52	<-	L	00000000	 25	 82	 67	 48	  0	  0	  0	  4	  4	  4	  4	  4	  4	  4	  4	  0	  0	  0	  0	  0	  0	  0	  0	  0	  0	  0	  0	  0	  0	  0	  0	  0	  0	  0	  0	  0	  0	  0	  0	 82	 67	 50	 77	  0	 62	  0	  0	  0	  0	  0	  0	  0	  0	  0	  0	  0	  5	21822	  0
26-06-2015	03:01:53	<-	L	00000000	 25	 82	 63	 43	  0	  5	  0	  4	  4	  4	  4	  4	  4	  4	  4	  0	  0	  0	  0	  0	  0	  0	  0	  0	  0	  0	  0	  0	  0	  0	  0	  0	  0	  0	  0	  0	  0	  0	  0	 82	 63	 43	 76	  0	 56	  0	  0	  0	  0	  0	  0	  0	  0	  0	  0	  0	  5	21822	  0
26-06-2015	03:06:53	<-	L	00000000	 25	 83	 61	 35	  0	 10	  0	  4	  4	  4	  4	  4	  4	  4	  4	  0	  0	  0	  0	  0	  0	  0	  0	  0	  0	  0	  0	  0	  0	  0	  0	  0	  0	  0	  0	  0	  0	  0	  0	 83	 61	 35	 76	  0	 48	  0	  0	  0	  0	  0	  0	  0	  0	  0	  0	  0	  5	21822	  0
26-06-2015	03:11:53	<-	L	00000000	 25	 83	 62	 36	  0	 15	  0	  4	  4	  4	  4	  4	  4	  4	  4	  0	  0	  0	  0	  0	  0	  0	  0	  0	  0	  0	  0	  0	  0	  0	  0	  0	  0	  0	  0	  0	  0	  0	  0	 83	 62	 36	 76	  0	 50	  0	  0	  0	  0	  0	  0	  0	  0	  0	  0	  0	  5	21822	  0
26-06-2015	03:16:53	->	L	00000000	 25	 78	 63	 49	  0	 20	  0	  4	  4	  4	  4	  4	  4	  4	  4	  0	  0	  0	  0	  0	  0	  0	  0	  0	  0	  0	  0	  0	  0	  0	  0	  0	  0	  0	  0	  0	  0	  0	  0	 77	 64	 50	 78	  0	 49	  0	  0	  0	  0	  0	  0	  0	  0	  0	  0	  0	  5	21822	  0
26-06-2015	03:21:53	->	L	00000000	 25	 81	 61	 38	  0	 25	  0	  4	  4	  4	  4	  4	  4	  4	  4	  0	  0	  0	  0	  0	  0	  0	  0	  0	  0	  0	  0	  0	  0	  0	  0	  0	  0	  0	  0	  0	  0	  0	  0	 75	 61	 50	 81	  0	 38	  0	  0	  0	  0	  0	  0	  0	  0	  0	  0	  0	  5	21822	  0
26-06-2015	03:26:53	->	L	00000000	 25	 81	 61	 38	  0	 30	  0	  4	  4	  4	  4	  4	  4	  4	  4	  0	  0	  0	  0	  0	  0	  0	  0	  0	  0	  0	  0	  0	  0	  0	  0	  0	  0	  0	  0	  0	  0	  0	  0	 75	 61	 50	 81	  0	 38	  0	  0	  0	  0	  0	  0	  0	  0	  0	  0	  0	  5	21822	  0
26-06-2015	03:31:53	->	L	00000000	 25	 81	 61	 38	  0	 35	  0	  4	  4	  4	  4	  4	  4	  4	  4	  0	  0	  0	  0	  0	  0	  0	  0	  0	  0	  0	  0	  0	  0	  0	  0	  0	  0	  0	  0	  0	  0	  0	  0	 75	 61	 50	 81	  0	 38	  0	  0	  0	  0	  0	  0	  0	  0	  0	  0	  0	  5	21822	  0
26-06-2015	03:36:53	->	L	00000000	 25	 83	 62	 36	  0	 40	  0	  4	  4	  4	  4	  4	  4	  4	  4	  0	  0	  0	  0	  0	  0	  0	  0	  0	  0	  0	  0	  0	  0	  0	  0	  0	  0	  0	  0	  0	  0	  0	  0	 75	 62	 53	 83	  0	 36	  0	  0	  0	  0	  0	  0	  0	  0	  0	  0	  0	  5	21822	  0
26-06-2015	03:41:53	->	L	00000000	 25	 84	 62	 35	  0	 45	  0	  4	  4	  4	  4	  4	  4	  4	  4	  0	  0	  0	  0	  0	  0	  0	  0	  0	  0	  0	  0	  0	  0	  0	  0	  0	  0	  0	  0	  0	  0	  0	  0	 76	 62	 50	 84	  0	 35	  0	  0	  0	  0	  0	  0	  0	  0	  0	  0	  0	  5	21822	  0
26-06-2015	03:46:53	->	L	00000000	 25	 84	 62	 35	  0	 50	  0	  4	  4	  4	  4	  4	  4	  4	  4	  0	  0	  0	  0	  0	  0	  0	  0	  0	  0	  0	  0	  0	  0	  0	  0	  0	  0	  0	  0	  0	  0	  0	  0	 76	 62	 50	 84	  0	 35	  0	  0	  0	  0	  0	  0	  0	  0	  0	  0	  0	  5	21822	  0
26-06-2015	03:51:53	->	L	00000000	 25	 85	 62	 33	  0	 55	  0	  4	  4	  4	  4	  4	  4	  4	  4	  0	  0	  0	  0	  0	  0	  0	  0	  0	  0	  0	  0	  0	  0	  0	  0	  0	  0	  0	  0	  0	  0	  0	  0	 76	 62	 50	 85	  0	 33	  0	  0	  0	  0	  0	  0	  0	  0	  0	  0	  0	  5	21822	  0
26-06-2015	03:56:53	->	L	00000000	 25	 85	 63	 33	  0	 60	  0	  4	  4	  4	  4	  4	  4	  4	  4	  0	  0	  0	  0	  0	  0	  0	  0	  0	  0	  0	  0	  0	  0	  0	  0	  0	  0	  0	  0	  0	  0	  0	  0	 77	 63	 50	 85	  0	 36	  0	  0	  0	  0	  0	  0	  0	  0	  0	  0	  0	  5	21830	  0
26-06-2015	04:01:54	->	L	00000000	 25	 82	 64	 41	  0	 65	  0	  4	  4	  4	  4	  4	  4	  4	  4	  0	  0	  0	  0	  0	  0	  0	  0	  0	  0	  0	  0	  0	  0	  0	  0	  0	  0	  0	  0	  0	  0	  0	  0	 76	 64	 56	 82	  0	 43	  0	  0	  0	  0	  0	  0	  0	  0	  0	  0	  0	  5	21830	  0
26-06-2015	04:06:54	->	L	00000000	 25	 82	 64	 43	  0	 70	  0	  4	  4	  4	  4	  4	  4	  4	  4	  0	  0	  0	  0	  0	  0	  0	  0	  0	  0	  0	  0	  0	  0	  0	  0	  0	  0	  0	  0	  0	  0	  0	  0	 76	 64	 56	 82	  0	 43	  0	  0	  0	  0	  0	  0	  0	  0	  0	  0	  0	  5	21830	  0
26-06-2015	04:11:53	->	L	00000000	 25	 85	 65	 40	  0	 75	  0	  4	  4	  4	  4	  4	  4	  4	  4	  0	  0	  0	  0	  0	  0	  0	  0	  0	  0	  0	  0	  0	  0	  0	  0	  0	  0	  0	  0	  0	  0	  0	  0	 78	 65	 54	 85	  0	 40	  0	  0	  0	  0	  0	  0	  0	  0	  0	  0	  0	  5	21830	  0
26-06-2015	04:16:53	->	L	00000000	 25	 87	 65	 37	  0	 80	  0	  4	  4	  4	  4	  4	  4	  4	  4	  0	  0	  0	  0	  0	  0	  0	  0	  0	  0	  0	  0	  0	  0	  0	  0	  0	  0	  0	  0	  0	  0	  0	  0	 78	 65	 54	 87	  0	 37	  0	  0	  0	  0	  0	  0	  0	  0	  0	  0	  0	  5	21830	  0
26-06-2015	04:21:53	->	L	00000000	 25	 87	 65	 37	  0	 85	  0	  4	  4	  4	  4	  4	  4	  4	  4	  0	  0	  0	  0	  0	  0	  0	  0	  0	  0	  0	  0	  0	  0	  0	  0	  0	  0	  0	  0	  0	  0	  0	  0	 78	 65	 54	 87	  0	 37	  0	  0	  0	  0	  0	  0	  0	  0	  0	  0	  0	  5	21830	  0
26-06-2015	04:26:54	->	L	00000000	 25	 84	 65	 40	  0	 90	  0	  4	  4	  4	  4	  4	  4	  4	  4	  0	  0	  0	  0	  0	  0	  0	  0	  0	  0	  0	  0	  0	  0	  0	  0	  0	  0	  0	  0	  0	  0	  0	  0	 77	 65	 57	 84	  0	 41	  0	  0	  0	  0	  0	  0	  0	  0	  0	  0	  0	  5	21830	  0
26-06-2015	04:31:54	->	L	00000000	 25	 82	 65	 45	  0	 95	  0	  4	  4	  4	  4	  4	  4	  4	  4	  0	  0	  0	  0	  0	  0	  0	  0	  0	  0	  0	  0	  0	  0	  0	  0	  0	  0	  0	  0	  0	  0	  0	  0	 77	 65	 57	 82	  0	 45	  0	  0	  0	  0	  0	  0	  0	  0	  0	  0	  0	  5	21830	  0
26-06-2015	04:36:54	->	L	00000000	 25	 85	 66	 41	  0	100	  0	  4	  4	  4	  4	  4	  4	  4	  4	  0	  0	  0	  0	  0	  0	  0	  0	  0	  0	  0	  0	  0	  0	  0	  0	  0	  0	  0	  0	  0	  0	  0	  0	 78	 66	 57	 85	  0	 42	  0	  0	  0	  0	  0	  0	  0	  0	  0	  0	  0	  5	21830	  0
26-06-2015	04:41:54	->	L	00000000	 25	 88	 66	 37	  0	105	  0	  4	  4	  4	  4	  4	  4	  4	  4	  0	  0	  0	  0	  0	  0	  0	  0	  0	  0	  0	  0	  0	  0	  0	  0	  0	  0	  0	  0	  0	  0	  0	  0	 79	 66	 54	 88	  0	 37	  0	  0	  0	  0	  0	  0	  0	  0	  0	  0	  0	  5	21830	  0
26-06-2015	04:46:55	->	L	00000000	 25	 87	 66	 37	  0	110	  0	  4	  4	  4	  4	  4	  4	  4	  4	  0	  0	  0	  0	  0	  0	  0	  0	  0	  0	  0	  0	  0	  0	  0	  0	  0	  0	  0	  0	  0	  0	  0	  0	 79	 66	 54	 87	  0	 37	  0	  0	  0	  0	  0	  0	  0	  0	  0	  0	  0	  5	21830	  0
26-06-2015	04:51:54	->	L	00000000	 25	 86	 65	 40	  0	115	  0	  4	  4	  4	  4	  4	  4	  4	  4	  0	  0	  0	  0	  0	  0	  0	  0	  0	  0	  0	  0	  0	  0	  0	  0	  0	  0	  0	  0	  0	  0	  0	  0	 78	 65	 54	 86	  0	 37	  0	  0	  0	  0	  0	  0	  0	  0	  0	  0	  0	  5	21830	  0
