06-10-2015	15:53:09	<-	L	00000000	 10	 81	 52	 23	  0	  4	  0	  4	  4	  4	  4	  4	  4	  4	  4	  0	  0	  0	  0	  0	  0	  0	  0	  0	  0	  0	  0	  0	  0	  0	  0	  0	  0	  0	  0	  0	  0	  0	  0	 81	 52	 23	 81	  0	 23	  0	  0	  0	  0	  0	  0	  0	  0	  0	  0	  0	  5	20548	  1
06-10-2015	15:58:09	<-	L	00000000	 30	 86	 53	 21	  0	  2	  0	  4	  4	  4	  4	  4	  4	  4	  4	  0	  0	  0	  0	  0	  0	  0	  0	  0	  0	  0	  0	  0	  0	  0	  0	  0	  0	  0	  0	  0	  0	  0	  0	 86	 53	 21	 85	  0	 22	  0	  0	  0	  0	  0	  0	  0	  0	  0	  0	  0	  5	21295	 10
06-10-2015	16:03:09	<-	L	00000000	 30	 88	 51	 18	  0	  7	  0	  4	  4	  4	  4	  4	  4	  4	  4	  0	  0	  0	  0	  0	  0	  0	  0	  0	  0	  0	  0	  0	  0	  0	  0	  0	  0	  0	  0	  0	  0	  0	  0	 88	 51	 18	 84	  0	 20	  0	  0	  0	  0	  0	  0	  0	  0	  0	  0	  0	  5	21295	  0
06-10-2015	16:08:10	<-	L	00000000	 30	 88	 50	 16	  0	 12	  0	  4	  4	  4	  4	  4	  4	  4	  4	  0	  0	  0	  0	  0	  0	  0	  0	  0	  0	  0	  0	  0	  0	  0	  0	  0	  0	  0	  0	  0	  0	  0	  0	 88	 50	 17	 84	  0	 19	  0	  0	  0	  0	  0	  0	  0	  0	  0	  0	  0	  5	21295	  0
06-10-2015	16:13:10	<-	L	00000000	 30	 86	 49	 16	  0	 17	  0	  4	  4	  4	  4	  4	  4	  4	  4	  0	  0	  0	  0	  0	  0	  0	  0	  0	  0	  0	  0	  0	  0	  0	  0	  0	  0	  0	  0	  0	  0	  0	  0	 86	 49	 17	 84	  0	 18	  0	  0	  0	  0	  0	  0	  0	  0	  0	  0	  0	  5	21295	  0
06-10-2015	16:18:10	<-	L	00000000	 30	 86	 48	 16	  0	 22	  0	  4	  4	  4	  4	  4	  4	  4	  4	  0	  0	  0	  0	  0	  0	  0	  0	  0	  0	  0	  0	  0	  0	  0	  0	  0	  0	  0	  0	  0	  0	  0	  0	 86	 48	 16	 84	  0	 17	  0	  0	  0	  0	  0	  0	  0	  0	  0	  0	  0	  5	21295	  0
06-10-2015	16:23:10	<-	L	00000000	 30	 84	 48	 17	  0	 27	  0	  4	  4	  4	  4	  4	  4	  4	  4	  0	  0	  0	  0	  0	  0	  0	  0	  0	  0	  0	  0	  0	  0	  0	  0	  0	  0	  0	  0	  0	  0	  0	  0	 84	 48	 17	 83	  0	 18	  0	  0	  0	  0	  0	  0	  0	  0	  0	  0	  0	  5	21295	  0
06-10-2015	16:28:10	<-	L	00000000	 30	 83	 47	 17	  0	 32	  0	  4	  4	  4	  4	  4	  4	  4	  4	  0	  0	  0	  0	  0	  0	  0	  0	  0	  0	  0	  0	  0	  0	  0	  0	  0	  0	  0	  0	  0	  0	  0	  0	 81	 47	 18	 83	  0	 17	  0	  0	  0	  0	  0	  0	  0	  0	  0	  0	  0	  5	21295	  0
06-10-2015	16:33:10	<-	L	00000000	 30	 82	 46	 18	  0	 37	  0	  4	  4	  4	  4	  4	  4	  4	  4	  0	  0	  0	  0	  0	  0	  0	  0	  0	  0	  0	  0	  0	  0	  0	  0	  0	  0	  0	  0	  0	  0	  0	  0	 81	 46	 17	 82	  0	 17	  0	  0	  0	  0	  0	  0	  0	  0	  0	  0	  0	  5	21295	  0
06-10-2015	16:38:10	<-	L	00000000	 30	 82	 46	 17	  0	 42	  0	  4	  4	  4	  4	  4	  4	  4	  4	  0	  0	  0	  0	  0	  0	  0	  0	  0	  0	  0	  0	  0	  0	  0	  0	  0	  0	  0	  0	  0	  0	  0	  0	 80	 46	 18	 82	  0	 17	  0	  0	  0	  0	  0	  0	  0	  0	  0	  0	  0	  5	21295	  0
06-10-2015	16:43:11	<-	L	00000000	 30	 85	 48	 17	  0	 47	  0	  4	  4	  4	  4	  4	  4	  4	  4	  0	  0	  0	  0	  0	  0	  0	  0	  0	  0	  0	  0	  0	  0	  0	  0	  0	  0	  0	  0	  0	  0	  0	  0	 85	 48	 17	 83	  0	 18	  0	  0	  0	  0	  0	  0	  0	  0	  0	  0	  0	  5	21295	  0
06-10-2015	16:48:11	<-	L	00000000	 30	 88	 49	 16	  0	 52	  0	  4	  4	  4	  4	  4	  4	  4	  4	  0	  0	  0	  0	  0	  0	  0	  0	  0	  0	  0	  0	  0	  0	  0	  0	  0	  0	  0	  0	  0	  0	  0	  0	 88	 49	 16	 83	  0	 19	  0	  0	  0	  0	  0	  0	  0	  0	  0	  0	  0	  5	21295	  0
06-10-2015	16:53:11	<-	L	00000000	 30	 89	 49	 15	  0	 57	  0	  4	  4	  4	  4	  4	  4	  4	  4	  0	  0	  0	  0	  0	  0	  0	  0	  0	  0	  0	  0	  0	  0	  0	  0	  0	  0	  0	  0	  0	  0	  0	  0	 89	 49	 15	 84	  0	 18	  0	  0	  0	  0	  0	  0	  0	  0	  0	  0	  0	  5	21295	  0
06-10-2015	16:58:11	<-	L	00000000	 30	 85	 47	 17	  0	 62	  0	  4	  4	  4	  4	  4	  4	  4	  4	  0	  0	  0	  0	  0	  0	  0	  0	  0	  0	  0	  0	  0	  0	  0	  0	  0	  0	  0	  0	  0	  0	  0	  0	 85	 47	 16	 83	  0	 17	  0	  0	  0	  0	  0	  0	  0	  0	  0	  0	  0	  5	21295	  0
06-10-2015	17:03:11	<-	L	00000000	 30	 82	 47	 18	  0	 67	  0	  4	  4	  4	  4	  4	  4	  4	  4	  0	  0	  0	  0	  0	  0	  0	  0	  0	  0	  0	  0	  0	  0	  0	  0	  0	  0	  0	  0	  0	  0	  0	  0	 81	 47	 18	 82	  0	 18	  0	  0	  0	  0	  0	  0	  0	  0	  0	  0	  0	  5	21295	  0
06-10-2015	17:08:11	<-	L	00000000	 30	 85	 48	 16	  0	 72	  0	  4	  4	  4	  4	  4	  4	  4	  4	  0	  0	  0	  0	  0	  0	  0	  0	  0	  0	  0	  0	  0	  0	  0	  0	  0	  0	  0	  0	  0	  0	  0	  0	 85	 48	 17	 82	  0	 19	  0	  0	  0	  0	  0	  0	  0	  0	  0	  0	  0	  5	21295	  0
06-10-2015	17:13:11	<-	L	00000000	 30	 87	 48	 16	  0	 77	  0	  4	  4	  4	  4	  4	  4	  4	  4	  0	  0	  0	  0	  0	  0	  0	  0	  0	  0	  0	  0	  0	  0	  0	  0	  0	  0	  0	  0	  0	  0	  0	  0	 87	 48	 15	 83	  0	 18	  0	  0	  0	  0	  0	  0	  0	  0	  0	  0	  0	  5	21295	  0
06-10-2015	17:18:12	<-	L	00000000	 30	 83	 47	 16	  0	 82	  0	  4	  4	  4	  4	  4	  4	  4	  4	  0	  0	  0	  0	  0	  0	  0	  0	  0	  0	  0	  0	  0	  0	  0	  0	  0	  0	  0	  0	  0	  0	  0	  0	 83	 47	 17	 83	  0	 17	  0	  0	  0	  0	  0	  0	  0	  0	  0	  0	  0	  5	21295	  0
06-10-2015	17:23:12	<-	L	00000000	 30	 83	 47	 18	  0	 87	  0	  4	  4	  4	  4	  4	  4	  4	  4	  0	  0	  0	  0	  0	  0	  0	  0	  0	  0	  0	  0	  0	  0	  0	  0	  0	  0	  0	  0	  0	  0	  0	  0	 83	 47	 17	 82	  0	 18	  0	  0	  0	  0	  0	  0	  0	  0	  0	  0	  0	  5	21295	  0
06-10-2015	17:28:11	<-	L	00000000	 30	 88	 48	 16	  0	 92	  0	  4	  4	  4	  4	  4	  4	  4	  4	  0	  0	  0	  0	  0	  0	  0	  0	  0	  0	  0	  0	  0	  0	  0	  0	  0	  0	  0	  0	  0	  0	  0	  0	 88	 48	 15	 83	  0	 18	  0	  0	  0	  0	  0	  0	  0	  0	  0	  0	  0	  5	21295	  0
06-10-2015	17:33:11	<-	L	00000000	 30	 83	 47	 16	  0	 97	  0	  4	  4	  4	  4	  4	  4	  4	  4	  0	  0	  0	  0	  0	  0	  0	  0	  0	  0	  0	  0	  0	  0	  0	  0	  0	  0	  0	  0	  0	  0	  0	  0	 83	 47	 17	 82	  0	 18	  0	  0	  0	  0	  0	  0	  0	  0	  0	  0	  0	  5	21295	  0
06-10-2015	17:38:11	->	L	00000000	 30	 83	 47	 17	  0	102	  0	  4	  4	  4	  4	  4	  4	  4	  4	  0	  0	  0	  0	  0	  0	  0	  0	  0	  0	  0	  0	  0	  0	  0	  0	  0	  0	  0	  0	  0	  0	  0	  0	 83	 47	 17	 81	  0	 18	  0	  0	  0	  0	  0	  0	  0	  0	  0	  0	  0	  5	21295	  0
06-10-2015	17:43:11	->	L	00000000	 30	 82	 47	 17	  0	107	  0	  4	  4	  4	  4	  4	  4	  4	  4	  0	  0	  0	  0	  0	  0	  0	  0	  0	  0	  0	  0	  0	  0	  0	  0	  0	  0	  0	  0	  0	  0	  0	  0	 78	 47	 20	 82	  0	 18	  0	  0	  0	  0	  0	  0	  0	  0	  0	  0	  0	  5	21295	  0
06-10-2015	17:48:11	  	L	00000000	 30	 81	 48	 18	  0	112	  0	  4	  4	  4	  4	  4	  4	  4	  4	  0	  0	  0	  0	  0	  0	  0	  0	  0	  0	  0	  0	  0	  0	  0	  0	  0	  0	  0	  0	  0	  0	  0	  0	 79	 48	 20	 81	  0	 19	  0	  0	  0	  0	  0	  0	  0	  0	  0	  0	  0	  5	21295	  0
06-10-2015	17:53:11	->	L	00000000	 30	 82	 47	 18	  0	117	  0	  4	  4	  4	  4	  4	  4	  4	  4	  0	  0	  0	  0	  0	  0	  0	  0	  0	  0	  0	  0	  0	  0	  0	  0	  0	  0	  0	  0	  0	  0	  0	  0	 78	 47	 20	 82	  0	 18	  0	  0	  0	  0	  0	  0	  0	  0	  0	  0	  0	  5	21295	  0
06-10-2015	17:58:11	  	L	00000000	 30	 84	 50	 19	  0	118	  0	  4	  4	  4	  4	  4	  4	  4	  4	  0	  0	  0	  0	  0	  0	  0	  0	  0	  0	  0	  0	  0	  0	  0	  0	  0	  0	  0	  0	  0	  0	  0	  0	 80	 50	 22	 84	  0	 19	  0	  0	  0	  0	  0	  0	  0	  0	  0	  0	  0	  5	21295	  0
06-10-2015	18:03:12	->	L	00000000	 30	 89	 49	 15	  0	123	  0	  4	  4	  4	  4	  4	  4	  4	  4	  0	  0	  0	  0	  0	  0	  0	  0	  0	  0	  0	  0	  0	  0	  0	  0	  0	  0	  0	  0	  0	  0	  0	  0	 80	 49	 21	 89	  0	 15	  0	  0	  0	  0	  0	  0	  0	  0	  0	  0	  0	  5	21295	  0
06-10-2015	18:08:12	->	L	00000000	 30	 89	 48	 14	  0	128	  0	  4	  4	  4	  4	  4	  4	  4	  4	  0	  0	  0	  0	  0	  0	  0	  0	  0	  0	  0	  0	  0	  0	  0	  0	  0	  0	  0	  0	  0	  0	  0	  0	 79	 48	 20	 89	  0	 14	  0	  0	  0	  0	  0	  0	  0	  0	  0	  0	  0	  5	21295	  0
06-10-2015	18:13:12	->	L	00000000	 30	 88	 47	 13	  0	133	  0	  4	  4	  4	  4	  4	  4	  4	  4	  0	  0	  0	  0	  0	  0	  0	  0	  0	  0	  0	  0	  0	  0	  0	  0	  0	  0	  0	  0	  0	  0	  0	  0	 78	 47	 20	 88	  0	 14	  0	  0	  0	  0	  0	  0	  0	  0	  0	  0	  0	  5	21295	  0
06-10-2015	18:18:12	->	L	00000000	210	 89	 48	 14	  0	  0	  0	  4	  4	  4	  4	  4	  4	  4	  4	  0	  0	  0	  0	  0	  0	  0	  0	  0	  0	  0	  0	  0	  0	  0	  0	  0	  0	  0	  0	  0	  0	  0	  0	 79	 48	 20	 89	  0	 14	  0	  0	  0	  0	  0	  0	  0	  0	  0	  0	  0	  5	21813	  0
06-10-2015	18:23:12	->	L	00000000	210	 91	 49	 13	  0	  5	  0	  4	  4	  4	  4	  4	  4	  4	  4	  0	  0	  0	  0	  0	  0	  0	  0	  0	  0	  0	  0	  0	  0	  0	  0	  0	  0	  0	  0	  0	  0	  0	  0	 80	 49	 21	 91	  0	 14	  0	  0	  0	  0	  0	  0	  0	  0	  0	  0	  0	  5	21298	  0
06-10-2015	18:28:12	->	L	00000000	210	 84	 48	 18	  0	 10	  0	  4	  4	  4	  4	  4	  4	  4	  4	  0	  0	  0	  0	  0	  0	  0	  0	  0	  0	  0	  0	  0	  0	  0	  0	  0	  0	  0	  0	  0	  0	  0	  0	 78	 48	 21	 84	  0	 17	  0	  0	  0	  0	  0	  0	  0	  0	  0	  0	  0	  5	21298	  0
06-10-2015	18:33:12	->	L	00000000	210	 83	 49	 18	  0	 15	  0	  4	  4	  4	  4	  4	  4	  4	  4	  0	  0	  0	  0	  0	  0	  0	  0	  0	  0	  0	  0	  0	  0	  0	  0	  0	  0	  0	  0	  0	  0	  0	  0	 78	 49	 22	 83	  0	 19	  0	  0	  0	  0	  0	  0	  0	  0	  0	  0	  0	  5	21297	  0
06-10-2015	18:38:12	->	L	00000000	210	 86	 49	 17	  0	 20	  0	  4	  4	  4	  4	  4	  4	  4	  4	  0	  0	  0	  0	  0	  0	  0	  0	  0	  0	  0	  0	  0	  0	  0	  0	  0	  0	  0	  0	  0	  0	  0	  0	 78	 49	 22	 86	  0	 17	  0	  0	  0	  0	  0	  0	  0	  0	  0	  0	  0	  5	21297	  0
06-10-2015	18:43:13	->	L	00000000	210	 88	 50	 16	  0	 25	  0	  4	  4	  4	  4	  4	  4	  4	  4	  0	  0	  0	  0	  0	  0	  0	  0	  0	  0	  0	  0	  0	  0	  0	  0	  0	  0	  0	  0	  0	  0	  0	  0	 79	 50	 23	 88	  0	 17	  0	  0	  0	  0	  0	  0	  0	  0	  0	  0	  0	  5	21297	  0
06-10-2015	18:48:13	->	L	00000000	210	 90	 49	 15	  0	 30	  0	  4	  4	  4	  4	  4	  4	  4	  4	  0	  0	  0	  0	  0	  0	  0	  0	  0	  0	  0	  0	  0	  0	  0	  0	  0	  0	  0	  0	  0	  0	  0	  0	 79	 49	 21	 90	  0	 15	  0	  0	  0	  0	  0	  0	  0	  0	  0	  0	  0	  5	21297	  0
06-10-2015	18:53:12	->	L	00000000	210	 82	 48	 19	  0	 35	  0	  4	  4	  4	  4	  4	  4	  4	  4	  0	  0	  0	  0	  0	  0	  0	  0	  0	  0	  0	  0	  0	  0	  0	  0	  0	  0	  0	  0	  0	  0	  0	  0	 77	 48	 22	 82	  0	 19	  0	  0	  0	  0	  0	  0	  0	  0	  0	  0	  0	  5	21297	  0
06-10-2015	18:58:12	->	L	00000000	210	 83	 49	 19	  0	 40	  0	  4	  4	  4	  4	  4	  4	  4	  4	  0	  0	  0	  0	  0	  0	  0	  0	  0	  0	  0	  0	  0	  0	  0	  0	  0	  0	  0	  0	  0	  0	  0	  0	 77	 49	 23	 83	  0	 19	  0	  0	  0	  0	  0	  0	  0	  0	  0	  0	  0	  5	21297	  0
06-10-2015	19:03:13	->	L	00000000	210	 85	 49	 17	  0	 45	  0	  4	  4	  4	  4	  4	  4	  4	  4	  0	  0	  0	  0	  0	  0	  0	  0	  0	  0	  0	  0	  0	  0	  0	  0	  0	  0	  0	  0	  0	  0	  0	  0	 78	 49	 22	 85	  0	 18	  0	  0	  0	  0	  0	  0	  0	  0	  0	  0	  0	  5	21297	  0
06-10-2015	19:08:13	->	L	00000000	210	 88	 49	 15	  0	 50	  0	  4	  4	  4	  4	  4	  4	  4	  4	  0	  0	  0	  0	  0	  0	  0	  0	  0	  0	  0	  0	  0	  0	  0	  0	  0	  0	  0	  0	  0	  0	  0	  0	 79	 49	 21	 88	  0	 16	  0	  0	  0	  0	  0	  0	  0	  0	  0	  0	  0	  5	21297	  0
06-10-2015	19:13:13	->	L	00000000	210	 91	 49	 15	  0	 55	  0	  4	  4	  4	  4	  4	  4	  4	  4	  0	  0	  0	  0	  0	  0	  0	  0	  0	  0	  0	  0	  0	  0	  0	  0	  0	  0	  0	  0	  0	  0	  0	  0	 79	 49	 21	 91	  0	 14	  0	  0	  0	  0	  0	  0	  0	  0	  0	  0	  0	  5	21297	  0
06-10-2015	19:18:13	->	L	00000000	210	 82	 48	 19	  0	 60	  0	  4	  4	  4	  4	  4	  4	  4	  4	  0	  0	  0	  0	  0	  0	  0	  0	  0	  0	  0	  0	  0	  0	  0	  0	  0	  0	  0	  0	  0	  0	  0	  0	 77	 48	 22	 82	  0	 19	  0	  0	  0	  0	  0	  0	  0	  0	  0	  0	  0	  5	21297	  0
06-10-2015	19:23:13	->	L	00000000	210	 84	 49	 18	  0	 65	  0	  4	  4	  4	  4	  4	  4	  4	  4	  0	  0	  0	  0	  0	  0	  0	  0	  0	  0	  0	  0	  0	  0	  0	  0	  0	  0	  0	  0	  0	  0	  0	  0	 77	 49	 23	 84	  0	 18	  0	  0	  0	  0	  0	  0	  0	  0	  0	  0	  0	  5	21297	  0
06-10-2015	19:28:13	->	L	00000000	210	 86	 49	 16	  0	 70	  0	  4	  4	  4	  4	  4	  4	  4	  4	  0	  0	  0	  0	  0	  0	  0	  0	  0	  0	  0	  0	  0	  0	  0	  0	  0	  0	  0	  0	  0	  0	  0	  0	 78	 49	 22	 86	  0	 17	  0	  0	  0	  0	  0	  0	  0	  0	  0	  0	  0	  5	21808	  0
06-10-2015	19:33:13	->	L	00000000	210	 85	 48	 16	  0	 75	  0	  4	  4	  4	  4	  4	  4	  4	  4	  0	  0	  0	  0	  0	  0	  0	  0	  0	  0	  0	  0	  0	  0	  0	  0	  0	  0	  0	  0	  0	  0	  0	  0	 77	 48	 22	 85	  0	 17	  0	  0	  0	  0	  0	  0	  0	  0	  0	  0	  0	  5	21808	  0
06-10-2015	19:38:13	->	L	00000000	210	 85	 48	 17	  0	 80	  0	  4	  4	  4	  4	  4	  4	  4	  4	  0	  0	  0	  0	  0	  0	  0	  0	  0	  0	  0	  0	  0	  0	  0	  0	  0	  0	  0	  0	  0	  0	  0	  0	 77	 48	 22	 85	  0	 17	  0	  0	  0	  0	  0	  0	  0	  0	  0	  0	  0	  5	21808	  0
06-10-2015	19:43:13	->	L	00000000	210	 85	 47	 16	  0	 85	  0	  4	  4	  4	  4	  4	  4	  4	  4	  0	  0	  0	  0	  0	  0	  0	  0	  0	  0	  0	  0	  0	  0	  0	  0	  0	  0	  0	  0	  0	  0	  0	  0	 77	 47	 20	 85	  0	 16	  0	  0	  0	  0	  0	  0	  0	  0	  0	  0	  0	  5	21808	  0
06-10-2015	19:48:13	->	L	00000000	210	 84	 48	 17	  0	 90	  0	  4	  4	  4	  4	  4	  4	  4	  4	  0	  0	  0	  0	  0	  0	  0	  0	  0	  0	  0	  0	  0	  0	  0	  0	  0	  0	  0	  0	  0	  0	  0	  0	 77	 48	 22	 84	  0	 17	  0	  0	  0	  0	  0	  0	  0	  0	  0	  0	  0	  5	21808	  0
06-10-2015	19:53:13	->	L	00000000	210	 85	 48	 17	  0	 95	  0	  4	  4	  4	  4	  4	  4	  4	  4	  0	  0	  0	  0	  0	  0	  0	  0	  0	  0	  0	  0	  0	  0	  0	  0	  0	  0	  0	  0	  0	  0	  0	  0	 77	 48	 22	 85	  0	 17	  0	  0	  0	  0	  0	  0	  0	  0	  0	  0	  0	  5	21808	  0
06-10-2015	19:58:13	->	L	00000000	210	 85	 48	 16	  0	100	  0	  4	  4	  4	  4	  4	  4	  4	  4	  0	  0	  0	  0	  0	  0	  0	  0	  0	  0	  0	  0	  0	  0	  0	  0	  0	  0	  0	  0	  0	  0	  0	  0	 77	 48	 22	 85	  0	 17	  0	  0	  0	  0	  0	  0	  0	  0	  0	  0	  0	  5	21808	  0
06-10-2015	20:03:13	->	L	00000000	210	 85	 48	 16	  0	105	  0	  4	  4	  4	  4	  4	  4	  4	  4	  0	  0	  0	  0	  0	  0	  0	  0	  0	  0	  0	  0	  0	  0	  0	  0	  0	  0	  0	  0	  0	  0	  0	  0	 78	 48	 21	 85	  0	 17	  0	  0	  0	  0	  0	  0	  0	  0	  0	  0	  0	  5	21808	  0
06-10-2015	20:08:13	->	L	00000000	210	 86	 48	 16	  0	110	  0	  4	  4	  4	  4	  4	  4	  4	  4	  0	  0	  0	  0	  0	  0	  0	  0	  0	  0	  0	  0	  0	  0	  0	  0	  0	  0	  0	  0	  0	  0	  0	  0	 78	 48	 21	 86	  0	 16	  0	  0	  0	  0	  0	  0	  0	  0	  0	  0	  0	  5	21808	  0
06-10-2015	20:13:14	->	L	00000000	210	 85	 48	 16	  0	115	  0	  4	  4	  4	  4	  4	  4	  4	  4	  0	  0	  0	  0	  0	  0	  0	  0	  0	  0	  0	  0	  0	  0	  0	  0	  0	  0	  0	  0	  0	  0	  0	  0	 78	 48	 21	 85	  0	 17	  0	  0	  0	  0	  0	  0	  0	  0	  0	  0	  0	  5	21808	  0
06-10-2015	20:18:14	->	L	00000000	210	 85	 48	 16	  0	120	  0	  4	  4	  4	  4	  4	  4	  4	  4	  0	  0	  0	  0	  0	  0	  0	  0	  0	  0	  0	  0	  0	  0	  0	  0	  0	  0	  0	  0	  0	  0	  0	  0	 78	 48	 21	 85	  0	 17	  0	  0	  0	  0	  0	  0	  0	  0	  0	  0	  0	  5	21808	  0
06-10-2015	20:23:14	->	L	00000000	210	 85	 48	 16	  0	125	  0	  4	  4	  4	  4	  4	  4	  4	  4	  0	  0	  0	  0	  0	  0	  0	  0	  0	  0	  0	  0	  0	  0	  0	  0	  0	  0	  0	  0	  0	  0	  0	  0	 78	 48	 21	 85	  0	 17	  0	  0	  0	  0	  0	  0	  0	  0	  0	  0	  0	  5	21808	  0
06-10-2015	20:28:14	->	L	00000000	210	 86	 48	 16	  0	130	  0	  4	  4	  4	  4	  4	  4	  4	  4	  0	  0	  0	  0	  0	  0	  0	  0	  0	  0	  0	  0	  0	  0	  0	  0	  0	  0	  0	  0	  0	  0	  0	  0	 78	 48	 21	 86	  0	 16	  0	  0	  0	  0	  0	  0	  0	  0	  0	  0	  0	  5	21808	  0
06-10-2015	20:33:14	->	L	00000000	210	 85	 48	 17	  0	135	  0	  4	  4	  4	  4	  4	  4	  4	  4	  0	  0	  0	  0	  0	  0	  0	  0	  0	  0	  0	  0	  0	  0	  0	  0	  0	  0	  0	  0	  0	  0	  0	  0	 78	 48	 21	 85	  0	 17	  0	  0	  0	  0	  0	  0	  0	  0	  0	  0	  0	  5	21808	  0
06-10-2015	20:38:14	->	L	00000000	210	 85	 48	 16	  0	140	  0	  4	  4	  4	  4	  4	  4	  4	  4	  0	  0	  0	  0	  0	  0	  0	  0	  0	  0	  0	  0	  0	  0	  0	  0	  0	  0	  0	  0	  0	  0	  0	  0	 78	 48	 21	 85	  0	 17	  0	  0	  0	  0	  0	  0	  0	  0	  0	  0	  0	  5	21808	  0
06-10-2015	20:43:15	->	L	00000000	210	 86	 48	 16	  0	145	  0	  4	  4	  4	  4	  4	  4	  4	  4	  0	  0	  0	  0	  0	  0	  0	  0	  0	  0	  0	  0	  0	  0	  0	  0	  0	  0	  0	  0	  0	  0	  0	  0	 78	 48	 21	 86	  0	 16	  0	  0	  0	  0	  0	  0	  0	  0	  0	  0	  0	  5	21808	  0
06-10-2015	20:48:14	->	L	00000000	210	 86	 48	 16	  0	150	  0	  4	  4	  4	  4	  4	  4	  4	  4	  0	  0	  0	  0	  0	  0	  0	  0	  0	  0	  0	  0	  0	  0	  0	  0	  0	  0	  0	  0	  0	  0	  0	  0	 78	 48	 21	 86	  0	 16	  0	  0	  0	  0	  0	  0	  0	  0	  0	  0	  0	  5	21808	  0
06-10-2015	20:53:14	->	L	00000000	210	 87	 48	 15	  0	155	  0	  4	  4	  4	  4	  4	  4	  4	  4	  0	  0	  0	  0	  0	  0	  0	  0	  0	  0	  0	  0	  0	  0	  0	  0	  0	  0	  0	  0	  0	  0	  0	  0	 78	 48	 21	 87	  0	 15	  0	  0	  0	  0	  0	  0	  0	  0	  0	  0	  0	  5	21808	  0
06-10-2015	20:58:14	->	L	00000000	210	 87	 48	 15	  0	160	  0	  4	  4	  4	  4	  4	  4	  4	  4	  0	  0	  0	  0	  0	  0	  0	  0	  0	  0	  0	  0	  0	  0	  0	  0	  0	  0	  0	  0	  0	  0	  0	  0	 78	 48	 21	 87	  0	 15	  0	  0	  0	  0	  0	  0	  0	  0	  0	  0	  0	  5	21808	  0
06-10-2015	21:03:14	->	L	00000000	210	 88	 48	 15	  0	165	  0	  4	  4	  4	  4	  4	  4	  4	  4	  0	  0	  0	  0	  0	  0	  0	  0	  0	  0	  0	  0	  0	  0	  0	  0	  0	  0	  0	  0	  0	  0	  0	  0	 79	 48	 20	 88	  0	 15	  0	  0	  0	  0	  0	  0	  0	  0	  0	  0	  0	  5	21808	  0
06-10-2015	21:08:14	->	L	00000000	210	 88	 48	 14	  0	170	  0	  4	  4	  4	  4	  4	  4	  4	  4	  0	  0	  0	  0	  0	  0	  0	  0	  0	  0	  0	  0	  0	  0	  0	  0	  0	  0	  0	  0	  0	  0	  0	  0	 79	 48	 20	 88	  0	 15	  0	  0	  0	  0	  0	  0	  0	  0	  0	  0	  0	  5	21808	  0
06-10-2015	21:13:14	->	L	00000000	210	 89	 48	 14	  0	175	  0	  4	  4	  4	  4	  4	  4	  4	  4	  0	  0	  0	  0	  0	  0	  0	  0	  0	  0	  0	  0	  0	  0	  0	  0	  0	  0	  0	  0	  0	  0	  0	  0	 79	 48	 20	 89	  0	 14	  0	  0	  0	  0	  0	  0	  0	  0	  0	  0	  0	  5	21808	  0
06-10-2015	21:18:14	->	L	00000000	210	 90	 49	 15	  0	180	  0	  4	  4	  4	  4	  4	  4	  4	  4	  0	  0	  0	  0	  0	  0	  0	  0	  0	  0	  0	  0	  0	  0	  0	  0	  0	  0	  0	  0	  0	  0	  0	  0	 80	 49	 21	 90	  0	 15	  0	  0	  0	  0	  0	  0	  0	  0	  0	  0	  0	  5	21808	  0
06-10-2015	21:23:14	->	L	00000000	210	 90	 48	 14	  0	185	  0	  4	  4	  4	  4	  4	  4	  4	  4	  0	  0	  0	  0	  0	  0	  0	  0	  0	  0	  0	  0	  0	  0	  0	  0	  0	  0	  0	  0	  0	  0	  0	  0	 79	 48	 20	 90	  0	 14	  0	  0	  0	  0	  0	  0	  0	  0	  0	  0	  0	  5	21806	  0
06-10-2015	21:28:15	->	L	00000000	210	 88	 47	 14	  0	190	  0	  4	  4	  4	  4	  4	  4	  4	  4	  0	  0	  0	  0	  0	  0	  0	  0	  0	  0	  0	  0	  0	  0	  0	  0	  0	  0	  0	  0	  0	  0	  0	  0	 78	 47	 20	 88	  0	 14	  0	  0	  0	  0	  0	  0	  0	  0	  0	  0	  0	  5	21806	  0
06-10-2015	21:33:15	->	L	00000000	210	 87	 47	 14	  0	195	  0	  4	  4	  4	  4	  4	  4	  4	  4	  0	  0	  0	  0	  0	  0	  0	  0	  0	  0	  0	  0	  0	  0	  0	  0	  0	  0	  0	  0	  0	  0	  0	  0	 78	 47	 20	 87	  0	 14	  0	  0	  0	  0	  0	  0	  0	  0	  0	  0	  0	  5	21808	  0
06-10-2015	21:38:15	->	L	00000000	210	 88	 47	 14	  0	200	  0	  4	  4	  4	  4	  4	  4	  4	  4	  0	  0	  0	  0	  0	  0	  0	  0	  0	  0	  0	  0	  0	  0	  0	  0	  0	  0	  0	  0	  0	  0	  0	  0	 78	 47	 20	 88	  0	 14	  0	  0	  0	  0	  0	  0	  0	  0	  0	  0	  0	  5	21807	  0
06-10-2015	21:43:15	<-	L	00000000	210	 89	 49	 15	  0	205	  0	  4	  4	  4	  4	  4	  4	  4	  4	  0	  0	  0	  0	  0	  0	  0	  0	  0	  0	  0	  0	  0	  0	  0	  0	  0	  0	  0	  0	  0	  0	  0	  0	 80	 49	 21	 89	  0	 15	  0	  0	  0	  0	  0	  0	  0	  0	  0	  0	  0	  5	21807	  0
06-10-2015	21:48:15	<-	L	00000000	210	 84	 47	 16	  0	210	  0	  4	  4	  4	  4	  4	  4	  4	  4	  0	  0	  0	  0	  0	  0	  0	  0	  0	  0	  0	  0	  0	  0	  0	  0	  0	  0	  0	  0	  0	  0	  0	  0	 81	 47	 18	 84	  0	 16	  0	  0	  0	  0	  0	  0	  0	  0	  0	  0	  0	  5	21807	  0
06-10-2015	21:53:15	<-	L	00000000	210	 87	 48	 16	  0	215	  0	  4	  4	  4	  4	  4	  4	  4	  4	  0	  0	  0	  0	  0	  0	  0	  0	  0	  0	  0	  0	  0	  0	  0	  0	  0	  0	  0	  0	  0	  0	  0	  0	 87	 48	 15	 85	  0	 17	  0	  0	  0	  0	  0	  0	  0	  0	  0	  0	  0	  5	21807	  0
06-10-2015	21:58:15	<-	L	00000000	210	 91	 49	 14	  0	220	  0	  4	  4	  4	  4	  4	  4	  4	  4	  0	  0	  0	  0	  0	  0	  0	  0	  0	  0	  0	  0	  0	  0	  0	  0	  0	  0	  0	  0	  0	  0	  0	  0	 91	 49	 14	 85	  0	 18	  0	  0	  0	  0	  0	  0	  0	  0	  0	  0	  0	  5	21807	  0
06-10-2015	22:03:15	<-	L	00000000	210	 87	 48	 15	  0	225	  0	  4	  4	  4	  4	  4	  4	  4	  4	  0	  0	  0	  0	  0	  0	  0	  0	  0	  0	  0	  0	  0	  0	  0	  0	  0	  0	  0	  0	  0	  0	  0	  0	 87	 48	 15	 86	  0	 16	  0	  0	  0	  0	  0	  0	  0	  0	  0	  0	  0	  5	21812	  0
06-10-2015	22:08:15	<-	L	00000000	210	 92	 51	 15	  0	230	  0	  4	  4	  4	  4	  4	  4	  4	  4	  0	  0	  0	  0	  0	  0	  0	  0	  0	  0	  0	  0	  0	  0	  0	  0	  0	  0	  0	  0	  0	  0	  0	  0	 92	 51	 15	 86	  0	 19	  0	  0	  0	  0	  0	  0	  0	  0	  0	  0	  0	  5	21809	  0
06-10-2015	22:13:15	<-	L	00000000	210	 84	 48	 18	  0	235	  0	  4	  4	  4	  4	  4	  4	  4	  4	  0	  0	  0	  0	  0	  0	  0	  0	  0	  0	  0	  0	  0	  0	  0	  0	  0	  0	  0	  0	  0	  0	  0	  0	 84	 48	 17	 84	  0	 17	  0	  0	  0	  0	  0	  0	  0	  0	  0	  0	  0	  5	21809	  0
06-10-2015	22:18:15	<-	L	00000000	210	 85	 48	 17	  0	240	  0	  4	  4	  4	  4	  4	  4	  4	  4	  0	  0	  0	  0	  0	  0	  0	  0	  0	  0	  0	  0	  0	  0	  0	  0	  0	  0	  0	  0	  0	  0	  0	  0	 83	 48	 18	 85	  0	 17	  0	  0	  0	  0	  0	  0	  0	  0	  0	  0	  0	  5	21809	  0
06-10-2015	22:23:15	<-	L	00000000	210	 85	 48	 17	  0	245	  0	  4	  4	  4	  4	  4	  4	  4	  4	  0	  0	  0	  0	  0	  0	  0	  0	  0	  0	  0	  0	  0	  0	  0	  0	  0	  0	  0	  0	  0	  0	  0	  0	 85	 48	 17	 85	  0	 17	  0	  0	  0	  0	  0	  0	  0	  0	  0	  0	  0	  5	21809	  0
06-10-2015	22:28:16	<-	L	00000000	210	 85	 48	 16	  0	250	  0	  4	  4	  4	  4	  4	  4	  4	  4	  0	  0	  0	  0	  0	  0	  0	  0	  0	  0	  0	  0	  0	  0	  0	  0	  0	  0	  0	  0	  0	  0	  0	  0	 85	 48	 17	 85	  0	 17	  0	  0	  0	  0	  0	  0	  0	  0	  0	  0	  0	  5	21809	  0
06-10-2015	22:33:16	<-	L	00000000	210	 88	 49	 16	  0	255	  0	  4	  4	  4	  4	  4	  4	  4	  4	  0	  0	  0	  0	  0	  0	  0	  0	  0	  0	  0	  0	  0	  0	  0	  0	  0	  0	  0	  0	  0	  0	  0	  0	 88	 49	 16	 86	  0	 17	  0	  0	  0	  0	  0	  0	  0	  0	  0	  0	  0	  5	21809	  0
06-10-2015	22:38:16	<-	L	00000000	210	 88	 49	 16	  0	260	  0	  4	  4	  4	  4	  4	  4	  4	  4	  0	  0	  0	  0	  0	  0	  0	  0	  0	  0	  0	  0	  0	  0	  0	  0	  0	  0	  0	  0	  0	  0	  0	  0	 88	 49	 16	 86	  0	 17	  0	  0	  0	  0	  0	  0	  0	  0	  0	  0	  0	  5	21809	  0
06-10-2015	22:43:16	<-	L	00000000	210	 89	 50	 16	  0	265	  0	  4	  4	  4	  4	  4	  4	  4	  4	  0	  0	  0	  0	  0	  0	  0	  0	  0	  0	  0	  0	  0	  0	  0	  0	  0	  0	  0	  0	  0	  0	  0	  0	 89	 50	 16	 86	  0	 18	  0	  0	  0	  0	  0	  0	  0	  0	  0	  0	  0	  5	21809	  0
06-10-2015	22:48:16	<-	L	00000000	210	 92	 51	 15	  0	270	  0	  4	  4	  4	  4	  4	  4	  4	  4	  0	  0	  0	  0	  0	  0	  0	  0	  0	  0	  0	  0	  0	  0	  0	  0	  0	  0	  0	  0	  0	  0	  0	  0	 92	 51	 15	 86	  0	 19	  0	  0	  0	  0	  0	  0	  0	  0	  0	  0	  0	  5	21809	  0
06-10-2015	22:53:16	<-	L	00000000	210	 91	 50	 15	  0	275	  0	  4	  4	  4	  4	  4	  4	  4	  4	  0	  0	  0	  0	  0	  0	  0	  0	  0	  0	  0	  0	  0	  0	  0	  0	  0	  0	  0	  0	  0	  0	  0	  0	 91	 50	 15	 86	  0	 18	  0	  0	  0	  0	  0	  0	  0	  0	  0	  0	  0	  5	21809	  0
06-10-2015	22:58:16	<-	L	00000000	210	 91	 50	 15	  0	280	  0	  4	  4	  4	  4	  4	  4	  4	  4	  0	  0	  0	  0	  0	  0	  0	  0	  0	  0	  0	  0	  0	  0	  0	  0	  0	  0	  0	  0	  0	  0	  0	  0	 91	 50	 15	 86	  0	 19	  0	  0	  0	  0	  0	  0	  0	  0	  0	  0	  0	  5	21809	  0
06-10-2015	23:03:16	<-	L	00000000	210	 92	 51	 15	  0	285	  0	  4	  4	  4	  4	  4	  4	  4	  4	  0	  0	  0	  0	  0	  0	  0	  0	  0	  0	  0	  0	  0	  0	  0	  0	  0	  0	  0	  0	  0	  0	  0	  0	 92	 51	 15	 86	  0	 19	  0	  0	  0	  0	  0	  0	  0	  0	  0	  0	  0	  5	21809	  0
06-10-2015	23:08:16	<-	L	00000000	210	 91	 50	 16	  0	290	  0	  4	  4	  4	  4	  4	  4	  4	  4	  0	  0	  0	  0	  0	  0	  0	  0	  0	  0	  0	  0	  0	  0	  0	  0	  0	  0	  0	  0	  0	  0	  0	  0	 91	 50	 15	 86	  0	 18	  0	  0	  0	  0	  0	  0	  0	  0	  0	  0	  0	  5	21809	  0
06-10-2015	23:13:17	<-	L	00000000	210	 84	 48	 17	  0	295	  0	  4	  4	  4	  4	  4	  4	  4	  4	  0	  0	  0	  0	  0	  0	  0	  0	  0	  0	  0	  0	  0	  0	  0	  0	  0	  0	  0	  0	  0	  0	  0	  0	 82	 48	 19	 84	  0	 17	  0	  0	  0	  0	  0	  0	  0	  0	  0	  0	  0	  5	21809	  0
06-10-2015	23:18:16	<-	L	00000000	210	 85	 48	 17	  0	300	  0	  4	  4	  4	  4	  4	  4	  4	  4	  0	  0	  0	  0	  0	  0	  0	  0	  0	  0	  0	  0	  0	  0	  0	  0	  0	  0	  0	  0	  0	  0	  0	  0	 85	 48	 17	 85	  0	 17	  0	  0	  0	  0	  0	  0	  0	  0	  0	  0	  0	  5	21809	  0
06-10-2015	23:23:17	<-	L	00000000	210	 86	 48	 17	  0	305	  0	  4	  4	  4	  4	  4	  4	  4	  4	  0	  0	  0	  0	  0	  0	  0	  0	  0	  0	  0	  0	  0	  0	  0	  0	  0	  0	  0	  0	  0	  0	  0	  0	 86	 48	 16	 85	  0	 17	  0	  0	  0	  0	  0	  0	  0	  0	  0	  0	  0	  5	21809	  0
06-10-2015	23:43:16	  	L	00000000	210	 58	 34	 20	  0	312	  0	  4	  4	  4	  4	  4	  4	  4	  4	  0	  0	  0	  0	  0	  0	  0	  0	  0	  0	  0	  0	  0	  0	  0	  0	  0	  0	  0	  0	  0	  0	  0	  0	 57	 34	 20	 58	  0	 20	  0	  0	  0	  0	  0	  0	  0	  0	  0	  0	  0	  5	21809	  0
06-10-2015	23:48:17	<-	L	00000000	210	 91	 49	 13	  0	317	  0	  4	  4	  4	  4	  4	  4	  4	  4	  0	  0	  0	  0	  0	  0	  0	  0	  0	  0	  0	  0	  0	  0	  0	  0	  0	  0	  0	  0	  0	  0	  0	  0	 91	 49	 14	 86	  0	 17	  0	  0	  0	  0	  0	  0	  0	  0	  0	  0	  0	  5	21806	  0
06-10-2015	23:53:17	<-	L	00000000	210	 87	 48	 15	  0	322	  0	  4	  4	  4	  4	  4	  4	  4	  4	  0	  0	  0	  0	  0	  0	  0	  0	  0	  0	  0	  0	  0	  0	  0	  0	  0	  0	  0	  0	  0	  0	  0	  0	 87	 48	 15	 87	  0	 15	  0	  0	  0	  0	  0	  0	  0	  0	  0	  0	  0	  5	21806	  0
06-10-2015	23:58:17	<-	L	00000000	210	 87	 48	 15	  0	327	  0	  4	  4	  4	  4	  4	  4	  4	  4	  0	  0	  0	  0	  0	  0	  0	  0	  0	  0	  0	  0	  0	  0	  0	  0	  0	  0	  0	  0	  0	  0	  0	  0	 87	 48	 15	 87	  0	 15	  0	  0	  0	  0	  0	  0	  0	  0	  0	  0	  0	  5	21806	  0
07-10-2015	00:03:17	<-	L	00000000	210	 89	 49	 15	  0	332	  0	  4	  4	  4	  4	  4	  4	  4	  4	  0	  0	  0	  0	  0	  0	  0	  0	  0	  0	  0	  0	  0	  0	  0	  0	  0	  0	  0	  0	  0	  0	  0	  0	 89	 49	 15	 88	  0	 16	  0	  0	  0	  0	  0	  0	  0	  0	  0	  0	  0	  5	21806	  0
07-10-2015	00:08:17	<-	L	00000000	210	 91	 49	 14	  0	337	  0	  4	  4	  4	  4	  4	  4	  4	  4	  0	  0	  0	  0	  0	  0	  0	  0	  0	  0	  0	  0	  0	  0	  0	  0	  0	  0	  0	  0	  0	  0	  0	  0	 91	 49	 14	 88	  0	 16	  0	  0	  0	  0	  0	  0	  0	  0	  0	  0	  0	  5	21806	  0
07-10-2015	00:13:17	<-	L	00000000	210	 90	 49	 15	  0	342	  0	  4	  4	  4	  4	  4	  4	  4	  4	  0	  0	  0	  0	  0	  0	  0	  0	  0	  0	  0	  0	  0	  0	  0	  0	  0	  0	  0	  0	  0	  0	  0	  0	 90	 49	 15	 87	  0	 16	  0	  0	  0	  0	  0	  0	  0	  0	  0	  0	  0	  5	21806	  0
07-10-2015	00:18:17	<-	L	00000000	210	 84	 45	 14	  0	347	  0	  4	  4	  4	  4	  4	  4	  4	  4	  0	  0	  0	  0	  0	  0	  0	  0	  0	  0	  0	  0	  0	  0	  0	  0	  0	  0	  0	  0	  0	  0	  0	  0	 80	 45	 17	 84	  0	 14	  0	  0	  0	  0	  0	  0	  0	  0	  0	  0	  0	  5	21806	  0
07-10-2015	00:23:17	<-	L	00000000	210	 85	 46	 14	  0	352	  0	  4	  4	  4	  4	  4	  4	  4	  4	  0	  0	  0	  0	  0	  0	  0	  0	  0	  0	  0	  0	  0	  0	  0	  0	  0	  0	  0	  0	  0	  0	  0	  0	 81	 46	 17	 85	  0	 15	  0	  0	  0	  0	  0	  0	  0	  0	  0	  0	  0	  5	21806	  0
07-10-2015	00:28:17	<-	L	00000000	210	 87	 47	 14	  0	357	  0	  4	  4	  4	  4	  4	  4	  4	  4	  0	  0	  0	  0	  0	  0	  0	  0	  0	  0	  0	  0	  0	  0	  0	  0	  0	  0	  0	  0	  0	  0	  0	  0	 84	 47	 16	 87	  0	 14	  0	  0	  0	  0	  0	  0	  0	  0	  0	  0	  0	  5	21806	  0
07-10-2015	00:33:17	->	L	00000000	 30	 89	 50	 16	  0	  1	  0	  4	  4	  4	  4	  4	  4	  4	  4	  0	  0	  0	  0	  0	  0	  0	  0	  0	  0	  0	  0	  0	  0	  0	  0	  0	  0	  0	  0	  0	  0	  0	  0	 89	 50	 16	 85	  0	 19	  0	  0	  0	  0	  0	  0	  0	  0	  0	  0	  0	  5	20550	  0
07-10-2015	00:38:17	->	L	00000000	 30	 85	 49	 18	  0	  6	  0	  4	  4	  4	  4	  4	  4	  4	  4	  0	  0	  0	  0	  0	  0	  0	  0	  0	  0	  0	  0	  0	  0	  0	  0	  0	  0	  0	  0	  0	  0	  0	  0	 85	 49	 18	 85	  0	 18	  0	  0	  0	  0	  0	  0	  0	  0	  0	  0	  0	  5	20550	  0
07-10-2015	00:43:17	->	L	00000000	 30	 83	 49	 19	  0	 11	  0	  4	  4	  4	  4	  4	  4	  4	  4	  0	  0	  0	  0	  0	  0	  0	  0	  0	  0	  0	  0	  0	  0	  0	  0	  0	  0	  0	  0	  0	  0	  0	  0	 82	 49	 20	 83	  0	 19	  0	  0	  0	  0	  0	  0	  0	  0	  0	  0	  0	  5	20550	  0
07-10-2015	00:48:18	->	L	00000000	 30	 82	 49	 20	  0	 16	  0	  4	  4	  4	  4	  4	  4	  4	  4	  0	  0	  0	  0	  0	  0	  0	  0	  0	  0	  0	  0	  0	  0	  0	  0	  0	  0	  0	  0	  0	  0	  0	  0	 81	 49	 20	 82	  0	 20	  0	  0	  0	  0	  0	  0	  0	  0	  0	  0	  0	  5	20550	  0
07-10-2015	00:53:18	->	L	00000000	 30	 81	 50	 21	  0	 21	  0	  4	  4	  4	  4	  4	  4	  4	  4	  0	  0	  0	  0	  0	  0	  0	  0	  0	  0	  0	  0	  0	  0	  0	  0	  0	  0	  0	  0	  0	  0	  0	  0	 80	 50	 22	 81	  0	 21	  0	  0	  0	  0	  0	  0	  0	  0	  0	  0	  0	  5	20550	  0
07-10-2015	00:58:17	->	L	00000000	 30	 81	 51	 22	  0	 26	  0	  4	  4	  4	  4	  4	  4	  4	  4	  0	  0	  0	  0	  0	  0	  0	  0	  0	  0	  0	  0	  0	  0	  0	  0	  0	  0	  0	  0	  0	  0	  0	  0	 80	 51	 23	 81	  0	 22	  0	  0	  0	  0	  0	  0	  0	  0	  0	  0	  0	  5	20550	  0
07-10-2015	01:03:18	->	L	00000000	 30	 81	 51	 22	  0	 31	  0	  4	  4	  4	  4	  4	  4	  4	  4	  0	  0	  0	  0	  0	  0	  0	  0	  0	  0	  0	  0	  0	  0	  0	  0	  0	  0	  0	  0	  0	  0	  0	  0	 80	 51	 23	 81	  0	 22	  0	  0	  0	  0	  0	  0	  0	  0	  0	  0	  0	  5	20550	  0
07-10-2015	01:08:18	->	L	00000000	 30	 81	 52	 23	  0	 36	  0	  4	  4	  4	  4	  4	  4	  4	  4	  0	  0	  0	  0	  0	  0	  0	  0	  0	  0	  0	  0	  0	  0	  0	  0	  0	  0	  0	  0	  0	  0	  0	  0	 79	 52	 25	 81	  0	 23	  0	  0	  0	  0	  0	  0	  0	  0	  0	  0	  0	  5	20540	  0
07-10-2015	01:13:18	->	L	00000000	 30	 80	 52	 24	  0	 41	  0	  4	  4	  4	  4	  4	  4	  4	  4	  0	  0	  0	  0	  0	  0	  0	  0	  0	  0	  0	  0	  0	  0	  0	  0	  0	  0	  0	  0	  0	  0	  0	  0	 79	 52	 25	 80	  0	 24	  0	  0	  0	  0	  0	  0	  0	  0	  0	  0	  0	  5	20540	  0
07-10-2015	01:18:18	->	L	00000000	 30	 81	 55	 28	  0	 46	  0	  4	  4	  4	  4	  4	  4	  4	  4	  0	  0	  0	  0	  0	  0	  0	  0	  0	  0	  0	  0	  0	  0	  0	  0	  0	  0	  0	  0	  0	  0	  0	  0	 79	 55	 30	 81	  0	 28	  0	  0	  0	  0	  0	  0	  0	  0	  0	  0	  0	  5	20540	  0
07-10-2015	01:23:18	->	L	00000000	 30	 82	 58	 31	  0	 51	  0	  4	  4	  4	  4	  4	  4	  4	  4	  0	  0	  0	  0	  0	  0	  0	  0	  0	  0	  0	  0	  0	  0	  0	  0	  0	  0	  0	  0	  0	  0	  0	  0	 80	 58	 33	 82	  0	 31	  0	  0	  0	  0	  0	  0	  0	  0	  0	  0	  0	  5	20540	  0
07-10-2015	01:28:18	->	L	00000000	 30	 82	 59	 31	  0	 56	  0	  4	  4	  4	  4	  4	  4	  4	  4	  0	  0	  0	  0	  0	  0	  0	  0	  0	  0	  0	  0	  0	  0	  0	  0	  0	  0	  0	  0	  0	  0	  0	  0	 80	 59	 34	 82	  0	 31	  0	  0	  0	  0	  0	  0	  0	  0	  0	  0	  0	  5	20540	  0
07-10-2015	01:33:18	->	L	00000000	 30	 82	 60	 34	  0	 61	  0	  4	  4	  4	  4	  4	  4	  4	  4	  0	  0	  0	  0	  0	  0	  0	  0	  0	  0	  0	  0	  0	  0	  0	  0	  0	  0	  0	  0	  0	  0	  0	  0	 81	 60	 35	 82	  0	 34	  0	  0	  0	  0	  0	  0	  0	  0	  0	  0	  0	  5	20540	  0
07-10-2015	01:38:18	->	L	00000000	 30	 82	 59	 31	  0	 66	  0	  4	  4	  4	  4	  4	  4	  4	  4	  0	  0	  0	  0	  0	  0	  0	  0	  0	  0	  0	  0	  0	  0	  0	  0	  0	  0	  0	  0	  0	  0	  0	  0	 81	 59	 34	 82	  0	 31	  0	  0	  0	  0	  0	  0	  0	  0	  0	  0	  0	  5	20540	  0
07-10-2015	01:43:18	->	L	00000000	 30	 82	 59	 31	  0	 71	  0	  4	  4	  4	  4	  4	  4	  4	  4	  0	  0	  0	  0	  0	  0	  0	  0	  0	  0	  0	  0	  0	  0	  0	  0	  0	  0	  0	  0	  0	  0	  0	  0	 81	 59	 34	 82	  0	 31	  0	  0	  0	  0	  0	  0	  0	  0	  0	  0	  0	  5	20540	  0
07-10-2015	01:48:18	->	L	00000000	 30	 82	 59	 31	  0	 76	  0	  4	  4	  4	  4	  4	  4	  4	  4	  0	  0	  0	  0	  0	  0	  0	  0	  0	  0	  0	  0	  0	  0	  0	  0	  0	  0	  0	  0	  0	  0	  0	  0	 81	 59	 34	 82	  0	 31	  0	  0	  0	  0	  0	  0	  0	  0	  0	  0	  0	  5	20540	  0
07-10-2015	01:53:18	->	L	00000000	 30	 82	 59	 31	  0	 81	  0	  4	  4	  4	  4	  4	  4	  4	  4	  0	  0	  0	  0	  0	  0	  0	  0	  0	  0	  0	  0	  0	  0	  0	  0	  0	  0	  0	  0	  0	  0	  0	  0	 81	 59	 34	 82	  0	 31	  0	  0	  0	  0	  0	  0	  0	  0	  0	  0	  0	  5	20540	  0
07-10-2015	01:58:18	->	L	00000000	 30	 82	 59	 31	  0	 86	  0	  4	  4	  4	  4	  4	  4	  4	  4	  0	  0	  0	  0	  0	  0	  0	  0	  0	  0	  0	  0	  0	  0	  0	  0	  0	  0	  0	  0	  0	  0	  0	  0	 81	 59	 34	 82	  0	 31	  0	  0	  0	  0	  0	  0	  0	  0	  0	  0	  0	  5	20540	  0
07-10-2015	02:03:18	->	L	00000000	 30	 82	 60	 34	  0	 91	  0	  4	  4	  4	  4	  4	  4	  4	  4	  0	  0	  0	  0	  0	  0	  0	  0	  0	  0	  0	  0	  0	  0	  0	  0	  0	  0	  0	  0	  0	  0	  0	  0	 81	 60	 35	 82	  0	 34	  0	  0	  0	  0	  0	  0	  0	  0	  0	  0	  0	  5	20540	  0
07-10-2015	02:08:18	->	L	00000000	 30	 82	 59	 31	  0	 96	  0	  4	  4	  4	  4	  4	  4	  4	  4	  0	  0	  0	  0	  0	  0	  0	  0	  0	  0	  0	  0	  0	  0	  0	  0	  0	  0	  0	  0	  0	  0	  0	  0	 81	 59	 34	 82	  0	 31	  0	  0	  0	  0	  0	  0	  0	  0	  0	  0	  0	  5	20540	  0
07-10-2015	02:13:19	->	L	00000000	 30	 82	 58	 31	  0	101	  0	  4	  4	  4	  4	  4	  4	  4	  4	  0	  0	  0	  0	  0	  0	  0	  0	  0	  0	  0	  0	  0	  0	  0	  0	  0	  0	  0	  0	  0	  0	  0	  0	 80	 58	 33	 82	  0	 31	  0	  0	  0	  0	  0	  0	  0	  0	  0	  0	  0	  5	20540	  0
07-10-2015	02:18:19	->	L	00000000	 30	 82	 60	 34	  0	106	  0	  4	  4	  4	  4	  4	  4	  4	  4	  0	  0	  0	  0	  0	  0	  0	  0	  0	  0	  0	  0	  0	  0	  0	  0	  0	  0	  0	  0	  0	  0	  0	  0	 81	 60	 35	 82	  0	 34	  0	  0	  0	  0	  0	  0	  0	  0	  0	  0	  0	  5	20540	  0
07-10-2015	02:23:19	->	L	00000000	 30	 82	 59	 31	  0	111	  0	  4	  4	  4	  4	  4	  4	  4	  4	  0	  0	  0	  0	  0	  0	  0	  0	  0	  0	  0	  0	  0	  0	  0	  0	  0	  0	  0	  0	  0	  0	  0	  0	 80	 59	 34	 82	  0	 31	  0	  0	  0	  0	  0	  0	  0	  0	  0	  0	  0	  5	20540	  0
07-10-2015	02:28:19	->	L	00000000	 30	 82	 59	 31	  0	116	  0	  4	  4	  4	  4	  4	  4	  4	  4	  0	  0	  0	  0	  0	  0	  0	  0	  0	  0	  0	  0	  0	  0	  0	  0	  0	  0	  0	  0	  0	  0	  0	  0	 80	 59	 34	 82	  0	 31	  0	  0	  0	  0	  0	  0	  0	  0	  0	  0	  0	  5	20540	  0
07-10-2015	02:33:19	  	L	00000000	 40	 82	 58	 31	  0	  0	  0	  4	  4	  4	  4	  4	  4	  4	  4	  0	  0	  0	  0	  0	  0	  0	  0	  0	  0	  0	  0	  0	  0	  0	  0	  0	  0	  0	  0	  0	  0	  0	  0	 80	 58	 33	 82	  0	 31	  0	  0	  0	  0	  0	  0	  0	  0	  0	  0	  0	  5	15400	  0
07-10-2015	02:38:19	<-	L	00000000	 40	 81	 55	 28	  0	  5	  0	  4	  4	  4	  4	  4	  4	  4	  4	  0	  0	  0	  0	  0	  0	  0	  0	  0	  0	  0	  0	  0	  0	  0	  0	  0	  0	  0	  0	  0	  0	  0	  0	 77	 55	 32	 81	  0	 28	  0	  0	  0	  0	  0	  0	  0	  0	  0	  0	  0	  5	15400	  0
07-10-2015	02:43:19	<-	L	00000000	 40	 79	 50	 23	  0	 10	  0	  4	  4	  4	  4	  4	  4	  4	  4	  0	  0	  0	  0	  0	  0	  0	  0	  0	  0	  0	  0	  0	  0	  0	  0	  0	  0	  0	  0	  0	  0	  0	  0	 73	 50	 27	 79	  0	 23	  0	  0	  0	  0	  0	  0	  0	  0	  0	  0	  0	  5	15400	  0
07-10-2015	02:48:20	<-	L	00000000	 40	 77	 48	 22	  0	 15	  0	  4	  4	  4	  4	  4	  4	  4	  4	  0	  0	  0	  0	  0	  0	  0	  0	  0	  0	  0	  0	  0	  0	  0	  0	  0	  0	  0	  0	  0	  0	  0	  0	 72	 48	 26	 77	  0	 22	  0	  0	  0	  0	  0	  0	  0	  0	  0	  0	  0	  5	15400	  0
07-10-2015	02:53:19	<-	L	00000000	 40	 76	 47	 21	  0	 20	  0	  4	  4	  4	  4	  4	  4	  4	  4	  0	  0	  0	  0	  0	  0	  0	  0	  0	  0	  0	  0	  0	  0	  0	  0	  0	  0	  0	  0	  0	  0	  0	  0	 70	 47	 26	 76	  0	 21	  0	  0	  0	  0	  0	  0	  0	  0	  0	  0	  0	  5	15400	  0
07-10-2015	02:58:19	<-	L	00000000	 40	 75	 46	 21	  0	 25	  0	  4	  4	  4	  4	  4	  4	  4	  4	  0	  0	  0	  0	  0	  0	  0	  0	  0	  0	  0	  0	  0	  0	  0	  0	  0	  0	  0	  0	  0	  0	  0	  0	 69	 46	 25	 75	  0	 21	  0	  0	  0	  0	  0	  0	  0	  0	  0	  0	  0	  5	15400	  0
07-10-2015	03:03:19	<-	L	00000000	 40	 74	 44	 19	  0	 30	  0	  4	  4	  4	  4	  4	  4	  4	  4	  0	  0	  0	  0	  0	  0	  0	  0	  0	  0	  0	  0	  0	  0	  0	  0	  0	  0	  0	  0	  0	  0	  0	  0	 68	 44	 25	 74	  0	 19	  0	  0	  0	  0	  0	  0	  0	  0	  0	  0	  0	  5	15400	  0
07-10-2015	03:08:29	<-	L	00000000	 40	 73	 43	 18	  0	 35	  0	  4	  4	  4	  4	  4	  4	  4	  4	  0	  0	  0	  0	  0	  0	  0	  0	  0	  0	  0	  0	  0	  0	  0	  0	  0	  0	  0	  0	  0	  0	  0	  0	 67	 43	 24	 73	  0	 18	  0	  0	  0	  0	  0	  0	  0	  0	  0	  0	  0	  5	15400	  0
07-10-2015	03:13:30	<-	L	00000000	 40	 72	 42	 18	  0	 40	  0	  4	  4	  4	  4	  4	  4	  4	  4	  0	  0	  0	  0	  0	  0	  0	  0	  0	  0	  0	  0	  0	  0	  0	  0	  0	  0	  0	  0	  0	  0	  0	  0	 66	 42	 24	 72	  0	 18	  0	  0	  0	  0	  0	  0	  0	  0	  0	  0	  0	  5	15400	  0
07-10-2015	03:18:30	<-	L	00000000	 40	 71	 41	 17	  0	 45	  0	  4	  4	  4	  4	  4	  4	  4	  4	  0	  0	  0	  0	  0	  0	  0	  0	  0	  0	  0	  0	  0	  0	  0	  0	  0	  0	  0	  0	  0	  0	  0	  0	 65	 41	 23	 71	  0	 17	  0	  0	  0	  0	  0	  0	  0	  0	  0	  0	  0	  5	15400	  0
07-10-2015	03:23:30	<-	L	00000000	 40	 70	 41	 18	  0	 50	  0	  4	  4	  4	  4	  4	  4	  4	  4	  0	  0	  0	  0	  0	  0	  0	  0	  0	  0	  0	  0	  0	  0	  0	  0	  0	  0	  0	  0	  0	  0	  0	  0	 64	 41	 23	 70	  0	 18	  0	  0	  0	  0	  0	  0	  0	  0	  0	  0	  0	  5	15400	  0
07-10-2015	03:28:30	<-	L	00000000	 40	 69	 40	 17	  0	 55	  0	  4	  4	  4	  4	  4	  4	  4	  4	  0	  0	  0	  0	  0	  0	  0	  0	  0	  0	  0	  0	  0	  0	  0	  0	  0	  0	  0	  0	  0	  0	  0	  0	 63	 40	 22	 69	  0	 17	  0	  0	  0	  0	  0	  0	  0	  0	  0	  0	  0	  5	15400	  0
07-10-2015	03:33:30	<-	L	00000000	 40	 68	 40	 19	  0	 60	  0	  4	  4	  4	  4	  4	  4	  4	  4	  0	  0	  0	  0	  0	  0	  0	  0	  0	  0	  0	  0	  0	  0	  0	  0	  0	  0	  0	  0	  0	  0	  0	  0	 62	 40	 24	 68	  0	 19	  0	  0	  0	  0	  0	  0	  0	  0	  0	  0	  0	  5	15400	  0
07-10-2015	03:38:30	<-	L	00000000	 50	 69	 42	 20	  0	  4	  0	  4	  4	  4	  4	  4	  4	  4	  4	  0	  0	  0	  0	  0	  0	  0	  0	  0	  0	  0	  0	  0	  0	  0	  0	  0	  0	  0	  0	  0	  0	  0	  0	 66	 42	 24	 69	  0	 20	  0	  0	  0	  0	  0	  0	  0	  0	  0	  0	  0	  5	17456	  0
07-10-2015	03:43:30	<-	L	00000000	 50	 69	 44	 23	  0	  9	  0	  4	  4	  4	  4	  4	  4	  4	  4	  0	  0	  0	  0	  0	  0	  0	  0	  0	  0	  0	  0	  0	  0	  0	  0	  0	  0	  0	  0	  0	  0	  0	  0	 66	 44	 26	 69	  0	 23	  0	  0	  0	  0	  0	  0	  0	  0	  0	  0	  0	  5	17199	  0
07-10-2015	03:48:30	<-	L	00000000	 50	 69	 44	 23	  0	 14	  0	  4	  4	  4	  4	  4	  4	  4	  4	  0	  0	  0	  0	  0	  0	  0	  0	  0	  0	  0	  0	  0	  0	  0	  0	  0	  0	  0	  0	  0	  0	  0	  0	 66	 44	 26	 69	  0	 23	  0	  0	  0	  0	  0	  0	  0	  0	  0	  0	  0	  5	17199	  0
07-10-2015	03:53:30	<-	L	00000000	 50	 69	 44	 23	  0	 19	  0	  4	  4	  4	  4	  4	  4	  4	  4	  0	  0	  0	  0	  0	  0	  0	  0	  0	  0	  0	  0	  0	  0	  0	  0	  0	  0	  0	  0	  0	  0	  0	  0	 66	 44	 26	 69	  0	 23	  0	  0	  0	  0	  0	  0	  0	  0	  0	  0	  0	  5	16942	  0
07-10-2015	03:58:30	<-	L	00000000	 50	 69	 44	 23	  0	 24	  0	  4	  4	  4	  4	  4	  4	  4	  4	  0	  0	  0	  0	  0	  0	  0	  0	  0	  0	  0	  0	  0	  0	  0	  0	  0	  0	  0	  0	  0	  0	  0	  0	 66	 44	 26	 69	  0	 23	  0	  0	  0	  0	  0	  0	  0	  0	  0	  0	  0	  5	16685	  0
07-10-2015	04:03:30	<-	L	00000000	 50	 68	 44	 25	  0	 29	  0	  4	  4	  4	  4	  4	  4	  4	  4	  0	  0	  0	  0	  0	  0	  0	  0	  0	  0	  0	  0	  0	  0	  0	  0	  0	  0	  0	  0	  0	  0	  0	  0	 66	 44	 26	 68	  0	 25	  0	  0	  0	  0	  0	  0	  0	  0	  0	  0	  0	  5	16685	  0
07-10-2015	04:08:30	<-	L	00000000	 50	 68	 44	 25	  0	 34	  0	  4	  4	  4	  4	  4	  4	  4	  4	  0	  0	  0	  0	  0	  0	  0	  0	  0	  0	  0	  0	  0	  0	  0	  0	  0	  0	  0	  0	  0	  0	  0	  0	 65	 44	 27	 68	  0	 25	  0	  0	  0	  0	  0	  0	  0	  0	  0	  0	  0	  5	16428	  0
07-10-2015	04:13:31	<-	L	00000000	 50	 68	 44	 25	  0	 39	  0	  4	  4	  4	  4	  4	  4	  4	  4	  0	  0	  0	  0	  0	  0	  0	  0	  0	  0	  0	  0	  0	  0	  0	  0	  0	  0	  0	  0	  0	  0	  0	  0	 64	 44	 31	 68	  0	 25	  0	  0	  0	  0	  0	  0	  0	  0	  0	  0	  0	  5	16171	  0
07-10-2015	04:18:31	<-	L	00000000	 50	 67	 43	 24	  0	 44	  0	  4	  4	  4	  4	  4	  4	  4	  4	  0	  0	  0	  0	  0	  0	  0	  0	  0	  0	  0	  0	  0	  0	  0	  0	  0	  0	  0	  0	  0	  0	  0	  0	 63	 43	 30	 67	  0	 24	  0	  0	  0	  0	  0	  0	  0	  0	  0	  0	  0	  5	16171	  0
07-10-2015	04:23:30	<-	L	00000000	 50	 66	 42	 24	  0	 49	  0	  4	  4	  4	  4	  4	  4	  4	  4	  0	  0	  0	  0	  0	  0	  0	  0	  0	  0	  0	  0	  0	  0	  0	  0	  0	  0	  0	  0	  0	  0	  0	  0	 63	 42	 26	 66	  0	 24	  0	  0	  0	  0	  0	  0	  0	  0	  0	  0	  0	  5	15914	  0
07-10-2015	04:28:31	<-	L	00000000	 50	 66	 42	 24	  0	 54	  0	  4	  4	  4	  4	  4	  4	  4	  4	  0	  0	  0	  0	  0	  0	  0	  0	  0	  0	  0	  0	  0	  0	  0	  0	  0	  0	  0	  0	  0	  0	  0	  0	 62	 42	 30	 66	  0	 24	  0	  0	  0	  0	  0	  0	  0	  0	  0	  0	  0	  5	15657	  0
07-10-2015	04:33:31	<-	L	00000000	 50	 65	 41	 23	  0	 59	  0	  4	  4	  4	  4	  4	  4	  4	  4	  0	  0	  0	  0	  0	  0	  0	  0	  0	  0	  0	  0	  0	  0	  0	  0	  0	  0	  0	  0	  0	  0	  0	  0	 61	 41	 29	 65	  0	 23	  0	  0	  0	  0	  0	  0	  0	  0	  0	  0	  0	  5	15657	  0
07-10-2015	04:38:31	  	L	00000000	 60	 63	 42	 26	  0	  0	  0	  4	  4	  4	  4	  4	  4	  4	  4	  0	  0	  0	  0	  0	  0	  0	  0	  0	  0	  0	  0	  0	  0	  0	  0	  0	  0	  0	  0	  0	  0	  0	  0	 62	 42	 30	 63	  0	 26	  0	  0	  0	  0	  0	  0	  0	  0	  0	  0	  0	  5	15400	  0
