04-06-2015	00:40:49	  	L	00000000	 10	 20	 16	 76	  0	  3	  0	  6	  6	  6	  6	  6	  6	  6	  6	  0	  0	  0	  0	  0	  0	  0	  0	  0	  0	  0	  0	  0	  0	  0	  0	  0	  0	  0	  0	  0	  0	  0	  0	 19	 16	 82	 20	  0	 76	  0	  0	  0	  0	  0	  0	  0	  0	  0	  0	  0	  5	5392	  1
04-06-2015	00:45:49	->	L	00000000	 10	 32	 18	 35	  0	  8	  0	  6	  6	  6	  6	  5	  5	  5	  5	  0	  0	  0	  0	  0	  0	  0	  0	  0	  0	  0	  0	  0	  0	  0	  0	  0	  0	  0	  0	  0	  0	  0	  0	 24	 18	 65	 32	  0	 35	  0	  0	  0	  0	  0	  0	  0	  0	  0	  0	  0	  5	5649	  1
04-06-2015	00:50:49	->	L	00000000	 10	 29	 18	 52	  0	 13	  0	  5	  5	  5	  5	  5	  5	  5	  5	  0	  0	  0	  0	  0	  0	  0	  0	  0	  0	  0	  0	  0	  0	  0	  0	  0	  0	  0	  0	  0	  0	  0	  0	 22	 18	 76	 29	  0	 44	  0	  0	  0	  0	  0	  0	  0	  0	  0	  0	  0	  5	6163	  1
04-06-2015	00:55:49	->	L	00000000	 10	 29	 19	 56	  0	 18	  0	  5	  5	  5	  5	  5	  5	  5	  5	  0	  0	  0	  0	  0	  0	  0	  0	  0	  0	  0	  0	  0	  0	  0	  0	  0	  0	  0	  0	  0	  0	  0	  0	 23	 19	 76	 29	  0	 49	  0	  0	  0	  0	  0	  0	  0	  0	  0	  0	  0	  5	6677	  1
04-06-2015	01:00:50	->	L	00000000	 10	 29	 20	 56	  0	 23	  0	  5	  5	  5	  5	  4	  4	  4	  4	  0	  0	  0	  0	  0	  0	  0	  0	  0	  0	  0	  0	  0	  0	  0	  0	  0	  0	  0	  0	  0	  0	  0	  0	 23	 20	 82	 29	  0	 53	  0	  0	  0	  0	  0	  0	  0	  0	  0	  0	  0	  5	7191	  1
04-06-2015	01:05:49	->	L	00000000	 10	 35	 21	 42	  0	 28	  0	  4	  4	  4	  4	  5	  5	  5	  4	  0	  0	  0	  0	  0	  0	  0	  0	  0	  0	  0	  0	  0	  0	  0	  0	  0	  0	  0	  0	  0	  0	  0	  0	 27	 21	 66	 35	  0	 36	  0	  0	  0	  0	  0	  0	  0	  0	  0	  0	  0	  5	7705	  1
04-06-2015	01:10:49	->	L	00000000	 10	 37	 23	 34	  0	 33	  0	  4	  4	  4	  4	  4	  5	  4	  4	  0	  0	  0	  0	  0	  0	  0	  0	  0	  0	  0	  0	  0	  0	  0	  0	  0	  0	  0	  0	  0	  0	  0	  0	 28	 23	 74	 37	  0	 36	  0	  0	  0	  0	  0	  0	  0	  0	  0	  0	  0	  5	7962	  1
04-06-2015	01:15:49	->	L	00000000	 10	 36	 24	 39	  0	 38	  0	  4	  4	  4	  4	  4	  4	  4	  4	  0	  0	  0	  0	  0	  0	  0	  0	  0	  0	  0	  0	  0	  0	  0	  0	  0	  0	  0	  0	  0	  0	  0	  0	 29	 24	 74	 36	  0	 43	  0	  0	  0	  0	  0	  0	  0	  0	  0	  0	  0	  5	8476	  1
04-06-2015	01:20:50	->	L	00000000	 10	 33	 24	 50	  0	 43	  0	  4	  4	  4	  4	  4	  4	  4	  4	  0	  0	  0	  0	  0	  0	  0	  0	  0	  0	  0	  0	  0	  0	  0	  0	  0	  0	  0	  0	  0	  0	  0	  0	 28	 24	 77	 33	  0	 54	  0	  0	  0	  0	  0	  0	  0	  0	  0	  0	  0	  5	8990	  1
04-06-2015	01:25:50	->	L	00000000	 10	 38	 25	 39	  0	 48	  0	  4	  4	  4	  4	  4	  4	  4	  4	  0	  0	  0	  0	  0	  0	  0	  0	  0	  0	  0	  0	  0	  0	  0	  0	  0	  0	  0	  0	  0	  0	  0	  0	 30	 25	 74	 38	  0	 39	  0	  0	  0	  0	  0	  0	  0	  0	  0	  0	  0	  5	9504	  1
04-06-2015	01:30:50	->	L	00000000	 10	 43	 26	 27	  0	 53	  0	  4	  4	  4	  4	  4	  4	  4	  4	  0	  0	  0	  0	  0	  0	  0	  0	  0	  0	  0	  0	  0	  0	  0	  0	  0	  0	  0	  0	  0	  0	  0	  0	 32	 26	 67	 43	  0	 28	  0	  0	  0	  0	  0	  0	  0	  0	  0	  0	  0	  5	10018	  1
04-06-2015	01:35:50	->	L	00000000	 10	 40	 27	 38	  0	 58	  0	  4	  4	  4	  4	  4	  4	  4	  4	  0	  0	  0	  0	  0	  0	  0	  0	  0	  0	  0	  0	  0	  0	  0	  0	  0	  0	  0	  0	  0	  0	  0	  0	 32	 27	 74	 40	  0	 40	  0	  0	  0	  0	  0	  0	  0	  0	  0	  0	  0	  5	10275	  1
04-06-2015	01:40:50	->	L	00000000	 10	 40	 27	 44	  0	 63	  0	  4	  4	  4	  4	  4	  4	  4	  4	  0	  0	  0	  0	  0	  0	  0	  0	  0	  0	  0	  0	  0	  0	  0	  0	  0	  0	  0	  0	  0	  0	  0	  0	 32	 27	 74	 40	  0	 40	  0	  0	  0	  0	  0	  0	  0	  0	  0	  0	  0	  5	10789	  1
04-06-2015	01:45:50	->	L	00000000	 10	 45	 28	 32	  0	 68	  0	  4	  4	  4	  4	  4	  4	  4	  4	  0	  0	  0	  0	  0	  0	  0	  0	  0	  0	  0	  0	  0	  0	  0	  0	  0	  0	  0	  0	  0	  0	  0	  0	 35	 28	 62	 45	  0	 29	  0	  0	  0	  0	  0	  0	  0	  0	  0	  0	  0	  5	11303	  1
04-06-2015	01:50:50	->	L	00000000	 10	 49	 30	 26	  0	 73	  0	  4	  4	  4	  4	  4	  4	  4	  4	  0	  0	  0	  0	  0	  0	  0	  0	  0	  0	  0	  0	  0	  0	  0	  0	  0	  0	  0	  0	  0	  0	  0	  0	 37	 30	 63	 49	  0	 26	  0	  0	  0	  0	  0	  0	  0	  0	  0	  0	  0	  5	11817	  1
04-06-2015	01:55:50	->	L	00000000	 10	 44	 30	 37	  0	 78	  0	  4	  4	  4	  4	  4	  4	  4	  4	  0	  0	  0	  0	  0	  0	  0	  0	  0	  0	  0	  0	  0	  0	  0	  0	  0	  0	  0	  0	  0	  0	  0	  0	 34	 30	 77	 44	  0	 39	  0	  0	  0	  0	  0	  0	  0	  0	  0	  0	  0	  5	12331	  1
04-06-2015	02:00:51	->	L	00000000	 10	 49	 32	 30	  0	 83	  0	  4	  4	  4	  4	  4	  4	  4	  4	  0	  0	  0	  0	  0	  0	  0	  0	  0	  0	  0	  0	  0	  0	  0	  0	  0	  0	  0	  0	  0	  0	  0	  0	 39	 32	 63	 49	  0	 31	  0	  0	  0	  0	  0	  0	  0	  0	  0	  0	  0	  5	12588	  1
04-06-2015	02:05:50	->	L	00000000	 10	 47	 32	 37	  0	 88	  0	  4	  4	  4	  4	  4	  4	  4	  4	  0	  0	  0	  0	  0	  0	  0	  0	  0	  0	  0	  0	  0	  0	  0	  0	  0	  0	  0	  0	  0	  0	  0	  0	 38	 32	 68	 47	  0	 37	  0	  0	  0	  0	  0	  0	  0	  0	  0	  0	  0	  5	13102	  1
04-06-2015	02:10:50	->	L	00000000	 10	 49	 33	 34	  0	 93	  0	  4	  4	  4	  4	  4	  4	  4	  4	  0	  0	  0	  0	  0	  0	  0	  0	  0	  0	  0	  0	  0	  0	  0	  0	  0	  0	  0	  0	  0	  0	  0	  0	 39	 33	 68	 49	  0	 34	  0	  0	  0	  0	  0	  0	  0	  0	  0	  0	  0	  5	13616	  1
04-06-2015	02:15:50	->	L	00000000	 10	 52	 34	 32	  0	 98	  0	  4	  4	  4	  4	  4	  4	  4	  4	  0	  0	  0	  0	  0	  0	  0	  0	  0	  0	  0	  0	  0	  0	  0	  0	  0	  0	  0	  0	  0	  0	  0	  0	 41	 34	 64	 52	  0	 31	  0	  0	  0	  0	  0	  0	  0	  0	  0	  0	  0	  5	14130	  1
04-06-2015	02:20:50	->	L	00000000	 10	 55	 35	 27	  0	103	  0	  4	  4	  4	  4	  4	  4	  4	  4	  0	  0	  0	  0	  0	  0	  0	  0	  0	  0	  0	  0	  0	  0	  0	  0	  0	  0	  0	  0	  0	  0	  0	  0	 43	 35	 60	 55	  0	 27	  0	  0	  0	  0	  0	  0	  0	  0	  0	  0	  0	  5	14644	  1
04-06-2015	02:25:50	->	L	00000000	 10	 56	 36	 27	  0	108	  0	  4	  4	  4	  4	  4	  4	  4	  4	  0	  0	  0	  0	  0	  0	  0	  0	  0	  0	  0	  0	  0	  0	  0	  0	  0	  0	  0	  0	  0	  0	  0	  0	 44	 36	 60	 56	  0	 27	  0	  0	  0	  0	  0	  0	  0	  0	  0	  0	  0	  5	15158	  1
04-06-2015	02:30:51	->	L	00000000	 10	 57	 37	 27	  0	113	  0	  4	  4	  4	  4	  4	  4	  4	  4	  0	  0	  0	  0	  0	  0	  0	  0	  0	  0	  0	  0	  0	  0	  0	  0	  0	  0	  0	  0	  0	  0	  0	  0	 44	 37	 65	 57	  0	 27	  0	  0	  0	  0	  0	  0	  0	  0	  0	  0	  0	  5	15415	  1
04-06-2015	02:35:51	->	L	00000000	 10	 57	 38	 30	  0	118	  0	  4	  4	  4	  4	  4	  4	  4	  4	  0	  0	  0	  0	  0	  0	  0	  0	  0	  0	  0	  0	  0	  0	  0	  0	  0	  0	  0	  0	  0	  0	  0	  0	 45	 38	 65	 57	  0	 30	  0	  0	  0	  0	  0	  0	  0	  0	  0	  0	  0	  5	15929	  1
04-06-2015	02:40:51	->	L	00000000	 10	 57	 39	 33	  0	123	  0	  4	  4	  4	  4	  4	  4	  4	  4	  0	  0	  0	  0	  0	  0	  0	  0	  0	  0	  0	  0	  0	  0	  0	  0	  0	  0	  0	  0	  0	  0	  0	  0	 46	 39	 65	 57	  0	 33	  0	  0	  0	  0	  0	  0	  0	  0	  0	  0	  0	  5	16443	  1
04-06-2015	02:45:51	->	L	00000000	 10	 57	 39	 33	  0	128	  0	  4	  4	  4	  4	  4	  4	  4	  4	  0	  0	  0	  0	  0	  0	  0	  0	  0	  0	  0	  0	  0	  0	  0	  0	  0	  0	  0	  0	  0	  0	  0	  0	 46	 39	 65	 57	  0	 33	  0	  0	  0	  0	  0	  0	  0	  0	  0	  0	  0	  5	16957	  1
04-06-2015	02:50:51	->	L	00000000	 10	 55	 40	 40	  0	133	  0	  4	  4	  4	  4	  4	  4	  4	  4	  0	  0	  0	  0	  0	  0	  0	  0	  0	  0	  0	  0	  0	  0	  0	  0	  0	  0	  0	  0	  0	  0	  0	  0	 47	 40	 65	 55	  0	 40	  0	  0	  0	  0	  0	  0	  0	  0	  0	  0	  0	  5	17471	  1
04-06-2015	02:55:51	->	L	00000000	 10	 54	 40	 42	  0	138	  0	  4	  4	  4	  4	  4	  4	  4	  4	  0	  0	  0	  0	  0	  0	  0	  0	  0	  0	  0	  0	  0	  0	  0	  0	  0	  0	  0	  0	  0	  0	  0	  0	 47	 40	 65	 54	  0	 42	  0	  0	  0	  0	  0	  0	  0	  0	  0	  0	  0	  5	17728	  1
04-06-2015	03:00:51	->	L	00000000	 10	 54	 41	 45	  0	143	  0	  4	  4	  4	  4	  4	  4	  4	  4	  0	  0	  0	  0	  0	  0	  0	  0	  0	  0	  0	  0	  0	  0	  0	  0	  0	  0	  0	  0	  0	  0	  0	  0	 47	 41	 70	 54	  0	 45	  0	  0	  0	  0	  0	  0	  0	  0	  0	  0	  0	  5	18242	  1
04-06-2015	03:05:51	->	L	00000000	 10	 53	 41	 49	  0	148	  0	  4	  4	  4	  4	  4	  4	  4	  4	  0	  0	  0	  0	  0	  0	  0	  0	  0	  0	  0	  0	  0	  0	  0	  0	  0	  0	  0	  0	  0	  0	  0	  0	 47	 41	 70	 53	  0	 49	  0	  0	  0	  0	  0	  0	  0	  0	  0	  0	  0	  5	18756	  1
04-06-2015	03:10:51	->	L	00000000	 10	 48	 40	 62	  0	153	  0	  4	  4	  4	  4	  4	  4	  4	  4	  0	  0	  0	  0	  0	  0	  0	  0	  0	  0	  0	  0	  0	  0	  0	  0	  0	  0	  0	  0	  0	  0	  0	  0	 43	 40	 84	 48	  0	 62	  0	  0	  0	  0	  0	  0	  0	  0	  0	  0	  0	  5	19270	  1
04-06-2015	03:15:51	->	L	00000000	 10	 45	 40	 76	  0	158	  0	  4	  4	  4	  4	  4	  4	  4	  4	  0	  0	  0	  0	  0	  0	  0	  0	  0	  0	  0	  0	  0	  0	  0	  0	  0	  0	  0	  0	  0	  0	  0	  0	 42	 40	 89	 45	  0	 76	  0	  0	  0	  0	  0	  0	  0	  0	  0	  0	  0	  5	19784	  1
04-06-2015	03:20:51	->	L	00000000	 10	 44	 39	 76	  0	163	  0	  4	  4	  4	  4	  4	  4	  4	  4	  0	  0	  0	  0	  0	  0	  0	  0	  0	  0	  0	  0	  0	  0	  0	  0	  0	  0	  0	  0	  0	  0	  0	  0	 41	 39	 89	 44	  0	 76	  0	  0	  0	  0	  0	  0	  0	  0	  0	  0	  0	  5	20041	  1
04-06-2015	03:25:51	->	L	00000000	 10	 43	 39	 76	  0	168	  0	  4	  4	  4	  4	  4	  4	  4	  4	  0	  0	  0	  0	  0	  0	  0	  0	  0	  0	  0	  0	  0	  0	  0	  0	  0	  0	  0	  0	  0	  0	  0	  0	 40	 39	 94	 43	  0	 79	  0	  0	  0	  0	  0	  0	  0	  0	  0	  0	  0	  5	20555	  1
04-06-2015	03:30:52	->	L	00000000	 10	 43	 39	 79	  0	173	  0	  4	  4	  4	  4	  4	  4	  4	  4	  0	  0	  0	  0	  0	  0	  0	  0	  0	  0	  0	  0	  0	  0	  0	  0	  0	  0	  0	  0	  0	  0	  0	  0	 40	 39	 94	 43	  0	 79	  0	  0	  0	  0	  0	  0	  0	  0	  0	  0	  0	  5	21069	  1
04-06-2015	03:35:52	->	L	00000000	 10	 43	 39	 79	  0	178	  0	  4	  4	  4	  4	  4	  4	  4	  4	  0	  0	  0	  0	  0	  0	  0	  0	  0	  0	  0	  0	  0	  0	  0	  0	  0	  0	  0	  0	  0	  0	  0	  0	 40	 39	 94	 43	  0	 79	  0	  0	  0	  0	  0	  0	  0	  0	  0	  0	  0	  5	21583	  1
04-06-2015	03:40:52	  	L	00000000	 21	 42	 39	 76	  0	  2	  0	  4	  4	  4	  4	  4	  4	  4	  4	  0	  0	  0	  0	  0	  0	  0	  0	  0	  0	  0	  0	  0	  0	  0	  0	  0	  0	  0	  0	  0	  0	  0	  0	 40	 39	 94	 42	  0	 84	  0	  0	  0	  0	  0	  0	  0	  0	  0	  0	  0	  5	21830	  0
04-06-2015	03:45:52	<-	L	00000000	 21	 42	 40	 89	  0	  7	  0	  4	  4	  4	  4	  4	  4	  4	  4	  0	  0	  0	  0	  0	  0	  0	  0	  0	  0	  0	  0	  0	  0	  0	  0	  0	  0	  0	  0	  0	  0	  0	  0	 42	 40	 89	 42	  0	 89	  0	  0	  0	  0	  0	  0	  0	  0	  0	  0	  0	  5	21830	  0
04-06-2015	03:50:52	<-	L	00000000	 21	 42	 40	 89	  0	 12	  0	  4	  4	  4	  4	  4	  4	  4	  4	  0	  0	  0	  0	  0	  0	  0	  0	  0	  0	  0	  0	  0	  0	  0	  0	  0	  0	  0	  0	  0	  0	  0	  0	 42	 40	 89	 41	  0	 94	  0	  0	  0	  0	  0	  0	  0	  0	  0	  0	  0	  5	21830	  0
04-06-2015	03:55:52	<-	L	00000000	 21	 42	 40	 94	  0	 17	  0	  4	  4	  4	  4	  4	  4	  4	  4	  0	  0	  0	  0	  0	  0	  0	  0	  0	  0	  0	  0	  0	  0	  0	  0	  0	  0	  0	  0	  0	  0	  0	  0	 42	 40	 89	 41	  0	 94	  0	  0	  0	  0	  0	  0	  0	  0	  0	  0	  0	  5	21830	  0
04-06-2015	04:00:52	<-	L	00000000	 21	 41	 40	 94	  0	 22	  0	  4	  4	  4	  4	  4	  4	  4	  4	  0	  0	  0	  0	  0	  0	  0	  0	  0	  0	  0	  0	  0	  0	  0	  0	  0	  0	  0	  0	  0	  0	  0	  0	 41	 40	 94	 41	  0	 94	  0	  0	  0	  0	  0	  0	  0	  0	  0	  0	  0	  5	21830	  0
04-06-2015	04:05:52	<-	L	00000000	 21	 42	 40	 89	  0	 27	  0	  4	  4	  4	  4	  4	  4	  4	  4	  0	  0	  0	  0	  0	  0	  0	  0	  0	  0	  0	  0	  0	  0	  0	  0	  0	  0	  0	  0	  0	  0	  0	  0	 42	 40	 89	 41	  0	 94	  0	  0	  0	  0	  0	  0	  0	  0	  0	  0	  0	  5	21830	  0
04-06-2015	04:10:52	<-	L	00000000	 21	 42	 40	 94	  0	 32	  0	  4	  4	  4	  4	  4	  4	  4	  4	  0	  0	  0	  0	  0	  0	  0	  0	  0	  0	  0	  0	  0	  0	  0	  0	  0	  0	  0	  0	  0	  0	  0	  0	 42	 40	 89	 41	  0	 94	  0	  0	  0	  0	  0	  0	  0	  0	  0	  0	  0	  5	21830	  0
04-06-2015	04:15:52	<-	L	00000000	 21	 40	 40	100	  0	 37	  0	  4	  4	  4	  4	  4	  4	  4	  4	  0	  0	  0	  0	  0	  0	  0	  0	  0	  0	  0	  0	  0	  0	  0	  0	  0	  0	  0	  0	  0	  0	  0	  0	 40	 40	100	 40	  0	100	  0	  0	  0	  0	  0	  0	  0	  0	  0	  0	  0	  5	21830	  0
04-06-2015	04:20:52	<-	L	00000000	 21	 40	 40	100	  0	 42	  0	  4	  4	  4	  4	  4	  4	  4	  4	  0	  0	  0	  0	  0	  0	  0	  0	  0	  0	  0	  0	  0	  0	  0	  0	  0	  0	  0	  0	  0	  0	  0	  0	 40	 40	100	 40	  0	100	  0	  0	  0	  0	  0	  0	  0	  0	  0	  0	  0	  5	21830	  0
04-06-2015	04:25:53	<-	L	00000000	 21	 40	 40	100	  0	 47	  0	  4	  4	  4	  4	  4	  4	  4	  4	  0	  0	  0	  0	  0	  0	  0	  0	  0	  0	  0	  0	  0	  0	  0	  0	  0	  0	  0	  0	  0	  0	  0	  0	 40	 40	100	 40	  0	100	  0	  0	  0	  0	  0	  0	  0	  0	  0	  0	  0	  5	21830	  0
04-06-2015	04:30:52	  	L	00000000	 21	 40	 39	100	  0	 47	  0	  4	  4	  4	  4	  4	  4	  4	  4	  0	  0	  0	  0	  0	  0	  0	  0	  0	  0	  0	  0	  0	  0	  0	  0	  0	  0	  0	  0	  0	  0	  0	  0	 40	 39	 94	 40	  0	 94	  0	  0	  0	  0	  0	  0	  0	  0	  0	  0	  0	  5	21830	  0
04-06-2015	04:35:52	  	L	00000000	 21	 40	 39	 94	  0	 47	  0	  4	  4	  4	  4	  4	  4	  4	  4	  0	  0	  0	  0	  0	  0	  0	  0	  0	  0	  0	  0	  0	  0	  0	  0	  0	  0	  0	  0	  0	  0	  0	  0	 40	 39	 94	 40	  0	 94	  0	  0	  0	  0	  0	  0	  0	  0	  0	  0	  0	  5	21830	  0
04-06-2015	04:40:52	  	L	00000000	 21	 40	 39	 94	  0	 47	  0	  4	  4	  4	  4	  4	  4	  4	  4	  0	  0	  0	  0	  0	  0	  0	  0	  0	  0	  0	  0	  0	  0	  0	  0	  0	  0	  0	  0	  0	  0	  0	  0	 40	 39	 94	 39	  0	100	  0	  0	  0	  0	  0	  0	  0	  0	  0	  0	  0	  5	21830	  0
04-06-2015	04:45:53	<-	L	00000000	 21	 40	 39	 94	  0	 52	  0	  4	  4	  4	  4	  4	  4	  4	  4	  0	  0	  0	  0	  0	  0	  0	  0	  0	  0	  0	  0	  0	  0	  0	  0	  0	  0	  0	  0	  0	  0	  0	  0	 40	 39	 94	 40	  0	 94	  0	  0	  0	  0	  0	  0	  0	  0	  0	  0	  0	  5	21830	  0
04-06-2015	04:50:53	<-	L	00000000	 21	 41	 39	 89	  0	 57	  0	  4	  4	  4	  4	  4	  4	  4	  4	  0	  0	  0	  0	  0	  0	  0	  0	  0	  0	  0	  0	  0	  0	  0	  0	  0	  0	  0	  0	  0	  0	  0	  0	 41	 39	 89	 40	  0	 94	  0	  0	  0	  0	  0	  0	  0	  0	  0	  0	  0	  5	21830	  0
04-06-2015	04:55:53	<-	L	00000000	 21	 41	 39	 89	  0	 62	  0	  4	  4	  4	  4	  4	  4	  4	  4	  0	  0	  0	  0	  0	  0	  0	  0	  0	  0	  0	  0	  0	  0	  0	  0	  0	  0	  0	  0	  0	  0	  0	  0	 41	 39	 89	 40	  0	 94	  0	  0	  0	  0	  0	  0	  0	  0	  0	  0	  0	  5	21830	  0
04-06-2015	05:00:53	<-	L	00000000	 21	 41	 39	 89	  0	 67	  0	  4	  4	  4	  4	  4	  4	  4	  4	  0	  0	  0	  0	  0	  0	  0	  0	  0	  0	  0	  0	  0	  0	  0	  0	  0	  0	  0	  0	  0	  0	  0	  0	 41	 39	 89	 40	  0	 94	  0	  0	  0	  0	  0	  0	  0	  0	  0	  0	  0	  5	21830	  0
04-06-2015	05:05:53	<-	L	00000000	 21	 40	 39	 94	  0	 72	  0	  4	  4	  4	  4	  4	  4	  4	  4	  0	  0	  0	  0	  0	  0	  0	  0	  0	  0	  0	  0	  0	  0	  0	  0	  0	  0	  0	  0	  0	  0	  0	  0	 40	 39	 94	 40	  0	 94	  0	  0	  0	  0	  0	  0	  0	  0	  0	  0	  0	  5	21830	  0
04-06-2015	05:10:53	<-	L	00000000	 21	 40	 39	 94	  0	 77	  0	  4	  4	  4	  4	  4	  4	  4	  4	  0	  0	  0	  0	  0	  0	  0	  0	  0	  0	  0	  0	  0	  0	  0	  0	  0	  0	  0	  0	  0	  0	  0	  0	 40	 39	 94	 40	  0	 94	  0	  0	  0	  0	  0	  0	  0	  0	  0	  0	  0	  5	21830	  0
04-06-2015	05:15:53	  	L	00000000	 21	 39	 39	100	  0	 78	  0	  4	  4	  4	  4	  4	  4	  4	  4	  0	  0	  0	  0	  0	  0	  0	  0	  0	  0	  0	  0	  0	  0	  0	  0	  0	  0	  0	  0	  0	  0	  0	  0	 39	 39	100	 39	  0	100	  0	  0	  0	  0	  0	  0	  0	  0	  0	  0	  0	  5	21830	  0
04-06-2015	05:20:53	  	L	00000000	 21	 39	 39	100	  0	 78	  0	  4	  4	  4	  4	  4	  4	  4	  4	  0	  0	  0	  0	  0	  0	  0	  0	  0	  0	  0	  0	  0	  0	  0	  0	  0	  0	  0	  0	  0	  0	  0	  0	 39	 39	100	 39	  0	100	  0	  0	  0	  0	  0	  0	  0	  0	  0	  0	  0	  5	21830	  0
04-06-2015	05:25:54	  	L	00000000	 21	 39	 39	100	  0	 78	  0	  4	  4	  4	  4	  4	  4	  4	  4	  0	  0	  0	  0	  0	  0	  0	  0	  0	  0	  0	  0	  0	  0	  0	  0	  0	  0	  0	  0	  0	  0	  0	  0	 39	 39	100	 39	  0	100	  0	  0	  0	  0	  0	  0	  0	  0	  0	  0	  0	  5	21830	  0
04-06-2015	05:30:53	  	L	00000000	 21	 39	 38	 94	  0	 78	  0	  4	  4	  4	  4	  4	  4	  4	  4	  0	  0	  0	  0	  0	  0	  0	  0	  0	  0	  0	  0	  0	  0	  0	  0	  0	  0	  0	  0	  0	  0	  0	  0	 39	 38	 94	 39	  0	 94	  0	  0	  0	  0	  0	  0	  0	  0	  0	  0	  0	  5	21830	  0
04-06-2015	05:35:53	  	L	00000000	 21	 39	 38	 94	  0	 78	  0	  4	  4	  4	  4	  4	  4	  4	  4	  0	  0	  0	  0	  0	  0	  0	  0	  0	  0	  0	  0	  0	  0	  0	  0	  0	  0	  0	  0	  0	  0	  0	  0	 39	 38	 94	 39	  0	 94	  0	  0	  0	  0	  0	  0	  0	  0	  0	  0	  0	  5	21830	  0
04-06-2015	05:40:53	  	L	00000000	 21	 39	 38	 94	  0	 78	  0	  4	  4	  4	  4	  4	  4	  4	  4	  0	  0	  0	  0	  0	  0	  0	  0	  0	  0	  0	  0	  0	  0	  0	  0	  0	  0	  0	  0	  0	  0	  0	  0	 39	 38	 94	 39	  0	 94	  0	  0	  0	  0	  0	  0	  0	  0	  0	  0	  0	  5	21830	  0
04-06-2015	05:45:54	  	L	00000000	 21	 39	 38	 94	  0	 80	  0	  4	  4	  4	  4	  4	  4	  4	  4	  0	  0	  0	  0	  0	  0	  0	  0	  0	  0	  0	  0	  0	  0	  0	  0	  0	  0	  0	  0	  0	  0	  0	  0	 39	 38	 94	 39	  0	 94	  0	  0	  0	  0	  0	  0	  0	  0	  0	  0	  0	  5	21830	  0
04-06-2015	05:50:54	<-	L	00000000	 21	 40	 38	 94	  0	 85	  0	  4	  4	  4	  4	  4	  4	  4	  4	  0	  0	  0	  0	  0	  0	  0	  0	  0	  0	  0	  0	  0	  0	  0	  0	  0	  0	  0	  0	  0	  0	  0	  0	 40	 38	 89	 39	  0	 94	  0	  0	  0	  0	  0	  0	  0	  0	  0	  0	  0	  5	21830	  0
04-06-2015	05:55:54	<-	L	00000000	 21	 65	 44	 27	  0	 90	  0	  4	  4	  4	  4	  4	  4	  4	  4	  0	  0	  0	  0	  0	  0	  0	  0	  0	  0	  0	  0	  0	  0	  0	  0	  0	  0	  0	  0	  0	  0	  0	  0	 65	 44	 27	 46	  0	 89	  0	  0	  0	  0	  0	  0	  0	  0	  0	  0	  0	  5	21830	  0
04-06-2015	06:00:54	<-	L	00000000	 21	 70	 46	 25	  0	 95	  0	  4	  4	  4	  4	  4	  4	  4	  4	  0	  0	  0	  0	  0	  0	  0	  0	  0	  0	  0	  0	  0	  0	  0	  0	  0	  0	  0	  0	  0	  0	  0	  0	 70	 46	 25	 54	  0	 63	  0	  0	  0	  0	  0	  0	  0	  0	  0	  0	  0	  5	21318	  0
04-06-2015	06:05:54	<-	L	00000000	 21	 70	 47	 26	  0	100	  0	  4	  4	  4	  4	  4	  4	  4	  4	  0	  0	  0	  0	  0	  0	  0	  0	  0	  0	  0	  0	  0	  0	  0	  0	  0	  0	  0	  0	  0	  0	  0	  0	 70	 47	 26	 55	  0	 63	  0	  0	  0	  0	  0	  0	  0	  0	  0	  0	  0	  5	19270	  0
04-06-2015	06:10:54	<-	L	00000000	 21	 70	 48	 28	  0	105	  0	  4	  4	  4	  4	  4	  4	  4	  4	  0	  0	  0	  0	  0	  0	  0	  0	  0	  0	  0	  0	  0	  0	  0	  0	  0	  0	  0	  0	  0	  0	  0	  0	 70	 48	 28	 55	  0	 67	  0	  0	  0	  0	  0	  0	  0	  0	  0	  0	  0	  5	19270	  0
04-06-2015	06:15:54	<-	L	00000000	 21	 69	 49	 33	  0	110	  0	  4	  4	  4	  4	  4	  4	  4	  4	  0	  0	  0	  0	  0	  0	  0	  0	  0	  0	  0	  0	  0	  0	  0	  0	  0	  0	  0	  0	  0	  0	  0	  0	 69	 49	 33	 50	  0	 94	  0	  0	  0	  0	  0	  0	  0	  0	  0	  0	  0	  5	19270	  0
04-06-2015	06:20:54	<-	L	00000000	 21	 69	 49	 35	  0	115	  0	  4	  4	  4	  4	  4	  4	  4	  4	  0	  0	  0	  0	  0	  0	  0	  0	  0	  0	  0	  0	  0	  0	  0	  0	  0	  0	  0	  0	  0	  0	  0	  0	 69	 49	 33	 56	  0	 68	  0	  0	  0	  0	  0	  0	  0	  0	  0	  0	  0	  5	17990	  0
04-06-2015	06:25:54	<-	L	00000000	 21	 69	 50	 35	  0	120	  0	  4	  4	  4	  4	  4	  4	  4	  4	  0	  0	  0	  0	  0	  0	  0	  0	  0	  0	  0	  0	  0	  0	  0	  0	  0	  0	  0	  0	  0	  0	  0	  0	 69	 50	 35	 57	  0	 68	  0	  0	  0	  0	  0	  0	  0	  0	  0	  0	  0	  5	17990	  0
04-06-2015	06:30:54	<-	L	00000000	 21	 68	 51	 38	  0	125	  0	  4	  4	  4	  4	  4	  4	  4	  4	  0	  0	  0	  0	  0	  0	  0	  0	  0	  0	  0	  0	  0	  0	  0	  0	  0	  0	  0	  0	  0	  0	  0	  0	 68	 51	 39	 57	  0	 72	  0	  0	  0	  0	  0	  0	  0	  0	  0	  0	  0	  5	17990	  0
04-06-2015	06:35:54	<-	L	00000000	 21	 68	 51	 39	  0	130	  0	  4	  4	  4	  4	  4	  4	  4	  4	  0	  0	  0	  0	  0	  0	  0	  0	  0	  0	  0	  0	  0	  0	  0	  0	  0	  0	  0	  0	  0	  0	  0	  0	 68	 51	 39	 57	  0	 72	  0	  0	  0	  0	  0	  0	  0	  0	  0	  0	  0	  5	17990	  0
04-06-2015	06:40:54	<-	L	00000000	 21	 68	 52	 42	  0	135	  0	  4	  4	  4	  4	  4	  4	  4	  4	  0	  0	  0	  0	  0	  0	  0	  0	  0	  0	  0	  0	  0	  0	  0	  0	  0	  0	  0	  0	  0	  0	  0	  0	 68	 52	 42	 57	  0	 78	  0	  0	  0	  0	  0	  0	  0	  0	  0	  0	  0	  5	17990	  0
04-06-2015	06:45:54	<-	L	00000000	 21	 67	 52	 45	  0	140	  0	  4	  4	  4	  4	  4	  4	  4	  4	  0	  0	  0	  0	  0	  0	  0	  0	  0	  0	  0	  0	  0	  0	  0	  0	  0	  0	  0	  0	  0	  0	  0	  0	 67	 52	 45	 58	  0	 72	  0	  0	  0	  0	  0	  0	  0	  0	  0	  0	  0	  5	17990	  0
04-06-2015	06:50:55	<-	L	00000000	 21	 67	 52	 45	  0	145	  0	  4	  4	  4	  4	  4	  4	  4	  4	  0	  0	  0	  0	  0	  0	  0	  0	  0	  0	  0	  0	  0	  0	  0	  0	  0	  0	  0	  0	  0	  0	  0	  0	 67	 52	 45	 58	  0	 72	  0	  0	  0	  0	  0	  0	  0	  0	  0	  0	  0	  5	17990	  0
04-06-2015	06:55:55	<-	L	00000000	 21	 58	 52	 68	  0	150	  0	  4	  4	  4	  4	  4	  4	  4	  4	  0	  0	  0	  0	  0	  0	  0	  0	  0	  0	  0	  0	  0	  0	  0	  0	  0	  0	  0	  0	  0	  0	  0	  0	 58	 52	 72	 55	  0	 86	  0	  0	  0	  0	  0	  0	  0	  0	  0	  0	  0	  5	17990	  0
04-06-2015	07:00:55	<-	L	00000000	 21	 54	 51	 85	  0	155	  0	  4	  4	  4	  4	  4	  4	  4	  4	  0	  0	  0	  0	  0	  0	  0	  0	  0	  0	  0	  0	  0	  0	  0	  0	  0	  0	  0	  0	  0	  0	  0	  0	 54	 51	 85	 52	  0	 94	  0	  0	  0	  0	  0	  0	  0	  0	  0	  0	  0	  5	17990	  0
04-06-2015	07:05:55	<-	L	00000000	 21	 53	 50	 85	  0	160	  0	  4	  4	  4	  4	  4	  4	  4	  4	  0	  0	  0	  0	  0	  0	  0	  0	  0	  0	  0	  0	  0	  0	  0	  0	  0	  0	  0	  0	  0	  0	  0	  0	 53	 50	 85	 51	  0	 94	  0	  0	  0	  0	  0	  0	  0	  0	  0	  0	  0	  5	17990	  0
04-06-2015	07:10:55	<-	L	00000000	 21	 52	 50	 90	  0	165	  0	  4	  4	  4	  4	  4	  4	  4	  4	  0	  0	  0	  0	  0	  0	  0	  0	  0	  0	  0	  0	  0	  0	  0	  0	  0	  0	  0	  0	  0	  0	  0	  0	 52	 50	 90	 51	  0	 94	  0	  0	  0	  0	  0	  0	  0	  0	  0	  0	  0	  5	17990	  0
04-06-2015	07:15:55	<-	L	00000000	 21	 50	 50	 94	  0	170	  0	  4	  4	  4	  4	  4	  4	  4	  4	  0	  0	  0	  0	  0	  0	  0	  0	  0	  0	  0	  0	  0	  0	  0	  0	  0	  0	  0	  0	  0	  0	  0	  0	 50	 50	100	 50	  0	100	  0	  0	  0	  0	  0	  0	  0	  0	  0	  0	  0	  5	17990	  0
04-06-2015	07:20:55	<-	L	00000000	 21	 50	 49	 94	  0	175	  0	  4	  4	  4	  4	  4	  4	  4	  4	  0	  0	  0	  0	  0	  0	  0	  0	  0	  0	  0	  0	  0	  0	  0	  0	  0	  0	  0	  0	  0	  0	  0	  0	 50	 49	 94	 50	  0	 94	  0	  0	  0	  0	  0	  0	  0	  0	  0	  0	  0	  5	17990	  0
04-06-2015	07:25:55	<-	L	00000000	 21	 50	 49	 94	  0	180	  0	  4	  4	  4	  4	  4	  4	  4	  4	  0	  0	  0	  0	  0	  0	  0	  0	  0	  0	  0	  0	  0	  0	  0	  0	  0	  0	  0	  0	  0	  0	  0	  0	 50	 49	 94	 50	  0	 94	  0	  0	  0	  0	  0	  0	  0	  0	  0	  0	  0	  5	17990	  0
04-06-2015	07:30:55	  	L	00000000	 21	 49	 49	100	  0	185	  0	  4	  4	  4	  4	  4	  4	  4	  4	  0	  0	  0	  0	  0	  0	  0	  0	  0	  0	  0	  0	  0	  0	  0	  0	  0	  0	  0	  0	  0	  0	  0	  0	 49	 49	100	 49	  0	100	  0	  0	  0	  0	  0	  0	  0	  0	  0	  0	  0	  5	17990	  0
04-06-2015	07:35:56	->	L	00000000	 21	 49	 47	 85	  0	190	  0	  4	  4	  4	  4	  4	  4	  4	  4	  0	  0	  0	  0	  0	  0	  0	  0	  0	  0	  0	  0	  0	  0	  0	  0	  0	  0	  0	  0	  0	  0	  0	  0	 48	 47	 94	 49	  0	 89	  0	  0	  0	  0	  0	  0	  0	  0	  0	  0	  0	  5	17990	  0
04-06-2015	07:40:56	->	L	00000000	 21	 50	 47	 85	  0	195	  0	  4	  4	  4	  4	  4	  4	  4	  4	  0	  0	  0	  0	  0	  0	  0	  0	  0	  0	  0	  0	  0	  0	  0	  0	  0	  0	  0	  0	  0	  0	  0	  0	 47	 47	100	 50	  0	 85	  0	  0	  0	  0	  0	  0	  0	  0	  0	  0	  0	  5	17990	  0
04-06-2015	07:45:55	->	L	00000000	 21	 50	 46	 80	  0	200	  0	  4	  4	  4	  4	  4	  4	  4	  4	  0	  0	  0	  0	  0	  0	  0	  0	  0	  0	  0	  0	  0	  0	  0	  0	  0	  0	  0	  0	  0	  0	  0	  0	 47	 46	 94	 50	  0	 80	  0	  0	  0	  0	  0	  0	  0	  0	  0	  0	  0	  5	17990	  0
04-06-2015	07:50:55	->	L	00000000	 21	 49	 46	 85	  0	205	  0	  4	  4	  4	  4	  4	  4	  4	  4	  0	  0	  0	  0	  0	  0	  0	  0	  0	  0	  0	  0	  0	  0	  0	  0	  0	  0	  0	  0	  0	  0	  0	  0	 47	 46	 94	 49	  0	 85	  0	  0	  0	  0	  0	  0	  0	  0	  0	  0	  0	  5	17990	  0
04-06-2015	07:55:55	->	L	00000000	 21	 49	 46	 85	  0	210	  0	  4	  4	  4	  4	  4	  4	  4	  4	  0	  0	  0	  0	  0	  0	  0	  0	  0	  0	  0	  0	  0	  0	  0	  0	  0	  0	  0	  0	  0	  0	  0	  0	 47	 46	 94	 49	  0	 85	  0	  0	  0	  0	  0	  0	  0	  0	  0	  0	  0	  5	17990	  0
04-06-2015	08:00:56	->	L	00000000	 21	 64	 47	 37	  0	215	  0	  4	  4	  4	  4	  4	  4	  4	  4	  0	  0	  0	  0	  0	  0	  0	  0	  0	  0	  0	  0	  0	  0	  0	  0	  0	  0	  0	  0	  0	  0	  0	  0	 52	 47	 77	 64	  0	 37	  0	  0	  0	  0	  0	  0	  0	  0	  0	  0	  0	  5	17990	  0
04-06-2015	08:05:56	->	L	00000000	 21	 67	 49	 37	  0	220	  0	  4	  4	  4	  4	  4	  4	  4	  4	  0	  0	  0	  0	  0	  0	  0	  0	  0	  0	  0	  0	  0	  0	  0	  0	  0	  0	  0	  0	  0	  0	  0	  0	 55	 49	 71	 67	  0	 37	  0	  0	  0	  0	  0	  0	  0	  0	  0	  0	  0	  5	17990	  0
04-06-2015	08:10:56	->	L	00000000	 21	 68	 49	 34	  0	225	  0	  4	  4	  4	  4	  4	  4	  4	  4	  0	  0	  0	  0	  0	  0	  0	  0	  0	  0	  0	  0	  0	  0	  0	  0	  0	  0	  0	  0	  0	  0	  0	  0	 56	 49	 68	 68	  0	 34	  0	  0	  0	  0	  0	  0	  0	  0	  0	  0	  0	  5	17990	  0
04-06-2015	08:15:56	->	L	00000000	 21	 68	 50	 37	  0	230	  0	  4	  4	  4	  4	  4	  4	  4	  4	  0	  0	  0	  0	  0	  0	  0	  0	  0	  0	  0	  0	  0	  0	  0	  0	  0	  0	  0	  0	  0	  0	  0	  0	 57	 50	 68	 68	  0	 37	  0	  0	  0	  0	  0	  0	  0	  0	  0	  0	  0	  5	17990	  0
04-06-2015	08:20:56	->	L	00000000	 21	 69	 51	 38	  0	235	  0	  4	  4	  4	  4	  4	  4	  4	  4	  0	  0	  0	  0	  0	  0	  0	  0	  0	  0	  0	  0	  0	  0	  0	  0	  0	  0	  0	  0	  0	  0	  0	  0	 57	 51	 72	 69	  0	 38	  0	  0	  0	  0	  0	  0	  0	  0	  0	  0	  0	  5	17990	  0
04-06-2015	08:25:56	->	L	00000000	 21	 69	 52	 39	  0	240	  0	  4	  4	  4	  4	  4	  4	  4	  4	  0	  0	  0	  0	  0	  0	  0	  0	  0	  0	  0	  0	  0	  0	  0	  0	  0	  0	  0	  0	  0	  0	  0	  0	 58	 52	 72	 69	  0	 39	  0	  0	  0	  0	  0	  0	  0	  0	  0	  0	  0	  5	17990	  0
04-06-2015	08:30:56	->	L	00000000	 22	 70	 52	 38	  0	  4	  0	  4	  4	  4	  4	  4	  4	  4	  4	  0	  0	  0	  0	  0	  0	  0	  0	  0	  0	  0	  0	  0	  0	  0	  0	  0	  0	  0	  0	  0	  0	  0	  0	 59	 52	 68	 70	  0	 38	  0	  0	  0	  0	  0	  0	  0	  0	  0	  0	  0	  5	21828	  0
04-06-2015	08:35:56	->	L	00000000	 22	 70	 53	 40	  0	  9	  0	  4	  4	  4	  4	  4	  4	  4	  4	  0	  0	  0	  0	  0	  0	  0	  0	  0	  0	  0	  0	  0	  0	  0	  0	  0	  0	  0	  0	  0	  0	  0	  0	 60	 53	 69	 70	  0	 40	  0	  0	  0	  0	  0	  0	  0	  0	  0	  0	  0	  5	21828	  0
04-06-2015	08:40:56	->	L	00000000	 22	 70	 53	 40	  0	 14	  0	  4	  4	  4	  4	  4	  4	  4	  4	  0	  0	  0	  0	  0	  0	  0	  0	  0	  0	  0	  0	  0	  0	  0	  0	  0	  0	  0	  0	  0	  0	  0	  0	 60	 53	 69	 70	  0	 40	  0	  0	  0	  0	  0	  0	  0	  0	  0	  0	  0	  5	21828	  0
04-06-2015	08:45:56	->	L	00000000	 22	 71	 54	 40	  0	 19	  0	  4	  4	  4	  4	  4	  4	  4	  4	  0	  0	  0	  0	  0	  0	  0	  0	  0	  0	  0	  0	  0	  0	  0	  0	  0	  0	  0	  0	  0	  0	  0	  0	 60	 54	 72	 71	  0	 40	  0	  0	  0	  0	  0	  0	  0	  0	  0	  0	  0	  5	19268	  0
04-06-2015	08:50:56	->	L	00000000	 22	 71	 54	 40	  0	 24	  0	  4	  4	  4	  4	  4	  4	  4	  4	  0	  0	  0	  0	  0	  0	  0	  0	  0	  0	  0	  0	  0	  0	  0	  0	  0	  0	  0	  0	  0	  0	  0	  0	 61	 54	 69	 71	  0	 40	  0	  0	  0	  0	  0	  0	  0	  0	  0	  0	  0	  5	19268	  0
04-06-2015	08:55:56	->	L	00000000	 22	 72	 55	 41	  0	 29	  0	  4	  4	  4	  4	  4	  4	  4	  4	  0	  0	  0	  0	  0	  0	  0	  0	  0	  0	  0	  0	  0	  0	  0	  0	  0	  0	  0	  0	  0	  0	  0	  0	 61	 55	 72	 72	  0	 41	  0	  0	  0	  0	  0	  0	  0	  0	  0	  0	  0	  5	19268	  0
04-06-2015	09:00:56	->	L	00000000	 22	 72	 55	 41	  0	 34	  0	  4	  4	  4	  4	  4	  4	  4	  4	  0	  0	  0	  0	  0	  0	  0	  0	  0	  0	  0	  0	  0	  0	  0	  0	  0	  0	  0	  0	  0	  0	  0	  0	 62	 55	 69	 72	  0	 41	  0	  0	  0	  0	  0	  0	  0	  0	  0	  0	  0	  5	19268	  0
04-06-2015	09:05:56	->	L	00000000	 22	 73	 56	 41	  0	 39	  0	  4	  4	  4	  4	  4	  4	  4	  4	  0	  0	  0	  0	  0	  0	  0	  0	  0	  0	  0	  0	  0	  0	  0	  0	  0	  0	  0	  0	  0	  0	  0	  0	 63	 56	 69	 73	  0	 41	  0	  0	  0	  0	  0	  0	  0	  0	  0	  0	  0	  5	19268	  0
04-06-2015	09:10:57	->	L	00000000	 22	 74	 56	 40	  0	 44	  0	  4	  4	  4	  4	  4	  4	  4	  4	  0	  0	  0	  0	  0	  0	  0	  0	  0	  0	  0	  0	  0	  0	  0	  0	  0	  0	  0	  0	  0	  0	  0	  0	 63	 56	 69	 74	  0	 40	  0	  0	  0	  0	  0	  0	  0	  0	  0	  0	  0	  5	19268	  0
04-06-2015	09:15:57	->	L	00000000	 22	 75	 57	 40	  0	 49	  0	  4	  4	  4	  4	  4	  4	  4	  4	  0	  0	  0	  0	  0	  0	  0	  0	  0	  0	  0	  0	  0	  0	  0	  0	  0	  0	  0	  0	  0	  0	  0	  0	 64	 57	 70	 75	  0	 40	  0	  0	  0	  0	  0	  0	  0	  0	  0	  0	  0	  5	19268	  0
04-06-2015	09:20:57	->	L	00000000	 22	 74	 57	 41	  0	 54	  0	  4	  4	  4	  4	  4	  4	  4	  4	  0	  0	  0	  0	  0	  0	  0	  0	  0	  0	  0	  0	  0	  0	  0	  0	  0	  0	  0	  0	  0	  0	  0	  0	 64	 57	 70	 74	  0	 41	  0	  0	  0	  0	  0	  0	  0	  0	  0	  0	  0	  5	19268	  0
04-06-2015	09:25:57	->	L	00000000	 22	 74	 58	 42	  0	 59	  0	  4	  4	  4	  4	  4	  4	  4	  4	  0	  0	  0	  0	  0	  0	  0	  0	  0	  0	  0	  0	  0	  0	  0	  0	  0	  0	  0	  0	  0	  0	  0	  0	 64	 58	 73	 74	  0	 45	  0	  0	  0	  0	  0	  0	  0	  0	  0	  0	  0	  5	19268	  0
04-06-2015	09:30:57	->	L	00000000	 22	 74	 58	 45	  0	 64	  0	  4	  4	  4	  4	  4	  4	  4	  4	  0	  0	  0	  0	  0	  0	  0	  0	  0	  0	  0	  0	  0	  0	  0	  0	  0	  0	  0	  0	  0	  0	  0	  0	 61	 58	 86	 74	  0	 45	  0	  0	  0	  0	  0	  0	  0	  0	  0	  0	  0	  5	19268	  0
04-06-2015	09:35:57	->	L	00000000	 22	 72	 58	 47	  0	 69	  0	  4	  4	  4	  4	  4	  4	  4	  4	  0	  0	  0	  0	  0	  0	  0	  0	  0	  0	  0	  0	  0	  0	  0	  0	  0	  0	  0	  0	  0	  0	  0	  0	 64	 58	 73	 72	  0	 49	  0	  0	  0	  0	  0	  0	  0	  0	  0	  0	  0	  5	19268	  0
04-06-2015	09:40:57	->	L	00000000	 22	 72	 58	 49	  0	 74	  0	  4	  4	  4	  4	  4	  4	  4	  4	  0	  0	  0	  0	  0	  0	  0	  0	  0	  0	  0	  0	  0	  0	  0	  0	  0	  0	  0	  0	  0	  0	  0	  0	 64	 58	 73	 72	  0	 49	  0	  0	  0	  0	  0	  0	  0	  0	  0	  0	  0	  5	19268	  0
04-06-2015	09:45:57	->	L	00000000	 22	 74	 59	 47	  0	 79	  0	  4	  4	  4	  4	  4	  4	  4	  4	  0	  0	  0	  0	  0	  0	  0	  0	  0	  0	  0	  0	  0	  0	  0	  0	  0	  0	  0	  0	  0	  0	  0	  0	 65	 59	 73	 74	  0	 47	  0	  0	  0	  0	  0	  0	  0	  0	  0	  0	  0	  5	19268	  0
04-06-2015	09:50:57	->	L	00000000	 22	 75	 59	 45	  0	 84	  0	  4	  4	  4	  4	  4	  4	  4	  4	  0	  0	  0	  0	  0	  0	  0	  0	  0	  0	  0	  0	  0	  0	  0	  0	  0	  0	  0	  0	  0	  0	  0	  0	 63	 59	 81	 75	  0	 45	  0	  0	  0	  0	  0	  0	  0	  0	  0	  0	  0	  5	19268	  0
04-06-2015	09:55:57	->	L	00000000	 22	 76	 59	 45	  0	 89	  0	  4	  4	  4	  4	  4	  4	  4	  4	  0	  0	  0	  0	  0	  0	  0	  0	  0	  0	  0	  0	  0	  0	  0	  0	  0	  0	  0	  0	  0	  0	  0	  0	 66	 59	 70	 76	  0	 42	  0	  0	  0	  0	  0	  0	  0	  0	  0	  0	  0	  5	19268	  0
04-06-2015	10:00:57	->	L	00000000	 22	 74	 60	 48	  0	 94	  0	  4	  4	  4	  4	  4	  4	  4	  4	  0	  0	  0	  0	  0	  0	  0	  0	  0	  0	  0	  0	  0	  0	  0	  0	  0	  0	  0	  0	  0	  0	  0	  0	 65	 60	 79	 74	  0	 49	  0	  0	  0	  0	  0	  0	  0	  0	  0	  0	  0	  5	19268	  0
04-06-2015	10:05:57	->	L	00000000	 22	 73	 60	 52	  0	 99	  0	  4	  4	  4	  4	  4	  4	  4	  4	  0	  0	  0	  0	  0	  0	  0	  0	  0	  0	  0	  0	  0	  0	  0	  0	  0	  0	  0	  0	  0	  0	  0	  0	 65	 60	 79	 73	  0	 52	  0	  0	  0	  0	  0	  0	  0	  0	  0	  0	  0	  5	19268	  0
04-06-2015	10:10:58	->	L	00000000	 22	 70	 60	 57	  0	104	  0	  4	  4	  4	  4	  4	  4	  4	  4	  0	  0	  0	  0	  0	  0	  0	  0	  0	  0	  0	  0	  0	  0	  0	  0	  0	  0	  0	  0	  0	  0	  0	  0	 64	 60	 81	 70	  0	 60	  0	  0	  0	  0	  0	  0	  0	  0	  0	  0	  0	  5	17988	  0
04-06-2015	10:15:58	->	L	00000000	 22	 69	 60	 67	  0	109	  0	  4	  4	  4	  4	  4	  4	  4	  4	  0	  0	  0	  0	  0	  0	  0	  0	  0	  0	  0	  0	  0	  0	  0	  0	  0	  0	  0	  0	  0	  0	  0	  0	 64	 60	 81	 69	  0	 64	  0	  0	  0	  0	  0	  0	  0	  0	  0	  0	  0	  5	17988	  0
04-06-2015	10:20:58	->	L	00000000	 22	 71	 60	 57	  0	114	  0	  4	  4	  4	  4	  4	  4	  4	  4	  0	  0	  0	  0	  0	  0	  0	  0	  0	  0	  0	  0	  0	  0	  0	  0	  0	  0	  0	  0	  0	  0	  0	  0	 64	 60	 81	 71	  0	 57	  0	  0	  0	  0	  0	  0	  0	  0	  0	  0	  0	  5	17988	  0
04-06-2015	10:25:58	->	L	00000000	 22	 72	 60	 55	  0	119	  0	  4	  4	  4	  4	  4	  4	  4	  4	  0	  0	  0	  0	  0	  0	  0	  0	  0	  0	  0	  0	  0	  0	  0	  0	  0	  0	  0	  0	  0	  0	  0	  0	 63	 60	 86	 72	  0	 55	  0	  0	  0	  0	  0	  0	  0	  0	  0	  0	  0	  5	17988	  0
04-06-2015	10:30:58	->	L	00000000	 22	 69	 60	 64	  0	124	  0	  4	  4	  4	  4	  4	  4	  4	  4	  0	  0	  0	  0	  0	  0	  0	  0	  0	  0	  0	  0	  0	  0	  0	  0	  0	  0	  0	  0	  0	  0	  0	  0	 63	 60	 86	 69	  0	 64	  0	  0	  0	  0	  0	  0	  0	  0	  0	  0	  0	  5	17988	  0
04-06-2015	10:35:58	<-	L	00000000	 22	 66	 61	 79	  0	129	  0	  4	  4	  4	  4	  4	  4	  4	  4	  0	  0	  0	  0	  0	  0	  0	  0	  0	  0	  0	  0	  0	  0	  0	  0	  0	  0	  0	  0	  0	  0	  0	  0	 66	 61	 79	 66	  0	 79	  0	  0	  0	  0	  0	  0	  0	  0	  0	  0	  0	  5	17988	  0
04-06-2015	10:40:58	<-	L	00000000	 22	 71	 62	 64	  0	134	  0	  4	  4	  4	  4	  4	  4	  4	  4	  0	  0	  0	  0	  0	  0	  0	  0	  0	  0	  0	  0	  0	  0	  0	  0	  0	  0	  0	  0	  0	  0	  0	  0	 71	 62	 64	 66	  0	 82	  0	  0	  0	  0	  0	  0	  0	  0	  0	  0	  0	  5	17988	  0
04-06-2015	10:45:58	<-	L	00000000	 22	 66	 61	 71	  0	139	  0	  4	  4	  4	  4	  4	  4	  4	  4	  0	  0	  0	  0	  0	  0	  0	  0	  0	  0	  0	  0	  0	  0	  0	  0	  0	  0	  0	  0	  0	  0	  0	  0	 66	 61	 79	 65	  0	 81	  0	  0	  0	  0	  0	  0	  0	  0	  0	  0	  0	  5	17988	  0
04-06-2015	10:50:58	<-	L	00000000	 22	 69	 62	 74	  0	144	  0	  4	  4	  4	  4	  4	  4	  4	  4	  0	  0	  0	  0	  0	  0	  0	  0	  0	  0	  0	  0	  0	  0	  0	  0	  0	  0	  0	  0	  0	  0	  0	  0	 69	 62	 71	 67	  0	 79	  0	  0	  0	  0	  0	  0	  0	  0	  0	  0	  0	  5	17984	  0
04-06-2015	10:55:58	<-	L	00000000	 22	 75	 62	 56	  0	149	  0	  4	  4	  4	  4	  4	  4	  4	  4	  0	  0	  0	  0	  0	  0	  0	  0	  0	  0	  0	  0	  0	  0	  0	  0	  0	  0	  0	  0	  0	  0	  0	  0	 75	 62	 53	 68	  0	 74	  0	  0	  0	  0	  0	  0	  0	  0	  0	  0	  0	  5	19264	  0
04-06-2015	11:00:59	<-	L	00000000	 22	 75	 62	 53	  0	154	  0	  4	  4	  4	  4	  4	  4	  4	  4	  0	  0	  0	  0	  0	  0	  0	  0	  0	  0	  0	  0	  0	  0	  0	  0	  0	  0	  0	  0	  0	  0	  0	  0	 75	 62	 53	 68	  0	 74	  0	  0	  0	  0	  0	  0	  0	  0	  0	  0	  0	  5	19264	  0
04-06-2015	11:05:58	<-	L	00000000	 22	 72	 60	 55	  0	159	  0	  4	  4	  4	  4	  4	  4	  4	  4	  0	  0	  0	  0	  0	  0	  0	  0	  0	  0	  0	  0	  0	  0	  0	  0	  0	  0	  0	  0	  0	  0	  0	  0	 72	 60	 55	 66	  0	 73	  0	  0	  0	  0	  0	  0	  0	  0	  0	  0	  0	  5	19255	  0
04-06-2015	11:10:59	<-	L	00000000	 22	 73	 59	 49	  0	164	  0	  4	  4	  4	  4	  4	  4	  4	  4	  0	  0	  0	  0	  0	  0	  0	  0	  0	  0	  0	  0	  0	  0	  0	  0	  0	  0	  0	  0	  0	  0	  0	  0	 73	 59	 49	 66	  0	 70	  0	  0	  0	  0	  0	  0	  0	  0	  0	  0	  0	  5	19255	  0
04-06-2015	11:15:59	<-	L	00000000	 22	 74	 59	 47	  0	169	  0	  4	  4	  4	  4	  4	  4	  4	  4	  0	  0	  0	  0	  0	  0	  0	  0	  0	  0	  0	  0	  0	  0	  0	  0	  0	  0	  0	  0	  0	  0	  0	  0	 74	 59	 47	 66	  0	 70	  0	  0	  0	  0	  0	  0	  0	  0	  0	  0	  0	  5	19255	  0
04-06-2015	11:20:59	<-	L	00000000	 22	 74	 58	 45	  0	174	  0	  4	  4	  4	  4	  4	  4	  4	  4	  0	  0	  0	  0	  0	  0	  0	  0	  0	  0	  0	  0	  0	  0	  0	  0	  0	  0	  0	  0	  0	  0	  0	  0	 74	 58	 45	 66	  0	 66	  0	  0	  0	  0	  0	  0	  0	  0	  0	  0	  0	  5	19255	  0
04-06-2015	11:25:59	<-	L	00000000	 22	 74	 58	 45	  0	179	  0	  4	  4	  4	  4	  4	  4	  4	  4	  0	  0	  0	  0	  0	  0	  0	  0	  0	  0	  0	  0	  0	  0	  0	  0	  0	  0	  0	  0	  0	  0	  0	  0	 74	 58	 45	 66	  0	 66	  0	  0	  0	  0	  0	  0	  0	  0	  0	  0	  0	  5	19255	  0
04-06-2015	11:30:59	<-	L	00000000	 22	 73	 57	 44	  0	184	  0	  4	  4	  4	  4	  4	  4	  4	  4	  0	  0	  0	  0	  0	  0	  0	  0	  0	  0	  0	  0	  0	  0	  0	  0	  0	  0	  0	  0	  0	  0	  0	  0	 73	 57	 44	 65	  0	 66	  0	  0	  0	  0	  0	  0	  0	  0	  0	  0	  0	  5	19255	  0
04-06-2015	11:35:59	<-	L	00000000	 22	 74	 57	 41	  0	189	  0	  4	  4	  4	  4	  4	  4	  4	  4	  0	  0	  0	  0	  0	  0	  0	  0	  0	  0	  0	  0	  0	  0	  0	  0	  0	  0	  0	  0	  0	  0	  0	  0	 74	 57	 41	 65	  0	 66	  0	  0	  0	  0	  0	  0	  0	  0	  0	  0	  0	  5	19255	  0
04-06-2015	11:40:59	<-	L	00000000	 22	 73	 57	 44	  0	194	  0	  4	  4	  4	  4	  4	  4	  4	  4	  0	  0	  0	  0	  0	  0	  0	  0	  0	  0	  0	  0	  0	  0	  0	  0	  0	  0	  0	  0	  0	  0	  0	  0	 73	 57	 44	 65	  0	 66	  0	  0	  0	  0	  0	  0	  0	  0	  0	  0	  0	  5	19255	  0
04-06-2015	11:45:59	<-	L	00000000	 22	 73	 57	 44	  0	199	  0	  4	  4	  4	  4	  4	  4	  4	  4	  0	  0	  0	  0	  0	  0	  0	  0	  0	  0	  0	  0	  0	  0	  0	  0	  0	  0	  0	  0	  0	  0	  0	  0	 73	 57	 44	 64	  0	 70	  0	  0	  0	  0	  0	  0	  0	  0	  0	  0	  0	  5	19255	  0
04-06-2015	11:50:59	<-	L	00000000	 22	 73	 56	 41	  0	204	  0	  4	  4	  4	  4	  4	  4	  4	  4	  0	  0	  0	  0	  0	  0	  0	  0	  0	  0	  0	  0	  0	  0	  0	  0	  0	  0	  0	  0	  0	  0	  0	  0	 73	 56	 41	 64	  0	 66	  0	  0	  0	  0	  0	  0	  0	  0	  0	  0	  0	  5	19255	  0
04-06-2015	11:55:59	<-	L	00000000	 22	 72	 56	 44	  0	209	  0	  4	  4	  4	  4	  4	  4	  4	  4	  0	  0	  0	  0	  0	  0	  0	  0	  0	  0	  0	  0	  0	  0	  0	  0	  0	  0	  0	  0	  0	  0	  0	  0	 72	 56	 44	 64	  0	 66	  0	  0	  0	  0	  0	  0	  0	  0	  0	  0	  0	  5	19255	  0
04-06-2015	12:00:59	<-	L	00000000	 22	 72	 56	 44	  0	214	  0	  4	  4	  4	  4	  4	  4	  4	  4	  0	  0	  0	  0	  0	  0	  0	  0	  0	  0	  0	  0	  0	  0	  0	  0	  0	  0	  0	  0	  0	  0	  0	  0	 72	 56	 44	 64	  0	 66	  0	  0	  0	  0	  0	  0	  0	  0	  0	  0	  0	  5	19255	  0
04-06-2015	12:05:59	<-	L	00000000	 22	 71	 55	 43	  0	219	  0	  4	  4	  4	  4	  4	  4	  4	  4	  0	  0	  0	  0	  0	  0	  0	  0	  0	  0	  0	  0	  0	  0	  0	  0	  0	  0	  0	  0	  0	  0	  0	  0	 71	 55	 43	 63	  0	 66	  0	  0	  0	  0	  0	  0	  0	  0	  0	  0	  0	  5	19255	  0
04-06-2015	12:11:00	<-	L	00000000	 22	 71	 55	 43	  0	224	  0	  4	  4	  4	  4	  4	  4	  4	  4	  0	  0	  0	  0	  0	  0	  0	  0	  0	  0	  0	  0	  0	  0	  0	  0	  0	  0	  0	  0	  0	  0	  0	  0	 71	 55	 43	 63	  0	 66	  0	  0	  0	  0	  0	  0	  0	  0	  0	  0	  0	  5	19255	  0
04-06-2015	12:16:00	<-	L	00000000	 22	 71	 55	 43	  0	229	  0	  4	  4	  4	  4	  4	  4	  4	  4	  0	  0	  0	  0	  0	  0	  0	  0	  0	  0	  0	  0	  0	  0	  0	  0	  0	  0	  0	  0	  0	  0	  0	  0	 71	 55	 43	 63	  0	 66	  0	  0	  0	  0	  0	  0	  0	  0	  0	  0	  0	  5	19255	  0
04-06-2015	12:21:01	<-	L	00000000	 22	 71	 55	 43	  0	234	  0	  4	  4	  4	  4	  4	  4	  4	  4	  0	  0	  0	  0	  0	  0	  0	  0	  0	  0	  0	  0	  0	  0	  0	  0	  0	  0	  0	  0	  0	  0	  0	  0	 71	 55	 43	 63	  0	 66	  0	  0	  0	  0	  0	  0	  0	  0	  0	  0	  0	  5	19255	  0
04-06-2015	12:26:00	<-	L	00000000	 22	 71	 55	 43	  0	239	  0	  4	  4	  4	  4	  4	  4	  4	  4	  0	  0	  0	  0	  0	  0	  0	  0	  0	  0	  0	  0	  0	  0	  0	  0	  0	  0	  0	  0	  0	  0	  0	  0	 71	 55	 43	 63	  0	 66	  0	  0	  0	  0	  0	  0	  0	  0	  0	  0	  0	  5	19255	  0
04-06-2015	12:31:00	<-	L	00000000	 23	 71	 55	 43	  0	  3	  0	  4	  4	  4	  4	  4	  4	  4	  4	  0	  0	  0	  0	  0	  0	  0	  0	  0	  0	  0	  0	  0	  0	  0	  0	  0	  0	  0	  0	  0	  0	  0	  0	 71	 55	 43	 62	  0	 69	  0	  0	  0	  0	  0	  0	  0	  0	  0	  0	  0	  5	19255	  0
04-06-2015	12:36:00	<-	L	00000000	 23	 71	 55	 43	  0	  8	  0	  4	  4	  4	  4	  4	  4	  4	  4	  0	  0	  0	  0	  0	  0	  0	  0	  0	  0	  0	  0	  0	  0	  0	  0	  0	  0	  0	  0	  0	  0	  0	  0	 71	 55	 43	 63	  0	 66	  0	  0	  0	  0	  0	  0	  0	  0	  0	  0	  0	  5	19255	  0
04-06-2015	12:41:00	<-	L	00000000	 23	 70	 54	 43	  0	 13	  0	  4	  4	  4	  4	  4	  4	  4	  4	  0	  0	  0	  0	  0	  0	  0	  0	  0	  0	  0	  0	  0	  0	  0	  0	  0	  0	  0	  0	  0	  0	  0	  0	 70	 54	 43	 63	  0	 62	  0	  0	  0	  0	  0	  0	  0	  0	  0	  0	  0	  5	19255	  0
04-06-2015	12:46:00	<-	L	00000000	 23	 68	 54	 47	  0	 18	  0	  4	  4	  4	  4	  4	  4	  4	  4	  0	  0	  0	  0	  0	  0	  0	  0	  0	  0	  0	  0	  0	  0	  0	  0	  0	  0	  0	  0	  0	  0	  0	  0	 68	 54	 47	 63	  0	 62	  0	  0	  0	  0	  0	  0	  0	  0	  0	  0	  0	  5	19255	  0
04-06-2015	12:51:00	<-	L	00000000	 23	 67	 55	 53	  0	 23	  0	  4	  4	  4	  4	  4	  4	  4	  4	  0	  0	  0	  0	  0	  0	  0	  0	  0	  0	  0	  0	  0	  0	  0	  0	  0	  0	  0	  0	  0	  0	  0	  0	 67	 55	 53	 63	  0	 66	  0	  0	  0	  0	  0	  0	  0	  0	  0	  0	  0	  5	19255	  0
04-06-2015	12:56:00	<-	L	00000000	 23	 66	 55	 56	  0	 28	  0	  4	  4	  4	  4	  4	  4	  4	  4	  0	  0	  0	  0	  0	  0	  0	  0	  0	  0	  0	  0	  0	  0	  0	  0	  0	  0	  0	  0	  0	  0	  0	  0	 66	 55	 56	 63	  0	 66	  0	  0	  0	  0	  0	  0	  0	  0	  0	  0	  0	  5	19255	  0
04-06-2015	13:01:01	<-	L	00000000	 23	 66	 55	 56	  0	 33	  0	  4	  4	  4	  4	  4	  4	  4	  4	  0	  0	  0	  0	  0	  0	  0	  0	  0	  0	  0	  0	  0	  0	  0	  0	  0	  0	  0	  0	  0	  0	  0	  0	 66	 55	 56	 63	  0	 66	  0	  0	  0	  0	  0	  0	  0	  0	  0	  0	  0	  5	19255	  0
04-06-2015	13:06:00	<-	L	00000000	 23	 65	 55	 59	  0	 38	  0	  4	  4	  4	  4	  4	  4	  4	  4	  0	  0	  0	  0	  0	  0	  0	  0	  0	  0	  0	  0	  0	  0	  0	  0	  0	  0	  0	  0	  0	  0	  0	  0	 65	 55	 59	 63	  0	 66	  0	  0	  0	  0	  0	  0	  0	  0	  0	  0	  0	  5	19255	  0
04-06-2015	13:11:00	<-	L	00000000	 23	 65	 55	 59	  0	 43	  0	  4	  4	  4	  4	  4	  4	  4	  4	  0	  0	  0	  0	  0	  0	  0	  0	  0	  0	  0	  0	  0	  0	  0	  0	  0	  0	  0	  0	  0	  0	  0	  0	 65	 55	 59	 62	  0	 69	  0	  0	  0	  0	  0	  0	  0	  0	  0	  0	  0	  5	19255	  0
04-06-2015	13:16:01	<-	L	00000000	 23	 65	 55	 59	  0	 48	  0	  4	  4	  4	  4	  4	  4	  4	  4	  0	  0	  0	  0	  0	  0	  0	  0	  0	  0	  0	  0	  0	  0	  0	  0	  0	  0	  0	  0	  0	  0	  0	  0	 65	 55	 59	 62	  0	 69	  0	  0	  0	  0	  0	  0	  0	  0	  0	  0	  0	  5	19255	  0
04-06-2015	13:21:01	<-	L	00000000	 23	 65	 55	 59	  0	 53	  0	  4	  4	  4	  4	  4	  4	  4	  4	  0	  0	  0	  0	  0	  0	  0	  0	  0	  0	  0	  0	  0	  0	  0	  0	  0	  0	  0	  0	  0	  0	  0	  0	 65	 55	 59	 63	  0	 66	  0	  0	  0	  0	  0	  0	  0	  0	  0	  0	  0	  5	19255	  0
04-06-2015	13:26:01	<-	L	00000000	 23	 66	 55	 56	  0	 58	  0	  4	  4	  4	  4	  4	  4	  4	  4	  0	  0	  0	  0	  0	  0	  0	  0	  0	  0	  0	  0	  0	  0	  0	  0	  0	  0	  0	  0	  0	  0	  0	  0	 66	 55	 56	 63	  0	 66	  0	  0	  0	  0	  0	  0	  0	  0	  0	  0	  0	  5	19255	  0
04-06-2015	13:31:01	<-	L	00000000	 23	 66	 55	 56	  0	 63	  0	  4	  4	  4	  4	  4	  4	  4	  4	  0	  0	  0	  0	  0	  0	  0	  0	  0	  0	  0	  0	  0	  0	  0	  0	  0	  0	  0	  0	  0	  0	  0	  0	 66	 55	 56	 63	  0	 66	  0	  0	  0	  0	  0	  0	  0	  0	  0	  0	  0	  5	19255	  0
04-06-2015	13:36:01	->	L	00000000	 23	 64	 55	 62	  0	 68	  0	  4	  4	  4	  4	  4	  4	  4	  4	  0	  0	  0	  0	  0	  0	  0	  0	  0	  0	  0	  0	  0	  0	  0	  0	  0	  0	  0	  0	  0	  0	  0	  0	 64	 55	 62	 63	  0	 66	  0	  0	  0	  0	  0	  0	  0	  0	  0	  0	  0	  5	19255	  0
04-06-2015	13:41:01	->	L	00000000	 23	 66	 54	 53	  0	 73	  0	  4	  4	  4	  4	  4	  4	  4	  4	  0	  0	  0	  0	  0	  0	  0	  0	  0	  0	  0	  0	  0	  0	  0	  0	  0	  0	  0	  0	  0	  0	  0	  0	 62	 54	 65	 66	  0	 53	  0	  0	  0	  0	  0	  0	  0	  0	  0	  0	  0	  5	19255	  0
04-06-2015	13:46:01	->	L	00000000	 23	 67	 54	 50	  0	 78	  0	  4	  4	  4	  4	  4	  4	  4	  4	  0	  0	  0	  0	  0	  0	  0	  0	  0	  0	  0	  0	  0	  0	  0	  0	  0	  0	  0	  0	  0	  0	  0	  0	 61	 54	 69	 67	  0	 50	  0	  0	  0	  0	  0	  0	  0	  0	  0	  0	  0	  5	19255	  0
04-06-2015	13:51:01	->	L	00000000	 23	 67	 55	 53	  0	 83	  0	  4	  4	  4	  4	  4	  4	  4	  4	  0	  0	  0	  0	  0	  0	  0	  0	  0	  0	  0	  0	  0	  0	  0	  0	  0	  0	  0	  0	  0	  0	  0	  0	 62	 55	 69	 67	  0	 53	  0	  0	  0	  0	  0	  0	  0	  0	  0	  0	  0	  5	19255	  0
04-06-2015	13:56:02	->	L	00000000	 23	 67	 55	 53	  0	 88	  0	  4	  4	  4	  4	  4	  4	  4	  4	  0	  0	  0	  0	  0	  0	  0	  0	  0	  0	  0	  0	  0	  0	  0	  0	  0	  0	  0	  0	  0	  0	  0	  0	 62	 55	 69	 67	  0	 53	  0	  0	  0	  0	  0	  0	  0	  0	  0	  0	  0	  5	19255	  0
04-06-2015	14:01:02	->	L	00000000	 23	 68	 55	 50	  0	 93	  0	  4	  4	  4	  4	  4	  4	  4	  4	  0	  0	  0	  0	  0	  0	  0	  0	  0	  0	  0	  0	  0	  0	  0	  0	  0	  0	  0	  0	  0	  0	  0	  0	 63	 55	 66	 68	  0	 50	  0	  0	  0	  0	  0	  0	  0	  0	  0	  0	  0	  5	19255	  0
04-06-2015	14:06:01	->	L	00000000	 23	 68	 55	 50	  0	 98	  0	  4	  4	  4	  4	  4	  4	  4	  4	  0	  0	  0	  0	  0	  0	  0	  0	  0	  0	  0	  0	  0	  0	  0	  0	  0	  0	  0	  0	  0	  0	  0	  0	 62	 55	 69	 68	  0	 50	  0	  0	  0	  0	  0	  0	  0	  0	  0	  0	  0	  5	19255	  0
04-06-2015	14:11:01	->	L	00000000	 23	 68	 55	 50	  0	103	  0	  4	  4	  4	  4	  4	  4	  4	  4	  0	  0	  0	  0	  0	  0	  0	  0	  0	  0	  0	  0	  0	  0	  0	  0	  0	  0	  0	  0	  0	  0	  0	  0	 63	 55	 66	 68	  0	 50	  0	  0	  0	  0	  0	  0	  0	  0	  0	  0	  0	  5	19255	  0
04-06-2015	14:16:01	->	L	00000000	 23	 67	 55	 53	  0	108	  0	  4	  4	  4	  4	  4	  4	  4	  4	  0	  0	  0	  0	  0	  0	  0	  0	  0	  0	  0	  0	  0	  0	  0	  0	  0	  0	  0	  0	  0	  0	  0	  0	 62	 55	 69	 67	  0	 53	  0	  0	  0	  0	  0	  0	  0	  0	  0	  0	  0	  5	19255	  0
04-06-2015	14:21:01	->	L	00000000	 23	 67	 55	 53	  0	113	  0	  4	  4	  4	  4	  4	  4	  4	  4	  0	  0	  0	  0	  0	  0	  0	  0	  0	  0	  0	  0	  0	  0	  0	  0	  0	  0	  0	  0	  0	  0	  0	  0	 62	 55	 69	 67	  0	 53	  0	  0	  0	  0	  0	  0	  0	  0	  0	  0	  0	  5	19255	  0
04-06-2015	14:26:02	->	L	00000000	 23	 67	 55	 53	  0	118	  0	  4	  4	  4	  4	  4	  4	  4	  4	  0	  0	  0	  0	  0	  0	  0	  0	  0	  0	  0	  0	  0	  0	  0	  0	  0	  0	  0	  0	  0	  0	  0	  0	 62	 55	 69	 67	  0	 53	  0	  0	  0	  0	  0	  0	  0	  0	  0	  0	  0	  5	19255	  0
04-06-2015	14:31:02	->	L	00000000	 23	 68	 56	 54	  0	123	  0	  4	  4	  4	  4	  4	  4	  4	  4	  0	  0	  0	  0	  0	  0	  0	  0	  0	  0	  0	  0	  0	  0	  0	  0	  0	  0	  0	  0	  0	  0	  0	  0	 62	 56	 73	 68	  0	 54	  0	  0	  0	  0	  0	  0	  0	  0	  0	  0	  0	  5	19265	  0
04-06-2015	14:36:02	->	L	00000000	 23	 68	 56	 54	  0	128	  0	  4	  4	  4	  4	  4	  4	  4	  4	  0	  0	  0	  0	  0	  0	  0	  0	  0	  0	  0	  0	  0	  0	  0	  0	  0	  0	  0	  0	  0	  0	  0	  0	 63	 56	 69	 68	  0	 54	  0	  0	  0	  0	  0	  0	  0	  0	  0	  0	  0	  5	19265	  0
04-06-2015	14:41:02	->	L	00000000	 23	 68	 57	 57	  0	133	  0	  4	  4	  4	  4	  4	  4	  4	  4	  0	  0	  0	  0	  0	  0	  0	  0	  0	  0	  0	  0	  0	  0	  0	  0	  0	  0	  0	  0	  0	  0	  0	  0	 62	 57	 78	 68	  0	 57	  0	  0	  0	  0	  0	  0	  0	  0	  0	  0	  0	  5	19265	  0
04-06-2015	14:46:02	->	L	00000000	 23	 68	 57	 57	  0	138	  0	  4	  4	  4	  4	  4	  4	  4	  4	  0	  0	  0	  0	  0	  0	  0	  0	  0	  0	  0	  0	  0	  0	  0	  0	  0	  0	  0	  0	  0	  0	  0	  0	 63	 57	 73	 68	  0	 57	  0	  0	  0	  0	  0	  0	  0	  0	  0	  0	  0	  5	19265	  0
04-06-2015	14:51:02	->	L	00000000	 23	 69	 57	 54	  0	143	  0	  4	  4	  4	  4	  4	  4	  4	  4	  0	  0	  0	  0	  0	  0	  0	  0	  0	  0	  0	  0	  0	  0	  0	  0	  0	  0	  0	  0	  0	  0	  0	  0	 64	 57	 70	 69	  0	 54	  0	  0	  0	  0	  0	  0	  0	  0	  0	  0	  0	  5	19265	  0
04-06-2015	14:56:02	->	L	00000000	 23	 69	 57	 54	  0	148	  0	  4	  4	  4	  4	  4	  4	  4	  4	  0	  0	  0	  0	  0	  0	  0	  0	  0	  0	  0	  0	  0	  0	  0	  0	  0	  0	  0	  0	  0	  0	  0	  0	 64	 57	 70	 69	  0	 54	  0	  0	  0	  0	  0	  0	  0	  0	  0	  0	  0	  5	19265	  0
04-06-2015	15:01:02	->	L	00000000	 23	 70	 58	 54	  0	153	  0	  4	  4	  4	  4	  4	  4	  4	  4	  0	  0	  0	  0	  0	  0	  0	  0	  0	  0	  0	  0	  0	  0	  0	  0	  0	  0	  0	  0	  0	  0	  0	  0	 64	 58	 73	 70	  0	 54	  0	  0	  0	  0	  0	  0	  0	  0	  0	  0	  0	  5	19265	  0
04-06-2015	15:06:02	->	L	00000000	 23	 70	 58	 54	  0	158	  0	  4	  4	  4	  4	  4	  4	  4	  4	  0	  0	  0	  0	  0	  0	  0	  0	  0	  0	  0	  0	  0	  0	  0	  0	  0	  0	  0	  0	  0	  0	  0	  0	 65	 58	 70	 70	  0	 54	  0	  0	  0	  0	  0	  0	  0	  0	  0	  0	  0	  5	19265	  0
04-06-2015	15:11:02	->	L	00000000	 23	 70	 58	 54	  0	163	  0	  4	  4	  4	  4	  4	  4	  4	  4	  0	  0	  0	  0	  0	  0	  0	  0	  0	  0	  0	  0	  0	  0	  0	  0	  0	  0	  0	  0	  0	  0	  0	  0	 65	 58	 70	 70	  0	 54	  0	  0	  0	  0	  0	  0	  0	  0	  0	  0	  0	  5	19265	  0
04-06-2015	15:16:02	->	L	00000000	 23	 71	 59	 55	  0	168	  0	  4	  4	  4	  4	  4	  4	  4	  4	  0	  0	  0	  0	  0	  0	  0	  0	  0	  0	  0	  0	  0	  0	  0	  0	  0	  0	  0	  0	  0	  0	  0	  0	 65	 59	 73	 71	  0	 55	  0	  0	  0	  0	  0	  0	  0	  0	  0	  0	  0	  5	19265	  0
04-06-2015	15:21:03	->	L	00000000	 23	 71	 59	 55	  0	173	  0	  4	  4	  4	  4	  4	  4	  4	  4	  0	  0	  0	  0	  0	  0	  0	  0	  0	  0	  0	  0	  0	  0	  0	  0	  0	  0	  0	  0	  0	  0	  0	  0	 65	 59	 73	 71	  0	 55	  0	  0	  0	  0	  0	  0	  0	  0	  0	  0	  0	  5	19265	  0
04-06-2015	15:26:03	->	L	00000000	 23	 71	 59	 55	  0	178	  0	  4	  4	  4	  4	  4	  4	  4	  4	  0	  0	  0	  0	  0	  0	  0	  0	  0	  0	  0	  0	  0	  0	  0	  0	  0	  0	  0	  0	  0	  0	  0	  0	 66	 59	 70	 71	  0	 55	  0	  0	  0	  0	  0	  0	  0	  0	  0	  0	  0	  5	19265	  0
04-06-2015	15:31:02	->	L	00000000	 23	 72	 59	 51	  0	183	  0	  4	  4	  4	  4	  4	  4	  4	  4	  0	  0	  0	  0	  0	  0	  0	  0	  0	  0	  0	  0	  0	  0	  0	  0	  0	  0	  0	  0	  0	  0	  0	  0	 63	 59	 81	 72	  0	 51	  0	  0	  0	  0	  0	  0	  0	  0	  0	  0	  0	  5	19265	  0
04-06-2015	15:36:03	->	L	00000000	 23	 72	 60	 55	  0	188	  0	  4	  4	  4	  4	  4	  4	  4	  4	  0	  0	  0	  0	  0	  0	  0	  0	  0	  0	  0	  0	  0	  0	  0	  0	  0	  0	  0	  0	  0	  0	  0	  0	 66	 60	 73	 72	  0	 55	  0	  0	  0	  0	  0	  0	  0	  0	  0	  0	  0	  5	19265	  0
04-06-2015	15:41:03	->	L	00000000	 23	 72	 60	 55	  0	193	  0	  4	  4	  4	  4	  4	  4	  4	  4	  0	  0	  0	  0	  0	  0	  0	  0	  0	  0	  0	  0	  0	  0	  0	  0	  0	  0	  0	  0	  0	  0	  0	  0	 67	 60	 70	 72	  0	 55	  0	  0	  0	  0	  0	  0	  0	  0	  0	  0	  0	  5	19265	  0
04-06-2015	15:46:03	->	L	00000000	 23	 72	 60	 55	  0	198	  0	  4	  4	  4	  4	  4	  4	  4	  4	  0	  0	  0	  0	  0	  0	  0	  0	  0	  0	  0	  0	  0	  0	  0	  0	  0	  0	  0	  0	  0	  0	  0	  0	 67	 60	 70	 72	  0	 55	  0	  0	  0	  0	  0	  0	  0	  0	  0	  0	  0	  5	19265	  0
04-06-2015	15:51:03	->	L	00000000	 23	 72	 60	 55	  0	203	  0	  4	  4	  4	  4	  4	  4	  4	  4	  0	  0	  0	  0	  0	  0	  0	  0	  0	  0	  0	  0	  0	  0	  0	  0	  0	  0	  0	  0	  0	  0	  0	  0	 66	 60	 73	 72	  0	 55	  0	  0	  0	  0	  0	  0	  0	  0	  0	  0	  0	  5	19260	  0
04-06-2015	15:56:03	->	L	00000000	 23	 72	 60	 55	  0	208	  0	  4	  4	  4	  4	  4	  4	  4	  4	  0	  0	  0	  0	  0	  0	  0	  0	  0	  0	  0	  0	  0	  0	  0	  0	  0	  0	  0	  0	  0	  0	  0	  0	 66	 60	 73	 72	  0	 55	  0	  0	  0	  0	  0	  0	  0	  0	  0	  0	  0	  5	19260	  0
04-06-2015	16:01:03	->	L	00000000	 23	 71	 60	 57	  0	213	  0	  4	  4	  4	  4	  4	  4	  4	  4	  0	  0	  0	  0	  0	  0	  0	  0	  0	  0	  0	  0	  0	  0	  0	  0	  0	  0	  0	  0	  0	  0	  0	  0	 66	 60	 73	 71	  0	 57	  0	  0	  0	  0	  0	  0	  0	  0	  0	  0	  0	  5	19260	  0
04-06-2015	16:06:03	->	L	00000000	 23	 71	 60	 57	  0	218	  0	  4	  4	  4	  4	  4	  4	  4	  4	  0	  0	  0	  0	  0	  0	  0	  0	  0	  0	  0	  0	  0	  0	  0	  0	  0	  0	  0	  0	  0	  0	  0	  0	 66	 60	 73	 71	  0	 57	  0	  0	  0	  0	  0	  0	  0	  0	  0	  0	  0	  5	19260	  0
04-06-2015	16:11:03	->	L	00000000	 23	 71	 60	 57	  0	223	  0	  4	  4	  4	  4	  4	  4	  4	  4	  0	  0	  0	  0	  0	  0	  0	  0	  0	  0	  0	  0	  0	  0	  0	  0	  0	  0	  0	  0	  0	  0	  0	  0	 66	 60	 73	 71	  0	 57	  0	  0	  0	  0	  0	  0	  0	  0	  0	  0	  0	  5	19260	  0
04-06-2015	16:16:03	->	L	00000000	 23	 71	 60	 57	  0	228	  0	  4	  4	  4	  4	  4	  4	  4	  4	  0	  0	  0	  0	  0	  0	  0	  0	  0	  0	  0	  0	  0	  0	  0	  0	  0	  0	  0	  0	  0	  0	  0	  0	 66	 60	 73	 71	  0	 57	  0	  0	  0	  0	  0	  0	  0	  0	  0	  0	  0	  5	19260	  0
04-06-2015	16:21:03	->	L	00000000	 23	 71	 60	 57	  0	233	  0	  4	  4	  4	  4	  4	  4	  4	  4	  0	  0	  0	  0	  0	  0	  0	  0	  0	  0	  0	  0	  0	  0	  0	  0	  0	  0	  0	  0	  0	  0	  0	  0	 66	 60	 73	 71	  0	 57	  0	  0	  0	  0	  0	  0	  0	  0	  0	  0	  0	  5	19260	  0
04-06-2015	16:26:03	->	L	00000000	 23	 74	 60	 49	  0	238	  0	  4	  4	  4	  4	  4	  4	  4	  4	  0	  0	  0	  0	  0	  0	  0	  0	  0	  0	  0	  0	  0	  0	  0	  0	  0	  0	  0	  0	  0	  0	  0	  0	 66	 60	 73	 74	  0	 49	  0	  0	  0	  0	  0	  0	  0	  0	  0	  0	  0	  5	19260	  0
04-06-2015	16:31:03	->	L	00000000	 24	 74	 59	 47	  0	  2	  0	  4	  4	  4	  4	  4	  4	  4	  4	  0	  0	  0	  0	  0	  0	  0	  0	  0	  0	  0	  0	  0	  0	  0	  0	  0	  0	  0	  0	  0	  0	  0	  0	 66	 59	 70	 74	  0	 47	  0	  0	  0	  0	  0	  0	  0	  0	  0	  0	  0	  5	19255	  0
04-06-2015	16:36:04	  	L	00000000	 24	 73	 58	 45	  0	  7	  0	  4	  4	  4	  4	  4	  4	  4	  4	  0	  0	  0	  0	  0	  0	  0	  0	  0	  0	  0	  0	  0	  0	  0	  0	  0	  0	  0	  0	  0	  0	  0	  0	 66	 58	 66	 73	  0	 47	  0	  0	  0	  0	  0	  0	  0	  0	  0	  0	  0	  5	19255	  0
04-06-2015	16:41:04	<-	L	00000000	 24	 73	 61	 55	  0	 12	  0	  4	  4	  4	  4	  4	  4	  4	  4	  0	  0	  0	  0	  0	  0	  0	  0	  0	  0	  0	  0	  0	  0	  0	  0	  0	  0	  0	  0	  0	  0	  0	  0	 73	 61	 55	 68	  0	 71	  0	  0	  0	  0	  0	  0	  0	  0	  0	  0	  0	  5	19255	  0
04-06-2015	16:46:03	<-	L	00000000	 24	 74	 59	 47	  0	 17	  0	  4	  4	  4	  4	  4	  4	  4	  4	  0	  0	  0	  0	  0	  0	  0	  0	  0	  0	  0	  0	  0	  0	  0	  0	  0	  0	  0	  0	  0	  0	  0	  0	 74	 59	 47	 67	  0	 67	  0	  0	  0	  0	  0	  0	  0	  0	  0	  0	  0	  5	19255	  0
04-06-2015	16:51:04	<-	L	00000000	 24	 73	 58	 47	  0	 22	  0	  4	  4	  4	  4	  4	  4	  4	  4	  0	  0	  0	  0	  0	  0	  0	  0	  0	  0	  0	  0	  0	  0	  0	  0	  0	  0	  0	  0	  0	  0	  0	  0	 73	 58	 47	 67	  0	 63	  0	  0	  0	  0	  0	  0	  0	  0	  0	  0	  0	  5	19255	  0
04-06-2015	16:56:04	<-	L	00000000	 24	 73	 58	 47	  0	 27	  0	  4	  4	  4	  4	  4	  4	  4	  4	  0	  0	  0	  0	  0	  0	  0	  0	  0	  0	  0	  0	  0	  0	  0	  0	  0	  0	  0	  0	  0	  0	  0	  0	 73	 58	 47	 66	  0	 66	  0	  0	  0	  0	  0	  0	  0	  0	  0	  0	  0	  5	19255	  0
04-06-2015	17:01:04	<-	L	00000000	 24	 71	 57	 48	  0	 32	  0	  4	  4	  4	  4	  4	  4	  4	  4	  0	  0	  0	  0	  0	  0	  0	  0	  0	  0	  0	  0	  0	  0	  0	  0	  0	  0	  0	  0	  0	  0	  0	  0	 71	 57	 48	 66	  0	 63	  0	  0	  0	  0	  0	  0	  0	  0	  0	  0	  0	  5	19255	  0
04-06-2015	17:06:04	<-	L	00000000	 24	 71	 57	 51	  0	 37	  0	  4	  4	  4	  4	  4	  4	  4	  4	  0	  0	  0	  0	  0	  0	  0	  0	  0	  0	  0	  0	  0	  0	  0	  0	  0	  0	  0	  0	  0	  0	  0	  0	 71	 57	 48	 65	  0	 66	  0	  0	  0	  0	  0	  0	  0	  0	  0	  0	  0	  5	19259	  0
04-06-2015	17:11:04	<-	L	00000000	 24	 71	 57	 48	  0	 42	  0	  4	  4	  4	  4	  4	  4	  4	  4	  0	  0	  0	  0	  0	  0	  0	  0	  0	  0	  0	  0	  0	  0	  0	  0	  0	  0	  0	  0	  0	  0	  0	  0	 71	 57	 48	 65	  0	 66	  0	  0	  0	  0	  0	  0	  0	  0	  0	  0	  0	  5	19259	  0
04-06-2015	17:16:04	<-	L	00000000	 24	 71	 58	 49	  0	 47	  0	  4	  4	  4	  4	  4	  4	  4	  4	  0	  0	  0	  0	  0	  0	  0	  0	  0	  0	  0	  0	  0	  0	  0	  0	  0	  0	  0	  0	  0	  0	  0	  0	 71	 58	 51	 65	  0	 70	  0	  0	  0	  0	  0	  0	  0	  0	  0	  0	  0	  5	19259	  0
04-06-2015	17:21:04	<-	L	00000000	 24	 73	 59	 49	  0	 52	  0	  4	  4	  4	  4	  4	  4	  4	  4	  0	  0	  0	  0	  0	  0	  0	  0	  0	  0	  0	  0	  0	  0	  0	  0	  0	  0	  0	  0	  0	  0	  0	  0	 73	 59	 49	 66	  0	 70	  0	  0	  0	  0	  0	  0	  0	  0	  0	  0	  0	  5	19259	  0
05-06-2015	00:26:09	  	L	00000000	 24	 36	 30	 67	  0	 55	  0	  4	  4	  4	  4	  4	  4	  4	  4	  0	  0	  0	  0	  0	  0	  0	  0	  0	  0	  0	  0	  0	  0	  0	  0	  0	  0	  0	  0	  0	  0	  0	  0	 35	 30	 75	 36	  0	 67	  0	  0	  0	  0	  0	  0	  0	  0	  0	  0	  0	  5	19259	  0
05-06-2015	00:31:10	<-	L	00000000	 24	 39	 34	 68	  0	 60	  0	  4	  4	  4	  4	  4	  4	  4	  4	  0	  0	  0	  0	  0	  0	  0	  0	  0	  0	  0	  0	  0	  0	  0	  0	  0	  0	  0	  0	  0	  0	  0	  0	 36	 34	 89	 39	  0	 75	  0	  0	  0	  0	  0	  0	  0	  0	  0	  0	  0	  5	19259	  0
05-06-2015	00:36:10	<-	L	00000000	 24	 58	 42	 41	  0	 65	  0	  4	  4	  4	  4	  4	  4	  4	  4	  0	  0	  0	  0	  0	  0	  0	  0	  0	  0	  0	  0	  0	  0	  0	  0	  0	  0	  0	  0	  0	  0	  0	  0	 58	 42	 38	 54	  0	 49	  0	  0	  0	  0	  0	  0	  0	  0	  0	  0	  0	  5	19259	  0
05-06-2015	00:41:10	<-	L	00000000	 24	 63	 44	 32	  0	 70	  0	  4	  4	  4	  4	  4	  4	  4	  4	  0	  0	  0	  0	  0	  0	  0	  0	  0	  0	  0	  0	  0	  0	  0	  0	  0	  0	  0	  0	  0	  0	  0	  0	 63	 44	 32	 56	  0	 50	  0	  0	  0	  0	  0	  0	  0	  0	  0	  0	  0	  5	19259	  0
05-06-2015	00:46:10	<-	L	00000000	 24	 66	 46	 31	  0	 75	  0	  4	  4	  4	  4	  4	  4	  4	  4	  0	  0	  0	  0	  0	  0	  0	  0	  0	  0	  0	  0	  0	  0	  0	  0	  0	  0	  0	  0	  0	  0	  0	  0	 66	 46	 31	 59	  0	 47	  0	  0	  0	  0	  0	  0	  0	  0	  0	  0	  0	  5	19259	  0
05-06-2015	00:51:10	<-	L	00000000	 24	 67	 47	 32	  0	 80	  0	  4	  4	  4	  4	  4	  4	  4	  4	  0	  0	  0	  0	  0	  0	  0	  0	  0	  0	  0	  0	  0	  0	  0	  0	  0	  0	  0	  0	  0	  0	  0	  0	 67	 47	 32	 59	  0	 51	  0	  0	  0	  0	  0	  0	  0	  0	  0	  0	  0	  5	19259	  0
05-06-2015	00:56:10	<-	L	00000000	 24	 69	 48	 29	  0	 85	  0	  4	  4	  4	  4	  4	  4	  4	  4	  0	  0	  0	  0	  0	  0	  0	  0	  0	  0	  0	  0	  0	  0	  0	  0	  0	  0	  0	  0	  0	  0	  0	  0	 69	 48	 29	 60	  0	 51	  0	  0	  0	  0	  0	  0	  0	  0	  0	  0	  0	  5	19259	  0
05-06-2015	01:01:11	<-	L	00000000	 24	 69	 49	 33	  0	 90	  0	  4	  4	  4	  4	  4	  4	  4	  4	  0	  0	  0	  0	  0	  0	  0	  0	  0	  0	  0	  0	  0	  0	  0	  0	  0	  0	  0	  0	  0	  0	  0	  0	 69	 49	 33	 61	  0	 51	  0	  0	  0	  0	  0	  0	  0	  0	  0	  0	  0	  5	19259	  0
05-06-2015	01:06:11	<-	L	00000000	 24	 70	 50	 33	  0	 95	  0	  4	  4	  4	  4	  4	  4	  4	  4	  0	  0	  0	  0	  0	  0	  0	  0	  0	  0	  0	  0	  0	  0	  0	  0	  0	  0	  0	  0	  0	  0	  0	  0	 70	 50	 33	 61	  0	 54	  0	  0	  0	  0	  0	  0	  0	  0	  0	  0	  0	  5	19259	  0
05-06-2015	01:11:11	<-	L	00000000	 24	 70	 51	 35	  0	100	  0	  4	  4	  4	  4	  4	  4	  4	  4	  0	  0	  0	  0	  0	  0	  0	  0	  0	  0	  0	  0	  0	  0	  0	  0	  0	  0	  0	  0	  0	  0	  0	  0	 70	 51	 35	 62	  0	 55	  0	  0	  0	  0	  0	  0	  0	  0	  0	  0	  0	  5	19259	  0
05-06-2015	01:16:11	<-	L	00000000	 24	 70	 51	 35	  0	105	  0	  4	  4	  4	  4	  4	  4	  4	  4	  0	  0	  0	  0	  0	  0	  0	  0	  0	  0	  0	  0	  0	  0	  0	  0	  0	  0	  0	  0	  0	  0	  0	  0	 70	 51	 35	 62	  0	 55	  0	  0	  0	  0	  0	  0	  0	  0	  0	  0	  0	  5	19259	  0
05-06-2015	01:21:11	<-	L	00000000	 24	 70	 52	 38	  0	110	  0	  4	  4	  4	  4	  4	  4	  4	  4	  0	  0	  0	  0	  0	  0	  0	  0	  0	  0	  0	  0	  0	  0	  0	  0	  0	  0	  0	  0	  0	  0	  0	  0	 70	 52	 38	 62	  0	 58	  0	  0	  0	  0	  0	  0	  0	  0	  0	  0	  0	  5	19259	  0
05-06-2015	01:26:11	<-	L	00000000	 24	 70	 53	 40	  0	115	  0	  4	  4	  4	  4	  4	  4	  4	  4	  0	  0	  0	  0	  0	  0	  0	  0	  0	  0	  0	  0	  0	  0	  0	  0	  0	  0	  0	  0	  0	  0	  0	  0	 70	 53	 40	 62	  0	 62	  0	  0	  0	  0	  0	  0	  0	  0	  0	  0	  0	  5	19259	  0
05-06-2015	01:31:11	<-	L	00000000	 24	 70	 53	 40	  0	120	  0	  4	  4	  4	  4	  4	  4	  4	  4	  0	  0	  0	  0	  0	  0	  0	  0	  0	  0	  0	  0	  0	  0	  0	  0	  0	  0	  0	  0	  0	  0	  0	  0	 70	 53	 40	 63	  0	 58	  0	  0	  0	  0	  0	  0	  0	  0	  0	  0	  0	  5	19259	  0
05-06-2015	01:36:11	<-	L	00000000	 24	 70	 54	 43	  0	125	  0	  4	  4	  4	  4	  4	  4	  4	  4	  0	  0	  0	  0	  0	  0	  0	  0	  0	  0	  0	  0	  0	  0	  0	  0	  0	  0	  0	  0	  0	  0	  0	  0	 70	 54	 43	 63	  0	 62	  0	  0	  0	  0	  0	  0	  0	  0	  0	  0	  0	  5	19259	  0
05-06-2015	01:41:11	<-	L	00000000	 24	 70	 54	 43	  0	130	  0	  4	  4	  4	  4	  4	  4	  4	  4	  0	  0	  0	  0	  0	  0	  0	  0	  0	  0	  0	  0	  0	  0	  0	  0	  0	  0	  0	  0	  0	  0	  0	  0	 70	 54	 43	 63	  0	 62	  0	  0	  0	  0	  0	  0	  0	  0	  0	  0	  0	  5	19259	  0
05-06-2015	01:46:11	<-	L	00000000	 24	 70	 55	 46	  0	135	  0	  4	  4	  4	  4	  4	  4	  4	  4	  0	  0	  0	  0	  0	  0	  0	  0	  0	  0	  0	  0	  0	  0	  0	  0	  0	  0	  0	  0	  0	  0	  0	  0	 70	 55	 46	 63	  0	 66	  0	  0	  0	  0	  0	  0	  0	  0	  0	  0	  0	  5	19259	  0
05-06-2015	01:51:11	<-	L	00000000	 24	 70	 55	 46	  0	140	  0	  4	  4	  4	  4	  4	  4	  4	  4	  0	  0	  0	  0	  0	  0	  0	  0	  0	  0	  0	  0	  0	  0	  0	  0	  0	  0	  0	  0	  0	  0	  0	  0	 70	 55	 46	 63	  0	 66	  0	  0	  0	  0	  0	  0	  0	  0	  0	  0	  0	  5	19259	  0
05-06-2015	01:56:12	<-	L	00000000	 24	 70	 56	 48	  0	145	  0	  4	  4	  4	  4	  4	  4	  4	  4	  0	  0	  0	  0	  0	  0	  0	  0	  0	  0	  0	  0	  0	  0	  0	  0	  0	  0	  0	  0	  0	  0	  0	  0	 70	 56	 48	 64	  0	 66	  0	  0	  0	  0	  0	  0	  0	  0	  0	  0	  0	  5	19259	  0
05-06-2015	02:01:11	<-	L	00000000	 24	 71	 56	 48	  0	150	  0	  4	  4	  4	  4	  4	  4	  4	  4	  0	  0	  0	  0	  0	  0	  0	  0	  0	  0	  0	  0	  0	  0	  0	  0	  0	  0	  0	  0	  0	  0	  0	  0	 71	 56	 46	 64	  0	 66	  0	  0	  0	  0	  0	  0	  0	  0	  0	  0	  0	  5	19259	  0
05-06-2015	02:06:11	<-	L	00000000	 24	 70	 56	 48	  0	155	  0	  4	  4	  4	  4	  4	  4	  4	  4	  0	  0	  0	  0	  0	  0	  0	  0	  0	  0	  0	  0	  0	  0	  0	  0	  0	  0	  0	  0	  0	  0	  0	  0	 70	 56	 48	 64	  0	 66	  0	  0	  0	  0	  0	  0	  0	  0	  0	  0	  0	  5	19259	  0
05-06-2015	02:11:12	<-	L	00000000	 24	 71	 57	 48	  0	160	  0	  4	  4	  4	  4	  4	  4	  4	  4	  0	  0	  0	  0	  0	  0	  0	  0	  0	  0	  0	  0	  0	  0	  0	  0	  0	  0	  0	  0	  0	  0	  0	  0	 71	 57	 48	 64	  0	 70	  0	  0	  0	  0	  0	  0	  0	  0	  0	  0	  0	  5	19259	  0
05-06-2015	02:16:12	<-	L	00000000	 24	 71	 57	 48	  0	165	  0	  4	  4	  4	  4	  4	  4	  4	  4	  0	  0	  0	  0	  0	  0	  0	  0	  0	  0	  0	  0	  0	  0	  0	  0	  0	  0	  0	  0	  0	  0	  0	  0	 71	 57	 48	 64	  0	 70	  0	  0	  0	  0	  0	  0	  0	  0	  0	  0	  0	  5	19259	  0
05-06-2015	02:21:13	<-	L	00000000	 24	 71	 58	 48	  0	170	  0	  4	  4	  4	  4	  4	  4	  4	  4	  0	  0	  0	  0	  0	  0	  0	  0	  0	  0	  0	  0	  0	  0	  0	  0	  0	  0	  0	  0	  0	  0	  0	  0	 71	 58	 51	 65	  0	 70	  0	  0	  0	  0	  0	  0	  0	  0	  0	  0	  0	  5	19259	  0
05-06-2015	02:26:12	<-	L	00000000	 24	 70	 58	 51	  0	175	  0	  4	  4	  4	  4	  4	  4	  4	  4	  0	  0	  0	  0	  0	  0	  0	  0	  0	  0	  0	  0	  0	  0	  0	  0	  0	  0	  0	  0	  0	  0	  0	  0	 70	 58	 54	 65	  0	 70	  0	  0	  0	  0	  0	  0	  0	  0	  0	  0	  0	  5	19259	  0
05-06-2015	02:31:12	<-	L	00000000	 24	 71	 58	 51	  0	180	  0	  4	  4	  4	  4	  4	  4	  4	  4	  0	  0	  0	  0	  0	  0	  0	  0	  0	  0	  0	  0	  0	  0	  0	  0	  0	  0	  0	  0	  0	  0	  0	  0	 71	 58	 51	 65	  0	 70	  0	  0	  0	  0	  0	  0	  0	  0	  0	  0	  0	  5	19259	  0
05-06-2015	02:36:12	<-	L	00000000	 24	 71	 58	 51	  0	185	  0	  4	  4	  4	  4	  4	  4	  4	  4	  0	  0	  0	  0	  0	  0	  0	  0	  0	  0	  0	  0	  0	  0	  0	  0	  0	  0	  0	  0	  0	  0	  0	  0	 71	 58	 51	 65	  0	 70	  0	  0	  0	  0	  0	  0	  0	  0	  0	  0	  0	  5	19259	  0
05-06-2015	02:41:12	  	L	00000000	 24	 65	 59	 73	  0	190	  0	  4	  4	  4	  4	  4	  4	  4	  4	  0	  0	  0	  0	  0	  0	  0	  0	  0	  0	  0	  0	  0	  0	  0	  0	  0	  0	  0	  0	  0	  0	  0	  0	 65	 59	 73	 65	  0	 73	  0	  0	  0	  0	  0	  0	  0	  0	  0	  0	  0	  5	19259	  0
05-06-2015	02:46:12	->	L	00000000	 24	 70	 57	 51	  0	195	  0	  4	  4	  4	  4	  4	  4	  4	  4	  0	  0	  0	  0	  0	  0	  0	  0	  0	  0	  0	  0	  0	  0	  0	  0	  0	  0	  0	  0	  0	  0	  0	  0	 64	 57	 70	 70	  0	 51	  0	  0	  0	  0	  0	  0	  0	  0	  0	  0	  0	  5	19259	  0
05-06-2015	02:51:12	->	L	00000000	 24	 70	 57	 51	  0	200	  0	  4	  4	  4	  4	  4	  4	  4	  4	  0	  0	  0	  0	  0	  0	  0	  0	  0	  0	  0	  0	  0	  0	  0	  0	  0	  0	  0	  0	  0	  0	  0	  0	 63	 57	 73	 70	  0	 51	  0	  0	  0	  0	  0	  0	  0	  0	  0	  0	  0	  5	19259	  0
05-06-2015	02:56:12	->	L	00000000	 24	 70	 57	 51	  0	205	  0	  4	  4	  4	  4	  4	  4	  4	  4	  0	  0	  0	  0	  0	  0	  0	  0	  0	  0	  0	  0	  0	  0	  0	  0	  0	  0	  0	  0	  0	  0	  0	  0	 63	 57	 73	 70	  0	 51	  0	  0	  0	  0	  0	  0	  0	  0	  0	  0	  0	  5	19259	  0
05-06-2015	03:01:13	->	L	00000000	 24	 70	 57	 51	  0	210	  0	  4	  4	  4	  4	  4	  4	  4	  4	  0	  0	  0	  0	  0	  0	  0	  0	  0	  0	  0	  0	  0	  0	  0	  0	  0	  0	  0	  0	  0	  0	  0	  0	 63	 57	 73	 70	  0	 51	  0	  0	  0	  0	  0	  0	  0	  0	  0	  0	  0	  5	19259	  0
05-06-2015	03:06:13	->	L	00000000	 24	 70	 57	 51	  0	215	  0	  4	  4	  4	  4	  4	  4	  4	  4	  0	  0	  0	  0	  0	  0	  0	  0	  0	  0	  0	  0	  0	  0	  0	  0	  0	  0	  0	  0	  0	  0	  0	  0	 62	 57	 78	 70	  0	 51	  0	  0	  0	  0	  0	  0	  0	  0	  0	  0	  0	  5	19259	  0
05-06-2015	03:11:12	->	L	00000000	 24	 70	 58	 54	  0	220	  0	  4	  4	  4	  4	  4	  4	  4	  4	  0	  0	  0	  0	  0	  0	  0	  0	  0	  0	  0	  0	  0	  0	  0	  0	  0	  0	  0	  0	  0	  0	  0	  0	 63	 58	 79	 70	  0	 54	  0	  0	  0	  0	  0	  0	  0	  0	  0	  0	  0	  5	19259	  0
05-06-2015	03:16:12	->	L	00000000	 24	 71	 58	 51	  0	225	  0	  4	  4	  4	  4	  4	  4	  4	  4	  0	  0	  0	  0	  0	  0	  0	  0	  0	  0	  0	  0	  0	  0	  0	  0	  0	  0	  0	  0	  0	  0	  0	  0	 64	 58	 73	 71	  0	 51	  0	  0	  0	  0	  0	  0	  0	  0	  0	  0	  0	  5	19259	  0
05-06-2015	03:21:13	->	L	00000000	 24	 71	 58	 51	  0	230	  0	  4	  4	  4	  4	  4	  4	  4	  4	  0	  0	  0	  0	  0	  0	  0	  0	  0	  0	  0	  0	  0	  0	  0	  0	  0	  0	  0	  0	  0	  0	  0	  0	 64	 58	 73	 71	  0	 51	  0	  0	  0	  0	  0	  0	  0	  0	  0	  0	  0	  5	19259	  0
05-06-2015	03:26:13	->	L	00000000	 24	 71	 58	 51	  0	235	  0	  4	  4	  4	  4	  4	  4	  4	  4	  0	  0	  0	  0	  0	  0	  0	  0	  0	  0	  0	  0	  0	  0	  0	  0	  0	  0	  0	  0	  0	  0	  0	  0	 63	 58	 79	 71	  0	 51	  0	  0	  0	  0	  0	  0	  0	  0	  0	  0	  0	  5	19259	  0
05-06-2015	03:31:13	->	L	00000000	 24	 71	 58	 51	  0	240	  0	  4	  4	  4	  4	  4	  4	  4	  4	  0	  0	  0	  0	  0	  0	  0	  0	  0	  0	  0	  0	  0	  0	  0	  0	  0	  0	  0	  0	  0	  0	  0	  0	 63	 58	 79	 71	  0	 51	  0	  0	  0	  0	  0	  0	  0	  0	  0	  0	  0	  5	19259	  0
05-06-2015	03:36:13	->	L	00000000	 25	 64	 58	 79	  0	  4	  0	  4	  4	  4	  4	  4	  4	  4	  4	  0	  0	  0	  0	  0	  0	  0	  0	  0	  0	  0	  0	  0	  0	  0	  0	  0	  0	  0	  0	  0	  0	  0	  0	 63	 58	 79	 64	  0	 73	  0	  0	  0	  0	  0	  0	  0	  0	  0	  0	  0	  5	21818	  0
05-06-2015	03:41:13	->	L	00000000	 25	 71	 58	 51	  0	  9	  0	  4	  4	  4	  4	  4	  4	  4	  4	  0	  0	  0	  0	  0	  0	  0	  0	  0	  0	  0	  0	  0	  0	  0	  0	  0	  0	  0	  0	  0	  0	  0	  0	 63	 58	 79	 71	  0	 51	  0	  0	  0	  0	  0	  0	  0	  0	  0	  0	  0	  5	21818	  0
05-06-2015	03:46:13	->	L	00000000	 25	 71	 59	 55	  0	 14	  0	  4	  4	  4	  4	  4	  4	  4	  4	  0	  0	  0	  0	  0	  0	  0	  0	  0	  0	  0	  0	  0	  0	  0	  0	  0	  0	  0	  0	  0	  0	  0	  0	 64	 59	 79	 71	  0	 55	  0	  0	  0	  0	  0	  0	  0	  0	  0	  0	  0	  5	21818	  0
05-06-2015	03:51:13	->	L	00000000	 25	 71	 58	 51	  0	 19	  0	  4	  4	  4	  4	  4	  4	  4	  4	  0	  0	  0	  0	  0	  0	  0	  0	  0	  0	  0	  0	  0	  0	  0	  0	  0	  0	  0	  0	  0	  0	  0	  0	 62	 58	 81	 71	  0	 51	  0	  0	  0	  0	  0	  0	  0	  0	  0	  0	  0	  5	21818	  0
05-06-2015	03:56:13	->	L	00000000	 25	 71	 58	 51	  0	 24	  0	  4	  4	  4	  4	  4	  4	  4	  4	  0	  0	  0	  0	  0	  0	  0	  0	  0	  0	  0	  0	  0	  0	  0	  0	  0	  0	  0	  0	  0	  0	  0	  0	 63	 58	 79	 71	  0	 51	  0	  0	  0	  0	  0	  0	  0	  0	  0	  0	  0	  5	21818	  0
05-06-2015	04:01:14	->	L	00000000	 25	 71	 58	 51	  0	 29	  0	  4	  4	  4	  4	  4	  4	  4	  4	  0	  0	  0	  0	  0	  0	  0	  0	  0	  0	  0	  0	  0	  0	  0	  0	  0	  0	  0	  0	  0	  0	  0	  0	 63	 58	 79	 71	  0	 51	  0	  0	  0	  0	  0	  0	  0	  0	  0	  0	  0	  5	21818	  0
05-06-2015	04:06:13	->	L	00000000	 25	 71	 58	 51	  0	 34	  0	  4	  4	  4	  4	  4	  4	  4	  4	  0	  0	  0	  0	  0	  0	  0	  0	  0	  0	  0	  0	  0	  0	  0	  0	  0	  0	  0	  0	  0	  0	  0	  0	 63	 58	 79	 71	  0	 51	  0	  0	  0	  0	  0	  0	  0	  0	  0	  0	  0	  5	21818	  0
05-06-2015	04:11:13	->	L	00000000	 25	 71	 58	 51	  0	 39	  0	  4	  4	  4	  4	  4	  4	  4	  4	  0	  0	  0	  0	  0	  0	  0	  0	  0	  0	  0	  0	  0	  0	  0	  0	  0	  0	  0	  0	  0	  0	  0	  0	 63	 58	 79	 71	  0	 51	  0	  0	  0	  0	  0	  0	  0	  0	  0	  0	  0	  5	21818	  0
05-06-2015	04:16:13	->	L	00000000	 25	 71	 58	 51	  0	 44	  0	  4	  4	  4	  4	  4	  4	  4	  4	  0	  0	  0	  0	  0	  0	  0	  0	  0	  0	  0	  0	  0	  0	  0	  0	  0	  0	  0	  0	  0	  0	  0	  0	 63	 58	 79	 71	  0	 51	  0	  0	  0	  0	  0	  0	  0	  0	  0	  0	  0	  5	21818	  0
05-06-2015	04:21:13	->	L	00000000	 25	 70	 58	 51	  0	 49	  0	  4	  4	  4	  4	  4	  4	  4	  4	  0	  0	  0	  0	  0	  0	  0	  0	  0	  0	  0	  0	  0	  0	  0	  0	  0	  0	  0	  0	  0	  0	  0	  0	 63	 58	 79	 70	  0	 54	  0	  0	  0	  0	  0	  0	  0	  0	  0	  0	  0	  5	21818	  0
05-06-2015	04:26:13	->	L	00000000	 25	 70	 58	 54	  0	 54	  0	  4	  4	  4	  4	  4	  4	  4	  4	  0	  0	  0	  0	  0	  0	  0	  0	  0	  0	  0	  0	  0	  0	  0	  0	  0	  0	  0	  0	  0	  0	  0	  0	 63	 58	 79	 70	  0	 54	  0	  0	  0	  0	  0	  0	  0	  0	  0	  0	  0	  5	21818	  0
05-06-2015	04:31:13	->	L	00000000	 25	 70	 58	 54	  0	 59	  0	  4	  4	  4	  4	  4	  4	  4	  4	  0	  0	  0	  0	  0	  0	  0	  0	  0	  0	  0	  0	  0	  0	  0	  0	  0	  0	  0	  0	  0	  0	  0	  0	 63	 58	 79	 70	  0	 54	  0	  0	  0	  0	  0	  0	  0	  0	  0	  0	  0	  5	21818	  0
05-06-2015	04:36:14	->	L	00000000	 25	 69	 58	 57	  0	 64	  0	  4	  4	  4	  4	  4	  4	  4	  4	  0	  0	  0	  0	  0	  0	  0	  0	  0	  0	  0	  0	  0	  0	  0	  0	  0	  0	  0	  0	  0	  0	  0	  0	 60	 58	 90	 69	  0	 57	  0	  0	  0	  0	  0	  0	  0	  0	  0	  0	  0	  5	21818	  0
05-06-2015	04:41:14	->	L	00000000	 25	 69	 58	 57	  0	 69	  0	  4	  4	  4	  4	  4	  4	  4	  4	  0	  0	  0	  0	  0	  0	  0	  0	  0	  0	  0	  0	  0	  0	  0	  0	  0	  0	  0	  0	  0	  0	  0	  0	 63	 58	 79	 69	  0	 57	  0	  0	  0	  0	  0	  0	  0	  0	  0	  0	  0	  5	19259	  0
05-06-2015	04:46:14	->	L	00000000	 25	 70	 58	 54	  0	 74	  0	  4	  4	  4	  4	  4	  4	  4	  4	  0	  0	  0	  0	  0	  0	  0	  0	  0	  0	  0	  0	  0	  0	  0	  0	  0	  0	  0	  0	  0	  0	  0	  0	 63	 58	 79	 70	  0	 54	  0	  0	  0	  0	  0	  0	  0	  0	  0	  0	  0	  5	19259	  0
05-06-2015	04:51:14	->	L	00000000	 25	 69	 58	 57	  0	 79	  0	  4	  4	  4	  4	  4	  4	  4	  4	  0	  0	  0	  0	  0	  0	  0	  0	  0	  0	  0	  0	  0	  0	  0	  0	  0	  0	  0	  0	  0	  0	  0	  0	 63	 58	 79	 69	  0	 57	  0	  0	  0	  0	  0	  0	  0	  0	  0	  0	  0	  5	19259	  0
05-06-2015	04:56:14	->	L	00000000	 25	 69	 58	 60	  0	 84	  0	  4	  4	  4	  4	  4	  4	  4	  4	  0	  0	  0	  0	  0	  0	  0	  0	  0	  0	  0	  0	  0	  0	  0	  0	  0	  0	  0	  0	  0	  0	  0	  0	 63	 58	 81	 69	  0	 57	  0	  0	  0	  0	  0	  0	  0	  0	  0	  0	  0	  5	19259	  0
05-06-2015	05:01:14	->	L	00000000	 25	 69	 58	 60	  0	 89	  0	  4	  4	  4	  4	  4	  4	  4	  4	  0	  0	  0	  0	  0	  0	  0	  0	  0	  0	  0	  0	  0	  0	  0	  0	  0	  0	  0	  0	  0	  0	  0	  0	 62	 58	 81	 69	  0	 57	  0	  0	  0	  0	  0	  0	  0	  0	  0	  0	  0	  5	19259	  0
05-06-2015	05:06:14	->	L	00000000	 25	 65	 58	 70	  0	 94	  0	  4	  4	  4	  4	  4	  4	  4	  4	  0	  0	  0	  0	  0	  0	  0	  0	  0	  0	  0	  0	  0	  0	  0	  0	  0	  0	  0	  0	  0	  0	  0	  0	 61	 58	 86	 65	  0	 70	  0	  0	  0	  0	  0	  0	  0	  0	  0	  0	  0	  5	19259	  0
05-06-2015	05:11:14	->	L	00000000	 25	 63	 58	 79	  0	 99	  0	  4	  4	  4	  4	  4	  4	  4	  4	  0	  0	  0	  0	  0	  0	  0	  0	  0	  0	  0	  0	  0	  0	  0	  0	  0	  0	  0	  0	  0	  0	  0	  0	 60	 58	 90	 63	  0	 79	  0	  0	  0	  0	  0	  0	  0	  0	  0	  0	  0	  5	19259	  0
05-06-2015	05:16:14	->	L	00000000	 25	 62	 57	 78	  0	104	  0	  4	  4	  4	  4	  4	  4	  4	  4	  0	  0	  0	  0	  0	  0	  0	  0	  0	  0	  0	  0	  0	  0	  0	  0	  0	  0	  0	  0	  0	  0	  0	  0	 58	 57	 94	 62	  0	 78	  0	  0	  0	  0	  0	  0	  0	  0	  0	  0	  0	  5	19259	  0
05-06-2015	05:21:14	->	L	00000000	 25	 61	 57	 81	  0	109	  0	  4	  4	  4	  4	  4	  4	  4	  4	  0	  0	  0	  0	  0	  0	  0	  0	  0	  0	  0	  0	  0	  0	  0	  0	  0	  0	  0	  0	  0	  0	  0	  0	 58	 57	 94	 61	  0	 81	  0	  0	  0	  0	  0	  0	  0	  0	  0	  0	  0	  5	19259	  0
05-06-2015	05:26:15	->	L	00000000	 25	 60	 56	 81	  0	114	  0	  4	  4	  4	  4	  4	  4	  4	  4	  0	  0	  0	  0	  0	  0	  0	  0	  0	  0	  0	  0	  0	  0	  0	  0	  0	  0	  0	  0	  0	  0	  0	  0	 57	 56	 94	 60	  0	 81	  0	  0	  0	  0	  0	  0	  0	  0	  0	  0	  0	  5	19259	  0
05-06-2015	05:31:15	->	L	00000000	 25	 59	 56	 86	  0	119	  0	  4	  4	  4	  4	  4	  4	  4	  4	  0	  0	  0	  0	  0	  0	  0	  0	  0	  0	  0	  0	  0	  0	  0	  0	  0	  0	  0	  0	  0	  0	  0	  0	 58	 56	 90	 59	  0	 86	  0	  0	  0	  0	  0	  0	  0	  0	  0	  0	  0	  5	19259	  0
05-06-2015	05:36:15	->	L	00000000	 25	 60	 56	 78	  0	124	  0	  4	  4	  4	  4	  4	  4	  4	  4	  0	  0	  0	  0	  0	  0	  0	  0	  0	  0	  0	  0	  0	  0	  0	  0	  0	  0	  0	  0	  0	  0	  0	  0	 57	 56	 94	 60	  0	 81	  0	  0	  0	  0	  0	  0	  0	  0	  0	  0	  0	  5	19259	  0
05-06-2015	05:41:15	->	L	00000000	 25	 58	 55	 86	  0	129	  0	  4	  4	  4	  4	  4	  4	  4	  4	  0	  0	  0	  0	  0	  0	  0	  0	  0	  0	  0	  0	  0	  0	  0	  0	  0	  0	  0	  0	  0	  0	  0	  0	 57	 55	 90	 58	  0	 86	  0	  0	  0	  0	  0	  0	  0	  0	  0	  0	  0	  5	19259	  0
05-06-2015	05:46:15	<-	L	00000000	 25	 58	 56	 90	  0	134	  0	  4	  4	  4	  4	  4	  4	  4	  4	  0	  0	  0	  0	  0	  0	  0	  0	  0	  0	  0	  0	  0	  0	  0	  0	  0	  0	  0	  0	  0	  0	  0	  0	 57	 56	 94	 58	  0	 90	  0	  0	  0	  0	  0	  0	  0	  0	  0	  0	  0	  5	19259	  0
05-06-2015	05:51:15	<-	L	00000000	 25	 58	 56	 90	  0	139	  0	  4	  4	  4	  4	  4	  4	  4	  4	  0	  0	  0	  0	  0	  0	  0	  0	  0	  0	  0	  0	  0	  0	  0	  0	  0	  0	  0	  0	  0	  0	  0	  0	 56	 56	100	 58	  0	 90	  0	  0	  0	  0	  0	  0	  0	  0	  0	  0	  0	  5	19259	  0
05-06-2015	05:56:15	<-	L	00000000	 25	 57	 56	 94	  0	144	  0	  4	  4	  4	  4	  4	  4	  4	  4	  0	  0	  0	  0	  0	  0	  0	  0	  0	  0	  0	  0	  0	  0	  0	  0	  0	  0	  0	  0	  0	  0	  0	  0	 56	 56	100	 57	  0	 94	  0	  0	  0	  0	  0	  0	  0	  0	  0	  0	  0	  5	19259	  0
05-06-2015	06:01:15	<-	L	00000000	 25	 57	 55	 94	  0	149	  0	  4	  4	  4	  4	  4	  4	  4	  4	  0	  0	  0	  0	  0	  0	  0	  0	  0	  0	  0	  0	  0	  0	  0	  0	  0	  0	  0	  0	  0	  0	  0	  0	 55	 55	100	 57	  0	 90	  0	  0	  0	  0	  0	  0	  0	  0	  0	  0	  0	  5	19259	  0
05-06-2015	06:06:15	<-	L	00000000	 25	 57	 55	 90	  0	154	  0	  4	  4	  4	  4	  4	  4	  4	  4	  0	  0	  0	  0	  0	  0	  0	  0	  0	  0	  0	  0	  0	  0	  0	  0	  0	  0	  0	  0	  0	  0	  0	  0	 55	 55	100	 57	  0	 90	  0	  0	  0	  0	  0	  0	  0	  0	  0	  0	  0	  5	19259	  0
05-06-2015	06:11:16	<-	L	00000000	 25	 56	 55	 94	  0	159	  0	  4	  4	  4	  4	  4	  4	  4	  4	  0	  0	  0	  0	  0	  0	  0	  0	  0	  0	  0	  0	  0	  0	  0	  0	  0	  0	  0	  0	  0	  0	  0	  0	 55	 55	100	 56	  0	 94	  0	  0	  0	  0	  0	  0	  0	  0	  0	  0	  0	  5	19259	  0
05-06-2015	06:16:15	<-	L	00000000	 25	 56	 54	 90	  0	164	  0	  4	  4	  4	  4	  4	  4	  4	  4	  0	  0	  0	  0	  0	  0	  0	  0	  0	  0	  0	  0	  0	  0	  0	  0	  0	  0	  0	  0	  0	  0	  0	  0	 55	 54	 94	 56	  0	 90	  0	  0	  0	  0	  0	  0	  0	  0	  0	  0	  0	  5	19259	  0
05-06-2015	06:21:15	<-	L	00000000	 25	 55	 54	 94	  0	169	  0	  4	  4	  4	  4	  4	  4	  4	  4	  0	  0	  0	  0	  0	  0	  0	  0	  0	  0	  0	  0	  0	  0	  0	  0	  0	  0	  0	  0	  0	  0	  0	  0	 54	 54	100	 55	  0	 94	  0	  0	  0	  0	  0	  0	  0	  0	  0	  0	  0	  5	19259	  0
05-06-2015	06:26:16	<-	L	00000000	 25	 55	 54	 94	  0	174	  0	  4	  4	  4	  4	  4	  4	  4	  4	  0	  0	  0	  0	  0	  0	  0	  0	  0	  0	  0	  0	  0	  0	  0	  0	  0	  0	  0	  0	  0	  0	  0	  0	 54	 54	100	 55	  0	 94	  0	  0	  0	  0	  0	  0	  0	  0	  0	  0	  0	  5	19259	  0
05-06-2015	06:31:16	<-	L	00000000	 25	 55	 53	 90	  0	179	  0	  4	  4	  4	  4	  4	  4	  4	  4	  0	  0	  0	  0	  0	  0	  0	  0	  0	  0	  0	  0	  0	  0	  0	  0	  0	  0	  0	  0	  0	  0	  0	  0	 54	 53	 94	 55	  0	 90	  0	  0	  0	  0	  0	  0	  0	  0	  0	  0	  0	  5	19259	  0
05-06-2015	06:36:16	<-	L	00000000	 25	 55	 53	 90	  0	184	  0	  4	  4	  4	  4	  4	  4	  4	  4	  0	  0	  0	  0	  0	  0	  0	  0	  0	  0	  0	  0	  0	  0	  0	  0	  0	  0	  0	  0	  0	  0	  0	  0	 53	 53	100	 55	  0	 90	  0	  0	  0	  0	  0	  0	  0	  0	  0	  0	  0	  5	19259	  0
05-06-2015	06:41:16	<-	L	00000000	 25	 54	 53	 94	  0	189	  0	  4	  4	  4	  4	  4	  4	  4	  4	  0	  0	  0	  0	  0	  0	  0	  0	  0	  0	  0	  0	  0	  0	  0	  0	  0	  0	  0	  0	  0	  0	  0	  0	 53	 53	100	 54	  0	 94	  0	  0	  0	  0	  0	  0	  0	  0	  0	  0	  0	  5	19259	  0
05-06-2015	06:46:16	<-	L	00000000	 25	 53	 53	100	  0	194	  0	  4	  4	  4	  4	  4	  4	  4	  4	  0	  0	  0	  0	  0	  0	  0	  0	  0	  0	  0	  0	  0	  0	  0	  0	  0	  0	  0	  0	  0	  0	  0	  0	 53	 53	100	 53	  0	100	  0	  0	  0	  0	  0	  0	  0	  0	  0	  0	  0	  5	19259	  0
05-06-2015	06:51:16	<-	L	00000000	 25	 53	 52	 94	  0	199	  0	  4	  4	  4	  4	  4	  4	  4	  4	  0	  0	  0	  0	  0	  0	  0	  0	  0	  0	  0	  0	  0	  0	  0	  0	  0	  0	  0	  0	  0	  0	  0	  0	 52	 52	100	 53	  0	 94	  0	  0	  0	  0	  0	  0	  0	  0	  0	  0	  0	  5	19259	  0
05-06-2015	06:56:16	<-	L	00000000	 25	 57	 54	 86	  0	204	  0	  4	  4	  4	  4	  4	  4	  4	  4	  0	  0	  0	  0	  0	  0	  0	  0	  0	  0	  0	  0	  0	  0	  0	  0	  0	  0	  0	  0	  0	  0	  0	  0	 54	 54	100	 57	  0	 86	  0	  0	  0	  0	  0	  0	  0	  0	  0	  0	  0	  5	19259	  0
05-06-2015	07:01:16	<-	L	00000000	 25	 61	 55	 72	  0	209	  0	  4	  4	  4	  4	  4	  4	  4	  4	  0	  0	  0	  0	  0	  0	  0	  0	  0	  0	  0	  0	  0	  0	  0	  0	  0	  0	  0	  0	  0	  0	  0	  0	 56	 55	 94	 61	  0	 72	  0	  0	  0	  0	  0	  0	  0	  0	  0	  0	  0	  5	19259	  0
05-06-2015	07:06:16	<-	L	00000000	 25	 62	 55	 69	  0	214	  0	  4	  4	  4	  4	  4	  4	  4	  4	  0	  0	  0	  0	  0	  0	  0	  0	  0	  0	  0	  0	  0	  0	  0	  0	  0	  0	  0	  0	  0	  0	  0	  0	 57	 55	 90	 62	  0	 69	  0	  0	  0	  0	  0	  0	  0	  0	  0	  0	  0	  5	19259	  0
05-06-2015	07:11:16	<-	L	00000000	 25	 63	 56	 69	  0	219	  0	  4	  4	  4	  4	  4	  4	  4	  4	  0	  0	  0	  0	  0	  0	  0	  0	  0	  0	  0	  0	  0	  0	  0	  0	  0	  0	  0	  0	  0	  0	  0	  0	 63	 56	 69	 63	  0	 69	  0	  0	  0	  0	  0	  0	  0	  0	  0	  0	  0	  5	19259	  0
05-06-2015	07:16:17	<-	L	00000000	 25	 64	 56	 69	  0	224	  0	  4	  4	  4	  4	  4	  4	  4	  4	  0	  0	  0	  0	  0	  0	  0	  0	  0	  0	  0	  0	  0	  0	  0	  0	  0	  0	  0	  0	  0	  0	  0	  0	 64	 56	 66	 61	  0	 78	  0	  0	  0	  0	  0	  0	  0	  0	  0	  0	  0	  5	19259	  0
05-06-2015	07:21:17	<-	L	00000000	 25	 63	 57	 73	  0	229	  0	  4	  4	  4	  4	  4	  4	  4	  4	  0	  0	  0	  0	  0	  0	  0	  0	  0	  0	  0	  0	  0	  0	  0	  0	  0	  0	  0	  0	  0	  0	  0	  0	 59	 57	 90	 63	  0	 73	  0	  0	  0	  0	  0	  0	  0	  0	  0	  0	  0	  5	19259	  0
05-06-2015	07:26:17	<-	L	00000000	 25	 64	 57	 70	  0	234	  0	  4	  4	  4	  4	  4	  4	  4	  4	  0	  0	  0	  0	  0	  0	  0	  0	  0	  0	  0	  0	  0	  0	  0	  0	  0	  0	  0	  0	  0	  0	  0	  0	 61	 57	 81	 64	  0	 70	  0	  0	  0	  0	  0	  0	  0	  0	  0	  0	  0	  5	19259	  0
05-06-2015	07:31:17	<-	L	00000000	 25	 64	 57	 70	  0	239	  0	  4	  4	  4	  4	  4	  4	  4	  4	  0	  0	  0	  0	  0	  0	  0	  0	  0	  0	  0	  0	  0	  0	  0	  0	  0	  0	  0	  0	  0	  0	  0	  0	 63	 57	 73	 64	  0	 70	  0	  0	  0	  0	  0	  0	  0	  0	  0	  0	  0	  5	19259	  0
05-06-2015	07:36:17	<-	L	00000000	 26	 63	 57	 73	  0	  3	  0	  4	  4	  4	  4	  4	  4	  4	  4	  0	  0	  0	  0	  0	  0	  0	  0	  0	  0	  0	  0	  0	  0	  0	  0	  0	  0	  0	  0	  0	  0	  0	  0	 63	 57	 73	 62	  0	 78	  0	  0	  0	  0	  0	  0	  0	  0	  0	  0	  0	  5	21816	  0
05-06-2015	07:41:17	<-	L	00000000	 26	 63	 56	 69	  0	  8	  0	  4	  4	  4	  4	  4	  4	  4	  4	  0	  0	  0	  0	  0	  0	  0	  0	  0	  0	  0	  0	  0	  0	  0	  0	  0	  0	  0	  0	  0	  0	  0	  0	 61	 56	 78	 63	  0	 69	  0	  0	  0	  0	  0	  0	  0	  0	  0	  0	  0	  5	21816	  0
05-06-2015	07:46:17	<-	L	00000000	 26	 63	 56	 69	  0	 13	  0	  4	  4	  4	  4	  4	  4	  4	  4	  0	  0	  0	  0	  0	  0	  0	  0	  0	  0	  0	  0	  0	  0	  0	  0	  0	  0	  0	  0	  0	  0	  0	  0	 60	 56	 81	 63	  0	 69	  0	  0	  0	  0	  0	  0	  0	  0	  0	  0	  0	  5	17977	  0
05-06-2015	07:51:17	<-	L	00000000	 26	 63	 56	 73	  0	 18	  0	  4	  4	  4	  4	  4	  4	  4	  4	  0	  0	  0	  0	  0	  0	  0	  0	  0	  0	  0	  0	  0	  0	  0	  0	  0	  0	  0	  0	  0	  0	  0	  0	 60	 56	 81	 63	  0	 69	  0	  0	  0	  0	  0	  0	  0	  0	  0	  0	  0	  5	17977	  0
05-06-2015	07:56:17	<-	L	00000000	 26	 63	 57	 73	  0	 23	  0	  4	  4	  4	  4	  4	  4	  4	  4	  0	  0	  0	  0	  0	  0	  0	  0	  0	  0	  0	  0	  0	  0	  0	  0	  0	  0	  0	  0	  0	  0	  0	  0	 60	 57	 86	 63	  0	 73	  0	  0	  0	  0	  0	  0	  0	  0	  0	  0	  0	  5	17977	  0
05-06-2015	08:01:18	<-	L	00000000	 26	 63	 57	 73	  0	 28	  0	  4	  4	  4	  4	  4	  4	  4	  4	  0	  0	  0	  0	  0	  0	  0	  0	  0	  0	  0	  0	  0	  0	  0	  0	  0	  0	  0	  0	  0	  0	  0	  0	 60	 57	 86	 63	  0	 73	  0	  0	  0	  0	  0	  0	  0	  0	  0	  0	  0	  5	17977	  0
05-06-2015	08:06:17	<-	L	00000000	 26	 63	 57	 73	  0	 33	  0	  4	  4	  4	  4	  4	  4	  4	  4	  0	  0	  0	  0	  0	  0	  0	  0	  0	  0	  0	  0	  0	  0	  0	  0	  0	  0	  0	  0	  0	  0	  0	  0	 60	 57	 86	 63	  0	 73	  0	  0	  0	  0	  0	  0	  0	  0	  0	  0	  0	  5	17977	  0
05-06-2015	08:11:17	<-	L	00000000	 26	 63	 57	 73	  0	 38	  0	  4	  4	  4	  4	  4	  4	  4	  4	  0	  0	  0	  0	  0	  0	  0	  0	  0	  0	  0	  0	  0	  0	  0	  0	  0	  0	  0	  0	  0	  0	  0	  0	 60	 57	 86	 63	  0	 73	  0	  0	  0	  0	  0	  0	  0	  0	  0	  0	  0	  5	17977	  0
05-06-2015	08:16:18	<-	L	00000000	 26	 63	 57	 73	  0	 43	  0	  4	  4	  4	  4	  4	  4	  4	  4	  0	  0	  0	  0	  0	  0	  0	  0	  0	  0	  0	  0	  0	  0	  0	  0	  0	  0	  0	  0	  0	  0	  0	  0	 61	 57	 81	 63	  0	 73	  0	  0	  0	  0	  0	  0	  0	  0	  0	  0	  0	  5	17977	  0
05-06-2015	08:21:18	<-	L	00000000	 26	 63	 57	 78	  0	 48	  0	  4	  4	  4	  4	  4	  4	  4	  4	  0	  0	  0	  0	  0	  0	  0	  0	  0	  0	  0	  0	  0	  0	  0	  0	  0	  0	  0	  0	  0	  0	  0	  0	 59	 57	 90	 63	  0	 73	  0	  0	  0	  0	  0	  0	  0	  0	  0	  0	  0	  5	17977	  0
05-06-2015	08:26:18	<-	L	00000000	 26	 63	 57	 73	  0	 53	  0	  4	  4	  4	  4	  4	  4	  4	  4	  0	  0	  0	  0	  0	  0	  0	  0	  0	  0	  0	  0	  0	  0	  0	  0	  0	  0	  0	  0	  0	  0	  0	  0	 59	 57	 90	 63	  0	 73	  0	  0	  0	  0	  0	  0	  0	  0	  0	  0	  0	  5	17977	  0
05-06-2015	08:31:18	<-	L	00000000	 26	 63	 57	 73	  0	 58	  0	  4	  4	  4	  4	  4	  4	  4	  4	  0	  0	  0	  0	  0	  0	  0	  0	  0	  0	  0	  0	  0	  0	  0	  0	  0	  0	  0	  0	  0	  0	  0	  0	 60	 57	 86	 63	  0	 73	  0	  0	  0	  0	  0	  0	  0	  0	  0	  0	  0	  5	17977	  0
05-06-2015	08:36:19	<-	L	00000000	 26	 64	 57	 70	  0	 63	  0	  4	  4	  4	  4	  4	  4	  4	  4	  0	  0	  0	  0	  0	  0	  0	  0	  0	  0	  0	  0	  0	  0	  0	  0	  0	  0	  0	  0	  0	  0	  0	  0	 58	 57	 94	 64	  0	 70	  0	  0	  0	  0	  0	  0	  0	  0	  0	  0	  0	  5	17985	  0
05-06-2015	08:41:18	<-	L	00000000	 26	 64	 58	 73	  0	 68	  0	  4	  4	  4	  4	  4	  4	  4	  4	  0	  0	  0	  0	  0	  0	  0	  0	  0	  0	  0	  0	  0	  0	  0	  0	  0	  0	  0	  0	  0	  0	  0	  0	 58	 58	100	 64	  0	 73	  0	  0	  0	  0	  0	  0	  0	  0	  0	  0	  0	  5	17985	  0
05-06-2015	08:46:18	->	L	00000000	 26	 63	 58	 79	  0	 73	  0	  4	  4	  4	  4	  4	  4	  4	  4	  0	  0	  0	  0	  0	  0	  0	  0	  0	  0	  0	  0	  0	  0	  0	  0	  0	  0	  0	  0	  0	  0	  0	  0	 58	 58	100	 63	  0	 79	  0	  0	  0	  0	  0	  0	  0	  0	  0	  0	  0	  5	17985	  0
05-06-2015	08:51:18	->	L	00000000	 26	 66	 56	 59	  0	 78	  0	  4	  4	  4	  4	  4	  4	  4	  4	  0	  0	  0	  0	  0	  0	  0	  0	  0	  0	  0	  0	  0	  0	  0	  0	  0	  0	  0	  0	  0	  0	  0	  0	 58	 56	 90	 66	  0	 59	  0	  0	  0	  0	  0	  0	  0	  0	  0	  0	  0	  5	17985	  0
05-06-2015	08:56:18	->	L	00000000	 26	 68	 56	 54	  0	 83	  0	  4	  4	  4	  4	  4	  4	  4	  4	  0	  0	  0	  0	  0	  0	  0	  0	  0	  0	  0	  0	  0	  0	  0	  0	  0	  0	  0	  0	  0	  0	  0	  0	 59	 56	 86	 68	  0	 54	  0	  0	  0	  0	  0	  0	  0	  0	  0	  0	  0	  5	17985	  0
05-06-2015	09:01:18	->	L	00000000	 26	 70	 57	 51	  0	 88	  0	  4	  4	  4	  4	  4	  4	  4	  4	  0	  0	  0	  0	  0	  0	  0	  0	  0	  0	  0	  0	  0	  0	  0	  0	  0	  0	  0	  0	  0	  0	  0	  0	 59	 57	 90	 70	  0	 51	  0	  0	  0	  0	  0	  0	  0	  0	  0	  0	  0	  5	17985	  0
05-06-2015	09:06:18	->	L	00000000	 26	 70	 57	 51	  0	 93	  0	  4	  4	  4	  4	  4	  4	  4	  4	  0	  0	  0	  0	  0	  0	  0	  0	  0	  0	  0	  0	  0	  0	  0	  0	  0	  0	  0	  0	  0	  0	  0	  0	 60	 57	 86	 70	  0	 51	  0	  0	  0	  0	  0	  0	  0	  0	  0	  0	  0	  5	17985	  0
05-06-2015	09:11:18	->	L	00000000	 26	 69	 57	 54	  0	 98	  0	  4	  4	  4	  4	  4	  4	  4	  4	  0	  0	  0	  0	  0	  0	  0	  0	  0	  0	  0	  0	  0	  0	  0	  0	  0	  0	  0	  0	  0	  0	  0	  0	 60	 57	 86	 69	  0	 54	  0	  0	  0	  0	  0	  0	  0	  0	  0	  0	  0	  5	17985	  0
05-06-2015	09:16:19	->	L	00000000	 26	 69	 57	 54	  0	103	  0	  4	  4	  4	  4	  4	  4	  4	  4	  0	  0	  0	  0	  0	  0	  0	  0	  0	  0	  0	  0	  0	  0	  0	  0	  0	  0	  0	  0	  0	  0	  0	  0	 60	 57	 86	 69	  0	 54	  0	  0	  0	  0	  0	  0	  0	  0	  0	  0	  0	  5	17985	  0
05-06-2015	09:21:19	->	L	00000000	 26	 69	 57	 54	  0	108	  0	  4	  4	  4	  4	  4	  4	  4	  4	  0	  0	  0	  0	  0	  0	  0	  0	  0	  0	  0	  0	  0	  0	  0	  0	  0	  0	  0	  0	  0	  0	  0	  0	 59	 57	 90	 69	  0	 54	  0	  0	  0	  0	  0	  0	  0	  0	  0	  0	  0	  5	17985	  0
05-06-2015	09:26:19	->	L	00000000	 26	 69	 57	 57	  0	113	  0	  4	  4	  4	  4	  4	  4	  4	  4	  0	  0	  0	  0	  0	  0	  0	  0	  0	  0	  0	  0	  0	  0	  0	  0	  0	  0	  0	  0	  0	  0	  0	  0	 60	 57	 86	 69	  0	 54	  0	  0	  0	  0	  0	  0	  0	  0	  0	  0	  0	  5	17985	  0
05-06-2015	09:31:19	->	L	00000000	 26	 68	 57	 57	  0	118	  0	  4	  4	  4	  4	  4	  4	  4	  4	  0	  0	  0	  0	  0	  0	  0	  0	  0	  0	  0	  0	  0	  0	  0	  0	  0	  0	  0	  0	  0	  0	  0	  0	 60	 57	 86	 68	  0	 57	  0	  0	  0	  0	  0	  0	  0	  0	  0	  0	  0	  5	17985	  0
05-06-2015	09:36:19	->	L	00000000	 26	 68	 57	 57	  0	123	  0	  4	  4	  4	  4	  4	  4	  4	  4	  0	  0	  0	  0	  0	  0	  0	  0	  0	  0	  0	  0	  0	  0	  0	  0	  0	  0	  0	  0	  0	  0	  0	  0	 60	 57	 86	 68	  0	 57	  0	  0	  0	  0	  0	  0	  0	  0	  0	  0	  0	  5	17985	  0
05-06-2015	09:41:19	->	L	00000000	 26	 70	 58	 54	  0	128	  0	  4	  4	  4	  4	  4	  4	  4	  4	  0	  0	  0	  0	  0	  0	  0	  0	  0	  0	  0	  0	  0	  0	  0	  0	  0	  0	  0	  0	  0	  0	  0	  0	 60	 58	 90	 70	  0	 54	  0	  0	  0	  0	  0	  0	  0	  0	  0	  0	  0	  5	17985	  0
05-06-2015	09:46:19	->	L	00000000	 26	 71	 58	 51	  0	133	  0	  4	  4	  4	  4	  4	  4	  4	  4	  0	  0	  0	  0	  0	  0	  0	  0	  0	  0	  0	  0	  0	  0	  0	  0	  0	  0	  0	  0	  0	  0	  0	  0	 61	 58	 86	 71	  0	 51	  0	  0	  0	  0	  0	  0	  0	  0	  0	  0	  0	  5	17985	  0
05-06-2015	09:51:19	->	L	00000000	 26	 71	 58	 51	  0	138	  0	  4	  4	  4	  4	  4	  4	  4	  4	  0	  0	  0	  0	  0	  0	  0	  0	  0	  0	  0	  0	  0	  0	  0	  0	  0	  0	  0	  0	  0	  0	  0	  0	 61	 58	 86	 71	  0	 51	  0	  0	  0	  0	  0	  0	  0	  0	  0	  0	  0	  5	17985	  0
05-06-2015	09:56:20	->	L	00000000	 26	 70	 58	 54	  0	143	  0	  4	  4	  4	  4	  4	  4	  4	  4	  0	  0	  0	  0	  0	  0	  0	  0	  0	  0	  0	  0	  0	  0	  0	  0	  0	  0	  0	  0	  0	  0	  0	  0	 61	 58	 86	 70	  0	 54	  0	  0	  0	  0	  0	  0	  0	  0	  0	  0	  0	  5	17985	  0
05-06-2015	10:01:19	->	L	00000000	 26	 68	 58	 57	  0	148	  0	  4	  4	  4	  4	  4	  4	  4	  4	  0	  0	  0	  0	  0	  0	  0	  0	  0	  0	  0	  0	  0	  0	  0	  0	  0	  0	  0	  0	  0	  0	  0	  0	 61	 58	 86	 68	  0	 60	  0	  0	  0	  0	  0	  0	  0	  0	  0	  0	  0	  5	17985	  0
05-06-2015	10:06:19	->	L	00000000	 26	 67	 58	 66	  0	153	  0	  4	  4	  4	  4	  4	  4	  4	  4	  0	  0	  0	  0	  0	  0	  0	  0	  0	  0	  0	  0	  0	  0	  0	  0	  0	  0	  0	  0	  0	  0	  0	  0	 60	 58	 90	 67	  0	 63	  0	  0	  0	  0	  0	  0	  0	  0	  0	  0	  0	  5	17985	  0
