21-01-2015	06:36:23	->	L	00000000	 27	 82	 52	 23	  0	 78	  0	  9	  7	 11	  6	  6	  6	  5	  5	  0	  0	  0	  0	  0	  0	  0	  0	  0	  0	  0	  0	  0	  0	  0	  0	  0	  0	  0	  0	  0	  0	  0	  0	 73	 52	 31	 82	  0	 23	  0	  0	  0	  0	  0	  0	  0	  0	  0	  0	  0	  5	21816	  0
21-01-2015	06:41:24	->	L	00000000	 27	 83	 53	 24	  0	 83	  0	  4	  4	  5	  4	  4	  4	  4	  4	  0	  0	  0	  0	  0	  0	  0	  0	  0	  0	  0	  0	  0	  0	  0	  0	  0	  0	  0	  0	  0	  0	  0	  0	 74	 53	 31	 83	  0	 23	  0	  0	  0	  0	  0	  0	  0	  0	  0	  0	  0	  5	21816	  0
21-01-2015	06:46:24	->	L	00000000	 27	 85	 54	 23	  0	 88	  0	  4	  4	  5	  4	  4	  4	  4	  4	  0	  0	  0	  0	  0	  0	  0	  0	  0	  0	  0	  0	  0	  0	  0	  0	  0	  0	  0	  0	  0	  0	  0	  0	 76	 54	 31	 85	  0	 23	  0	  0	  0	  0	  0	  0	  0	  0	  0	  0	  0	  5	21816	  0
21-01-2015	06:51:24	->	L	00000000	 27	 81	 55	 26	  0	 93	  0	  4	  4	  5	  4	  4	  4	  4	  4	  0	  0	  0	  0	  0	  0	  0	  0	  0	  0	  0	  0	  0	  0	  0	  0	  0	  0	  0	  0	  0	  0	  0	  0	 75	 55	 35	 81	  0	 28	  0	  0	  0	  0	  0	  0	  0	  0	  0	  0	  0	  5	21816	  0
21-01-2015	06:56:24	->	L	00000000	 27	 85	 55	 24	  0	 98	  0	  4	  4	  5	  4	  4	  4	  4	  4	  0	  0	  0	  0	  0	  0	  0	  0	  0	  0	  0	  0	  0	  0	  0	  0	  0	  0	  0	  0	  0	  0	  0	  0	 77	 55	 32	 85	  0	 24	  0	  0	  0	  0	  0	  0	  0	  0	  0	  0	  0	  5	21816	  0
21-01-2015	07:01:24	->	L	00000000	 27	 83	 56	 26	  0	103	  0	  4	  4	  5	  4	  4	  4	  4	  4	  0	  0	  0	  0	  0	  0	  0	  0	  0	  0	  0	  0	  0	  0	  0	  0	  0	  0	  0	  0	  0	  0	  0	  0	 77	 56	 33	 83	  0	 27	  0	  0	  0	  0	  0	  0	  0	  0	  0	  0	  0	  5	21816	  0
21-01-2015	07:06:24	->	L	00000000	 27	 85	 57	 27	  0	108	  0	  4	  4	  4	  4	  4	  4	  4	  4	  0	  0	  0	  0	  0	  0	  0	  0	  0	  0	  0	  0	  0	  0	  0	  0	  0	  0	  0	  0	  0	  0	  0	  0	 78	 57	 33	 85	  0	 27	  0	  0	  0	  0	  0	  0	  0	  0	  0	  0	  0	  5	21816	  0
21-01-2015	07:11:24	->	L	00000000	 27	 85	 57	 27	  0	113	  0	  4	  4	  4	  4	  4	  4	  4	  4	  0	  0	  0	  0	  0	  0	  0	  0	  0	  0	  0	  0	  0	  0	  0	  0	  0	  0	  0	  0	  0	  0	  0	  0	 78	 57	 33	 85	  0	 27	  0	  0	  0	  0	  0	  0	  0	  0	  0	  0	  0	  5	21816	  0
21-01-2015	07:16:24	->	L	00000000	 27	 84	 56	 27	  0	118	  0	  4	  4	  5	  4	  4	  4	  4	  4	  0	  0	  0	  0	  0	  0	  0	  0	  0	  0	  0	  0	  0	  0	  0	  0	  0	  0	  0	  0	  0	  0	  0	  0	 77	 56	 33	 84	  0	 26	  0	  0	  0	  0	  0	  0	  0	  0	  0	  0	  0	  5	21816	  0
21-01-2015	07:21:24	->	L	00000000	 28	 84	 56	 25	  0	  2	  0	  4	  4	  5	  4	  4	  4	  4	  4	  0	  0	  0	  0	  0	  0	  0	  0	  0	  0	  0	  0	  0	  0	  0	  0	  0	  0	  0	  0	  0	  0	  0	  0	 78	 56	 32	 84	  0	 26	  0	  0	  0	  0	  0	  0	  0	  0	  0	  0	  0	  5	21812	  0
21-01-2015	07:26:24	->	L	00000000	 28	 81	 54	 26	  0	  7	  0	  4	  4	  4	  4	  4	  4	  4	  4	  0	  0	  0	  0	  0	  0	  0	  0	  0	  0	  0	  0	  0	  0	  0	  0	  0	  0	  0	  0	  0	  0	  0	  0	 76	 54	 31	 81	  0	 26	  0	  0	  0	  0	  0	  0	  0	  0	  0	  0	  0	  5	21812	  0
21-01-2015	07:31:25	->	L	00000000	 28	 89	 55	 22	  0	 12	  0	  4	  4	  4	  4	  4	  4	  4	  4	  0	  0	  0	  0	  0	  0	  0	  0	  0	  0	  0	  0	  0	  0	  0	  0	  0	  0	  0	  0	  0	  0	  0	  0	 79	 55	 30	 89	  0	 21	  0	  0	  0	  0	  0	  0	  0	  0	  0	  0	  0	  5	21812	  0
21-01-2015	07:36:24	<-	L	00000000	 28	 82	 57	 28	  0	 17	  0	  4	  4	  4	  4	  4	  4	  4	  4	  0	  0	  0	  0	  0	  0	  0	  0	  0	  0	  0	  0	  0	  0	  0	  0	  0	  0	  0	  0	  0	  0	  0	  0	 82	 57	 29	 79	  0	 33	  0	  0	  0	  0	  0	  0	  0	  0	  0	  0	  0	  5	21812	  0
21-01-2015	07:41:25	<-	L	00000000	 28	 83	 56	 27	  0	 22	  0	  4	  4	  5	  4	  4	  4	  4	  4	  0	  0	  0	  0	  0	  0	  0	  0	  0	  0	  0	  0	  0	  0	  0	  0	  0	  0	  0	  0	  0	  0	  0	  0	 83	 56	 27	 83	  0	 27	  0	  0	  0	  0	  0	  0	  0	  0	  0	  0	  0	  5	21812	  0
21-01-2015	07:46:25	<-	L	00000000	 28	 84	 55	 24	  0	 27	  0	  4	  4	  5	  4	  4	  4	  4	  4	  0	  0	  0	  0	  0	  0	  0	  0	  0	  0	  0	  0	  0	  0	  0	  0	  0	  0	  0	  0	  0	  0	  0	  0	 82	 55	 26	 84	  0	 24	  0	  0	  0	  0	  0	  0	  0	  0	  0	  0	  0	  5	21812	  0
21-01-2015	07:51:25	<-	L	00000000	 28	 84	 55	 24	  0	 32	  0	  4	  4	  5	  4	  4	  4	  4	  4	  0	  0	  0	  0	  0	  0	  0	  0	  0	  0	  0	  0	  0	  0	  0	  0	  0	  0	  0	  0	  0	  0	  0	  0	 82	 55	 26	 84	  0	 24	  0	  0	  0	  0	  0	  0	  0	  0	  0	  0	  0	  5	21812	  0
21-01-2015	07:56:25	<-	L	00000000	 28	 84	 56	 26	  0	 37	  0	  4	  4	  5	  4	  4	  4	  4	  4	  0	  0	  0	  0	  0	  0	  0	  0	  0	  0	  0	  0	  0	  0	  0	  0	  0	  0	  0	  0	  0	  0	  0	  0	 76	 56	 36	 84	  0	 26	  0	  0	  0	  0	  0	  0	  0	  0	  0	  0	  0	  5	21812	  0
21-01-2015	08:01:25	<-	L	00000000	 28	 90	 56	 22	  0	 42	  0	  4	  4	  5	  4	  4	  4	  4	  4	  0	  0	  0	  0	  0	  0	  0	  0	  0	  0	  0	  0	  0	  0	  0	  0	  0	  0	  0	  0	  0	  0	  0	  0	 90	 56	 22	 84	  0	 26	  0	  0	  0	  0	  0	  0	  0	  0	  0	  0	  0	  5	21812	  0
21-01-2015	08:06:25	<-	L	00000000	 28	 81	 55	 28	  0	 47	  0	  4	  4	  4	  4	  4	  4	  4	  4	  0	  0	  0	  0	  0	  0	  0	  0	  0	  0	  0	  0	  0	  0	  0	  0	  0	  0	  0	  0	  0	  0	  0	  0	 81	 55	 28	 79	  0	 30	  0	  0	  0	  0	  0	  0	  0	  0	  0	  0	  0	  5	21812	  0
21-01-2015	08:11:25	<-	L	00000000	 28	 87	 56	 23	  0	 52	  0	  4	  4	  4	  4	  4	  4	  4	  4	  0	  0	  0	  0	  0	  0	  0	  0	  0	  0	  0	  0	  0	  0	  0	  0	  0	  0	  0	  0	  0	  0	  0	  0	 87	 56	 23	 84	  0	 26	  0	  0	  0	  0	  0	  0	  0	  0	  0	  0	  0	  5	21812	  0
21-01-2015	08:16:25	<-	L	00000000	 28	 83	 55	 26	  0	 57	  0	  4	  4	  4	  4	  4	  4	  4	  4	  0	  0	  0	  0	  0	  0	  0	  0	  0	  0	  0	  0	  0	  0	  0	  0	  0	  0	  0	  0	  0	  0	  0	  0	 83	 55	 26	 83	  0	 26	  0	  0	  0	  0	  0	  0	  0	  0	  0	  0	  0	  5	21812	  0
21-01-2015	08:21:25	<-	L	00000000	 28	 84	 55	 26	  0	 62	  0	  4	  4	  5	  4	  4	  4	  4	  4	  0	  0	  0	  0	  0	  0	  0	  0	  0	  0	  0	  0	  0	  0	  0	  0	  0	  0	  0	  0	  0	  0	  0	  0	 83	 55	 26	 84	  0	 24	  0	  0	  0	  0	  0	  0	  0	  0	  0	  0	  0	  5	21812	  0
21-01-2015	08:26:25	<-	L	00000000	 28	 85	 55	 24	  0	 67	  0	  4	  4	  5	  4	  4	  4	  4	  4	  0	  0	  0	  0	  0	  0	  0	  0	  0	  0	  0	  0	  0	  0	  0	  0	  0	  0	  0	  0	  0	  0	  0	  0	 83	 55	 26	 85	  0	 24	  0	  0	  0	  0	  0	  0	  0	  0	  0	  0	  0	  5	21812	  0
21-01-2015	08:31:25	<-	L	00000000	 28	 84	 55	 24	  0	 72	  0	  4	  4	  5	  4	  4	  4	  4	  4	  0	  0	  0	  0	  0	  0	  0	  0	  0	  0	  0	  0	  0	  0	  0	  0	  0	  0	  0	  0	  0	  0	  0	  0	 82	 55	 26	 84	  0	 24	  0	  0	  0	  0	  0	  0	  0	  0	  0	  0	  0	  5	21812	  0
21-01-2015	08:36:26	<-	L	00000000	 28	 84	 55	 24	  0	 77	  0	  4	  4	  5	  4	  4	  4	  4	  4	  0	  0	  0	  0	  0	  0	  0	  0	  0	  0	  0	  0	  0	  0	  0	  0	  0	  0	  0	  0	  0	  0	  0	  0	 82	 55	 26	 84	  0	 24	  0	  0	  0	  0	  0	  0	  0	  0	  0	  0	  0	  5	21812	  0
21-01-2015	08:41:26	<-	L	00000000	 28	 85	 55	 24	  0	 82	  0	  4	  4	  5	  4	  4	  4	  4	  4	  0	  0	  0	  0	  0	  0	  0	  0	  0	  0	  0	  0	  0	  0	  0	  0	  0	  0	  0	  0	  0	  0	  0	  0	 83	 55	 26	 85	  0	 24	  0	  0	  0	  0	  0	  0	  0	  0	  0	  0	  0	  5	21812	  0
21-01-2015	08:46:26	<-	L	00000000	 28	 83	 55	 24	  0	 87	  0	  4	  4	  5	  4	  4	  4	  4	  4	  0	  0	  0	  0	  0	  0	  0	  0	  0	  0	  0	  0	  0	  0	  0	  0	  0	  0	  0	  0	  0	  0	  0	  0	 81	 55	 28	 83	  0	 26	  0	  0	  0	  0	  0	  0	  0	  0	  0	  0	  0	  5	21812	  0
21-01-2015	08:51:26	<-	L	00000000	 28	 84	 55	 24	  0	 92	  0	  4	  4	  5	  4	  4	  4	  4	  4	  0	  0	  0	  0	  0	  0	  0	  0	  0	  0	  0	  0	  0	  0	  0	  0	  0	  0	  0	  0	  0	  0	  0	  0	 81	 55	 28	 84	  0	 24	  0	  0	  0	  0	  0	  0	  0	  0	  0	  0	  0	  5	21812	  0
21-01-2015	08:56:26	<-	L	00000000	 28	 85	 55	 24	  0	 97	  0	  4	  4	  5	  4	  4	  4	  4	  4	  0	  0	  0	  0	  0	  0	  0	  0	  0	  0	  0	  0	  0	  0	  0	  0	  0	  0	  0	  0	  0	  0	  0	  0	 82	 55	 26	 85	  0	 24	  0	  0	  0	  0	  0	  0	  0	  0	  0	  0	  0	  5	21812	  0
21-01-2015	09:01:26	<-	L	00000000	 28	 83	 55	 26	  0	102	  0	  4	  4	  5	  4	  4	  4	  4	  4	  0	  0	  0	  0	  0	  0	  0	  0	  0	  0	  0	  0	  0	  0	  0	  0	  0	  0	  0	  0	  0	  0	  0	  0	 80	 55	 28	 83	  0	 26	  0	  0	  0	  0	  0	  0	  0	  0	  0	  0	  0	  5	21812	  0
21-01-2015	09:06:26	<-	L	00000000	 28	 85	 55	 24	  0	107	  0	  4	  4	  5	  4	  4	  4	  4	  4	  0	  0	  0	  0	  0	  0	  0	  0	  0	  0	  0	  0	  0	  0	  0	  0	  0	  0	  0	  0	  0	  0	  0	  0	 81	 55	 28	 85	  0	 24	  0	  0	  0	  0	  0	  0	  0	  0	  0	  0	  0	  5	21812	  0
21-01-2015	09:11:26	<-	L	00000000	 28	 85	 55	 24	  0	112	  0	  4	  4	  5	  4	  4	  4	  4	  4	  0	  0	  0	  0	  0	  0	  0	  0	  0	  0	  0	  0	  0	  0	  0	  0	  0	  0	  0	  0	  0	  0	  0	  0	 82	 55	 26	 85	  0	 24	  0	  0	  0	  0	  0	  0	  0	  0	  0	  0	  0	  5	21812	  0
21-01-2015	09:16:26	<-	L	00000000	 28	 82	 54	 26	  0	117	  0	  4	  4	  5	  4	  4	  4	  4	  4	  0	  0	  0	  0	  0	  0	  0	  0	  0	  0	  0	  0	  0	  0	  0	  0	  0	  0	  0	  0	  0	  0	  0	  0	 79	 54	 27	 82	  0	 25	  0	  0	  0	  0	  0	  0	  0	  0	  0	  0	  0	  5	21812	  0
21-01-2015	09:21:26	<-	L	00000000	 29	 85	 55	 24	  0	  1	  0	  4	  4	  5	  4	  4	  4	  4	  4	  0	  0	  0	  0	  0	  0	  0	  0	  0	  0	  0	  0	  0	  0	  0	  0	  0	  0	  0	  0	  0	  0	  0	  0	 82	 55	 26	 85	  0	 24	  0	  0	  0	  0	  0	  0	  0	  0	  0	  0	  0	  5	21810	  0
21-01-2015	09:26:26	<-	L	00000000	 29	 85	 55	 24	  0	  6	  0	  4	  4	  5	  4	  4	  4	  4	  4	  0	  0	  0	  0	  0	  0	  0	  0	  0	  0	  0	  0	  0	  0	  0	  0	  0	  0	  0	  0	  0	  0	  0	  0	 83	 55	 26	 85	  0	 24	  0	  0	  0	  0	  0	  0	  0	  0	  0	  0	  0	  5	21810	  0
21-01-2015	09:31:26	<-	L	00000000	 29	 83	 55	 24	  0	 11	  0	  4	  4	  6	  4	  4	  4	  4	  4	  0	  0	  0	  0	  0	  0	  0	  0	  0	  0	  0	  0	  0	  0	  0	  0	  0	  0	  0	  0	  0	  0	  0	  0	 80	 55	 28	 83	  0	 26	  0	  0	  0	  0	  0	  0	  0	  0	  0	  0	  0	  5	21810	  0
21-01-2015	09:36:26	<-	L	00000000	 29	 84	 55	 24	  0	 16	  0	  4	  4	  6	  4	  4	  4	  4	  4	  0	  0	  0	  0	  0	  0	  0	  0	  0	  0	  0	  0	  0	  0	  0	  0	  0	  0	  0	  0	  0	  0	  0	  0	 82	 55	 26	 84	  0	 24	  0	  0	  0	  0	  0	  0	  0	  0	  0	  0	  0	  5	21810	  0
21-01-2015	09:41:26	<-	L	00000000	 29	 85	 55	 24	  0	 21	  0	  4	  4	  6	  4	  4	  4	  4	  4	  0	  0	  0	  0	  0	  0	  0	  0	  0	  0	  0	  0	  0	  0	  0	  0	  0	  0	  0	  0	  0	  0	  0	  0	 83	 55	 26	 85	  0	 24	  0	  0	  0	  0	  0	  0	  0	  0	  0	  0	  0	  5	21810	  0
21-01-2015	09:46:27	<-	L	00000000	 29	 85	 55	 24	  0	 26	  0	  4	  4	  6	  4	  4	  5	  5	  4	  0	  0	  0	  0	  0	  0	  0	  0	  0	  0	  0	  0	  0	  0	  0	  0	  0	  0	  0	  0	  0	  0	  0	  0	 82	 55	 26	 85	  0	 24	  0	  0	  0	  0	  0	  0	  0	  0	  0	  0	  0	  5	21810	  0
21-01-2015	09:51:27	<-	L	00000000	 29	 83	 54	 24	  0	 31	  0	  4	  4	  6	  4	  4	  5	  5	  4	  0	  0	  0	  0	  0	  0	  0	  0	  0	  0	  0	  0	  0	  0	  0	  0	  0	  0	  0	  0	  0	  0	  0	  0	 80	 54	 28	 83	  0	 24	  0	  0	  0	  0	  0	  0	  0	  0	  0	  0	  0	  5	21810	  0
21-01-2015	09:56:27	<-	L	00000000	 29	 84	 55	 23	  0	 36	  0	  4	  4	  6	  4	  4	  5	  5	  4	  0	  0	  0	  0	  0	  0	  0	  0	  0	  0	  0	  0	  0	  0	  0	  0	  0	  0	  0	  0	  0	  0	  0	  0	 80	 55	 28	 84	  0	 24	  0	  0	  0	  0	  0	  0	  0	  0	  0	  0	  0	  5	21810	  0
21-01-2015	10:01:27	<-	L	00000000	 29	 86	 55	 23	  0	 41	  0	  4	  4	  6	  4	  4	  5	  5	  4	  0	  0	  0	  0	  0	  0	  0	  0	  0	  0	  0	  0	  0	  0	  0	  0	  0	  0	  0	  0	  0	  0	  0	  0	 81	 55	 28	 86	  0	 23	  0	  0	  0	  0	  0	  0	  0	  0	  0	  0	  0	  5	21810	  0
21-01-2015	10:06:27	<-	L	00000000	 29	 84	 55	 24	  0	 46	  0	  4	  4	  6	  4	  4	  5	  5	  4	  0	  0	  0	  0	  0	  0	  0	  0	  0	  0	  0	  0	  0	  0	  0	  0	  0	  0	  0	  0	  0	  0	  0	  0	 81	 55	 28	 84	  0	 24	  0	  0	  0	  0	  0	  0	  0	  0	  0	  0	  0	  5	21810	  0
21-01-2015	10:11:27	<-	L	00000000	 29	 83	 54	 24	  0	 51	  0	  4	  4	  6	  4	  4	  5	  5	  4	  0	  0	  0	  0	  0	  0	  0	  0	  0	  0	  0	  0	  0	  0	  0	  0	  0	  0	  0	  0	  0	  0	  0	  0	 80	 54	 28	 83	  0	 24	  0	  0	  0	  0	  0	  0	  0	  0	  0	  0	  0	  5	21810	  0
21-01-2015	10:16:27	<-	L	00000000	 29	 85	 55	 24	  0	 56	  0	  4	  4	  6	  4	  4	  5	  5	  4	  0	  0	  0	  0	  0	  0	  0	  0	  0	  0	  0	  0	  0	  0	  0	  0	  0	  0	  0	  0	  0	  0	  0	  0	 79	 55	 30	 85	  0	 24	  0	  0	  0	  0	  0	  0	  0	  0	  0	  0	  0	  5	21810	  0
21-01-2015	10:21:27	<-	L	00000000	 29	 86	 55	 23	  0	 61	  0	  4	  4	  6	  4	  4	  5	  5	  4	  0	  0	  0	  0	  0	  0	  0	  0	  0	  0	  0	  0	  0	  0	  0	  0	  0	  0	  0	  0	  0	  0	  0	  0	 81	 55	 28	 86	  0	 23	  0	  0	  0	  0	  0	  0	  0	  0	  0	  0	  0	  5	21810	  0
21-01-2015	10:26:27	<-	L	00000000	 29	 83	 55	 24	  0	 66	  0	  4	  4	  7	  4	  4	  5	  5	  4	  0	  0	  0	  0	  0	  0	  0	  0	  0	  0	  0	  0	  0	  0	  0	  0	  0	  0	  0	  0	  0	  0	  0	  0	 80	 55	 28	 83	  0	 26	  0	  0	  0	  0	  0	  0	  0	  0	  0	  0	  0	  5	21810	  0
21-01-2015	10:31:27	<-	L	00000000	 29	 84	 55	 24	  0	 71	  0	  4	  4	  7	  4	  4	  5	  5	  4	  0	  0	  0	  0	  0	  0	  0	  0	  0	  0	  0	  0	  0	  0	  0	  0	  0	  0	  0	  0	  0	  0	  0	  0	 80	 55	 28	 84	  0	 24	  0	  0	  0	  0	  0	  0	  0	  0	  0	  0	  0	  5	21810	  0
21-01-2015	10:36:27	->	L	00000000	 29	 79	 55	 30	  0	 76	  0	  4	  4	  7	  4	  5	  5	  5	  4	  0	  0	  0	  0	  0	  0	  0	  0	  0	  0	  0	  0	  0	  0	  0	  0	  0	  0	  0	  0	  0	  0	  0	  0	 78	 55	 29	 79	  0	 30	  0	  0	  0	  0	  0	  0	  0	  0	  0	  0	  0	  5	21810	  0
21-01-2015	10:41:27	->	L	00000000	 29	 84	 56	 26	  0	 81	  0	  5	  4	  7	  4	  5	  5	  5	  4	  0	  0	  0	  0	  0	  0	  0	  0	  0	  0	  0	  0	  0	  0	  0	  0	  0	  0	  0	  0	  0	  0	  0	  0	 82	 56	 29	 84	  0	 26	  0	  0	  0	  0	  0	  0	  0	  0	  0	  0	  0	  5	21810	  0
21-01-2015	10:46:28	->	L	00000000	 29	 83	 55	 24	  0	 86	  0	  5	  4	  7	  4	  5	  5	  5	  4	  0	  0	  0	  0	  0	  0	  0	  0	  0	  0	  0	  0	  0	  0	  0	  0	  0	  0	  0	  0	  0	  0	  0	  0	 81	 55	 28	 83	  0	 26	  0	  0	  0	  0	  0	  0	  0	  0	  0	  0	  0	  5	21810	  0
21-01-2015	10:51:28	->	L	00000000	 29	 83	 55	 26	  0	 91	  0	  5	  4	  7	  4	  5	  5	  5	  5	  0	  0	  0	  0	  0	  0	  0	  0	  0	  0	  0	  0	  0	  0	  0	  0	  0	  0	  0	  0	  0	  0	  0	  0	 81	 55	 28	 83	  0	 26	  0	  0	  0	  0	  0	  0	  0	  0	  0	  0	  0	  5	21810	  0
21-01-2015	10:56:28	->	L	00000000	 29	 86	 55	 23	  0	 96	  0	  5	  4	  7	  4	  5	  5	  5	  5	  0	  0	  0	  0	  0	  0	  0	  0	  0	  0	  0	  0	  0	  0	  0	  0	  0	  0	  0	  0	  0	  0	  0	  0	 83	 55	 26	 86	  0	 23	  0	  0	  0	  0	  0	  0	  0	  0	  0	  0	  0	  5	21810	  0
21-01-2015	11:01:28	->	L	00000000	 29	 83	 55	 24	  0	101	  0	  5	  4	  7	  4	  5	  5	  5	  5	  0	  0	  0	  0	  0	  0	  0	  0	  0	  0	  0	  0	  0	  0	  0	  0	  0	  0	  0	  0	  0	  0	  0	  0	 82	 55	 26	 83	  0	 26	  0	  0	  0	  0	  0	  0	  0	  0	  0	  0	  0	  5	21810	  0
21-01-2015	11:06:28	->	L	00000000	 29	 85	 55	 24	  0	106	  0	  5	  4	  8	  4	  5	  5	  5	  5	  0	  0	  0	  0	  0	  0	  0	  0	  0	  0	  0	  0	  0	  0	  0	  0	  0	  0	  0	  0	  0	  0	  0	  0	 82	 55	 26	 85	  0	 24	  0	  0	  0	  0	  0	  0	  0	  0	  0	  0	  0	  5	21810	  0
21-01-2015	11:11:28	->	L	00000000	 29	 86	 55	 23	  0	111	  0	  5	  4	  9	  4	  5	  5	  5	  4	  0	  0	  0	  0	  0	  0	  0	  0	  0	  0	  0	  0	  0	  0	  0	  0	  0	  0	  0	  0	  0	  0	  0	  0	 84	 55	 24	 86	  0	 23	  0	  0	  0	  0	  0	  0	  0	  0	  0	  0	  0	  5	21810	  0
21-01-2015	11:16:28	->	L	00000000	 29	 83	 54	 23	  0	116	 14	  5	  4	  9	  4	  5	  5	  5	  4	  0	  0	  0	  0	  0	  0	  0	  0	  0	  0	  0	  0	  0	  0	  0	  0	  0	  0	  0	  0	  0	  0	  0	  0	 82	 54	 25	 83	  0	 24	  0	  0	  0	  0	  0	  0	  0	  0	  0	  0	  0	  5	21810	  0
21-01-2015	11:21:28	->	L	00000000	210	 85	 54	 23	  0	  0	 14	  6	  4	  9	  5	  5	  5	  5	  5	  0	  0	  0	  0	  0	  0	  0	  0	  0	  0	  0	  0	  0	  0	  0	  0	  0	  0	  0	  0	  0	  0	  0	  0	 82	 54	 25	 85	  0	 23	  0	  0	  0	  0	  0	  0	  0	  0	  0	  0	  0	  5	21808	  0
21-01-2015	11:26:28	->	L	00000000	210	 86	 55	 23	  0	  5	  0	  7	  5	  9	  6	  5	  6	  6	  5	  0	  0	  0	  0	  0	  0	  0	  0	  0	  0	  0	  0	  0	  0	  0	  0	  0	  0	  0	  0	  0	  0	  0	  0	 84	 55	 24	 86	  0	 23	  0	  0	  0	  0	  0	  0	  0	  0	  0	  0	  0	  5	21808	  0
21-01-2015	11:31:28	->	L	00000000	210	 84	 54	 24	  0	 10	  0	  8	  5	  9	  6	  5	  6	  6	  5	  0	  0	  0	  0	  0	  0	  0	  0	  0	  0	  0	  0	  0	  0	  0	  0	  0	  0	  0	  0	  0	  0	  0	  0	 82	 54	 25	 84	  0	 23	  0	  0	  0	  0	  0	  0	  0	  0	  0	  0	  0	  5	21808	  0
21-01-2015	11:36:28	  	L	00000000	210	 84	 54	 23	  0	 15	  0	  8	  6	  9	  6	  5	  6	  6	  5	  0	  0	  0	  0	  0	  0	  0	  0	  0	  0	  0	  0	  0	  0	  0	  0	  0	  0	  0	  0	  0	  0	  0	  0	 82	 54	 25	 84	  0	 23	  0	  0	  0	  0	  0	  0	  0	  0	  0	  0	  0	  5	21808	  0
21-01-2015	11:41:28	<-	L	00000000	210	 85	 57	 27	  0	 20	  0	  8	  6	  9	  6	  5	  6	  6	  5	  0	  0	  0	  0	  0	  0	  0	  0	  0	  0	  0	  0	  0	  0	  0	  0	  0	  0	  0	  0	  0	  0	  0	  0	 83	 57	 29	 85	  0	 27	  0	  0	  0	  0	  0	  0	  0	  0	  0	  0	  0	  5	21808	  0
21-01-2015	11:46:28	<-	L	00000000	210	 86	 55	 23	  0	 25	  0	  7	  5	  9	  5	  5	  5	  5	  4	  0	  0	  0	  0	  0	  0	  0	  0	  0	  0	  0	  0	  0	  0	  0	  0	  0	  0	  0	  0	  0	  0	  0	  0	 83	 55	 26	 86	  0	 23	  0	  0	  0	  0	  0	  0	  0	  0	  0	  0	  0	  5	21808	  0
21-01-2015	11:51:28	<-	L	00000000	210	 83	 55	 24	  0	 30	  0	  6	  5	  9	  4	  5	  6	  6	  5	  0	  0	  0	  0	  0	  0	  0	  0	  0	  0	  0	  0	  0	  0	  0	  0	  0	  0	  0	  0	  0	  0	  0	  0	 80	 55	 28	 83	  0	 26	  0	  0	  0	  0	  0	  0	  0	  0	  0	  0	  0	  5	21808	  0
21-01-2015	11:56:29	<-	L	00000000	210	 84	 55	 24	  0	 35	  0	  7	  5	  9	  5	  5	  6	  6	  5	  0	  0	  0	  0	  0	  0	  0	  0	  0	  0	  0	  0	  0	  0	  0	  0	  0	  0	  0	  0	  0	  0	  0	  0	 81	 55	 28	 84	  0	 24	  0	  0	  0	  0	  0	  0	  0	  0	  0	  0	  0	  5	21808	  0
21-01-2015	12:01:29	<-	L	00000000	210	 86	 55	 23	  0	 40	  0	  7	  5	  9	  5	  5	  6	  6	  5	  0	  0	  0	  0	  0	  0	  0	  0	  0	  0	  0	  0	  0	  0	  0	  0	  0	  0	  0	  0	  0	  0	  0	  0	 81	 55	 28	 86	  0	 23	  0	  0	  0	  0	  0	  0	  0	  0	  0	  0	  0	  5	21808	  0
21-01-2015	12:06:29	<-	L	00000000	210	 84	 55	 24	  0	 45	  0	  8	  6	  9	  6	  6	  6	  6	  5	  0	  0	  0	  0	  0	  0	  0	  0	  0	  0	  0	  0	  0	  0	  0	  0	  0	  0	  0	  0	  0	  0	  0	  0	 80	 55	 28	 84	  0	 24	  0	  0	  0	  0	  0	  0	  0	  0	  0	  0	  0	  5	21808	  0
21-01-2015	12:11:29	<-	L	00000000	210	 84	 55	 24	  0	 50	  0	  8	  6	  9	  6	  6	  6	  6	  5	  0	  0	  0	  0	  0	  0	  0	  0	  0	  0	  0	  0	  0	  0	  0	  0	  0	  0	  0	  0	  0	  0	  0	  0	 80	 55	 28	 84	  0	 24	  0	  0	  0	  0	  0	  0	  0	  0	  0	  0	  0	  5	21808	  0
21-01-2015	12:41:29	  	L	00000000	210	 59	 42	 35	  0	 55	  0	 10	  8	 11	  8	  9	  9	  9	  9	  0	  0	  0	  0	  0	  0	  0	  0	  0	  0	  0	  0	  0	  0	  0	  0	  0	  0	  0	  0	  0	  0	  0	  0	 59	 42	 35	 55	  0	 45	  0	  0	  0	  0	  0	  0	  0	  0	  0	  0	  0	  5	21808	  0
21-01-2015	12:46:29	<-	L	00000000	210	 80	 53	 28	  0	 60	  0	 10	  7	 10	  8	  8	  9	  9	  8	  0	  0	  0	  0	  0	  0	  0	  0	  0	  0	  0	  0	  0	  0	  0	  0	  0	  0	  0	  0	  0	  0	  0	  0	 77	 53	 29	 80	  0	 26	  0	  0	  0	  0	  0	  0	  0	  0	  0	  0	  0	  5	21808	  0
21-01-2015	12:51:29	<-	L	00000000	210	 82	 53	 24	  0	 65	  0	  9	  6	  9	  7	  6	  7	  7	  6	  0	  0	  0	  0	  0	  0	  0	  0	  0	  0	  0	  0	  0	  0	  0	  0	  0	  0	  0	  0	  0	  0	  0	  0	 77	 53	 29	 82	  0	 24	  0	  0	  0	  0	  0	  0	  0	  0	  0	  0	  0	  5	21808	  0
21-01-2015	12:56:29	<-	L	00000000	210	 84	 53	 22	  0	 70	  0	  9	  6	  9	  6	  6	  7	  7	  6	  0	  0	  0	  0	  0	  0	  0	  0	  0	  0	  0	  0	  0	  0	  0	  0	  0	  0	  0	  0	  0	  0	  0	  0	 80	 53	 26	 84	  0	 22	  0	  0	  0	  0	  0	  0	  0	  0	  0	  0	  0	  5	21808	  0
21-01-2015	13:01:30	<-	L	00000000	210	 86	 53	 21	  0	 75	  0	  9	  6	  9	  7	  6	  7	  7	  6	  0	  0	  0	  0	  0	  0	  0	  0	  0	  0	  0	  0	  0	  0	  0	  0	  0	  0	  0	  0	  0	  0	  0	  0	 83	 53	 23	 86	  0	 21	  0	  0	  0	  0	  0	  0	  0	  0	  0	  0	  0	  5	21808	  0
21-01-2015	13:06:30	<-	L	00000000	210	 84	 53	 22	  0	 80	  0	  9	  6	  8	  7	  6	  7	  7	  6	  0	  0	  0	  0	  0	  0	  0	  0	  0	  0	  0	  0	  0	  0	  0	  0	  0	  0	  0	  0	  0	  0	  0	  0	 81	 53	 25	 84	  0	 22	  0	  0	  0	  0	  0	  0	  0	  0	  0	  0	  0	  5	21808	  0
21-01-2015	13:11:30	<-	L	00000000	210	 83	 53	 24	  0	 85	  0	  9	  7	  8	  7	  7	  7	  6	  6	  0	  0	  0	  0	  0	  0	  0	  0	  0	  0	  0	  0	  0	  0	  0	  0	  0	  0	  0	  0	  0	  0	  0	  0	 80	 53	 26	 83	  0	 23	  0	  0	  0	  0	  0	  0	  0	  0	  0	  0	  0	  5	21808	  0
21-01-2015	13:16:30	<-	L	00000000	210	 87	 54	 22	  0	 90	  0	  9	  7	  8	  6	  7	  7	  6	  6	  0	  0	  0	  0	  0	  0	  0	  0	  0	  0	  0	  0	  0	  0	  0	  0	  0	  0	  0	  0	  0	  0	  0	  0	 84	 54	 23	 87	  0	 21	  0	  0	  0	  0	  0	  0	  0	  0	  0	  0	  0	  5	21808	  0
21-01-2015	13:21:30	<-	L	00000000	210	 85	 54	 23	  0	 95	  0	  8	  6	  8	  6	  7	  6	  6	  5	  0	  0	  0	  0	  0	  0	  0	  0	  0	  0	  0	  0	  0	  0	  0	  0	  0	  0	  0	  0	  0	  0	  0	  0	 82	 54	 25	 85	  0	 23	  0	  0	  0	  0	  0	  0	  0	  0	  0	  0	  0	  5	21808	  0
21-01-2015	13:26:30	<-	L	00000000	210	 82	 53	 24	  0	100	  0	  8	  6	  8	  6	  7	  6	  7	  6	  0	  0	  0	  0	  0	  0	  0	  0	  0	  0	  0	  0	  0	  0	  0	  0	  0	  0	  0	  0	  0	  0	  0	  0	 80	 53	 26	 82	  0	 24	  0	  0	  0	  0	  0	  0	  0	  0	  0	  0	  0	  5	21808	  0
21-01-2015	13:31:30	<-	L	00000000	210	 87	 54	 21	  0	105	  0	  8	  7	  8	  7	  6	  7	  7	  6	  0	  0	  0	  0	  0	  0	  0	  0	  0	  0	  0	  0	  0	  0	  0	  0	  0	  0	  0	  0	  0	  0	  0	  0	 85	 54	 23	 87	  0	 21	  0	  0	  0	  0	  0	  0	  0	  0	  0	  0	  0	  5	21808	  0
21-01-2015	13:36:30	<-	L	00000000	210	 84	 54	 23	  0	110	  0	  8	  7	  8	  7	  6	  7	  7	  6	  0	  0	  0	  0	  0	  0	  0	  0	  0	  0	  0	  0	  0	  0	  0	  0	  0	  0	  0	  0	  0	  0	  0	  0	 82	 54	 25	 84	  0	 23	  0	  0	  0	  0	  0	  0	  0	  0	  0	  0	  0	  5	21808	  0
21-01-2015	13:41:30	<-	L	00000000	210	 84	 54	 23	  0	115	  0	  8	  7	  8	  7	  6	  7	  7	  6	  0	  0	  0	  0	  0	  0	  0	  0	  0	  0	  0	  0	  0	  0	  0	  0	  0	  0	  0	  0	  0	  0	  0	  0	 82	 54	 25	 84	  0	 23	  0	  0	  0	  0	  0	  0	  0	  0	  0	  0	  0	  5	21808	  0
21-01-2015	13:46:31	<-	L	00000000	210	 88	 54	 21	  0	120	  0	  8	  8	  8	  8	  7	  8	  8	  6	  0	  0	  0	  0	  0	  0	  0	  0	  0	  0	  0	  0	  0	  0	  0	  0	  0	  0	  0	  0	  0	  0	  0	  0	 86	 54	 22	 88	  0	 21	  0	  0	  0	  0	  0	  0	  0	  0	  0	  0	  0	  5	21808	  0
21-01-2015	13:51:30	<-	L	00000000	210	 86	 54	 22	  0	125	  0	  8	  8	  8	  8	  7	  8	  8	  7	  0	  0	  0	  0	  0	  0	  0	  0	  0	  0	  0	  0	  0	  0	  0	  0	  0	  0	  0	  0	  0	  0	  0	  0	 83	 54	 24	 86	  0	 22	  0	  0	  0	  0	  0	  0	  0	  0	  0	  0	  0	  5	21808	  0
21-01-2015	13:56:30	<-	L	00000000	210	 84	 54	 24	  0	130	  0	  8	  8	  8	  8	  7	  8	  8	  7	  0	  0	  0	  0	  0	  0	  0	  0	  0	  0	  0	  0	  0	  0	  0	  0	  0	  0	  0	  0	  0	  0	  0	  0	 81	 54	 26	 84	  0	 23	  0	  0	  0	  0	  0	  0	  0	  0	  0	  0	  0	  5	21808	  0
21-01-2015	14:01:31	<-	L	00000000	210	 88	 54	 21	  0	135	  0	  8	  8	  8	  8	  7	  8	  8	  7	  0	  0	  0	  0	  0	  0	  0	  0	  0	  0	  0	  0	  0	  0	  0	  0	  0	  0	  0	  0	  0	  0	  0	  0	 86	 54	 22	 88	  0	 21	  0	  0	  0	  0	  0	  0	  0	  0	  0	  0	  0	  5	21808	  0
21-01-2015	14:06:31	<-	L	00000000	210	 84	 54	 23	  0	140	  0	  8	  8	  8	  8	  7	  8	  8	  7	  0	  0	  0	  0	  0	  0	  0	  0	  0	  0	  0	  0	  0	  0	  0	  0	  0	  0	  0	  0	  0	  0	  0	  0	 81	 54	 26	 84	  0	 23	  0	  0	  0	  0	  0	  0	  0	  0	  0	  0	  0	  5	21808	  0
21-01-2015	14:11:31	<-	L	00000000	210	 87	 54	 22	  0	145	  0	  8	  8	  8	  9	  8	  8	  8	  7	  0	  0	  0	  0	  0	  0	  0	  0	  0	  0	  0	  0	  0	  0	  0	  0	  0	  0	  0	  0	  0	  0	  0	  0	 86	 54	 22	 87	  0	 21	  0	  0	  0	  0	  0	  0	  0	  0	  0	  0	  0	  5	21808	  0
21-01-2015	14:16:31	<-	L	00000000	210	 85	 54	 22	  0	150	  0	  8	  8	  8	  8	  7	  8	  8	  6	  0	  0	  0	  0	  0	  0	  0	  0	  0	  0	  0	  0	  0	  0	  0	  0	  0	  0	  0	  0	  0	  0	  0	  0	 83	 54	 24	 85	  0	 23	  0	  0	  0	  0	  0	  0	  0	  0	  0	  0	  0	  5	21808	  0
21-01-2015	14:21:31	<-	L	00000000	210	 82	 54	 25	  0	155	  0	  8	  8	  8	  8	  7	  7	  7	  6	  0	  0	  0	  0	  0	  0	  0	  0	  0	  0	  0	  0	  0	  0	  0	  0	  0	  0	  0	  0	  0	  0	  0	  0	 79	 54	 27	 82	  0	 25	  0	  0	  0	  0	  0	  0	  0	  0	  0	  0	  0	  5	21808	  0
21-01-2015	14:26:31	<-	L	00000000	210	 87	 54	 22	  0	160	  0	  8	  8	  8	  8	  7	  8	  8	  6	  0	  0	  0	  0	  0	  0	  0	  0	  0	  0	  0	  0	  0	  0	  0	  0	  0	  0	  0	  0	  0	  0	  0	  0	 85	 54	 23	 87	  0	 21	  0	  0	  0	  0	  0	  0	  0	  0	  0	  0	  0	  5	21808	  0
21-01-2015	14:31:31	<-	L	00000000	210	 85	 54	 23	  0	165	  0	  8	  8	  8	  8	  7	  8	  8	  7	  0	  0	  0	  0	  0	  0	  0	  0	  0	  0	  0	  0	  0	  0	  0	  0	  0	  0	  0	  0	  0	  0	  0	  0	 82	 54	 25	 85	  0	 23	  0	  0	  0	  0	  0	  0	  0	  0	  0	  0	  0	  5	21808	  0
21-01-2015	14:36:31	<-	L	00000000	210	 82	 54	 25	  0	170	  0	  8	  8	  8	  8	  7	  8	  8	  7	  0	  0	  0	  0	  0	  0	  0	  0	  0	  0	  0	  0	  0	  0	  0	  0	  0	  0	  0	  0	  0	  0	  0	  0	 79	 54	 27	 82	  0	 25	  0	  0	  0	  0	  0	  0	  0	  0	  0	  0	  0	  5	21808	  0
21-01-2015	14:41:31	<-	L	00000000	210	 87	 54	 22	  0	175	  0	  8	  8	  8	  8	  7	  8	  8	  7	  0	  0	  0	  0	  0	  0	  0	  0	  0	  0	  0	  0	  0	  0	  0	  0	  0	  0	  0	  0	  0	  0	  0	  0	 85	 54	 23	 87	  0	 21	  0	  0	  0	  0	  0	  0	  0	  0	  0	  0	  0	  5	21808	  0
21-01-2015	14:46:31	<-	L	00000000	210	 87	 54	 21	  0	180	  0	  8	  8	  8	  8	  7	  8	  8	  7	  0	  0	  0	  0	  0	  0	  0	  0	  0	  0	  0	  0	  0	  0	  0	  0	  0	  0	  0	  0	  0	  0	  0	  0	 85	 54	 23	 87	  0	 21	  0	  0	  0	  0	  0	  0	  0	  0	  0	  0	  0	  5	21808	  0
21-01-2015	14:51:31	<-	L	00000000	210	 82	 54	 25	  0	185	  0	  8	  8	  8	  8	  7	  8	  8	  8	  0	  0	  0	  0	  0	  0	  0	  0	  0	  0	  0	  0	  0	  0	  0	  0	  0	  0	  0	  0	  0	  0	  0	  0	 80	 54	 28	 82	  0	 25	  0	  0	  0	  0	  0	  0	  0	  0	  0	  0	  0	  5	21808	  0
21-01-2015	14:56:31	<-	L	00000000	210	 87	 54	 21	  0	190	  0	  8	  8	  8	  8	  8	  8	  8	  7	  0	  0	  0	  0	  0	  0	  0	  0	  0	  0	  0	  0	  0	  0	  0	  0	  0	  0	  0	  0	  0	  0	  0	  0	 85	 54	 23	 87	  0	 21	  0	  0	  0	  0	  0	  0	  0	  0	  0	  0	  0	  5	21808	  0
21-01-2015	15:01:32	<-	L	00000000	210	 82	 54	 25	  0	195	  0	  8	  8	  8	  8	  8	  8	  9	  8	  0	  0	  0	  0	  0	  0	  0	  0	  0	  0	  0	  0	  0	  0	  0	  0	  0	  0	  0	  0	  0	  0	  0	  0	 80	 54	 28	 82	  0	 25	  0	  0	  0	  0	  0	  0	  0	  0	  0	  0	  0	  5	21808	  0
21-01-2015	15:06:32	->	L	00000000	210	 84	 56	 24	  0	200	  0	  9	  8	  8	  8	  8	  8	  8	  8	  0	  0	  0	  0	  0	  0	  0	  0	  0	  0	  0	  0	  0	  0	  0	  0	  0	  0	  0	  0	  0	  0	  0	  0	 84	 56	 24	 82	  0	 26	  0	  0	  0	  0	  0	  0	  0	  0	  0	  0	  0	  5	21808	  0
21-01-2015	15:11:32	->	L	00000000	210	 85	 55	 26	  0	205	  0	  8	  8	  8	  8	  8	  8	  8	  7	  0	  0	  0	  0	  0	  0	  0	  0	  0	  0	  0	  0	  0	  0	  0	  0	  0	  0	  0	  0	  0	  0	  0	  0	 83	 55	 26	 85	  0	 24	  0	  0	  0	  0	  0	  0	  0	  0	  0	  0	  0	  5	21808	  0
21-01-2015	15:16:32	->	L	00000000	210	 89	 55	 21	  0	210	  0	  8	  8	  8	  8	  7	  8	  8	  7	  0	  0	  0	  0	  0	  0	  0	  0	  0	  0	  0	  0	  0	  0	  0	  0	  0	  0	  0	  0	  0	  0	  0	  0	 85	 55	 24	 89	  0	 21	  0	  0	  0	  0	  0	  0	  0	  0	  0	  0	  0	  5	21808	  0
21-01-2015	15:21:32	->	L	00000000	210	 82	 54	 24	  0	215	  0	  8	  8	  8	  8	  8	  8	  8	  7	  0	  0	  0	  0	  0	  0	  0	  0	  0	  0	  0	  0	  0	  0	  0	  0	  0	  0	  0	  0	  0	  0	  0	  0	 82	 54	 25	 82	  0	 25	  0	  0	  0	  0	  0	  0	  0	  0	  0	  0	  0	  5	21808	  0
21-01-2015	15:26:32	->	L	00000000	210	 89	 54	 20	  0	220	  0	  8	  8	  8	  8	  8	  8	  8	  7	  0	  0	  0	  0	  0	  0	  0	  0	  0	  0	  0	  0	  0	  0	  0	  0	  0	  0	  0	  0	  0	  0	  0	  0	 85	 54	 23	 89	  0	 20	  0	  0	  0	  0	  0	  0	  0	  0	  0	  0	  0	  5	21808	  0
21-01-2015	15:31:32	->	L	00000000	210	 82	 54	 24	  0	225	  0	  8	  8	  9	  8	  8	  8	  8	  8	  0	  0	  0	  0	  0	  0	  0	  0	  0	  0	  0	  0	  0	  0	  0	  0	  0	  0	  0	  0	  0	  0	  0	  0	 82	 54	 25	 82	  0	 25	  0	  0	  0	  0	  0	  0	  0	  0	  0	  0	  0	  5	21808	  0
21-01-2015	15:36:32	->	L	00000000	210	 88	 54	 21	  0	230	  0	  8	  8	  9	  8	  8	  8	  8	  8	  0	  0	  0	  0	  0	  0	  0	  0	  0	  0	  0	  0	  0	  0	  0	  0	  0	  0	  0	  0	  0	  0	  0	  0	 84	 54	 23	 88	  0	 21	  0	  0	  0	  0	  0	  0	  0	  0	  0	  0	  0	  5	21808	  0
21-01-2015	15:41:32	->	L	00000000	210	 82	 54	 25	  0	235	  0	  8	  8	  8	  8	  8	  9	  8	  8	  0	  0	  0	  0	  0	  0	  0	  0	  0	  0	  0	  0	  0	  0	  0	  0	  0	  0	  0	  0	  0	  0	  0	  0	 82	 54	 25	 82	  0	 25	  0	  0	  0	  0	  0	  0	  0	  0	  0	  0	  0	  5	21808	  0
21-01-2015	15:46:32	->	L	00000000	210	 88	 54	 21	  0	240	  0	  8	  8	  9	  8	  8	  8	  8	  8	  0	  0	  0	  0	  0	  0	  0	  0	  0	  0	  0	  0	  0	  0	  0	  0	  0	  0	  0	  0	  0	  0	  0	  0	 85	 54	 23	 88	  0	 21	  0	  0	  0	  0	  0	  0	  0	  0	  0	  0	  0	  5	21808	  0
21-01-2015	15:51:33	->	L	00000000	210	 82	 54	 24	  0	245	  0	  8	  8	  8	  8	  8	  8	  8	  7	  0	  0	  0	  0	  0	  0	  0	  0	  0	  0	  0	  0	  0	  0	  0	  0	  0	  0	  0	  0	  0	  0	  0	  0	 82	 54	 25	 82	  0	 25	  0	  0	  0	  0	  0	  0	  0	  0	  0	  0	  0	  5	21808	  0
21-01-2015	15:56:33	->	L	00000000	210	 88	 54	 21	  0	250	  0	  8	  8	  8	  8	  8	  8	  8	  7	  0	  0	  0	  0	  0	  0	  0	  0	  0	  0	  0	  0	  0	  0	  0	  0	  0	  0	  0	  0	  0	  0	  0	  0	 85	 54	 23	 88	  0	 21	  0	  0	  0	  0	  0	  0	  0	  0	  0	  0	  0	  5	21808	  0
21-01-2015	16:01:33	->	L	00000000	210	 83	 53	 22	  0	255	  0	  8	  8	  8	  8	  8	  8	  8	  8	  0	  0	  0	  0	  0	  0	  0	  0	  0	  0	  0	  0	  0	  0	  0	  0	  0	  0	  0	  0	  0	  0	  0	  0	 82	 53	 24	 83	  0	 23	  0	  0	  0	  0	  0	  0	  0	  0	  0	  0	  0	  5	21808	  0
21-01-2015	16:06:33	->	L	00000000	210	 88	 54	 20	  0	260	  0	  8	  8	  8	  8	  8	  8	  8	  8	  0	  0	  0	  0	  0	  0	  0	  0	  0	  0	  0	  0	  0	  0	  0	  0	  0	  0	  0	  0	  0	  0	  0	  0	 84	 54	 23	 88	  0	 21	  0	  0	  0	  0	  0	  0	  0	  0	  0	  0	  0	  5	21808	  0
21-01-2015	16:11:33	->	L	00000000	210	 85	 54	 22	  0	265	  0	  8	  8	  8	  8	  8	  8	  8	  8	  0	  0	  0	  0	  0	  0	  0	  0	  0	  0	  0	  0	  0	  0	  0	  0	  0	  0	  0	  0	  0	  0	  0	  0	 84	 54	 23	 85	  0	 23	  0	  0	  0	  0	  0	  0	  0	  0	  0	  0	  0	  5	21808	  0
21-01-2015	16:16:33	->	L	00000000	210	 85	 54	 22	  0	270	  0	  8	  8	  8	  8	  8	  8	  8	  7	  0	  0	  0	  0	  0	  0	  0	  0	  0	  0	  0	  0	  0	  0	  0	  0	  0	  0	  0	  0	  0	  0	  0	  0	 83	 54	 24	 85	  0	 23	  0	  0	  0	  0	  0	  0	  0	  0	  0	  0	  0	  5	21825	  0
21-01-2015	16:21:33	->	L	00000000	210	 89	 57	 23	  0	275	  0	  8	  8	  8	  8	  7	  8	  8	  7	  0	  0	  0	  0	  0	  0	  0	  0	  0	  0	  0	  0	  0	  0	  0	  0	  0	  0	  0	  0	  0	  0	  0	  0	 87	 57	 24	 89	  0	 23	  0	  0	  0	  0	  0	  0	  0	  0	  0	  0	  0	  5	21825	  0
21-01-2015	16:26:33	->	L	00000000	210	 86	 58	 27	  0	280	  0	  8	  8	  8	  8	  7	  8	  8	  7	  0	  0	  0	  0	  0	  0	  0	  0	  0	  0	  0	  0	  0	  0	  0	  0	  0	  0	  0	  0	  0	  0	  0	  0	 85	 58	 28	 86	  0	 27	  0	  0	  0	  0	  0	  0	  0	  0	  0	  0	  0	  5	21825	  0
21-01-2015	16:31:33	->	L	00000000	210	 83	 59	 31	  0	285	  0	  8	  8	  8	  8	  8	  8	  8	  7	  0	  0	  0	  0	  0	  0	  0	  0	  0	  0	  0	  0	  0	  0	  0	  0	  0	  0	  0	  0	  0	  0	  0	  0	 83	 59	 31	 83	  0	 31	  0	  0	  0	  0	  0	  0	  0	  0	  0	  0	  0	  5	21825	  0
21-01-2015	16:36:33	->	L	00000000	210	 86	 60	 30	  0	290	  0	  8	  8	  8	  8	  8	  8	  8	  7	  0	  0	  0	  0	  0	  0	  0	  0	  0	  0	  0	  0	  0	  0	  0	  0	  0	  0	  0	  0	  0	  0	  0	  0	 84	 60	 32	 86	  0	 30	  0	  0	  0	  0	  0	  0	  0	  0	  0	  0	  0	  5	21825	  0
21-01-2015	16:41:33	->	L	00000000	210	 88	 60	 28	  0	295	  0	  8	  7	  8	  7	  8	  8	  8	  7	  0	  0	  0	  0	  0	  0	  0	  0	  0	  0	  0	  0	  0	  0	  0	  0	  0	  0	  0	  0	  0	  0	  0	  0	 86	 60	 30	 88	  0	 28	  0	  0	  0	  0	  0	  0	  0	  0	  0	  0	  0	  5	21825	  0
21-01-2015	16:46:34	->	L	00000000	210	 89	 61	 28	  0	300	  0	  8	  7	  8	  7	  7	  8	  8	  7	  0	  0	  0	  0	  0	  0	  0	  0	  0	  0	  0	  0	  0	  0	  0	  0	  0	  0	  0	  0	  0	  0	  0	  0	 87	 61	 30	 89	  0	 28	  0	  0	  0	  0	  0	  0	  0	  0	  0	  0	  0	  5	21825	  0
21-01-2015	16:51:33	->	L	00000000	210	 87	 61	 29	  0	305	  0	  8	  7	  8	  7	  7	  8	  8	  7	  0	  0	  0	  0	  0	  0	  0	  0	  0	  0	  0	  0	  0	  0	  0	  0	  0	  0	  0	  0	  0	  0	  0	  0	 86	 61	 30	 87	  0	 30	  0	  0	  0	  0	  0	  0	  0	  0	  0	  0	  0	  5	21825	  0
21-01-2015	16:56:34	->	L	00000000	210	 85	 61	 32	  0	310	  0	  8	  7	  8	  7	  7	  8	  8	  7	  0	  0	  0	  0	  0	  0	  0	  0	  0	  0	  0	  0	  0	  0	  0	  0	  0	  0	  0	  0	  0	  0	  0	  0	 85	 61	 32	 85	  0	 32	  0	  0	  0	  0	  0	  0	  0	  0	  0	  0	  0	  5	21825	  0
21-01-2015	17:01:34	->	L	00000000	 30	 83	 61	 32	  0	  1	  0	  8	  7	  8	  7	  7	  8	  8	  7	  0	  0	  0	  0	  0	  0	  0	  0	  0	  0	  0	  0	  0	  0	  0	  0	  0	  0	  0	  0	  0	  0	  0	  0	 83	 61	 35	 83	  0	 35	  0	  0	  0	  0	  0	  0	  0	  0	  0	  0	  0	  5	20560	  1
21-01-2015	17:06:34	->	L	00000000	 30	 82	 63	 40	  0	  6	  0	  8	  7	  8	  7	  8	  8	  8	  7	  0	  0	  0	  0	  0	  0	  0	  0	  0	  0	  0	  0	  0	  0	  0	  0	  0	  0	  0	  0	  0	  0	  0	  0	 82	 63	 40	 81	  0	 43	  0	  0	  0	  0	  0	  0	  0	  0	  0	  0	  0	  5	20560	  1
21-01-2015	17:11:34	->	L	00000000	 30	 83	 66	 48	  0	 11	  0	  9	  7	  9	  7	  9	  9	  9	  8	  0	  0	  0	  0	  0	  0	  0	  0	  0	  0	  0	  0	  0	  0	  0	  0	  0	  0	  0	  0	  0	  0	  0	  0	 83	 66	 45	 81	  0	 50	  0	  0	  0	  0	  0	  0	  0	  0	  0	  0	  0	  5	20560	  1
21-01-2015	17:16:34	->	L	00000000	 30	 80	 67	 54	  0	 16	  0	  9	  7	  9	  7	  8	  9	  9	  8	  0	  0	  0	  0	  0	  0	  0	  0	  0	  0	  0	  0	  0	  0	  0	  0	  0	  0	  0	  0	  0	  0	  0	  0	 80	 67	 54	 78	  0	 60	  0	  0	  0	  0	  0	  0	  0	  0	  0	  0	  0	  5	20560	  1
21-01-2015	17:21:34	->	L	00000000	 30	 82	 68	 50	  0	 21	  0	  9	  7	  9	  7	  8	  9	  9	  8	  0	  0	  0	  0	  0	  0	  0	  0	  0	  0	  0	  0	  0	  0	  0	  0	  0	  0	  0	  0	  0	  0	  0	  0	 82	 68	 52	 81	  0	 55	  0	  0	  0	  0	  0	  0	  0	  0	  0	  0	  0	  5	20560	  1
21-01-2015	17:26:34	->	L	00000000	 30	 80	 68	 58	  0	 26	  0	  9	  7	  9	  7	  8	  8	  9	  7	  0	  0	  0	  0	  0	  0	  0	  0	  0	  0	  0	  0	  0	  0	  0	  0	  0	  0	  0	  0	  0	  0	  0	  0	 80	 68	 58	 79	  0	 60	  0	  0	  0	  0	  0	  0	  0	  0	  0	  0	  0	  5	20560	  1
21-01-2015	17:31:34	->	L	00000000	 30	 82	 69	 55	  0	 31	  0	  8	  7	  9	  7	  8	  8	  8	  7	  0	  0	  0	  0	  0	  0	  0	  0	  0	  0	  0	  0	  0	  0	  0	  0	  0	  0	  0	  0	  0	  0	  0	  0	 82	 69	 55	 81	  0	 58	  0	  0	  0	  0	  0	  0	  0	  0	  0	  0	  0	  5	20560	  1
21-01-2015	17:36:34	->	L	00000000	 30	 80	 69	 60	  0	 36	  0	  8	  6	  9	  6	  7	  8	  8	  7	  0	  0	  0	  0	  0	  0	  0	  0	  0	  0	  0	  0	  0	  0	  0	  0	  0	  0	  0	  0	  0	  0	  0	  0	 80	 69	 60	 79	  0	 63	  0	  0	  0	  0	  0	  0	  0	  0	  0	  0	  0	  5	20560	  1
21-01-2015	17:41:34	->	L	00000000	 30	 83	 69	 52	  0	 41	  0	  9	  7	  9	  6	  7	  8	  8	  7	  0	  0	  0	  0	  0	  0	  0	  0	  0	  0	  0	  0	  0	  0	  0	  0	  0	  0	  0	  0	  0	  0	  0	  0	 83	 69	 52	 83	  0	 52	  0	  0	  0	  0	  0	  0	  0	  0	  0	  0	  0	  5	20560	  1
21-01-2015	17:46:34	->	L	00000000	 30	 80	 70	 63	  0	 46	  0	  8	  6	  9	  6	  7	  8	  8	  7	  0	  0	  0	  0	  0	  0	  0	  0	  0	  0	  0	  0	  0	  0	  0	  0	  0	  0	  0	  0	  0	  0	  0	  0	 80	 70	 63	 80	  0	 63	  0	  0	  0	  0	  0	  0	  0	  0	  0	  0	  0	  5	20560	  1
21-01-2015	17:51:35	->	L	00000000	 30	 81	 70	 63	  0	 51	  0	  9	  7	  9	  6	  7	  8	  8	  7	  0	  0	  0	  0	  0	  0	  0	  0	  0	  0	  0	  0	  0	  0	  0	  0	  0	  0	  0	  0	  0	  0	  0	  0	 81	 70	 61	 81	  0	 61	  0	  0	  0	  0	  0	  0	  0	  0	  0	  0	  0	  5	20560	  1
21-01-2015	17:56:35	->	L	00000000	 30	 81	 71	 64	  0	 56	  0	  9	  7	  9	  6	  7	  7	  8	  7	  0	  0	  0	  0	  0	  0	  0	  0	  0	  0	  0	  0	  0	  0	  0	  0	  0	  0	  0	  0	  0	  0	  0	  0	 81	 71	 64	 81	  0	 64	  0	  0	  0	  0	  0	  0	  0	  0	  0	  0	  0	  5	20560	  1
21-01-2015	18:01:35	->	L	00000000	 30	 80	 71	 67	  0	 61	  0	  9	  6	  9	  6	  7	  7	  8	  7	  0	  0	  0	  0	  0	  0	  0	  0	  0	  0	  0	  0	  0	  0	  0	  0	  0	  0	  0	  0	  0	  0	  0	  0	 80	 71	 67	 79	  0	 70	  0	  0	  0	  0	  0	  0	  0	  0	  0	  0	  0	  5	20560	  1
21-01-2015	18:06:35	  	L	00000000	 30	 79	 71	 70	  0	 66	  0	  9	  8	  9	  6	  8	  8	  8	  7	  0	  0	  0	  0	  0	  0	  0	  0	  0	  0	  0	  0	  0	  0	  0	  0	  0	  0	  0	  0	  0	  0	  0	  0	 79	 71	 70	 79	  0	 70	  0	  0	  0	  0	  0	  0	  0	  0	  0	  0	  0	  5	20560	  1
21-01-2015	18:11:35	<-	L	00000000	 30	 83	 70	 55	  0	 71	  0	 10	  9	  9	  6	  8	  7	  7	  6	  0	  0	  0	  0	  0	  0	  0	  0	  0	  0	  0	  0	  0	  0	  0	  0	  0	  0	  0	  0	  0	  0	  0	  0	 83	 70	 55	 83	  0	 55	  0	  0	  0	  0	  0	  0	  0	  0	  0	  0	  0	  5	20560	  1
21-01-2015	18:16:35	<-	L	00000000	 30	 80	 71	 67	  0	 76	  0	  9	  9	  9	  6	  7	  7	  7	  6	  0	  0	  0	  0	  0	  0	  0	  0	  0	  0	  0	  0	  0	  0	  0	  0	  0	  0	  0	  0	  0	  0	  0	  0	 79	 71	 70	 80	  0	 67	  0	  0	  0	  0	  0	  0	  0	  0	  0	  0	  0	  5	20560	  1
21-01-2015	18:21:35	<-	L	00000000	 30	 82	 71	 59	  0	 81	  0	  9	  9	  9	  5	  7	  7	  7	  6	  0	  0	  0	  0	  0	  0	  0	  0	  0	  0	  0	  0	  0	  0	  0	  0	  0	  0	  0	  0	  0	  0	  0	  0	 81	 71	 64	 82	  0	 59	  0	  0	  0	  0	  0	  0	  0	  0	  0	  0	  0	  5	20560	  1
21-01-2015	18:26:35	<-	L	00000000	 30	 80	 71	 67	  0	 86	  0	  9	  9	  9	  5	  7	  7	  7	  6	  0	  0	  0	  0	  0	  0	  0	  0	  0	  0	  0	  0	  0	  0	  0	  0	  0	  0	  0	  0	  0	  0	  0	  0	 79	 71	 70	 80	  0	 67	  0	  0	  0	  0	  0	  0	  0	  0	  0	  0	  0	  5	20560	  1
21-01-2015	18:31:35	<-	L	00000000	 30	 83	 73	 64	  0	 91	  0	 10	  9	  9	  5	  7	  7	  7	  6	  0	  0	  0	  0	  0	  0	  0	  0	  0	  0	  0	  0	  0	  0	  0	  0	  0	  0	  0	  0	  0	  0	  0	  0	 82	 73	 67	 83	  0	 64	  0	  0	  0	  0	  0	  0	  0	  0	  0	  0	  0	  5	20560	  1
21-01-2015	18:36:35	<-	L	00000000	 30	 81	 73	 70	  0	 96	  0	 10	  9	  9	  5	  7	  7	  7	  6	  0	  0	  0	  0	  0	  0	  0	  0	  0	  0	  0	  0	  0	  0	  0	  0	  0	  0	  0	  0	  0	  0	  0	  0	 80	 73	 74	 81	  0	 70	  0	  0	  0	  0	  0	  0	  0	  0	  0	  0	  0	  5	20560	  1
21-01-2015	18:41:36	<-	L	00000000	 30	 80	 73	 76	  0	101	  0	 11	  9	 10	  5	  8	  7	  7	  6	  0	  0	  0	  0	  0	  0	  0	  0	  0	  0	  0	  0	  0	  0	  0	  0	  0	  0	  0	  0	  0	  0	  0	  0	 79	 73	 76	 80	  0	 74	  0	  0	  0	  0	  0	  0	  0	  0	  0	  0	  0	  5	20560	  1
21-01-2015	18:46:35	<-	L	00000000	 30	 80	 74	 76	  0	106	  0	 12	 10	 11	  5	  9	  7	  7	  6	  0	  0	  0	  0	  0	  0	  0	  0	  0	  0	  0	  0	  0	  0	  0	  0	  0	  0	  0	  0	  0	  0	  0	  0	 79	 74	 81	 80	  0	 76	  0	  0	  0	  0	  0	  0	  0	  0	  0	  0	  0	  5	20560	  1
21-01-2015	18:51:35	<-	L	00000000	 30	 80	 74	 76	  0	111	  0	 12	 11	 11	  6	  9	  7	  8	  6	  0	  0	  0	  0	  0	  0	  0	  0	  0	  0	  0	  0	  0	  0	  0	  0	  0	  0	  0	  0	  0	  0	  0	  0	 79	 74	 81	 80	  0	 76	  0	  0	  0	  0	  0	  0	  0	  0	  0	  0	  0	  5	20560	  1
21-01-2015	18:56:36	<-	L	00000000	 30	 80	 74	 76	  0	116	  0	 12	 11	 12	  6	  9	  7	  8	  6	  0	  0	  0	  0	  0	  0	  0	  0	  0	  0	  0	  0	  0	  0	  0	  0	  0	  0	  0	  0	  0	  0	  0	  0	 79	 74	 81	 80	  0	 76	  0	  0	  0	  0	  0	  0	  0	  0	  0	  0	  0	  5	20560	  1
21-01-2015	19:01:36	<-	L	00000000	 30	 80	 74	 76	  0	121	  0	 13	 12	 13	  6	  9	  7	  8	  6	  0	  0	  0	  0	  0	  0	  0	  0	  0	  0	  0	  0	  0	  0	  0	  0	  0	  0	  0	  0	  0	  0	  0	  0	 79	 74	 81	 80	  0	 76	  0	  0	  0	  0	  0	  0	  0	  0	  0	  0	  0	  5	20560	  1
21-01-2015	19:06:36	<-	L	00000000	 30	 80	 75	 81	  0	126	  0	 14	 12	 12	  6	  9	  7	  8	  6	  0	  0	  0	  0	  0	  0	  0	  0	  0	  0	  0	  0	  0	  0	  0	  0	  0	  0	  0	  0	  0	  0	  0	  0	 79	 75	 83	 80	  0	 81	  0	  0	  0	  0	  0	  0	  0	  0	  0	  0	  0	  5	20560	  1
21-01-2015	19:11:37	<-	L	00000000	 30	 80	 75	 81	  0	131	  0	 15	 13	 12	  6	  9	  7	  8	  6	  0	  0	  0	  0	  0	  0	  0	  0	  0	  0	  0	  0	  0	  0	  0	  0	  0	  0	  0	  0	  0	  0	  0	  0	 79	 75	 83	 80	  0	 81	  0	  0	  0	  0	  0	  0	  0	  0	  0	  0	  0	  5	20560	  1
21-01-2015	19:16:36	<-	L	00000000	 30	 80	 75	 81	  0	136	  0	 15	 13	 12	  6	  9	  7	  9	  6	  0	  0	  0	  0	  0	  0	  0	  0	  0	  0	  0	  0	  0	  0	  0	  0	  0	  0	  0	  0	  0	  0	  0	  0	 80	 75	 81	 80	  0	 81	  0	  0	  0	  0	  0	  0	  0	  0	  0	  0	  0	  5	20560	  1
21-01-2015	19:21:36	<-	L	00000000	 30	 80	 76	 83	  0	141	  0	 15	 12	 13	  6	  9	  7	  9	  6	  0	  0	  0	  0	  0	  0	  0	  0	  0	  0	  0	  0	  0	  0	  0	  0	  0	  0	  0	  0	  0	  0	  0	  0	 80	 76	 83	 80	  0	 83	  0	  0	  0	  0	  0	  0	  0	  0	  0	  0	  0	  5	20560	  1
21-01-2015	19:26:36	<-	L	00000000	 30	 80	 76	 83	  0	146	  0	 15	 12	 13	  6	  9	  7	  9	  6	  0	  0	  0	  0	  0	  0	  0	  0	  0	  0	  0	  0	  0	  0	  0	  0	  0	  0	  0	  0	  0	  0	  0	  0	 80	 76	 83	 80	  0	 83	  0	  0	  0	  0	  0	  0	  0	  0	  0	  0	  0	  5	20560	  1
21-01-2015	19:31:36	<-	L	00000000	 30	 81	 77	 81	  0	151	  0	 15	 12	 13	  6	 10	  7	  9	  6	  0	  0	  0	  0	  0	  0	  0	  0	  0	  0	  0	  0	  0	  0	  0	  0	  0	  0	  0	  0	  0	  0	  0	  0	 80	 77	 88	 81	  0	 84	  0	  0	  0	  0	  0	  0	  0	  0	  0	  0	  0	  5	20560	  1
21-01-2015	19:36:37	<-	L	00000000	 30	 81	 77	 84	  0	156	  0	 15	 12	 13	  6	 10	  7	  9	  6	  0	  0	  0	  0	  0	  0	  0	  0	  0	  0	  0	  0	  0	  0	  0	  0	  0	  0	  0	  0	  0	  0	  0	  0	 80	 77	 88	 81	  0	 84	  0	  0	  0	  0	  0	  0	  0	  0	  0	  0	  0	  5	20560	  1
21-01-2015	19:41:37	<-	L	00000000	 30	 81	 77	 84	  0	161	  0	 15	 13	 14	  6	 10	  7	  9	  6	  0	  0	  0	  0	  0	  0	  0	  0	  0	  0	  0	  0	  0	  0	  0	  0	  0	  0	  0	  0	  0	  0	  0	  0	 81	 77	 84	 81	  0	 84	  0	  0	  0	  0	  0	  0	  0	  0	  0	  0	  0	  5	20560	  1
21-01-2015	19:46:37	<-	L	00000000	 30	 81	 77	 84	  0	166	  0	 16	 13	 15	  6	 10	  7	  9	  6	  0	  0	  0	  0	  0	  0	  0	  0	  0	  0	  0	  0	  0	  0	  0	  0	  0	  0	  0	  0	  0	  0	  0	  0	 81	 77	 84	 81	  0	 84	  0	  0	  0	  0	  0	  0	  0	  0	  0	  0	  0	  5	20560	  1
21-01-2015	19:51:37	<-	L	00000000	 30	 81	 77	 84	  0	171	  0	 16	 13	 15	  6	 10	  7	  9	  6	  0	  0	  0	  0	  0	  0	  0	  0	  0	  0	  0	  0	  0	  0	  0	  0	  0	  0	  0	  0	  0	  0	  0	  0	 81	 77	 84	 81	  0	 84	  0	  0	  0	  0	  0	  0	  0	  0	  0	  0	  0	  5	20560	  1
21-01-2015	19:56:37	<-	L	00000000	 30	 81	 77	 84	  0	176	  0	 16	 13	 15	  7	 10	  7	  9	  6	  0	  0	  0	  0	  0	  0	  0	  0	  0	  0	  0	  0	  0	  0	  0	  0	  0	  0	  0	  0	  0	  0	  0	  0	 81	 77	 84	 81	  0	 84	  0	  0	  0	  0	  0	  0	  0	  0	  0	  0	  0	  5	20560	  1
21-01-2015	20:01:37	<-	L	00000000	 40	 81	 77	 88	  0	  0	  0	 16	 13	 15	  7	 10	  7	  9	  6	  0	  0	  0	  0	  0	  0	  0	  0	  0	  0	  0	  0	  0	  0	  0	  0	  0	  0	  0	  0	  0	  0	  0	  0	 81	 77	 84	 81	  0	 84	  0	  0	  0	  0	  0	  0	  0	  0	  0	  0	  0	  5	12830	  0
21-01-2015	20:06:37	<-	L	00000000	 40	 78	 71	 73	  0	  5	  0	 15	 13	 14	  6	  9	  6	  8	  6	  0	  0	  0	  0	  0	  0	  0	  0	  0	  0	  0	  0	  0	  0	  0	  0	  0	  0	  0	  0	  0	  0	  0	  0	 77	 71	 76	 78	  0	 73	  0	  0	  0	  0	  0	  0	  0	  0	  0	  0	  0	  5	12830	  0
21-01-2015	20:11:37	<-	L	00000000	 40	 76	 68	 69	  0	 10	  0	 13	 12	 12	  5	  9	  6	  7	  5	  0	  0	  0	  0	  0	  0	  0	  0	  0	  0	  0	  0	  0	  0	  0	  0	  0	  0	  0	  0	  0	  0	  0	  0	 74	 68	 75	 76	  0	 69	  0	  0	  0	  0	  0	  0	  0	  0	  0	  0	  0	  5	12830	  0
21-01-2015	20:16:37	<-	L	00000000	 40	 74	 65	 65	  0	 15	  0	 12	 11	 12	  5	  9	  6	  7	  5	  0	  0	  0	  0	  0	  0	  0	  0	  0	  0	  0	  0	  0	  0	  0	  0	  0	  0	  0	  0	  0	  0	  0	  0	 72	 65	 72	 74	  0	 65	  0	  0	  0	  0	  0	  0	  0	  0	  0	  0	  0	  5	12830	  0
21-01-2015	20:21:37	<-	L	00000000	 40	 72	 63	 61	  0	 20	  0	 11	 11	 12	  5	  9	  7	  7	  6	  0	  0	  0	  0	  0	  0	  0	  0	  0	  0	  0	  0	  0	  0	  0	  0	  0	  0	  0	  0	  0	  0	  0	  0	 71	 63	 68	 72	  0	 65	  0	  0	  0	  0	  0	  0	  0	  0	  0	  0	  0	  5	12830	  0
21-01-2015	20:26:37	<-	L	00000000	 40	 71	 61	 61	  0	 25	  0	 11	 10	 11	  5	  9	  7	  7	  6	  0	  0	  0	  0	  0	  0	  0	  0	  0	  0	  0	  0	  0	  0	  0	  0	  0	  0	  0	  0	  0	  0	  0	  0	 69	 61	 67	 71	  0	 61	  0	  0	  0	  0	  0	  0	  0	  0	  0	  0	  0	  5	12830	  0
21-01-2015	20:31:38	<-	L	00000000	 40	 70	 60	 60	  0	 30	  0	 10	 10	 11	  5	  9	  7	  7	  6	  0	  0	  0	  0	  0	  0	  0	  0	  0	  0	  0	  0	  0	  0	  0	  0	  0	  0	  0	  0	  0	  0	  0	  0	 68	 60	 67	 70	  0	 60	  0	  0	  0	  0	  0	  0	  0	  0	  0	  0	  0	  5	12830	  0
21-01-2015	20:36:38	<-	L	00000000	 40	 68	 58	 57	  0	 35	  0	 10	 10	 11	  5	  9	  6	  7	  6	  0	  0	  0	  0	  0	  0	  0	  0	  0	  0	  0	  0	  0	  0	  0	  0	  0	  0	  0	  0	  0	  0	  0	  0	 67	 58	 63	 68	  0	 57	  0	  0	  0	  0	  0	  0	  0	  0	  0	  0	  0	  5	12830	  0
21-01-2015	20:41:38	<-	L	00000000	 40	 68	 57	 60	  0	 40	  0	 10	 10	 11	  5	 10	  6	  7	  6	  0	  0	  0	  0	  0	  0	  0	  0	  0	  0	  0	  0	  0	  0	  0	  0	  0	  0	  0	  0	  0	  0	  0	  0	 66	 57	 63	 68	  0	 57	  0	  0	  0	  0	  0	  0	  0	  0	  0	  0	  0	  5	12830	  0
21-01-2015	20:46:38	<-	L	00000000	 40	 66	 56	 59	  0	 45	  0	 10	 10	 10	  5	 10	  6	  6	  6	  0	  0	  0	  0	  0	  0	  0	  0	  0	  0	  0	  0	  0	  0	  0	  0	  0	  0	  0	  0	  0	  0	  0	  0	 64	 56	 66	 66	  0	 59	  0	  0	  0	  0	  0	  0	  0	  0	  0	  0	  0	  5	12830	  0
21-01-2015	20:51:38	<-	L	00000000	 40	 65	 55	 59	  0	 50	  0	 10	 10	 10	  5	  9	  6	  6	  6	  0	  0	  0	  0	  0	  0	  0	  0	  0	  0	  0	  0	  0	  0	  0	  0	  0	  0	  0	  0	  0	  0	  0	  0	 58	 55	 86	 65	  0	 59	  0	  0	  0	  0	  0	  0	  0	  0	  0	  0	  0	  5	12830	  0
21-01-2015	20:56:38	<-	L	00000000	 40	 64	 54	 59	  0	 55	  0	 10	 10	 10	  5	  9	  6	  6	  6	  0	  0	  0	  0	  0	  0	  0	  0	  0	  0	  0	  0	  0	  0	  0	  0	  0	  0	  0	  0	  0	  0	  0	  0	 62	 54	 65	 64	  0	 59	  0	  0	  0	  0	  0	  0	  0	  0	  0	  0	  0	  5	12830	  0
21-01-2015	21:01:38	<-	L	00000000	 40	 63	 53	 58	  0	 60	  0	 10	 10	 10	  5	  9	  6	  6	  6	  0	  0	  0	  0	  0	  0	  0	  0	  0	  0	  0	  0	  0	  0	  0	  0	  0	  0	  0	  0	  0	  0	  0	  0	 61	 53	 65	 63	  0	 58	  0	  0	  0	  0	  0	  0	  0	  0	  0	  0	  0	  5	12830	  0
21-01-2015	21:06:38	<-	L	00000000	 50	 69	 53	 43	  0	  4	  0	 10	 10	 10	  5	  9	  6	  6	  6	  0	  0	  0	  0	  0	  0	  0	  0	  0	  0	  0	  0	  0	  0	  0	  0	  0	  0	  0	  0	  0	  0	  0	  0	 67	 53	 47	 69	  0	 43	  0	  0	  0	  0	  0	  0	  0	  0	  0	  0	  0	  5	16161	  0
21-01-2015	21:11:38	->	L	00000000	 50	 66	 55	 56	  0	  9	  0	  8	  7	  8	  5	  6	  6	  6	  6	  0	  0	  0	  0	  0	  0	  0	  0	  0	  0	  0	  0	  0	  0	  0	  0	  0	  0	  0	  0	  0	  0	  0	  0	 66	 55	 56	 66	  0	 56	  0	  0	  0	  0	  0	  0	  0	  0	  0	  0	  0	  5	15904	  0
21-01-2015	21:16:39	->	L	00000000	 50	 63	 52	 55	  0	 14	  0	  6	  5	  8	  5	  6	  6	  6	  6	  0	  0	  0	  0	  0	  0	  0	  0	  0	  0	  0	  0	  0	  0	  0	  0	  0	  0	  0	  0	  0	  0	  0	  0	 63	 52	 55	 62	  0	 58	  0	  0	  0	  0	  0	  0	  0	  0	  0	  0	  0	  5	15390	  0
21-01-2015	21:21:39	->	L	00000000	 50	 62	 51	 55	  0	 19	  0	  6	  5	  9	  5	  6	  6	  6	  6	  0	  0	  0	  0	  0	  0	  0	  0	  0	  0	  0	  0	  0	  0	  0	  0	  0	  0	  0	  0	  0	  0	  0	  0	 62	 51	 55	 60	  0	 61	  0	  0	  0	  0	  0	  0	  0	  0	  0	  0	  0	  5	15133	  0
21-01-2015	21:26:39	->	L	00000000	 50	 61	 50	 54	  0	 24	  0	  7	  6	 10	  6	  7	  7	  7	  7	  0	  0	  0	  0	  0	  0	  0	  0	  0	  0	  0	  0	  0	  0	  0	  0	  0	  0	  0	  0	  0	  0	  0	  0	 61	 50	 54	 60	  0	 58	  0	  0	  0	  0	  0	  0	  0	  0	  0	  0	  0	  5	14876	  0
21-01-2015	21:31:39	->	L	00000000	 50	 60	 49	 54	  0	 29	  0	  7	  6	 11	  6	  7	  7	  7	  7	  0	  0	  0	  0	  0	  0	  0	  0	  0	  0	  0	  0	  0	  0	  0	  0	  0	  0	  0	  0	  0	  0	  0	  0	 60	 49	 54	 59	  0	 57	  0	  0	  0	  0	  0	  0	  0	  0	  0	  0	  0	  5	14619	  0
21-01-2015	21:36:39	->	L	00000000	 50	 60	 49	 54	  0	 34	  0	  7	  6	 11	  6	  7	  7	  7	  7	  0	  0	  0	  0	  0	  0	  0	  0	  0	  0	  0	  0	  0	  0	  0	  0	  0	  0	  0	  0	  0	  0	  0	  0	 60	 49	 54	 58	  0	 61	  0	  0	  0	  0	  0	  0	  0	  0	  0	  0	  0	  5	14362	  0
21-01-2015	21:41:39	->	L	00000000	 50	 59	 48	 54	  0	 39	  0	  7	  6	 11	  6	  7	  7	  7	  7	  0	  0	  0	  0	  0	  0	  0	  0	  0	  0	  0	  0	  0	  0	  0	  0	  0	  0	  0	  0	  0	  0	  0	  0	 59	 48	 54	 58	  0	 57	  0	  0	  0	  0	  0	  0	  0	  0	  0	  0	  0	  5	14105	  0
21-01-2015	21:46:39	->	L	00000000	 50	 58	 47	 53	  0	 44	  0	  7	  6	 11	  6	  7	  7	  7	  7	  0	  0	  0	  0	  0	  0	  0	  0	  0	  0	  0	  0	  0	  0	  0	  0	  0	  0	  0	  0	  0	  0	  0	  0	 58	 47	 53	 57	  0	 57	  0	  0	  0	  0	  0	  0	  0	  0	  0	  0	  0	  5	13848	  0
21-01-2015	21:51:40	->	L	00000000	 50	 58	 47	 53	  0	 49	  0	  7	  6	 11	  6	  7	  7	  7	  7	  0	  0	  0	  0	  0	  0	  0	  0	  0	  0	  0	  0	  0	  0	  0	  0	  0	  0	  0	  0	  0	  0	  0	  0	 58	 47	 53	 56	  0	 60	  0	  0	  0	  0	  0	  0	  0	  0	  0	  0	  0	  5	13591	  0
21-01-2015	21:56:39	->	L	00000000	 50	 57	 46	 53	  0	 54	  0	  7	  6	 11	  6	  7	  7	  7	  7	  0	  0	  0	  0	  0	  0	  0	  0	  0	  0	  0	  0	  0	  0	  0	  0	  0	  0	  0	  0	  0	  0	  0	  0	 57	 46	 53	 56	  0	 56	  0	  0	  0	  0	  0	  0	  0	  0	  0	  0	  0	  5	13334	  0
21-01-2015	22:01:39	->	L	00000000	 50	 57	 46	 53	  0	 59	  0	  7	  6	 11	  6	  7	  7	  7	  7	  0	  0	  0	  0	  0	  0	  0	  0	  0	  0	  0	  0	  0	  0	  0	  0	  0	  0	  0	  0	  0	  0	  0	  0	 57	 46	 53	 55	  0	 60	  0	  0	  0	  0	  0	  0	  0	  0	  0	  0	  0	  5	13077	  0
