12-08-2015	19:40:02	  	L	00000000	 10	 29	 19	 49	  0	  2	  0	  8	  8	  8	  8	  8	  8	  8	  8	  0	  0	  0	  0	  0	  0	  0	  0	  0	  0	  0	  0	  0	  0	  0	  0	  0	  0	  0	  0	  0	  0	  0	  0	 25	 19	 65	 29	  0	 49	  0	  0	  0	  0	  0	  0	  0	  0	  0	  0	  0	  5	7453	  0
12-08-2015	19:50:02	<-	L	00000000	 10	 28	 20	 53	  0	  8	  0	  8	  8	  8	  8	  8	  8	  8	  8	  0	  0	  0	  0	  0	  0	  0	  0	  0	  0	  0	  0	  0	  0	  0	  0	  0	  0	  0	  0	  0	  0	  0	  0	 26	 20	 65	 28	  0	 56	  0	  0	  0	  0	  0	  0	  0	  0	  0	  0	  0	  5	7710	  0
12-08-2015	19:55:02	<-	L	00000000	 10	 33	 21	 45	  0	 13	  0	  7	  7	  7	  7	  7	  7	  7	  7	  0	  0	  0	  0	  0	  0	  0	  0	  0	  0	  0	  0	  0	  0	  0	  0	  0	  0	  0	  0	  0	  0	  0	  0	 33	 21	 42	 29	  0	 56	  0	  0	  0	  0	  0	  0	  0	  0	  0	  0	  0	  5	8224	  0
12-08-2015	20:00:02	<-	L	00000000	 10	 32	 22	 49	  0	 18	  0	  7	  7	  7	  7	  7	  7	  6	  6	  0	  0	  0	  0	  0	  0	  0	  0	  0	  0	  0	  0	  0	  0	  0	  0	  0	  0	  0	  0	  0	  0	  0	  0	 32	 22	 49	 29	  0	 61	  0	  0	  0	  0	  0	  0	  0	  0	  0	  0	  0	  5	8481	  0
12-08-2015	20:05:02	<-	L	00000000	 10	 32	 23	 50	  0	 23	  0	  6	  6	  7	  7	  7	  7	  6	  6	  0	  0	  0	  0	  0	  0	  0	  0	  0	  0	  0	  0	  0	  0	  0	  0	  0	  0	  0	  0	  0	  0	  0	  0	 32	 23	 53	 30	  0	 61	  0	  0	  0	  0	  0	  0	  0	  0	  0	  0	  0	  5	8738	  0
12-08-2015	20:10:03	<-	L	00000000	 10	 36	 24	 46	  0	 28	  0	  6	  6	  6	  6	  7	  7	  7	  6	  0	  0	  0	  0	  0	  0	  0	  0	  0	  0	  0	  0	  0	  0	  0	  0	  0	  0	  0	  0	  0	  0	  0	  0	 36	 24	 46	 32	  0	 61	  0	  0	  0	  0	  0	  0	  0	  0	  0	  0	  0	  5	8995	  0
12-08-2015	20:15:03	<-	L	00000000	 10	 39	 25	 44	  0	 33	  0	  6	  6	  6	  6	  6	  7	  6	  6	  0	  0	  0	  0	  0	  0	  0	  0	  0	  0	  0	  0	  0	  0	  0	  0	  0	  0	  0	  0	  0	  0	  0	  0	 39	 25	 37	 34	  0	 54	  0	  0	  0	  0	  0	  0	  0	  0	  0	  0	  0	  5	9252	  0
12-08-2015	20:20:03	<-	L	00000000	 10	 43	 27	 38	  0	 38	  0	  6	  6	  6	  6	  6	  6	  6	  6	  0	  0	  0	  0	  0	  0	  0	  0	  0	  0	  0	  0	  0	  0	  0	  0	  0	  0	  0	  0	  0	  0	  0	  0	 43	 27	 32	 36	  0	 55	  0	  0	  0	  0	  0	  0	  0	  0	  0	  0	  0	  5	9509	  0
12-08-2015	20:25:03	<-	L	00000000	 10	 45	 28	 32	  0	 43	  0	  6	  6	  6	  6	  6	  6	  6	  6	  0	  0	  0	  0	  0	  0	  0	  0	  0	  0	  0	  0	  0	  0	  0	  0	  0	  0	  0	  0	  0	  0	  0	  0	 45	 28	 29	 37	  0	 55	  0	  0	  0	  0	  0	  0	  0	  0	  0	  0	  0	  5	10023	  0
12-08-2015	20:30:03	<-	L	00000000	 10	 48	 30	 29	  0	 48	  0	  6	  6	  6	  6	  6	  6	  6	  6	  0	  0	  0	  0	  0	  0	  0	  0	  0	  0	  0	  0	  0	  0	  0	  0	  0	  0	  0	  0	  0	  0	  0	  0	 48	 30	 29	 39	  0	 55	  0	  0	  0	  0	  0	  0	  0	  0	  0	  0	  0	  5	10280	  0
12-08-2015	20:35:03	<-	L	00000000	 10	 47	 31	 31	  0	 53	  0	  6	  6	  6	  6	  6	  6	  6	  6	  0	  0	  0	  0	  0	  0	  0	  0	  0	  0	  0	  0	  0	  0	  0	  0	  0	  0	  0	  0	  0	  0	  0	  0	 47	 31	 33	 39	  0	 59	  0	  0	  0	  0	  0	  0	  0	  0	  0	  0	  0	  5	10537	  0
12-08-2015	20:40:03	<-	L	00000000	 10	 49	 32	 30	  0	 58	  0	  6	  6	  6	  6	  6	  6	  6	  6	  0	  0	  0	  0	  0	  0	  0	  0	  0	  0	  0	  0	  0	  0	  0	  0	  0	  0	  0	  0	  0	  0	  0	  0	 49	 32	 31	 41	  0	 56	  0	  0	  0	  0	  0	  0	  0	  0	  0	  0	  0	  5	10794	  0
12-08-2015	20:45:03	<-	L	00000000	 10	 49	 33	 31	  0	 63	  0	  6	  6	  6	  6	  6	  6	  6	  6	  0	  0	  0	  0	  0	  0	  0	  0	  0	  0	  0	  0	  0	  0	  0	  0	  0	  0	  0	  0	  0	  0	  0	  0	 49	 33	 34	 42	  0	 56	  0	  0	  0	  0	  0	  0	  0	  0	  0	  0	  0	  5	11051	  0
12-08-2015	20:50:03	<-	L	00000000	 10	 49	 34	 35	  0	 68	  0	  6	  6	  5	  6	  6	  6	  6	  6	  0	  0	  0	  0	  0	  0	  0	  0	  0	  0	  0	  0	  0	  0	  0	  0	  0	  0	  0	  0	  0	  0	  0	  0	 49	 34	 38	 43	  0	 56	  0	  0	  0	  0	  0	  0	  0	  0	  0	  0	  0	  5	11308	  0
12-08-2015	20:55:03	<-	L	00000000	 10	 48	 34	 38	  0	 73	  0	  6	  5	  5	  5	  6	  6	  6	  6	  0	  0	  0	  0	  0	  0	  0	  0	  0	  0	  0	  0	  0	  0	  0	  0	  0	  0	  0	  0	  0	  0	  0	  0	 48	 34	 40	 43	  0	 56	  0	  0	  0	  0	  0	  0	  0	  0	  0	  0	  0	  5	11822	  0
12-08-2015	21:00:03	<-	L	00000000	 10	 48	 35	 41	  0	 78	  0	  5	  5	  5	  5	  5	  5	  5	  6	  0	  0	  0	  0	  0	  0	  0	  0	  0	  0	  0	  0	  0	  0	  0	  0	  0	  0	  0	  0	  0	  0	  0	  0	 48	 35	 43	 43	  0	 60	  0	  0	  0	  0	  0	  0	  0	  0	  0	  0	  0	  5	12079	  0
12-08-2015	21:05:03	<-	L	00000000	 10	 48	 36	 43	  0	 83	  0	  5	  5	  5	  5	  5	  5	  5	  5	  0	  0	  0	  0	  0	  0	  0	  0	  0	  0	  0	  0	  0	  0	  0	  0	  0	  0	  0	  0	  0	  0	  0	  0	 48	 36	 47	 44	  0	 60	  0	  0	  0	  0	  0	  0	  0	  0	  0	  0	  0	  5	12336	  0
12-08-2015	21:10:03	<-	L	00000000	 10	 49	 37	 47	  0	 88	  0	  5	  5	  5	  5	  5	  5	  5	  5	  0	  0	  0	  0	  0	  0	  0	  0	  0	  0	  0	  0	  0	  0	  0	  0	  0	  0	  0	  0	  0	  0	  0	  0	 49	 37	 47	 44	  0	 65	  0	  0	  0	  0	  0	  0	  0	  0	  0	  0	  0	  5	12593	  0
12-08-2015	21:15:03	<-	L	00000000	 10	 50	 37	 44	  0	 93	  0	  5	  5	  5	  5	  5	  5	  5	  5	  0	  0	  0	  0	  0	  0	  0	  0	  0	  0	  0	  0	  0	  0	  0	  0	  0	  0	  0	  0	  0	  0	  0	  0	 50	 37	 44	 45	  0	 61	  0	  0	  0	  0	  0	  0	  0	  0	  0	  0	  0	  5	12850	  0
12-08-2015	21:20:03	<-	L	00000000	 10	 50	 38	 44	  0	 98	  0	  5	  5	  5	  5	  5	  5	  5	  5	  0	  0	  0	  0	  0	  0	  0	  0	  0	  0	  0	  0	  0	  0	  0	  0	  0	  0	  0	  0	  0	  0	  0	  0	 50	 38	 48	 46	  0	 61	  0	  0	  0	  0	  0	  0	  0	  0	  0	  0	  0	  5	13107	  0
12-08-2015	21:25:04	<-	L	00000000	 10	 51	 39	 44	  0	103	  0	  5	  5	  5	  5	  5	  5	  5	  5	  0	  0	  0	  0	  0	  0	  0	  0	  0	  0	  0	  0	  0	  0	  0	  0	  0	  0	  0	  0	  0	  0	  0	  0	 51	 39	 48	 47	  0	 61	  0	  0	  0	  0	  0	  0	  0	  0	  0	  0	  0	  5	13621	  0
12-08-2015	21:30:04	<-	L	00000000	 10	 52	 40	 48	  0	108	  0	  5	  5	  5	  5	  5	  5	  5	  5	  0	  0	  0	  0	  0	  0	  0	  0	  0	  0	  0	  0	  0	  0	  0	  0	  0	  0	  0	  0	  0	  0	  0	  0	 52	 40	 48	 48	  0	 62	  0	  0	  0	  0	  0	  0	  0	  0	  0	  0	  0	  5	13878	  0
12-08-2015	21:35:04	<-	L	00000000	 10	 55	 41	 45	  0	113	  0	  5	  5	  5	  5	  5	  5	  5	  5	  0	  0	  0	  0	  0	  0	  0	  0	  0	  0	  0	  0	  0	  0	  0	  0	  0	  0	  0	  0	  0	  0	  0	  0	 55	 41	 43	 50	  0	 58	  0	  0	  0	  0	  0	  0	  0	  0	  0	  0	  0	  5	14135	  0
12-08-2015	21:40:04	<-	L	00000000	 10	 62	 42	 34	  0	118	  0	  4	  5	  5	  5	  5	  4	  4	  4	  0	  0	  0	  0	  0	  0	  0	  0	  0	  0	  0	  0	  0	  0	  0	  0	  0	  0	  0	  0	  0	  0	  0	  0	 62	 42	 30	 52	  0	 55	  0	  0	  0	  0	  0	  0	  0	  0	  0	  0	  0	  5	14392	  0
12-08-2015	21:45:04	  	L	00000000	 10	 65	 44	 30	  0	123	  0	  4	  4	  4	  5	  4	  4	  4	  4	  0	  0	  0	  0	  0	  0	  0	  0	  0	  0	  0	  0	  0	  0	  0	  0	  0	  0	  0	  0	  0	  0	  0	  0	 65	 44	 27	 54	  0	 56	  0	  0	  0	  0	  0	  0	  0	  0	  0	  0	  0	  5	14649	  0
12-08-2015	21:50:04	->	L	00000000	 10	 58	 41	 33	  0	128	  0	  4	  4	  4	  4	  4	  4	  4	  4	  0	  0	  0	  0	  0	  0	  0	  0	  0	  0	  0	  0	  0	  0	  0	  0	  0	  0	  0	  0	  0	  0	  0	  0	 53	 41	 49	 58	  0	 35	  0	  0	  0	  0	  0	  0	  0	  0	  0	  0	  0	  5	14906	  0
12-08-2015	21:55:04	->	L	00000000	 10	 60	 42	 34	  0	133	  0	  4	  4	  4	  4	  4	  4	  4	  4	  0	  0	  0	  0	  0	  0	  0	  0	  0	  0	  0	  0	  0	  0	  0	  0	  0	  0	  0	  0	  0	  0	  0	  0	 52	 42	 55	 60	  0	 34	  0	  0	  0	  0	  0	  0	  0	  0	  0	  0	  0	  5	15420	  0
12-08-2015	22:00:04	->	L	00000000	 10	 59	 42	 34	  0	138	  0	  4	  4	  4	  4	  4	  4	  4	  4	  0	  0	  0	  0	  0	  0	  0	  0	  0	  0	  0	  0	  0	  0	  0	  0	  0	  0	  0	  0	  0	  0	  0	  0	 52	 42	 55	 59	  0	 35	  0	  0	  0	  0	  0	  0	  0	  0	  0	  0	  0	  5	15677	  0
12-08-2015	22:05:04	->	L	00000000	 10	 61	 42	 34	  0	143	  0	  4	  4	  4	  4	  4	  4	  4	  4	  0	  0	  0	  0	  0	  0	  0	  0	  0	  0	  0	  0	  0	  0	  0	  0	  0	  0	  0	  0	  0	  0	  0	  0	 52	 42	 55	 61	  0	 31	  0	  0	  0	  0	  0	  0	  0	  0	  0	  0	  0	  5	15934	  0
12-08-2015	22:10:04	->	L	00000000	 10	 64	 43	 30	  0	148	  0	  4	  4	  4	  4	  4	  4	  4	  4	  0	  0	  0	  0	  0	  0	  0	  0	  0	  0	  0	  0	  0	  0	  0	  0	  0	  0	  0	  0	  0	  0	  0	  0	 54	 43	 52	 64	  0	 27	  0	  0	  0	  0	  0	  0	  0	  0	  0	  0	  0	  5	16191	  0
12-08-2015	22:15:04	->	L	00000000	 10	 69	 45	 25	  0	153	  0	  4	  4	  4	  4	  4	  4	  4	  4	  0	  0	  0	  0	  0	  0	  0	  0	  0	  0	  0	  0	  0	  0	  0	  0	  0	  0	  0	  0	  0	  0	  0	  0	 56	 45	 53	 69	  0	 25	  0	  0	  0	  0	  0	  0	  0	  0	  0	  0	  0	  5	16448	  0
12-08-2015	22:20:04	->	L	00000000	 10	 71	 45	 24	  0	158	  0	  4	  4	  4	  4	  4	  4	  4	  4	  0	  0	  0	  0	  0	  0	  0	  0	  0	  0	  0	  0	  0	  0	  0	  0	  0	  0	  0	  0	  0	  0	  0	  0	 57	 45	 50	 71	  0	 24	  0	  0	  0	  0	  0	  0	  0	  0	  0	  0	  0	  5	16705	  0
12-08-2015	22:25:05	->	L	00000000	 10	 68	 45	 25	  0	163	  0	  4	  4	  4	  4	  4	  4	  4	  4	  0	  0	  0	  0	  0	  0	  0	  0	  0	  0	  0	  0	  0	  0	  0	  0	  0	  0	  0	  0	  0	  0	  0	  0	 57	 45	 50	 68	  0	 25	  0	  0	  0	  0	  0	  0	  0	  0	  0	  0	  0	  5	17219	  0
12-08-2015	22:30:05	->	L	00000000	 10	 66	 46	 28	  0	168	  0	  4	  4	  4	  4	  4	  4	  4	  4	  0	  0	  0	  0	  0	  0	  0	  0	  0	  0	  0	  0	  0	  0	  0	  0	  0	  0	  0	  0	  0	  0	  0	  0	 57	 46	 53	 66	  0	 31	  0	  0	  0	  0	  0	  0	  0	  0	  0	  0	  0	  5	17476	  0
12-08-2015	22:35:05	->	L	00000000	 10	 70	 47	 29	  0	173	  0	  4	  4	  4	  4	  4	  4	  4	  4	  0	  0	  0	  0	  0	  0	  0	  0	  0	  0	  0	  0	  0	  0	  0	  0	  0	  0	  0	  0	  0	  0	  0	  0	 58	 47	 53	 70	  0	 26	  0	  0	  0	  0	  0	  0	  0	  0	  0	  0	  0	  5	17733	  0
12-08-2015	22:40:05	->	L	00000000	 10	 75	 48	 23	  0	178	  0	  4	  4	  4	  4	  4	  4	  4	  4	  0	  0	  0	  0	  0	  0	  0	  0	  0	  0	  0	  0	  0	  0	  0	  0	  0	  0	  0	  0	  0	  0	  0	  0	 60	 48	 51	 75	  0	 23	  0	  0	  0	  0	  0	  0	  0	  0	  0	  0	  0	  5	17990	  0
12-08-2015	22:45:05	->	L	00000000	 10	 74	 48	 23	  0	183	  0	  4	  4	  4	  4	  4	  4	  4	  4	  0	  0	  0	  0	  0	  0	  0	  0	  0	  0	  0	  0	  0	  0	  0	  0	  0	  0	  0	  0	  0	  0	  0	  0	 61	 48	 47	 74	  0	 25	  0	  0	  0	  0	  0	  0	  0	  0	  0	  0	  0	  5	18247	  0
12-08-2015	22:50:05	->	L	00000000	 10	 72	 49	 27	  0	188	  0	  4	  4	  4	  4	  4	  4	  4	  4	  0	  0	  0	  0	  0	  0	  0	  0	  0	  0	  0	  0	  0	  0	  0	  0	  0	  0	  0	  0	  0	  0	  0	  0	 60	 49	 54	 72	  0	 27	  0	  0	  0	  0	  0	  0	  0	  0	  0	  0	  0	  5	18504	  0
12-08-2015	22:55:05	->	L	00000000	 10	 71	 49	 29	  0	193	  0	  4	  4	  4	  4	  4	  4	  4	  4	  0	  0	  0	  0	  0	  0	  0	  0	  0	  0	  0	  0	  0	  0	  0	  0	  0	  0	  0	  0	  0	  0	  0	  0	 61	 49	 51	 71	  0	 29	  0	  0	  0	  0	  0	  0	  0	  0	  0	  0	  0	  5	19018	  0
12-08-2015	23:00:05	->	L	00000000	 10	 76	 50	 25	  0	198	  0	  4	  4	  4	  4	  4	  4	  4	  4	  0	  0	  0	  0	  0	  0	  0	  0	  0	  0	  0	  0	  0	  0	  0	  0	  0	  0	  0	  0	  0	  0	  0	  0	 63	 50	 48	 76	  0	 26	  0	  0	  0	  0	  0	  0	  0	  0	  0	  0	  0	  5	19275	  0
12-08-2015	23:05:05	->	L	00000000	 10	 77	 50	 23	  0	203	  0	  4	  4	  4	  4	  4	  4	  4	  4	  0	  0	  0	  0	  0	  0	  0	  0	  0	  0	  0	  0	  0	  0	  0	  0	  0	  0	  0	  0	  0	  0	  0	  0	 63	 50	 48	 77	  0	 24	  0	  0	  0	  0	  0	  0	  0	  0	  0	  0	  0	  5	19532	  0
12-08-2015	23:10:05	->	L	00000000	 10	 75	 51	 28	  0	208	  0	  4	  4	  4	  4	  4	  4	  4	  4	  0	  0	  0	  0	  0	  0	  0	  0	  0	  0	  0	  0	  0	  0	  0	  0	  0	  0	  0	  0	  0	  0	  0	  0	 63	 51	 52	 75	  0	 28	  0	  0	  0	  0	  0	  0	  0	  0	  0	  0	  0	  5	19789	  0
12-08-2015	23:15:05	->	L	00000000	 10	 82	 52	 23	  0	213	  0	  4	  4	  4	  4	  4	  4	  4	  4	  0	  0	  0	  0	  0	  0	  0	  0	  0	  0	  0	  0	  0	  0	  0	  0	  0	  0	  0	  0	  0	  0	  0	  0	 66	 52	 46	 82	  0	 23	  0	  0	  0	  0	  0	  0	  0	  0	  0	  0	  0	  5	20046	  0
12-08-2015	23:30:06	->	L	00000000	 10	 67	 54	 50	  0	217	  0	  4	  4	  4	  4	  4	  4	  4	  4	  0	  0	  0	  0	  0	  0	  0	  0	  0	  0	  0	  0	  0	  0	  0	  0	  0	  0	  0	  0	  0	  0	  0	  0	 63	 54	 62	 67	  0	 50	  0	  0	  0	  0	  0	  0	  0	  0	  0	  0	  0	  5	20303	  0
12-08-2015	23:35:06	->	L	00000000	 10	 81	 52	 23	  0	222	  0	  4	  4	  4	  4	  4	  4	  4	  4	  0	  0	  0	  0	  0	  0	  0	  0	  0	  0	  0	  0	  0	  0	  0	  0	  0	  0	  0	  0	  0	  0	  0	  0	 65	 52	 49	 81	  0	 23	  0	  0	  0	  0	  0	  0	  0	  0	  0	  0	  0	  5	20560	  0
12-08-2015	23:40:06	->	L	00000000	 10	 79	 53	 27	  0	227	  0	  4	  4	  4	  4	  4	  4	  4	  4	  0	  0	  0	  0	  0	  0	  0	  0	  0	  0	  0	  0	  0	  0	  0	  0	  0	  0	  0	  0	  0	  0	  0	  0	 65	 53	 53	 79	  0	 28	  0	  0	  0	  0	  0	  0	  0	  0	  0	  0	  0	  5	20817	  0
12-08-2015	23:45:06	->	L	00000000	 10	 85	 54	 23	  0	232	  0	  4	  4	  4	  4	  4	  4	  4	  4	  0	  0	  0	  0	  0	  0	  0	  0	  0	  0	  0	  0	  0	  0	  0	  0	  0	  0	  0	  0	  0	  0	  0	  0	 68	 54	 47	 85	  0	 23	  0	  0	  0	  0	  0	  0	  0	  0	  0	  0	  0	  5	21331	  0
12-08-2015	23:50:06	->	L	00000000	 10	 82	 54	 25	  0	237	  0	  4	  4	  4	  4	  4	  4	  4	  4	  0	  0	  0	  0	  0	  0	  0	  0	  0	  0	  0	  0	  0	  0	  0	  0	  0	  0	  0	  0	  0	  0	  0	  0	 68	 54	 47	 82	  0	 25	  0	  0	  0	  0	  0	  0	  0	  0	  0	  0	  0	  5	21588	  0
12-08-2015	23:55:06	->	L	00000000	 21	 90	 55	 21	  0	  1	  0	  4	  4	  4	  4	  4	  4	  4	  4	  0	  0	  0	  0	  0	  0	  0	  0	  0	  0	  0	  0	  0	  0	  0	  0	  0	  0	  0	  0	  0	  0	  0	  0	 71	 55	 43	 90	  0	 21	  0	  0	  0	  0	  0	  0	  0	  0	  0	  0	  0	  5	22342	  0
13-08-2015	00:00:06	->	L	00000000	 21	 85	 55	 24	  0	  6	  0	  4	  4	  4	  4	  4	  4	  4	  4	  0	  0	  0	  0	  0	  0	  0	  0	  0	  0	  0	  0	  0	  0	  0	  0	  0	  0	  0	  0	  0	  0	  0	  0	 70	 55	 46	 84	  0	 24	  0	  0	  0	  0	  0	  0	  0	  0	  0	  0	  0	  5	22342	  0
13-08-2015	00:05:06	->	L	00000000	 21	 85	 55	 24	  0	 11	  0	  4	  4	  4	  4	  4	  4	  4	  4	  0	  0	  0	  0	  0	  0	  0	  0	  0	  0	  0	  0	  0	  0	  0	  0	  0	  0	  0	  0	  0	  0	  0	  0	 70	 55	 46	 85	  0	 24	  0	  0	  0	  0	  0	  0	  0	  0	  0	  0	  0	  5	21830	  0
13-08-2015	00:10:06	->	L	00000000	 21	 88	 56	 23	  0	 16	  0	  4	  4	  4	  4	  4	  4	  4	  4	  0	  0	  0	  0	  0	  0	  0	  0	  0	  0	  0	  0	  0	  0	  0	  0	  0	  0	  0	  0	  0	  0	  0	  0	 71	 56	 46	 88	  0	 23	  0	  0	  0	  0	  0	  0	  0	  0	  0	  0	  0	  5	21830	  0
13-08-2015	00:15:06	->	L	00000000	 21	 83	 56	 26	  0	 21	  0	  4	  4	  4	  4	  4	  4	  4	  4	  0	  0	  0	  0	  0	  0	  0	  0	  0	  0	  0	  0	  0	  0	  0	  0	  0	  0	  0	  0	  0	  0	  0	  0	 70	 56	 48	 83	  0	 27	  0	  0	  0	  0	  0	  0	  0	  0	  0	  0	  0	  5	21830	  0
13-08-2015	00:20:07	->	L	00000000	 21	 89	 56	 23	  0	 26	  0	  4	  4	  4	  4	  4	  4	  4	  4	  0	  0	  0	  0	  0	  0	  0	  0	  0	  0	  0	  0	  0	  0	  0	  0	  0	  0	  0	  0	  0	  0	  0	  0	 73	 56	 41	 89	  0	 22	  0	  0	  0	  0	  0	  0	  0	  0	  0	  0	  0	  5	21830	  0
13-08-2015	00:25:06	->	L	00000000	 21	 88	 56	 23	  0	 31	  0	  4	  4	  4	  4	  4	  4	  4	  4	  0	  0	  0	  0	  0	  0	  0	  0	  0	  0	  0	  0	  0	  0	  0	  0	  0	  0	  0	  0	  0	  0	  0	  0	 73	 56	 41	 88	  0	 23	  0	  0	  0	  0	  0	  0	  0	  0	  0	  0	  0	  5	21830	  0
13-08-2015	00:30:06	->	L	00000000	 21	 85	 56	 25	  0	 36	  0	  4	  4	  4	  4	  4	  4	  4	  4	  0	  0	  0	  0	  0	  0	  0	  0	  0	  0	  0	  0	  0	  0	  0	  0	  0	  0	  0	  0	  0	  0	  0	  0	 72	 56	 44	 85	  0	 25	  0	  0	  0	  0	  0	  0	  0	  0	  0	  0	  0	  5	22342	  0
13-08-2015	00:35:06	->	L	00000000	 21	 89	 57	 24	  0	 41	  0	  4	  4	  4	  4	  4	  4	  4	  4	  0	  0	  0	  0	  0	  0	  0	  0	  0	  0	  0	  0	  0	  0	  0	  0	  0	  0	  0	  0	  0	  0	  0	  0	 74	 57	 41	 89	  0	 23	  0	  0	  0	  0	  0	  0	  0	  0	  0	  0	  0	  5	22342	  0
13-08-2015	00:40:06	->	L	00000000	 21	 90	 57	 23	  0	 46	  0	  4	  4	  4	  4	  4	  4	  4	  4	  0	  0	  0	  0	  0	  0	  0	  0	  0	  0	  0	  0	  0	  0	  0	  0	  0	  0	  0	  0	  0	  0	  0	  0	 75	 57	 40	 90	  0	 23	  0	  0	  0	  0	  0	  0	  0	  0	  0	  0	  0	  5	22342	  0
13-08-2015	00:45:07	->	L	00000000	 21	 85	 57	 27	  0	 51	  0	  4	  4	  4	  4	  4	  4	  4	  4	  0	  0	  0	  0	  0	  0	  0	  0	  0	  0	  0	  0	  0	  0	  0	  0	  0	  0	  0	  0	  0	  0	  0	  0	 73	 57	 44	 85	  0	 27	  0	  0	  0	  0	  0	  0	  0	  0	  0	  0	  0	  5	22342	  0
13-08-2015	00:50:07	->	L	00000000	 21	 88	 58	 24	  0	 56	  0	  4	  4	  4	  4	  4	  4	  4	  4	  0	  0	  0	  0	  0	  0	  0	  0	  0	  0	  0	  0	  0	  0	  0	  0	  0	  0	  0	  0	  0	  0	  0	  0	 74	 58	 45	 88	  0	 25	  0	  0	  0	  0	  0	  0	  0	  0	  0	  0	  0	  5	22342	  0
13-08-2015	00:55:07	->	L	00000000	 21	 92	 58	 22	  0	 61	  0	  4	  4	  4	  4	  4	  4	  4	  4	  0	  0	  0	  0	  0	  0	  0	  0	  0	  0	  0	  0	  0	  0	  0	  0	  0	  0	  0	  0	  0	  0	  0	  0	 76	 58	 41	 92	  0	 22	  0	  0	  0	  0	  0	  0	  0	  0	  0	  0	  0	  5	22342	  0
13-08-2015	01:00:07	->	L	00000000	 21	 88	 58	 24	  0	 66	  0	  4	  4	  4	  4	  4	  4	  4	  4	  0	  0	  0	  0	  0	  0	  0	  0	  0	  0	  0	  0	  0	  0	  0	  0	  0	  0	  0	  0	  0	  0	  0	  0	 75	 58	 42	 88	  0	 25	  0	  0	  0	  0	  0	  0	  0	  0	  0	  0	  0	  5	22342	  0
13-08-2015	01:05:07	->	L	00000000	 21	 85	 57	 27	  0	 71	  0	  4	  4	  4	  4	  4	  4	  4	  4	  0	  0	  0	  0	  0	  0	  0	  0	  0	  0	  0	  0	  0	  0	  0	  0	  0	  0	  0	  0	  0	  0	  0	  0	 74	 57	 41	 85	  0	 27	  0	  0	  0	  0	  0	  0	  0	  0	  0	  0	  0	  5	22342	  0
13-08-2015	01:10:07	->	L	00000000	 21	 91	 58	 24	  0	 76	  0	  4	  4	  4	  4	  4	  4	  4	  4	  0	  0	  0	  0	  0	  0	  0	  0	  0	  0	  0	  0	  0	  0	  0	  0	  0	  0	  0	  0	  0	  0	  0	  0	 76	 58	 41	 91	  0	 23	  0	  0	  0	  0	  0	  0	  0	  0	  0	  0	  0	  5	22342	  0
13-08-2015	01:15:07	->	L	00000000	 21	 89	 58	 24	  0	 81	  0	  4	  4	  4	  4	  4	  4	  4	  4	  0	  0	  0	  0	  0	  0	  0	  0	  0	  0	  0	  0	  0	  0	  0	  0	  0	  0	  0	  0	  0	  0	  0	  0	 76	 58	 41	 89	  0	 24	  0	  0	  0	  0	  0	  0	  0	  0	  0	  0	  0	  5	22342	  0
13-08-2015	01:20:07	->	L	00000000	 21	 85	 57	 27	  0	 86	  0	  4	  4	  4	  4	  4	  4	  4	  4	  0	  0	  0	  0	  0	  0	  0	  0	  0	  0	  0	  0	  0	  0	  0	  0	  0	  0	  0	  0	  0	  0	  0	  0	 74	 57	 41	 85	  0	 27	  0	  0	  0	  0	  0	  0	  0	  0	  0	  0	  0	  5	22342	  0
13-08-2015	01:25:07	->	L	00000000	 21	 90	 58	 24	  0	 91	  0	  4	  4	  4	  4	  4	  4	  4	  4	  0	  0	  0	  0	  0	  0	  0	  0	  0	  0	  0	  0	  0	  0	  0	  0	  0	  0	  0	  0	  0	  0	  0	  0	 76	 58	 41	 90	  0	 24	  0	  0	  0	  0	  0	  0	  0	  0	  0	  0	  0	  5	22342	  0
13-08-2015	01:30:07	->	L	00000000	 21	 92	 58	 22	  0	 96	  0	  4	  4	  4	  4	  4	  4	  4	  4	  0	  0	  0	  0	  0	  0	  0	  0	  0	  0	  0	  0	  0	  0	  0	  0	  0	  0	  0	  0	  0	  0	  0	  0	 77	 58	 38	 92	  0	 22	  0	  0	  0	  0	  0	  0	  0	  0	  0	  0	  0	  5	22342	  0
13-08-2015	01:35:07	->	L	00000000	 21	 88	 57	 24	  0	101	  0	  4	  4	  4	  4	  4	  4	  4	  4	  0	  0	  0	  0	  0	  0	  0	  0	  0	  0	  0	  0	  0	  0	  0	  0	  0	  0	  0	  0	  0	  0	  0	  0	 75	 57	 40	 88	  0	 24	  0	  0	  0	  0	  0	  0	  0	  0	  0	  0	  0	  5	22342	  0
13-08-2015	01:40:07	->	L	00000000	 21	 85	 57	 27	  0	106	  0	  4	  4	  4	  4	  4	  4	  4	  4	  0	  0	  0	  0	  0	  0	  0	  0	  0	  0	  0	  0	  0	  0	  0	  0	  0	  0	  0	  0	  0	  0	  0	  0	 75	 57	 40	 85	  0	 27	  0	  0	  0	  0	  0	  0	  0	  0	  0	  0	  0	  5	22342	  0
13-08-2015	01:45:07	->	L	00000000	 21	 92	 58	 24	  0	111	  0	  4	  4	  4	  4	  4	  4	  4	  4	  0	  0	  0	  0	  0	  0	  0	  0	  0	  0	  0	  0	  0	  0	  0	  0	  0	  0	  0	  0	  0	  0	  0	  0	 77	 58	 38	 92	  0	 22	  0	  0	  0	  0	  0	  0	  0	  0	  0	  0	  0	  5	22342	  0
13-08-2015	01:50:07	->	L	00000000	 21	 91	 58	 22	  0	116	  0	  4	  4	  4	  4	  4	  4	  4	  4	  0	  0	  0	  0	  0	  0	  0	  0	  0	  0	  0	  0	  0	  0	  0	  0	  0	  0	  0	  0	  0	  0	  0	  0	 77	 58	 38	 91	  0	 23	  0	  0	  0	  0	  0	  0	  0	  0	  0	  0	  0	  5	22342	  0
13-08-2015	01:55:08	->	L	00000000	 21	 88	 57	 24	  0	121	  0	  4	  4	  4	  4	  4	  4	  4	  4	  0	  0	  0	  0	  0	  0	  0	  0	  0	  0	  0	  0	  0	  0	  0	  0	  0	  0	  0	  0	  0	  0	  0	  0	 76	 57	 38	 88	  0	 24	  0	  0	  0	  0	  0	  0	  0	  0	  0	  0	  0	  5	22342	  0
13-08-2015	02:00:08	<-	L	00000000	 21	 88	 60	 28	  0	126	  0	  4	  4	  4	  4	  4	  4	  4	  4	  0	  0	  0	  0	  0	  0	  0	  0	  0	  0	  0	  0	  0	  0	  0	  0	  0	  0	  0	  0	  0	  0	  0	  0	 79	 60	 39	 88	  0	 28	  0	  0	  0	  0	  0	  0	  0	  0	  0	  0	  0	  5	22342	  0
13-08-2015	02:05:08	<-	L	00000000	 21	 86	 61	 30	  0	131	  0	  4	  4	  4	  4	  4	  4	  4	  4	  0	  0	  0	  0	  0	  0	  0	  0	  0	  0	  0	  0	  0	  0	  0	  0	  0	  0	  0	  0	  0	  0	  0	  0	 86	 61	 30	 81	  0	 38	  0	  0	  0	  0	  0	  0	  0	  0	  0	  0	  0	  5	22342	  0
13-08-2015	02:10:08	<-	L	00000000	 21	 92	 62	 27	  0	136	  0	  4	  4	  4	  4	  4	  4	  4	  4	  0	  0	  0	  0	  0	  0	  0	  0	  0	  0	  0	  0	  0	  0	  0	  0	  0	  0	  0	  0	  0	  0	  0	  0	 92	 62	 26	 82	  0	 38	  0	  0	  0	  0	  0	  0	  0	  0	  0	  0	  0	  5	22342	  0
13-08-2015	02:15:08	<-	L	00000000	 21	 92	 62	 26	  0	141	  0	  4	  4	  4	  4	  4	  4	  4	  4	  0	  0	  0	  0	  0	  0	  0	  0	  0	  0	  0	  0	  0	  0	  0	  0	  0	  0	  0	  0	  0	  0	  0	  0	 92	 62	 26	 83	  0	 36	  0	  0	  0	  0	  0	  0	  0	  0	  0	  0	  0	  5	22342	  0
13-08-2015	02:20:08	<-	L	00000000	 21	 87	 61	 31	  0	146	  0	  4	  4	  4	  4	  4	  4	  4	  4	  0	  0	  0	  0	  0	  0	  0	  0	  0	  0	  0	  0	  0	  0	  0	  0	  0	  0	  0	  0	  0	  0	  0	  0	 87	 61	 30	 81	  0	 38	  0	  0	  0	  0	  0	  0	  0	  0	  0	  0	  0	  5	22342	  0
13-08-2015	02:25:08	<-	L	00000000	 21	 88	 61	 30	  0	151	  0	  4	  4	  4	  4	  4	  4	  4	  4	  0	  0	  0	  0	  0	  0	  0	  0	  0	  0	  0	  0	  0	  0	  0	  0	  0	  0	  0	  0	  0	  0	  0	  0	 88	 61	 29	 81	  0	 38	  0	  0	  0	  0	  0	  0	  0	  0	  0	  0	  0	  5	22342	  0
13-08-2015	02:30:08	<-	L	00000000	 21	 93	 62	 26	  0	156	  0	  4	  4	  4	  4	  4	  4	  4	  4	  0	  0	  0	  0	  0	  0	  0	  0	  0	  0	  0	  0	  0	  0	  0	  0	  0	  0	  0	  0	  0	  0	  0	  0	 93	 62	 26	 83	  0	 36	  0	  0	  0	  0	  0	  0	  0	  0	  0	  0	  0	  5	22342	  0
13-08-2015	02:35:08	<-	L	00000000	 21	 88	 62	 29	  0	161	  0	  4	  4	  4	  4	  4	  4	  4	  4	  0	  0	  0	  0	  0	  0	  0	  0	  0	  0	  0	  0	  0	  0	  0	  0	  0	  0	  0	  0	  0	  0	  0	  0	 88	 62	 31	 81	  0	 40	  0	  0	  0	  0	  0	  0	  0	  0	  0	  0	  0	  5	22342	  0
13-08-2015	02:40:08	<-	L	00000000	 21	 87	 61	 30	  0	166	  0	  4	  4	  4	  4	  4	  4	  4	  4	  0	  0	  0	  0	  0	  0	  0	  0	  0	  0	  0	  0	  0	  0	  0	  0	  0	  0	  0	  0	  0	  0	  0	  0	 87	 61	 30	 81	  0	 38	  0	  0	  0	  0	  0	  0	  0	  0	  0	  0	  0	  5	22342	  0
13-08-2015	02:45:09	<-	L	00000000	 21	 95	 62	 25	  0	171	  0	  4	  4	  4	  4	  4	  4	  4	  4	  0	  0	  0	  0	  0	  0	  0	  0	  0	  0	  0	  0	  0	  0	  0	  0	  0	  0	  0	  0	  0	  0	  0	  0	 95	 62	 24	 83	  0	 36	  0	  0	  0	  0	  0	  0	  0	  0	  0	  0	  0	  5	22342	  0
13-08-2015	02:50:09	<-	L	00000000	 21	 91	 62	 26	  0	176	  0	  4	  4	  4	  4	  4	  4	  4	  4	  0	  0	  0	  0	  0	  0	  0	  0	  0	  0	  0	  0	  0	  0	  0	  0	  0	  0	  0	  0	  0	  0	  0	  0	 91	 62	 27	 83	  0	 36	  0	  0	  0	  0	  0	  0	  0	  0	  0	  0	  0	  5	22342	  0
13-08-2015	02:55:09	<-	L	00000000	 21	 86	 61	 31	  0	181	  0	  4	  4	  4	  4	  4	  4	  4	  4	  0	  0	  0	  0	  0	  0	  0	  0	  0	  0	  0	  0	  0	  0	  0	  0	  0	  0	  0	  0	  0	  0	  0	  0	 86	 61	 30	 81	  0	 38	  0	  0	  0	  0	  0	  0	  0	  0	  0	  0	  0	  5	22342	  0
13-08-2015	03:00:09	<-	L	00000000	 21	 90	 62	 29	  0	186	  0	  4	  4	  4	  4	  4	  4	  4	  4	  0	  0	  0	  0	  0	  0	  0	  0	  0	  0	  0	  0	  0	  0	  0	  0	  0	  0	  0	  0	  0	  0	  0	  0	 90	 62	 28	 82	  0	 38	  0	  0	  0	  0	  0	  0	  0	  0	  0	  0	  0	  5	22342	  0
13-08-2015	03:05:09	<-	L	00000000	 21	 94	 62	 25	  0	191	  0	  4	  4	  4	  4	  4	  4	  4	  4	  0	  0	  0	  0	  0	  0	  0	  0	  0	  0	  0	  0	  0	  0	  0	  0	  0	  0	  0	  0	  0	  0	  0	  0	 94	 62	 25	 83	  0	 36	  0	  0	  0	  0	  0	  0	  0	  0	  0	  0	  0	  5	22342	  0
13-08-2015	03:10:09	<-	L	00000000	 21	 89	 62	 28	  0	196	  0	  4	  4	  4	  4	  4	  4	  4	  4	  0	  0	  0	  0	  0	  0	  0	  0	  0	  0	  0	  0	  0	  0	  0	  0	  0	  0	  0	  0	  0	  0	  0	  0	 89	 62	 29	 82	  0	 38	  0	  0	  0	  0	  0	  0	  0	  0	  0	  0	  0	  5	22342	  0
13-08-2015	03:15:09	<-	L	00000000	 21	 86	 61	 30	  0	201	  0	  4	  4	  4	  4	  4	  4	  4	  4	  0	  0	  0	  0	  0	  0	  0	  0	  0	  0	  0	  0	  0	  0	  0	  0	  0	  0	  0	  0	  0	  0	  0	  0	 86	 61	 30	 81	  0	 38	  0	  0	  0	  0	  0	  0	  0	  0	  0	  0	  0	  5	22342	  0
13-08-2015	03:20:10	<-	L	00000000	 21	 89	 61	 30	  0	206	  0	  4	  4	  4	  4	  4	  4	  4	  4	  0	  0	  0	  0	  0	  0	  0	  0	  0	  0	  0	  0	  0	  0	  0	  0	  0	  0	  0	  0	  0	  0	  0	  0	 89	 61	 28	 81	  0	 38	  0	  0	  0	  0	  0	  0	  0	  0	  0	  0	  0	  5	22342	  0
13-08-2015	03:25:09	<-	L	00000000	 21	 94	 62	 25	  0	211	  0	  4	  4	  4	  4	  4	  4	  4	  4	  0	  0	  0	  0	  0	  0	  0	  0	  0	  0	  0	  0	  0	  0	  0	  0	  0	  0	  0	  0	  0	  0	  0	  0	 94	 62	 25	 83	  0	 36	  0	  0	  0	  0	  0	  0	  0	  0	  0	  0	  0	  5	22342	  0
13-08-2015	03:30:10	<-	L	00000000	 21	 90	 62	 27	  0	216	  0	  4	  4	  4	  4	  4	  4	  4	  4	  0	  0	  0	  0	  0	  0	  0	  0	  0	  0	  0	  0	  0	  0	  0	  0	  0	  0	  0	  0	  0	  0	  0	  0	 90	 62	 28	 82	  0	 38	  0	  0	  0	  0	  0	  0	  0	  0	  0	  0	  0	  5	22342	  0
13-08-2015	03:35:10	<-	L	00000000	 21	 86	 61	 31	  0	221	  0	  4	  4	  4	  4	  4	  4	  4	  4	  0	  0	  0	  0	  0	  0	  0	  0	  0	  0	  0	  0	  0	  0	  0	  0	  0	  0	  0	  0	  0	  0	  0	  0	 86	 61	 30	 81	  0	 38	  0	  0	  0	  0	  0	  0	  0	  0	  0	  0	  0	  5	22342	  0
13-08-2015	03:40:10	<-	L	00000000	 21	 90	 62	 29	  0	226	  0	  4	  4	  4	  4	  4	  4	  4	  4	  0	  0	  0	  0	  0	  0	  0	  0	  0	  0	  0	  0	  0	  0	  0	  0	  0	  0	  0	  0	  0	  0	  0	  0	 90	 62	 28	 82	  0	 38	  0	  0	  0	  0	  0	  0	  0	  0	  0	  0	  0	  5	22342	  0
13-08-2015	03:45:10	<-	L	00000000	 21	 93	 62	 26	  0	231	  0	  4	  4	  4	  4	  4	  4	  4	  4	  0	  0	  0	  0	  0	  0	  0	  0	  0	  0	  0	  0	  0	  0	  0	  0	  0	  0	  0	  0	  0	  0	  0	  0	 93	 62	 26	 83	  0	 36	  0	  0	  0	  0	  0	  0	  0	  0	  0	  0	  0	  5	22342	  0
13-08-2015	03:50:10	<-	L	00000000	 21	 89	 62	 28	  0	236	  0	  4	  4	  4	  4	  4	  4	  4	  4	  0	  0	  0	  0	  0	  0	  0	  0	  0	  0	  0	  0	  0	  0	  0	  0	  0	  0	  0	  0	  0	  0	  0	  0	 89	 62	 29	 82	  0	 38	  0	  0	  0	  0	  0	  0	  0	  0	  0	  0	  0	  5	22342	  0
13-08-2015	03:55:10	<-	L	00000000	 22	 86	 61	 30	  0	  0	  0	  4	  4	  4	  4	  4	  4	  4	  4	  0	  0	  0	  0	  0	  0	  0	  0	  0	  0	  0	  0	  0	  0	  0	  0	  0	  0	  0	  0	  0	  0	  0	  0	 86	 61	 30	 81	  0	 38	  0	  0	  0	  0	  0	  0	  0	  0	  0	  0	  0	  5	22341	  0
13-08-2015	04:00:11	<-	L	00000000	 22	 91	 61	 28	  0	  5	  0	  4	  4	  4	  4	  4	  4	  4	  4	  0	  0	  0	  0	  0	  0	  0	  0	  0	  0	  0	  0	  0	  0	  0	  0	  0	  0	  0	  0	  0	  0	  0	  0	 91	 61	 26	 82	  0	 35	  0	  0	  0	  0	  0	  0	  0	  0	  0	  0	  0	  5	22341	  0
13-08-2015	04:05:10	<-	L	00000000	 22	 94	 62	 25	  0	 10	  0	  4	  4	  4	  4	  4	  4	  4	  4	  0	  0	  0	  0	  0	  0	  0	  0	  0	  0	  0	  0	  0	  0	  0	  0	  0	  0	  0	  0	  0	  0	  0	  0	 94	 62	 25	 84	  0	 35	  0	  0	  0	  0	  0	  0	  0	  0	  0	  0	  0	  5	22341	  0
13-08-2015	04:10:10	<-	L	00000000	 22	 94	 62	 25	  0	 15	  0	  4	  4	  4	  4	  4	  4	  4	  4	  0	  0	  0	  0	  0	  0	  0	  0	  0	  0	  0	  0	  0	  0	  0	  0	  0	  0	  0	  0	  0	  0	  0	  0	 94	 62	 25	 84	  0	 35	  0	  0	  0	  0	  0	  0	  0	  0	  0	  0	  0	  5	22341	  0
13-08-2015	04:15:10	<-	L	00000000	 22	 89	 61	 27	  0	 20	  0	  4	  4	  4	  4	  4	  4	  4	  4	  0	  0	  0	  0	  0	  0	  0	  0	  0	  0	  0	  0	  0	  0	  0	  0	  0	  0	  0	  0	  0	  0	  0	  0	 89	 61	 28	 83	  0	 35	  0	  0	  0	  0	  0	  0	  0	  0	  0	  0	  0	  5	22341	  0
13-08-2015	04:20:10	<-	L	00000000	 22	 88	 61	 29	  0	 25	  0	  4	  4	  4	  4	  4	  4	  4	  4	  0	  0	  0	  0	  0	  0	  0	  0	  0	  0	  0	  0	  0	  0	  0	  0	  0	  0	  0	  0	  0	  0	  0	  0	 88	 61	 29	 82	  0	 35	  0	  0	  0	  0	  0	  0	  0	  0	  0	  0	  0	  5	22341	  0
13-08-2015	04:25:10	<-	L	00000000	 22	 86	 61	 30	  0	 30	  0	  4	  4	  4	  4	  4	  4	  4	  4	  0	  0	  0	  0	  0	  0	  0	  0	  0	  0	  0	  0	  0	  0	  0	  0	  0	  0	  0	  0	  0	  0	  0	  0	 86	 61	 30	 81	  0	 38	  0	  0	  0	  0	  0	  0	  0	  0	  0	  0	  0	  5	22341	  0
13-08-2015	04:30:10	<-	L	00000000	 22	 89	 61	 30	  0	 35	  0	  4	  4	  4	  4	  4	  4	  4	  4	  0	  0	  0	  0	  0	  0	  0	  0	  0	  0	  0	  0	  0	  0	  0	  0	  0	  0	  0	  0	  0	  0	  0	  0	 89	 61	 28	 82	  0	 35	  0	  0	  0	  0	  0	  0	  0	  0	  0	  0	  0	  5	22341	  0
13-08-2015	04:35:10	<-	L	00000000	 22	 93	 61	 26	  0	 40	  0	  4	  4	  4	  4	  4	  4	  4	  4	  0	  0	  0	  0	  0	  0	  0	  0	  0	  0	  0	  0	  0	  0	  0	  0	  0	  0	  0	  0	  0	  0	  0	  0	 93	 61	 25	 84	  0	 32	  0	  0	  0	  0	  0	  0	  0	  0	  0	  0	  0	  5	22341	  0
13-08-2015	04:40:10	<-	L	00000000	 22	 95	 62	 24	  0	 45	  0	  4	  4	  4	  4	  4	  4	  4	  4	  0	  0	  0	  0	  0	  0	  0	  0	  0	  0	  0	  0	  0	  0	  0	  0	  0	  0	  0	  0	  0	  0	  0	  0	 95	 62	 24	 85	  0	 33	  0	  0	  0	  0	  0	  0	  0	  0	  0	  0	  0	  5	22341	  0
13-08-2015	04:45:11	<-	L	00000000	 22	 94	 62	 24	  0	 50	  0	  4	  4	  4	  4	  4	  4	  4	  4	  0	  0	  0	  0	  0	  0	  0	  0	  0	  0	  0	  0	  0	  0	  0	  0	  0	  0	  0	  0	  0	  0	  0	  0	 94	 62	 25	 85	  0	 33	  0	  0	  0	  0	  0	  0	  0	  0	  0	  0	  0	  5	22341	  0
13-08-2015	04:50:11	<-	L	00000000	 22	 92	 61	 25	  0	 55	  0	  4	  4	  4	  4	  4	  4	  4	  4	  0	  0	  0	  0	  0	  0	  0	  0	  0	  0	  0	  0	  0	  0	  0	  0	  0	  0	  0	  0	  0	  0	  0	  0	 92	 61	 25	 84	  0	 32	  0	  0	  0	  0	  0	  0	  0	  0	  0	  0	  0	  5	22341	  0
13-08-2015	04:55:11	<-	L	00000000	 22	 90	 61	 26	  0	 60	  0	  4	  4	  4	  4	  4	  4	  4	  4	  0	  0	  0	  0	  0	  0	  0	  0	  0	  0	  0	  0	  0	  0	  0	  0	  0	  0	  0	  0	  0	  0	  0	  0	 90	 61	 27	 84	  0	 32	  0	  0	  0	  0	  0	  0	  0	  0	  0	  0	  0	  5	22341	  0
13-08-2015	05:00:11	<-	L	00000000	 22	 89	 61	 28	  0	 65	  0	  4	  4	  4	  4	  4	  4	  4	  4	  0	  0	  0	  0	  0	  0	  0	  0	  0	  0	  0	  0	  0	  0	  0	  0	  0	  0	  0	  0	  0	  0	  0	  0	 89	 61	 28	 83	  0	 35	  0	  0	  0	  0	  0	  0	  0	  0	  0	  0	  0	  5	22341	  0
13-08-2015	05:05:12	<-	L	00000000	 22	 87	 61	 30	  0	 70	  0	  4	  4	  4	  4	  4	  4	  4	  4	  0	  0	  0	  0	  0	  0	  0	  0	  0	  0	  0	  0	  0	  0	  0	  0	  0	  0	  0	  0	  0	  0	  0	  0	 87	 61	 30	 82	  0	 35	  0	  0	  0	  0	  0	  0	  0	  0	  0	  0	  0	  5	22341	  0
13-08-2015	05:10:11	<-	L	00000000	 22	 86	 61	 30	  0	 75	  0	  4	  4	  4	  4	  4	  4	  4	  4	  0	  0	  0	  0	  0	  0	  0	  0	  0	  0	  0	  0	  0	  0	  0	  0	  0	  0	  0	  0	  0	  0	  0	  0	 86	 61	 30	 82	  0	 35	  0	  0	  0	  0	  0	  0	  0	  0	  0	  0	  0	  5	22341	  0
13-08-2015	05:15:11	<-	L	00000000	 22	 87	 60	 30	  0	 80	  0	  4	  4	  4	  4	  4	  4	  4	  4	  0	  0	  0	  0	  0	  0	  0	  0	  0	  0	  0	  0	  0	  0	  0	  0	  0	  0	  0	  0	  0	  0	  0	  0	 87	 60	 28	 82	  0	 34	  0	  0	  0	  0	  0	  0	  0	  0	  0	  0	  0	  5	22341	  0
13-08-2015	05:20:11	<-	L	00000000	 22	 91	 61	 28	  0	 85	  0	  4	  4	  4	  4	  4	  4	  4	  4	  0	  0	  0	  0	  0	  0	  0	  0	  0	  0	  0	  0	  0	  0	  0	  0	  0	  0	  0	  0	  0	  0	  0	  0	 91	 61	 26	 83	  0	 35	  0	  0	  0	  0	  0	  0	  0	  0	  0	  0	  0	  5	22341	  0
13-08-2015	05:25:11	<-	L	00000000	 22	 95	 61	 25	  0	 90	  0	  4	  4	  4	  4	  4	  4	  4	  4	  0	  0	  0	  0	  0	  0	  0	  0	  0	  0	  0	  0	  0	  0	  0	  0	  0	  0	  0	  0	  0	  0	  0	  0	 95	 61	 23	 85	  0	 32	  0	  0	  0	  0	  0	  0	  0	  0	  0	  0	  0	  5	22341	  0
13-08-2015	05:30:11	<-	L	00000000	 22	 94	 61	 23	  0	 95	  0	  4	  4	  4	  4	  4	  4	  4	  4	  0	  0	  0	  0	  0	  0	  0	  0	  0	  0	  0	  0	  0	  0	  0	  0	  0	  0	  0	  0	  0	  0	  0	  0	 94	 61	 24	 85	  0	 32	  0	  0	  0	  0	  0	  0	  0	  0	  0	  0	  0	  5	22341	  0
13-08-2015	05:35:11	<-	L	00000000	 22	 95	 61	 23	  0	100	  0	  4	  4	  4	  4	  4	  4	  4	  4	  0	  0	  0	  0	  0	  0	  0	  0	  0	  0	  0	  0	  0	  0	  0	  0	  0	  0	  0	  0	  0	  0	  0	  0	 95	 61	 23	 85	  0	 32	  0	  0	  0	  0	  0	  0	  0	  0	  0	  0	  0	  5	22341	  0
13-08-2015	05:40:11	<-	L	00000000	 22	 93	 61	 25	  0	105	  0	  4	  4	  4	  4	  4	  4	  4	  4	  0	  0	  0	  0	  0	  0	  0	  0	  0	  0	  0	  0	  0	  0	  0	  0	  0	  0	  0	  0	  0	  0	  0	  0	 93	 61	 25	 84	  0	 32	  0	  0	  0	  0	  0	  0	  0	  0	  0	  0	  0	  5	22341	  0
13-08-2015	05:45:11	<-	L	00000000	 22	 91	 61	 26	  0	110	  0	  4	  4	  4	  4	  4	  4	  4	  4	  0	  0	  0	  0	  0	  0	  0	  0	  0	  0	  0	  0	  0	  0	  0	  0	  0	  0	  0	  0	  0	  0	  0	  0	 91	 61	 26	 84	  0	 32	  0	  0	  0	  0	  0	  0	  0	  0	  0	  0	  0	  5	22341	  0
13-08-2015	05:50:11	<-	L	00000000	 22	 89	 61	 27	  0	115	  0	  4	  4	  4	  4	  4	  4	  4	  4	  0	  0	  0	  0	  0	  0	  0	  0	  0	  0	  0	  0	  0	  0	  0	  0	  0	  0	  0	  0	  0	  0	  0	  0	 89	 61	 27	 83	  0	 32	  0	  0	  0	  0	  0	  0	  0	  0	  0	  0	  0	  5	22341	  0
13-08-2015	05:55:12	<-	L	00000000	 22	 88	 61	 28	  0	120	  0	  4	  4	  4	  4	  4	  4	  4	  4	  0	  0	  0	  0	  0	  0	  0	  0	  0	  0	  0	  0	  0	  0	  0	  0	  0	  0	  0	  0	  0	  0	  0	  0	 88	 61	 29	 83	  0	 35	  0	  0	  0	  0	  0	  0	  0	  0	  0	  0	  0	  5	22341	  0
13-08-2015	06:00:12	  	L	00000000	 22	 87	 61	 30	  0	125	  0	  4	  4	  4	  4	  4	  4	  4	  4	  0	  0	  0	  0	  0	  0	  0	  0	  0	  0	  0	  0	  0	  0	  0	  0	  0	  0	  0	  0	  0	  0	  0	  0	 87	 61	 30	 83	  0	 35	  0	  0	  0	  0	  0	  0	  0	  0	  0	  0	  0	  5	22341	  0
13-08-2015	06:05:12	->	L	00000000	 22	 94	 59	 22	  0	130	  0	  4	  4	  4	  4	  4	  4	  4	  4	  0	  0	  0	  0	  0	  0	  0	  0	  0	  0	  0	  0	  0	  0	  0	  0	  0	  0	  0	  0	  0	  0	  0	  0	 86	 59	 28	 94	  0	 22	  0	  0	  0	  0	  0	  0	  0	  0	  0	  0	  0	  5	22341	  0
13-08-2015	06:10:12	->	L	00000000	 22	 91	 57	 23	  0	135	  0	  4	  4	  4	  4	  4	  4	  4	  4	  0	  0	  0	  0	  0	  0	  0	  0	  0	  0	  0	  0	  0	  0	  0	  0	  0	  0	  0	  0	  0	  0	  0	  0	 83	 57	 29	 91	  0	 22	  0	  0	  0	  0	  0	  0	  0	  0	  0	  0	  0	  5	22341	  0
13-08-2015	06:15:12	->	L	00000000	 22	 89	 56	 23	  0	140	  0	  4	  4	  4	  4	  4	  4	  4	  4	  0	  0	  0	  0	  0	  0	  0	  0	  0	  0	  0	  0	  0	  0	  0	  0	  0	  0	  0	  0	  0	  0	  0	  0	 82	 56	 29	 89	  0	 22	  0	  0	  0	  0	  0	  0	  0	  0	  0	  0	  0	  5	22341	  0
13-08-2015	06:20:12	->	L	00000000	 22	 90	 55	 22	  0	145	  0	  4	  4	  4	  4	  4	  4	  4	  4	  0	  0	  0	  0	  0	  0	  0	  0	  0	  0	  0	  0	  0	  0	  0	  0	  0	  0	  0	  0	  0	  0	  0	  0	 81	 55	 28	 90	  0	 21	  0	  0	  0	  0	  0	  0	  0	  0	  0	  0	  0	  5	22341	  0
13-08-2015	06:25:12	->	L	00000000	 22	 88	 55	 22	  0	150	  0	  4	  4	  4	  4	  4	  4	  4	  4	  0	  0	  0	  0	  0	  0	  0	  0	  0	  0	  0	  0	  0	  0	  0	  0	  0	  0	  0	  0	  0	  0	  0	  0	 80	 55	 28	 88	  0	 22	  0	  0	  0	  0	  0	  0	  0	  0	  0	  0	  0	  5	22341	  0
13-08-2015	06:30:12	->	L	00000000	 22	 88	 54	 21	  0	155	  0	  4	  4	  4	  4	  4	  4	  4	  4	  0	  0	  0	  0	  0	  0	  0	  0	  0	  0	  0	  0	  0	  0	  0	  0	  0	  0	  0	  0	  0	  0	  0	  0	 80	 54	 28	 88	  0	 21	  0	  0	  0	  0	  0	  0	  0	  0	  0	  0	  0	  5	22341	  0
13-08-2015	06:35:12	->	L	00000000	 22	 88	 54	 21	  0	160	  0	  4	  4	  4	  4	  4	  4	  4	  4	  0	  0	  0	  0	  0	  0	  0	  0	  0	  0	  0	  0	  0	  0	  0	  0	  0	  0	  0	  0	  0	  0	  0	  0	 80	 54	 28	 88	  0	 21	  0	  0	  0	  0	  0	  0	  0	  0	  0	  0	  0	  5	22341	  0
13-08-2015	06:40:12	->	L	00000000	 22	 87	 53	 21	  0	165	  0	  4	  4	  4	  4	  4	  4	  4	  4	  0	  0	  0	  0	  0	  0	  0	  0	  0	  0	  0	  0	  0	  0	  0	  0	  0	  0	  0	  0	  0	  0	  0	  0	 79	 53	 28	 87	  0	 20	  0	  0	  0	  0	  0	  0	  0	  0	  0	  0	  0	  5	22341	  0
13-08-2015	06:45:12	->	L	00000000	 22	 88	 53	 20	  0	170	  0	  4	  4	  4	  4	  4	  4	  4	  4	  0	  0	  0	  0	  0	  0	  0	  0	  0	  0	  0	  0	  0	  0	  0	  0	  0	  0	  0	  0	  0	  0	  0	  0	 79	 53	 28	 88	  0	 20	  0	  0	  0	  0	  0	  0	  0	  0	  0	  0	  0	  5	22341	  0
13-08-2015	06:50:12	->	L	00000000	 22	 89	 53	 20	  0	175	  0	  4	  4	  4	  4	  4	  4	  4	  4	  0	  0	  0	  0	  0	  0	  0	  0	  0	  0	  0	  0	  0	  0	  0	  0	  0	  0	  0	  0	  0	  0	  0	  0	 80	 53	 26	 89	  0	 19	  0	  0	  0	  0	  0	  0	  0	  0	  0	  0	  0	  5	22341	  0
13-08-2015	06:55:12	->	L	00000000	 22	 89	 53	 20	  0	180	  0	  4	  4	  4	  4	  4	  4	  4	  4	  0	  0	  0	  0	  0	  0	  0	  0	  0	  0	  0	  0	  0	  0	  0	  0	  0	  0	  0	  0	  0	  0	  0	  0	 80	 53	 26	 89	  0	 19	  0	  0	  0	  0	  0	  0	  0	  0	  0	  0	  0	  5	22341	  0
13-08-2015	07:00:12	->	L	00000000	 22	 90	 53	 19	  0	185	  0	  4	  4	  4	  4	  4	  4	  4	  4	  0	  0	  0	  0	  0	  0	  0	  0	  0	  0	  0	  0	  0	  0	  0	  0	  0	  0	  0	  0	  0	  0	  0	  0	 80	 53	 26	 90	  0	 19	  0	  0	  0	  0	  0	  0	  0	  0	  0	  0	  0	  5	22341	  0
13-08-2015	07:05:12	->	L	00000000	 22	 90	 53	 19	  0	190	  0	  4	  4	  4	  4	  4	  4	  4	  4	  0	  0	  0	  0	  0	  0	  0	  0	  0	  0	  0	  0	  0	  0	  0	  0	  0	  0	  0	  0	  0	  0	  0	  0	 80	 53	 26	 91	  0	 19	  0	  0	  0	  0	  0	  0	  0	  0	  0	  0	  0	  5	22341	  0
13-08-2015	07:10:13	->	L	00000000	 22	 92	 53	 17	  0	195	  0	  4	  4	  4	  4	  4	  4	  4	  4	  0	  0	  0	  0	  0	  0	  0	  0	  0	  0	  0	  0	  0	  0	  0	  0	  0	  0	  0	  0	  0	  0	  0	  0	 80	 53	 26	 92	  0	 17	  0	  0	  0	  0	  0	  0	  0	  0	  0	  0	  0	  5	22341	  0
13-08-2015	07:15:13	->	L	00000000	 22	 93	 53	 17	  0	200	  0	  4	  4	  4	  4	  4	  4	  4	  4	  0	  0	  0	  0	  0	  0	  0	  0	  0	  0	  0	  0	  0	  0	  0	  0	  0	  0	  0	  0	  0	  0	  0	  0	 81	 53	 25	 93	  0	 17	  0	  0	  0	  0	  0	  0	  0	  0	  0	  0	  0	  5	22341	  0
13-08-2015	07:20:13	->	L	00000000	 22	 93	 52	 16	  0	205	  0	  4	  4	  4	  4	  4	  4	  4	  4	  0	  0	  0	  0	  0	  0	  0	  0	  0	  0	  0	  0	  0	  0	  0	  0	  0	  0	  0	  0	  0	  0	  0	  0	 81	 52	 23	 93	  0	 16	  0	  0	  0	  0	  0	  0	  0	  0	  0	  0	  0	  5	22341	  0
13-08-2015	07:25:13	->	L	00000000	 22	 93	 53	 17	  0	210	  0	  4	  4	  4	  4	  4	  4	  4	  4	  0	  0	  0	  0	  0	  0	  0	  0	  0	  0	  0	  0	  0	  0	  0	  0	  0	  0	  0	  0	  0	  0	  0	  0	 81	 53	 25	 93	  0	 17	  0	  0	  0	  0	  0	  0	  0	  0	  0	  0	  0	  5	22341	  0
13-08-2015	07:30:13	->	L	00000000	 22	 92	 52	 16	  0	215	  0	  4	  4	  4	  4	  4	  4	  4	  4	  0	  0	  0	  0	  0	  0	  0	  0	  0	  0	  0	  0	  0	  0	  0	  0	  0	  0	  0	  0	  0	  0	  0	  0	 81	 52	 23	 92	  0	 16	  0	  0	  0	  0	  0	  0	  0	  0	  0	  0	  0	  5	22341	  0
13-08-2015	07:35:13	->	L	00000000	 22	 92	 52	 16	  0	220	  0	  4	  4	  4	  4	  4	  4	  4	  4	  0	  0	  0	  0	  0	  0	  0	  0	  0	  0	  0	  0	  0	  0	  0	  0	  0	  0	  0	  0	  0	  0	  0	  0	 81	 52	 23	 92	  0	 16	  0	  0	  0	  0	  0	  0	  0	  0	  0	  0	  0	  5	22341	  0
13-08-2015	07:40:13	->	L	00000000	 22	 93	 52	 16	  0	225	  0	  4	  4	  4	  4	  4	  4	  4	  4	  0	  0	  0	  0	  0	  0	  0	  0	  0	  0	  0	  0	  0	  0	  0	  0	  0	  0	  0	  0	  0	  0	  0	  0	 81	 52	 23	 93	  0	 16	  0	  0	  0	  0	  0	  0	  0	  0	  0	  0	  0	  5	22341	  0
13-08-2015	07:45:13	->	L	00000000	 22	 92	 52	 16	  0	230	  0	  4	  4	  4	  4	  4	  4	  4	  4	  0	  0	  0	  0	  0	  0	  0	  0	  0	  0	  0	  0	  0	  0	  0	  0	  0	  0	  0	  0	  0	  0	  0	  0	 81	 52	 23	 92	  0	 16	  0	  0	  0	  0	  0	  0	  0	  0	  0	  0	  0	  5	22341	  0
13-08-2015	07:50:13	->	L	00000000	 22	 92	 52	 16	  0	235	  0	  4	  4	  4	  4	  4	  4	  4	  4	  0	  0	  0	  0	  0	  0	  0	  0	  0	  0	  0	  0	  0	  0	  0	  0	  0	  0	  0	  0	  0	  0	  0	  0	 81	 52	 23	 92	  0	 16	  0	  0	  0	  0	  0	  0	  0	  0	  0	  0	  0	  5	22341	  0
13-08-2015	07:55:13	->	L	00000000	 22	 92	 52	 16	  0	240	  0	  4	  4	  4	  4	  4	  4	  4	  4	  0	  0	  0	  0	  0	  0	  0	  0	  0	  0	  0	  0	  0	  0	  0	  0	  0	  0	  0	  0	  0	  0	  0	  0	 81	 52	 23	 92	  0	 16	  0	  0	  0	  0	  0	  0	  0	  0	  0	  0	  0	  5	22338	  0
13-08-2015	08:00:14	->	L	00000000	 23	 93	 52	 16	  0	  4	  0	  4	  4	  4	  4	  4	  4	  4	  4	  0	  0	  0	  0	  0	  0	  0	  0	  0	  0	  0	  0	  0	  0	  0	  0	  0	  0	  0	  0	  0	  0	  0	  0	 81	 52	 23	 93	  0	 16	  0	  0	  0	  0	  0	  0	  0	  0	  0	  0	  0	  5	22338	  0
13-08-2015	08:05:13	->	L	00000000	 23	 93	 52	 16	  0	  9	  0	  4	  4	  4	  4	  4	  4	  4	  4	  0	  0	  0	  0	  0	  0	  0	  0	  0	  0	  0	  0	  0	  0	  0	  0	  0	  0	  0	  0	  0	  0	  0	  0	 81	 52	 23	 93	  0	 16	  0	  0	  0	  0	  0	  0	  0	  0	  0	  0	  0	  5	22338	  0
13-08-2015	08:10:13	->	L	00000000	 23	 93	 52	 16	  0	 14	  0	  4	  4	  4	  4	  4	  4	  4	  4	  0	  0	  0	  0	  0	  0	  0	  0	  0	  0	  0	  0	  0	  0	  0	  0	  0	  0	  0	  0	  0	  0	  0	  0	 81	 52	 23	 93	  0	 16	  0	  0	  0	  0	  0	  0	  0	  0	  0	  0	  0	  5	22338	  0
13-08-2015	08:15:13	->	L	00000000	 23	 92	 51	 15	  0	 19	  0	  4	  4	  4	  4	  4	  4	  4	  4	  0	  0	  0	  0	  0	  0	  0	  0	  0	  0	  0	  0	  0	  0	  0	  0	  0	  0	  0	  0	  0	  0	  0	  0	 81	 51	 22	 92	  0	 15	  0	  0	  0	  0	  0	  0	  0	  0	  0	  0	  0	  5	22338	  0
13-08-2015	08:20:14	->	L	00000000	 23	 90	 51	 17	  0	 24	  0	  4	  4	  4	  4	  4	  4	  4	  4	  0	  0	  0	  0	  0	  0	  0	  0	  0	  0	  0	  0	  0	  0	  0	  0	  0	  0	  0	  0	  0	  0	  0	  0	 80	 51	 23	 90	  0	 17	  0	  0	  0	  0	  0	  0	  0	  0	  0	  0	  0	  5	22338	  0
13-08-2015	08:25:14	->	L	00000000	 23	 91	 51	 16	  0	 29	  0	  4	  4	  4	  4	  4	  4	  4	  4	  0	  0	  0	  0	  0	  0	  0	  0	  0	  0	  0	  0	  0	  0	  0	  0	  0	  0	  0	  0	  0	  0	  0	  0	 81	 51	 22	 91	  0	 16	  0	  0	  0	  0	  0	  0	  0	  0	  0	  0	  0	  5	22338	  0
13-08-2015	08:30:14	->	L	00000000	 23	 89	 51	 17	  0	 34	  0	  4	  4	  4	  4	  4	  4	  4	  4	  0	  0	  0	  0	  0	  0	  0	  0	  0	  0	  0	  0	  0	  0	  0	  0	  0	  0	  0	  0	  0	  0	  0	  0	 80	 51	 23	 89	  0	 17	  0	  0	  0	  0	  0	  0	  0	  0	  0	  0	  0	  5	22338	  0
13-08-2015	08:35:14	->	L	00000000	 23	 88	 51	 18	  0	 39	  0	  4	  4	  4	  4	  4	  4	  4	  4	  0	  0	  0	  0	  0	  0	  0	  0	  0	  0	  0	  0	  0	  0	  0	  0	  0	  0	  0	  0	  0	  0	  0	  0	 80	 51	 23	 88	  0	 18	  0	  0	  0	  0	  0	  0	  0	  0	  0	  0	  0	  5	22338	  0
13-08-2015	08:40:14	->	L	00000000	 23	 87	 51	 18	  0	 44	  0	  4	  4	  4	  4	  4	  4	  4	  4	  0	  0	  0	  0	  0	  0	  0	  0	  0	  0	  0	  0	  0	  0	  0	  0	  0	  0	  0	  0	  0	  0	  0	  0	 79	 51	 24	 87	  0	 18	  0	  0	  0	  0	  0	  0	  0	  0	  0	  0	  0	  5	22338	  0
13-08-2015	08:45:14	->	L	00000000	 23	 87	 51	 18	  0	 49	  0	  4	  4	  4	  4	  4	  4	  4	  4	  0	  0	  0	  0	  0	  0	  0	  0	  0	  0	  0	  0	  0	  0	  0	  0	  0	  0	  0	  0	  0	  0	  0	  0	 79	 51	 24	 87	  0	 18	  0	  0	  0	  0	  0	  0	  0	  0	  0	  0	  0	  5	22338	  0
13-08-2015	08:50:14	->	L	00000000	 23	 86	 51	 18	  0	 54	  0	  4	  4	  4	  4	  4	  4	  4	  4	  0	  0	  0	  0	  0	  0	  0	  0	  0	  0	  0	  0	  0	  0	  0	  0	  0	  0	  0	  0	  0	  0	  0	  0	 79	 51	 24	 86	  0	 19	  0	  0	  0	  0	  0	  0	  0	  0	  0	  0	  0	  5	22338	  0
13-08-2015	08:55:14	->	L	00000000	 23	 86	 51	 19	  0	 59	  0	  4	  4	  4	  4	  4	  4	  4	  4	  0	  0	  0	  0	  0	  0	  0	  0	  0	  0	  0	  0	  0	  0	  0	  0	  0	  0	  0	  0	  0	  0	  0	  0	 79	 51	 24	 86	  0	 19	  0	  0	  0	  0	  0	  0	  0	  0	  0	  0	  0	  5	22338	  0
13-08-2015	09:00:15	->	L	00000000	 23	 86	 51	 19	  0	 64	  0	  4	  4	  4	  4	  4	  4	  4	  4	  0	  0	  0	  0	  0	  0	  0	  0	  0	  0	  0	  0	  0	  0	  0	  0	  0	  0	  0	  0	  0	  0	  0	  0	 79	 51	 24	 86	  0	 19	  0	  0	  0	  0	  0	  0	  0	  0	  0	  0	  0	  5	22338	  0
13-08-2015	09:05:14	->	L	00000000	 23	 86	 51	 19	  0	 69	  0	  4	  4	  4	  4	  4	  4	  4	  4	  0	  0	  0	  0	  0	  0	  0	  0	  0	  0	  0	  0	  0	  0	  0	  0	  0	  0	  0	  0	  0	  0	  0	  0	 79	 51	 24	 86	  0	 19	  0	  0	  0	  0	  0	  0	  0	  0	  0	  0	  0	  5	22338	  0
13-08-2015	09:10:14	->	L	00000000	 23	 87	 51	 18	  0	 74	  0	  4	  4	  4	  4	  4	  4	  4	  4	  0	  0	  0	  0	  0	  0	  0	  0	  0	  0	  0	  0	  0	  0	  0	  0	  0	  0	  0	  0	  0	  0	  0	  0	 79	 51	 24	 87	  0	 18	  0	  0	  0	  0	  0	  0	  0	  0	  0	  0	  0	  5	22338	  0
13-08-2015	09:15:14	->	L	00000000	 23	 87	 51	 18	  0	 79	  0	  4	  4	  4	  4	  4	  4	  4	  4	  0	  0	  0	  0	  0	  0	  0	  0	  0	  0	  0	  0	  0	  0	  0	  0	  0	  0	  0	  0	  0	  0	  0	  0	 80	 51	 23	 87	  0	 18	  0	  0	  0	  0	  0	  0	  0	  0	  0	  0	  0	  5	22334	  0
13-08-2015	09:20:14	->	L	00000000	 23	 86	 50	 18	  0	 84	  0	  4	  4	  4	  4	  4	  4	  4	  4	  0	  0	  0	  0	  0	  0	  0	  0	  0	  0	  0	  0	  0	  0	  0	  0	  0	  0	  0	  0	  0	  0	  0	  0	 79	 50	 23	 86	  0	 18	  0	  0	  0	  0	  0	  0	  0	  0	  0	  0	  0	  5	22334	  0
13-08-2015	09:25:14	->	L	00000000	 23	 86	 50	 18	  0	 89	  0	  4	  4	  4	  4	  4	  4	  4	  4	  0	  0	  0	  0	  0	  0	  0	  0	  0	  0	  0	  0	  0	  0	  0	  0	  0	  0	  0	  0	  0	  0	  0	  0	 79	 50	 23	 86	  0	 18	  0	  0	  0	  0	  0	  0	  0	  0	  0	  0	  0	  5	22334	  0
13-08-2015	09:30:15	->	L	00000000	 23	 86	 49	 17	  0	 94	  0	  4	  4	  4	  4	  4	  4	  4	  4	  0	  0	  0	  0	  0	  0	  0	  0	  0	  0	  0	  0	  0	  0	  0	  0	  0	  0	  0	  0	  0	  0	  0	  0	 79	 49	 21	 86	  0	 17	  0	  0	  0	  0	  0	  0	  0	  0	  0	  0	  0	  5	22334	  0
13-08-2015	09:35:15	->	L	00000000	 23	 86	 49	 17	  0	 99	  0	  4	  4	  4	  4	  4	  4	  4	  4	  0	  0	  0	  0	  0	  0	  0	  0	  0	  0	  0	  0	  0	  0	  0	  0	  0	  0	  0	  0	  0	  0	  0	  0	 79	 49	 21	 86	  0	 17	  0	  0	  0	  0	  0	  0	  0	  0	  0	  0	  0	  5	22334	  0
13-08-2015	10:10:15	  	L	00000000	 23	 78	 52	 27	  0	102	  0	  4	  4	  4	  4	  4	  4	  4	  4	  0	  0	  0	  0	  0	  0	  0	  0	  0	  0	  0	  0	  0	  0	  0	  0	  0	  0	  0	  0	  0	  0	  0	  0	 76	 52	 28	 78	  0	 27	  0	  0	  0	  0	  0	  0	  0	  0	  0	  0	  0	  5	22334	  0
13-08-2015	10:15:51	->	L	00000000	 23	 90	 52	 17	  0	107	  0	  4	  4	  4	  4	  4	  4	  4	  4	  0	  0	  0	  0	  0	  0	  0	  0	  0	  0	  0	  0	  0	  0	  0	  0	  0	  0	  0	  0	  0	  0	  0	  0	 80	 52	 24	 90	  0	 18	  0	  0	  0	  0	  0	  0	  0	  0	  0	  0	  0	  5	22334	  0
13-08-2015	10:20:51	->	L	00000000	 23	 87	 50	 17	  0	112	  0	  4	  4	  4	  4	  4	  4	  4	  4	  0	  0	  0	  0	  0	  0	  0	  0	  0	  0	  0	  0	  0	  0	  0	  0	  0	  0	  0	  0	  0	  0	  0	  0	 80	 50	 22	 87	  0	 17	  0	  0	  0	  0	  0	  0	  0	  0	  0	  0	  0	  5	22590	  0
13-08-2015	10:25:51	->	L	00000000	 23	 87	 49	 17	  0	117	  0	  4	  4	  4	  4	  4	  4	  4	  4	  0	  0	  0	  0	  0	  0	  0	  0	  0	  0	  0	  0	  0	  0	  0	  0	  0	  0	  0	  0	  0	  0	  0	  0	 79	 49	 21	 87	  0	 16	  0	  0	  0	  0	  0	  0	  0	  0	  0	  0	  0	  5	22336	  0
13-08-2015	10:30:51	->	L	00000000	 23	 86	 49	 16	  0	122	  0	  4	  4	  4	  4	  4	  4	  4	  4	  0	  0	  0	  0	  0	  0	  0	  0	  0	  0	  0	  0	  0	  0	  0	  0	  0	  0	  0	  0	  0	  0	  0	  0	 79	 49	 21	 86	  0	 17	  0	  0	  0	  0	  0	  0	  0	  0	  0	  0	  0	  5	22336	  0
13-08-2015	10:35:51	  	L	00000000	 23	 86	 50	 17	  0	127	  0	  4	  4	  4	  4	  4	  4	  4	  4	  0	  0	  0	  0	  0	  0	  0	  0	  0	  0	  0	  0	  0	  0	  0	  0	  0	  0	  0	  0	  0	  0	  0	  0	 80	 50	 22	 86	  0	 18	  0	  0	  0	  0	  0	  0	  0	  0	  0	  0	  0	  5	22336	  0
13-08-2015	10:40:51	<-	L	00000000	 23	 88	 51	 17	  0	132	  0	  4	  4	  4	  4	  4	  4	  4	  4	  0	  0	  0	  0	  0	  0	  0	  0	  0	  0	  0	  0	  0	  0	  0	  0	  0	  0	  0	  0	  0	  0	  0	  0	 88	 51	 18	 85	  0	 20	  0	  0	  0	  0	  0	  0	  0	  0	  0	  0	  0	  5	22336	  0
13-08-2015	10:45:51	<-	L	00000000	 23	 86	 50	 17	  0	137	  0	  4	  4	  4	  4	  4	  4	  4	  4	  0	  0	  0	  0	  0	  0	  0	  0	  0	  0	  0	  0	  0	  0	  0	  0	  0	  0	  0	  0	  0	  0	  0	  0	 86	 50	 18	 84	  0	 19	  0	  0	  0	  0	  0	  0	  0	  0	  0	  0	  0	  5	22336	  0
13-08-2015	10:50:51	<-	L	00000000	 23	 85	 50	 19	  0	142	  0	  4	  4	  4	  4	  4	  4	  4	  4	  0	  0	  0	  0	  0	  0	  0	  0	  0	  0	  0	  0	  0	  0	  0	  0	  0	  0	  0	  0	  0	  0	  0	  0	 85	 50	 19	 83	  0	 20	  0	  0	  0	  0	  0	  0	  0	  0	  0	  0	  0	  5	22336	  0
13-08-2015	10:55:51	<-	L	00000000	 23	 89	 51	 17	  0	147	  0	  4	  4	  4	  4	  4	  4	  4	  4	  0	  0	  0	  0	  0	  0	  0	  0	  0	  0	  0	  0	  0	  0	  0	  0	  0	  0	  0	  0	  0	  0	  0	  0	 89	 51	 17	 85	  0	 20	  0	  0	  0	  0	  0	  0	  0	  0	  0	  0	  0	  5	22336	  0
13-08-2015	11:00:51	<-	L	00000000	 23	 81	 50	 21	  0	152	  0	  4	  4	  4	  4	  4	  4	  4	  4	  0	  0	  0	  0	  0	  0	  0	  0	  0	  0	  0	  0	  0	  0	  0	  0	  0	  0	  0	  0	  0	  0	  0	  0	 81	 50	 21	 81	  0	 21	  0	  0	  0	  0	  0	  0	  0	  0	  0	  0	  0	  5	22336	  0
13-08-2015	11:05:51	<-	L	00000000	 23	 85	 49	 19	  0	157	  0	  4	  4	  4	  4	  4	  4	  4	  4	  0	  0	  0	  0	  0	  0	  0	  0	  0	  0	  0	  0	  0	  0	  0	  0	  0	  0	  0	  0	  0	  0	  0	  0	 85	 49	 18	 81	  0	 20	  0	  0	  0	  0	  0	  0	  0	  0	  0	  0	  0	  5	22336	  0
13-08-2015	11:10:52	<-	L	00000000	 23	 92	 50	 16	  0	162	  0	  4	  4	  4	  4	  4	  4	  4	  4	  0	  0	  0	  0	  0	  0	  0	  0	  0	  0	  0	  0	  0	  0	  0	  0	  0	  0	  0	  0	  0	  0	  0	  0	 92	 50	 14	 85	  0	 19	  0	  0	  0	  0	  0	  0	  0	  0	  0	  0	  0	  5	22336	  0
13-08-2015	11:15:52	<-	L	00000000	 23	 94	 51	 14	  0	167	  0	  4	  4	  4	  4	  4	  4	  4	  4	  0	  0	  0	  0	  0	  0	  0	  0	  0	  0	  0	  0	  0	  0	  0	  0	  0	  0	  0	  0	  0	  0	  0	  0	 94	 51	 14	 86	  0	 19	  0	  0	  0	  0	  0	  0	  0	  0	  0	  0	  0	  5	22336	  0
13-08-2015	11:20:52	<-	L	00000000	 23	 91	 51	 15	  0	172	  0	  4	  4	  4	  4	  4	  4	  4	  4	  0	  0	  0	  0	  0	  0	  0	  0	  0	  0	  0	  0	  0	  0	  0	  0	  0	  0	  0	  0	  0	  0	  0	  0	 91	 51	 16	 85	  0	 20	  0	  0	  0	  0	  0	  0	  0	  0	  0	  0	  0	  5	22336	  0
13-08-2015	11:25:52	<-	L	00000000	 23	 89	 50	 16	  0	177	  0	  4	  4	  4	  4	  4	  4	  4	  4	  0	  0	  0	  0	  0	  0	  0	  0	  0	  0	  0	  0	  0	  0	  0	  0	  0	  0	  0	  0	  0	  0	  0	  0	 89	 50	 16	 85	  0	 19	  0	  0	  0	  0	  0	  0	  0	  0	  0	  0	  0	  5	22336	  0
13-08-2015	11:30:52	<-	L	00000000	 23	 88	 50	 17	  0	182	  0	  4	  4	  4	  4	  4	  4	  4	  4	  0	  0	  0	  0	  0	  0	  0	  0	  0	  0	  0	  0	  0	  0	  0	  0	  0	  0	  0	  0	  0	  0	  0	  0	 88	 50	 17	 84	  0	 19	  0	  0	  0	  0	  0	  0	  0	  0	  0	  0	  0	  5	22336	  0
13-08-2015	11:35:52	<-	L	00000000	 23	 86	 50	 17	  0	187	  0	  4	  4	  4	  4	  4	  4	  4	  4	  0	  0	  0	  0	  0	  0	  0	  0	  0	  0	  0	  0	  0	  0	  0	  0	  0	  0	  0	  0	  0	  0	  0	  0	 86	 50	 18	 84	  0	 19	  0	  0	  0	  0	  0	  0	  0	  0	  0	  0	  0	  5	22336	  0
13-08-2015	11:40:52	<-	L	00000000	 23	 86	 50	 18	  0	192	  0	  4	  4	  4	  4	  4	  4	  4	  4	  0	  0	  0	  0	  0	  0	  0	  0	  0	  0	  0	  0	  0	  0	  0	  0	  0	  0	  0	  0	  0	  0	  0	  0	 86	 50	 18	 84	  0	 19	  0	  0	  0	  0	  0	  0	  0	  0	  0	  0	  0	  5	22336	  0
13-08-2015	11:45:52	<-	L	00000000	 23	 92	 50	 16	  0	197	  0	  4	  4	  4	  4	  4	  4	  4	  4	  0	  0	  0	  0	  0	  0	  0	  0	  0	  0	  0	  0	  0	  0	  0	  0	  0	  0	  0	  0	  0	  0	  0	  0	 92	 50	 14	 85	  0	 19	  0	  0	  0	  0	  0	  0	  0	  0	  0	  0	  0	  5	22336	  0
13-08-2015	11:50:52	<-	L	00000000	 23	 95	 51	 13	  0	202	  0	  4	  4	  4	  4	  4	  4	  4	  4	  0	  0	  0	  0	  0	  0	  0	  0	  0	  0	  0	  0	  0	  0	  0	  0	  0	  0	  0	  0	  0	  0	  0	  0	 95	 51	 13	 87	  0	 18	  0	  0	  0	  0	  0	  0	  0	  0	  0	  0	  0	  5	22336	  0
13-08-2015	11:55:52	<-	L	00000000	 23	 93	 51	 14	  0	207	  0	  4	  4	  4	  4	  4	  4	  4	  4	  0	  0	  0	  0	  0	  0	  0	  0	  0	  0	  0	  0	  0	  0	  0	  0	  0	  0	  0	  0	  0	  0	  0	  0	 93	 51	 15	 86	  0	 19	  0	  0	  0	  0	  0	  0	  0	  0	  0	  0	  0	  5	22336	  0
13-08-2015	12:00:52	<-	L	00000000	 23	 93	 51	 15	  0	212	  0	  4	  4	  4	  4	  4	  4	  4	  4	  0	  0	  0	  0	  0	  0	  0	  0	  0	  0	  0	  0	  0	  0	  0	  0	  0	  0	  0	  0	  0	  0	  0	  0	 92	 51	 15	 86	  0	 18	  0	  0	  0	  0	  0	  0	  0	  0	  0	  0	  0	  5	22336	  0
13-08-2015	12:05:52	<-	L	00000000	 23	 90	 51	 16	  0	217	  0	  4	  4	  4	  4	  4	  4	  4	  4	  0	  0	  0	  0	  0	  0	  0	  0	  0	  0	  0	  0	  0	  0	  0	  0	  0	  0	  0	  0	  0	  0	  0	  0	 90	 51	 17	 86	  0	 19	  0	  0	  0	  0	  0	  0	  0	  0	  0	  0	  0	  5	22336	  0
13-08-2015	12:10:52	<-	L	00000000	 23	 88	 50	 16	  0	222	  0	  4	  4	  4	  4	  4	  4	  4	  4	  0	  0	  0	  0	  0	  0	  0	  0	  0	  0	  0	  0	  0	  0	  0	  0	  0	  0	  0	  0	  0	  0	  0	  0	 88	 50	 17	 85	  0	 19	  0	  0	  0	  0	  0	  0	  0	  0	  0	  0	  0	  5	22336	  0
13-08-2015	12:15:52	<-	L	00000000	 23	 87	 50	 17	  0	227	  0	  4	  4	  4	  4	  4	  4	  4	  4	  0	  0	  0	  0	  0	  0	  0	  0	  0	  0	  0	  0	  0	  0	  0	  0	  0	  0	  0	  0	  0	  0	  0	  0	 87	 50	 17	 85	  0	 19	  0	  0	  0	  0	  0	  0	  0	  0	  0	  0	  0	  5	22336	  0
13-08-2015	12:20:53	<-	L	00000000	 23	 87	 50	 17	  0	232	  0	  4	  4	  4	  4	  4	  4	  4	  4	  0	  0	  0	  0	  0	  0	  0	  0	  0	  0	  0	  0	  0	  0	  0	  0	  0	  0	  0	  0	  0	  0	  0	  0	 87	 50	 17	 85	  0	 19	  0	  0	  0	  0	  0	  0	  0	  0	  0	  0	  0	  5	22336	  0
13-08-2015	12:25:52	<-	L	00000000	 23	 86	 50	 18	  0	237	  0	  4	  4	  4	  4	  4	  4	  4	  4	  0	  0	  0	  0	  0	  0	  0	  0	  0	  0	  0	  0	  0	  0	  0	  0	  0	  0	  0	  0	  0	  0	  0	  0	 86	 50	 18	 84	  0	 19	  0	  0	  0	  0	  0	  0	  0	  0	  0	  0	  0	  5	22336	  0
13-08-2015	12:30:53	<-	L	00000000	 24	 86	 50	 18	  0	  1	  0	  4	  4	  4	  4	  4	  4	  4	  4	  0	  0	  0	  0	  0	  0	  0	  0	  0	  0	  0	  0	  0	  0	  0	  0	  0	  0	  0	  0	  0	  0	  0	  0	 86	 50	 18	 84	  0	 19	  0	  0	  0	  0	  0	  0	  0	  0	  0	  0	  0	  5	22334	  0
13-08-2015	12:35:53	<-	L	00000000	 24	 88	 50	 17	  0	  6	  0	  4	  4	  4	  4	  4	  4	  4	  4	  0	  0	  0	  0	  0	  0	  0	  0	  0	  0	  0	  0	  0	  0	  0	  0	  0	  0	  0	  0	  0	  0	  0	  0	 88	 50	 17	 85	  0	 19	  0	  0	  0	  0	  0	  0	  0	  0	  0	  0	  0	  5	22334	  0
13-08-2015	12:40:53	<-	L	00000000	 24	 92	 51	 16	  0	 11	  0	  4	  4	  4	  4	  4	  4	  4	  4	  0	  0	  0	  0	  0	  0	  0	  0	  0	  0	  0	  0	  0	  0	  0	  0	  0	  0	  0	  0	  0	  0	  0	  0	 92	 51	 15	 86	  0	 19	  0	  0	  0	  0	  0	  0	  0	  0	  0	  0	  0	  5	22334	  0
13-08-2015	12:45:53	<-	L	00000000	 24	 91	 51	 16	  0	 16	  0	  4	  4	  4	  4	  4	  4	  4	  4	  0	  0	  0	  0	  0	  0	  0	  0	  0	  0	  0	  0	  0	  0	  0	  0	  0	  0	  0	  0	  0	  0	  0	  0	 91	 51	 16	 86	  0	 19	  0	  0	  0	  0	  0	  0	  0	  0	  0	  0	  0	  5	22334	  0
13-08-2015	12:50:53	<-	L	00000000	 24	 90	 51	 17	  0	 21	  0	  4	  4	  4	  4	  4	  4	  4	  4	  0	  0	  0	  0	  0	  0	  0	  0	  0	  0	  0	  0	  0	  0	  0	  0	  0	  0	  0	  0	  0	  0	  0	  0	 90	 51	 17	 86	  0	 19	  0	  0	  0	  0	  0	  0	  0	  0	  0	  0	  0	  5	22334	  0
13-08-2015	12:55:53	<-	L	00000000	 24	 89	 50	 17	  0	 26	  0	  4	  4	  4	  4	  4	  4	  4	  4	  0	  0	  0	  0	  0	  0	  0	  0	  0	  0	  0	  0	  0	  0	  0	  0	  0	  0	  0	  0	  0	  0	  0	  0	 89	 50	 16	 85	  0	 19	  0	  0	  0	  0	  0	  0	  0	  0	  0	  0	  0	  5	22334	  0
13-08-2015	13:00:53	<-	L	00000000	 24	 88	 51	 17	  0	 31	  0	  4	  4	  4	  4	  4	  4	  4	  4	  0	  0	  0	  0	  0	  0	  0	  0	  0	  0	  0	  0	  0	  0	  0	  0	  0	  0	  0	  0	  0	  0	  0	  0	 88	 51	 18	 85	  0	 20	  0	  0	  0	  0	  0	  0	  0	  0	  0	  0	  0	  5	22334	  0
13-08-2015	13:30:53	<-	L	00000000	 50	 61	 37	 21	  0	  3	  0	  5	  5	  5	  5	  5	  5	  5	  5	  0	  0	  0	  0	  0	  0	  0	  0	  0	  0	  0	  0	  0	  0	  0	  0	  0	  0	  0	  0	  0	  0	  0	  0	 60	 37	 21	 61	  0	 21	  0	  0	  0	  0	  0	  0	  0	  0	  0	  0	  0	  5	14619	  0
13-08-2015	13:35:53	->	L	00000000	 50	 73	 41	 16	  0	  8	  0	  4	  4	  4	  4	  4	  4	  4	  4	  0	  0	  0	  0	  0	  0	  0	  0	  0	  0	  0	  0	  0	  0	  0	  0	  0	  0	  0	  0	  0	  0	  0	  0	 72	 41	 17	 73	  0	 16	  0	  0	  0	  0	  0	  0	  0	  0	  0	  0	  0	  5	14619	  0
13-08-2015	13:40:54	->	L	00000000	 50	 73	 40	 15	  0	 13	  0	  4	  4	  4	  4	  4	  4	  4	  4	  0	  0	  0	  0	  0	  0	  0	  0	  0	  0	  0	  0	  0	  0	  0	  0	  0	  0	  0	  0	  0	  0	  0	  0	 73	 40	 15	 71	  0	 16	  0	  0	  0	  0	  0	  0	  0	  0	  0	  0	  0	  5	14362	  0
13-08-2015	13:45:54	->	L	00000000	 50	 72	 39	 15	  0	 18	  0	  4	  4	  4	  4	  4	  4	  4	  4	  0	  0	  0	  0	  0	  0	  0	  0	  0	  0	  0	  0	  0	  0	  0	  0	  0	  0	  0	  0	  0	  0	  0	  0	 72	 39	 15	 70	  0	 16	  0	  0	  0	  0	  0	  0	  0	  0	  0	  0	  0	  5	14105	  0
13-08-2015	13:50:54	->	L	00000000	 50	 71	 38	 14	  0	 24	  0	  4	  4	  4	  4	  4	  4	  4	  4	  0	  0	  0	  0	  0	  0	  0	  0	  0	  0	  0	  0	  0	  0	  0	  0	  0	  0	  0	  0	  0	  0	  0	  0	 71	 38	 14	 69	  0	 15	  0	  0	  0	  0	  0	  0	  0	  0	  0	  0	  0	  5	14105	  0
13-08-2015	13:55:54	->	L	00000000	 50	 70	 37	 14	  0	 29	  0	  4	  4	  4	  4	  4	  4	  4	  4	  0	  0	  0	  0	  0	  0	  0	  0	  0	  0	  0	  0	  0	  0	  0	  0	  0	  0	  0	  0	  0	  0	  0	  0	 70	 37	 14	 68	  0	 15	  0	  0	  0	  0	  0	  0	  0	  0	  0	  0	  0	  5	13848	  0
13-08-2015	14:00:54	->	L	00000000	 50	 69	 37	 14	  0	 34	  0	  4	  4	  4	  4	  4	  4	  4	  4	  0	  0	  0	  0	  0	  0	  0	  0	  0	  0	  0	  0	  0	  0	  0	  0	  0	  0	  0	  0	  0	  0	  0	  0	 69	 37	 14	 68	  0	 15	  0	  0	  0	  0	  0	  0	  0	  0	  0	  0	  0	  5	13848	  0
13-08-2015	14:05:54	->	L	00000000	 50	 68	 36	 13	  0	 39	  0	  4	  4	  4	  4	  4	  4	  4	  4	  0	  0	  0	  0	  0	  0	  0	  0	  0	  0	  0	  0	  0	  0	  0	  0	  0	  0	  0	  0	  0	  0	  0	  0	 68	 36	 14	 67	  0	 14	  0	  0	  0	  0	  0	  0	  0	  0	  0	  0	  0	  5	13591	  0
13-08-2015	14:10:54	->	L	00000000	 50	 68	 36	 14	  0	 44	  0	  4	  4	  4	  4	  4	  4	  4	  4	  0	  0	  0	  0	  0	  0	  0	  0	  0	  0	  0	  0	  0	  0	  0	  0	  0	  0	  0	  0	  0	  0	  0	  0	 68	 36	 14	 67	  0	 14	  0	  0	  0	  0	  0	  0	  0	  0	  0	  0	  0	  5	13334	  0
13-08-2015	14:15:54	->	L	00000000	 50	 67	 35	 13	  0	 49	  0	  4	  4	  4	  4	  4	  4	  4	  4	  0	  0	  0	  0	  0	  0	  0	  0	  0	  0	  0	  0	  0	  0	  0	  0	  0	  0	  0	  0	  0	  0	  0	  0	 67	 35	 13	 66	  0	 13	  0	  0	  0	  0	  0	  0	  0	  0	  0	  0	  0	  5	13334	  0
13-08-2015	14:20:54	->	L	00000000	 50	 67	 35	 13	  0	 54	  0	  4	  4	  4	  4	  4	  4	  4	  4	  0	  0	  0	  0	  0	  0	  0	  0	  0	  0	  0	  0	  0	  0	  0	  0	  0	  0	  0	  0	  0	  0	  0	  0	 67	 35	 13	 65	  0	 14	  0	  0	  0	  0	  0	  0	  0	  0	  0	  0	  0	  5	13077	  0
13-08-2015	14:25:54	->	L	00000000	 50	 66	 35	 13	  0	 59	  0	  4	  4	  4	  4	  4	  4	  4	  4	  0	  0	  0	  0	  0	  0	  0	  0	  0	  0	  0	  0	  0	  0	  0	  0	  0	  0	  0	  0	  0	  0	  0	  0	 66	 35	 13	 65	  0	 14	  0	  0	  0	  0	  0	  0	  0	  0	  0	  0	  0	  5	13077	  0
13-08-2015	14:30:54	  	L	00000000	 70	 64	 34	 13	  0	  0	  0	  4	  4	  4	  4	  4	  4	  4	  4	  0	  0	  0	  0	  0	  0	  0	  0	  0	  0	  0	  0	  0	  0	  0	  0	  0	  0	  0	  0	  0	  0	  0	  0	 61	 34	 16	 64	  0	 13	  0	  0	  0	  0	  0	  0	  0	  0	  0	  0	  0	  5	12820	  0
13-08-2015	14:35:54	  	L	00000000	 70	 63	 35	 16	  0	  0	  0	  4	  4	  4	  4	  4	  4	  4	  4	  0	  0	  0	  0	  0	  0	  0	  0	  0	  0	  0	  0	  0	  0	  0	  0	  0	  0	  0	  0	  0	  0	  0	  0	 59	 35	 20	 63	  0	 16	  0	  0	  0	  0	  0	  0	  0	  0	  0	  0	  0	  5	12820	  0
13-08-2015	14:40:54	  	L	00000000	 70	 63	 34	 14	  0	  0	  0	  4	  4	  4	  4	  4	  4	  4	  4	  0	  0	  0	  0	  0	  0	  0	  0	  0	  0	  0	  0	  0	  0	  0	  0	  0	  0	  0	  0	  0	  0	  0	  0	 57	 34	 20	 63	  0	 14	  0	  0	  0	  0	  0	  0	  0	  0	  0	  0	  0	  5	12820	  0
13-08-2015	14:45:54	  	L	00000000	 70	 63	 34	 14	  0	  0	  0	  5	  5	  5	  5	  5	  5	  5	  5	  0	  0	  0	  0	  0	  0	  0	  0	  0	  0	  0	  0	  0	  0	  0	  0	  0	  0	  0	  0	  0	  0	  0	  0	 56	 34	 21	 63	  0	 14	  0	  0	  0	  0	  0	  0	  0	  0	  0	  0	  0	  5	12820	  0
13-08-2015	14:50:54	  	L	00000000	 70	 62	 34	 15	  0	  0	  0	  5	  5	  5	  5	  5	  5	  5	  5	  0	  0	  0	  0	  0	  0	  0	  0	  0	  0	  0	  0	  0	  0	  0	  0	  0	  0	  0	  0	  0	  0	  0	  0	 56	 34	 21	 62	  0	 15	  0	  0	  0	  0	  0	  0	  0	  0	  0	  0	  0	  5	12820	  0
13-08-2015	14:55:55	  	L	00000000	 70	 62	 34	 15	  0	  0	  0	  5	  5	  5	  5	  5	  5	  5	  5	  0	  0	  0	  0	  0	  0	  0	  0	  0	  0	  0	  0	  0	  0	  0	  0	  0	  0	  0	  0	  0	  0	  0	  0	 55	 34	 23	 62	  0	 15	  0	  0	  0	  0	  0	  0	  0	  0	  0	  0	  0	  5	12820	  0
