28-09-2015	00:49:42	->	L	00000000	 10	 24	 19	 73	  0	  4	  0	  4	  4	  4	  4	  4	  4	  4	  4	  0	  0	  0	  0	  0	  0	  0	  0	  0	  0	  0	  0	  0	  0	  0	  0	  0	  0	  0	  0	  0	  0	  0	  0	 20	 19	 93	 24	  0	 73	  0	  0	  0	  0	  0	  0	  0	  0	  0	  0	  0	  5	6163	  1
28-09-2015	00:54:42	->	L	00000000	 10	 24	 19	 65	  0	  9	  0	  4	  4	  4	  4	  4	  4	  4	  4	  0	  0	  0	  0	  0	  0	  0	  0	  0	  0	  0	  0	  0	  0	  0	  0	  0	  0	  0	  0	  0	  0	  0	  0	 20	 19	 93	 24	  0	 73	  0	  0	  0	  0	  0	  0	  0	  0	  0	  0	  0	  5	6420	  1
28-09-2015	00:59:42	->	L	00000000	 10	 26	 19	 60	  0	 14	  0	  4	  4	  4	  4	  4	  4	  4	  4	  0	  0	  0	  0	  0	  0	  0	  0	  0	  0	  0	  0	  0	  0	  0	  0	  0	  0	  0	  0	  0	  0	  0	  0	 21	 19	 88	 26	  0	 60	  0	  0	  0	  0	  0	  0	  0	  0	  0	  0	  0	  5	6677	  1
28-09-2015	01:04:42	->	L	00000000	 10	 26	 20	 60	  0	 19	  0	  4	  4	  4	  4	  4	  4	  4	  4	  0	  0	  0	  0	  0	  0	  0	  0	  0	  0	  0	  0	  0	  0	  0	  0	  0	  0	  0	  0	  0	  0	  0	  0	 22	 20	 88	 26	  0	 65	  0	  0	  0	  0	  0	  0	  0	  0	  0	  0	  0	  5	6934	  1
28-09-2015	01:09:42	->	L	00000000	 10	 28	 20	 53	  0	 24	  0	  4	  4	  4	  4	  4	  4	  4	  4	  0	  0	  0	  0	  0	  0	  0	  0	  0	  0	  0	  0	  0	  0	  0	  0	  0	  0	  0	  0	  0	  0	  0	  0	 23	 20	 82	 28	  0	 56	  0	  0	  0	  0	  0	  0	  0	  0	  0	  0	  0	  5	7448	  1
28-09-2015	01:14:42	->	L	00000000	 10	 29	 21	 56	  0	 29	  0	  4	  4	  4	  4	  4	  4	  4	  4	  0	  0	  0	  0	  0	  0	  0	  0	  0	  0	  0	  0	  0	  0	  0	  0	  0	  0	  0	  0	  0	  0	  0	  0	 24	 21	 82	 29	  0	 56	  0	  0	  0	  0	  0	  0	  0	  0	  0	  0	  0	  5	7705	  1
28-09-2015	01:19:42	->	L	00000000	 10	 30	 22	 57	  0	 34	  0	  4	  4	  4	  4	  4	  4	  4	  4	  0	  0	  0	  0	  0	  0	  0	  0	  0	  0	  0	  0	  0	  0	  0	  0	  0	  0	  0	  0	  0	  0	  0	  0	 24	 22	 88	 30	  0	 57	  0	  0	  0	  0	  0	  0	  0	  0	  0	  0	  0	  5	7962	  1
28-09-2015	01:24:42	->	L	00000000	 10	 37	 23	 38	  0	 39	  0	  4	  4	  4	  4	  4	  4	  4	  4	  0	  0	  0	  0	  0	  0	  0	  0	  0	  0	  0	  0	  0	  0	  0	  0	  0	  0	  0	  0	  0	  0	  0	  0	 26	 23	 82	 37	  0	 36	  0	  0	  0	  0	  0	  0	  0	  0	  0	  0	  0	  5	8476	  1
28-09-2015	01:29:42	->	L	00000000	 10	 41	 23	 30	  0	 44	  0	  4	  4	  4	  4	  4	  4	  4	  4	  0	  0	  0	  0	  0	  0	  0	  0	  0	  0	  0	  0	  0	  0	  0	  0	  0	  0	  0	  0	  0	  0	  0	  0	 27	 23	 77	 41	  0	 26	  0	  0	  0	  0	  0	  0	  0	  0	  0	  0	  0	  5	8733	  1
28-09-2015	01:34:43	->	L	00000000	 10	 42	 24	 26	  0	 49	  0	  4	  4	  4	  4	  4	  4	  4	  4	  0	  0	  0	  0	  0	  0	  0	  0	  0	  0	  0	  0	  0	  0	  0	  0	  0	  0	  0	  0	  0	  0	  0	  0	 28	 24	 77	 42	  0	 26	  0	  0	  0	  0	  0	  0	  0	  0	  0	  0	  0	  5	8990	  1
28-09-2015	01:39:42	->	L	00000000	 10	 39	 25	 35	  0	 54	  0	  4	  4	  4	  4	  4	  4	  4	  4	  0	  0	  0	  0	  0	  0	  0	  0	  0	  0	  0	  0	  0	  0	  0	  0	  0	  0	  0	  0	  0	  0	  0	  0	 29	 25	 77	 39	  0	 37	  0	  0	  0	  0	  0	  0	  0	  0	  0	  0	  0	  5	9247	  1
28-09-2015	01:44:42	->	L	00000000	 10	 37	 25	 44	  0	 59	  0	  4	  4	  4	  4	  4	  4	  4	  4	  0	  0	  0	  0	  0	  0	  0	  0	  0	  0	  0	  0	  0	  0	  0	  0	  0	  0	  0	  0	  0	  0	  0	  0	 29	 25	 77	 37	  0	 44	  0	  0	  0	  0	  0	  0	  0	  0	  0	  0	  0	  5	9761	  1
28-09-2015	01:49:42	->	L	00000000	 10	 39	 26	 44	  0	 64	  0	  4	  4	  4	  4	  4	  4	  4	  4	  0	  0	  0	  0	  0	  0	  0	  0	  0	  0	  0	  0	  0	  0	  0	  0	  0	  0	  0	  0	  0	  0	  0	  0	 29	 26	 83	 39	  0	 40	  0	  0	  0	  0	  0	  0	  0	  0	  0	  0	  0	  5	10018	  1
28-09-2015	01:54:43	->	L	00000000	 10	 43	 27	 36	  0	 69	  0	  4	  4	  4	  4	  4	  4	  4	  4	  0	  0	  0	  0	  0	  0	  0	  0	  0	  0	  0	  0	  0	  0	  0	  0	  0	  0	  0	  0	  0	  0	  0	  0	 31	 27	 77	 43	  0	 32	  0	  0	  0	  0	  0	  0	  0	  0	  0	  0	  0	  5	10275	  1
28-09-2015	01:59:43	->	L	00000000	 10	 46	 28	 28	  0	 74	  0	  4	  4	  4	  4	  4	  4	  4	  4	  0	  0	  0	  0	  0	  0	  0	  0	  0	  0	  0	  0	  0	  0	  0	  0	  0	  0	  0	  0	  0	  0	  0	  0	 31	 28	 83	 46	  0	 28	  0	  0	  0	  0	  0	  0	  0	  0	  0	  0	  0	  5	10789	  1
28-09-2015	02:04:43	->	L	00000000	 10	 43	 28	 32	  0	 79	  0	  4	  4	  4	  4	  4	  4	  4	  4	  0	  0	  0	  0	  0	  0	  0	  0	  0	  0	  0	  0	  0	  0	  0	  0	  0	  0	  0	  0	  0	  0	  0	  0	 31	 28	 83	 43	  0	 36	  0	  0	  0	  0	  0	  0	  0	  0	  0	  0	  0	  5	11046	  1
28-09-2015	02:09:43	->	L	00000000	 10	 44	 28	 38	  0	 84	  0	  4	  4	  4	  4	  4	  4	  4	  4	  0	  0	  0	  0	  0	  0	  0	  0	  0	  0	  0	  0	  0	  0	  0	  0	  0	  0	  0	  0	  0	  0	  0	  0	 32	 28	 77	 44	  0	 32	  0	  0	  0	  0	  0	  0	  0	  0	  0	  0	  0	  5	11303	  1
28-09-2015	02:14:43	->	L	00000000	 10	 46	 30	 33	  0	 89	  0	  4	  4	  4	  4	  4	  4	  4	  4	  0	  0	  0	  0	  0	  0	  0	  0	  0	  0	  0	  0	  0	  0	  0	  0	  0	  0	  0	  0	  0	  0	  0	  0	 33	 30	 83	 46	  0	 33	  0	  0	  0	  0	  0	  0	  0	  0	  0	  0	  0	  5	11560	  1
28-09-2015	02:19:43	->	L	00000000	 10	 46	 30	 37	  0	 94	  0	  4	  4	  4	  4	  4	  4	  4	  4	  0	  0	  0	  0	  0	  0	  0	  0	  0	  0	  0	  0	  0	  0	  0	  0	  0	  0	  0	  0	  0	  0	  0	  0	 33	 30	 83	 46	  0	 37	  0	  0	  0	  0	  0	  0	  0	  0	  0	  0	  0	  5	12074	  1
28-09-2015	02:24:44	->	L	00000000	 10	 53	 31	 20	  0	 99	  0	  4	  4	  4	  4	  4	  4	  4	  4	  0	  0	  0	  0	  0	  0	  0	  0	  0	  0	  0	  0	  0	  0	  0	  0	  0	  0	  0	  0	  0	  0	  0	  0	 35	 31	 78	 53	  0	 20	  0	  0	  0	  0	  0	  0	  0	  0	  0	  0	  0	  5	12331	  1
28-09-2015	02:29:43	->	L	00000000	 10	 49	 32	 27	  0	104	  0	  4	  4	  4	  4	  4	  4	  4	  4	  0	  0	  0	  0	  0	  0	  0	  0	  0	  0	  0	  0	  0	  0	  0	  0	  0	  0	  0	  0	  0	  0	  0	  0	 35	 32	 83	 49	  0	 31	  0	  0	  0	  0	  0	  0	  0	  0	  0	  0	  0	  5	12588	  1
28-09-2015	02:34:43	->	L	00000000	 10	 51	 32	 30	  0	109	  0	  4	  4	  4	  4	  4	  4	  4	  4	  0	  0	  0	  0	  0	  0	  0	  0	  0	  0	  0	  0	  0	  0	  0	  0	  0	  0	  0	  0	  0	  0	  0	  0	 36	 32	 78	 52	  0	 27	  0	  0	  0	  0	  0	  0	  0	  0	  0	  0	  0	  5	13102	  1
28-09-2015	02:39:43	->	L	00000000	 10	 57	 33	 19	  0	114	  0	  4	  4	  4	  4	  4	  4	  4	  4	  0	  0	  0	  0	  0	  0	  0	  0	  0	  0	  0	  0	  0	  0	  0	  0	  0	  0	  0	  0	  0	  0	  0	  0	 37	 33	 78	 57	  0	 19	  0	  0	  0	  0	  0	  0	  0	  0	  0	  0	  0	  5	13359	  1
28-09-2015	02:44:43	->	L	00000000	 10	 52	 34	 28	  0	119	  0	  4	  4	  4	  4	  4	  4	  4	  4	  0	  0	  0	  0	  0	  0	  0	  0	  0	  0	  0	  0	  0	  0	  0	  0	  0	  0	  0	  0	  0	  0	  0	  0	 37	 34	 84	 52	  0	 31	  0	  0	  0	  0	  0	  0	  0	  0	  0	  0	  0	  5	13616	  1
28-09-2015	02:49:43	<-	L	00000000	 10	 52	 38	 41	  0	124	  0	  4	  4	  4	  4	  4	  4	  4	  4	  0	  0	  0	  0	  0	  0	  0	  0	  0	  0	  0	  0	  0	  0	  0	  0	  0	  0	  0	  0	  0	  0	  0	  0	 52	 38	 41	 50	  0	 48	  0	  0	  0	  0	  0	  0	  0	  0	  0	  0	  0	  5	14130	  1
28-09-2015	02:54:43	<-	L	00000000	 10	 61	 41	 31	  0	129	  0	  4	  4	  4	  4	  4	  4	  4	  4	  0	  0	  0	  0	  0	  0	  0	  0	  0	  0	  0	  0	  0	  0	  0	  0	  0	  0	  0	  0	  0	  0	  0	  0	 61	 41	 29	 42	  0	 94	  0	  0	  0	  0	  0	  0	  0	  0	  0	  0	  0	  5	14387	  1
28-09-2015	02:59:43	<-	L	00000000	 10	 57	 42	 38	  0	134	  0	  4	  4	  4	  4	  4	  4	  4	  4	  0	  0	  0	  0	  0	  0	  0	  0	  0	  0	  0	  0	  0	  0	  0	  0	  0	  0	  0	  0	  0	  0	  0	  0	 57	 42	 41	 42	  0	100	  0	  0	  0	  0	  0	  0	  0	  0	  0	  0	  0	  5	14644	  1
28-09-2015	03:04:44	<-	L	00000000	 10	 58	 42	 41	  0	139	  0	  4	  4	  4	  4	  4	  4	  4	  4	  0	  0	  0	  0	  0	  0	  0	  0	  0	  0	  0	  0	  0	  0	  0	  0	  0	  0	  0	  0	  0	  0	  0	  0	 58	 42	 38	 42	  0	100	  0	  0	  0	  0	  0	  0	  0	  0	  0	  0	  0	  5	14901	  1
28-09-2015	03:09:44	<-	L	00000000	 10	 63	 44	 32	  0	144	  0	  4	  4	  4	  4	  4	  4	  4	  4	  0	  0	  0	  0	  0	  0	  0	  0	  0	  0	  0	  0	  0	  0	  0	  0	  0	  0	  0	  0	  0	  0	  0	  0	 63	 44	 32	 43	  0	100	  0	  0	  0	  0	  0	  0	  0	  0	  0	  0	  0	  5	15415	  1
28-09-2015	03:14:44	<-	L	00000000	 10	 61	 44	 36	  0	149	  0	  4	  4	  4	  4	  4	  4	  4	  4	  0	  0	  0	  0	  0	  0	  0	  0	  0	  0	  0	  0	  0	  0	  0	  0	  0	  0	  0	  0	  0	  0	  0	  0	 61	 44	 36	 44	  0	100	  0	  0	  0	  0	  0	  0	  0	  0	  0	  0	  0	  5	15672	  1
28-09-2015	03:19:44	<-	L	00000000	 10	 62	 45	 35	  0	154	  0	  4	  4	  4	  4	  4	  4	  4	  4	  0	  0	  0	  0	  0	  0	  0	  0	  0	  0	  0	  0	  0	  0	  0	  0	  0	  0	  0	  0	  0	  0	  0	  0	 62	 45	 36	 44	  0	100	  0	  0	  0	  0	  0	  0	  0	  0	  0	  0	  0	  5	15929	  1
28-09-2015	03:24:44	<-	L	00000000	 10	 60	 44	 39	  0	159	  0	  4	  4	  4	  4	  4	  4	  4	  4	  0	  0	  0	  0	  0	  0	  0	  0	  0	  0	  0	  0	  0	  0	  0	  0	  0	  0	  0	  0	  0	  0	  0	  0	 60	 44	 39	 44	  0	100	  0	  0	  0	  0	  0	  0	  0	  0	  0	  0	  0	  5	16443	  1
28-09-2015	03:29:44	<-	L	00000000	 10	 68	 47	 29	  0	164	  0	  4	  4	  4	  4	  4	  4	  4	  4	  0	  0	  0	  0	  0	  0	  0	  0	  0	  0	  0	  0	  0	  0	  0	  0	  0	  0	  0	  0	  0	  0	  0	  0	 68	 47	 29	 45	  0	100	  0	  0	  0	  0	  0	  0	  0	  0	  0	  0	  0	  5	16700	  1
28-09-2015	03:34:44	<-	L	00000000	 10	 65	 47	 36	  0	169	  0	  4	  4	  4	  4	  4	  4	  4	  4	  0	  0	  0	  0	  0	  0	  0	  0	  0	  0	  0	  0	  0	  0	  0	  0	  0	  0	  0	  0	  0	  0	  0	  0	 65	 47	 36	 46	  0	100	  0	  0	  0	  0	  0	  0	  0	  0	  0	  0	  0	  5	16957	  1
28-09-2015	03:39:44	<-	L	00000000	 10	 69	 48	 28	  0	174	  0	  4	  4	  4	  4	  4	  4	  4	  4	  0	  0	  0	  0	  0	  0	  0	  0	  0	  0	  0	  0	  0	  0	  0	  0	  0	  0	  0	  0	  0	  0	  0	  0	 69	 48	 29	 47	  0	100	  0	  0	  0	  0	  0	  0	  0	  0	  0	  0	  0	  5	17214	  1
28-09-2015	03:44:44	<-	L	00000000	 10	 65	 47	 37	  0	179	  0	  4	  4	  4	  4	  4	  4	  4	  4	  0	  0	  0	  0	  0	  0	  0	  0	  0	  0	  0	  0	  0	  0	  0	  0	  0	  0	  0	  0	  0	  0	  0	  0	 65	 47	 36	 47	  0	100	  0	  0	  0	  0	  0	  0	  0	  0	  0	  0	  0	  5	17728	  1
28-09-2015	03:49:44	<-	L	00000000	 10	 72	 49	 27	  0	184	  0	  4	  4	  4	  4	  4	  4	  4	  4	  0	  0	  0	  0	  0	  0	  0	  0	  0	  0	  0	  0	  0	  0	  0	  0	  0	  0	  0	  0	  0	  0	  0	  0	 72	 49	 27	 48	  0	100	  0	  0	  0	  0	  0	  0	  0	  0	  0	  0	  0	  5	17985	  1
28-09-2015	03:54:44	<-	L	00000000	 10	 67	 49	 34	  0	189	  0	  4	  4	  4	  4	  4	  4	  4	  4	  0	  0	  0	  0	  0	  0	  0	  0	  0	  0	  0	  0	  0	  0	  0	  0	  0	  0	  0	  0	  0	  0	  0	  0	 67	 49	 37	 48	  0	100	  0	  0	  0	  0	  0	  0	  0	  0	  0	  0	  0	  5	18242	  1
28-09-2015	03:59:44	<-	L	00000000	 10	 71	 50	 30	  0	194	  0	  4	  4	  4	  4	  4	  4	  4	  4	  0	  0	  0	  0	  0	  0	  0	  0	  0	  0	  0	  0	  0	  0	  0	  0	  0	  0	  0	  0	  0	  0	  0	  0	 71	 50	 30	 50	  0	100	  0	  0	  0	  0	  0	  0	  0	  0	  0	  0	  0	  5	18756	  1
28-09-2015	04:04:44	<-	L	00000000	 10	 75	 51	 28	  0	199	  0	  4	  4	  4	  4	  4	  4	  4	  4	  0	  0	  0	  0	  0	  0	  0	  0	  0	  0	  0	  0	  0	  0	  0	  0	  0	  0	  0	  0	  0	  0	  0	  0	 75	 51	 28	 51	  0	100	  0	  0	  0	  0	  0	  0	  0	  0	  0	  0	  0	  5	19013	  1
28-09-2015	04:09:44	<-	L	00000000	 10	 76	 52	 28	  0	204	  0	  4	  4	  4	  4	  4	  4	  4	  4	  0	  0	  0	  0	  0	  0	  0	  0	  0	  0	  0	  0	  0	  0	  0	  0	  0	  0	  0	  0	  0	  0	  0	  0	 76	 52	 28	 52	  0	100	  0	  0	  0	  0	  0	  0	  0	  0	  0	  0	  0	  5	19270	  1
28-09-2015	04:14:44	<-	L	00000000	 10	 76	 53	 28	  0	209	  0	  4	  4	  4	  4	  4	  4	  4	  4	  0	  0	  0	  0	  0	  0	  0	  0	  0	  0	  0	  0	  0	  0	  0	  0	  0	  0	  0	  0	  0	  0	  0	  0	 76	 53	 28	 53	  0	100	  0	  0	  0	  0	  0	  0	  0	  0	  0	  0	  0	  5	19527	  1
28-09-2015	04:19:45	<-	L	00000000	 10	 76	 53	 28	  0	214	  0	  4	  4	  4	  4	  4	  4	  4	  4	  0	  0	  0	  0	  0	  0	  0	  0	  0	  0	  0	  0	  0	  0	  0	  0	  0	  0	  0	  0	  0	  0	  0	  0	 76	 53	 28	 53	  0	100	  0	  0	  0	  0	  0	  0	  0	  0	  0	  0	  0	  5	20041	  1
28-09-2015	04:24:45	<-	L	00000000	 10	 76	 54	 31	  0	219	  0	  4	  4	  4	  4	  4	  4	  4	  4	  0	  0	  0	  0	  0	  0	  0	  0	  0	  0	  0	  0	  0	  0	  0	  0	  0	  0	  0	  0	  0	  0	  0	  0	 76	 54	 31	 54	  0	100	  0	  0	  0	  0	  0	  0	  0	  0	  0	  0	  0	  5	20298	  1
28-09-2015	04:29:45	<-	L	00000000	 10	 76	 54	 31	  0	224	  0	  4	  4	  4	  4	  4	  4	  4	  4	  0	  0	  0	  0	  0	  0	  0	  0	  0	  0	  0	  0	  0	  0	  0	  0	  0	  0	  0	  0	  0	  0	  0	  0	 76	 54	 31	 53	  0	100	  0	  0	  0	  0	  0	  0	  0	  0	  0	  0	  0	  5	20555	  1
28-09-2015	04:34:45	<-	L	00000000	 10	 76	 55	 32	  0	229	  0	  4	  4	  4	  4	  4	  4	  4	  4	  0	  0	  0	  0	  0	  0	  0	  0	  0	  0	  0	  0	  0	  0	  0	  0	  0	  0	  0	  0	  0	  0	  0	  0	 76	 55	 32	 54	  0	100	  0	  0	  0	  0	  0	  0	  0	  0	  0	  0	  0	  5	21069	  1
28-09-2015	04:39:45	<-	L	00000000	 10	 76	 55	 32	  0	234	  0	  4	  4	  4	  4	  4	  4	  4	  4	  0	  0	  0	  0	  0	  0	  0	  0	  0	  0	  0	  0	  0	  0	  0	  0	  0	  0	  0	  0	  0	  0	  0	  0	 76	 55	 32	 54	  0	100	  0	  0	  0	  0	  0	  0	  0	  0	  0	  0	  0	  5	21326	  1
28-09-2015	04:44:45	<-	L	00000000	 10	 76	 55	 32	  0	239	  0	  4	  4	  4	  4	  4	  4	  4	  4	  0	  0	  0	  0	  0	  0	  0	  0	  0	  0	  0	  0	  0	  0	  0	  0	  0	  0	  0	  0	  0	  0	  0	  0	 76	 55	 32	 55	  0	100	  0	  0	  0	  0	  0	  0	  0	  0	  0	  0	  0	  5	21583	  1
28-09-2015	04:49:45	<-	L	00000000	 21	 77	 56	 33	  0	  3	  0	  4	  4	  4	  4	  4	  4	  4	  4	  0	  0	  0	  0	  0	  0	  0	  0	  0	  0	  0	  0	  0	  0	  0	  0	  0	  0	  0	  0	  0	  0	  0	  0	 77	 56	 33	 56	  0	100	  0	  0	  0	  0	  0	  0	  0	  0	  0	  0	  0	  5	21826	  0
28-09-2015	04:54:45	<-	L	00000000	 21	 77	 56	 33	  0	  8	  0	  4	  4	  4	  4	  4	  4	  4	  4	  0	  0	  0	  0	  0	  0	  0	  0	  0	  0	  0	  0	  0	  0	  0	  0	  0	  0	  0	  0	  0	  0	  0	  0	 77	 56	 33	 56	  0	100	  0	  0	  0	  0	  0	  0	  0	  0	  0	  0	  0	  5	21826	  0
28-09-2015	04:59:45	<-	L	00000000	 21	 77	 57	 36	  0	 13	  0	  4	  4	  4	  4	  4	  4	  4	  4	  0	  0	  0	  0	  0	  0	  0	  0	  0	  0	  0	  0	  0	  0	  0	  0	  0	  0	  0	  0	  0	  0	  0	  0	 77	 57	 36	 56	  0	100	  0	  0	  0	  0	  0	  0	  0	  0	  0	  0	  0	  5	21826	  0
28-09-2015	05:04:45	<-	L	00000000	 21	 77	 57	 36	  0	 18	  0	  4	  4	  4	  4	  4	  4	  4	  4	  0	  0	  0	  0	  0	  0	  0	  0	  0	  0	  0	  0	  0	  0	  0	  0	  0	  0	  0	  0	  0	  0	  0	  0	 77	 57	 36	 57	  0	100	  0	  0	  0	  0	  0	  0	  0	  0	  0	  0	  0	  5	21826	  0
28-09-2015	05:09:45	<-	L	00000000	 21	 78	 58	 33	  0	 23	  0	  4	  4	  4	  4	  4	  4	  4	  4	  0	  0	  0	  0	  0	  0	  0	  0	  0	  0	  0	  0	  0	  0	  0	  0	  0	  0	  0	  0	  0	  0	  0	  0	 78	 58	 37	 57	  0	100	  0	  0	  0	  0	  0	  0	  0	  0	  0	  0	  0	  5	21826	  0
28-09-2015	05:14:45	<-	L	00000000	 21	 78	 57	 33	  0	 28	  0	  4	  4	  4	  4	  4	  4	  4	  4	  0	  0	  0	  0	  0	  0	  0	  0	  0	  0	  0	  0	  0	  0	  0	  0	  0	  0	  0	  0	  0	  0	  0	  0	 78	 57	 33	 56	  0	100	  0	  0	  0	  0	  0	  0	  0	  0	  0	  0	  0	  5	20536	  0
28-09-2015	05:19:45	<-	L	00000000	 21	 75	 57	 40	  0	 33	  0	  4	  4	  4	  4	  4	  4	  4	  4	  0	  0	  0	  0	  0	  0	  0	  0	  0	  0	  0	  0	  0	  0	  0	  0	  0	  0	  0	  0	  0	  0	  0	  0	 75	 57	 40	 53	  0	100	  0	  0	  0	  0	  0	  0	  0	  0	  0	  0	  0	  5	19256	  0
28-09-2015	05:24:45	<-	L	00000000	 21	 76	 56	 38	  0	 38	  0	  4	  4	  4	  4	  4	  4	  4	  4	  0	  0	  0	  0	  0	  0	  0	  0	  0	  0	  0	  0	  0	  0	  0	  0	  0	  0	  0	  0	  0	  0	  0	  0	 76	 56	 36	 52	  0	100	  0	  0	  0	  0	  0	  0	  0	  0	  0	  0	  0	  5	19256	  0
28-09-2015	05:29:46	<-	L	00000000	 21	 72	 56	 41	  0	 43	  0	  4	  4	  4	  4	  4	  4	  4	  4	  0	  0	  0	  0	  0	  0	  0	  0	  0	  0	  0	  0	  0	  0	  0	  0	  0	  0	  0	  0	  0	  0	  0	  0	 72	 56	 44	 52	  0	100	  0	  0	  0	  0	  0	  0	  0	  0	  0	  0	  0	  5	19256	  0
28-09-2015	05:34:46	<-	L	00000000	 21	 72	 56	 44	  0	 48	  0	  4	  4	  4	  4	  4	  4	  4	  4	  0	  0	  0	  0	  0	  0	  0	  0	  0	  0	  0	  0	  0	  0	  0	  0	  0	  0	  0	  0	  0	  0	  0	  0	 72	 56	 44	 54	  0	100	  0	  0	  0	  0	  0	  0	  0	  0	  0	  0	  0	  5	19258	  0
28-09-2015	05:39:46	<-	L	00000000	 21	 76	 57	 38	  0	 53	  0	  4	  4	  4	  4	  4	  4	  4	  4	  0	  0	  0	  0	  0	  0	  0	  0	  0	  0	  0	  0	  0	  0	  0	  0	  0	  0	  0	  0	  0	  0	  0	  0	 76	 57	 38	 56	  0	100	  0	  0	  0	  0	  0	  0	  0	  0	  0	  0	  0	  5	19257	  0
28-09-2015	05:44:46	<-	L	00000000	 21	 72	 57	 47	  0	 58	  0	  4	  4	  4	  4	  4	  4	  4	  4	  0	  0	  0	  0	  0	  0	  0	  0	  0	  0	  0	  0	  0	  0	  0	  0	  0	  0	  0	  0	  0	  0	  0	  0	 72	 57	 47	 56	  0	100	  0	  0	  0	  0	  0	  0	  0	  0	  0	  0	  0	  5	19257	  0
28-09-2015	05:49:46	<-	L	00000000	 21	 77	 58	 37	  0	 63	  0	  4	  4	  4	  4	  4	  4	  4	  4	  0	  0	  0	  0	  0	  0	  0	  0	  0	  0	  0	  0	  0	  0	  0	  0	  0	  0	  0	  0	  0	  0	  0	  0	 77	 58	 38	 56	  0	100	  0	  0	  0	  0	  0	  0	  0	  0	  0	  0	  0	  5	19769	  0
28-09-2015	05:54:46	<-	L	00000000	 21	 74	 57	 40	  0	 68	  0	  4	  4	  4	  4	  4	  4	  4	  4	  0	  0	  0	  0	  0	  0	  0	  0	  0	  0	  0	  0	  0	  0	  0	  0	  0	  0	  0	  0	  0	  0	  0	  0	 74	 57	 41	 55	  0	100	  0	  0	  0	  0	  0	  0	  0	  0	  0	  0	  0	  5	19769	  0
28-09-2015	05:59:46	<-	L	00000000	 21	 73	 57	 44	  0	 73	  0	  4	  4	  4	  4	  4	  4	  4	  4	  0	  0	  0	  0	  0	  0	  0	  0	  0	  0	  0	  0	  0	  0	  0	  0	  0	  0	  0	  0	  0	  0	  0	  0	 73	 57	 44	 54	  0	100	  0	  0	  0	  0	  0	  0	  0	  0	  0	  0	  0	  5	20537	  0
28-09-2015	06:04:46	<-	L	00000000	 21	 78	 57	 33	  0	 78	  0	  4	  4	  4	  4	  4	  4	  4	  4	  0	  0	  0	  0	  0	  0	  0	  0	  0	  0	  0	  0	  0	  0	  0	  0	  0	  0	  0	  0	  0	  0	  0	  0	 78	 57	 33	 53	  0	100	  0	  0	  0	  0	  0	  0	  0	  0	  0	  0	  0	  5	20537	  0
28-09-2015	06:09:47	<-	L	00000000	 21	 78	 57	 33	  0	 83	  0	  4	  4	  4	  4	  4	  4	  4	  4	  0	  0	  0	  0	  0	  0	  0	  0	  0	  0	  0	  0	  0	  0	  0	  0	  0	  0	  0	  0	  0	  0	  0	  0	 78	 57	 33	 53	  0	100	  0	  0	  0	  0	  0	  0	  0	  0	  0	  0	  0	  5	20537	  0
28-09-2015	06:14:46	<-	L	00000000	 21	 78	 57	 33	  0	 88	  0	  4	  4	  4	  4	  4	  4	  4	  4	  0	  0	  0	  0	  0	  0	  0	  0	  0	  0	  0	  0	  0	  0	  0	  0	  0	  0	  0	  0	  0	  0	  0	  0	 78	 57	 33	 53	  0	100	  0	  0	  0	  0	  0	  0	  0	  0	  0	  0	  0	  5	20537	  0
28-09-2015	06:19:46	<-	L	00000000	 21	 77	 57	 36	  0	 93	  0	  4	  4	  4	  4	  4	  4	  4	  4	  0	  0	  0	  0	  0	  0	  0	  0	  0	  0	  0	  0	  0	  0	  0	  0	  0	  0	  0	  0	  0	  0	  0	  0	 77	 57	 36	 53	  0	100	  0	  0	  0	  0	  0	  0	  0	  0	  0	  0	  0	  5	20537	  0
28-09-2015	06:24:46	<-	L	00000000	 21	 77	 57	 36	  0	 98	  0	  4	  4	  4	  4	  4	  4	  4	  4	  0	  0	  0	  0	  0	  0	  0	  0	  0	  0	  0	  0	  0	  0	  0	  0	  0	  0	  0	  0	  0	  0	  0	  0	 77	 57	 36	 52	  0	100	  0	  0	  0	  0	  0	  0	  0	  0	  0	  0	  0	  5	20537	  0
28-09-2015	06:29:46	<-	L	00000000	 21	 72	 56	 44	  0	103	  0	  4	  4	  4	  4	  4	  4	  4	  4	  0	  0	  0	  0	  0	  0	  0	  0	  0	  0	  0	  0	  0	  0	  0	  0	  0	  0	  0	  0	  0	  0	  0	  0	 72	 56	 44	 52	  0	100	  0	  0	  0	  0	  0	  0	  0	  0	  0	  0	  0	  5	19257	  0
28-09-2015	06:34:46	<-	L	00000000	 21	 75	 57	 40	  0	108	  0	  4	  4	  4	  4	  4	  4	  4	  4	  0	  0	  0	  0	  0	  0	  0	  0	  0	  0	  0	  0	  0	  0	  0	  0	  0	  0	  0	  0	  0	  0	  0	  0	 75	 57	 40	 53	  0	100	  0	  0	  0	  0	  0	  0	  0	  0	  0	  0	  0	  5	19257	  0
28-09-2015	06:39:47	<-	L	00000000	 21	 75	 57	 40	  0	113	  0	  4	  4	  4	  4	  4	  4	  4	  4	  0	  0	  0	  0	  0	  0	  0	  0	  0	  0	  0	  0	  0	  0	  0	  0	  0	  0	  0	  0	  0	  0	  0	  0	 75	 57	 40	 53	  0	100	  0	  0	  0	  0	  0	  0	  0	  0	  0	  0	  0	  5	19257	  0
28-09-2015	07:59:48	<-	L	00000000	 21	 66	 54	 55	  0	120	  0	  4	  4	  4	  4	  4	  4	  4	  4	  0	  0	  0	  0	  0	  0	  0	  0	  0	  0	  0	  0	  0	  0	  0	  0	  0	  0	  0	  0	  0	  0	  0	  0	 66	 54	 53	 54	  0	100	  0	  0	  0	  0	  0	  0	  0	  0	  0	  0	  0	  5	19258	  0
28-09-2015	08:04:48	->	L	00000000	 21	 74	 54	 37	  0	125	  0	  4	  4	  4	  4	  4	  4	  4	  4	  0	  0	  0	  0	  0	  0	  0	  0	  0	  0	  0	  0	  0	  0	  0	  0	  0	  0	  0	  0	  0	  0	  0	  0	 63	 54	 62	 74	  0	 35	  0	  0	  0	  0	  0	  0	  0	  0	  0	  0	  0	  5	19258	  0
28-09-2015	08:09:48	->	L	00000000	 21	 77	 54	 29	  0	130	  0	  4	  4	  4	  4	  4	  4	  4	  4	  0	  0	  0	  0	  0	  0	  0	  0	  0	  0	  0	  0	  0	  0	  0	  0	  0	  0	  0	  0	  0	  0	  0	  0	 59	 54	 78	 77	  0	 29	  0	  0	  0	  0	  0	  0	  0	  0	  0	  0	  0	  5	19258	  0
28-09-2015	08:14:48	->	L	00000000	 21	 72	 54	 39	  0	135	  0	  4	  4	  4	  4	  4	  4	  4	  4	  0	  0	  0	  0	  0	  0	  0	  0	  0	  0	  0	  0	  0	  0	  0	  0	  0	  0	  0	  0	  0	  0	  0	  0	 57	 54	 86	 72	  0	 39	  0	  0	  0	  0	  0	  0	  0	  0	  0	  0	  0	  5	19258	  0
28-09-2015	08:19:49	->	L	00000000	 21	 76	 54	 32	  0	140	  0	  4	  4	  4	  4	  4	  4	  4	  4	  0	  0	  0	  0	  0	  0	  0	  0	  0	  0	  0	  0	  0	  0	  0	  0	  0	  0	  0	  0	  0	  0	  0	  0	 58	 54	 81	 76	  0	 31	  0	  0	  0	  0	  0	  0	  0	  0	  0	  0	  0	  5	19258	  0
28-09-2015	08:24:48	->	L	00000000	 21	 75	 54	 31	  0	145	  0	  4	  4	  4	  4	  4	  4	  4	  4	  0	  0	  0	  0	  0	  0	  0	  0	  0	  0	  0	  0	  0	  0	  0	  0	  0	  0	  0	  0	  0	  0	  0	  0	 58	 54	 81	 75	  0	 32	  0	  0	  0	  0	  0	  0	  0	  0	  0	  0	  0	  5	19258	  0
28-09-2015	08:29:48	->	L	00000000	 21	 73	 54	 39	  0	150	  0	  4	  4	  4	  4	  4	  4	  4	  4	  0	  0	  0	  0	  0	  0	  0	  0	  0	  0	  0	  0	  0	  0	  0	  0	  0	  0	  0	  0	  0	  0	  0	  0	 58	 54	 81	 73	  0	 37	  0	  0	  0	  0	  0	  0	  0	  0	  0	  0	  0	  5	19258	  0
28-09-2015	08:34:48	->	L	00000000	 21	 78	 55	 32	  0	155	  0	  4	  4	  4	  4	  4	  4	  4	  4	  0	  0	  0	  0	  0	  0	  0	  0	  0	  0	  0	  0	  0	  0	  0	  0	  0	  0	  0	  0	  0	  0	  0	  0	 59	 55	 81	 78	  0	 29	  0	  0	  0	  0	  0	  0	  0	  0	  0	  0	  0	  5	19258	  0
28-09-2015	08:39:48	->	L	00000000	 21	 72	 55	 39	  0	160	  0	  4	  4	  4	  4	  4	  4	  4	  4	  0	  0	  0	  0	  0	  0	  0	  0	  0	  0	  0	  0	  0	  0	  0	  0	  0	  0	  0	  0	  0	  0	  0	  0	 58	 55	 86	 72	  0	 41	  0	  0	  0	  0	  0	  0	  0	  0	  0	  0	  0	  5	19258	  0
28-09-2015	08:44:48	->	L	00000000	 21	 74	 55	 39	  0	165	  0	  4	  4	  4	  4	  4	  4	  4	  4	  0	  0	  0	  0	  0	  0	  0	  0	  0	  0	  0	  0	  0	  0	  0	  0	  0	  0	  0	  0	  0	  0	  0	  0	 58	 55	 86	 74	  0	 37	  0	  0	  0	  0	  0	  0	  0	  0	  0	  0	  0	  5	19258	  0
