29-01-2015	18:09:50	->	L	00000000	210	 82	 54	 25	  0	357	  0	  7	  6	  8	  5	  7	 10	  8	  8	  0	  0	  0	  0	  0	  0	  0	  0	  0	  0	  0	  0	  0	  0	  0	  0	  0	  0	  0	  0	  0	  0	  0	  0	 80	 54	 28	 82	  0	 25	  0	  0	  0	  0	  0	  0	  0	  0	  0	  0	  0	  5	21814	  0
29-01-2015	18:14:50	->	L	00000000	210	 89	 54	 20	  0	362	  0	  7	  5	  8	  5	  7	 11	  8	  7	  0	  0	  0	  0	  0	  0	  0	  0	  0	  0	  0	  0	  0	  0	  0	  0	  0	  0	  0	  0	  0	  0	  0	  0	 83	 54	 24	 89	  0	 20	  0	  0	  0	  0	  0	  0	  0	  0	  0	  0	  0	  5	21814	  0
29-01-2015	18:19:50	->	L	00000000	210	 82	 54	 25	  0	367	  0	  7	  5	  8	  5	  7	  9	  8	  7	  0	  0	  0	  0	  0	  0	  0	  0	  0	  0	  0	  0	  0	  0	  0	  0	  0	  0	  0	  0	  0	  0	  0	  0	 81	 54	 26	 82	  0	 25	  0	  0	  0	  0	  0	  0	  0	  0	  0	  0	  0	  5	21814	  0
29-01-2015	18:24:50	->	L	00000000	210	 90	 54	 20	  0	372	  0	  7	  5	  8	  5	  7	  9	  8	  7	  0	  0	  0	  0	  0	  0	  0	  0	  0	  0	  0	  0	  0	  0	  0	  0	  0	  0	  0	  0	  0	  0	  0	  0	 83	 54	 24	 90	  0	 20	  0	  0	  0	  0	  0	  0	  0	  0	  0	  0	  0	  5	21814	  0
29-01-2015	18:29:50	->	L	00000000	210	 82	 54	 24	  0	377	  0	  7	  5	  8	  5	  7	  9	  8	  7	  0	  0	  0	  0	  0	  0	  0	  0	  0	  0	  0	  0	  0	  0	  0	  0	  0	  0	  0	  0	  0	  0	  0	  0	 81	 54	 26	 82	  0	 25	  0	  0	  0	  0	  0	  0	  0	  0	  0	  0	  0	  5	21814	  0
29-01-2015	18:34:51	  	L	00000000	210	 89	 54	 20	  0	382	  0	  6	  5	  8	  5	  7	  8	  8	  7	  0	  0	  0	  0	  0	  0	  0	  0	  0	  0	  0	  0	  0	  0	  0	  0	  0	  0	  0	  0	  0	  0	  0	  0	 83	 54	 24	 89	  0	 20	  0	  0	  0	  0	  0	  0	  0	  0	  0	  0	  0	  5	21814	  0
29-01-2015	18:39:51	<-	L	00000000	210	 89	 57	 24	  0	387	  0	  6	  5	  8	  5	  7	  9	  8	  7	  0	  0	  0	  0	  0	  0	  0	  0	  0	  0	  0	  0	  0	  0	  0	  0	  0	  0	  0	  0	  0	  0	  0	  0	 89	 57	 23	 85	  0	 27	  0	  0	  0	  0	  0	  0	  0	  0	  0	  0	  0	  5	21814	  0
29-01-2015	18:44:50	<-	L	00000000	210	 84	 54	 24	  0	392	  0	  6	  5	  9	  5	  7	  9	  8	  7	  0	  0	  0	  0	  0	  0	  0	  0	  0	  0	  0	  0	  0	  0	  0	  0	  0	  0	  0	  0	  0	  0	  0	  0	 84	 54	 23	 84	  0	 23	  0	  0	  0	  0	  0	  0	  0	  0	  0	  0	  0	  5	21814	  0
29-01-2015	18:49:50	<-	L	00000000	210	 90	 54	 20	  0	397	  0	  6	  5	  9	  5	  7	 10	  8	  7	  0	  0	  0	  0	  0	  0	  0	  0	  0	  0	  0	  0	  0	  0	  0	  0	  0	  0	  0	  0	  0	  0	  0	  0	 90	 54	 20	 85	  0	 23	  0	  0	  0	  0	  0	  0	  0	  0	  0	  0	  0	  5	21814	  0
29-01-2015	18:54:50	<-	L	00000000	210	 83	 53	 23	  0	402	  0	  6	  5	  8	  5	  6	  9	  8	  6	  0	  0	  0	  0	  0	  0	  0	  0	  0	  0	  0	  0	  0	  0	  0	  0	  0	  0	  0	  0	  0	  0	  0	  0	 83	 53	 23	 83	  0	 23	  0	  0	  0	  0	  0	  0	  0	  0	  0	  0	  0	  5	21814	  0
29-01-2015	18:59:51	<-	L	00000000	210	 90	 54	 20	  0	407	  0	  6	  5	  8	  5	  6	  7	  8	  6	  0	  0	  0	  0	  0	  0	  0	  0	  0	  0	  0	  0	  0	  0	  0	  0	  0	  0	  0	  0	  0	  0	  0	  0	 90	 54	 20	 85	  0	 23	  0	  0	  0	  0	  0	  0	  0	  0	  0	  0	  0	  5	21814	  0
29-01-2015	19:04:51	<-	L	00000000	210	 83	 53	 22	  0	412	  0	  6	  5	  8	  5	  7	  9	  8	  7	  0	  0	  0	  0	  0	  0	  0	  0	  0	  0	  0	  0	  0	  0	  0	  0	  0	  0	  0	  0	  0	  0	  0	  0	 83	 53	 23	 83	  0	 23	  0	  0	  0	  0	  0	  0	  0	  0	  0	  0	  0	  5	21814	  0
29-01-2015	19:09:51	<-	L	00000000	210	 90	 54	 21	  0	417	  0	  6	  5	  8	  5	  7	  8	  8	  7	  0	  0	  0	  0	  0	  0	  0	  0	  0	  0	  0	  0	  0	  0	  0	  0	  0	  0	  0	  0	  0	  0	  0	  0	 90	 54	 20	 85	  0	 23	  0	  0	  0	  0	  0	  0	  0	  0	  0	  0	  0	  5	21814	  0
29-01-2015	19:14:51	<-	L	00000000	210	 84	 54	 23	  0	422	  0	  6	  5	  8	  5	  6	  7	  8	  6	  0	  0	  0	  0	  0	  0	  0	  0	  0	  0	  0	  0	  0	  0	  0	  0	  0	  0	  0	  0	  0	  0	  0	  0	 84	 54	 23	 84	  0	 23	  0	  0	  0	  0	  0	  0	  0	  0	  0	  0	  0	  5	21814	  0
29-01-2015	19:19:51	<-	L	00000000	210	 89	 54	 21	  0	427	  0	  6	  5	  8	  5	  6	  7	  8	  6	  0	  0	  0	  0	  0	  0	  0	  0	  0	  0	  0	  0	  0	  0	  0	  0	  0	  0	  0	  0	  0	  0	  0	  0	 89	 54	 21	 85	  0	 23	  0	  0	  0	  0	  0	  0	  0	  0	  0	  0	  0	  5	21814	  0
29-01-2015	19:24:51	<-	L	00000000	210	 84	 53	 23	  0	432	  0	  6	  5	  9	  5	  6	  7	  7	  6	  0	  0	  0	  0	  0	  0	  0	  0	  0	  0	  0	  0	  0	  0	  0	  0	  0	  0	  0	  0	  0	  0	  0	  0	 84	 53	 22	 83	  0	 23	  0	  0	  0	  0	  0	  0	  0	  0	  0	  0	  0	  5	21814	  0
29-01-2015	19:29:51	<-	L	00000000	210	 88	 54	 21	  0	437	  0	  6	  5	  8	  5	  6	  8	  8	  6	  0	  0	  0	  0	  0	  0	  0	  0	  0	  0	  0	  0	  0	  0	  0	  0	  0	  0	  0	  0	  0	  0	  0	  0	 88	 54	 21	 84	  0	 23	  0	  0	  0	  0	  0	  0	  0	  0	  0	  0	  0	  5	21814	  0
29-01-2015	19:34:51	<-	L	00000000	210	 82	 53	 24	  0	442	  0	  5	  5	  8	  4	  7	  8	  8	  6	  0	  0	  0	  0	  0	  0	  0	  0	  0	  0	  0	  0	  0	  0	  0	  0	  0	  0	  0	  0	  0	  0	  0	  0	 82	 53	 24	 82	  0	 24	  0	  0	  0	  0	  0	  0	  0	  0	  0	  0	  0	  5	21814	  0
29-01-2015	19:39:51	<-	L	00000000	210	 88	 54	 20	  0	447	  0	  6	  5	  8	  4	  6	  7	  8	  6	  0	  0	  0	  0	  0	  0	  0	  0	  0	  0	  0	  0	  0	  0	  0	  0	  0	  0	  0	  0	  0	  0	  0	  0	 88	 54	 21	 85	  0	 23	  0	  0	  0	  0	  0	  0	  0	  0	  0	  0	  0	  5	21814	  0
29-01-2015	19:44:51	<-	L	00000000	210	 84	 54	 24	  0	452	  0	  6	  4	  9	  4	  6	  7	  7	  6	  0	  0	  0	  0	  0	  0	  0	  0	  0	  0	  0	  0	  0	  0	  0	  0	  0	  0	  0	  0	  0	  0	  0	  0	 84	 54	 23	 83	  0	 24	  0	  0	  0	  0	  0	  0	  0	  0	  0	  0	  0	  5	21814	  0
29-01-2015	19:49:52	<-	L	00000000	210	 85	 54	 23	  0	457	  0	  6	  4	  9	  4	  6	  7	  7	  6	  0	  0	  0	  0	  0	  0	  0	  0	  0	  0	  0	  0	  0	  0	  0	  0	  0	  0	  0	  0	  0	  0	  0	  0	 85	 54	 23	 84	  0	 23	  0	  0	  0	  0	  0	  0	  0	  0	  0	  0	  0	  5	21814	  0
29-01-2015	19:54:52	<-	L	00000000	210	 87	 54	 23	  0	462	  0	  5	  4	  8	  4	  6	  8	  7	  6	  0	  0	  0	  0	  0	  0	  0	  0	  0	  0	  0	  0	  0	  0	  0	  0	  0	  0	  0	  0	  0	  0	  0	  0	 87	 54	 21	 84	  0	 23	  0	  0	  0	  0	  0	  0	  0	  0	  0	  0	  0	  5	21814	  0
29-01-2015	19:59:52	<-	L	00000000	210	 86	 54	 21	  0	467	  0	  5	  4	  9	  4	  6	  7	  8	  6	  0	  0	  0	  0	  0	  0	  0	  0	  0	  0	  0	  0	  0	  0	  0	  0	  0	  0	  0	  0	  0	  0	  0	  0	 86	 54	 22	 84	  0	 23	  0	  0	  0	  0	  0	  0	  0	  0	  0	  0	  0	  5	21814	  0
29-01-2015	20:04:52	<-	L	00000000	210	 85	 54	 23	  0	472	  0	  5	  4	 10	  4	  6	  7	  8	  6	  0	  0	  0	  0	  0	  0	  0	  0	  0	  0	  0	  0	  0	  0	  0	  0	  0	  0	  0	  0	  0	  0	  0	  0	 85	 54	 23	 83	  0	 24	  0	  0	  0	  0	  0	  0	  0	  0	  0	  0	  0	  5	21814	  0
29-01-2015	20:09:52	<-	L	00000000	210	 89	 54	 20	  0	477	  0	  5	  4	  9	  4	  6	  7	  7	  6	  0	  0	  0	  0	  0	  0	  0	  0	  0	  0	  0	  0	  0	  0	  0	  0	  0	  0	  0	  0	  0	  0	  0	  0	 89	 54	 20	 85	  0	 23	  0	  0	  0	  0	  0	  0	  0	  0	  0	  0	  0	  5	21814	  0
29-01-2015	20:14:52	<-	L	00000000	210	 83	 54	 23	  0	482	  0	  5	  4	  8	  4	  6	  7	  7	  6	  0	  0	  0	  0	  0	  0	  0	  0	  0	  0	  0	  0	  0	  0	  0	  0	  0	  0	  0	  0	  0	  0	  0	  0	 83	 54	 24	 83	  0	 24	  0	  0	  0	  0	  0	  0	  0	  0	  0	  0	  0	  5	21814	  0
29-01-2015	20:19:52	<-	L	00000000	210	 87	 54	 22	  0	487	  0	  5	  4	  9	  4	  6	  7	  7	  6	  0	  0	  0	  0	  0	  0	  0	  0	  0	  0	  0	  0	  0	  0	  0	  0	  0	  0	  0	  0	  0	  0	  0	  0	 89	 54	 21	 85	  0	 23	  0	  0	  0	  0	  0	  0	  0	  0	  0	  0	  0	  5	21814	  0
29-01-2015	20:24:52	<-	L	00000000	210	 87	 54	 21	  0	492	  0	  5	  4	 10	  4	  6	  7	  7	  6	  0	  0	  0	  0	  0	  0	  0	  0	  0	  0	  0	  0	  0	  0	  0	  0	  0	  0	  0	  0	  0	  0	  0	  0	 87	 54	 21	 85	  0	 23	  0	  0	  0	  0	  0	  0	  0	  0	  0	  0	  0	  5	21814	  0
29-01-2015	20:29:52	<-	L	00000000	210	 83	 53	 24	  0	497	  0	  5	  4	 11	  4	  6	  7	  7	  6	  0	  0	  0	  0	  0	  0	  0	  0	  0	  0	  0	  0	  0	  0	  0	  0	  0	  0	  0	  0	  0	  0	  0	  0	 82	 53	 24	 83	  0	 23	  0	  0	  0	  0	  0	  0	  0	  0	  0	  0	  0	  5	21814	  0
29-01-2015	20:34:52	<-	L	00000000	210	 89	 54	 21	  0	502	  0	  5	  4	 11	  4	  6	  7	  7	  6	  0	  0	  0	  0	  0	  0	  0	  0	  0	  0	  0	  0	  0	  0	  0	  0	  0	  0	  0	  0	  0	  0	  0	  0	 89	 54	 20	 85	  0	 23	  0	  0	  0	  0	  0	  0	  0	  0	  0	  0	  0	  5	21814	  0
29-01-2015	20:39:53	<-	L	00000000	210	 84	 54	 23	  0	507	  0	  5	  4	 10	  4	  6	  8	  7	  6	  0	  0	  0	  0	  0	  0	  0	  0	  0	  0	  0	  0	  0	  0	  0	  0	  0	  0	  0	  0	  0	  0	  0	  0	 84	 54	 23	 84	  0	 23	  0	  0	  0	  0	  0	  0	  0	  0	  0	  0	  0	  5	21814	  0
29-01-2015	20:44:52	<-	L	00000000	210	 88	 54	 21	  0	512	  0	  5	  4	  9	  4	  6	  8	  7	  6	  0	  0	  0	  0	  0	  0	  0	  0	  0	  0	  0	  0	  0	  0	  0	  0	  0	  0	  0	  0	  0	  0	  0	  0	 88	 54	 21	 85	  0	 23	  0	  0	  0	  0	  0	  0	  0	  0	  0	  0	  0	  5	21814	  0
29-01-2015	20:49:52	<-	L	00000000	210	 85	 54	 22	  0	517	  0	  5	  4	  8	  4	  6	  7	  7	  6	  0	  0	  0	  0	  0	  0	  0	  0	  0	  0	  0	  0	  0	  0	  0	  0	  0	  0	  0	  0	  0	  0	  0	  0	 85	 54	 23	 84	  0	 23	  0	  0	  0	  0	  0	  0	  0	  0	  0	  0	  0	  5	21814	  0
29-01-2015	20:54:53	<-	L	00000000	210	 87	 54	 22	  0	522	  0	  5	  4	  8	  4	  6	  6	  7	  6	  0	  0	  0	  0	  0	  0	  0	  0	  0	  0	  0	  0	  0	  0	  0	  0	  0	  0	  0	  0	  0	  0	  0	  0	 87	 54	 21	 84	  0	 23	  0	  0	  0	  0	  0	  0	  0	  0	  0	  0	  0	  5	21814	  0
29-01-2015	20:59:53	<-	L	00000000	210	 83	 54	 23	  0	527	  0	  5	  4	  9	  4	  6	  7	  7	  6	  0	  0	  0	  0	  0	  0	  0	  0	  0	  0	  0	  0	  0	  0	  0	  0	  0	  0	  0	  0	  0	  0	  0	  0	 83	 54	 24	 83	  0	 24	  0	  0	  0	  0	  0	  0	  0	  0	  0	  0	  0	  5	21814	  0
29-01-2015	21:04:53	<-	L	00000000	210	 88	 54	 21	  0	532	  0	  5	  4	  9	  4	  5	  6	  7	  6	  0	  0	  0	  0	  0	  0	  0	  0	  0	  0	  0	  0	  0	  0	  0	  0	  0	  0	  0	  0	  0	  0	  0	  0	 88	 54	 21	 85	  0	 23	  0	  0	  0	  0	  0	  0	  0	  0	  0	  0	  0	  5	21814	  0
29-01-2015	21:09:53	<-	L	00000000	210	 83	 54	 24	  0	537	  0	  5	  4	 10	  4	  5	  6	  7	  5	  0	  0	  0	  0	  0	  0	  0	  0	  0	  0	  0	  0	  0	  0	  0	  0	  0	  0	  0	  0	  0	  0	  0	  0	 83	 54	 24	 83	  0	 24	  0	  0	  0	  0	  0	  0	  0	  0	  0	  0	  0	  5	21814	  0
29-01-2015	21:14:53	<-	L	00000000	210	 87	 54	 21	  0	542	  0	  5	  5	 10	  4	  5	  7	  6	  5	  0	  0	  0	  0	  0	  0	  0	  0	  0	  0	  0	  0	  0	  0	  0	  0	  0	  0	  0	  0	  0	  0	  0	  0	 87	 54	 21	 84	  0	 23	  0	  0	  0	  0	  0	  0	  0	  0	  0	  0	  0	  5	21814	  0
29-01-2015	21:19:53	<-	L	00000000	210	 83	 54	 24	  0	547	  0	  4	  4	 10	  5	  6	  7	  7	  5	  0	  0	  0	  0	  0	  0	  0	  0	  0	  0	  0	  0	  0	  0	  0	  0	  0	  0	  0	  0	  0	  0	  0	  0	 83	 54	 24	 83	  0	 24	  0	  0	  0	  0	  0	  0	  0	  0	  0	  0	  0	  5	21814	  0
29-01-2015	21:24:53	<-	L	00000000	210	 86	 54	 21	  0	552	  0	  4	  4	 10	  4	  5	  7	  6	  5	  0	  0	  0	  0	  0	  0	  0	  0	  0	  0	  0	  0	  0	  0	  0	  0	  0	  0	  0	  0	  0	  0	  0	  0	 86	 54	 22	 84	  0	 23	  0	  0	  0	  0	  0	  0	  0	  0	  0	  0	  0	  5	21814	  0
29-01-2015	21:29:53	<-	L	00000000	210	 86	 54	 23	  0	557	  0	  4	  4	 11	  4	  5	  7	  7	  6	  0	  0	  0	  0	  0	  0	  0	  0	  0	  0	  0	  0	  0	  0	  0	  0	  0	  0	  0	  0	  0	  0	  0	  0	 86	 54	 22	 83	  0	 24	  0	  0	  0	  0	  0	  0	  0	  0	  0	  0	  0	  5	21814	  0
29-01-2015	21:34:53	<-	L	00000000	210	 84	 54	 23	  0	562	  0	  5	  4	  9	  4	  5	  6	  6	  6	  0	  0	  0	  0	  0	  0	  0	  0	  0	  0	  0	  0	  0	  0	  0	  0	  0	  0	  0	  0	  0	  0	  0	  0	 84	 54	 23	 83	  0	 24	  0	  0	  0	  0	  0	  0	  0	  0	  0	  0	  0	  5	21814	  0
29-01-2015	21:39:54	->	L	00000000	210	 84	 55	 24	  0	567	  0	  5	  4	 10	  4	  5	  6	  6	  5	  0	  0	  0	  0	  0	  0	  0	  0	  0	  0	  0	  0	  0	  0	  0	  0	  0	  0	  0	  0	  0	  0	  0	  0	 84	 55	 24	 83	  0	 26	  0	  0	  0	  0	  0	  0	  0	  0	  0	  0	  0	  5	21814	  0
29-01-2015	21:44:53	->	L	00000000	210	 87	 54	 22	  0	572	  0	  4	  4	  7	  5	  6	  9	  6	  5	  0	  0	  0	  0	  0	  0	  0	  0	  0	  0	  0	  0	  0	  0	  0	  0	  0	  0	  0	  0	  0	  0	  0	  0	 83	 54	 24	 87	  0	 21	  0	  0	  0	  0	  0	  0	  0	  0	  0	  0	  0	  5	21814	  0
29-01-2015	21:49:54	->	L	00000000	210	 83	 53	 23	  0	577	  0	  4	  4	  7	  5	  6	 11	  7	  6	  0	  0	  0	  0	  0	  0	  0	  0	  0	  0	  0	  0	  0	  0	  0	  0	  0	  0	  0	  0	  0	  0	  0	  0	 81	 53	 25	 83	  0	 23	  0	  0	  0	  0	  0	  0	  0	  0	  0	  0	  0	  5	21814	  0
29-01-2015	21:54:54	->	L	00000000	210	 88	 54	 21	  0	582	  0	  4	  4	  7	  4	  5	 10	  6	  6	  0	  0	  0	  0	  0	  0	  0	  0	  0	  0	  0	  0	  0	  0	  0	  0	  0	  0	  0	  0	  0	  0	  0	  0	 84	 54	 23	 88	  0	 21	  0	  0	  0	  0	  0	  0	  0	  0	  0	  0	  0	  5	21814	  0
29-01-2015	21:59:54	->	L	00000000	210	 84	 54	 23	  0	587	  0	  4	  4	  7	  4	  5	 10	  6	  5	  0	  0	  0	  0	  0	  0	  0	  0	  0	  0	  0	  0	  0	  0	  0	  0	  0	  0	  0	  0	  0	  0	  0	  0	 83	 54	 24	 84	  0	 23	  0	  0	  0	  0	  0	  0	  0	  0	  0	  0	  0	  5	21814	  0
29-01-2015	22:04:54	->	L	00000000	210	 86	 54	 23	  0	592	  0	  4	  4	  7	  4	  5	 10	  6	  5	  0	  0	  0	  0	  0	  0	  0	  0	  0	  0	  0	  0	  0	  0	  0	  0	  0	  0	  0	  0	  0	  0	  0	  0	 83	 54	 24	 86	  0	 22	  0	  0	  0	  0	  0	  0	  0	  0	  0	  0	  0	  5	21814	  0
29-01-2015	22:09:54	->	L	00000000	210	 86	 54	 21	  0	597	  0	  4	  4	  7	  4	  5	  9	  6	  5	  0	  0	  0	  0	  0	  0	  0	  0	  0	  0	  0	  0	  0	  0	  0	  0	  0	  0	  0	  0	  0	  0	  0	  0	 84	 54	 23	 86	  0	 22	  0	  0	  0	  0	  0	  0	  0	  0	  0	  0	  0	  5	21814	  0
29-01-2015	22:14:54	->	L	00000000	210	 84	 54	 24	  0	602	  0	  4	  4	  7	  4	  5	  8	  6	  5	  0	  0	  0	  0	  0	  0	  0	  0	  0	  0	  0	  0	  0	  0	  0	  0	  0	  0	  0	  0	  0	  0	  0	  0	 82	 54	 25	 84	  0	 23	  0	  0	  0	  0	  0	  0	  0	  0	  0	  0	  0	  5	21814	  0
29-01-2015	22:19:54	->	L	00000000	210	 87	 54	 21	  0	607	  0	  4	  4	  7	  4	  5	  9	  6	  5	  0	  0	  0	  0	  0	  0	  0	  0	  0	  0	  0	  0	  0	  0	  0	  0	  0	  0	  0	  0	  0	  0	  0	  0	 84	 54	 23	 87	  0	 21	  0	  0	  0	  0	  0	  0	  0	  0	  0	  0	  0	  5	21814	  0
29-01-2015	22:24:54	->	L	00000000	210	 83	 54	 24	  0	612	  0	  4	  4	  7	  4	  5	  9	  7	  5	  0	  0	  0	  0	  0	  0	  0	  0	  0	  0	  0	  0	  0	  0	  0	  0	  0	  0	  0	  0	  0	  0	  0	  0	 81	 54	 26	 83	  0	 24	  0	  0	  0	  0	  0	  0	  0	  0	  0	  0	  0	  5	21814	  0
29-01-2015	22:29:54	->	L	00000000	210	 88	 54	 21	  0	617	  0	  4	  4	  7	  4	  5	  9	  6	  5	  0	  0	  0	  0	  0	  0	  0	  0	  0	  0	  0	  0	  0	  0	  0	  0	  0	  0	  0	  0	  0	  0	  0	  0	 84	 54	 23	 88	  0	 21	  0	  0	  0	  0	  0	  0	  0	  0	  0	  0	  0	  5	21814	  0
29-01-2015	22:34:54	->	L	00000000	210	 84	 54	 23	  0	622	  0	  4	  4	  7	  4	  5	  8	  6	  5	  0	  0	  0	  0	  0	  0	  0	  0	  0	  0	  0	  0	  0	  0	  0	  0	  0	  0	  0	  0	  0	  0	  0	  0	 82	 54	 25	 84	  0	 23	  0	  0	  0	  0	  0	  0	  0	  0	  0	  0	  0	  5	21814	  0
29-01-2015	22:39:54	->	L	00000000	210	 88	 54	 21	  0	627	  0	  4	  4	  7	  4	  5	  8	  6	  5	  0	  0	  0	  0	  0	  0	  0	  0	  0	  0	  0	  0	  0	  0	  0	  0	  0	  0	  0	  0	  0	  0	  0	  0	 83	 54	 24	 88	  0	 21	  0	  0	  0	  0	  0	  0	  0	  0	  0	  0	  0	  5	21814	  0
29-01-2015	22:44:54	->	L	00000000	210	 86	 54	 21	  0	632	  0	  4	  4	  7	  4	  5	  9	  6	  5	  0	  0	  0	  0	  0	  0	  0	  0	  0	  0	  0	  0	  0	  0	  0	  0	  0	  0	  0	  0	  0	  0	  0	  0	 83	 54	 23	 86	  0	 22	  0	  0	  0	  0	  0	  0	  0	  0	  0	  0	  0	  5	21814	  0
29-01-2015	22:49:55	->	L	00000000	210	 84	 54	 24	  0	637	  0	  4	  4	  7	  4	  5	  8	  6	  5	  0	  0	  0	  0	  0	  0	  0	  0	  0	  0	  0	  0	  0	  0	  0	  0	  0	  0	  0	  0	  0	  0	  0	  0	 81	 54	 26	 84	  0	 23	  0	  0	  0	  0	  0	  0	  0	  0	  0	  0	  0	  5	21814	  0
29-01-2015	22:54:55	->	L	00000000	210	 89	 54	 20	  0	642	  0	  4	  4	  7	  4	  5	  8	  6	  5	  0	  0	  0	  0	  0	  0	  0	  0	  0	  0	  0	  0	  0	  0	  0	  0	  0	  0	  0	  0	  0	  0	  0	  0	 84	 54	 23	 89	  0	 20	  0	  0	  0	  0	  0	  0	  0	  0	  0	  0	  0	  5	21814	  0
29-01-2015	22:59:55	->	L	00000000	210	 84	 54	 23	  0	647	  0	  4	  4	  7	  4	  5	  8	  6	  5	  0	  0	  0	  0	  0	  0	  0	  0	  0	  0	  0	  0	  0	  0	  0	  0	  0	  0	  0	  0	  0	  0	  0	  0	 82	 54	 25	 84	  0	 23	  0	  0	  0	  0	  0	  0	  0	  0	  0	  0	  0	  5	21814	  0
29-01-2015	23:04:55	->	L	00000000	210	 87	 54	 22	  0	652	  0	  4	  4	  7	  4	  5	  8	  6	  5	  0	  0	  0	  0	  0	  0	  0	  0	  0	  0	  0	  0	  0	  0	  0	  0	  0	  0	  0	  0	  0	  0	  0	  0	 83	 54	 24	 87	  0	 21	  0	  0	  0	  0	  0	  0	  0	  0	  0	  0	  0	  5	21814	  0
29-01-2015	23:09:55	->	L	00000000	210	 84	 54	 23	  0	657	  0	  4	  4	  7	  4	  5	 10	  6	  5	  0	  0	  0	  0	  0	  0	  0	  0	  0	  0	  0	  0	  0	  0	  0	  0	  0	  0	  0	  0	  0	  0	  0	  0	 82	 54	 25	 84	  0	 23	  0	  0	  0	  0	  0	  0	  0	  0	  0	  0	  0	  5	21814	  0
29-01-2015	23:14:55	->	L	00000000	210	 87	 54	 21	  0	662	  0	  4	  4	  7	  4	  5	 10	  6	  5	  0	  0	  0	  0	  0	  0	  0	  0	  0	  0	  0	  0	  0	  0	  0	  0	  0	  0	  0	  0	  0	  0	  0	  0	 83	 54	 24	 87	  0	 21	  0	  0	  0	  0	  0	  0	  0	  0	  0	  0	  0	  5	21814	  0
29-01-2015	23:19:55	->	L	00000000	210	 83	 54	 24	  0	667	  0	  4	  4	  6	  4	  6	 10	  6	  5	  0	  0	  0	  0	  0	  0	  0	  0	  0	  0	  0	  0	  0	  0	  0	  0	  0	  0	  0	  0	  0	  0	  0	  0	 81	 54	 26	 83	  0	 24	  0	  0	  0	  0	  0	  0	  0	  0	  0	  0	  0	  5	21814	  0
29-01-2015	23:24:55	->	L	00000000	210	 86	 54	 21	  0	672	  0	  4	  4	  6	  4	  6	  8	  6	  5	  0	  0	  0	  0	  0	  0	  0	  0	  0	  0	  0	  0	  0	  0	  0	  0	  0	  0	  0	  0	  0	  0	  0	  0	 83	 54	 24	 86	  0	 22	  0	  0	  0	  0	  0	  0	  0	  0	  0	  0	  0	  5	21814	  0
29-01-2015	23:29:56	->	L	00000000	210	 84	 54	 24	  0	677	  0	  5	  4	  6	  4	  5	 10	  5	  6	  0	  0	  0	  0	  0	  0	  0	  0	  0	  0	  0	  0	  0	  0	  0	  0	  0	  0	  0	  0	  0	  0	  0	  0	 81	 54	 26	 84	  0	 23	  0	  0	  0	  0	  0	  0	  0	  0	  0	  0	  0	  5	21814	  0
29-01-2015	23:34:55	->	L	00000000	210	 87	 54	 22	  0	682	  0	  4	  4	  6	  4	  5	  7	  5	  5	  0	  0	  0	  0	  0	  0	  0	  0	  0	  0	  0	  0	  0	  0	  0	  0	  0	  0	  0	  0	  0	  0	  0	  0	 83	 54	 24	 87	  0	 21	  0	  0	  0	  0	  0	  0	  0	  0	  0	  0	  0	  5	21814	  0
29-01-2015	23:39:56	->	L	00000000	210	 84	 54	 23	  0	687	  0	  4	  4	  6	  4	  5	 10	  6	  5	  0	  0	  0	  0	  0	  0	  0	  0	  0	  0	  0	  0	  0	  0	  0	  0	  0	  0	  0	  0	  0	  0	  0	  0	 82	 54	 25	 84	  0	 23	  0	  0	  0	  0	  0	  0	  0	  0	  0	  0	  0	  5	21814	  0
29-01-2015	23:44:56	->	L	00000000	210	 87	 54	 21	  0	692	  0	  5	  4	  7	  4	  5	  8	  5	  4	  0	  0	  0	  0	  0	  0	  0	  0	  0	  0	  0	  0	  0	  0	  0	  0	  0	  0	  0	  0	  0	  0	  0	  0	 83	 54	 24	 87	  0	 21	  0	  0	  0	  0	  0	  0	  0	  0	  0	  0	  0	  5	21814	  0
29-01-2015	23:49:56	->	L	00000000	210	 83	 54	 23	  0	697	  0	  4	  4	  6	  4	  5	  9	  5	  4	  0	  0	  0	  0	  0	  0	  0	  0	  0	  0	  0	  0	  0	  0	  0	  0	  0	  0	  0	  0	  0	  0	  0	  0	 82	 54	 25	 83	  0	 24	  0	  0	  0	  0	  0	  0	  0	  0	  0	  0	  0	  5	21814	  0
29-01-2015	23:54:56	->	L	00000000	210	 87	 54	 21	  0	702	  0	  4	  4	  6	  4	  5	  9	  5	  4	  0	  0	  0	  0	  0	  0	  0	  0	  0	  0	  0	  0	  0	  0	  0	  0	  0	  0	  0	  0	  0	  0	  0	  0	 83	 54	 24	 87	  0	 21	  0	  0	  0	  0	  0	  0	  0	  0	  0	  0	  0	  5	21814	  0
29-01-2015	23:59:56	->	L	00000000	210	 83	 56	 26	  0	707	  0	  5	  4	  7	  4	  4	  7	  5	  4	  0	  0	  0	  0	  0	  0	  0	  0	  0	  0	  0	  0	  0	  0	  0	  0	  0	  0	  0	  0	  0	  0	  0	  0	 82	 56	 29	 83	  0	 27	  0	  0	  0	  0	  0	  0	  0	  0	  0	  0	  0	  5	21835	  0
30-01-2015	00:04:56	->	L	00000000	210	 87	 57	 25	  0	712	  0	  4	  4	  6	  4	  4	  8	  5	  4	  0	  0	  0	  0	  0	  0	  0	  0	  0	  0	  0	  0	  0	  0	  0	  0	  0	  0	  0	  0	  0	  0	  0	  0	 83	 57	 29	 87	  0	 24	  0	  0	  0	  0	  0	  0	  0	  0	  0	  0	  0	  5	21835	  0
30-01-2015	00:09:56	->	L	00000000	210	 87	 58	 25	  0	717	  0	  4	  4	  6	  4	  4	  8	  5	  4	  0	  0	  0	  0	  0	  0	  0	  0	  0	  0	  0	  0	  0	  0	  0	  0	  0	  0	  0	  0	  0	  0	  0	  0	 84	 58	 29	 87	  0	 25	  0	  0	  0	  0	  0	  0	  0	  0	  0	  0	  0	  5	21835	  0
30-01-2015	00:14:56	->	L	00000000	210	 84	 58	 28	  0	722	  0	  4	  4	  6	  4	  4	  7	  5	  4	  0	  0	  0	  0	  0	  0	  0	  0	  0	  0	  0	  0	  0	  0	  0	  0	  0	  0	  0	  0	  0	  0	  0	  0	 83	 58	 29	 84	  0	 29	  0	  0	  0	  0	  0	  0	  0	  0	  0	  0	  0	  5	21835	  0
30-01-2015	00:19:56	->	L	00000000	210	 85	 58	 29	  0	727	  0	  4	  4	  6	  4	  4	 10	  5	  4	  0	  0	  0	  0	  0	  0	  0	  0	  0	  0	  0	  0	  0	  0	  0	  0	  0	  0	  0	  0	  0	  0	  0	  0	 83	 58	 29	 85	  0	 28	  0	  0	  0	  0	  0	  0	  0	  0	  0	  0	  0	  5	21835	  0
30-01-2015	00:24:56	->	L	00000000	210	 88	 59	 26	  0	732	  0	  4	  4	  5	  4	  4	  8	  5	  4	  0	  0	  0	  0	  0	  0	  0	  0	  0	  0	  0	  0	  0	  0	  0	  0	  0	  0	  0	  0	  0	  0	  0	  0	 85	 59	 30	 88	  0	 26	  0	  0	  0	  0	  0	  0	  0	  0	  0	  0	  0	  5	21835	  0
30-01-2015	00:29:57	->	L	00000000	210	 86	 59	 27	  0	737	  0	  4	  4	  5	  4	  4	  8	  5	  4	  0	  0	  0	  0	  0	  0	  0	  0	  0	  0	  0	  0	  0	  0	  0	  0	  0	  0	  0	  0	  0	  0	  0	  0	 84	 59	 29	 86	  0	 28	  0	  0	  0	  0	  0	  0	  0	  0	  0	  0	  0	  5	21835	  0
30-01-2015	00:34:57	->	L	00000000	210	 84	 59	 30	  0	742	  0	  4	  4	  5	  4	  4	 10	  5	  4	  0	  0	  0	  0	  0	  0	  0	  0	  0	  0	  0	  0	  0	  0	  0	  0	  0	  0	  0	  0	  0	  0	  0	  0	 83	 59	 31	 84	  0	 29	  0	  0	  0	  0	  0	  0	  0	  0	  0	  0	  0	  5	21835	  0
30-01-2015	00:39:57	  	L	00000000	210	 84	 60	 32	  0	747	  0	  4	  4	  5	  4	  4	 11	  5	  4	  0	  0	  0	  0	  0	  0	  0	  0	  0	  0	  0	  0	  0	  0	  0	  0	  0	  0	  0	  0	  0	  0	  0	  0	 82	 60	 34	 84	  0	 32	  0	  0	  0	  0	  0	  0	  0	  0	  0	  0	  0	  5	21835	  0
30-01-2015	00:44:57	<-	L	00000000	210	 86	 61	 30	  0	752	  0	  4	  4	  5	  4	  4	  5	  4	  4	  0	  0	  0	  0	  0	  0	  0	  0	  0	  0	  0	  0	  0	  0	  0	  0	  0	  0	  0	  0	  0	  0	  0	  0	 86	 61	 30	 86	  0	 30	  0	  0	  0	  0	  0	  0	  0	  0	  0	  0	  0	  5	21835	  0
30-01-2015	00:49:57	<-	L	00000000	210	 85	 62	 33	  0	757	  0	  4	  4	  5	  4	  4	  5	  4	  4	  0	  0	  0	  0	  0	  0	  0	  0	  0	  0	  0	  0	  0	  0	  0	  0	  0	  0	  0	  0	  0	  0	  0	  0	 83	 62	 36	 85	  0	 33	  0	  0	  0	  0	  0	  0	  0	  0	  0	  0	  0	  5	21835	  0
30-01-2015	00:54:57	<-	L	00000000	210	 84	 62	 35	  0	762	  0	  4	  4	  6	  4	  4	  6	  4	  4	  0	  0	  0	  0	  0	  0	  0	  0	  0	  0	  0	  0	  0	  0	  0	  0	  0	  0	  0	  0	  0	  0	  0	  0	 82	 62	 38	 84	  0	 35	  0	  0	  0	  0	  0	  0	  0	  0	  0	  0	  0	  5	21835	  0
30-01-2015	00:59:57	<-	L	00000000	210	 85	 62	 33	  0	767	  0	  4	  4	  5	  4	  4	  8	  4	  4	  0	  0	  0	  0	  0	  0	  0	  0	  0	  0	  0	  0	  0	  0	  0	  0	  0	  0	  0	  0	  0	  0	  0	  0	 84	 62	 35	 85	  0	 33	  0	  0	  0	  0	  0	  0	  0	  0	  0	  0	  0	  5	21835	  0
30-01-2015	01:04:57	<-	L	00000000	210	 86	 60	 30	  0	772	  0	  4	  4	  7	  4	  4	  6	  4	  4	  0	  0	  0	  0	  0	  0	  0	  0	  0	  0	  0	  0	  0	  0	  0	  0	  0	  0	  0	  0	  0	  0	  0	  0	 83	 60	 32	 86	  0	 30	  0	  0	  0	  0	  0	  0	  0	  0	  0	  0	  0	  5	21805	  0
30-01-2015	01:09:57	<-	L	00000000	210	 85	 56	 25	  0	777	  0	  4	  4	  7	  4	  5	  5	  5	  5	  0	  0	  0	  0	  0	  0	  0	  0	  0	  0	  0	  0	  0	  0	  0	  0	  0	  0	  0	  0	  0	  0	  0	  0	 81	 56	 28	 85	  0	 25	  0	  0	  0	  0	  0	  0	  0	  0	  0	  0	  0	  5	21805	  0
30-01-2015	01:14:57	<-	L	00000000	210	 83	 54	 23	  0	782	  0	  4	  4	 10	  4	  5	  5	  5	  5	  0	  0	  0	  0	  0	  0	  0	  0	  0	  0	  0	  0	  0	  0	  0	  0	  0	  0	  0	  0	  0	  0	  0	  0	 79	 54	 27	 83	  0	 24	  0	  0	  0	  0	  0	  0	  0	  0	  0	  0	  0	  5	21805	  0
30-01-2015	01:19:57	<-	L	00000000	210	 84	 53	 22	  0	787	  0	  4	  4	  7	  4	  5	  5	  5	  5	  0	  0	  0	  0	  0	  0	  0	  0	  0	  0	  0	  0	  0	  0	  0	  0	  0	  0	  0	  0	  0	  0	  0	  0	 80	 53	 26	 84	  0	 22	  0	  0	  0	  0	  0	  0	  0	  0	  0	  0	  0	  5	21805	  0
30-01-2015	01:24:57	<-	L	00000000	210	 85	 52	 21	  0	792	  0	  4	  4	  7	  4	  5	  5	  5	  5	  0	  0	  0	  0	  0	  0	  0	  0	  0	  0	  0	  0	  0	  0	  0	  0	  0	  0	  0	  0	  0	  0	  0	  0	 82	 52	 23	 85	  0	 21	  0	  0	  0	  0	  0	  0	  0	  0	  0	  0	  0	  5	21805	  0
30-01-2015	01:29:57	<-	L	00000000	210	 86	 52	 20	  0	797	  0	  4	  4	  8	  4	  5	  5	  5	  5	  0	  0	  0	  0	  0	  0	  0	  0	  0	  0	  0	  0	  0	  0	  0	  0	  0	  0	  0	  0	  0	  0	  0	  0	 82	 52	 23	 86	  0	 20	  0	  0	  0	  0	  0	  0	  0	  0	  0	  0	  0	  5	21805	  0
30-01-2015	01:34:58	<-	L	00000000	210	 86	 51	 19	  0	802	  0	  4	  4	  8	  4	  5	  6	  5	  5	  0	  0	  0	  0	  0	  0	  0	  0	  0	  0	  0	  0	  0	  0	  0	  0	  0	  0	  0	  0	  0	  0	  0	  0	 82	 51	 22	 86	  0	 19	  0	  0	  0	  0	  0	  0	  0	  0	  0	  0	  0	  5	21805	  0
30-01-2015	01:39:58	<-	L	00000000	210	 85	 51	 19	  0	807	  0	  4	  4	  7	  4	  5	  8	  5	  5	  0	  0	  0	  0	  0	  0	  0	  0	  0	  0	  0	  0	  0	  0	  0	  0	  0	  0	  0	  0	  0	  0	  0	  0	 81	 51	 22	 85	  0	 20	  0	  0	  0	  0	  0	  0	  0	  0	  0	  0	  0	  5	21805	  0
30-01-2015	01:44:58	<-	L	00000000	210	 84	 50	 19	  0	812	  0	  4	  4	  7	  4	  5	  5	  5	  5	  0	  0	  0	  0	  0	  0	  0	  0	  0	  0	  0	  0	  0	  0	  0	  0	  0	  0	  0	  0	  0	  0	  0	  0	 79	 50	 22	 83	  0	 19	  0	  0	  0	  0	  0	  0	  0	  0	  0	  0	  0	  5	21805	  0
30-01-2015	01:49:58	<-	L	00000000	210	 84	 50	 19	  0	817	  0	  4	  4	  8	  4	  5	  6	  5	  5	  0	  0	  0	  0	  0	  0	  0	  0	  0	  0	  0	  0	  0	  0	  0	  0	  0	  0	  0	  0	  0	  0	  0	  0	 81	 50	 21	 84	  0	 19	  0	  0	  0	  0	  0	  0	  0	  0	  0	  0	  0	  5	21805	  0
30-01-2015	01:54:58	<-	L	00000000	210	 86	 50	 19	  0	822	  0	  4	  4	 10	  4	  5	  5	  5	  5	  0	  0	  0	  0	  0	  0	  0	  0	  0	  0	  0	  0	  0	  0	  0	  0	  0	  0	  0	  0	  0	  0	  0	  0	 82	 50	 21	 86	  0	 18	  0	  0	  0	  0	  0	  0	  0	  0	  0	  0	  0	  5	21805	  0
30-01-2015	01:59:58	<-	L	00000000	210	 86	 50	 18	  0	827	  0	  4	  4	  8	  4	  5	  6	  5	  5	  0	  0	  0	  0	  0	  0	  0	  0	  0	  0	  0	  0	  0	  0	  0	  0	  0	  0	  0	  0	  0	  0	  0	  0	 83	 50	 20	 86	  0	 18	  0	  0	  0	  0	  0	  0	  0	  0	  0	  0	  0	  5	21805	  0
30-01-2015	02:04:58	<-	L	00000000	210	 84	 49	 18	  0	832	  0	  4	  4	  7	  4	  5	  7	  5	  5	  0	  0	  0	  0	  0	  0	  0	  0	  0	  0	  0	  0	  0	  0	  0	  0	  0	  0	  0	  0	  0	  0	  0	  0	 79	 49	 21	 84	  0	 18	  0	  0	  0	  0	  0	  0	  0	  0	  0	  0	  0	  5	21805	  0
30-01-2015	02:09:58	<-	L	00000000	210	 86	 50	 18	  0	837	  0	  4	  4	  9	  4	  5	  7	  5	  5	  0	  0	  0	  0	  0	  0	  0	  0	  0	  0	  0	  0	  0	  0	  0	  0	  0	  0	  0	  0	  0	  0	  0	  0	 82	 50	 21	 86	  0	 18	  0	  0	  0	  0	  0	  0	  0	  0	  0	  0	  0	  5	21805	  0
30-01-2015	02:14:59	<-	L	00000000	210	 84	 49	 18	  0	842	  0	  4	  4	  8	  4	  5	  6	  5	  5	  0	  0	  0	  0	  0	  0	  0	  0	  0	  0	  0	  0	  0	  0	  0	  0	  0	  0	  0	  0	  0	  0	  0	  0	 79	 49	 21	 84	  0	 18	  0	  0	  0	  0	  0	  0	  0	  0	  0	  0	  0	  5	21805	  0
30-01-2015	02:19:58	<-	L	00000000	210	 86	 49	 18	  0	847	  0	  4	  4	  9	  4	  5	  5	  5	  5	  0	  0	  0	  0	  0	  0	  0	  0	  0	  0	  0	  0	  0	  0	  0	  0	  0	  0	  0	  0	  0	  0	  0	  0	 80	 49	 21	 86	  0	 17	  0	  0	  0	  0	  0	  0	  0	  0	  0	  0	  0	  5	21805	  0
30-01-2015	02:24:58	<-	L	00000000	210	 87	 50	 17	  0	852	  0	  4	  4	  8	  4	  5	  5	  4	  4	  0	  0	  0	  0	  0	  0	  0	  0	  0	  0	  0	  0	  0	  0	  0	  0	  0	  0	  0	  0	  0	  0	  0	  0	 82	 50	 21	 87	  0	 17	  0	  0	  0	  0	  0	  0	  0	  0	  0	  0	  0	  5	21805	  0
30-01-2015	02:29:58	<-	L	00000000	210	 86	 49	 16	  0	857	  0	  4	  4	  8	  4	  4	  7	  4	  4	  0	  0	  0	  0	  0	  0	  0	  0	  0	  0	  0	  0	  0	  0	  0	  0	  0	  0	  0	  0	  0	  0	  0	  0	 82	 49	 20	 86	  0	 17	  0	  0	  0	  0	  0	  0	  0	  0	  0	  0	  0	  5	21805	  0
30-01-2015	02:34:59	<-	L	00000000	210	 84	 49	 18	  0	862	  0	  4	  4	  8	  4	  4	  6	  4	  4	  0	  0	  0	  0	  0	  0	  0	  0	  0	  0	  0	  0	  0	  0	  0	  0	  0	  0	  0	  0	  0	  0	  0	  0	 79	 49	 21	 84	  0	 18	  0	  0	  0	  0	  0	  0	  0	  0	  0	  0	  0	  5	21805	  0
30-01-2015	02:39:59	<-	L	00000000	210	 86	 49	 18	  0	867	  0	  4	  4	 11	  4	  5	  5	  5	  5	  0	  0	  0	  0	  0	  0	  0	  0	  0	  0	  0	  0	  0	  0	  0	  0	  0	  0	  0	  0	  0	  0	  0	  0	 82	 49	 20	 86	  0	 17	  0	  0	  0	  0	  0	  0	  0	  0	  0	  0	  0	  5	21805	  0
30-01-2015	02:44:59	<-	L	00000000	210	 86	 49	 17	  0	872	  0	  4	  4	 10	  4	  4	  5	  5	  5	  0	  0	  0	  0	  0	  0	  0	  0	  0	  0	  0	  0	  0	  0	  0	  0	  0	  0	  0	  0	  0	  0	  0	  0	 83	 49	 19	 86	  0	 17	  0	  0	  0	  0	  0	  0	  0	  0	  0	  0	  0	  5	21805	  0
30-01-2015	02:49:59	<-	L	00000000	210	 84	 48	 17	  0	877	  0	  4	  4	  7	  4	  4	  4	  5	  4	  0	  0	  0	  0	  0	  0	  0	  0	  0	  0	  0	  0	  0	  0	  0	  0	  0	  0	  0	  0	  0	  0	  0	  0	 81	 48	 19	 84	  0	 17	  0	  0	  0	  0	  0	  0	  0	  0	  0	  0	  0	  5	21805	  0
30-01-2015	02:54:59	<-	L	00000000	210	 84	 48	 17	  0	882	  0	  4	  4	  6	  4	  5	  4	  4	  4	  0	  0	  0	  0	  0	  0	  0	  0	  0	  0	  0	  0	  0	  0	  0	  0	  0	  0	  0	  0	  0	  0	  0	  0	 81	 48	 19	 84	  0	 17	  0	  0	  0	  0	  0	  0	  0	  0	  0	  0	  0	  5	21805	  0
30-01-2015	02:59:59	<-	L	00000000	210	 87	 49	 16	  0	887	  0	  4	  4	  7	  4	  4	  5	  4	  4	  0	  0	  0	  0	  0	  0	  0	  0	  0	  0	  0	  0	  0	  0	  0	  0	  0	  0	  0	  0	  0	  0	  0	  0	 84	 49	 18	 87	  0	 16	  0	  0	  0	  0	  0	  0	  0	  0	  0	  0	  0	  5	21805	  0
30-01-2015	03:04:59	<-	L	00000000	210	 86	 48	 16	  0	892	  0	  4	  4	  7	  4	  4	  7	  4	  4	  0	  0	  0	  0	  0	  0	  0	  0	  0	  0	  0	  0	  0	  0	  0	  0	  0	  0	  0	  0	  0	  0	  0	  0	 82	 48	 19	 86	  0	 16	  0	  0	  0	  0	  0	  0	  0	  0	  0	  0	  0	  5	21805	  0
30-01-2015	03:09:59	<-	L	00000000	210	 84	 48	 17	  0	897	  0	  4	  4	  6	  4	  4	  7	  4	  4	  0	  0	  0	  0	  0	  0	  0	  0	  0	  0	  0	  0	  0	  0	  0	  0	  0	  0	  0	  0	  0	  0	  0	  0	 79	 48	 20	 84	  0	 17	  0	  0	  0	  0	  0	  0	  0	  0	  0	  0	  0	  5	21805	  0
30-01-2015	03:14:59	<-	L	00000000	 30	 82	 48	 18	  0	  2	  0	  4	  4	  8	  4	  5	  6	  4	  4	  0	  0	  0	  0	  0	  0	  0	  0	  0	  0	  0	  0	  0	  0	  0	  0	  0	  0	  0	  0	  0	  0	  0	  0	 79	 48	 20	 82	  0	 19	  0	  0	  0	  0	  0	  0	  0	  0	  0	  0	  0	  5	20555	  1
30-01-2015	03:19:59	<-	L	00000000	 30	 84	 56	 26	  0	  7	  0	  4	  4	  6	  4	  5	  6	  5	  5	  0	  0	  0	  0	  0	  0	  0	  0	  0	  0	  0	  0	  0	  0	  0	  0	  0	  0	  0	  0	  0	  0	  0	  0	 78	 56	 32	 84	  0	 26	  0	  0	  0	  0	  0	  0	  0	  0	  0	  0	  0	  5	20555	  1
30-01-2015	03:24:59	<-	L	00000000	 30	 81	 63	 44	  0	 12	  0	  4	  4	  6	  4	  5	  5	  5	  5	  0	  0	  0	  0	  0	  0	  0	  0	  0	  0	  0	  0	  0	  0	  0	  0	  0	  0	  0	  0	  0	  0	  0	  0	 76	 63	 56	 81	  0	 44	  0	  0	  0	  0	  0	  0	  0	  0	  0	  0	  0	  5	20555	  1
30-01-2015	03:29:59	<-	L	00000000	 30	 80	 61	 40	  0	 17	  0	  4	  4	  6	  4	  5	  5	  5	  5	  0	  0	  0	  0	  0	  0	  0	  0	  0	  0	  0	  0	  0	  0	  0	  0	  0	  0	  0	  0	  0	  0	  0	  0	 77	 61	 46	 80	  0	 40	  0	  0	  0	  0	  0	  0	  0	  0	  0	  0	  0	  5	20555	  1
30-01-2015	03:34:59	<-	L	00000000	 30	 85	 61	 32	  0	 22	  0	  4	  4	  5	  4	  5	  5	  5	  5	  0	  0	  0	  0	  0	  0	  0	  0	  0	  0	  0	  0	  0	  0	  0	  0	  0	  0	  0	  0	  0	  0	  0	  0	 82	 61	 35	 85	  0	 32	  0	  0	  0	  0	  0	  0	  0	  0	  0	  0	  0	  5	20555	  1
30-01-2015	03:39:59	<-	L	00000000	 30	 81	 60	 35	  0	 27	  0	  4	  4	  6	  4	  5	  6	  5	  5	  0	  0	  0	  0	  0	  0	  0	  0	  0	  0	  0	  0	  0	  0	  0	  0	  0	  0	  0	  0	  0	  0	  0	  0	 79	 60	 39	 81	  0	 35	  0	  0	  0	  0	  0	  0	  0	  0	  0	  0	  0	  5	20555	  1
30-01-2015	03:45:00	->	L	00000000	 30	 83	 60	 35	  0	 32	  0	  4	  4	  5	  4	  4	  5	  5	  4	  0	  0	  0	  0	  0	  0	  0	  0	  0	  0	  0	  0	  0	  0	  0	  0	  0	  0	  0	  0	  0	  0	  0	  0	 82	 60	 34	 83	  0	 32	  0	  0	  0	  0	  0	  0	  0	  0	  0	  0	  0	  5	20555	  1
30-01-2015	03:50:00	->	L	00000000	 30	 81	 60	 35	  0	 37	  0	  4	  4	  5	  4	  4	  7	  5	  5	  0	  0	  0	  0	  0	  0	  0	  0	  0	  0	  0	  0	  0	  0	  0	  0	  0	  0	  0	  0	  0	  0	  0	  0	 81	 60	 35	 81	  0	 35	  0	  0	  0	  0	  0	  0	  0	  0	  0	  0	  0	  5	20555	  1
30-01-2015	03:55:00	->	L	00000000	 30	 82	 60	 34	  0	 42	  0	  4	  4	  6	  4	  5	  7	  5	  5	  0	  0	  0	  0	  0	  0	  0	  0	  0	  0	  0	  0	  0	  0	  0	  0	  0	  0	  0	  0	  0	  0	  0	  0	 81	 60	 35	 82	  0	 34	  0	  0	  0	  0	  0	  0	  0	  0	  0	  0	  0	  5	20555	  1
30-01-2015	04:00:00	->	L	00000000	 30	 81	 59	 34	  0	 47	  0	  4	  4	  6	  4	  5	  9	  5	  5	  0	  0	  0	  0	  0	  0	  0	  0	  0	  0	  0	  0	  0	  0	  0	  0	  0	  0	  0	  0	  0	  0	  0	  0	 81	 59	 34	 81	  0	 34	  0	  0	  0	  0	  0	  0	  0	  0	  0	  0	  0	  5	20555	  1
30-01-2015	04:05:00	->	L	00000000	 30	 85	 59	 29	  0	 52	  0	  4	  4	  6	  4	  5	 10	  5	  5	  0	  0	  0	  0	  0	  0	  0	  0	  0	  0	  0	  0	  0	  0	  0	  0	  0	  0	  0	  0	  0	  0	  0	  0	 84	 59	 29	 85	  0	 30	  0	  0	  0	  0	  0	  0	  0	  0	  0	  0	  0	  5	20555	  1
30-01-2015	04:10:00	->	L	00000000	 30	 81	 59	 34	  0	 57	  0	  4	  4	  6	  4	  5	  9	  5	  5	  0	  0	  0	  0	  0	  0	  0	  0	  0	  0	  0	  0	  0	  0	  0	  0	  0	  0	  0	  0	  0	  0	  0	  0	 81	 59	 34	 80	  0	 34	  0	  0	  0	  0	  0	  0	  0	  0	  0	  0	  0	  5	20555	  1
30-01-2015	04:15:00	->	L	00000000	 30	 85	 59	 30	  0	 62	  0	  4	  4	  5	  4	  5	  8	  5	  5	  0	  0	  0	  0	  0	  0	  0	  0	  0	  0	  0	  0	  0	  0	  0	  0	  0	  0	  0	  0	  0	  0	  0	  0	 85	 59	 30	 85	  0	 30	  0	  0	  0	  0	  0	  0	  0	  0	  0	  0	  0	  5	20555	  1
30-01-2015	04:20:00	->	L	00000000	 30	 80	 58	 33	  0	 67	  0	  4	  4	  5	  4	  4	 10	  5	  5	  0	  0	  0	  0	  0	  0	  0	  0	  0	  0	  0	  0	  0	  0	  0	  0	  0	  0	  0	  0	  0	  0	  0	  0	 80	 58	 33	 80	  0	 33	  0	  0	  0	  0	  0	  0	  0	  0	  0	  0	  0	  5	20555	  1
30-01-2015	04:25:00	->	L	00000000	 30	 84	 59	 29	  0	 72	  0	  4	  4	  5	  4	  4	  9	  5	  5	  0	  0	  0	  0	  0	  0	  0	  0	  0	  0	  0	  0	  0	  0	  0	  0	  0	  0	  0	  0	  0	  0	  0	  0	 84	 59	 29	 84	  0	 29	  0	  0	  0	  0	  0	  0	  0	  0	  0	  0	  0	  5	20555	  1
30-01-2015	04:30:00	->	L	00000000	 30	 80	 58	 33	  0	 77	  0	  4	  4	  5	  4	  4	  8	  5	  4	  0	  0	  0	  0	  0	  0	  0	  0	  0	  0	  0	  0	  0	  0	  0	  0	  0	  0	  0	  0	  0	  0	  0	  0	 80	 58	 33	 79	  0	 34	  0	  0	  0	  0	  0	  0	  0	  0	  0	  0	  0	  5	20555	  1
30-01-2015	04:35:00	->	L	00000000	 30	 82	 58	 29	  0	 82	  0	  4	  4	  5	  4	  4	  9	  5	  4	  0	  0	  0	  0	  0	  0	  0	  0	  0	  0	  0	  0	  0	  0	  0	  0	  0	  0	  0	  0	  0	  0	  0	  0	 82	 58	 31	 82	  0	 31	  0	  0	  0	  0	  0	  0	  0	  0	  0	  0	  0	  5	20555	  1
30-01-2015	04:40:00	->	L	00000000	 30	 81	 58	 33	  0	 87	  0	  4	  4	  5	  4	  4	 11	  5	  4	  0	  0	  0	  0	  0	  0	  0	  0	  0	  0	  0	  0	  0	  0	  0	  0	  0	  0	  0	  0	  0	  0	  0	  0	 81	 58	 31	 81	  0	 31	  0	  0	  0	  0	  0	  0	  0	  0	  0	  0	  0	  5	20555	  1
30-01-2015	04:45:00	->	L	00000000	 30	 81	 58	 31	  0	 92	  0	  4	  4	  5	  4	  4	 11	  5	  5	  0	  0	  0	  0	  0	  0	  0	  0	  0	  0	  0	  0	  0	  0	  0	  0	  0	  0	  0	  0	  0	  0	  0	  0	 81	 58	 31	 81	  0	 31	  0	  0	  0	  0	  0	  0	  0	  0	  0	  0	  0	  5	20555	  1
30-01-2015	04:50:00	->	L	00000000	 30	 86	 58	 28	  0	 97	  0	  4	  4	  5	  4	  4	 12	  5	  5	  0	  0	  0	  0	  0	  0	  0	  0	  0	  0	  0	  0	  0	  0	  0	  0	  0	  0	  0	  0	  0	  0	  0	  0	 84	 58	 29	 86	  0	 27	  0	  0	  0	  0	  0	  0	  0	  0	  0	  0	  0	  5	20555	  1
30-01-2015	04:55:01	->	L	00000000	 30	 80	 58	 33	  0	102	  0	  4	  4	  5	  4	  4	 11	  5	  4	  0	  0	  0	  0	  0	  0	  0	  0	  0	  0	  0	  0	  0	  0	  0	  0	  0	  0	  0	  0	  0	  0	  0	  0	 80	 58	 33	 80	  0	 33	  0	  0	  0	  0	  0	  0	  0	  0	  0	  0	  0	  5	20555	  1
30-01-2015	05:00:01	->	L	00000000	 30	 84	 58	 29	  0	107	  0	  4	  4	  5	  4	  4	 10	  5	  5	  0	  0	  0	  0	  0	  0	  0	  0	  0	  0	  0	  0	  0	  0	  0	  0	  0	  0	  0	  0	  0	  0	  0	  0	 83	 58	 29	 84	  0	 29	  0	  0	  0	  0	  0	  0	  0	  0	  0	  0	  0	  5	20555	  1
30-01-2015	05:05:01	->	L	00000000	 30	 79	 57	 33	  0	112	  0	  4	  4	  5	  4	  4	  9	  5	  4	  0	  0	  0	  0	  0	  0	  0	  0	  0	  0	  0	  0	  0	  0	  0	  0	  0	  0	  0	  0	  0	  0	  0	  0	 79	 57	 33	 79	  0	 33	  0	  0	  0	  0	  0	  0	  0	  0	  0	  0	  0	  5	20555	  1
30-01-2015	05:10:01	->	L	00000000	 30	 81	 58	 31	  0	117	  0	  4	  4	  5	  4	  4	 10	  5	  4	  0	  0	  0	  0	  0	  0	  0	  0	  0	  0	  0	  0	  0	  0	  0	  0	  0	  0	  0	  0	  0	  0	  0	  0	 81	 58	 31	 81	  0	 31	  0	  0	  0	  0	  0	  0	  0	  0	  0	  0	  0	  5	20555	  1
30-01-2015	05:15:02	->	L	00000000	 40	 85	 58	 28	  0	  2	  0	  4	  4	  5	  4	  4	  8	  5	  4	  0	  0	  0	  0	  0	  0	  0	  0	  0	  0	  0	  0	  0	  0	  0	  0	  0	  0	  0	  0	  0	  0	  0	  0	 84	 58	 29	 85	  0	 28	  0	  0	  0	  0	  0	  0	  0	  0	  0	  0	  0	  5	15420	  0
30-01-2015	05:20:01	->	L	00000000	 40	 79	 56	 30	  0	  7	  0	  4	  4	  5	  4	  4	  8	  5	  4	  0	  0	  0	  0	  0	  0	  0	  0	  0	  0	  0	  0	  0	  0	  0	  0	  0	  0	  0	  0	  0	  0	  0	  0	 79	 56	 30	 79	  0	 30	  0	  0	  0	  0	  0	  0	  0	  0	  0	  0	  0	  5	15420	  0
30-01-2015	05:25:01	->	L	00000000	 40	 76	 54	 31	  0	 12	  0	  4	  4	  5	  4	  4	  8	  5	  4	  0	  0	  0	  0	  0	  0	  0	  0	  0	  0	  0	  0	  0	  0	  0	  0	  0	  0	  0	  0	  0	  0	  0	  0	 76	 54	 31	 74	  0	 35	  0	  0	  0	  0	  0	  0	  0	  0	  0	  0	  0	  5	15395	  0
30-01-2015	05:30:01	->	L	00000000	 40	 73	 49	 27	  0	 17	  0	  4	  4	  5	  4	  4	 12	  5	  4	  0	  0	  0	  0	  0	  0	  0	  0	  0	  0	  0	  0	  0	  0	  0	  0	  0	  0	  0	  0	  0	  0	  0	  0	 73	 49	 27	 71	  0	 29	  0	  0	  0	  0	  0	  0	  0	  0	  0	  0	  0	  5	15395	  0
30-01-2015	05:35:01	->	L	00000000	 40	 71	 47	 24	  0	 22	  0	  5	  5	  6	  5	  5	 13	  6	  5	  0	  0	  0	  0	  0	  0	  0	  0	  0	  0	  0	  0	  0	  0	  0	  0	  0	  0	  0	  0	  0	  0	  0	  0	 71	 47	 26	 69	  0	 28	  0	  0	  0	  0	  0	  0	  0	  0	  0	  0	  0	  5	15395	  0
30-01-2015	05:40:01	->	L	00000000	 40	 70	 46	 25	  0	 27	  0	  5	  5	  6	  5	  5	  9	  6	  5	  0	  0	  0	  0	  0	  0	  0	  0	  0	  0	  0	  0	  0	  0	  0	  0	  0	  0	  0	  0	  0	  0	  0	  0	 70	 46	 25	 68	  0	 27	  0	  0	  0	  0	  0	  0	  0	  0	  0	  0	  0	  5	15395	  0
30-01-2015	05:45:01	->	L	00000000	 40	 69	 44	 23	  0	 32	  0	  5	  5	  6	  5	  5	 11	  6	  5	  0	  0	  0	  0	  0	  0	  0	  0	  0	  0	  0	  0	  0	  0	  0	  0	  0	  0	  0	  0	  0	  0	  0	  0	 69	 44	 23	 67	  0	 24	  0	  0	  0	  0	  0	  0	  0	  0	  0	  0	  0	  5	15395	  0
30-01-2015	05:50:01	->	L	00000000	 40	 68	 43	 22	  0	 37	  0	  5	  5	  6	  5	  5	 14	  6	  5	  0	  0	  0	  0	  0	  0	  0	  0	  0	  0	  0	  0	  0	  0	  0	  0	  0	  0	  0	  0	  0	  0	  0	  0	 68	 43	 22	 65	  0	 26	  0	  0	  0	  0	  0	  0	  0	  0	  0	  0	  0	  5	15395	  0
30-01-2015	05:55:01	->	L	00000000	 40	 67	 43	 22	  0	 42	  0	  5	  5	  6	  5	  5	 12	  6	  5	  0	  0	  0	  0	  0	  0	  0	  0	  0	  0	  0	  0	  0	  0	  0	  0	  0	  0	  0	  0	  0	  0	  0	  0	 67	 43	 24	 64	  0	 27	  0	  0	  0	  0	  0	  0	  0	  0	  0	  0	  0	  5	15395	  0
30-01-2015	06:00:02	->	L	00000000	 40	 66	 42	 24	  0	 47	  0	  5	  5	  6	  5	  5	 12	  6	  5	  0	  0	  0	  0	  0	  0	  0	  0	  0	  0	  0	  0	  0	  0	  0	  0	  0	  0	  0	  0	  0	  0	  0	  0	 66	 42	 24	 63	  0	 26	  0	  0	  0	  0	  0	  0	  0	  0	  0	  0	  0	  5	15395	  0
30-01-2015	06:05:01	->	L	00000000	 40	 65	 41	 23	  0	 52	  0	  5	  5	  6	  5	  5	 15	  6	  5	  0	  0	  0	  0	  0	  0	  0	  0	  0	  0	  0	  0	  0	  0	  0	  0	  0	  0	  0	  0	  0	  0	  0	  0	 65	 41	 23	 63	  0	 25	  0	  0	  0	  0	  0	  0	  0	  0	  0	  0	  0	  5	15395	  0
30-01-2015	06:10:02	->	L	00000000	 40	 64	 40	 23	  0	 57	  0	  5	  5	  6	  5	  5	 14	  6	  5	  0	  0	  0	  0	  0	  0	  0	  0	  0	  0	  0	  0	  0	  0	  0	  0	  0	  0	  0	  0	  0	  0	  0	  0	 64	 40	 23	 62	  0	 24	  0	  0	  0	  0	  0	  0	  0	  0	  0	  0	  0	  5	15395	  0
30-01-2015	06:15:02	->	L	00000000	 50	 63	 40	 22	  0	  2	  0	  5	  5	  6	  5	  5	 15	  6	  5	  0	  0	  0	  0	  0	  0	  0	  0	  0	  0	  0	  0	  0	  0	  0	  0	  0	  0	  0	  0	  0	  0	  0	  0	 63	 40	 22	 61	  0	 25	  0	  0	  0	  0	  0	  0	  0	  0	  0	  0	  0	  5	16171	  0
30-01-2015	06:20:02	->	L	00000000	 50	 64	 41	 25	  0	  7	  0	  5	  5	  6	  5	  6	 12	  6	  6	  0	  0	  0	  0	  0	  0	  0	  0	  0	  0	  0	  0	  0	  0	  0	  0	  0	  0	  0	  0	  0	  0	  0	  0	 64	 41	 23	 62	  0	 26	  0	  0	  0	  0	  0	  0	  0	  0	  0	  0	  0	  5	15657	  0
30-01-2015	06:25:02	->	L	00000000	 50	 63	 41	 25	  0	 12	  0	  6	  5	  7	  5	  6	 11	  6	  5	  0	  0	  0	  0	  0	  0	  0	  0	  0	  0	  0	  0	  0	  0	  0	  0	  0	  0	  0	  0	  0	  0	  0	  0	 63	 41	 25	 61	  0	 29	  0	  0	  0	  0	  0	  0	  0	  0	  0	  0	  0	  5	15143	  0
30-01-2015	06:30:02	->	L	00000000	 50	 62	 39	 22	  0	 17	  0	  6	  6	  7	  6	  6	 13	  7	  6	  0	  0	  0	  0	  0	  0	  0	  0	  0	  0	  0	  0	  0	  0	  0	  0	  0	  0	  0	  0	  0	  0	  0	  0	 62	 39	 22	 60	  0	 25	  0	  0	  0	  0	  0	  0	  0	  0	  0	  0	  0	  5	14629	  0
30-01-2015	06:35:02	->	L	00000000	 50	 61	 38	 22	  0	 22	  0	  6	  6	  7	  6	  6	 12	  7	  6	  0	  0	  0	  0	  0	  0	  0	  0	  0	  0	  0	  0	  0	  0	  0	  0	  0	  0	  0	  0	  0	  0	  0	  0	 61	 38	 22	 59	  0	 25	  0	  0	  0	  0	  0	  0	  0	  0	  0	  0	  0	  5	14115	  0
30-01-2015	06:40:02	->	L	00000000	 50	 60	 38	 23	  0	 27	  0	  6	  6	  7	  6	  6	 11	  7	  6	  0	  0	  0	  0	  0	  0	  0	  0	  0	  0	  0	  0	  0	  0	  0	  0	  0	  0	  0	  0	  0	  0	  0	  0	 60	 38	 23	 58	  0	 28	  0	  0	  0	  0	  0	  0	  0	  0	  0	  0	  0	  5	13601	  0
30-01-2015	06:45:02	<-	L	00000000	 50	 58	 38	 28	  0	 32	  0	  6	  6	  7	  6	  6	 10	  6	  6	  0	  0	  0	  0	  0	  0	  0	  0	  0	  0	  0	  0	  0	  0	  0	  0	  0	  0	  0	  0	  0	  0	  0	  0	 58	 38	 28	 57	  0	 30	  0	  0	  0	  0	  0	  0	  0	  0	  0	  0	  0	  5	13087	  0
30-01-2015	06:50:02	<-	L	00000000	 50	 59	 39	 28	  0	 37	  0	  6	  6	 11	  6	  6	  7	  6	  6	  0	  0	  0	  0	  0	  0	  0	  0	  0	  0	  0	  0	  0	  0	  0	  0	  0	  0	  0	  0	  0	  0	  0	  0	 57	 39	 33	 59	  0	 28	  0	  0	  0	  0	  0	  0	  0	  0	  0	  0	  0	  5	12573	  0
30-01-2015	06:55:02	<-	L	00000000	 50	 58	 38	 28	  0	 42	  0	  6	  6	 11	  6	  6	  7	  6	  6	  0	  0	  0	  0	  0	  0	  0	  0	  0	  0	  0	  0	  0	  0	  0	  0	  0	  0	  0	  0	  0	  0	  0	  0	 56	 38	 32	 58	  0	 28	  0	  0	  0	  0	  0	  0	  0	  0	  0	  0	  0	  5	12059	  0
30-01-2015	07:00:03	<-	L	00000000	 50	 58	 37	 24	  0	 47	  0	  6	  6	 11	  6	  6	  8	  6	  6	  0	  0	  0	  0	  0	  0	  0	  0	  0	  0	  0	  0	  0	  0	  0	  0	  0	  0	  0	  0	  0	  0	  0	  0	 55	 37	 32	 58	  0	 24	  0	  0	  0	  0	  0	  0	  0	  0	  0	  0	  0	  5	11545	  0
30-01-2015	07:05:03	<-	L	00000000	 50	 57	 37	 27	  0	 52	  0	  6	  6	 12	  6	  6	 11	  6	  6	  0	  0	  0	  0	  0	  0	  0	  0	  0	  0	  0	  0	  0	  0	  0	  0	  0	  0	  0	  0	  0	  0	  0	  0	 55	 37	 32	 57	  0	 27	  0	  0	  0	  0	  0	  0	  0	  0	  0	  0	  0	  5	11288	  0
30-01-2015	07:10:03	<-	L	00000000	 50	 56	 36	 24	  0	 57	  0	  6	  6	 12	  6	  6	 10	  6	  6	  0	  0	  0	  0	  0	  0	  0	  0	  0	  0	  0	  0	  0	  0	  0	  0	  0	  0	  0	  0	  0	  0	  0	  0	 54	 36	 31	 56	  0	 27	  0	  0	  0	  0	  0	  0	  0	  0	  0	  0	  0	  5	10774	  0
30-01-2015	07:15:03	  	L	00000000	 60	 55	 36	 29	  0	  1	  0	  6	  6	 11	  6	  6	  7	  6	  6	  0	  0	  0	  0	  0	  0	  0	  0	  0	  0	  0	  0	  0	  0	  0	  0	  0	  0	  0	  0	  0	  0	  0	  0	 54	 36	 31	 55	  0	 29	  0	  0	  0	  0	  0	  0	  0	  0	  0	  0	  0	  5	10260	  0
