23-12-2015	14:22:40	  	L	00000000	 10	 30	 21	 53	  0	  1	  0	  4	  4	  4	  4	  4	  4	  4	  4	  0	  0	  0	  0	  0	  0	  0	  0	  0	  0	  0	  0	  0	  0	  0	  0	  0	  0	  0	  0	  0	  0	  0	  0	 28	 21	 61	 30	  0	 53	  0	  0	  0	  0	  0	  0	  0	  0	  0	  0	  0	  5	7710	  1
23-12-2015	14:27:41	<-	L	00000000	 10	 35	 23	 43	  0	  6	  0	  4	  4	  4	  4	  4	  4	  4	  4	  0	  0	  0	  0	  0	  0	  0	  0	  0	  0	  0	  0	  0	  0	  0	  0	  0	  0	  0	  0	  0	  0	  0	  0	 35	 23	 43	 27	  0	 77	  0	  0	  0	  0	  0	  0	  0	  0	  0	  0	  0	  5	7710	  1
23-12-2015	14:32:41	<-	L	00000000	 10	 32	 25	 62	  0	 11	  0	  4	  4	  4	  4	  4	  4	  4	  4	  0	  0	  0	  0	  0	  0	  0	  0	  0	  0	  0	  0	  0	  0	  0	  0	  0	  0	  0	  0	  0	  0	  0	  0	 32	 25	 62	 26	  0	 93	  0	  0	  0	  0	  0	  0	  0	  0	  0	  0	  0	  5	7760	  1
23-12-2015	14:37:40	<-	L	00000000	 10	 32	 29	 77	  0	 16	  0	  4	  4	  4	  4	  4	  4	  4	  4	  0	  0	  0	  0	  0	  0	  0	  0	  0	  0	  0	  0	  0	  0	  0	  0	  0	  0	  0	  0	  0	  0	  0	  0	 32	 29	 83	 27	  0	100	  0	  0	  0	  0	  0	  0	  0	  0	  0	  0	  0	  5	7760	  1
23-12-2015	14:42:40	<-	L	00000000	 10	 33	 32	 93	  0	 21	  0	  4	  4	  4	  4	  4	  4	  4	  4	  0	  0	  0	  0	  0	  0	  0	  0	  0	  0	  0	  0	  0	  0	  0	  0	  0	  0	  0	  0	  0	  0	  0	  0	 33	 32	 93	 28	  0	100	  0	  0	  0	  0	  0	  0	  0	  0	  0	  0	  0	  5	7760	  1
23-12-2015	14:47:40	<-	L	00000000	 10	 33	 32	100	  0	 26	  0	  4	  4	  4	  4	  4	  4	  4	  4	  0	  0	  0	  0	  0	  0	  0	  0	  0	  0	  0	  0	  0	  0	  0	  0	  0	  0	  0	  0	  0	  0	  0	  0	 33	 32	 93	 27	  0	100	  0	  0	  0	  0	  0	  0	  0	  0	  0	  0	  0	  5	7760	  1
23-12-2015	14:52:40	<-	L	00000000	 10	 32	 31	 93	  0	 31	  0	  4	  4	  4	  4	  4	  4	  4	  4	  0	  0	  0	  0	  0	  0	  0	  0	  0	  0	  0	  0	  0	  0	  0	  0	  0	  0	  0	  0	  0	  0	  0	  0	 32	 31	 93	 27	  0	100	  0	  0	  0	  0	  0	  0	  0	  0	  0	  0	  0	  5	7760	  1
23-12-2015	14:57:41	<-	L	00000000	 10	 32	 31	 93	  0	 36	  0	  4	  4	  4	  4	  4	  4	  4	  4	  0	  0	  0	  0	  0	  0	  0	  0	  0	  0	  0	  0	  0	  0	  0	  0	  0	  0	  0	  0	  0	  0	  0	  0	 32	 31	 93	 27	  0	100	  0	  0	  0	  0	  0	  0	  0	  0	  0	  0	  0	  5	8272	  1
23-12-2015	15:02:41	<-	L	00000000	 10	 33	 32	 93	  0	 41	  0	  4	  4	  4	  4	  4	  4	  4	  4	  0	  0	  0	  0	  0	  0	  0	  0	  0	  0	  0	  0	  0	  0	  0	  0	  0	  0	  0	  0	  0	  0	  0	  0	 33	 32	 93	 27	  0	100	  0	  0	  0	  0	  0	  0	  0	  0	  0	  0	  0	  5	8272	  1
23-12-2015	15:07:41	<-	L	00000000	 10	 41	 36	 68	  0	 46	  0	  4	  4	  4	  4	  4	  4	  4	  4	  0	  0	  0	  0	  0	  0	  0	  0	  0	  0	  0	  0	  0	  0	  0	  0	  0	  0	  0	  0	  0	  0	  0	  0	 41	 36	 76	 32	  0	100	  0	  0	  0	  0	  0	  0	  0	  0	  0	  0	  0	  5	8784	  1
23-12-2015	15:12:41	<-	L	00000000	 10	 41	 37	 78	  0	 51	  0	  4	  4	  4	  4	  4	  4	  4	  4	  0	  0	  0	  0	  0	  0	  0	  0	  0	  0	  0	  0	  0	  0	  0	  0	  0	  0	  0	  0	  0	  0	  0	  0	 41	 37	 78	 34	  0	100	  0	  0	  0	  0	  0	  0	  0	  0	  0	  0	  0	  5	8784	  1
23-12-2015	15:17:41	<-	L	00000000	 10	 41	 37	 78	  0	 56	  0	  4	  4	  4	  4	  4	  4	  4	  4	  0	  0	  0	  0	  0	  0	  0	  0	  0	  0	  0	  0	  0	  0	  0	  0	  0	  0	  0	  0	  0	  0	  0	  0	 41	 37	 78	 35	  0	100	  0	  0	  0	  0	  0	  0	  0	  0	  0	  0	  0	  5	9296	  1
23-12-2015	15:22:41	<-	L	00000000	 10	 41	 38	 84	  0	 61	  0	  4	  4	  4	  4	  4	  4	  4	  4	  0	  0	  0	  0	  0	  0	  0	  0	  0	  0	  0	  0	  0	  0	  0	  0	  0	  0	  0	  0	  0	  0	  0	  0	 41	 38	 84	 36	  0	100	  0	  0	  0	  0	  0	  0	  0	  0	  0	  0	  0	  5	9296	  1
23-12-2015	15:27:41	<-	L	00000000	 10	 41	 38	 84	  0	 66	  0	  4	  4	  4	  4	  4	  4	  4	  4	  0	  0	  0	  0	  0	  0	  0	  0	  0	  0	  0	  0	  0	  0	  0	  0	  0	  0	  0	  0	  0	  0	  0	  0	 41	 38	 84	 35	  0	100	  0	  0	  0	  0	  0	  0	  0	  0	  0	  0	  0	  5	10023	  1
23-12-2015	15:32:41	<-	L	00000000	 10	 41	 37	 78	  0	 71	  0	  4	  4	  4	  4	  4	  4	  4	  4	  0	  0	  0	  0	  0	  0	  0	  0	  0	  0	  0	  0	  0	  0	  0	  0	  0	  0	  0	  0	  0	  0	  0	  0	 41	 37	 78	 35	  0	100	  0	  0	  0	  0	  0	  0	  0	  0	  0	  0	  0	  5	10023	  1
23-12-2015	15:37:41	<-	L	00000000	 10	 41	 36	 76	  0	 76	  0	  4	  4	  4	  4	  4	  4	  4	  4	  0	  0	  0	  0	  0	  0	  0	  0	  0	  0	  0	  0	  0	  0	  0	  0	  0	  0	  0	  0	  0	  0	  0	  0	 41	 36	 76	 36	  0	100	  0	  0	  0	  0	  0	  0	  0	  0	  0	  0	  0	  5	10280	  1
23-12-2015	15:42:41	<-	L	00000000	 10	 48	 37	 53	  0	 81	  0	  4	  4	  4	  4	  4	  4	  4	  4	  0	  0	  0	  0	  0	  0	  0	  0	  0	  0	  0	  0	  0	  0	  0	  0	  0	  0	  0	  0	  0	  0	  0	  0	 48	 37	 50	 38	  0	 94	  0	  0	  0	  0	  0	  0	  0	  0	  0	  0	  0	  5	10537	  1
23-12-2015	15:47:41	<-	L	00000000	 10	 47	 38	 58	  0	 86	  0	  4	  4	  4	  4	  4	  4	  4	  4	  0	  0	  0	  0	  0	  0	  0	  0	  0	  0	  0	  0	  0	  0	  0	  0	  0	  0	  0	  0	  0	  0	  0	  0	 47	 38	 58	 39	  0	 94	  0	  0	  0	  0	  0	  0	  0	  0	  0	  0	  0	  5	10537	  1
23-12-2015	15:52:41	<-	L	00000000	 10	 45	 37	 61	  0	 91	  0	  4	  4	  4	  4	  4	  4	  4	  4	  0	  0	  0	  0	  0	  0	  0	  0	  0	  0	  0	  0	  0	  0	  0	  0	  0	  0	  0	  0	  0	  0	  0	  0	 45	 37	 61	 39	  0	 89	  0	  0	  0	  0	  0	  0	  0	  0	  0	  0	  0	  5	10794	  1
23-12-2015	15:57:41	<-	L	00000000	 10	 45	 37	 61	  0	 96	  0	  4	  4	  4	  4	  4	  4	  4	  4	  0	  0	  0	  0	  0	  0	  0	  0	  0	  0	  0	  0	  0	  0	  0	  0	  0	  0	  0	  0	  0	  0	  0	  0	 45	 37	 61	 39	  0	 89	  0	  0	  0	  0	  0	  0	  0	  0	  0	  0	  0	  5	11051	  1
23-12-2015	16:02:41	<-	L	00000000	 10	 44	 37	 65	  0	101	  0	  4	  4	  4	  4	  4	  4	  4	  4	  0	  0	  0	  0	  0	  0	  0	  0	  0	  0	  0	  0	  0	  0	  0	  0	  0	  0	  0	  0	  0	  0	  0	  0	 44	 37	 65	 39	  0	 89	  0	  0	  0	  0	  0	  0	  0	  0	  0	  0	  0	  5	11308	  1
23-12-2015	16:07:41	<-	L	00000000	 10	 48	 38	 50	  0	106	  0	  4	  4	  4	  4	  4	  4	  4	  4	  0	  0	  0	  0	  0	  0	  0	  0	  0	  0	  0	  0	  0	  0	  0	  0	  0	  0	  0	  0	  0	  0	  0	  0	 48	 38	 54	 42	  0	 78	  0	  0	  0	  0	  0	  0	  0	  0	  0	  0	  0	  5	11308	  1
23-12-2015	16:12:41	<-	L	00000000	 10	 46	 38	 61	  0	111	  0	  4	  4	  4	  4	  4	  4	  4	  4	  0	  0	  0	  0	  0	  0	  0	  0	  0	  0	  0	  0	  0	  0	  0	  0	  0	  0	  0	  0	  0	  0	  0	  0	 46	 38	 61	 41	  0	 84	  0	  0	  0	  0	  0	  0	  0	  0	  0	  0	  0	  5	11565	  1
23-12-2015	16:17:41	<-	L	00000000	 10	 46	 38	 61	  0	116	  0	  4	  4	  4	  4	  4	  4	  4	  4	  0	  0	  0	  0	  0	  0	  0	  0	  0	  0	  0	  0	  0	  0	  0	  0	  0	  0	  0	  0	  0	  0	  0	  0	 46	 38	 61	 41	  0	 84	  0	  0	  0	  0	  0	  0	  0	  0	  0	  0	  0	  5	11822	  1
23-12-2015	16:22:42	<-	L	00000000	 10	 48	 40	 62	  0	121	  0	  4	  4	  4	  4	  4	  4	  4	  4	  0	  0	  0	  0	  0	  0	  0	  0	  0	  0	  0	  0	  0	  0	  0	  0	  0	  0	  0	  0	  0	  0	  0	  0	 47	 40	 62	 42	  0	 89	  0	  0	  0	  0	  0	  0	  0	  0	  0	  0	  0	  5	11822	  1
23-12-2015	16:27:42	->	L	00000000	 10	 48	 38	 54	  0	126	  0	  4	  4	  4	  4	  4	  4	  4	  4	  0	  0	  0	  0	  0	  0	  0	  0	  0	  0	  0	  0	  0	  0	  0	  0	  0	  0	  0	  0	  0	  0	  0	  0	 43	 38	 76	 48	  0	 54	  0	  0	  0	  0	  0	  0	  0	  0	  0	  0	  0	  5	12079	  1
23-12-2015	16:32:42	->	L	00000000	 10	 50	 37	 41	  0	131	  0	  4	  4	  4	  4	  4	  4	  4	  4	  0	  0	  0	  0	  0	  0	  0	  0	  0	  0	  0	  0	  0	  0	  0	  0	  0	  0	  0	  0	  0	  0	  0	  0	 43	 37	 69	 50	  0	 44	  0	  0	  0	  0	  0	  0	  0	  0	  0	  0	  0	  5	11856	  1
23-12-2015	16:37:42	->	L	00000000	 10	 53	 37	 36	  0	136	  0	  4	  4	  4	  4	  4	  4	  4	  4	  0	  0	  0	  0	  0	  0	  0	  0	  0	  0	  0	  0	  0	  0	  0	  0	  0	  0	  0	  0	  0	  0	  0	  0	 43	 37	 69	 53	  0	 36	  0	  0	  0	  0	  0	  0	  0	  0	  0	  0	  0	  5	12112	  1
23-12-2015	16:42:42	->	L	00000000	 10	 48	 37	 50	  0	141	  0	  4	  4	  4	  4	  4	  4	  4	  4	  0	  0	  0	  0	  0	  0	  0	  0	  0	  0	  0	  0	  0	  0	  0	  0	  0	  0	  0	  0	  0	  0	  0	  0	 41	 37	 78	 48	  0	 50	  0	  0	  0	  0	  0	  0	  0	  0	  0	  0	  0	  5	12112	  1
23-12-2015	16:47:42	->	L	00000000	 10	 48	 37	 50	  0	146	  0	  4	  4	  4	  4	  4	  4	  4	  4	  0	  0	  0	  0	  0	  0	  0	  0	  0	  0	  0	  0	  0	  0	  0	  0	  0	  0	  0	  0	  0	  0	  0	  0	 41	 37	 78	 48	  0	 50	  0	  0	  0	  0	  0	  0	  0	  0	  0	  0	  0	  5	12368	  1
23-12-2015	16:52:42	->	L	00000000	 10	 51	 38	 44	  0	151	  0	  4	  4	  4	  4	  4	  4	  4	  4	  0	  0	  0	  0	  0	  0	  0	  0	  0	  0	  0	  0	  0	  0	  0	  0	  0	  0	  0	  0	  0	  0	  0	  0	 44	 38	 69	 51	  0	 44	  0	  0	  0	  0	  0	  0	  0	  0	  0	  0	  0	  5	12850	  1
23-12-2015	16:57:42	->	L	00000000	 10	 54	 39	 40	  0	156	  0	  4	  4	  4	  4	  4	  4	  4	  4	  0	  0	  0	  0	  0	  0	  0	  0	  0	  0	  0	  0	  0	  0	  0	  0	  0	  0	  0	  0	  0	  0	  0	  0	 45	 39	 69	 54	  0	 40	  0	  0	  0	  0	  0	  0	  0	  0	  0	  0	  0	  5	13107	  1
23-12-2015	17:02:42	->	L	00000000	 10	 58	 40	 31	  0	161	  0	  4	  4	  4	  4	  4	  4	  4	  4	  0	  0	  0	  0	  0	  0	  0	  0	  0	  0	  0	  0	  0	  0	  0	  0	  0	  0	  0	  0	  0	  0	  0	  0	 47	 40	 65	 58	  0	 33	  0	  0	  0	  0	  0	  0	  0	  0	  0	  0	  0	  5	13364	  1
23-12-2015	17:07:42	->	L	00000000	 10	 59	 40	 31	  0	166	  0	  4	  4	  4	  4	  4	  4	  4	  4	  0	  0	  0	  0	  0	  0	  0	  0	  0	  0	  0	  0	  0	  0	  0	  0	  0	  0	  0	  0	  0	  0	  0	  0	 47	 40	 65	 59	  0	 31	  0	  0	  0	  0	  0	  0	  0	  0	  0	  0	  0	  5	13621	  1
23-12-2015	17:12:42	->	L	00000000	 10	 61	 41	 25	  0	171	  0	  4	  4	  4	  4	  4	  4	  4	  4	  0	  0	  0	  0	  0	  0	  0	  0	  0	  0	  0	  0	  0	  0	  0	  0	  0	  0	  0	  0	  0	  0	  0	  0	 48	 41	 66	 61	  0	 29	  0	  0	  0	  0	  0	  0	  0	  0	  0	  0	  0	  5	13621	  1
23-12-2015	17:17:42	->	L	00000000	 10	 49	 40	 58	  0	176	  0	  4	  4	  4	  4	  4	  4	  4	  4	  0	  0	  0	  0	  0	  0	  0	  0	  0	  0	  0	  0	  0	  0	  0	  0	  0	  0	  0	  0	  0	  0	  0	  0	 44	 40	 79	 49	  0	 58	  0	  0	  0	  0	  0	  0	  0	  0	  0	  0	  0	  5	13878	  1
23-12-2015	17:22:42	->	L	00000000	 10	 58	 41	 33	  0	181	  0	  4	  4	  4	  4	  4	  4	  4	  4	  0	  0	  0	  0	  0	  0	  0	  0	  0	  0	  0	  0	  0	  0	  0	  0	  0	  0	  0	  0	  0	  0	  0	  0	 48	 41	 66	 58	  0	 35	  0	  0	  0	  0	  0	  0	  0	  0	  0	  0	  0	  5	14135	  1
23-12-2015	17:27:43	->	L	00000000	 10	 61	 42	 30	  0	186	  0	  4	  4	  4	  4	  4	  4	  4	  4	  0	  0	  0	  0	  0	  0	  0	  0	  0	  0	  0	  0	  0	  0	  0	  0	  0	  0	  0	  0	  0	  0	  0	  0	 49	 42	 66	 61	  0	 31	  0	  0	  0	  0	  0	  0	  0	  0	  0	  0	  0	  5	14135	  1
23-12-2015	17:32:43	->	L	00000000	 10	 57	 42	 38	  0	191	  0	  4	  4	  4	  4	  4	  4	  4	  4	  0	  0	  0	  0	  0	  0	  0	  0	  0	  0	  0	  0	  0	  0	  0	  0	  0	  0	  0	  0	  0	  0	  0	  0	 48	 42	 70	 57	  0	 41	  0	  0	  0	  0	  0	  0	  0	  0	  0	  0	  0	  5	13648	  1
23-12-2015	17:37:43	->	L	00000000	 10	 60	 42	 34	  0	196	  0	  4	  4	  4	  4	  4	  4	  4	  4	  0	  0	  0	  0	  0	  0	  0	  0	  0	  0	  0	  0	  0	  0	  0	  0	  0	  0	  0	  0	  0	  0	  0	  0	 49	 42	 66	 60	  0	 34	  0	  0	  0	  0	  0	  0	  0	  0	  0	  0	  0	  5	13904	  1
23-12-2015	17:42:43	->	L	00000000	 10	 62	 43	 31	  0	201	  0	  4	  4	  4	  4	  4	  4	  4	  4	  0	  0	  0	  0	  0	  0	  0	  0	  0	  0	  0	  0	  0	  0	  0	  0	  0	  0	  0	  0	  0	  0	  0	  0	 50	 43	 70	 62	  0	 32	  0	  0	  0	  0	  0	  0	  0	  0	  0	  0	  0	  5	14160	  1
23-12-2015	17:47:43	->	L	00000000	 10	 58	 43	 43	  0	206	  0	  4	  4	  4	  4	  4	  4	  4	  4	  0	  0	  0	  0	  0	  0	  0	  0	  0	  0	  0	  0	  0	  0	  0	  0	  0	  0	  0	  0	  0	  0	  0	  0	 48	 43	 77	 58	  0	 41	  0	  0	  0	  0	  0	  0	  0	  0	  0	  0	  0	  5	14160	  1
23-12-2015	17:52:43	->	L	00000000	 10	 57	 43	 46	  0	211	  0	  4	  4	  4	  4	  4	  4	  4	  4	  0	  0	  0	  0	  0	  0	  0	  0	  0	  0	  0	  0	  0	  0	  0	  0	  0	  0	  0	  0	  0	  0	  0	  0	 48	 43	 77	 57	  0	 43	  0	  0	  0	  0	  0	  0	  0	  0	  0	  0	  0	  5	14416	  1
23-12-2015	17:57:43	->	L	00000000	 10	 54	 43	 49	  0	216	  0	  4	  4	  4	  4	  4	  4	  4	  4	  0	  0	  0	  0	  0	  0	  0	  0	  0	  0	  0	  0	  0	  0	  0	  0	  0	  0	  0	  0	  0	  0	  0	  0	 47	 43	 79	 54	  0	 52	  0	  0	  0	  0	  0	  0	  0	  0	  0	  0	  0	  5	13392	  1
23-12-2015	18:02:43	->	L	00000000	 10	 59	 43	 38	  0	221	  0	  4	  4	  4	  4	  4	  4	  4	  4	  0	  0	  0	  0	  0	  0	  0	  0	  0	  0	  0	  0	  0	  0	  0	  0	  0	  0	  0	  0	  0	  0	  0	  0	 49	 43	 70	 59	  0	 38	  0	  0	  0	  0	  0	  0	  0	  0	  0	  0	  0	  5	13648	  1
23-12-2015	18:07:43	->	L	00000000	 10	 52	 43	 59	  0	226	  0	  4	  4	  4	  4	  4	  4	  4	  4	  0	  0	  0	  0	  0	  0	  0	  0	  0	  0	  0	  0	  0	  0	  0	  0	  0	  0	  0	  0	  0	  0	  0	  0	 46	 43	 85	 52	  0	 59	  0	  0	  0	  0	  0	  0	  0	  0	  0	  0	  0	  5	13648	  1
23-12-2015	18:12:43	->	L	00000000	 10	 55	 44	 52	  0	231	  0	  4	  4	  4	  4	  4	  4	  4	  4	  0	  0	  0	  0	  0	  0	  0	  0	  0	  0	  0	  0	  0	  0	  0	  0	  0	  0	  0	  0	  0	  0	  0	  0	 48	 44	 79	 55	  0	 52	  0	  0	  0	  0	  0	  0	  0	  0	  0	  0	  0	  5	13904	  1
23-12-2015	18:17:43	->	L	00000000	 10	 57	 45	 44	  0	236	  0	  4	  4	  4	  4	  4	  4	  4	  4	  0	  0	  0	  0	  0	  0	  0	  0	  0	  0	  0	  0	  0	  0	  0	  0	  0	  0	  0	  0	  0	  0	  0	  0	 50	 45	 77	 57	  0	 50	  0	  0	  0	  0	  0	  0	  0	  0	  0	  0	  0	  5	13904	  1
23-12-2015	18:22:43	->	L	00000000	 10	 66	 45	 31	  0	241	  0	  4	  4	  4	  4	  4	  4	  4	  4	  0	  0	  0	  0	  0	  0	  0	  0	  0	  0	  0	  0	  0	  0	  0	  0	  0	  0	  0	  0	  0	  0	  0	  0	 52	 45	 67	 66	  0	 28	  0	  0	  0	  0	  0	  0	  0	  0	  0	  0	  0	  5	15440	  1
23-12-2015	18:27:43	<-	L	00000000	 10	 56	 47	 60	  0	246	  0	  4	  4	  4	  4	  4	  4	  4	  4	  0	  0	  0	  0	  0	  0	  0	  0	  0	  0	  0	  0	  0	  0	  0	  0	  0	  0	  0	  0	  0	  0	  0	  0	 53	 47	 71	 56	  0	 60	  0	  0	  0	  0	  0	  0	  0	  0	  0	  0	  0	  5	15440	  1
23-12-2015	18:32:44	<-	L	00000000	 10	 59	 49	 54	  0	251	  0	  4	  4	  4	  4	  4	  4	  4	  4	  0	  0	  0	  0	  0	  0	  0	  0	  0	  0	  0	  0	  0	  0	  0	  0	  0	  0	  0	  0	  0	  0	  0	  0	 59	 49	 57	 57	  0	 64	  0	  0	  0	  0	  0	  0	  0	  0	  0	  0	  0	  5	15696	  1
23-12-2015	18:37:43	<-	L	00000000	 10	 60	 49	 54	  0	256	  0	  4	  4	  4	  4	  4	  4	  4	  4	  0	  0	  0	  0	  0	  0	  0	  0	  0	  0	  0	  0	  0	  0	  0	  0	  0	  0	  0	  0	  0	  0	  0	  0	 60	 49	 54	 58	  0	 61	  0	  0	  0	  0	  0	  0	  0	  0	  0	  0	  0	  5	15952	  1
23-12-2015	18:42:44	<-	L	00000000	 10	 60	 50	 58	  0	261	  0	  4	  4	  4	  4	  4	  4	  4	  4	  0	  0	  0	  0	  0	  0	  0	  0	  0	  0	  0	  0	  0	  0	  0	  0	  0	  0	  0	  0	  0	  0	  0	  0	 60	 50	 58	 58	  0	 64	  0	  0	  0	  0	  0	  0	  0	  0	  0	  0	  0	  5	15952	  1
23-12-2015	18:47:44	<-	L	00000000	 10	 62	 50	 54	  0	266	  0	  4	  4	  4	  4	  4	  4	  4	  4	  0	  0	  0	  0	  0	  0	  0	  0	  0	  0	  0	  0	  0	  0	  0	  0	  0	  0	  0	  0	  0	  0	  0	  0	 62	 50	 52	 58	  0	 64	  0	  0	  0	  0	  0	  0	  0	  0	  0	  0	  0	  5	16208	  1
23-12-2015	18:52:44	<-	L	00000000	 10	 62	 51	 58	  0	271	  0	  4	  4	  4	  4	  4	  4	  4	  4	  0	  0	  0	  0	  0	  0	  0	  0	  0	  0	  0	  0	  0	  0	  0	  0	  0	  0	  0	  0	  0	  0	  0	  0	 62	 51	 55	 59	  0	 64	  0	  0	  0	  0	  0	  0	  0	  0	  0	  0	  0	  5	16208	  1
23-12-2015	18:57:44	<-	L	00000000	 10	 64	 51	 52	  0	276	  0	  4	  4	  4	  4	  4	  4	  4	  4	  0	  0	  0	  0	  0	  0	  0	  0	  0	  0	  0	  0	  0	  0	  0	  0	  0	  0	  0	  0	  0	  0	  0	  0	 64	 51	 49	 59	  0	 64	  0	  0	  0	  0	  0	  0	  0	  0	  0	  0	  0	  5	16464	  1
23-12-2015	19:02:44	<-	L	00000000	 10	 68	 52	 46	  0	281	  0	  4	  4	  4	  4	  4	  4	  4	  4	  0	  0	  0	  0	  0	  0	  0	  0	  0	  0	  0	  0	  0	  0	  0	  0	  0	  0	  0	  0	  0	  0	  0	  0	 68	 52	 42	 61	  0	 62	  0	  0	  0	  0	  0	  0	  0	  0	  0	  0	  0	  5	16720	  1
23-12-2015	19:07:44	<-	L	00000000	 10	 73	 53	 36	  0	286	  0	  4	  4	  4	  4	  4	  4	  4	  4	  0	  0	  0	  0	  0	  0	  0	  0	  0	  0	  0	  0	  0	  0	  0	  0	  0	  0	  0	  0	  0	  0	  0	  0	 73	 53	 34	 62	  0	 62	  0	  0	  0	  0	  0	  0	  0	  0	  0	  0	  0	  5	16720	  1
23-12-2015	19:12:44	<-	L	00000000	 10	 75	 53	 31	  0	291	  0	  4	  4	  4	  4	  4	  4	  4	  4	  0	  0	  0	  0	  0	  0	  0	  0	  0	  0	  0	  0	  0	  0	  0	  0	  0	  0	  0	  0	  0	  0	  0	  0	 75	 53	 31	 63	  0	 58	  0	  0	  0	  0	  0	  0	  0	  0	  0	  0	  0	  5	16976	  1
23-12-2015	19:17:44	<-	L	00000000	 10	 74	 54	 35	  0	296	  0	  4	  4	  4	  4	  4	  4	  4	  4	  0	  0	  0	  0	  0	  0	  0	  0	  0	  0	  0	  0	  0	  0	  0	  0	  0	  0	  0	  0	  0	  0	  0	  0	 74	 54	 35	 64	  0	 59	  0	  0	  0	  0	  0	  0	  0	  0	  0	  0	  0	  5	17232	  1
23-12-2015	19:22:44	<-	L	00000000	 10	 73	 55	 37	  0	301	  0	  4	  4	  4	  4	  4	  4	  4	  4	  0	  0	  0	  0	  0	  0	  0	  0	  0	  0	  0	  0	  0	  0	  0	  0	  0	  0	  0	  0	  0	  0	  0	  0	 73	 55	 39	 65	  0	 59	  0	  0	  0	  0	  0	  0	  0	  0	  0	  0	  0	  5	17232	  1
23-12-2015	19:27:44	<-	L	00000000	 10	 73	 55	 37	  0	306	  0	  4	  4	  4	  4	  4	  4	  4	  4	  0	  0	  0	  0	  0	  0	  0	  0	  0	  0	  0	  0	  0	  0	  0	  0	  0	  0	  0	  0	  0	  0	  0	  0	 73	 55	 39	 65	  0	 59	  0	  0	  0	  0	  0	  0	  0	  0	  0	  0	  0	  5	17488	  1
23-12-2015	19:32:44	<-	L	00000000	 10	 72	 55	 39	  0	311	  0	  4	  4	  4	  4	  4	  4	  4	  4	  0	  0	  0	  0	  0	  0	  0	  0	  0	  0	  0	  0	  0	  0	  0	  0	  0	  0	  0	  0	  0	  0	  0	  0	 72	 55	 41	 65	  0	 59	  0	  0	  0	  0	  0	  0	  0	  0	  0	  0	  0	  5	17488	  1
23-12-2015	19:37:44	<-	L	00000000	 10	 70	 55	 43	  0	316	  0	  4	  4	  4	  4	  4	  4	  4	  4	  0	  0	  0	  0	  0	  0	  0	  0	  0	  0	  0	  0	  0	  0	  0	  0	  0	  0	  0	  0	  0	  0	  0	  0	 70	 55	 46	 65	  0	 59	  0	  0	  0	  0	  0	  0	  0	  0	  0	  0	  0	  5	17744	  1
23-12-2015	19:42:44	<-	L	00000000	 10	 68	 55	 48	  0	321	  0	  4	  4	  4	  4	  4	  4	  4	  4	  0	  0	  0	  0	  0	  0	  0	  0	  0	  0	  0	  0	  0	  0	  0	  0	  0	  0	  0	  0	  0	  0	  0	  0	 68	 55	 50	 64	  0	 62	  0	  0	  0	  0	  0	  0	  0	  0	  0	  0	  0	  5	18000	  1
23-12-2015	19:47:44	<-	L	00000000	 10	 69	 55	 50	  0	326	  0	  4	  4	  4	  4	  4	  4	  4	  4	  0	  0	  0	  0	  0	  0	  0	  0	  0	  0	  0	  0	  0	  0	  0	  0	  0	  0	  0	  0	  0	  0	  0	  0	 69	 55	 48	 64	  0	 62	  0	  0	  0	  0	  0	  0	  0	  0	  0	  0	  0	  5	18000	  1
23-12-2015	19:52:45	<-	L	00000000	 10	 77	 57	 36	  0	331	  0	  4	  4	  4	  4	  4	  4	  4	  4	  0	  0	  0	  0	  0	  0	  0	  0	  0	  0	  0	  0	  0	  0	  0	  0	  0	  0	  0	  0	  0	  0	  0	  0	 77	 57	 36	 66	  0	 63	  0	  0	  0	  0	  0	  0	  0	  0	  0	  0	  0	  5	18256	  1
23-12-2015	19:57:45	<-	L	00000000	 10	 79	 57	 33	  0	336	  0	  4	  4	  4	  4	  4	  4	  4	  4	  0	  0	  0	  0	  0	  0	  0	  0	  0	  0	  0	  0	  0	  0	  0	  0	  0	  0	  0	  0	  0	  0	  0	  0	 79	 57	 33	 68	  0	 57	  0	  0	  0	  0	  0	  0	  0	  0	  0	  0	  0	  5	18512	  1
23-12-2015	20:02:45	<-	L	00000000	 10	 79	 57	 33	  0	341	  0	  4	  4	  4	  4	  4	  4	  4	  4	  0	  0	  0	  0	  0	  0	  0	  0	  0	  0	  0	  0	  0	  0	  0	  0	  0	  0	  0	  0	  0	  0	  0	  0	 79	 57	 33	 68	  0	 57	  0	  0	  0	  0	  0	  0	  0	  0	  0	  0	  0	  5	18512	  1
23-12-2015	20:07:45	<-	L	00000000	 10	 76	 57	 33	  0	346	  0	  4	  4	  4	  4	  4	  4	  4	  4	  0	  0	  0	  0	  0	  0	  0	  0	  0	  0	  0	  0	  0	  0	  0	  0	  0	  0	  0	  0	  0	  0	  0	  0	 76	 57	 38	 68	  0	 57	  0	  0	  0	  0	  0	  0	  0	  0	  0	  0	  0	  5	18768	  1
23-12-2015	20:12:45	<-	L	00000000	 10	 74	 57	 41	  0	351	  0	  4	  4	  4	  4	  4	  4	  4	  4	  0	  0	  0	  0	  0	  0	  0	  0	  0	  0	  0	  0	  0	  0	  0	  0	  0	  0	  0	  0	  0	  0	  0	  0	 74	 57	 41	 67	  0	 60	  0	  0	  0	  0	  0	  0	  0	  0	  0	  0	  0	  5	18768	  1
23-12-2015	20:17:45	<-	L	00000000	 10	 71	 57	 47	  0	356	  0	  4	  4	  4	  4	  4	  4	  4	  4	  0	  0	  0	  0	  0	  0	  0	  0	  0	  0	  0	  0	  0	  0	  0	  0	  0	  0	  0	  0	  0	  0	  0	  0	 71	 57	 48	 67	  0	 60	  0	  0	  0	  0	  0	  0	  0	  0	  0	  0	  0	  5	19024	  1
23-12-2015	20:22:45	<-	L	00000000	 21	 77	 58	 41	  0	  0	  0	  4	  4	  4	  4	  4	  4	  4	  4	  0	  0	  0	  0	  0	  0	  0	  0	  0	  0	  0	  0	  0	  0	  0	  0	  0	  0	  0	  0	  0	  0	  0	  0	 77	 58	 38	 68	  0	 60	  0	  0	  0	  0	  0	  0	  0	  0	  0	  0	  0	  5	21828	  0
23-12-2015	20:27:45	<-	L	00000000	 21	 83	 59	 31	  0	  5	  0	  4	  4	  4	  4	  4	  4	  4	  4	  0	  0	  0	  0	  0	  0	  0	  0	  0	  0	  0	  0	  0	  0	  0	  0	  0	  0	  0	  0	  0	  0	  0	  0	 83	 59	 31	 69	  0	 60	  0	  0	  0	  0	  0	  0	  0	  0	  0	  0	  0	  5	21828	  0
23-12-2015	20:32:46	<-	L	00000000	 21	 87	 59	 27	  0	 10	  0	  4	  4	  4	  4	  4	  4	  4	  4	  0	  0	  0	  0	  0	  0	  0	  0	  0	  0	  0	  0	  0	  0	  0	  0	  0	  0	  0	  0	  0	  0	  0	  0	 87	 59	 27	 70	  0	 57	  0	  0	  0	  0	  0	  0	  0	  0	  0	  0	  0	  5	21828	  0
23-12-2015	20:37:46	<-	L	00000000	 21	 83	 59	 29	  0	 15	  0	  4	  4	  4	  4	  4	  4	  4	  4	  0	  0	  0	  0	  0	  0	  0	  0	  0	  0	  0	  0	  0	  0	  0	  0	  0	  0	  0	  0	  0	  0	  0	  0	 83	 59	 31	 69	  0	 60	  0	  0	  0	  0	  0	  0	  0	  0	  0	  0	  0	  5	21828	  0
23-12-2015	20:42:46	<-	L	00000000	 21	 84	 59	 31	  0	 20	  0	  4	  4	  4	  4	  4	  4	  4	  4	  0	  0	  0	  0	  0	  0	  0	  0	  0	  0	  0	  0	  0	  0	  0	  0	  0	  0	  0	  0	  0	  0	  0	  0	 84	 59	 29	 69	  0	 60	  0	  0	  0	  0	  0	  0	  0	  0	  0	  0	  0	  5	21828	  0
23-12-2015	20:47:45	<-	L	00000000	 21	 87	 60	 28	  0	 25	  0	  4	  4	  4	  4	  4	  4	  4	  4	  0	  0	  0	  0	  0	  0	  0	  0	  0	  0	  0	  0	  0	  0	  0	  0	  0	  0	  0	  0	  0	  0	  0	  0	 87	 60	 28	 71	  0	 57	  0	  0	  0	  0	  0	  0	  0	  0	  0	  0	  0	  5	21828	  0
23-12-2015	20:52:45	<-	L	00000000	 21	 83	 60	 32	  0	 30	  0	  4	  4	  4	  4	  4	  4	  4	  4	  0	  0	  0	  0	  0	  0	  0	  0	  0	  0	  0	  0	  0	  0	  0	  0	  0	  0	  0	  0	  0	  0	  0	  0	 83	 60	 32	 70	  0	 60	  0	  0	  0	  0	  0	  0	  0	  0	  0	  0	  0	  5	21828	  0
23-12-2015	20:57:45	<-	L	00000000	 21	 83	 60	 34	  0	 35	  0	  4	  4	  4	  4	  4	  4	  4	  4	  0	  0	  0	  0	  0	  0	  0	  0	  0	  0	  0	  0	  0	  0	  0	  0	  0	  0	  0	  0	  0	  0	  0	  0	 83	 60	 32	 69	  0	 64	  0	  0	  0	  0	  0	  0	  0	  0	  0	  0	  0	  5	21828	  0
23-12-2015	21:02:45	<-	L	00000000	 21	 88	 61	 29	  0	 40	  0	  4	  4	  4	  4	  4	  4	  4	  4	  0	  0	  0	  0	  0	  0	  0	  0	  0	  0	  0	  0	  0	  0	  0	  0	  0	  0	  0	  0	  0	  0	  0	  0	 88	 61	 29	 71	  0	 61	  0	  0	  0	  0	  0	  0	  0	  0	  0	  0	  0	  5	21828	  0
23-12-2015	21:07:46	<-	L	00000000	 21	 84	 60	 32	  0	 45	  0	  4	  4	  4	  4	  4	  4	  4	  4	  0	  0	  0	  0	  0	  0	  0	  0	  0	  0	  0	  0	  0	  0	  0	  0	  0	  0	  0	  0	  0	  0	  0	  0	 84	 60	 32	 70	  0	 60	  0	  0	  0	  0	  0	  0	  0	  0	  0	  0	  0	  5	21828	  0
23-12-2015	21:12:46	<-	L	00000000	 21	 84	 61	 32	  0	 50	  0	  4	  4	  4	  4	  4	  4	  4	  4	  0	  0	  0	  0	  0	  0	  0	  0	  0	  0	  0	  0	  0	  0	  0	  0	  0	  0	  0	  0	  0	  0	  0	  0	 84	 61	 32	 69	  0	 67	  0	  0	  0	  0	  0	  0	  0	  0	  0	  0	  0	  5	21828	  0
23-12-2015	21:17:46	<-	L	00000000	 21	 88	 61	 29	  0	 55	  0	  4	  4	  4	  4	  4	  4	  4	  4	  0	  0	  0	  0	  0	  0	  0	  0	  0	  0	  0	  0	  0	  0	  0	  0	  0	  0	  0	  0	  0	  0	  0	  0	 88	 61	 29	 71	  0	 61	  0	  0	  0	  0	  0	  0	  0	  0	  0	  0	  0	  5	21828	  0
23-12-2015	21:22:46	<-	L	00000000	 21	 82	 61	 35	  0	 60	  0	  4	  4	  4	  4	  4	  4	  4	  4	  0	  0	  0	  0	  0	  0	  0	  0	  0	  0	  0	  0	  0	  0	  0	  0	  0	  0	  0	  0	  0	  0	  0	  0	 82	 61	 35	 69	  0	 67	  0	  0	  0	  0	  0	  0	  0	  0	  0	  0	  0	  5	21828	  0
23-12-2015	21:27:46	<-	L	00000000	 21	 87	 61	 30	  0	 65	  0	  4	  4	  4	  4	  4	  4	  4	  4	  0	  0	  0	  0	  0	  0	  0	  0	  0	  0	  0	  0	  0	  0	  0	  0	  0	  0	  0	  0	  0	  0	  0	  0	 87	 61	 30	 70	  0	 64	  0	  0	  0	  0	  0	  0	  0	  0	  0	  0	  0	  5	21828	  0
23-12-2015	21:32:46	<-	L	00000000	 21	 87	 62	 31	  0	 70	  0	  4	  4	  4	  4	  4	  4	  4	  4	  0	  0	  0	  0	  0	  0	  0	  0	  0	  0	  0	  0	  0	  0	  0	  0	  0	  0	  0	  0	  0	  0	  0	  0	 87	 62	 31	 71	  0	 64	  0	  0	  0	  0	  0	  0	  0	  0	  0	  0	  0	  5	21828	  0
23-12-2015	21:37:46	<-	L	00000000	 21	 82	 61	 35	  0	 75	  0	  4	  4	  4	  4	  4	  4	  4	  4	  0	  0	  0	  0	  0	  0	  0	  0	  0	  0	  0	  0	  0	  0	  0	  0	  0	  0	  0	  0	  0	  0	  0	  0	 82	 61	 35	 69	  0	 67	  0	  0	  0	  0	  0	  0	  0	  0	  0	  0	  0	  5	21828	  0
23-12-2015	21:42:47	<-	L	00000000	 21	 86	 62	 33	  0	 80	  0	  4	  4	  4	  4	  4	  4	  4	  4	  0	  0	  0	  0	  0	  0	  0	  0	  0	  0	  0	  0	  0	  0	  0	  0	  0	  0	  0	  0	  0	  0	  0	  0	 86	 62	 33	 70	  0	 67	  0	  0	  0	  0	  0	  0	  0	  0	  0	  0	  0	  5	21828	  0
23-12-2015	21:47:47	<-	L	00000000	 21	 86	 62	 31	  0	 85	  0	  4	  4	  4	  4	  4	  4	  4	  4	  0	  0	  0	  0	  0	  0	  0	  0	  0	  0	  0	  0	  0	  0	  0	  0	  0	  0	  0	  0	  0	  0	  0	  0	 86	 62	 33	 70	  0	 67	  0	  0	  0	  0	  0	  0	  0	  0	  0	  0	  0	  5	21828	  0
23-12-2015	21:52:46	<-	L	00000000	 21	 82	 62	 38	  0	 90	  0	  4	  4	  4	  4	  4	  4	  4	  4	  0	  0	  0	  0	  0	  0	  0	  0	  0	  0	  0	  0	  0	  0	  0	  0	  0	  0	  0	  0	  0	  0	  0	  0	 82	 62	 38	 69	  0	 71	  0	  0	  0	  0	  0	  0	  0	  0	  0	  0	  0	  5	21828	  0
23-12-2015	21:57:46	<-	L	00000000	 21	 85	 62	 35	  0	 95	  0	  4	  4	  4	  4	  4	  4	  4	  4	  0	  0	  0	  0	  0	  0	  0	  0	  0	  0	  0	  0	  0	  0	  0	  0	  0	  0	  0	  0	  0	  0	  0	  0	 85	 62	 33	 69	  0	 71	  0	  0	  0	  0	  0	  0	  0	  0	  0	  0	  0	  5	21828	  0
23-12-2015	22:02:46	<-	L	00000000	 21	 86	 62	 33	  0	100	  0	  4	  4	  4	  4	  4	  4	  4	  4	  0	  0	  0	  0	  0	  0	  0	  0	  0	  0	  0	  0	  0	  0	  0	  0	  0	  0	  0	  0	  0	  0	  0	  0	 86	 62	 33	 70	  0	 67	  0	  0	  0	  0	  0	  0	  0	  0	  0	  0	  0	  5	21828	  0
23-12-2015	22:07:46	<-	L	00000000	 21	 82	 62	 38	  0	105	  0	  4	  4	  4	  4	  4	  4	  4	  4	  0	  0	  0	  0	  0	  0	  0	  0	  0	  0	  0	  0	  0	  0	  0	  0	  0	  0	  0	  0	  0	  0	  0	  0	 82	 62	 38	 69	  0	 71	  0	  0	  0	  0	  0	  0	  0	  0	  0	  0	  0	  5	21828	  0
23-12-2015	22:12:46	<-	L	00000000	 21	 83	 62	 36	  0	110	  0	  4	  4	  4	  4	  4	  4	  4	  4	  0	  0	  0	  0	  0	  0	  0	  0	  0	  0	  0	  0	  0	  0	  0	  0	  0	  0	  0	  0	  0	  0	  0	  0	 83	 62	 36	 69	  0	 71	  0	  0	  0	  0	  0	  0	  0	  0	  0	  0	  0	  5	21828	  0
23-12-2015	22:17:46	<-	L	00000000	 21	 87	 63	 33	  0	115	  0	  4	  4	  4	  4	  4	  4	  4	  4	  0	  0	  0	  0	  0	  0	  0	  0	  0	  0	  0	  0	  0	  0	  0	  0	  0	  0	  0	  0	  0	  0	  0	  0	 87	 63	 33	 70	  0	 71	  0	  0	  0	  0	  0	  0	  0	  0	  0	  0	  0	  5	21828	  0
23-12-2015	22:22:47	<-	L	00000000	 21	 85	 63	 36	  0	120	  0	  4	  4	  4	  4	  4	  4	  4	  4	  0	  0	  0	  0	  0	  0	  0	  0	  0	  0	  0	  0	  0	  0	  0	  0	  0	  0	  0	  0	  0	  0	  0	  0	 85	 63	 36	 70	  0	 71	  0	  0	  0	  0	  0	  0	  0	  0	  0	  0	  0	  5	21828	  0
23-12-2015	22:27:47	->	L	00000000	 21	 82	 63	 40	  0	125	  0	  4	  4	  4	  4	  4	  4	  4	  4	  0	  0	  0	  0	  0	  0	  0	  0	  0	  0	  0	  0	  0	  0	  0	  0	  0	  0	  0	  0	  0	  0	  0	  0	 82	 63	 40	 71	  0	 68	  0	  0	  0	  0	  0	  0	  0	  0	  0	  0	  0	  5	21828	  0
23-12-2015	22:32:47	->	L	00000000	 21	 86	 62	 33	  0	130	  0	  4	  4	  4	  4	  4	  4	  4	  4	  0	  0	  0	  0	  0	  0	  0	  0	  0	  0	  0	  0	  0	  0	  0	  0	  0	  0	  0	  0	  0	  0	  0	  0	 75	 62	 53	 86	  0	 33	  0	  0	  0	  0	  0	  0	  0	  0	  0	  0	  0	  5	21828	  0
23-12-2015	22:37:47	->	L	00000000	 21	 86	 61	 30	  0	135	  0	  4	  4	  4	  4	  4	  4	  4	  4	  0	  0	  0	  0	  0	  0	  0	  0	  0	  0	  0	  0	  0	  0	  0	  0	  0	  0	  0	  0	  0	  0	  0	  0	 73	 61	 55	 86	  0	 30	  0	  0	  0	  0	  0	  0	  0	  0	  0	  0	  0	  5	21828	  0
23-12-2015	22:42:47	->	L	00000000	 21	 86	 62	 33	  0	140	  0	  4	  4	  4	  4	  4	  4	  4	  4	  0	  0	  0	  0	  0	  0	  0	  0	  0	  0	  0	  0	  0	  0	  0	  0	  0	  0	  0	  0	  0	  0	  0	  0	 74	 62	 56	 86	  0	 33	  0	  0	  0	  0	  0	  0	  0	  0	  0	  0	  0	  5	21828	  0
23-12-2015	22:47:47	->	L	00000000	 21	 85	 62	 33	  0	145	  0	  4	  4	  4	  4	  4	  4	  4	  4	  0	  0	  0	  0	  0	  0	  0	  0	  0	  0	  0	  0	  0	  0	  0	  0	  0	  0	  0	  0	  0	  0	  0	  0	 73	 62	 58	 85	  0	 33	  0	  0	  0	  0	  0	  0	  0	  0	  0	  0	  0	  5	21828	  0
23-12-2015	22:52:47	->	L	00000000	 21	 82	 62	 36	  0	150	  0	  4	  4	  4	  4	  4	  4	  4	  4	  0	  0	  0	  0	  0	  0	  0	  0	  0	  0	  0	  0	  0	  0	  0	  0	  0	  0	  0	  0	  0	  0	  0	  0	 72	 62	 61	 82	  0	 38	  0	  0	  0	  0	  0	  0	  0	  0	  0	  0	  0	  5	21828	  0
23-12-2015	22:57:47	->	L	00000000	 21	 84	 62	 36	  0	155	  0	  4	  4	  4	  4	  4	  4	  4	  4	  0	  0	  0	  0	  0	  0	  0	  0	  0	  0	  0	  0	  0	  0	  0	  0	  0	  0	  0	  0	  0	  0	  0	  0	 72	 62	 61	 84	  0	 35	  0	  0	  0	  0	  0	  0	  0	  0	  0	  0	  0	  5	21828	  0
23-12-2015	23:02:47	->	L	00000000	 21	 88	 62	 31	  0	160	  0	  4	  4	  4	  4	  4	  4	  4	  4	  0	  0	  0	  0	  0	  0	  0	  0	  0	  0	  0	  0	  0	  0	  0	  0	  0	  0	  0	  0	  0	  0	  0	  0	 73	 62	 58	 88	  0	 31	  0	  0	  0	  0	  0	  0	  0	  0	  0	  0	  0	  5	21828	  0
23-12-2015	23:07:47	->	L	00000000	 21	 87	 61	 31	  0	165	  0	  4	  4	  4	  4	  4	  4	  4	  4	  0	  0	  0	  0	  0	  0	  0	  0	  0	  0	  0	  0	  0	  0	  0	  0	  0	  0	  0	  0	  0	  0	  0	  0	 73	 61	 55	 87	  0	 30	  0	  0	  0	  0	  0	  0	  0	  0	  0	  0	  0	  5	21828	  0
23-12-2015	23:12:47	->	L	00000000	 21	 85	 61	 33	  0	170	  0	  4	  4	  4	  4	  4	  4	  4	  4	  0	  0	  0	  0	  0	  0	  0	  0	  0	  0	  0	  0	  0	  0	  0	  0	  0	  0	  0	  0	  0	  0	  0	  0	 73	 61	 55	 85	  0	 32	  0	  0	  0	  0	  0	  0	  0	  0	  0	  0	  0	  5	21828	  0
23-12-2015	23:17:47	->	L	00000000	 21	 82	 62	 38	  0	175	  0	  4	  4	  4	  4	  4	  4	  4	  4	  0	  0	  0	  0	  0	  0	  0	  0	  0	  0	  0	  0	  0	  0	  0	  0	  0	  0	  0	  0	  0	  0	  0	  0	 71	 62	 64	 82	  0	 38	  0	  0	  0	  0	  0	  0	  0	  0	  0	  0	  0	  5	21828	  0
23-12-2015	23:22:47	->	L	00000000	 21	 86	 62	 33	  0	180	  0	  4	  4	  4	  4	  4	  4	  4	  4	  0	  0	  0	  0	  0	  0	  0	  0	  0	  0	  0	  0	  0	  0	  0	  0	  0	  0	  0	  0	  0	  0	  0	  0	 73	 62	 58	 86	  0	 33	  0	  0	  0	  0	  0	  0	  0	  0	  0	  0	  0	  5	21828	  0
23-12-2015	23:27:47	->	L	00000000	 21	 88	 62	 31	  0	185	  0	  4	  4	  4	  4	  4	  4	  4	  4	  0	  0	  0	  0	  0	  0	  0	  0	  0	  0	  0	  0	  0	  0	  0	  0	  0	  0	  0	  0	  0	  0	  0	  0	 74	 62	 56	 88	  0	 31	  0	  0	  0	  0	  0	  0	  0	  0	  0	  0	  0	  5	21828	  0
23-12-2015	23:32:47	->	L	00000000	 21	 86	 62	 31	  0	190	  0	  4	  4	  4	  4	  4	  4	  4	  4	  0	  0	  0	  0	  0	  0	  0	  0	  0	  0	  0	  0	  0	  0	  0	  0	  0	  0	  0	  0	  0	  0	  0	  0	 73	 62	 58	 86	  0	 33	  0	  0	  0	  0	  0	  0	  0	  0	  0	  0	  0	  5	21828	  0
23-12-2015	23:37:48	->	L	00000000	 21	 83	 62	 35	  0	195	  0	  4	  4	  4	  4	  4	  4	  4	  4	  0	  0	  0	  0	  0	  0	  0	  0	  0	  0	  0	  0	  0	  0	  0	  0	  0	  0	  0	  0	  0	  0	  0	  0	 72	 62	 61	 83	  0	 36	  0	  0	  0	  0	  0	  0	  0	  0	  0	  0	  0	  5	21828	  0
23-12-2015	23:42:48	->	L	00000000	 21	 83	 62	 38	  0	200	  0	  4	  4	  4	  4	  4	  4	  4	  4	  0	  0	  0	  0	  0	  0	  0	  0	  0	  0	  0	  0	  0	  0	  0	  0	  0	  0	  0	  0	  0	  0	  0	  0	 72	 62	 61	 83	  0	 36	  0	  0	  0	  0	  0	  0	  0	  0	  0	  0	  0	  5	21828	  0
23-12-2015	23:47:48	->	L	00000000	 21	 87	 62	 31	  0	205	  0	  4	  4	  4	  4	  4	  4	  4	  4	  0	  0	  0	  0	  0	  0	  0	  0	  0	  0	  0	  0	  0	  0	  0	  0	  0	  0	  0	  0	  0	  0	  0	  0	 73	 62	 58	 87	  0	 31	  0	  0	  0	  0	  0	  0	  0	  0	  0	  0	  0	  5	21828	  0
23-12-2015	23:52:48	->	L	00000000	 21	 87	 63	 31	  0	210	  0	  4	  4	  4	  4	  4	  4	  4	  4	  0	  0	  0	  0	  0	  0	  0	  0	  0	  0	  0	  0	  0	  0	  0	  0	  0	  0	  0	  0	  0	  0	  0	  0	 74	 63	 58	 87	  0	 33	  0	  0	  0	  0	  0	  0	  0	  0	  0	  0	  0	  5	21828	  0
23-12-2015	23:57:48	->	L	00000000	 21	 84	 62	 36	  0	215	  0	  4	  4	  4	  4	  4	  4	  4	  4	  0	  0	  0	  0	  0	  0	  0	  0	  0	  0	  0	  0	  0	  0	  0	  0	  0	  0	  0	  0	  0	  0	  0	  0	 73	 62	 58	 84	  0	 35	  0	  0	  0	  0	  0	  0	  0	  0	  0	  0	  0	  5	21826	  0
24-12-2015	00:02:48	->	L	00000000	 21	 84	 63	 36	  0	220	  0	  4	  4	  4	  4	  4	  4	  4	  4	  0	  0	  0	  0	  0	  0	  0	  0	  0	  0	  0	  0	  0	  0	  0	  0	  0	  0	  0	  0	  0	  0	  0	  0	 72	 63	 65	 84	  0	 36	  0	  0	  0	  0	  0	  0	  0	  0	  0	  0	  0	  5	21826	  0
24-12-2015	00:07:48	->	L	00000000	 21	 89	 63	 31	  0	225	  0	  4	  4	  4	  4	  4	  4	  4	  4	  0	  0	  0	  0	  0	  0	  0	  0	  0	  0	  0	  0	  0	  0	  0	  0	  0	  0	  0	  0	  0	  0	  0	  0	 74	 63	 58	 89	  0	 31	  0	  0	  0	  0	  0	  0	  0	  0	  0	  0	  0	  5	21826	  0
24-12-2015	00:12:48	->	L	00000000	 21	 88	 63	 31	  0	230	  0	  4	  4	  4	  4	  4	  4	  4	  4	  0	  0	  0	  0	  0	  0	  0	  0	  0	  0	  0	  0	  0	  0	  0	  0	  0	  0	  0	  0	  0	  0	  0	  0	 75	 63	 56	 88	  0	 31	  0	  0	  0	  0	  0	  0	  0	  0	  0	  0	  0	  5	21826	  0
24-12-2015	00:17:48	->	L	00000000	 21	 84	 63	 36	  0	235	  0	  4	  4	  4	  4	  4	  4	  4	  4	  0	  0	  0	  0	  0	  0	  0	  0	  0	  0	  0	  0	  0	  0	  0	  0	  0	  0	  0	  0	  0	  0	  0	  0	 73	 63	 61	 84	  0	 36	  0	  0	  0	  0	  0	  0	  0	  0	  0	  0	  0	  5	21826	  0
24-12-2015	00:22:48	->	L	00000000	 21	 83	 63	 40	  0	240	  0	  4	  4	  4	  4	  4	  4	  4	  4	  0	  0	  0	  0	  0	  0	  0	  0	  0	  0	  0	  0	  0	  0	  0	  0	  0	  0	  0	  0	  0	  0	  0	  0	 72	 63	 65	 83	  0	 39	  0	  0	  0	  0	  0	  0	  0	  0	  0	  0	  0	  5	21826	  0
24-12-2015	00:27:48	->	L	00000000	 21	 86	 63	 36	  0	245	  0	  4	  4	  4	  4	  4	  4	  4	  4	  0	  0	  0	  0	  0	  0	  0	  0	  0	  0	  0	  0	  0	  0	  0	  0	  0	  0	  0	  0	  0	  0	  0	  0	 74	 63	 58	 86	  0	 33	  0	  0	  0	  0	  0	  0	  0	  0	  0	  0	  0	  5	21826	  0
24-12-2015	00:32:48	->	L	00000000	 21	 89	 63	 31	  0	250	  0	  4	  4	  4	  4	  4	  4	  4	  4	  0	  0	  0	  0	  0	  0	  0	  0	  0	  0	  0	  0	  0	  0	  0	  0	  0	  0	  0	  0	  0	  0	  0	  0	 75	 63	 56	 89	  0	 31	  0	  0	  0	  0	  0	  0	  0	  0	  0	  0	  0	  5	21826	  0
24-12-2015	00:37:48	->	L	00000000	 21	 87	 63	 31	  0	255	  0	  4	  4	  4	  4	  4	  4	  4	  4	  0	  0	  0	  0	  0	  0	  0	  0	  0	  0	  0	  0	  0	  0	  0	  0	  0	  0	  0	  0	  0	  0	  0	  0	 75	 63	 56	 87	  0	 33	  0	  0	  0	  0	  0	  0	  0	  0	  0	  0	  0	  5	21826	  0
24-12-2015	00:42:48	->	L	00000000	 21	 84	 63	 36	  0	260	  0	  4	  4	  4	  4	  4	  4	  4	  4	  0	  0	  0	  0	  0	  0	  0	  0	  0	  0	  0	  0	  0	  0	  0	  0	  0	  0	  0	  0	  0	  0	  0	  0	 73	 63	 61	 84	  0	 36	  0	  0	  0	  0	  0	  0	  0	  0	  0	  0	  0	  5	21826	  0
24-12-2015	00:47:48	->	L	00000000	 21	 83	 63	 40	  0	265	  0	  4	  4	  4	  4	  4	  4	  4	  4	  0	  0	  0	  0	  0	  0	  0	  0	  0	  0	  0	  0	  0	  0	  0	  0	  0	  0	  0	  0	  0	  0	  0	  0	 73	 63	 61	 83	  0	 39	  0	  0	  0	  0	  0	  0	  0	  0	  0	  0	  0	  5	21826	  0
24-12-2015	00:52:50	->	L	00000000	 21	 88	 63	 33	  0	270	  0	  4	  4	  4	  4	  4	  4	  4	  4	  0	  0	  0	  0	  0	  0	  0	  0	  0	  0	  0	  0	  0	  0	  0	  0	  0	  0	  0	  0	  0	  0	  0	  0	 74	 63	 58	 88	  0	 31	  0	  0	  0	  0	  0	  0	  0	  0	  0	  0	  0	  5	21826	  0
24-12-2015	00:57:49	->	L	00000000	 21	 89	 64	 32	  0	275	  0	  4	  4	  4	  4	  4	  4	  4	  4	  0	  0	  0	  0	  0	  0	  0	  0	  0	  0	  0	  0	  0	  0	  0	  0	  0	  0	  0	  0	  0	  0	  0	  0	 75	 64	 59	 89	  0	 32	  0	  0	  0	  0	  0	  0	  0	  0	  0	  0	  0	  5	21826	  0
24-12-2015	01:02:50	->	L	00000000	 21	 87	 63	 33	  0	280	  0	  4	  4	  4	  4	  4	  4	  4	  4	  0	  0	  0	  0	  0	  0	  0	  0	  0	  0	  0	  0	  0	  0	  0	  0	  0	  0	  0	  0	  0	  0	  0	  0	 74	 63	 58	 87	  0	 33	  0	  0	  0	  0	  0	  0	  0	  0	  0	  0	  0	  5	21826	  0
24-12-2015	01:07:49	->	L	00000000	 21	 83	 63	 39	  0	285	  0	  4	  4	  4	  4	  4	  4	  4	  4	  0	  0	  0	  0	  0	  0	  0	  0	  0	  0	  0	  0	  0	  0	  0	  0	  0	  0	  0	  0	  0	  0	  0	  0	 73	 63	 61	 83	  0	 39	  0	  0	  0	  0	  0	  0	  0	  0	  0	  0	  0	  5	21826	  0
24-12-2015	01:12:49	->	L	00000000	 21	 84	 63	 39	  0	290	  0	  4	  4	  4	  4	  4	  4	  4	  4	  0	  0	  0	  0	  0	  0	  0	  0	  0	  0	  0	  0	  0	  0	  0	  0	  0	  0	  0	  0	  0	  0	  0	  0	 73	 63	 61	 84	  0	 36	  0	  0	  0	  0	  0	  0	  0	  0	  0	  0	  0	  5	21826	  0
24-12-2015	01:17:49	->	L	00000000	 21	 89	 64	 34	  0	295	  0	  4	  4	  4	  4	  4	  4	  4	  4	  0	  0	  0	  0	  0	  0	  0	  0	  0	  0	  0	  0	  0	  0	  0	  0	  0	  0	  0	  0	  0	  0	  0	  0	 75	 64	 59	 89	  0	 32	  0	  0	  0	  0	  0	  0	  0	  0	  0	  0	  0	  5	21826	  0
24-12-2015	01:22:49	->	L	00000000	 21	 90	 64	 31	  0	300	  0	  4	  4	  4	  4	  4	  4	  4	  4	  0	  0	  0	  0	  0	  0	  0	  0	  0	  0	  0	  0	  0	  0	  0	  0	  0	  0	  0	  0	  0	  0	  0	  0	 76	 64	 56	 90	  0	 31	  0	  0	  0	  0	  0	  0	  0	  0	  0	  0	  0	  5	21826	  0
24-12-2015	01:27:49	->	L	00000000	 21	 89	 64	 32	  0	305	  0	  4	  4	  4	  4	  4	  4	  4	  4	  0	  0	  0	  0	  0	  0	  0	  0	  0	  0	  0	  0	  0	  0	  0	  0	  0	  0	  0	  0	  0	  0	  0	  0	 76	 64	 56	 89	  0	 32	  0	  0	  0	  0	  0	  0	  0	  0	  0	  0	  0	  5	21826	  0
24-12-2015	01:32:49	->	L	00000000	 21	 86	 64	 33	  0	310	  0	  4	  4	  4	  4	  4	  4	  4	  4	  0	  0	  0	  0	  0	  0	  0	  0	  0	  0	  0	  0	  0	  0	  0	  0	  0	  0	  0	  0	  0	  0	  0	  0	 75	 64	 59	 86	  0	 36	  0	  0	  0	  0	  0	  0	  0	  0	  0	  0	  0	  5	21826	  0
24-12-2015	01:37:49	->	L	00000000	 21	 83	 64	 41	  0	315	  0	  4	  4	  4	  4	  4	  4	  4	  4	  0	  0	  0	  0	  0	  0	  0	  0	  0	  0	  0	  0	  0	  0	  0	  0	  0	  0	  0	  0	  0	  0	  0	  0	 73	 64	 65	 83	  0	 41	  0	  0	  0	  0	  0	  0	  0	  0	  0	  0	  0	  5	21826	  0
24-12-2015	01:42:49	->	L	00000000	 21	 83	 64	 43	  0	320	  0	  4	  4	  4	  4	  4	  4	  4	  4	  0	  0	  0	  0	  0	  0	  0	  0	  0	  0	  0	  0	  0	  0	  0	  0	  0	  0	  0	  0	  0	  0	  0	  0	 73	 64	 65	 83	  0	 41	  0	  0	  0	  0	  0	  0	  0	  0	  0	  0	  0	  5	21826	  0
24-12-2015	01:47:49	->	L	00000000	 21	 87	 64	 36	  0	325	  0	  4	  4	  4	  4	  4	  4	  4	  4	  0	  0	  0	  0	  0	  0	  0	  0	  0	  0	  0	  0	  0	  0	  0	  0	  0	  0	  0	  0	  0	  0	  0	  0	 74	 64	 62	 87	  0	 33	  0	  0	  0	  0	  0	  0	  0	  0	  0	  0	  0	  5	21826	  0
24-12-2015	01:52:49	->	L	00000000	 21	 90	 64	 31	  0	330	  0	  4	  4	  4	  4	  4	  4	  4	  4	  0	  0	  0	  0	  0	  0	  0	  0	  0	  0	  0	  0	  0	  0	  0	  0	  0	  0	  0	  0	  0	  0	  0	  0	 76	 64	 56	 90	  0	 31	  0	  0	  0	  0	  0	  0	  0	  0	  0	  0	  0	  5	21824	  0
24-12-2015	01:57:50	->	L	00000000	 21	 87	 63	 34	  0	335	  0	  4	  4	  4	  4	  4	  4	  4	  4	  0	  0	  0	  0	  0	  0	  0	  0	  0	  0	  0	  0	  0	  0	  0	  0	  0	  0	  0	  0	  0	  0	  0	  0	 74	 63	 58	 87	  0	 33	  0	  0	  0	  0	  0	  0	  0	  0	  0	  0	  0	  5	21823	  0
24-12-2015	02:02:50	->	L	00000000	 21	 83	 63	 39	  0	340	  0	  4	  4	  4	  4	  4	  4	  4	  4	  0	  0	  0	  0	  0	  0	  0	  0	  0	  0	  0	  0	  0	  0	  0	  0	  0	  0	  0	  0	  0	  0	  0	  0	 72	 63	 65	 83	  0	 39	  0	  0	  0	  0	  0	  0	  0	  0	  0	  0	  0	  5	21823	  0
24-12-2015	02:07:50	->	L	00000000	 21	 84	 63	 39	  0	345	  0	  4	  4	  4	  4	  4	  4	  4	  4	  0	  0	  0	  0	  0	  0	  0	  0	  0	  0	  0	  0	  0	  0	  0	  0	  0	  0	  0	  0	  0	  0	  0	  0	 72	 63	 65	 84	  0	 36	  0	  0	  0	  0	  0	  0	  0	  0	  0	  0	  0	  5	21823	  0
24-12-2015	02:12:50	->	L	00000000	 21	 89	 64	 32	  0	350	  0	  4	  4	  4	  4	  4	  4	  4	  4	  0	  0	  0	  0	  0	  0	  0	  0	  0	  0	  0	  0	  0	  0	  0	  0	  0	  0	  0	  0	  0	  0	  0	  0	 74	 64	 62	 89	  0	 32	  0	  0	  0	  0	  0	  0	  0	  0	  0	  0	  0	  5	21823	  0
24-12-2015	02:17:50	->	L	00000000	 21	 87	 63	 31	  0	355	  0	  4	  4	  4	  4	  4	  4	  4	  4	  0	  0	  0	  0	  0	  0	  0	  0	  0	  0	  0	  0	  0	  0	  0	  0	  0	  0	  0	  0	  0	  0	  0	  0	 73	 63	 61	 87	  0	 33	  0	  0	  0	  0	  0	  0	  0	  0	  0	  0	  0	  5	21823	  0
24-12-2015	02:22:50	->	L	00000000	 21	 83	 63	 36	  0	360	  0	  4	  4	  4	  4	  4	  4	  4	  4	  0	  0	  0	  0	  0	  0	  0	  0	  0	  0	  0	  0	  0	  0	  0	  0	  0	  0	  0	  0	  0	  0	  0	  0	 72	 63	 65	 83	  0	 39	  0	  0	  0	  0	  0	  0	  0	  0	  0	  0	  0	  5	21823	  0
24-12-2015	02:27:50	  	L	00000000	 22	 82	 63	 40	  0	  4	  0	  4	  4	  4	  4	  4	  4	  4	  4	  0	  0	  0	  0	  0	  0	  0	  0	  0	  0	  0	  0	  0	  0	  0	  0	  0	  0	  0	  0	  0	  0	  0	  0	 71	 63	 68	 82	  0	 40	  0	  0	  0	  0	  0	  0	  0	  0	  0	  0	  0	  5	21823	  0
24-12-2015	02:32:50	<-	L	00000000	 22	 86	 64	 33	  0	  9	  0	  4	  4	  4	  4	  4	  4	  4	  4	  0	  0	  0	  0	  0	  0	  0	  0	  0	  0	  0	  0	  0	  0	  0	  0	  0	  0	  0	  0	  0	  0	  0	  0	 86	 64	 36	 75	  0	 59	  0	  0	  0	  0	  0	  0	  0	  0	  0	  0	  0	  5	21823	  0
24-12-2015	02:37:50	<-	L	00000000	 22	 82	 64	 40	  0	 14	  0	  4	  4	  4	  4	  4	  4	  4	  4	  0	  0	  0	  0	  0	  0	  0	  0	  0	  0	  0	  0	  0	  0	  0	  0	  0	  0	  0	  0	  0	  0	  0	  0	 82	 64	 43	 73	  0	 65	  0	  0	  0	  0	  0	  0	  0	  0	  0	  0	  0	  5	21823	  0
24-12-2015	02:42:50	<-	L	00000000	 22	 89	 64	 33	  0	 19	  0	  4	  4	  4	  4	  4	  4	  4	  4	  0	  0	  0	  0	  0	  0	  0	  0	  0	  0	  0	  0	  0	  0	  0	  0	  0	  0	  0	  0	  0	  0	  0	  0	 89	 64	 32	 73	  0	 65	  0	  0	  0	  0	  0	  0	  0	  0	  0	  0	  0	  5	21823	  0
24-12-2015	02:47:50	<-	L	00000000	 22	 87	 63	 31	  0	 24	  0	  4	  4	  4	  4	  4	  4	  4	  4	  0	  0	  0	  0	  0	  0	  0	  0	  0	  0	  0	  0	  0	  0	  0	  0	  0	  0	  0	  0	  0	  0	  0	  0	 87	 63	 33	 73	  0	 61	  0	  0	  0	  0	  0	  0	  0	  0	  0	  0	  0	  5	21823	  0
24-12-2015	02:52:50	<-	L	00000000	 22	 83	 63	 39	  0	 29	  0	  4	  4	  4	  4	  4	  4	  4	  4	  0	  0	  0	  0	  0	  0	  0	  0	  0	  0	  0	  0	  0	  0	  0	  0	  0	  0	  0	  0	  0	  0	  0	  0	 83	 63	 39	 72	  0	 65	  0	  0	  0	  0	  0	  0	  0	  0	  0	  0	  0	  5	21823	  0
24-12-2015	02:57:51	<-	L	00000000	 22	 89	 64	 32	  0	 34	  0	  4	  4	  4	  4	  4	  4	  4	  4	  0	  0	  0	  0	  0	  0	  0	  0	  0	  0	  0	  0	  0	  0	  0	  0	  0	  0	  0	  0	  0	  0	  0	  0	 89	 64	 32	 73	  0	 65	  0	  0	  0	  0	  0	  0	  0	  0	  0	  0	  0	  5	21823	  0
24-12-2015	03:02:50	<-	L	00000000	 22	 85	 63	 33	  0	 39	  0	  4	  4	  4	  4	  4	  4	  4	  4	  0	  0	  0	  0	  0	  0	  0	  0	  0	  0	  0	  0	  0	  0	  0	  0	  0	  0	  0	  0	  0	  0	  0	  0	 85	 63	 36	 72	  0	 65	  0	  0	  0	  0	  0	  0	  0	  0	  0	  0	  0	  5	21823	  0
24-12-2015	03:07:50	<-	L	00000000	 22	 85	 63	 36	  0	 44	  0	  4	  4	  4	  4	  4	  4	  4	  4	  0	  0	  0	  0	  0	  0	  0	  0	  0	  0	  0	  0	  0	  0	  0	  0	  0	  0	  0	  0	  0	  0	  0	  0	 85	 63	 36	 71	  0	 68	  0	  0	  0	  0	  0	  0	  0	  0	  0	  0	  0	  5	21823	  0
24-12-2015	03:12:50	<-	L	00000000	 22	 89	 64	 31	  0	 49	  0	  4	  4	  4	  4	  4	  4	  4	  4	  0	  0	  0	  0	  0	  0	  0	  0	  0	  0	  0	  0	  0	  0	  0	  0	  0	  0	  0	  0	  0	  0	  0	  0	 89	 64	 32	 73	  0	 65	  0	  0	  0	  0	  0	  0	  0	  0	  0	  0	  0	  5	21823	  0
24-12-2015	03:17:51	<-	L	00000000	 22	 83	 63	 36	  0	 54	  0	  4	  4	  4	  4	  4	  4	  4	  4	  0	  0	  0	  0	  0	  0	  0	  0	  0	  0	  0	  0	  0	  0	  0	  0	  0	  0	  0	  0	  0	  0	  0	  0	 83	 63	 39	 71	  0	 68	  0	  0	  0	  0	  0	  0	  0	  0	  0	  0	  0	  5	21823	  0
24-12-2015	03:22:51	<-	L	00000000	 22	 87	 63	 33	  0	 59	  0	  4	  4	  4	  4	  4	  4	  4	  4	  0	  0	  0	  0	  0	  0	  0	  0	  0	  0	  0	  0	  0	  0	  0	  0	  0	  0	  0	  0	  0	  0	  0	  0	 87	 63	 33	 71	  0	 68	  0	  0	  0	  0	  0	  0	  0	  0	  0	  0	  0	  5	21823	  0
24-12-2015	03:27:51	<-	L	00000000	 22	 87	 63	 31	  0	 64	  0	  4	  4	  4	  4	  4	  4	  4	  4	  0	  0	  0	  0	  0	  0	  0	  0	  0	  0	  0	  0	  0	  0	  0	  0	  0	  0	  0	  0	  0	  0	  0	  0	 87	 63	 33	 72	  0	 65	  0	  0	  0	  0	  0	  0	  0	  0	  0	  0	  0	  5	21823	  0
24-12-2015	03:32:51	<-	L	00000000	 22	 83	 63	 40	  0	 69	  0	  4	  4	  4	  4	  4	  4	  4	  4	  0	  0	  0	  0	  0	  0	  0	  0	  0	  0	  0	  0	  0	  0	  0	  0	  0	  0	  0	  0	  0	  0	  0	  0	 83	 63	 39	 71	  0	 68	  0	  0	  0	  0	  0	  0	  0	  0	  0	  0	  0	  5	21823	  0
24-12-2015	03:37:51	<-	L	00000000	 22	 90	 64	 31	  0	 74	  0	  4	  4	  4	  4	  4	  4	  4	  4	  0	  0	  0	  0	  0	  0	  0	  0	  0	  0	  0	  0	  0	  0	  0	  0	  0	  0	  0	  0	  0	  0	  0	  0	 90	 64	 31	 73	  0	 65	  0	  0	  0	  0	  0	  0	  0	  0	  0	  0	  0	  5	21823	  0
24-12-2015	03:42:51	<-	L	00000000	 22	 85	 63	 33	  0	 79	  0	  4	  4	  4	  4	  4	  4	  4	  4	  0	  0	  0	  0	  0	  0	  0	  0	  0	  0	  0	  0	  0	  0	  0	  0	  0	  0	  0	  0	  0	  0	  0	  0	 85	 63	 36	 72	  0	 65	  0	  0	  0	  0	  0	  0	  0	  0	  0	  0	  0	  5	21823	  0
24-12-2015	03:47:51	<-	L	00000000	 22	 84	 63	 39	  0	 84	  0	  4	  4	  4	  4	  4	  4	  4	  4	  0	  0	  0	  0	  0	  0	  0	  0	  0	  0	  0	  0	  0	  0	  0	  0	  0	  0	  0	  0	  0	  0	  0	  0	 84	 63	 36	 71	  0	 68	  0	  0	  0	  0	  0	  0	  0	  0	  0	  0	  0	  5	21823	  0
24-12-2015	03:52:51	<-	L	00000000	 22	 91	 64	 29	  0	 89	  0	  4	  4	  4	  4	  4	  4	  4	  4	  0	  0	  0	  0	  0	  0	  0	  0	  0	  0	  0	  0	  0	  0	  0	  0	  0	  0	  0	  0	  0	  0	  0	  0	 91	 64	 29	 73	  0	 65	  0	  0	  0	  0	  0	  0	  0	  0	  0	  0	  0	  5	21823	  0
24-12-2015	03:57:51	<-	L	00000000	 22	 84	 62	 33	  0	 94	  0	  4	  4	  4	  4	  4	  4	  4	  4	  0	  0	  0	  0	  0	  0	  0	  0	  0	  0	  0	  0	  0	  0	  0	  0	  0	  0	  0	  0	  0	  0	  0	  0	 84	 62	 35	 72	  0	 61	  0	  0	  0	  0	  0	  0	  0	  0	  0	  0	  0	  5	21823	  0
24-12-2015	04:02:52	<-	L	00000000	 22	 87	 63	 36	  0	 99	  0	  4	  4	  4	  4	  4	  4	  4	  4	  0	  0	  0	  0	  0	  0	  0	  0	  0	  0	  0	  0	  0	  0	  0	  0	  0	  0	  0	  0	  0	  0	  0	  0	 87	 63	 33	 72	  0	 65	  0	  0	  0	  0	  0	  0	  0	  0	  0	  0	  0	  5	21823	  0
24-12-2015	04:07:51	<-	L	00000000	 22	 92	 64	 29	  0	104	  0	  4	  4	  4	  4	  4	  4	  4	  4	  0	  0	  0	  0	  0	  0	  0	  0	  0	  0	  0	  0	  0	  0	  0	  0	  0	  0	  0	  0	  0	  0	  0	  0	 92	 64	 29	 73	  0	 65	  0	  0	  0	  0	  0	  0	  0	  0	  0	  0	  0	  5	21823	  0
24-12-2015	04:12:51	<-	L	00000000	 22	 86	 63	 33	  0	109	  0	  4	  4	  4	  4	  4	  4	  4	  4	  0	  0	  0	  0	  0	  0	  0	  0	  0	  0	  0	  0	  0	  0	  0	  0	  0	  0	  0	  0	  0	  0	  0	  0	 86	 63	 33	 72	  0	 65	  0	  0	  0	  0	  0	  0	  0	  0	  0	  0	  0	  5	21823	  0
24-12-2015	04:17:51	<-	L	00000000	 22	 83	 63	 40	  0	114	  0	  4	  4	  4	  4	  4	  4	  4	  4	  0	  0	  0	  0	  0	  0	  0	  0	  0	  0	  0	  0	  0	  0	  0	  0	  0	  0	  0	  0	  0	  0	  0	  0	 83	 63	 39	 71	  0	 68	  0	  0	  0	  0	  0	  0	  0	  0	  0	  0	  0	  5	21823	  0
24-12-2015	04:22:51	<-	L	00000000	 22	 91	 64	 31	  0	119	  0	  4	  4	  4	  4	  4	  4	  4	  4	  0	  0	  0	  0	  0	  0	  0	  0	  0	  0	  0	  0	  0	  0	  0	  0	  0	  0	  0	  0	  0	  0	  0	  0	 91	 64	 29	 73	  0	 65	  0	  0	  0	  0	  0	  0	  0	  0	  0	  0	  0	  5	21823	  0
24-12-2015	04:27:51	<-	L	00000000	 22	 88	 63	 31	  0	124	  0	  4	  4	  4	  4	  4	  4	  4	  4	  0	  0	  0	  0	  0	  0	  0	  0	  0	  0	  0	  0	  0	  0	  0	  0	  0	  0	  0	  0	  0	  0	  0	  0	 88	 63	 31	 73	  0	 61	  0	  0	  0	  0	  0	  0	  0	  0	  0	  0	  0	  5	21823	  0
24-12-2015	04:32:52	<-	L	00000000	 22	 82	 63	 38	  0	129	  0	  4	  4	  4	  4	  4	  4	  4	  4	  0	  0	  0	  0	  0	  0	  0	  0	  0	  0	  0	  0	  0	  0	  0	  0	  0	  0	  0	  0	  0	  0	  0	  0	 82	 63	 40	 71	  0	 68	  0	  0	  0	  0	  0	  0	  0	  0	  0	  0	  0	  5	21823	  0
24-12-2015	04:37:52	<-	L	00000000	 22	 90	 64	 31	  0	134	  0	  4	  4	  4	  4	  4	  4	  4	  4	  0	  0	  0	  0	  0	  0	  0	  0	  0	  0	  0	  0	  0	  0	  0	  0	  0	  0	  0	  0	  0	  0	  0	  0	 90	 64	 31	 73	  0	 65	  0	  0	  0	  0	  0	  0	  0	  0	  0	  0	  0	  5	21823	  0
24-12-2015	04:42:52	<-	L	00000000	 22	 89	 63	 29	  0	139	  0	  4	  4	  4	  4	  4	  4	  4	  4	  0	  0	  0	  0	  0	  0	  0	  0	  0	  0	  0	  0	  0	  0	  0	  0	  0	  0	  0	  0	  0	  0	  0	  0	 89	 63	 31	 73	  0	 61	  0	  0	  0	  0	  0	  0	  0	  0	  0	  0	  0	  5	21823	  0
24-12-2015	04:47:52	<-	L	00000000	 22	 84	 62	 33	  0	144	  0	  4	  4	  4	  4	  4	  4	  4	  4	  0	  0	  0	  0	  0	  0	  0	  0	  0	  0	  0	  0	  0	  0	  0	  0	  0	  0	  0	  0	  0	  0	  0	  0	 84	 62	 35	 72	  0	 61	  0	  0	  0	  0	  0	  0	  0	  0	  0	  0	  0	  5	21823	  0
24-12-2015	04:52:52	<-	L	00000000	 22	 84	 63	 40	  0	149	  0	  4	  4	  4	  4	  4	  4	  4	  4	  0	  0	  0	  0	  0	  0	  0	  0	  0	  0	  0	  0	  0	  0	  0	  0	  0	  0	  0	  0	  0	  0	  0	  0	 84	 63	 36	 71	  0	 68	  0	  0	  0	  0	  0	  0	  0	  0	  0	  0	  0	  5	21823	  0
24-12-2015	04:57:52	<-	L	00000000	 22	 92	 64	 29	  0	154	  0	  4	  4	  4	  4	  4	  4	  4	  4	  0	  0	  0	  0	  0	  0	  0	  0	  0	  0	  0	  0	  0	  0	  0	  0	  0	  0	  0	  0	  0	  0	  0	  0	 92	 64	 29	 74	  0	 62	  0	  0	  0	  0	  0	  0	  0	  0	  0	  0	  0	  5	21823	  0
24-12-2015	05:02:52	<-	L	00000000	 22	 89	 63	 29	  0	159	  0	  4	  4	  4	  4	  4	  4	  4	  4	  0	  0	  0	  0	  0	  0	  0	  0	  0	  0	  0	  0	  0	  0	  0	  0	  0	  0	  0	  0	  0	  0	  0	  0	 89	 63	 31	 73	  0	 61	  0	  0	  0	  0	  0	  0	  0	  0	  0	  0	  0	  5	21823	  0
24-12-2015	05:07:53	<-	L	00000000	 22	 84	 62	 36	  0	164	  0	  4	  4	  4	  4	  4	  4	  4	  4	  0	  0	  0	  0	  0	  0	  0	  0	  0	  0	  0	  0	  0	  0	  0	  0	  0	  0	  0	  0	  0	  0	  0	  0	 84	 62	 35	 72	  0	 61	  0	  0	  0	  0	  0	  0	  0	  0	  0	  0	  0	  5	21823	  0
24-12-2015	05:12:52	<-	L	00000000	 22	 88	 63	 33	  0	169	  0	  4	  4	  4	  4	  4	  4	  4	  4	  0	  0	  0	  0	  0	  0	  0	  0	  0	  0	  0	  0	  0	  0	  0	  0	  0	  0	  0	  0	  0	  0	  0	  0	 88	 63	 31	 72	  0	 65	  0	  0	  0	  0	  0	  0	  0	  0	  0	  0	  0	  5	21823	  0
24-12-2015	05:17:52	<-	L	00000000	 22	 90	 64	 29	  0	174	  0	  4	  4	  4	  4	  4	  4	  4	  4	  0	  0	  0	  0	  0	  0	  0	  0	  0	  0	  0	  0	  0	  0	  0	  0	  0	  0	  0	  0	  0	  0	  0	  0	 90	 64	 31	 73	  0	 65	  0	  0	  0	  0	  0	  0	  0	  0	  0	  0	  0	  5	21823	  0
24-12-2015	05:22:52	<-	L	00000000	 22	 84	 63	 36	  0	179	  0	  4	  4	  4	  4	  4	  4	  4	  4	  0	  0	  0	  0	  0	  0	  0	  0	  0	  0	  0	  0	  0	  0	  0	  0	  0	  0	  0	  0	  0	  0	  0	  0	 84	 63	 36	 72	  0	 65	  0	  0	  0	  0	  0	  0	  0	  0	  0	  0	  0	  5	21823	  0
24-12-2015	05:27:52	<-	L	00000000	 22	 86	 63	 36	  0	184	  0	  4	  4	  4	  4	  4	  4	  4	  4	  0	  0	  0	  0	  0	  0	  0	  0	  0	  0	  0	  0	  0	  0	  0	  0	  0	  0	  0	  0	  0	  0	  0	  0	 86	 63	 33	 71	  0	 68	  0	  0	  0	  0	  0	  0	  0	  0	  0	  0	  0	  5	21823	  0
24-12-2015	05:32:52	<-	L	00000000	 22	 91	 64	 29	  0	189	  0	  4	  4	  4	  4	  4	  4	  4	  4	  0	  0	  0	  0	  0	  0	  0	  0	  0	  0	  0	  0	  0	  0	  0	  0	  0	  0	  0	  0	  0	  0	  0	  0	 91	 64	 29	 73	  0	 65	  0	  0	  0	  0	  0	  0	  0	  0	  0	  0	  0	  5	21823	  0
24-12-2015	05:37:52	<-	L	00000000	 22	 84	 62	 36	  0	194	  0	  4	  4	  4	  4	  4	  4	  4	  4	  0	  0	  0	  0	  0	  0	  0	  0	  0	  0	  0	  0	  0	  0	  0	  0	  0	  0	  0	  0	  0	  0	  0	  0	 84	 62	 35	 71	  0	 64	  0	  0	  0	  0	  0	  0	  0	  0	  0	  0	  0	  5	21823	  0
24-12-2015	05:42:53	<-	L	00000000	 22	 86	 63	 36	  0	199	  0	  4	  4	  4	  4	  4	  4	  4	  4	  0	  0	  0	  0	  0	  0	  0	  0	  0	  0	  0	  0	  0	  0	  0	  0	  0	  0	  0	  0	  0	  0	  0	  0	 86	 63	 33	 71	  0	 68	  0	  0	  0	  0	  0	  0	  0	  0	  0	  0	  0	  5	21823	  0
24-12-2015	05:47:53	<-	L	00000000	 22	 91	 64	 29	  0	204	  0	  4	  4	  4	  4	  4	  4	  4	  4	  0	  0	  0	  0	  0	  0	  0	  0	  0	  0	  0	  0	  0	  0	  0	  0	  0	  0	  0	  0	  0	  0	  0	  0	 91	 64	 29	 73	  0	 65	  0	  0	  0	  0	  0	  0	  0	  0	  0	  0	  0	  5	21823	  0
24-12-2015	05:52:53	<-	L	00000000	 22	 86	 62	 33	  0	209	  0	  4	  4	  4	  4	  4	  4	  4	  4	  0	  0	  0	  0	  0	  0	  0	  0	  0	  0	  0	  0	  0	  0	  0	  0	  0	  0	  0	  0	  0	  0	  0	  0	 86	 62	 33	 72	  0	 61	  0	  0	  0	  0	  0	  0	  0	  0	  0	  0	  0	  5	21823	  0
24-12-2015	05:57:53	<-	L	00000000	 22	 82	 63	 38	  0	214	  0	  4	  4	  4	  4	  4	  4	  4	  4	  0	  0	  0	  0	  0	  0	  0	  0	  0	  0	  0	  0	  0	  0	  0	  0	  0	  0	  0	  0	  0	  0	  0	  0	 82	 63	 40	 71	  0	 68	  0	  0	  0	  0	  0	  0	  0	  0	  0	  0	  0	  5	21823	  0
24-12-2015	06:02:53	<-	L	00000000	 22	 90	 63	 31	  0	219	  0	  4	  4	  4	  4	  4	  4	  4	  4	  0	  0	  0	  0	  0	  0	  0	  0	  0	  0	  0	  0	  0	  0	  0	  0	  0	  0	  0	  0	  0	  0	  0	  0	 90	 63	 29	 72	  0	 65	  0	  0	  0	  0	  0	  0	  0	  0	  0	  0	  0	  5	21823	  0
24-12-2015	06:07:53	<-	L	00000000	 22	 90	 64	 29	  0	224	  0	  4	  4	  4	  4	  4	  4	  4	  4	  0	  0	  0	  0	  0	  0	  0	  0	  0	  0	  0	  0	  0	  0	  0	  0	  0	  0	  0	  0	  0	  0	  0	  0	 90	 64	 31	 73	  0	 65	  0	  0	  0	  0	  0	  0	  0	  0	  0	  0	  0	  5	21823	  0
24-12-2015	06:12:54	<-	L	00000000	 22	 83	 63	 36	  0	229	  0	  4	  4	  4	  4	  4	  4	  4	  4	  0	  0	  0	  0	  0	  0	  0	  0	  0	  0	  0	  0	  0	  0	  0	  0	  0	  0	  0	  0	  0	  0	  0	  0	 83	 63	 39	 71	  0	 68	  0	  0	  0	  0	  0	  0	  0	  0	  0	  0	  0	  5	21823	  0
24-12-2015	06:17:53	<-	L	00000000	 22	 90	 63	 31	  0	234	  0	  4	  4	  4	  4	  4	  4	  4	  4	  0	  0	  0	  0	  0	  0	  0	  0	  0	  0	  0	  0	  0	  0	  0	  0	  0	  0	  0	  0	  0	  0	  0	  0	 90	 63	 29	 72	  0	 65	  0	  0	  0	  0	  0	  0	  0	  0	  0	  0	  0	  5	21823	  0
24-12-2015	06:22:53	<-	L	00000000	 22	 91	 64	 29	  0	239	  0	  4	  4	  4	  4	  4	  4	  4	  4	  0	  0	  0	  0	  0	  0	  0	  0	  0	  0	  0	  0	  0	  0	  0	  0	  0	  0	  0	  0	  0	  0	  0	  0	 91	 64	 29	 73	  0	 65	  0	  0	  0	  0	  0	  0	  0	  0	  0	  0	  0	  5	21823	  0
24-12-2015	06:27:53	<-	L	00000000	 22	 83	 62	 35	  0	244	  0	  4	  4	  4	  4	  4	  4	  4	  4	  0	  0	  0	  0	  0	  0	  0	  0	  0	  0	  0	  0	  0	  0	  0	  0	  0	  0	  0	  0	  0	  0	  0	  0	 83	 62	 36	 71	  0	 64	  0	  0	  0	  0	  0	  0	  0	  0	  0	  0	  0	  5	21823	  0
24-12-2015	06:32:53	->	L	00000000	 22	 90	 63	 29	  0	249	  0	  4	  4	  4	  4	  4	  4	  4	  4	  0	  0	  0	  0	  0	  0	  0	  0	  0	  0	  0	  0	  0	  0	  0	  0	  0	  0	  0	  0	  0	  0	  0	  0	 78	 63	 49	 90	  0	 29	  0	  0	  0	  0	  0	  0	  0	  0	  0	  0	  0	  5	21823	  0
24-12-2015	06:37:53	->	L	00000000	 22	 88	 63	 31	  0	254	  0	  4	  4	  4	  4	  4	  4	  4	  4	  0	  0	  0	  0	  0	  0	  0	  0	  0	  0	  0	  0	  0	  0	  0	  0	  0	  0	  0	  0	  0	  0	  0	  0	 76	 63	 53	 88	  0	 31	  0	  0	  0	  0	  0	  0	  0	  0	  0	  0	  0	  5	21823	  0
24-12-2015	06:42:53	->	L	00000000	 22	 84	 63	 36	  0	259	  0	  4	  4	  4	  4	  4	  4	  4	  4	  0	  0	  0	  0	  0	  0	  0	  0	  0	  0	  0	  0	  0	  0	  0	  0	  0	  0	  0	  0	  0	  0	  0	  0	 74	 63	 58	 84	  0	 36	  0	  0	  0	  0	  0	  0	  0	  0	  0	  0	  0	  5	21823	  0
24-12-2015	06:47:53	->	L	00000000	 22	 82	 63	 40	  0	264	  0	  4	  4	  4	  4	  4	  4	  4	  4	  0	  0	  0	  0	  0	  0	  0	  0	  0	  0	  0	  0	  0	  0	  0	  0	  0	  0	  0	  0	  0	  0	  0	  0	 73	 63	 61	 82	  0	 40	  0	  0	  0	  0	  0	  0	  0	  0	  0	  0	  0	  5	21823	  0
24-12-2015	06:52:53	->	L	00000000	 22	 87	 63	 33	  0	269	  0	  4	  4	  4	  4	  4	  4	  4	  4	  0	  0	  0	  0	  0	  0	  0	  0	  0	  0	  0	  0	  0	  0	  0	  0	  0	  0	  0	  0	  0	  0	  0	  0	 74	 63	 58	 87	  0	 33	  0	  0	  0	  0	  0	  0	  0	  0	  0	  0	  0	  5	21823	  0
24-12-2015	06:57:54	->	L	00000000	 22	 89	 63	 31	  0	274	  0	  4	  4	  4	  4	  4	  4	  4	  4	  0	  0	  0	  0	  0	  0	  0	  0	  0	  0	  0	  0	  0	  0	  0	  0	  0	  0	  0	  0	  0	  0	  0	  0	 75	 63	 56	 89	  0	 31	  0	  0	  0	  0	  0	  0	  0	  0	  0	  0	  0	  5	21823	  0
24-12-2015	07:02:54	->	L	00000000	 22	 87	 63	 31	  0	279	  0	  4	  4	  4	  4	  4	  4	  4	  4	  0	  0	  0	  0	  0	  0	  0	  0	  0	  0	  0	  0	  0	  0	  0	  0	  0	  0	  0	  0	  0	  0	  0	  0	 75	 63	 56	 87	  0	 33	  0	  0	  0	  0	  0	  0	  0	  0	  0	  0	  0	  5	21823	  0
24-12-2015	07:07:54	->	L	00000000	 22	 83	 63	 36	  0	284	  0	  4	  4	  4	  4	  4	  4	  4	  4	  0	  0	  0	  0	  0	  0	  0	  0	  0	  0	  0	  0	  0	  0	  0	  0	  0	  0	  0	  0	  0	  0	  0	  0	 73	 63	 61	 83	  0	 39	  0	  0	  0	  0	  0	  0	  0	  0	  0	  0	  0	  5	21823	  0
24-12-2015	07:12:54	->	L	00000000	 22	 84	 63	 39	  0	289	  0	  4	  4	  4	  4	  4	  4	  4	  4	  0	  0	  0	  0	  0	  0	  0	  0	  0	  0	  0	  0	  0	  0	  0	  0	  0	  0	  0	  0	  0	  0	  0	  0	 73	 63	 61	 84	  0	 36	  0	  0	  0	  0	  0	  0	  0	  0	  0	  0	  0	  5	21823	  0
24-12-2015	07:17:55	->	L	00000000	 22	 88	 63	 33	  0	294	  0	  4	  4	  4	  4	  4	  4	  4	  4	  0	  0	  0	  0	  0	  0	  0	  0	  0	  0	  0	  0	  0	  0	  0	  0	  0	  0	  0	  0	  0	  0	  0	  0	 75	 63	 56	 88	  0	 31	  0	  0	  0	  0	  0	  0	  0	  0	  0	  0	  0	  5	21823	  0
24-12-2015	07:22:54	->	L	00000000	 22	 89	 63	 31	  0	299	  0	  4	  4	  4	  4	  4	  4	  4	  4	  0	  0	  0	  0	  0	  0	  0	  0	  0	  0	  0	  0	  0	  0	  0	  0	  0	  0	  0	  0	  0	  0	  0	  0	 74	 63	 58	 89	  0	 31	  0	  0	  0	  0	  0	  0	  0	  0	  0	  0	  0	  5	21823	  0
24-12-2015	07:27:54	->	L	00000000	 22	 86	 63	 33	  0	304	  0	  4	  4	  4	  4	  4	  4	  4	  4	  0	  0	  0	  0	  0	  0	  0	  0	  0	  0	  0	  0	  0	  0	  0	  0	  0	  0	  0	  0	  0	  0	  0	  0	 74	 63	 58	 86	  0	 33	  0	  0	  0	  0	  0	  0	  0	  0	  0	  0	  0	  5	21823	  0
24-12-2015	07:32:54	->	L	00000000	 22	 83	 63	 39	  0	309	  0	  4	  4	  4	  4	  4	  4	  4	  4	  0	  0	  0	  0	  0	  0	  0	  0	  0	  0	  0	  0	  0	  0	  0	  0	  0	  0	  0	  0	  0	  0	  0	  0	 73	 63	 61	 83	  0	 39	  0	  0	  0	  0	  0	  0	  0	  0	  0	  0	  0	  5	21823	  0
24-12-2015	07:37:54	->	L	00000000	 22	 86	 63	 36	  0	314	  0	  4	  4	  4	  4	  4	  4	  4	  4	  0	  0	  0	  0	  0	  0	  0	  0	  0	  0	  0	  0	  0	  0	  0	  0	  0	  0	  0	  0	  0	  0	  0	  0	 74	 63	 58	 86	  0	 33	  0	  0	  0	  0	  0	  0	  0	  0	  0	  0	  0	  5	21823	  0
24-12-2015	07:42:54	->	L	00000000	 22	 89	 63	 31	  0	319	  0	  4	  4	  4	  4	  4	  4	  4	  4	  0	  0	  0	  0	  0	  0	  0	  0	  0	  0	  0	  0	  0	  0	  0	  0	  0	  0	  0	  0	  0	  0	  0	  0	 75	 63	 56	 89	  0	 31	  0	  0	  0	  0	  0	  0	  0	  0	  0	  0	  0	  5	21823	  0
24-12-2015	07:47:54	->	L	00000000	 22	 87	 63	 31	  0	324	  0	  4	  4	  4	  4	  4	  4	  4	  4	  0	  0	  0	  0	  0	  0	  0	  0	  0	  0	  0	  0	  0	  0	  0	  0	  0	  0	  0	  0	  0	  0	  0	  0	 74	 63	 58	 87	  0	 33	  0	  0	  0	  0	  0	  0	  0	  0	  0	  0	  0	  5	21823	  0
24-12-2015	07:52:54	->	L	00000000	 22	 84	 63	 36	  0	329	  0	  4	  4	  4	  4	  4	  4	  4	  4	  0	  0	  0	  0	  0	  0	  0	  0	  0	  0	  0	  0	  0	  0	  0	  0	  0	  0	  0	  0	  0	  0	  0	  0	 73	 63	 61	 84	  0	 36	  0	  0	  0	  0	  0	  0	  0	  0	  0	  0	  0	  5	21823	  0
24-12-2015	07:57:54	->	L	00000000	 22	 83	 63	 39	  0	334	  0	  4	  4	  4	  4	  4	  4	  4	  4	  0	  0	  0	  0	  0	  0	  0	  0	  0	  0	  0	  0	  0	  0	  0	  0	  0	  0	  0	  0	  0	  0	  0	  0	 73	 63	 61	 83	  0	 39	  0	  0	  0	  0	  0	  0	  0	  0	  0	  0	  0	  5	21823	  0
24-12-2015	08:02:54	->	L	00000000	 22	 86	 63	 33	  0	339	  0	  4	  4	  4	  4	  4	  4	  4	  4	  0	  0	  0	  0	  0	  0	  0	  0	  0	  0	  0	  0	  0	  0	  0	  0	  0	  0	  0	  0	  0	  0	  0	  0	 74	 63	 58	 86	  0	 33	  0	  0	  0	  0	  0	  0	  0	  0	  0	  0	  0	  5	21823	  0
24-12-2015	08:07:54	->	L	00000000	 22	 88	 63	 34	  0	344	  0	  4	  4	  4	  4	  4	  4	  4	  4	  0	  0	  0	  0	  0	  0	  0	  0	  0	  0	  0	  0	  0	  0	  0	  0	  0	  0	  0	  0	  0	  0	  0	  0	 75	 63	 56	 88	  0	 31	  0	  0	  0	  0	  0	  0	  0	  0	  0	  0	  0	  5	21823	  0
24-12-2015	08:12:55	->	L	00000000	 22	 85	 63	 36	  0	349	  0	  4	  4	  4	  4	  4	  4	  4	  4	  0	  0	  0	  0	  0	  0	  0	  0	  0	  0	  0	  0	  0	  0	  0	  0	  0	  0	  0	  0	  0	  0	  0	  0	 74	 63	 58	 85	  0	 36	  0	  0	  0	  0	  0	  0	  0	  0	  0	  0	  0	  5	21823	  0
24-12-2015	08:17:55	->	L	00000000	 22	 82	 63	 40	  0	354	  0	  4	  4	  4	  4	  4	  4	  4	  4	  0	  0	  0	  0	  0	  0	  0	  0	  0	  0	  0	  0	  0	  0	  0	  0	  0	  0	  0	  0	  0	  0	  0	  0	 72	 63	 61	 82	  0	 40	  0	  0	  0	  0	  0	  0	  0	  0	  0	  0	  0	  5	21823	  0
24-12-2015	08:22:56	->	L	00000000	 22	 85	 63	 36	  0	359	  0	  4	  4	  4	  4	  4	  4	  4	  4	  0	  0	  0	  0	  0	  0	  0	  0	  0	  0	  0	  0	  0	  0	  0	  0	  0	  0	  0	  0	  0	  0	  0	  0	 73	 63	 61	 85	  0	 36	  0	  0	  0	  0	  0	  0	  0	  0	  0	  0	  0	  5	21823	  0
24-12-2015	08:27:55	->	L	00000000	 23	 88	 62	 29	  0	  3	  0	  4	  4	  4	  4	  4	  4	  4	  4	  0	  0	  0	  0	  0	  0	  0	  0	  0	  0	  0	  0	  0	  0	  0	  0	  0	  0	  0	  0	  0	  0	  0	  0	 74	 62	 56	 88	  0	 31	  0	  0	  0	  0	  0	  0	  0	  0	  0	  0	  0	  5	21822	  0
24-12-2015	08:32:55	->	L	00000000	 23	 85	 63	 33	  0	  8	  0	  4	  4	  4	  4	  4	  4	  4	  4	  0	  0	  0	  0	  0	  0	  0	  0	  0	  0	  0	  0	  0	  0	  0	  0	  0	  0	  0	  0	  0	  0	  0	  0	 74	 63	 58	 85	  0	 36	  0	  0	  0	  0	  0	  0	  0	  0	  0	  0	  0	  5	21822	  0
24-12-2015	08:37:55	->	L	00000000	 23	 82	 62	 36	  0	 13	  0	  4	  4	  4	  4	  4	  4	  4	  4	  0	  0	  0	  0	  0	  0	  0	  0	  0	  0	  0	  0	  0	  0	  0	  0	  0	  0	  0	  0	  0	  0	  0	  0	 72	 62	 61	 82	  0	 38	  0	  0	  0	  0	  0	  0	  0	  0	  0	  0	  0	  5	21822	  0
24-12-2015	08:42:55	->	L	00000000	 23	 84	 63	 36	  0	 18	  0	  4	  4	  4	  4	  4	  4	  4	  4	  0	  0	  0	  0	  0	  0	  0	  0	  0	  0	  0	  0	  0	  0	  0	  0	  0	  0	  0	  0	  0	  0	  0	  0	 73	 63	 61	 84	  0	 36	  0	  0	  0	  0	  0	  0	  0	  0	  0	  0	  0	  5	21822	  0
24-12-2015	08:47:55	->	L	00000000	 23	 87	 62	 33	  0	 23	  0	  4	  4	  4	  4	  4	  4	  4	  4	  0	  0	  0	  0	  0	  0	  0	  0	  0	  0	  0	  0	  0	  0	  0	  0	  0	  0	  0	  0	  0	  0	  0	  0	 73	 62	 58	 88	  0	 31	  0	  0	  0	  0	  0	  0	  0	  0	  0	  0	  0	  5	21822	  0
24-12-2015	08:52:55	->	L	00000000	 23	 89	 63	 29	  0	 28	  0	  4	  4	  4	  4	  4	  4	  4	  4	  0	  0	  0	  0	  0	  0	  0	  0	  0	  0	  0	  0	  0	  0	  0	  0	  0	  0	  0	  0	  0	  0	  0	  0	 75	 63	 56	 89	  0	 31	  0	  0	  0	  0	  0	  0	  0	  0	  0	  0	  0	  5	21822	  0
24-12-2015	08:57:55	->	L	00000000	 23	 85	 61	 30	  0	 33	  0	  4	  4	  4	  4	  4	  4	  4	  4	  0	  0	  0	  0	  0	  0	  0	  0	  0	  0	  0	  0	  0	  0	  0	  0	  0	  0	  0	  0	  0	  0	  0	  0	 73	 61	 55	 85	  0	 32	  0	  0	  0	  0	  0	  0	  0	  0	  0	  0	  0	  5	21822	  0
24-12-2015	09:02:55	->	L	00000000	 23	 82	 62	 36	  0	 38	  0	  4	  4	  4	  4	  4	  4	  4	  4	  0	  0	  0	  0	  0	  0	  0	  0	  0	  0	  0	  0	  0	  0	  0	  0	  0	  0	  0	  0	  0	  0	  0	  0	 73	 62	 58	 83	  0	 38	  0	  0	  0	  0	  0	  0	  0	  0	  0	  0	  0	  5	21822	  0
24-12-2015	09:07:55	->	L	00000000	 23	 87	 63	 33	  0	 43	  0	  4	  4	  4	  4	  4	  4	  4	  4	  0	  0	  0	  0	  0	  0	  0	  0	  0	  0	  0	  0	  0	  0	  0	  0	  0	  0	  0	  0	  0	  0	  0	  0	 73	 63	 61	 87	  0	 33	  0	  0	  0	  0	  0	  0	  0	  0	  0	  0	  0	  5	21822	  0
24-12-2015	09:12:55	->	L	00000000	 23	 89	 62	 29	  0	 48	  0	  4	  4	  4	  4	  4	  4	  4	  4	  0	  0	  0	  0	  0	  0	  0	  0	  0	  0	  0	  0	  0	  0	  0	  0	  0	  0	  0	  0	  0	  0	  0	  0	 74	 62	 56	 89	  0	 29	  0	  0	  0	  0	  0	  0	  0	  0	  0	  0	  0	  5	21822	  0
24-12-2015	09:17:56	->	L	00000000	 23	 85	 62	 33	  0	 53	  0	  4	  4	  4	  4	  4	  4	  4	  4	  0	  0	  0	  0	  0	  0	  0	  0	  0	  0	  0	  0	  0	  0	  0	  0	  0	  0	  0	  0	  0	  0	  0	  0	 73	 62	 58	 85	  0	 33	  0	  0	  0	  0	  0	  0	  0	  0	  0	  0	  0	  5	21822	  0
24-12-2015	09:22:56	->	L	00000000	 23	 83	 62	 36	  0	 58	  0	  4	  4	  4	  4	  4	  4	  4	  4	  0	  0	  0	  0	  0	  0	  0	  0	  0	  0	  0	  0	  0	  0	  0	  0	  0	  0	  0	  0	  0	  0	  0	  0	 72	 62	 61	 83	  0	 36	  0	  0	  0	  0	  0	  0	  0	  0	  0	  0	  0	  5	21822	  0
24-12-2015	09:27:56	->	L	00000000	 23	 86	 62	 33	  0	 63	  0	  4	  4	  4	  4	  4	  4	  4	  4	  0	  0	  0	  0	  0	  0	  0	  0	  0	  0	  0	  0	  0	  0	  0	  0	  0	  0	  0	  0	  0	  0	  0	  0	 73	 62	 58	 86	  0	 33	  0	  0	  0	  0	  0	  0	  0	  0	  0	  0	  0	  5	21822	  0
24-12-2015	09:32:56	->	L	00000000	 23	 89	 63	 31	  0	 68	  0	  4	  4	  4	  4	  4	  4	  4	  4	  0	  0	  0	  0	  0	  0	  0	  0	  0	  0	  0	  0	  0	  0	  0	  0	  0	  0	  0	  0	  0	  0	  0	  0	 75	 63	 56	 89	  0	 31	  0	  0	  0	  0	  0	  0	  0	  0	  0	  0	  0	  5	21822	  0
24-12-2015	09:37:56	->	L	00000000	 23	 86	 62	 31	  0	 73	  0	  4	  4	  4	  4	  4	  4	  4	  4	  0	  0	  0	  0	  0	  0	  0	  0	  0	  0	  0	  0	  0	  0	  0	  0	  0	  0	  0	  0	  0	  0	  0	  0	 73	 62	 58	 86	  0	 33	  0	  0	  0	  0	  0	  0	  0	  0	  0	  0	  0	  5	21822	  0
24-12-2015	09:42:56	->	L	00000000	 23	 83	 62	 36	  0	 78	  0	  4	  4	  4	  4	  4	  4	  4	  4	  0	  0	  0	  0	  0	  0	  0	  0	  0	  0	  0	  0	  0	  0	  0	  0	  0	  0	  0	  0	  0	  0	  0	  0	 73	 62	 58	 83	  0	 36	  0	  0	  0	  0	  0	  0	  0	  0	  0	  0	  0	  5	21822	  0
24-12-2015	09:47:56	->	L	00000000	 23	 86	 63	 33	  0	 83	  0	  4	  4	  4	  4	  4	  4	  4	  4	  0	  0	  0	  0	  0	  0	  0	  0	  0	  0	  0	  0	  0	  0	  0	  0	  0	  0	  0	  0	  0	  0	  0	  0	 74	 63	 58	 86	  0	 33	  0	  0	  0	  0	  0	  0	  0	  0	  0	  0	  0	  5	21822	  0
24-12-2015	09:52:56	->	L	00000000	 23	 89	 63	 31	  0	 88	  0	  4	  4	  4	  4	  4	  4	  4	  4	  0	  0	  0	  0	  0	  0	  0	  0	  0	  0	  0	  0	  0	  0	  0	  0	  0	  0	  0	  0	  0	  0	  0	  0	 74	 63	 58	 89	  0	 31	  0	  0	  0	  0	  0	  0	  0	  0	  0	  0	  0	  5	21822	  0
24-12-2015	09:57:56	->	L	00000000	 23	 88	 62	 31	  0	 93	  0	  4	  4	  4	  4	  4	  4	  4	  4	  0	  0	  0	  0	  0	  0	  0	  0	  0	  0	  0	  0	  0	  0	  0	  0	  0	  0	  0	  0	  0	  0	  0	  0	 74	 62	 56	 88	  0	 31	  0	  0	  0	  0	  0	  0	  0	  0	  0	  0	  0	  5	21822	  0
24-12-2015	10:02:56	->	L	00000000	 23	 84	 62	 33	  0	 98	  0	  4	  4	  4	  4	  4	  4	  4	  4	  0	  0	  0	  0	  0	  0	  0	  0	  0	  0	  0	  0	  0	  0	  0	  0	  0	  0	  0	  0	  0	  0	  0	  0	 73	 62	 58	 84	  0	 35	  0	  0	  0	  0	  0	  0	  0	  0	  0	  0	  0	  5	21822	  0
24-12-2015	10:07:56	->	L	00000000	 23	 83	 62	 38	  0	103	  0	  4	  4	  4	  4	  4	  4	  4	  4	  0	  0	  0	  0	  0	  0	  0	  0	  0	  0	  0	  0	  0	  0	  0	  0	  0	  0	  0	  0	  0	  0	  0	  0	 73	 62	 58	 83	  0	 36	  0	  0	  0	  0	  0	  0	  0	  0	  0	  0	  0	  5	21822	  0
24-12-2015	10:12:56	->	L	00000000	 23	 87	 63	 33	  0	108	  0	  4	  4	  4	  4	  4	  4	  4	  4	  0	  0	  0	  0	  0	  0	  0	  0	  0	  0	  0	  0	  0	  0	  0	  0	  0	  0	  0	  0	  0	  0	  0	  0	 74	 63	 58	 87	  0	 33	  0	  0	  0	  0	  0	  0	  0	  0	  0	  0	  0	  5	21822	  0
24-12-2015	10:17:56	->	L	00000000	 23	 89	 62	 31	  0	113	  0	  4	  4	  4	  4	  4	  4	  4	  4	  0	  0	  0	  0	  0	  0	  0	  0	  0	  0	  0	  0	  0	  0	  0	  0	  0	  0	  0	  0	  0	  0	  0	  0	 75	 62	 53	 89	  0	 29	  0	  0	  0	  0	  0	  0	  0	  0	  0	  0	  0	  5	21822	  0
24-12-2015	10:22:56	->	L	00000000	 23	 87	 62	 31	  0	118	  0	  4	  4	  4	  4	  4	  4	  4	  4	  0	  0	  0	  0	  0	  0	  0	  0	  0	  0	  0	  0	  0	  0	  0	  0	  0	  0	  0	  0	  0	  0	  0	  0	 74	 62	 56	 87	  0	 31	  0	  0	  0	  0	  0	  0	  0	  0	  0	  0	  0	  5	21822	  0
24-12-2015	10:27:57	->	L	00000000	 23	 85	 62	 33	  0	123	  0	  4	  4	  4	  4	  4	  4	  4	  4	  0	  0	  0	  0	  0	  0	  0	  0	  0	  0	  0	  0	  0	  0	  0	  0	  0	  0	  0	  0	  0	  0	  0	  0	 74	 62	 56	 85	  0	 33	  0	  0	  0	  0	  0	  0	  0	  0	  0	  0	  0	  5	21822	  0
24-12-2015	10:32:56	<-	L	00000000	 23	 91	 63	 28	  0	128	  0	  4	  4	  4	  4	  4	  4	  4	  4	  0	  0	  0	  0	  0	  0	  0	  0	  0	  0	  0	  0	  0	  0	  0	  0	  0	  0	  0	  0	  0	  0	  0	  0	 91	 63	 28	 79	  0	 47	  0	  0	  0	  0	  0	  0	  0	  0	  0	  0	  0	  5	21822	  0
24-12-2015	10:37:57	<-	L	00000000	 23	 87	 62	 31	  0	133	  0	  4	  4	  4	  4	  4	  4	  4	  4	  0	  0	  0	  0	  0	  0	  0	  0	  0	  0	  0	  0	  0	  0	  0	  0	  0	  0	  0	  0	  0	  0	  0	  0	 87	 62	 31	 75	  0	 53	  0	  0	  0	  0	  0	  0	  0	  0	  0	  0	  0	  5	21822	  0
24-12-2015	10:42:57	<-	L	00000000	 23	 83	 63	 39	  0	138	  0	  4	  4	  4	  4	  4	  4	  4	  4	  0	  0	  0	  0	  0	  0	  0	  0	  0	  0	  0	  0	  0	  0	  0	  0	  0	  0	  0	  0	  0	  0	  0	  0	 83	 63	 39	 73	  0	 61	  0	  0	  0	  0	  0	  0	  0	  0	  0	  0	  0	  5	21822	  0
24-12-2015	10:47:57	<-	L	00000000	 23	 91	 63	 28	  0	143	  0	  4	  4	  4	  4	  4	  4	  4	  4	  0	  0	  0	  0	  0	  0	  0	  0	  0	  0	  0	  0	  0	  0	  0	  0	  0	  0	  0	  0	  0	  0	  0	  0	 91	 63	 28	 75	  0	 56	  0	  0	  0	  0	  0	  0	  0	  0	  0	  0	  0	  5	21822	  0
24-12-2015	10:52:57	<-	L	00000000	 23	 87	 62	 31	  0	148	  0	  4	  4	  4	  4	  4	  4	  4	  4	  0	  0	  0	  0	  0	  0	  0	  0	  0	  0	  0	  0	  0	  0	  0	  0	  0	  0	  0	  0	  0	  0	  0	  0	 87	 62	 31	 74	  0	 56	  0	  0	  0	  0	  0	  0	  0	  0	  0	  0	  0	  5	21822	  0
24-12-2015	10:57:57	<-	L	00000000	 23	 82	 62	 36	  0	153	  0	  4	  4	  4	  4	  4	  4	  4	  4	  0	  0	  0	  0	  0	  0	  0	  0	  0	  0	  0	  0	  0	  0	  0	  0	  0	  0	  0	  0	  0	  0	  0	  0	 82	 62	 38	 72	  0	 61	  0	  0	  0	  0	  0	  0	  0	  0	  0	  0	  0	  5	21822	  0
24-12-2015	11:02:57	<-	L	00000000	 23	 89	 63	 31	  0	158	  0	  4	  4	  4	  4	  4	  4	  4	  4	  0	  0	  0	  0	  0	  0	  0	  0	  0	  0	  0	  0	  0	  0	  0	  0	  0	  0	  0	  0	  0	  0	  0	  0	 89	 63	 31	 74	  0	 58	  0	  0	  0	  0	  0	  0	  0	  0	  0	  0	  0	  5	21822	  0
24-12-2015	11:07:57	<-	L	00000000	 23	 90	 63	 29	  0	163	  0	  4	  4	  4	  4	  4	  4	  4	  4	  0	  0	  0	  0	  0	  0	  0	  0	  0	  0	  0	  0	  0	  0	  0	  0	  0	  0	  0	  0	  0	  0	  0	  0	 90	 63	 29	 74	  0	 58	  0	  0	  0	  0	  0	  0	  0	  0	  0	  0	  0	  5	21822	  0
24-12-2015	11:12:57	<-	L	00000000	 23	 84	 62	 35	  0	168	  0	  4	  4	  4	  4	  4	  4	  4	  4	  0	  0	  0	  0	  0	  0	  0	  0	  0	  0	  0	  0	  0	  0	  0	  0	  0	  0	  0	  0	  0	  0	  0	  0	 84	 62	 35	 73	  0	 58	  0	  0	  0	  0	  0	  0	  0	  0	  0	  0	  0	  5	21822	  0
24-12-2015	11:17:57	<-	L	00000000	 23	 87	 63	 33	  0	173	  0	  4	  4	  4	  4	  4	  4	  4	  4	  0	  0	  0	  0	  0	  0	  0	  0	  0	  0	  0	  0	  0	  0	  0	  0	  0	  0	  0	  0	  0	  0	  0	  0	 87	 63	 33	 73	  0	 61	  0	  0	  0	  0	  0	  0	  0	  0	  0	  0	  0	  5	21822	  0
24-12-2015	11:22:57	<-	L	00000000	 23	 89	 63	 29	  0	178	  0	  4	  4	  4	  4	  4	  4	  4	  4	  0	  0	  0	  0	  0	  0	  0	  0	  0	  0	  0	  0	  0	  0	  0	  0	  0	  0	  0	  0	  0	  0	  0	  0	 89	 63	 31	 74	  0	 58	  0	  0	  0	  0	  0	  0	  0	  0	  0	  0	  0	  5	21822	  0
24-12-2015	11:27:57	<-	L	00000000	 23	 82	 62	 36	  0	183	  0	  4	  4	  4	  4	  4	  4	  4	  4	  0	  0	  0	  0	  0	  0	  0	  0	  0	  0	  0	  0	  0	  0	  0	  0	  0	  0	  0	  0	  0	  0	  0	  0	 82	 62	 38	 72	  0	 61	  0	  0	  0	  0	  0	  0	  0	  0	  0	  0	  0	  5	21822	  0
24-12-2015	11:32:57	<-	L	00000000	 23	 87	 63	 33	  0	188	  0	  4	  4	  4	  4	  4	  4	  4	  4	  0	  0	  0	  0	  0	  0	  0	  0	  0	  0	  0	  0	  0	  0	  0	  0	  0	  0	  0	  0	  0	  0	  0	  0	 87	 63	 33	 73	  0	 61	  0	  0	  0	  0	  0	  0	  0	  0	  0	  0	  0	  5	21822	  0
24-12-2015	11:37:57	<-	L	00000000	 23	 89	 63	 29	  0	193	  0	  4	  4	  4	  4	  4	  4	  4	  4	  0	  0	  0	  0	  0	  0	  0	  0	  0	  0	  0	  0	  0	  0	  0	  0	  0	  0	  0	  0	  0	  0	  0	  0	 89	 63	 31	 74	  0	 58	  0	  0	  0	  0	  0	  0	  0	  0	  0	  0	  0	  5	21822	  0
24-12-2015	11:42:57	<-	L	00000000	 23	 84	 62	 33	  0	198	  0	  4	  4	  4	  4	  4	  4	  4	  4	  0	  0	  0	  0	  0	  0	  0	  0	  0	  0	  0	  0	  0	  0	  0	  0	  0	  0	  0	  0	  0	  0	  0	  0	 84	 62	 35	 72	  0	 61	  0	  0	  0	  0	  0	  0	  0	  0	  0	  0	  0	  5	21822	  0
24-12-2015	11:47:57	<-	L	00000000	 23	 86	 62	 33	  0	203	  0	  4	  4	  4	  4	  4	  4	  4	  4	  0	  0	  0	  0	  0	  0	  0	  0	  0	  0	  0	  0	  0	  0	  0	  0	  0	  0	  0	  0	  0	  0	  0	  0	 86	 62	 33	 72	  0	 61	  0	  0	  0	  0	  0	  0	  0	  0	  0	  0	  0	  5	21822	  0
24-12-2015	11:52:58	<-	L	00000000	 23	 87	 62	 31	  0	208	  0	  4	  4	  4	  4	  4	  4	  4	  4	  0	  0	  0	  0	  0	  0	  0	  0	  0	  0	  0	  0	  0	  0	  0	  0	  0	  0	  0	  0	  0	  0	  0	  0	 87	 62	 31	 73	  0	 58	  0	  0	  0	  0	  0	  0	  0	  0	  0	  0	  0	  5	21822	  0
24-12-2015	11:57:58	<-	L	00000000	 23	 83	 62	 36	  0	213	  0	  4	  4	  4	  4	  4	  4	  4	  4	  0	  0	  0	  0	  0	  0	  0	  0	  0	  0	  0	  0	  0	  0	  0	  0	  0	  0	  0	  0	  0	  0	  0	  0	 83	 62	 36	 71	  0	 64	  0	  0	  0	  0	  0	  0	  0	  0	  0	  0	  0	  5	21822	  0
24-12-2015	12:02:57	<-	L	00000000	 23	 88	 63	 31	  0	218	  0	  4	  4	  4	  4	  4	  4	  4	  4	  0	  0	  0	  0	  0	  0	  0	  0	  0	  0	  0	  0	  0	  0	  0	  0	  0	  0	  0	  0	  0	  0	  0	  0	 88	 63	 31	 73	  0	 61	  0	  0	  0	  0	  0	  0	  0	  0	  0	  0	  0	  5	21822	  0
24-12-2015	12:07:57	<-	L	00000000	 23	 82	 61	 36	  0	223	  0	  4	  4	  4	  4	  4	  4	  4	  4	  0	  0	  0	  0	  0	  0	  0	  0	  0	  0	  0	  0	  0	  0	  0	  0	  0	  0	  0	  0	  0	  0	  0	  0	 82	 61	 35	 71	  0	 61	  0	  0	  0	  0	  0	  0	  0	  0	  0	  0	  0	  5	21822	  0
24-12-2015	12:12:58	<-	L	00000000	 23	 86	 62	 33	  0	228	  0	  4	  4	  4	  4	  4	  4	  4	  4	  0	  0	  0	  0	  0	  0	  0	  0	  0	  0	  0	  0	  0	  0	  0	  0	  0	  0	  0	  0	  0	  0	  0	  0	 86	 62	 33	 72	  0	 61	  0	  0	  0	  0	  0	  0	  0	  0	  0	  0	  0	  5	21822	  0
24-12-2015	12:17:58	<-	L	00000000	 23	 86	 62	 33	  0	233	  0	  4	  4	  4	  4	  4	  4	  4	  4	  0	  0	  0	  0	  0	  0	  0	  0	  0	  0	  0	  0	  0	  0	  0	  0	  0	  0	  0	  0	  0	  0	  0	  0	 86	 62	 33	 72	  0	 61	  0	  0	  0	  0	  0	  0	  0	  0	  0	  0	  0	  5	21822	  0
24-12-2015	12:22:58	<-	L	00000000	 23	 82	 62	 38	  0	238	  0	  4	  4	  4	  4	  4	  4	  4	  4	  0	  0	  0	  0	  0	  0	  0	  0	  0	  0	  0	  0	  0	  0	  0	  0	  0	  0	  0	  0	  0	  0	  0	  0	 82	 62	 38	 71	  0	 64	  0	  0	  0	  0	  0	  0	  0	  0	  0	  0	  0	  5	21822	  0
24-12-2015	12:27:59	<-	L	00000000	 23	 85	 62	 33	  0	243	  0	  4	  4	  4	  4	  4	  4	  4	  4	  0	  0	  0	  0	  0	  0	  0	  0	  0	  0	  0	  0	  0	  0	  0	  0	  0	  0	  0	  0	  0	  0	  0	  0	 85	 62	 33	 72	  0	 61	  0	  0	  0	  0	  0	  0	  0	  0	  0	  0	  0	  5	21822	  0
24-12-2015	12:32:58	<-	L	00000000	 23	 86	 63	 33	  0	248	  0	  4	  4	  4	  4	  4	  4	  4	  4	  0	  0	  0	  0	  0	  0	  0	  0	  0	  0	  0	  0	  0	  0	  0	  0	  0	  0	  0	  0	  0	  0	  0	  0	 86	 63	 33	 72	  0	 65	  0	  0	  0	  0	  0	  0	  0	  0	  0	  0	  0	  5	21822	  0
24-12-2015	12:37:58	<-	L	00000000	 23	 83	 62	 36	  0	253	  0	  4	  4	  4	  4	  4	  4	  4	  4	  0	  0	  0	  0	  0	  0	  0	  0	  0	  0	  0	  0	  0	  0	  0	  0	  0	  0	  0	  0	  0	  0	  0	  0	 83	 62	 36	 71	  0	 64	  0	  0	  0	  0	  0	  0	  0	  0	  0	  0	  0	  5	21822	  0
24-12-2015	12:42:58	<-	L	00000000	 23	 83	 62	 36	  0	258	  0	  4	  4	  4	  4	  4	  4	  4	  4	  0	  0	  0	  0	  0	  0	  0	  0	  0	  0	  0	  0	  0	  0	  0	  0	  0	  0	  0	  0	  0	  0	  0	  0	 83	 62	 36	 71	  0	 64	  0	  0	  0	  0	  0	  0	  0	  0	  0	  0	  0	  5	21822	  0
24-12-2015	12:47:58	<-	L	00000000	 23	 85	 62	 33	  0	263	  0	  4	  4	  4	  4	  4	  4	  4	  4	  0	  0	  0	  0	  0	  0	  0	  0	  0	  0	  0	  0	  0	  0	  0	  0	  0	  0	  0	  0	  0	  0	  0	  0	 85	 62	 33	 72	  0	 61	  0	  0	  0	  0	  0	  0	  0	  0	  0	  0	  0	  5	21822	  0
24-12-2015	12:52:58	<-	L	00000000	 23	 85	 63	 36	  0	268	  0	  4	  4	  4	  4	  4	  4	  4	  4	  0	  0	  0	  0	  0	  0	  0	  0	  0	  0	  0	  0	  0	  0	  0	  0	  0	  0	  0	  0	  0	  0	  0	  0	 85	 63	 36	 72	  0	 65	  0	  0	  0	  0	  0	  0	  0	  0	  0	  0	  0	  5	21822	  0
24-12-2015	12:57:58	<-	L	00000000	 23	 84	 62	 35	  0	273	  0	  4	  4	  4	  4	  4	  4	  4	  4	  0	  0	  0	  0	  0	  0	  0	  0	  0	  0	  0	  0	  0	  0	  0	  0	  0	  0	  0	  0	  0	  0	  0	  0	 84	 62	 35	 72	  0	 61	  0	  0	  0	  0	  0	  0	  0	  0	  0	  0	  0	  5	21822	  0
24-12-2015	13:02:58	<-	L	00000000	 23	 84	 62	 35	  0	278	  0	  4	  4	  4	  4	  4	  4	  4	  4	  0	  0	  0	  0	  0	  0	  0	  0	  0	  0	  0	  0	  0	  0	  0	  0	  0	  0	  0	  0	  0	  0	  0	  0	 84	 62	 35	 72	  0	 61	  0	  0	  0	  0	  0	  0	  0	  0	  0	  0	  0	  5	21822	  0
24-12-2015	13:07:58	<-	L	00000000	 23	 83	 62	 36	  0	283	  0	  4	  4	  4	  4	  4	  4	  4	  4	  0	  0	  0	  0	  0	  0	  0	  0	  0	  0	  0	  0	  0	  0	  0	  0	  0	  0	  0	  0	  0	  0	  0	  0	 83	 62	 36	 71	  0	 64	  0	  0	  0	  0	  0	  0	  0	  0	  0	  0	  0	  5	21822	  0
24-12-2015	13:12:58	<-	L	00000000	 23	 82	 62	 38	  0	288	  0	  4	  4	  4	  4	  4	  4	  4	  4	  0	  0	  0	  0	  0	  0	  0	  0	  0	  0	  0	  0	  0	  0	  0	  0	  0	  0	  0	  0	  0	  0	  0	  0	 82	 62	 38	 71	  0	 64	  0	  0	  0	  0	  0	  0	  0	  0	  0	  0	  0	  5	21822	  0
24-12-2015	13:17:58	<-	L	00000000	 23	 82	 62	 38	  0	293	  0	  4	  4	  4	  4	  4	  4	  4	  4	  0	  0	  0	  0	  0	  0	  0	  0	  0	  0	  0	  0	  0	  0	  0	  0	  0	  0	  0	  0	  0	  0	  0	  0	 82	 62	 38	 71	  0	 64	  0	  0	  0	  0	  0	  0	  0	  0	  0	  0	  0	  5	21822	  0
24-12-2015	13:22:59	<-	L	00000000	 23	 81	 62	 40	  0	298	  0	  4	  4	  4	  4	  4	  4	  4	  4	  0	  0	  0	  0	  0	  0	  0	  0	  0	  0	  0	  0	  0	  0	  0	  0	  0	  0	  0	  0	  0	  0	  0	  0	 81	 62	 40	 71	  0	 67	  0	  0	  0	  0	  0	  0	  0	  0	  0	  0	  0	  5	21822	  0
24-12-2015	13:27:59	<-	L	00000000	 23	 80	 62	 42	  0	303	  0	  4	  4	  4	  4	  4	  4	  4	  4	  0	  0	  0	  0	  0	  0	  0	  0	  0	  0	  0	  0	  0	  0	  0	  0	  0	  0	  0	  0	  0	  0	  0	  0	 80	 62	 42	 70	  0	 67	  0	  0	  0	  0	  0	  0	  0	  0	  0	  0	  0	  5	21822	  0
24-12-2015	13:32:59	<-	L	00000000	 23	 80	 62	 42	  0	308	  0	  4	  4	  4	  4	  4	  4	  4	  4	  0	  0	  0	  0	  0	  0	  0	  0	  0	  0	  0	  0	  0	  0	  0	  0	  0	  0	  0	  0	  0	  0	  0	  0	 80	 62	 42	 70	  0	 67	  0	  0	  0	  0	  0	  0	  0	  0	  0	  0	  0	  5	21822	  0
24-12-2015	13:37:59	<-	L	00000000	 23	 79	 62	 44	  0	313	  0	  4	  4	  4	  4	  4	  4	  4	  4	  0	  0	  0	  0	  0	  0	  0	  0	  0	  0	  0	  0	  0	  0	  0	  0	  0	  0	  0	  0	  0	  0	  0	  0	 79	 62	 44	 69	  0	 71	  0	  0	  0	  0	  0	  0	  0	  0	  0	  0	  0	  5	21822	  0
24-12-2015	13:42:59	<-	L	00000000	 23	 78	 62	 44	  0	318	  0	  4	  4	  4	  4	  4	  4	  4	  4	  0	  0	  0	  0	  0	  0	  0	  0	  0	  0	  0	  0	  0	  0	  0	  0	  0	  0	  0	  0	  0	  0	  0	  0	 78	 62	 46	 69	  0	 71	  0	  0	  0	  0	  0	  0	  0	  0	  0	  0	  0	  5	21822	  0
24-12-2015	13:47:59	<-	L	00000000	 23	 77	 62	 48	  0	323	  0	  4	  4	  4	  4	  4	  4	  4	  4	  0	  0	  0	  0	  0	  0	  0	  0	  0	  0	  0	  0	  0	  0	  0	  0	  0	  0	  0	  0	  0	  0	  0	  0	 77	 62	 48	 69	  0	 71	  0	  0	  0	  0	  0	  0	  0	  0	  0	  0	  0	  5	21822	  0
24-12-2015	13:52:59	<-	L	00000000	 23	 75	 61	 50	  0	328	  0	  4	  4	  4	  4	  4	  4	  4	  4	  0	  0	  0	  0	  0	  0	  0	  0	  0	  0	  0	  0	  0	  0	  0	  0	  0	  0	  0	  0	  0	  0	  0	  0	 75	 61	 50	 68	  0	 71	  0	  0	  0	  0	  0	  0	  0	  0	  0	  0	  0	  5	21822	  0
24-12-2015	13:57:59	<-	L	00000000	 23	 73	 61	 55	  0	333	  0	  4	  4	  4	  4	  4	  4	  4	  4	  0	  0	  0	  0	  0	  0	  0	  0	  0	  0	  0	  0	  0	  0	  0	  0	  0	  0	  0	  0	  0	  0	  0	  0	 73	 61	 55	 68	  0	 71	  0	  0	  0	  0	  0	  0	  0	  0	  0	  0	  0	  5	21822	  0
