28-05-2015	03:40:13	  	L	00000000	 10	 19	 13	 64	  0	  1	  0	  6	  6	  6	  6	  6	  6	  6	  6	  0	  0	  0	  0	  0	  0	  0	  0	  0	  0	  0	  0	  0	  0	  0	  0	  0	  0	  0	  0	  0	  0	  0	  0	 17	 13	 75	 19	  0	 64	  0	  0	  0	  0	  0	  0	  0	  0	  0	  0	  0	  5	4616	  1
28-05-2015	03:45:13	->	L	00000000	 10	 18	 10	 58	  0	  6	  0	  6	  6	  6	  6	  6	  6	  6	  6	  0	  0	  0	  0	  0	  0	  0	  0	  0	  0	  0	  0	  0	  0	  0	  0	  0	  0	  0	  0	  0	  0	  0	  0	 11	 10	 93	 18	  0	 53	  0	  0	  0	  0	  0	  0	  0	  0	  0	  0	  0	  5	4873	  1
28-05-2015	03:50:13	->	L	00000000	 10	 28	 10	 22	  0	 11	  0	  5	  5	  5	  5	  5	  5	  5	  5	  0	  0	  0	  0	  0	  0	  0	  0	  0	  0	  0	  0	  0	  0	  0	  0	  0	  0	  0	  0	  0	  0	  0	  0	 15	 10	 72	 28	  0	 20	  0	  0	  0	  0	  0	  0	  0	  0	  0	  0	  0	  5	5130	  1
28-05-2015	03:55:13	->	L	00000000	 10	 28	 11	 21	  0	 16	  0	  5	  5	  5	  5	  5	  5	  5	  5	  0	  0	  0	  0	  0	  0	  0	  0	  0	  0	  0	  0	  0	  0	  0	  0	  0	  0	  0	  0	  0	  0	  0	  0	 16	 11	 72	 28	  0	 22	  0	  0	  0	  0	  0	  0	  0	  0	  0	  0	  0	  5	5387	  1
28-05-2015	04:00:13	->	L	00000000	 10	 26	 11	 30	  0	 21	  0	  5	  5	  5	  5	  5	  5	  5	  5	  0	  0	  0	  0	  0	  0	  0	  0	  0	  0	  0	  0	  0	  0	  0	  0	  0	  0	  0	  0	  0	  0	  0	  0	 16	 11	 72	 26	  0	 30	  0	  0	  0	  0	  0	  0	  0	  0	  0	  0	  0	  5	5644	  1
28-05-2015	04:05:13	->	L	00000000	 10	 24	 12	 35	  0	 26	  0	  5	  5	  5	  5	  5	  5	  5	  5	  0	  0	  0	  0	  0	  0	  0	  0	  0	  0	  0	  0	  0	  0	  0	  0	  0	  0	  0	  0	  0	  0	  0	  0	 16	 12	 75	 24	  0	 39	  0	  0	  0	  0	  0	  0	  0	  0	  0	  0	  0	  5	5901	  1
28-05-2015	04:10:13	->	L	00000000	 10	 22	 12	 42	  0	 31	  0	  5	  5	  5	  5	  5	  5	  5	  5	  0	  0	  0	  0	  0	  0	  0	  0	  0	  0	  0	  0	  0	  0	  0	  0	  0	  0	  0	  0	  0	  0	  0	  0	 16	 12	 75	 22	  0	 47	  0	  0	  0	  0	  0	  0	  0	  0	  0	  0	  0	  5	6158	  1
28-05-2015	04:15:13	->	L	00000000	 10	 25	 13	 42	  0	 36	  0	  5	  5	  5	  5	  5	  5	  5	  5	  0	  0	  0	  0	  0	  0	  0	  0	  0	  0	  0	  0	  0	  0	  0	  0	  0	  0	  0	  0	  0	  0	  0	  0	 16	 13	 81	 25	  0	 40	  0	  0	  0	  0	  0	  0	  0	  0	  0	  0	  0	  5	6672	  1
28-05-2015	04:20:13	->	L	00000000	 10	 30	 13	 30	  0	 41	  0	  5	  5	  5	  5	  5	  5	  5	  5	  0	  0	  0	  0	  0	  0	  0	  0	  0	  0	  0	  0	  0	  0	  0	  0	  0	  0	  0	  0	  0	  0	  0	  0	 19	 13	 64	 30	  0	 23	  0	  0	  0	  0	  0	  0	  0	  0	  0	  0	  0	  5	6929	  1
28-05-2015	04:25:13	->	L	00000000	 10	 36	 15	 14	  0	 46	  0	  5	  5	  5	  5	  5	  5	  5	  5	  0	  0	  0	  0	  0	  0	  0	  0	  0	  0	  0	  0	  0	  0	  0	  0	  0	  0	  0	  0	  0	  0	  0	  0	 21	 15	 64	 36	  0	 14	  0	  0	  0	  0	  0	  0	  0	  0	  0	  0	  0	  5	7186	  1
28-05-2015	04:30:13	->	L	00000000	 10	 34	 15	 20	  0	 51	  0	  5	  5	  5	  4	  4	  4	  4	  4	  0	  0	  0	  0	  0	  0	  0	  0	  0	  0	  0	  0	  0	  0	  0	  0	  0	  0	  0	  0	  0	  0	  0	  0	 22	 15	 59	 34	  0	 20	  0	  0	  0	  0	  0	  0	  0	  0	  0	  0	  0	  5	7443	  1
28-05-2015	04:35:13	->	L	00000000	 10	 32	 16	 27	  0	 56	  0	  4	  4	  4	  4	  4	  4	  4	  5	  0	  0	  0	  0	  0	  0	  0	  0	  0	  0	  0	  0	  0	  0	  0	  0	  0	  0	  0	  0	  0	  0	  0	  0	 21	 16	 73	 32	  0	 27	  0	  0	  0	  0	  0	  0	  0	  0	  0	  0	  0	  5	7700	  1
28-05-2015	04:40:13	->	L	00000000	 10	 29	 17	 41	  0	 61	  0	  4	  4	  4	  4	  4	  4	  4	  4	  0	  0	  0	  0	  0	  0	  0	  0	  0	  0	  0	  0	  0	  0	  0	  0	  0	  0	  0	  0	  0	  0	  0	  0	 21	 17	 76	 29	  0	 41	  0	  0	  0	  0	  0	  0	  0	  0	  0	  0	  0	  5	7957	  1
28-05-2015	04:45:13	->	L	00000000	 10	 33	 17	 32	  0	 66	  0	  4	  4	  4	  4	  4	  4	  4	  4	  0	  0	  0	  0	  0	  0	  0	  0	  0	  0	  0	  0	  0	  0	  0	  0	  0	  0	  0	  0	  0	  0	  0	  0	 22	 17	 73	 33	  0	 28	  0	  0	  0	  0	  0	  0	  0	  0	  0	  0	  0	  5	8214	  1
28-05-2015	04:50:13	->	L	00000000	 10	 39	 18	 15	  0	 71	  0	  4	  4	  4	  4	  4	  4	  4	  4	  0	  0	  0	  0	  0	  0	  0	  0	  0	  0	  0	  0	  0	  0	  0	  0	  0	  0	  0	  0	  0	  0	  0	  0	 25	 18	 60	 39	  0	 15	  0	  0	  0	  0	  0	  0	  0	  0	  0	  0	  0	  5	8471	  1
28-05-2015	04:55:14	->	L	00000000	 10	 34	 19	 29	  0	 76	  0	  4	  4	  4	  4	  4	  4	  4	  4	  0	  0	  0	  0	  0	  0	  0	  0	  0	  0	  0	  0	  0	  0	  0	  0	  0	  0	  0	  0	  0	  0	  0	  0	 24	 19	 73	 34	  0	 33	  0	  0	  0	  0	  0	  0	  0	  0	  0	  0	  0	  5	8728	  1
28-05-2015	05:00:14	->	L	00000000	 10	 33	 19	 37	  0	 81	  0	  4	  4	  4	  4	  4	  4	  4	  4	  0	  0	  0	  0	  0	  0	  0	  0	  0	  0	  0	  0	  0	  0	  0	  0	  0	  0	  0	  0	  0	  0	  0	  0	 24	 19	 73	 33	  0	 35	  0	  0	  0	  0	  0	  0	  0	  0	  0	  0	  0	  5	9242	  1
28-05-2015	05:05:14	->	L	00000000	 10	 42	 20	 14	  0	 86	  0	  4	  4	  4	  4	  4	  4	  4	  4	  0	  0	  0	  0	  0	  0	  0	  0	  0	  0	  0	  0	  0	  0	  0	  0	  0	  0	  0	  0	  0	  0	  0	  0	 27	 20	 60	 42	  0	 14	  0	  0	  0	  0	  0	  0	  0	  0	  0	  0	  0	  5	9499	  1
28-05-2015	05:10:14	->	L	00000000	 10	 38	 21	 26	  0	 91	  0	  4	  4	  4	  4	  4	  4	  4	  4	  0	  0	  0	  0	  0	  0	  0	  0	  0	  0	  0	  0	  0	  0	  0	  0	  0	  0	  0	  0	  0	  0	  0	  0	 26	 21	 73	 38	  0	 26	  0	  0	  0	  0	  0	  0	  0	  0	  0	  0	  0	  5	9756	  1
28-05-2015	05:15:14	->	L	00000000	 10	 38	 21	 29	  0	 96	  0	  4	  4	  4	  4	  4	  4	  4	  4	  0	  0	  0	  0	  0	  0	  0	  0	  0	  0	  0	  0	  0	  0	  0	  0	  0	  0	  0	  0	  0	  0	  0	  0	 27	 21	 66	 38	  0	 26	  0	  0	  0	  0	  0	  0	  0	  0	  0	  0	  0	  5	10013	  1
28-05-2015	05:20:14	->	L	00000000	 10	 43	 23	 18	  0	101	  0	  4	  4	  4	  4	  4	  4	  4	  4	  0	  0	  0	  0	  0	  0	  0	  0	  0	  0	  0	  0	  0	  0	  0	  0	  0	  0	  0	  0	  0	  0	  0	  0	 29	 23	 66	 43	  0	 21	  0	  0	  0	  0	  0	  0	  0	  0	  0	  0	  0	  5	10270	  1
28-05-2015	05:25:14	->	L	00000000	 10	 39	 23	 27	  0	106	  0	  4	  4	  4	  4	  4	  4	  4	  4	  0	  0	  0	  0	  0	  0	  0	  0	  0	  0	  0	  0	  0	  0	  0	  0	  0	  0	  0	  0	  0	  0	  0	  0	 28	 23	 74	 39	  0	 30	  0	  0	  0	  0	  0	  0	  0	  0	  0	  0	  0	  5	10527	  1
28-05-2015	05:30:15	->	L	00000000	 10	 40	 24	 34	  0	111	  0	  4	  4	  4	  4	  4	  4	  4	  4	  0	  0	  0	  0	  0	  0	  0	  0	  0	  0	  0	  0	  0	  0	  0	  0	  0	  0	  0	  0	  0	  0	  0	  0	 29	 24	 74	 40	  0	 31	  0	  0	  0	  0	  0	  0	  0	  0	  0	  0	  0	  5	10784	  1
28-05-2015	05:35:14	->	L	00000000	 10	 46	 25	 17	  0	116	  0	  4	  4	  4	  4	  4	  4	  4	  4	  0	  0	  0	  0	  0	  0	  0	  0	  0	  0	  0	  0	  0	  0	  0	  0	  0	  0	  0	  0	  0	  0	  0	  0	 32	 25	 62	 46	  0	 19	  0	  0	  0	  0	  0	  0	  0	  0	  0	  0	  0	  5	11041	  1
28-05-2015	05:40:14	->	L	00000000	 10	 42	 25	 28	  0	121	  0	  4	  4	  4	  4	  4	  4	  4	  4	  0	  0	  0	  0	  0	  0	  0	  0	  0	  0	  0	  0	  0	  0	  0	  0	  0	  0	  0	  0	  0	  0	  0	  0	 31	 25	 66	 42	  0	 28	  0	  0	  0	  0	  0	  0	  0	  0	  0	  0	  0	  5	11555	  1
28-05-2015	05:45:14	->	L	00000000	 10	 47	 26	 23	  0	126	  0	  4	  4	  4	  4	  4	  4	  4	  4	  0	  0	  0	  0	  0	  0	  0	  0	  0	  0	  0	  0	  0	  0	  0	  0	  0	  0	  0	  0	  0	  0	  0	  0	 33	 26	 62	 47	  0	 19	  0	  0	  0	  0	  0	  0	  0	  0	  0	  0	  0	  5	11812	  1
28-05-2015	05:50:14	->	L	00000000	 10	 53	 28	 15	  0	131	  0	  4	  4	  4	  4	  4	  4	  4	  4	  0	  0	  0	  0	  0	  0	  0	  0	  0	  0	  0	  0	  0	  0	  0	  0	  0	  0	  0	  0	  0	  0	  0	  0	 36	 28	 58	 53	  0	 15	  0	  0	  0	  0	  0	  0	  0	  0	  0	  0	  0	  5	12069	  1
28-05-2015	05:55:14	->	L	00000000	 10	 48	 28	 20	  0	136	  0	  4	  4	  4	  4	  4	  4	  4	  4	  0	  0	  0	  0	  0	  0	  0	  0	  0	  0	  0	  0	  0	  0	  0	  0	  0	  0	  0	  0	  0	  0	  0	  0	 34	 28	 67	 48	  0	 23	  0	  0	  0	  0	  0	  0	  0	  0	  0	  0	  0	  5	12326	  1
28-05-2015	06:00:14	->	L	00000000	 10	 50	 29	 20	  0	141	  0	  4	  4	  4	  4	  4	  4	  4	  4	  0	  0	  0	  0	  0	  0	  0	  0	  0	  0	  0	  0	  0	  0	  0	  0	  0	  0	  0	  0	  0	  0	  0	  0	 35	 29	 67	 50	  0	 20	  0	  0	  0	  0	  0	  0	  0	  0	  0	  0	  0	  5	12583	  1
28-05-2015	06:05:15	->	L	00000000	 10	 52	 30	 19	  0	146	  0	  4	  4	  4	  4	  4	  4	  4	  4	  0	  0	  0	  0	  0	  0	  0	  0	  0	  0	  0	  0	  0	  0	  0	  0	  0	  0	  0	  0	  0	  0	  0	  0	 37	 30	 63	 52	  0	 19	  0	  0	  0	  0	  0	  0	  0	  0	  0	  0	  0	  5	12840	  1
28-05-2015	06:10:15	->	L	00000000	 10	 47	 30	 30	  0	151	  0	  4	  4	  4	  4	  4	  4	  4	  4	  0	  0	  0	  0	  0	  0	  0	  0	  0	  0	  0	  0	  0	  0	  0	  0	  0	  0	  0	  0	  0	  0	  0	  0	 35	 30	 75	 47	  0	 30	  0	  0	  0	  0	  0	  0	  0	  0	  0	  0	  0	  5	13097	  1
28-05-2015	06:15:15	->	L	00000000	 10	 55	 31	 18	  0	156	  0	  4	  4	  4	  4	  4	  4	  4	  4	  0	  0	  0	  0	  0	  0	  0	  0	  0	  0	  0	  0	  0	  0	  0	  0	  0	  0	  0	  0	  0	  0	  0	  0	 38	 31	 63	 55	  0	 19	  0	  0	  0	  0	  0	  0	  0	  0	  0	  0	  0	  5	13354	  1
28-05-2015	06:20:15	->	L	00000000	 10	 56	 32	 17	  0	161	  0	  4	  4	  4	  4	  4	  4	  4	  4	  0	  0	  0	  0	  0	  0	  0	  0	  0	  0	  0	  0	  0	  0	  0	  0	  0	  0	  0	  0	  0	  0	  0	  0	 40	 32	 59	 56	  0	 19	  0	  0	  0	  0	  0	  0	  0	  0	  0	  0	  0	  5	13611	  1
28-05-2015	06:25:15	->	L	00000000	 10	 51	 32	 27	  0	166	  0	  4	  4	  4	  4	  4	  4	  4	  4	  0	  0	  0	  0	  0	  0	  0	  0	  0	  0	  0	  0	  0	  0	  0	  0	  0	  0	  0	  0	  0	  0	  0	  0	 38	 32	 68	 51	  0	 27	  0	  0	  0	  0	  0	  0	  0	  0	  0	  0	  0	  5	14125	  1
28-05-2015	06:30:15	->	L	00000000	 10	 55	 33	 22	  0	171	  0	  4	  4	  4	  4	  4	  4	  4	  4	  0	  0	  0	  0	  0	  0	  0	  0	  0	  0	  0	  0	  0	  0	  0	  0	  0	  0	  0	  0	  0	  0	  0	  0	 40	 33	 64	 55	  0	 21	  0	  0	  0	  0	  0	  0	  0	  0	  0	  0	  0	  5	14382	  1
28-05-2015	06:35:15	->	L	00000000	 10	 62	 35	 15	  0	176	  0	  4	  4	  4	  4	  4	  4	  4	  4	  0	  0	  0	  0	  0	  0	  0	  0	  0	  0	  0	  0	  0	  0	  0	  0	  0	  0	  0	  0	  0	  0	  0	  0	 43	 35	 60	 62	  0	 17	  0	  0	  0	  0	  0	  0	  0	  0	  0	  0	  0	  5	14639	  1
28-05-2015	06:40:15	->	L	00000000	 10	 55	 35	 23	  0	181	  0	  4	  4	  4	  4	  4	  4	  4	  4	  0	  0	  0	  0	  0	  0	  0	  0	  0	  0	  0	  0	  0	  0	  0	  0	  0	  0	  0	  0	  0	  0	  0	  0	 41	 35	 68	 55	  0	 27	  0	  0	  0	  0	  0	  0	  0	  0	  0	  0	  0	  5	14896	  1
28-05-2015	06:45:15	<-	L	00000000	 10	 57	 38	 30	  0	186	  0	  4	  4	  4	  4	  4	  4	  4	  4	  0	  0	  0	  0	  0	  0	  0	  0	  0	  0	  0	  0	  0	  0	  0	  0	  0	  0	  0	  0	  0	  0	  0	  0	 57	 38	 30	 53	  0	 40	  0	  0	  0	  0	  0	  0	  0	  0	  0	  0	  0	  5	15153	  1
28-05-2015	06:50:15	<-	L	00000000	 10	 62	 40	 25	  0	191	  0	  4	  4	  4	  4	  4	  4	  4	  4	  0	  0	  0	  0	  0	  0	  0	  0	  0	  0	  0	  0	  0	  0	  0	  0	  0	  0	  0	  0	  0	  0	  0	  0	 62	 40	 24	 50	  0	 55	  0	  0	  0	  0	  0	  0	  0	  0	  0	  0	  0	  5	15410	  1
28-05-2015	06:55:15	<-	L	00000000	 10	 61	 41	 33	  0	196	  0	  4	  4	  4	  4	  4	  4	  4	  4	  0	  0	  0	  0	  0	  0	  0	  0	  0	  0	  0	  0	  0	  0	  0	  0	  0	  0	  0	  0	  0	  0	  0	  0	 61	 41	 29	 50	  0	 58	  0	  0	  0	  0	  0	  0	  0	  0	  0	  0	  0	  5	15667	  1
28-05-2015	07:00:15	<-	L	00000000	 10	 58	 42	 35	  0	201	  0	  4	  4	  4	  4	  4	  4	  4	  4	  0	  0	  0	  0	  0	  0	  0	  0	  0	  0	  0	  0	  0	  0	  0	  0	  0	  0	  0	  0	  0	  0	  0	  0	 58	 42	 38	 50	  0	 62	  0	  0	  0	  0	  0	  0	  0	  0	  0	  0	  0	  5	15924	  1
28-05-2015	07:05:15	<-	L	00000000	 10	 67	 43	 24	  0	206	  0	  4	  4	  4	  4	  4	  4	  4	  4	  0	  0	  0	  0	  0	  0	  0	  0	  0	  0	  0	  0	  0	  0	  0	  0	  0	  0	  0	  0	  0	  0	  0	  0	 67	 43	 24	 53	  0	 56	  0	  0	  0	  0	  0	  0	  0	  0	  0	  0	  0	  5	16438	  1
28-05-2015	07:10:15	<-	L	00000000	 10	 61	 43	 32	  0	211	  0	  4	  4	  4	  4	  4	  4	  4	  4	  0	  0	  0	  0	  0	  0	  0	  0	  0	  0	  0	  0	  0	  0	  0	  0	  0	  0	  0	  0	  0	  0	  0	  0	 61	 43	 34	 52	  0	 59	  0	  0	  0	  0	  0	  0	  0	  0	  0	  0	  0	  5	16695	  1
28-05-2015	07:15:16	<-	L	00000000	 10	 68	 44	 24	  0	216	  0	  4	  4	  4	  4	  4	  4	  4	  4	  0	  0	  0	  0	  0	  0	  0	  0	  0	  0	  0	  0	  0	  0	  0	  0	  0	  0	  0	  0	  0	  0	  0	  0	 68	 44	 25	 55	  0	 52	  0	  0	  0	  0	  0	  0	  0	  0	  0	  0	  0	  5	16952	  1
28-05-2015	07:20:16	<-	L	00000000	 10	 63	 44	 33	  0	221	  0	  4	  4	  4	  4	  4	  4	  4	  4	  0	  0	  0	  0	  0	  0	  0	  0	  0	  0	  0	  0	  0	  0	  0	  0	  0	  0	  0	  0	  0	  0	  0	  0	 63	 44	 32	 53	  0	 59	  0	  0	  0	  0	  0	  0	  0	  0	  0	  0	  0	  5	17209	  1
28-05-2015	07:25:16	<-	L	00000000	 10	 72	 46	 23	  0	226	  0	  4	  4	  4	  4	  4	  4	  4	  4	  0	  0	  0	  0	  0	  0	  0	  0	  0	  0	  0	  0	  0	  0	  0	  0	  0	  0	  0	  0	  0	  0	  0	  0	 72	 46	 24	 57	  0	 53	  0	  0	  0	  0	  0	  0	  0	  0	  0	  0	  0	  5	17466	  1
28-05-2015	07:30:16	<-	L	00000000	 10	 64	 46	 36	  0	231	  0	  4	  4	  4	  4	  4	  4	  4	  4	  0	  0	  0	  0	  0	  0	  0	  0	  0	  0	  0	  0	  0	  0	  0	  0	  0	  0	  0	  0	  0	  0	  0	  0	 64	 46	 36	 55	  0	 60	  0	  0	  0	  0	  0	  0	  0	  0	  0	  0	  0	  5	17723	  1
28-05-2015	07:35:16	<-	L	00000000	 10	 72	 47	 25	  0	236	  0	  4	  4	  4	  4	  4	  4	  4	  4	  0	  0	  0	  0	  0	  0	  0	  0	  0	  0	  0	  0	  0	  0	  0	  0	  0	  0	  0	  0	  0	  0	  0	  0	 72	 47	 24	 58	  0	 53	  0	  0	  0	  0	  0	  0	  0	  0	  0	  0	  0	  5	17980	  1
28-05-2015	07:40:16	<-	L	00000000	 10	 66	 47	 36	  0	241	  0	  4	  4	  4	  4	  4	  4	  4	  4	  0	  0	  0	  0	  0	  0	  0	  0	  0	  0	  0	  0	  0	  0	  0	  0	  0	  0	  0	  0	  0	  0	  0	  0	 66	 47	 34	 56	  0	 60	  0	  0	  0	  0	  0	  0	  0	  0	  0	  0	  0	  5	18237	  1
28-05-2015	07:45:16	<-	L	00000000	 10	 75	 49	 23	  0	246	  0	  4	  4	  4	  4	  4	  4	  4	  4	  0	  0	  0	  0	  0	  0	  0	  0	  0	  0	  0	  0	  0	  0	  0	  0	  0	  0	  0	  0	  0	  0	  0	  0	 75	 49	 26	 60	  0	 54	  0	  0	  0	  0	  0	  0	  0	  0	  0	  0	  0	  5	18494	  1
28-05-2015	07:50:16	<-	L	00000000	 10	 70	 48	 29	  0	251	  0	  4	  4	  4	  4	  4	  4	  4	  4	  0	  0	  0	  0	  0	  0	  0	  0	  0	  0	  0	  0	  0	  0	  0	  0	  0	  0	  0	  0	  0	  0	  0	  0	 70	 48	 28	 58	  0	 57	  0	  0	  0	  0	  0	  0	  0	  0	  0	  0	  0	  5	19008	  1
28-05-2015	07:55:16	<-	L	00000000	 10	 77	 50	 24	  0	256	  0	  4	  4	  4	  4	  4	  4	  4	  4	  0	  0	  0	  0	  0	  0	  0	  0	  0	  0	  0	  0	  0	  0	  0	  0	  0	  0	  0	  0	  0	  0	  0	  0	 77	 50	 24	 61	  0	 54	  0	  0	  0	  0	  0	  0	  0	  0	  0	  0	  0	  5	19265	  1
28-05-2015	08:00:17	<-	L	00000000	 10	 71	 50	 30	  0	261	  0	  4	  4	  4	  4	  4	  4	  4	  4	  0	  0	  0	  0	  0	  0	  0	  0	  0	  0	  0	  0	  0	  0	  0	  0	  0	  0	  0	  0	  0	  0	  0	  0	 71	 50	 30	 60	  0	 58	  0	  0	  0	  0	  0	  0	  0	  0	  0	  0	  0	  5	19522	  1
28-05-2015	08:05:17	<-	L	00000000	 10	 77	 51	 27	  0	266	  0	  4	  4	  4	  4	  4	  4	  4	  4	  0	  0	  0	  0	  0	  0	  0	  0	  0	  0	  0	  0	  0	  0	  0	  0	  0	  0	  0	  0	  0	  0	  0	  0	 77	 51	 27	 62	  0	 55	  0	  0	  0	  0	  0	  0	  0	  0	  0	  0	  0	  5	19779	  1
28-05-2015	08:10:17	<-	L	00000000	 10	 74	 51	 28	  0	271	  0	  4	  4	  4	  4	  4	  4	  4	  4	  0	  0	  0	  0	  0	  0	  0	  0	  0	  0	  0	  0	  0	  0	  0	  0	  0	  0	  0	  0	  0	  0	  0	  0	 74	 51	 27	 62	  0	 55	  0	  0	  0	  0	  0	  0	  0	  0	  0	  0	  0	  5	20036	  1
28-05-2015	08:15:17	<-	L	00000000	 10	 79	 52	 25	  0	276	  0	  4	  4	  4	  4	  4	  4	  4	  4	  0	  0	  0	  0	  0	  0	  0	  0	  0	  0	  0	  0	  0	  0	  0	  0	  0	  0	  0	  0	  0	  0	  0	  0	 79	 52	 25	 64	  0	 52	  0	  0	  0	  0	  0	  0	  0	  0	  0	  0	  0	  5	20293	  1
28-05-2015	08:20:17	<-	L	00000000	 10	 79	 53	 28	  0	281	  0	  4	  4	  4	  4	  4	  4	  4	  4	  0	  0	  0	  0	  0	  0	  0	  0	  0	  0	  0	  0	  0	  0	  0	  0	  0	  0	  0	  0	  0	  0	  0	  0	 79	 53	 28	 64	  0	 55	  0	  0	  0	  0	  0	  0	  0	  0	  0	  0	  0	  5	20550	  1
28-05-2015	08:25:17	<-	L	00000000	 10	 79	 53	 28	  0	286	  0	  4	  4	  4	  4	  4	  4	  4	  4	  0	  0	  0	  0	  0	  0	  0	  0	  0	  0	  0	  0	  0	  0	  0	  0	  0	  0	  0	  0	  0	  0	  0	  0	 79	 53	 28	 65	  0	 53	  0	  0	  0	  0	  0	  0	  0	  0	  0	  0	  0	  5	20807	  1
28-05-2015	08:30:18	<-	L	00000000	 10	 79	 54	 27	  0	291	  0	  4	  4	  4	  4	  4	  4	  4	  4	  0	  0	  0	  0	  0	  0	  0	  0	  0	  0	  0	  0	  0	  0	  0	  0	  0	  0	  0	  0	  0	  0	  0	  0	 79	 54	 27	 65	  0	 56	  0	  0	  0	  0	  0	  0	  0	  0	  0	  0	  0	  5	21064	  1
28-05-2015	08:35:18	<-	L	00000000	 10	 78	 54	 29	  0	296	  0	  4	  4	  4	  4	  4	  4	  4	  4	  0	  0	  0	  0	  0	  0	  0	  0	  0	  0	  0	  0	  0	  0	  0	  0	  0	  0	  0	  0	  0	  0	  0	  0	 78	 54	 29	 65	  0	 56	  0	  0	  0	  0	  0	  0	  0	  0	  0	  0	  0	  5	21578	  1
28-05-2015	08:40:17	<-	L	00000000	 21	 78	 55	 29	  0	  0	  0	  4	  4	  4	  4	  4	  4	  4	  4	  0	  0	  0	  0	  0	  0	  0	  0	  0	  0	  0	  0	  0	  0	  0	  0	  0	  0	  0	  0	  0	  0	  0	  0	 78	 55	 29	 65	  0	 59	  0	  0	  0	  0	  0	  0	  0	  0	  0	  0	  0	  5	21825	  0
28-05-2015	08:45:17	<-	L	00000000	 21	 78	 55	 29	  0	  5	  0	  4	  4	  4	  4	  4	  4	  4	  4	  0	  0	  0	  0	  0	  0	  0	  0	  0	  0	  0	  0	  0	  0	  0	  0	  0	  0	  0	  0	  0	  0	  0	  0	 78	 55	 29	 66	  0	 56	  0	  0	  0	  0	  0	  0	  0	  0	  0	  0	  0	  5	21825	  0
28-05-2015	08:50:17	<-	L	00000000	 21	 78	 55	 29	  0	 10	  0	  4	  4	  4	  4	  4	  4	  4	  4	  0	  0	  0	  0	  0	  0	  0	  0	  0	  0	  0	  0	  0	  0	  0	  0	  0	  0	  0	  0	  0	  0	  0	  0	 78	 55	 29	 66	  0	 56	  0	  0	  0	  0	  0	  0	  0	  0	  0	  0	  0	  5	21825	  0
28-05-2015	08:55:18	<-	L	00000000	 21	 78	 56	 32	  0	 15	  0	  4	  4	  4	  4	  4	  4	  4	  4	  0	  0	  0	  0	  0	  0	  0	  0	  0	  0	  0	  0	  0	  0	  0	  0	  0	  0	  0	  0	  0	  0	  0	  0	 78	 56	 32	 66	  0	 59	  0	  0	  0	  0	  0	  0	  0	  0	  0	  0	  0	  5	21825	  0
28-05-2015	09:00:18	<-	L	00000000	 21	 78	 56	 32	  0	 20	  0	  4	  4	  4	  4	  4	  4	  4	  4	  0	  0	  0	  0	  0	  0	  0	  0	  0	  0	  0	  0	  0	  0	  0	  0	  0	  0	  0	  0	  0	  0	  0	  0	 78	 56	 32	 66	  0	 59	  0	  0	  0	  0	  0	  0	  0	  0	  0	  0	  0	  5	21820	  0
28-05-2015	09:05:18	<-	L	00000000	 21	 78	 56	 32	  0	 25	  0	  4	  4	  4	  4	  4	  4	  4	  4	  0	  0	  0	  0	  0	  0	  0	  0	  0	  0	  0	  0	  0	  0	  0	  0	  0	  0	  0	  0	  0	  0	  0	  0	 78	 56	 32	 66	  0	 59	  0	  0	  0	  0	  0	  0	  0	  0	  0	  0	  0	  5	21816	  0
28-05-2015	09:10:18	<-	L	00000000	 21	 78	 57	 32	  0	 30	  0	  4	  4	  4	  4	  4	  4	  4	  4	  0	  0	  0	  0	  0	  0	  0	  0	  0	  0	  0	  0	  0	  0	  0	  0	  0	  0	  0	  0	  0	  0	  0	  0	 78	 57	 33	 66	  0	 63	  0	  0	  0	  0	  0	  0	  0	  0	  0	  0	  0	  5	21816	  0
28-05-2015	09:15:18	<-	L	00000000	 21	 77	 56	 33	  0	 35	  0	  4	  4	  4	  4	  4	  4	  4	  4	  0	  0	  0	  0	  0	  0	  0	  0	  0	  0	  0	  0	  0	  0	  0	  0	  0	  0	  0	  0	  0	  0	  0	  0	 77	 56	 33	 66	  0	 59	  0	  0	  0	  0	  0	  0	  0	  0	  0	  0	  0	  5	21816	  0
28-05-2015	09:20:18	<-	L	00000000	 21	 78	 57	 33	  0	 40	  0	  4	  4	  4	  4	  4	  4	  4	  4	  0	  0	  0	  0	  0	  0	  0	  0	  0	  0	  0	  0	  0	  0	  0	  0	  0	  0	  0	  0	  0	  0	  0	  0	 78	 57	 33	 67	  0	 60	  0	  0	  0	  0	  0	  0	  0	  0	  0	  0	  0	  5	21825	  0
28-05-2015	09:25:18	<-	L	00000000	 21	 78	 58	 33	  0	 45	  0	  4	  4	  4	  4	  4	  4	  4	  4	  0	  0	  0	  0	  0	  0	  0	  0	  0	  0	  0	  0	  0	  0	  0	  0	  0	  0	  0	  0	  0	  0	  0	  0	 78	 58	 37	 67	  0	 63	  0	  0	  0	  0	  0	  0	  0	  0	  0	  0	  0	  5	21825	  0
28-05-2015	09:30:18	<-	L	00000000	 21	 79	 58	 34	  0	 50	  0	  4	  4	  4	  4	  4	  4	  4	  4	  0	  0	  0	  0	  0	  0	  0	  0	  0	  0	  0	  0	  0	  0	  0	  0	  0	  0	  0	  0	  0	  0	  0	  0	 79	 58	 34	 68	  0	 60	  0	  0	  0	  0	  0	  0	  0	  0	  0	  0	  0	  5	21825	  0
28-05-2015	09:35:18	<-	L	00000000	 21	 80	 58	 33	  0	 55	  0	  4	  4	  4	  4	  4	  4	  4	  4	  0	  0	  0	  0	  0	  0	  0	  0	  0	  0	  0	  0	  0	  0	  0	  0	  0	  0	  0	  0	  0	  0	  0	  0	 80	 58	 33	 68	  0	 60	  0	  0	  0	  0	  0	  0	  0	  0	  0	  0	  0	  5	21825	  0
28-05-2015	09:40:18	<-	L	00000000	 21	 80	 59	 34	  0	 60	  0	  4	  4	  4	  4	  4	  4	  4	  4	  0	  0	  0	  0	  0	  0	  0	  0	  0	  0	  0	  0	  0	  0	  0	  0	  0	  0	  0	  0	  0	  0	  0	  0	 80	 59	 34	 68	  0	 63	  0	  0	  0	  0	  0	  0	  0	  0	  0	  0	  0	  5	21825	  0
28-05-2015	09:45:18	  	L	00000000	 21	 77	 59	 41	  0	 65	  0	  4	  4	  4	  4	  4	  4	  4	  4	  0	  0	  0	  0	  0	  0	  0	  0	  0	  0	  0	  0	  0	  0	  0	  0	  0	  0	  0	  0	  0	  0	  0	  0	 77	 59	 41	 67	  0	 67	  0	  0	  0	  0	  0	  0	  0	  0	  0	  0	  0	  5	21825	  0
28-05-2015	09:50:19	->	L	00000000	 21	 79	 57	 33	  0	 70	  0	  4	  4	  4	  4	  4	  4	  4	  4	  0	  0	  0	  0	  0	  0	  0	  0	  0	  0	  0	  0	  0	  0	  0	  0	  0	  0	  0	  0	  0	  0	  0	  0	 66	 57	 63	 79	  0	 33	  0	  0	  0	  0	  0	  0	  0	  0	  0	  0	  0	  5	21825	  0
28-05-2015	09:55:19	->	L	00000000	 21	 79	 57	 33	  0	 75	  0	  4	  4	  4	  4	  4	  4	  4	  4	  0	  0	  0	  0	  0	  0	  0	  0	  0	  0	  0	  0	  0	  0	  0	  0	  0	  0	  0	  0	  0	  0	  0	  0	 65	 57	 66	 79	  0	 33	  0	  0	  0	  0	  0	  0	  0	  0	  0	  0	  0	  5	21825	  0
28-05-2015	10:00:18	->	L	00000000	 21	 79	 57	 33	  0	 80	  0	  4	  4	  4	  4	  4	  4	  4	  4	  0	  0	  0	  0	  0	  0	  0	  0	  0	  0	  0	  0	  0	  0	  0	  0	  0	  0	  0	  0	  0	  0	  0	  0	 65	 57	 66	 79	  0	 33	  0	  0	  0	  0	  0	  0	  0	  0	  0	  0	  0	  5	21825	  0
28-05-2015	10:05:19	->	L	00000000	 21	 79	 57	 33	  0	 85	  0	  4	  4	  4	  4	  4	  4	  4	  4	  0	  0	  0	  0	  0	  0	  0	  0	  0	  0	  0	  0	  0	  0	  0	  0	  0	  0	  0	  0	  0	  0	  0	  0	 64	 57	 70	 79	  0	 33	  0	  0	  0	  0	  0	  0	  0	  0	  0	  0	  0	  5	21825	  0
28-05-2015	10:10:19	->	L	00000000	 21	 79	 57	 33	  0	 90	  0	  4	  4	  4	  4	  4	  4	  4	  4	  0	  0	  0	  0	  0	  0	  0	  0	  0	  0	  0	  0	  0	  0	  0	  0	  0	  0	  0	  0	  0	  0	  0	  0	 65	 57	 66	 79	  0	 33	  0	  0	  0	  0	  0	  0	  0	  0	  0	  0	  0	  5	21825	  0
28-05-2015	10:15:19	->	L	00000000	 21	 78	 57	 33	  0	 95	  0	  4	  4	  4	  4	  4	  4	  4	  4	  0	  0	  0	  0	  0	  0	  0	  0	  0	  0	  0	  0	  0	  0	  0	  0	  0	  0	  0	  0	  0	  0	  0	  0	 64	 57	 70	 78	  0	 33	  0	  0	  0	  0	  0	  0	  0	  0	  0	  0	  0	  5	21825	  0
28-05-2015	10:20:19	->	L	00000000	 21	 78	 58	 37	  0	100	  0	  4	  4	  4	  4	  4	  4	  4	  4	  0	  0	  0	  0	  0	  0	  0	  0	  0	  0	  0	  0	  0	  0	  0	  0	  0	  0	  0	  0	  0	  0	  0	  0	 64	 58	 73	 78	  0	 37	  0	  0	  0	  0	  0	  0	  0	  0	  0	  0	  0	  5	21825	  0
28-05-2015	10:25:19	->	L	00000000	 21	 78	 58	 37	  0	105	  0	  4	  4	  4	  4	  4	  4	  4	  4	  0	  0	  0	  0	  0	  0	  0	  0	  0	  0	  0	  0	  0	  0	  0	  0	  0	  0	  0	  0	  0	  0	  0	  0	 65	 58	 70	 78	  0	 37	  0	  0	  0	  0	  0	  0	  0	  0	  0	  0	  0	  5	21825	  0
28-05-2015	10:30:19	->	L	00000000	 21	 79	 58	 34	  0	110	  0	  4	  4	  4	  4	  4	  4	  4	  4	  0	  0	  0	  0	  0	  0	  0	  0	  0	  0	  0	  0	  0	  0	  0	  0	  0	  0	  0	  0	  0	  0	  0	  0	 65	 58	 70	 79	  0	 34	  0	  0	  0	  0	  0	  0	  0	  0	  0	  0	  0	  5	21825	  0
28-05-2015	10:35:19	->	L	00000000	 21	 79	 58	 34	  0	115	  0	  4	  4	  4	  4	  4	  4	  4	  4	  0	  0	  0	  0	  0	  0	  0	  0	  0	  0	  0	  0	  0	  0	  0	  0	  0	  0	  0	  0	  0	  0	  0	  0	 65	 58	 70	 79	  0	 34	  0	  0	  0	  0	  0	  0	  0	  0	  0	  0	  0	  5	21825	  0
28-05-2015	10:40:19	->	L	00000000	 21	 79	 59	 37	  0	120	  0	  4	  4	  4	  4	  4	  4	  4	  4	  0	  0	  0	  0	  0	  0	  0	  0	  0	  0	  0	  0	  0	  0	  0	  0	  0	  0	  0	  0	  0	  0	  0	  0	 65	 59	 73	 79	  0	 37	  0	  0	  0	  0	  0	  0	  0	  0	  0	  0	  0	  5	21825	  0
28-05-2015	10:45:19	->	L	00000000	 21	 80	 59	 34	  0	125	  0	  4	  4	  4	  4	  4	  4	  4	  4	  0	  0	  0	  0	  0	  0	  0	  0	  0	  0	  0	  0	  0	  0	  0	  0	  0	  0	  0	  0	  0	  0	  0	  0	 66	 59	 70	 80	  0	 34	  0	  0	  0	  0	  0	  0	  0	  0	  0	  0	  0	  5	21825	  0
28-05-2015	10:50:19	->	L	00000000	 21	 80	 59	 34	  0	130	  0	  4	  4	  4	  4	  4	  4	  4	  4	  0	  0	  0	  0	  0	  0	  0	  0	  0	  0	  0	  0	  0	  0	  0	  0	  0	  0	  0	  0	  0	  0	  0	  0	 66	 59	 70	 80	  0	 34	  0	  0	  0	  0	  0	  0	  0	  0	  0	  0	  0	  5	21825	  0
28-05-2015	10:55:19	->	L	00000000	 21	 79	 59	 37	  0	135	  0	  4	  4	  4	  4	  4	  4	  4	  4	  0	  0	  0	  0	  0	  0	  0	  0	  0	  0	  0	  0	  0	  0	  0	  0	  0	  0	  0	  0	  0	  0	  0	  0	 65	 59	 73	 79	  0	 37	  0	  0	  0	  0	  0	  0	  0	  0	  0	  0	  0	  5	21825	  0
28-05-2015	11:00:19	->	L	00000000	 21	 79	 59	 37	  0	140	  0	  4	  4	  4	  4	  4	  4	  4	  4	  0	  0	  0	  0	  0	  0	  0	  0	  0	  0	  0	  0	  0	  0	  0	  0	  0	  0	  0	  0	  0	  0	  0	  0	 65	 59	 73	 79	  0	 37	  0	  0	  0	  0	  0	  0	  0	  0	  0	  0	  0	  5	20545	  0
28-05-2015	11:05:19	->	L	00000000	 21	 78	 59	 39	  0	145	  0	  4	  4	  4	  4	  4	  4	  4	  4	  0	  0	  0	  0	  0	  0	  0	  0	  0	  0	  0	  0	  0	  0	  0	  0	  0	  0	  0	  0	  0	  0	  0	  0	 65	 59	 73	 78	  0	 39	  0	  0	  0	  0	  0	  0	  0	  0	  0	  0	  0	  5	20545	  0
28-05-2015	11:10:19	->	L	00000000	 21	 78	 59	 39	  0	150	  0	  4	  4	  4	  4	  4	  4	  4	  4	  0	  0	  0	  0	  0	  0	  0	  0	  0	  0	  0	  0	  0	  0	  0	  0	  0	  0	  0	  0	  0	  0	  0	  0	 65	 59	 73	 78	  0	 39	  0	  0	  0	  0	  0	  0	  0	  0	  0	  0	  0	  5	20545	  0
28-05-2015	11:15:19	->	L	00000000	 21	 71	 59	 51	  0	155	  0	  4	  4	  4	  4	  4	  4	  4	  4	  0	  0	  0	  0	  0	  0	  0	  0	  0	  0	  0	  0	  0	  0	  0	  0	  0	  0	  0	  0	  0	  0	  0	  0	 63	 59	 81	 71	  0	 55	  0	  0	  0	  0	  0	  0	  0	  0	  0	  0	  0	  5	17985	  0
28-05-2015	11:20:20	->	L	00000000	 21	 69	 58	 60	  0	160	  0	  4	  4	  4	  4	  4	  4	  4	  4	  0	  0	  0	  0	  0	  0	  0	  0	  0	  0	  0	  0	  0	  0	  0	  0	  0	  0	  0	  0	  0	  0	  0	  0	 62	 58	 81	 69	  0	 57	  0	  0	  0	  0	  0	  0	  0	  0	  0	  0	  0	  5	17985	  0
28-05-2015	11:25:20	->	L	00000000	 21	 71	 58	 51	  0	165	  0	  4	  4	  4	  4	  4	  4	  4	  4	  0	  0	  0	  0	  0	  0	  0	  0	  0	  0	  0	  0	  0	  0	  0	  0	  0	  0	  0	  0	  0	  0	  0	  0	 62	 58	 81	 71	  0	 51	  0	  0	  0	  0	  0	  0	  0	  0	  0	  0	  0	  5	16705	  0
28-05-2015	11:30:20	->	L	00000000	 21	 65	 58	 70	  0	170	  0	  4	  4	  4	  4	  4	  4	  4	  4	  0	  0	  0	  0	  0	  0	  0	  0	  0	  0	  0	  0	  0	  0	  0	  0	  0	  0	  0	  0	  0	  0	  0	  0	 60	 58	 90	 65	  0	 70	  0	  0	  0	  0	  0	  0	  0	  0	  0	  0	  0	  5	16705	  0
28-05-2015	11:35:20	->	L	00000000	 21	 66	 57	 63	  0	175	  0	  4	  4	  4	  4	  4	  4	  4	  4	  0	  0	  0	  0	  0	  0	  0	  0	  0	  0	  0	  0	  0	  0	  0	  0	  0	  0	  0	  0	  0	  0	  0	  0	 60	 57	 86	 66	  0	 63	  0	  0	  0	  0	  0	  0	  0	  0	  0	  0	  0	  5	16705	  0
28-05-2015	11:40:20	->	L	00000000	 21	 67	 57	 60	  0	180	  0	  4	  4	  4	  4	  4	  4	  4	  4	  0	  0	  0	  0	  0	  0	  0	  0	  0	  0	  0	  0	  0	  0	  0	  0	  0	  0	  0	  0	  0	  0	  0	  0	 61	 57	 81	 67	  0	 60	  0	  0	  0	  0	  0	  0	  0	  0	  0	  0	  0	  5	16705	  0
28-05-2015	11:45:20	->	L	00000000	 21	 68	 57	 54	  0	185	  0	  4	  4	  4	  4	  4	  4	  4	  4	  0	  0	  0	  0	  0	  0	  0	  0	  0	  0	  0	  0	  0	  0	  0	  0	  0	  0	  0	  0	  0	  0	  0	  0	 61	 57	 81	 68	  0	 57	  0	  0	  0	  0	  0	  0	  0	  0	  0	  0	  0	  5	16705	  0
28-05-2015	11:50:20	->	L	00000000	 21	 67	 57	 63	  0	190	  0	  4	  4	  4	  4	  4	  4	  4	  4	  0	  0	  0	  0	  0	  0	  0	  0	  0	  0	  0	  0	  0	  0	  0	  0	  0	  0	  0	  0	  0	  0	  0	  0	 61	 57	 81	 67	  0	 60	  0	  0	  0	  0	  0	  0	  0	  0	  0	  0	  0	  5	16705	  0
28-05-2015	11:55:20	->	L	00000000	 21	 64	 57	 66	  0	195	  0	  4	  4	  4	  4	  4	  4	  4	  4	  0	  0	  0	  0	  0	  0	  0	  0	  0	  0	  0	  0	  0	  0	  0	  0	  0	  0	  0	  0	  0	  0	  0	  0	 59	 57	 90	 64	  0	 70	  0	  0	  0	  0	  0	  0	  0	  0	  0	  0	  0	  5	16705	  0
28-05-2015	12:00:20	->	L	00000000	 21	 65	 57	 66	  0	200	  0	  4	  4	  4	  4	  4	  4	  4	  4	  0	  0	  0	  0	  0	  0	  0	  0	  0	  0	  0	  0	  0	  0	  0	  0	  0	  0	  0	  0	  0	  0	  0	  0	 59	 57	 90	 65	  0	 66	  0	  0	  0	  0	  0	  0	  0	  0	  0	  0	  0	  5	16705	  0
28-05-2015	12:05:20	->	L	00000000	 21	 66	 57	 63	  0	205	  0	  4	  4	  4	  4	  4	  4	  4	  4	  0	  0	  0	  0	  0	  0	  0	  0	  0	  0	  0	  0	  0	  0	  0	  0	  0	  0	  0	  0	  0	  0	  0	  0	 60	 57	 86	 66	  0	 63	  0	  0	  0	  0	  0	  0	  0	  0	  0	  0	  0	  5	15425	  0
28-05-2015	12:10:20	->	L	00000000	 21	 62	 56	 73	  0	210	  0	  4	  4	  4	  4	  4	  4	  4	  4	  0	  0	  0	  0	  0	  0	  0	  0	  0	  0	  0	  0	  0	  0	  0	  0	  0	  0	  0	  0	  0	  0	  0	  0	 57	 56	 94	 62	  0	 73	  0	  0	  0	  0	  0	  0	  0	  0	  0	  0	  0	  5	15425	  0
28-05-2015	12:15:20	->	L	00000000	 21	 61	 55	 72	  0	215	  0	  4	  4	  4	  4	  4	  4	  4	  4	  0	  0	  0	  0	  0	  0	  0	  0	  0	  0	  0	  0	  0	  0	  0	  0	  0	  0	  0	  0	  0	  0	  0	  0	 57	 55	 90	 61	  0	 72	  0	  0	  0	  0	  0	  0	  0	  0	  0	  0	  0	  5	15425	  0
28-05-2015	12:20:20	->	L	00000000	 21	 60	 55	 78	  0	220	  0	  4	  4	  4	  4	  4	  4	  4	  4	  0	  0	  0	  0	  0	  0	  0	  0	  0	  0	  0	  0	  0	  0	  0	  0	  0	  0	  0	  0	  0	  0	  0	  0	 56	 55	 94	 60	  0	 78	  0	  0	  0	  0	  0	  0	  0	  0	  0	  0	  0	  5	15425	  0
28-05-2015	12:25:20	->	L	00000000	 21	 58	 55	 81	  0	225	  0	  4	  4	  4	  4	  4	  4	  4	  4	  0	  0	  0	  0	  0	  0	  0	  0	  0	  0	  0	  0	  0	  0	  0	  0	  0	  0	  0	  0	  0	  0	  0	  0	 56	 55	 94	 58	  0	 86	  0	  0	  0	  0	  0	  0	  0	  0	  0	  0	  0	  5	15425	  0
28-05-2015	12:30:20	->	L	00000000	 21	 63	 55	 62	  0	230	  0	  4	  4	  4	  4	  4	  4	  4	  4	  0	  0	  0	  0	  0	  0	  0	  0	  0	  0	  0	  0	  0	  0	  0	  0	  0	  0	  0	  0	  0	  0	  0	  0	 57	 55	 90	 63	  0	 66	  0	  0	  0	  0	  0	  0	  0	  0	  0	  0	  0	  5	15425	  0
28-05-2015	12:35:21	->	L	00000000	 21	 60	 55	 78	  0	235	  0	  4	  4	  4	  4	  4	  4	  4	  4	  0	  0	  0	  0	  0	  0	  0	  0	  0	  0	  0	  0	  0	  0	  0	  0	  0	  0	  0	  0	  0	  0	  0	  0	 56	 55	 94	 60	  0	 78	  0	  0	  0	  0	  0	  0	  0	  0	  0	  0	  0	  5	15425	  0
28-05-2015	12:40:21	->	L	00000000	 21	 59	 54	 78	  0	240	  0	  4	  4	  4	  4	  4	  4	  4	  4	  0	  0	  0	  0	  0	  0	  0	  0	  0	  0	  0	  0	  0	  0	  0	  0	  0	  0	  0	  0	  0	  0	  0	  0	 55	 54	 94	 59	  0	 78	  0	  0	  0	  0	  0	  0	  0	  0	  0	  0	  0	  5	15425	  0
28-05-2015	12:45:21	->	L	00000000	 21	 63	 55	 62	  0	245	  0	  4	  4	  4	  4	  4	  4	  4	  4	  0	  0	  0	  0	  0	  0	  0	  0	  0	  0	  0	  0	  0	  0	  0	  0	  0	  0	  0	  0	  0	  0	  0	  0	 57	 55	 90	 63	  0	 66	  0	  0	  0	  0	  0	  0	  0	  0	  0	  0	  0	  5	15425	  0
28-05-2015	12:50:21	<-	L	00000000	 21	 61	 56	 78	  0	250	  0	  4	  4	  4	  4	  4	  4	  4	  4	  0	  0	  0	  0	  0	  0	  0	  0	  0	  0	  0	  0	  0	  0	  0	  0	  0	  0	  0	  0	  0	  0	  0	  0	 61	 56	 78	 60	  0	 81	  0	  0	  0	  0	  0	  0	  0	  0	  0	  0	  0	  5	15425	  0
28-05-2015	12:55:22	<-	L	00000000	 21	 67	 57	 57	  0	255	  0	  4	  4	  4	  4	  4	  4	  4	  4	  0	  0	  0	  0	  0	  0	  0	  0	  0	  0	  0	  0	  0	  0	  0	  0	  0	  0	  0	  0	  0	  0	  0	  0	 67	 57	 60	 63	  0	 73	  0	  0	  0	  0	  0	  0	  0	  0	  0	  0	  0	  5	16705	  0
28-05-2015	13:00:21	<-	L	00000000	 21	 68	 57	 57	  0	260	  0	  4	  4	  4	  4	  4	  4	  4	  4	  0	  0	  0	  0	  0	  0	  0	  0	  0	  0	  0	  0	  0	  0	  0	  0	  0	  0	  0	  0	  0	  0	  0	  0	 68	 57	 57	 63	  0	 73	  0	  0	  0	  0	  0	  0	  0	  0	  0	  0	  0	  5	19265	  0
28-05-2015	13:05:21	<-	L	00000000	 21	 80	 59	 37	  0	265	  0	  4	  4	  4	  4	  4	  4	  4	  4	  0	  0	  0	  0	  0	  0	  0	  0	  0	  0	  0	  0	  0	  0	  0	  0	  0	  0	  0	  0	  0	  0	  0	  0	 80	 59	 34	 68	  0	 63	  0	  0	  0	  0	  0	  0	  0	  0	  0	  0	  0	  5	19265	  0
28-05-2015	13:10:21	<-	L	00000000	 21	 76	 59	 41	  0	270	  0	  4	  4	  4	  4	  4	  4	  4	  4	  0	  0	  0	  0	  0	  0	  0	  0	  0	  0	  0	  0	  0	  0	  0	  0	  0	  0	  0	  0	  0	  0	  0	  0	 76	 59	 42	 68	  0	 63	  0	  0	  0	  0	  0	  0	  0	  0	  0	  0	  0	  5	20545	  0
28-05-2015	13:15:21	<-	L	00000000	 21	 81	 60	 34	  0	275	  0	  4	  4	  4	  4	  4	  4	  4	  4	  0	  0	  0	  0	  0	  0	  0	  0	  0	  0	  0	  0	  0	  0	  0	  0	  0	  0	  0	  0	  0	  0	  0	  0	 81	 60	 35	 70	  0	 60	  0	  0	  0	  0	  0	  0	  0	  0	  0	  0	  0	  5	20545	  0
28-05-2015	13:20:21	<-	L	00000000	 21	 83	 60	 34	  0	280	  0	  4	  4	  4	  4	  4	  4	  4	  4	  0	  0	  0	  0	  0	  0	  0	  0	  0	  0	  0	  0	  0	  0	  0	  0	  0	  0	  0	  0	  0	  0	  0	  0	 83	 60	 32	 70	  0	 60	  0	  0	  0	  0	  0	  0	  0	  0	  0	  0	  0	  5	21057	  0
28-05-2015	13:25:22	<-	L	00000000	 21	 79	 60	 38	  0	285	  0	  4	  4	  4	  4	  4	  4	  4	  4	  0	  0	  0	  0	  0	  0	  0	  0	  0	  0	  0	  0	  0	  0	  0	  0	  0	  0	  0	  0	  0	  0	  0	  0	 79	 60	 39	 70	  0	 60	  0	  0	  0	  0	  0	  0	  0	  0	  0	  0	  0	  5	21057	  0
28-05-2015	13:30:21	<-	L	00000000	 21	 85	 61	 32	  0	290	  0	  4	  4	  4	  4	  4	  4	  4	  4	  0	  0	  0	  0	  0	  0	  0	  0	  0	  0	  0	  0	  0	  0	  0	  0	  0	  0	  0	  0	  0	  0	  0	  0	 85	 61	 32	 72	  0	 58	  0	  0	  0	  0	  0	  0	  0	  0	  0	  0	  0	  5	21057	  0
28-05-2015	13:35:21	<-	L	00000000	 21	 79	 61	 38	  0	295	  0	  4	  4	  4	  4	  4	  4	  4	  4	  0	  0	  0	  0	  0	  0	  0	  0	  0	  0	  0	  0	  0	  0	  0	  0	  0	  0	  0	  0	  0	  0	  0	  0	 79	 61	 42	 70	  0	 64	  0	  0	  0	  0	  0	  0	  0	  0	  0	  0	  0	  5	20545	  0
28-05-2015	13:40:21	<-	L	00000000	 21	 83	 61	 35	  0	300	  0	  4	  4	  4	  4	  4	  4	  4	  4	  0	  0	  0	  0	  0	  0	  0	  0	  0	  0	  0	  0	  0	  0	  0	  0	  0	  0	  0	  0	  0	  0	  0	  0	 83	 61	 35	 71	  0	 61	  0	  0	  0	  0	  0	  0	  0	  0	  0	  0	  0	  5	20545	  0
28-05-2015	13:45:22	<-	L	00000000	 21	 80	 61	 42	  0	305	  0	  4	  4	  4	  4	  4	  4	  4	  4	  0	  0	  0	  0	  0	  0	  0	  0	  0	  0	  0	  0	  0	  0	  0	  0	  0	  0	  0	  0	  0	  0	  0	  0	 80	 61	 40	 70	  0	 64	  0	  0	  0	  0	  0	  0	  0	  0	  0	  0	  0	  5	20545	  0
28-05-2015	13:50:22	<-	L	00000000	 21	 78	 61	 43	  0	310	  0	  4	  4	  4	  4	  4	  4	  4	  4	  0	  0	  0	  0	  0	  0	  0	  0	  0	  0	  0	  0	  0	  0	  0	  0	  0	  0	  0	  0	  0	  0	  0	  0	 78	 61	 43	 70	  0	 64	  0	  0	  0	  0	  0	  0	  0	  0	  0	  0	  0	  5	20545	  0
28-05-2015	13:55:22	<-	L	00000000	 21	 85	 62	 33	  0	315	  0	  4	  4	  4	  4	  4	  4	  4	  4	  0	  0	  0	  0	  0	  0	  0	  0	  0	  0	  0	  0	  0	  0	  0	  0	  0	  0	  0	  0	  0	  0	  0	  0	 85	 62	 33	 71	  0	 64	  0	  0	  0	  0	  0	  0	  0	  0	  0	  0	  0	  5	20545	  0
28-05-2015	14:00:22	<-	L	00000000	 21	 78	 62	 46	  0	320	  0	  4	  4	  4	  4	  4	  4	  4	  4	  0	  0	  0	  0	  0	  0	  0	  0	  0	  0	  0	  0	  0	  0	  0	  0	  0	  0	  0	  0	  0	  0	  0	  0	 78	 62	 46	 69	  0	 71	  0	  0	  0	  0	  0	  0	  0	  0	  0	  0	  0	  5	20545	  0
28-05-2015	14:05:22	<-	L	00000000	 21	 85	 62	 35	  0	325	  0	  4	  4	  4	  4	  4	  4	  4	  4	  0	  0	  0	  0	  0	  0	  0	  0	  0	  0	  0	  0	  0	  0	  0	  0	  0	  0	  0	  0	  0	  0	  0	  0	 85	 62	 33	 71	  0	 64	  0	  0	  0	  0	  0	  0	  0	  0	  0	  0	  0	  5	20545	  0
28-05-2015	14:10:22	<-	L	00000000	 21	 78	 62	 44	  0	330	  0	  4	  4	  4	  4	  4	  4	  4	  4	  0	  0	  0	  0	  0	  0	  0	  0	  0	  0	  0	  0	  0	  0	  0	  0	  0	  0	  0	  0	  0	  0	  0	  0	 78	 62	 46	 70	  0	 67	  0	  0	  0	  0	  0	  0	  0	  0	  0	  0	  0	  5	20545	  0
28-05-2015	14:15:22	<-	L	00000000	 21	 84	 63	 36	  0	335	  0	  4	  4	  4	  4	  4	  4	  4	  4	  0	  0	  0	  0	  0	  0	  0	  0	  0	  0	  0	  0	  0	  0	  0	  0	  0	  0	  0	  0	  0	  0	  0	  0	 84	 63	 36	 71	  0	 68	  0	  0	  0	  0	  0	  0	  0	  0	  0	  0	  0	  5	20545	  0
28-05-2015	14:20:22	<-	L	00000000	 21	 78	 62	 44	  0	340	  0	  4	  4	  4	  4	  4	  4	  4	  4	  0	  0	  0	  0	  0	  0	  0	  0	  0	  0	  0	  0	  0	  0	  0	  0	  0	  0	  0	  0	  0	  0	  0	  0	 78	 62	 46	 70	  0	 67	  0	  0	  0	  0	  0	  0	  0	  0	  0	  0	  0	  5	20545	  0
28-05-2015	14:25:22	<-	L	00000000	 21	 83	 63	 38	  0	345	  0	  4	  4	  4	  4	  4	  4	  4	  4	  0	  0	  0	  0	  0	  0	  0	  0	  0	  0	  0	  0	  0	  0	  0	  0	  0	  0	  0	  0	  0	  0	  0	  0	 83	 63	 39	 71	  0	 68	  0	  0	  0	  0	  0	  0	  0	  0	  0	  0	  0	  5	20543	  0
28-05-2015	14:30:22	<-	L	00000000	 21	 82	 63	 39	  0	350	  0	  4	  4	  4	  4	  4	  4	  4	  4	  0	  0	  0	  0	  0	  0	  0	  0	  0	  0	  0	  0	  0	  0	  0	  0	  0	  0	  0	  0	  0	  0	  0	  0	 82	 63	 40	 71	  0	 68	  0	  0	  0	  0	  0	  0	  0	  0	  0	  0	  0	  5	20543	  0
28-05-2015	14:35:22	<-	L	00000000	 21	 79	 63	 49	  0	355	  0	  4	  4	  4	  4	  4	  4	  4	  4	  0	  0	  0	  0	  0	  0	  0	  0	  0	  0	  0	  0	  0	  0	  0	  0	  0	  0	  0	  0	  0	  0	  0	  0	 81	 63	 47	 70	  0	 71	  0	  0	  0	  0	  0	  0	  0	  0	  0	  0	  0	  5	20543	  0
28-05-2015	14:40:22	<-	L	00000000	 21	 84	 63	 36	  0	360	  0	  4	  4	  4	  4	  4	  4	  4	  4	  0	  0	  0	  0	  0	  0	  0	  0	  0	  0	  0	  0	  0	  0	  0	  0	  0	  0	  0	  0	  0	  0	  0	  0	 84	 63	 36	 72	  0	 65	  0	  0	  0	  0	  0	  0	  0	  0	  0	  0	  0	  5	20543	  0
28-05-2015	14:45:22	<-	L	00000000	 22	 84	 63	 39	  0	  4	  0	  4	  4	  4	  4	  4	  4	  4	  4	  0	  0	  0	  0	  0	  0	  0	  0	  0	  0	  0	  0	  0	  0	  0	  0	  0	  0	  0	  0	  0	  0	  0	  0	 84	 63	 36	 72	  0	 65	  0	  0	  0	  0	  0	  0	  0	  0	  0	  0	  0	  5	21823	  0
28-05-2015	14:50:22	<-	L	00000000	 22	 83	 63	 36	  0	  9	  0	  4	  4	  4	  4	  4	  4	  4	  4	  0	  0	  0	  0	  0	  0	  0	  0	  0	  0	  0	  0	  0	  0	  0	  0	  0	  0	  0	  0	  0	  0	  0	  0	 83	 63	 36	 72	  0	 65	  0	  0	  0	  0	  0	  0	  0	  0	  0	  0	  0	  5	21823	  0
28-05-2015	14:55:23	<-	L	00000000	 22	 87	 63	 33	  0	 14	  0	  4	  4	  4	  4	  4	  4	  4	  4	  0	  0	  0	  0	  0	  0	  0	  0	  0	  0	  0	  0	  0	  0	  0	  0	  0	  0	  0	  0	  0	  0	  0	  0	 87	 63	 33	 73	  0	 61	  0	  0	  0	  0	  0	  0	  0	  0	  0	  0	  0	  5	21823	  0
28-05-2015	15:00:23	<-	L	00000000	 22	 84	 63	 39	  0	 19	  0	  4	  4	  4	  4	  4	  4	  4	  4	  0	  0	  0	  0	  0	  0	  0	  0	  0	  0	  0	  0	  0	  0	  0	  0	  0	  0	  0	  0	  0	  0	  0	  0	 84	 63	 36	 72	  0	 65	  0	  0	  0	  0	  0	  0	  0	  0	  0	  0	  0	  5	21823	  0
28-05-2015	15:05:23	<-	L	00000000	 22	 86	 63	 33	  0	 24	  0	  4	  4	  4	  4	  4	  4	  4	  4	  0	  0	  0	  0	  0	  0	  0	  0	  0	  0	  0	  0	  0	  0	  0	  0	  0	  0	  0	  0	  0	  0	  0	  0	 86	 63	 33	 73	  0	 61	  0	  0	  0	  0	  0	  0	  0	  0	  0	  0	  0	  5	21823	  0
28-05-2015	15:10:23	<-	L	00000000	 22	 84	 63	 39	  0	 29	  0	  4	  4	  4	  4	  4	  4	  4	  4	  0	  0	  0	  0	  0	  0	  0	  0	  0	  0	  0	  0	  0	  0	  0	  0	  0	  0	  0	  0	  0	  0	  0	  0	 84	 63	 36	 72	  0	 65	  0	  0	  0	  0	  0	  0	  0	  0	  0	  0	  0	  5	21823	  0
28-05-2015	15:15:23	<-	L	00000000	 22	 86	 63	 33	  0	 34	  0	  4	  4	  4	  4	  4	  4	  4	  4	  0	  0	  0	  0	  0	  0	  0	  0	  0	  0	  0	  0	  0	  0	  0	  0	  0	  0	  0	  0	  0	  0	  0	  0	 86	 63	 33	 73	  0	 61	  0	  0	  0	  0	  0	  0	  0	  0	  0	  0	  0	  5	21823	  0
28-05-2015	15:20:23	<-	L	00000000	 22	 84	 63	 39	  0	 39	  0	  4	  4	  4	  4	  4	  4	  4	  4	  0	  0	  0	  0	  0	  0	  0	  0	  0	  0	  0	  0	  0	  0	  0	  0	  0	  0	  0	  0	  0	  0	  0	  0	 84	 63	 36	 72	  0	 65	  0	  0	  0	  0	  0	  0	  0	  0	  0	  0	  0	  5	21823	  0
28-05-2015	15:25:23	<-	L	00000000	 22	 87	 63	 31	  0	 44	  0	  4	  4	  4	  4	  4	  4	  4	  4	  0	  0	  0	  0	  0	  0	  0	  0	  0	  0	  0	  0	  0	  0	  0	  0	  0	  0	  0	  0	  0	  0	  0	  0	 87	 63	 33	 73	  0	 61	  0	  0	  0	  0	  0	  0	  0	  0	  0	  0	  0	  5	21823	  0
28-05-2015	15:30:23	<-	L	00000000	 22	 83	 63	 40	  0	 49	  0	  4	  4	  4	  4	  4	  4	  4	  4	  0	  0	  0	  0	  0	  0	  0	  0	  0	  0	  0	  0	  0	  0	  0	  0	  0	  0	  0	  0	  0	  0	  0	  0	 83	 63	 39	 72	  0	 65	  0	  0	  0	  0	  0	  0	  0	  0	  0	  0	  0	  5	21823	  0
28-05-2015	15:35:23	<-	L	00000000	 22	 86	 63	 33	  0	 54	  0	  4	  4	  4	  4	  4	  4	  4	  4	  0	  0	  0	  0	  0	  0	  0	  0	  0	  0	  0	  0	  0	  0	  0	  0	  0	  0	  0	  0	  0	  0	  0	  0	 86	 63	 33	 73	  0	 61	  0	  0	  0	  0	  0	  0	  0	  0	  0	  0	  0	  5	21823	  0
28-05-2015	15:40:23	<-	L	00000000	 22	 84	 63	 39	  0	 59	  0	  4	  4	  4	  4	  4	  4	  4	  4	  0	  0	  0	  0	  0	  0	  0	  0	  0	  0	  0	  0	  0	  0	  0	  0	  0	  0	  0	  0	  0	  0	  0	  0	 84	 63	 36	 72	  0	 65	  0	  0	  0	  0	  0	  0	  0	  0	  0	  0	  0	  5	21823	  0
28-05-2015	15:45:23	<-	L	00000000	 22	 84	 63	 33	  0	 64	  0	  4	  4	  4	  4	  4	  4	  4	  4	  0	  0	  0	  0	  0	  0	  0	  0	  0	  0	  0	  0	  0	  0	  0	  0	  0	  0	  0	  0	  0	  0	  0	  0	 84	 63	 36	 73	  0	 61	  0	  0	  0	  0	  0	  0	  0	  0	  0	  0	  0	  5	21823	  0
28-05-2015	15:50:24	->	L	00000000	 22	 80	 63	 40	  0	 69	  0	  4	  4	  4	  4	  4	  4	  4	  4	  0	  0	  0	  0	  0	  0	  0	  0	  0	  0	  0	  0	  0	  0	  0	  0	  0	  0	  0	  0	  0	  0	  0	  0	 80	 63	 44	 76	  0	 53	  0	  0	  0	  0	  0	  0	  0	  0	  0	  0	  0	  5	21823	  0
28-05-2015	15:55:24	->	L	00000000	 22	 82	 62	 38	  0	 74	  0	  4	  4	  4	  4	  4	  4	  4	  4	  0	  0	  0	  0	  0	  0	  0	  0	  0	  0	  0	  0	  0	  0	  0	  0	  0	  0	  0	  0	  0	  0	  0	  0	 71	 62	 64	 82	  0	 38	  0	  0	  0	  0	  0	  0	  0	  0	  0	  0	  0	  5	21823	  0
28-05-2015	16:00:23	->	L	00000000	 22	 86	 62	 33	  0	 79	  0	  4	  4	  4	  4	  4	  4	  4	  4	  0	  0	  0	  0	  0	  0	  0	  0	  0	  0	  0	  0	  0	  0	  0	  0	  0	  0	  0	  0	  0	  0	  0	  0	 72	 62	 61	 86	  0	 33	  0	  0	  0	  0	  0	  0	  0	  0	  0	  0	  0	  5	21823	  0
28-05-2015	16:05:23	->	L	00000000	 22	 84	 62	 33	  0	 84	  0	  4	  4	  4	  4	  4	  4	  4	  4	  0	  0	  0	  0	  0	  0	  0	  0	  0	  0	  0	  0	  0	  0	  0	  0	  0	  0	  0	  0	  0	  0	  0	  0	 69	 62	 71	 84	  0	 35	  0	  0	  0	  0	  0	  0	  0	  0	  0	  0	  0	  5	21823	  0
28-05-2015	16:10:24	->	L	00000000	 22	 81	 62	 40	  0	 89	  0	  4	  4	  4	  4	  4	  4	  4	  4	  0	  0	  0	  0	  0	  0	  0	  0	  0	  0	  0	  0	  0	  0	  0	  0	  0	  0	  0	  0	  0	  0	  0	  0	 69	 62	 71	 81	  0	 40	  0	  0	  0	  0	  0	  0	  0	  0	  0	  0	  0	  5	21823	  0
28-05-2015	16:15:24	->	L	00000000	 22	 85	 62	 33	  0	 94	  0	  4	  4	  4	  4	  4	  4	  4	  4	  0	  0	  0	  0	  0	  0	  0	  0	  0	  0	  0	  0	  0	  0	  0	  0	  0	  0	  0	  0	  0	  0	  0	  0	 71	 62	 64	 85	  0	 33	  0	  0	  0	  0	  0	  0	  0	  0	  0	  0	  0	  5	21823	  0
28-05-2015	16:20:24	->	L	00000000	 22	 85	 63	 33	  0	 99	  0	  4	  4	  4	  4	  4	  4	  4	  4	  0	  0	  0	  0	  0	  0	  0	  0	  0	  0	  0	  0	  0	  0	  0	  0	  0	  0	  0	  0	  0	  0	  0	  0	 71	 63	 68	 85	  0	 36	  0	  0	  0	  0	  0	  0	  0	  0	  0	  0	  0	  5	21823	  0
28-05-2015	16:25:24	->	L	00000000	 22	 82	 62	 38	  0	104	  0	  4	  4	  4	  4	  4	  4	  4	  4	  0	  0	  0	  0	  0	  0	  0	  0	  0	  0	  0	  0	  0	  0	  0	  0	  0	  0	  0	  0	  0	  0	  0	  0	 70	 62	 67	 82	  0	 38	  0	  0	  0	  0	  0	  0	  0	  0	  0	  0	  0	  5	21823	  0
28-05-2015	16:30:24	->	L	00000000	 22	 85	 63	 36	  0	109	  0	  4	  4	  4	  4	  4	  4	  4	  4	  0	  0	  0	  0	  0	  0	  0	  0	  0	  0	  0	  0	  0	  0	  0	  0	  0	  0	  0	  0	  0	  0	  0	  0	 71	 63	 68	 85	  0	 36	  0	  0	  0	  0	  0	  0	  0	  0	  0	  0	  0	  5	21823	  0
28-05-2015	16:35:24	->	L	00000000	 22	 85	 63	 36	  0	114	  0	  4	  4	  4	  4	  4	  4	  4	  4	  0	  0	  0	  0	  0	  0	  0	  0	  0	  0	  0	  0	  0	  0	  0	  0	  0	  0	  0	  0	  0	  0	  0	  0	 71	 63	 68	 85	  0	 36	  0	  0	  0	  0	  0	  0	  0	  0	  0	  0	  0	  5	21823	  0
28-05-2015	16:40:24	->	L	00000000	 22	 82	 63	 43	  0	119	  0	  4	  4	  4	  4	  4	  4	  4	  4	  0	  0	  0	  0	  0	  0	  0	  0	  0	  0	  0	  0	  0	  0	  0	  0	  0	  0	  0	  0	  0	  0	  0	  0	 70	 63	 71	 82	  0	 40	  0	  0	  0	  0	  0	  0	  0	  0	  0	  0	  0	  5	21823	  0
28-05-2015	16:45:24	->	L	00000000	 22	 84	 63	 36	  0	124	  0	  4	  4	  4	  4	  4	  4	  4	  4	  0	  0	  0	  0	  0	  0	  0	  0	  0	  0	  0	  0	  0	  0	  0	  0	  0	  0	  0	  0	  0	  0	  0	  0	 71	 63	 68	 84	  0	 36	  0	  0	  0	  0	  0	  0	  0	  0	  0	  0	  0	  5	21823	  0
28-05-2015	16:50:24	->	L	00000000	 22	 83	 63	 39	  0	129	  0	  4	  4	  4	  4	  4	  4	  4	  4	  0	  0	  0	  0	  0	  0	  0	  0	  0	  0	  0	  0	  0	  0	  0	  0	  0	  0	  0	  0	  0	  0	  0	  0	 71	 63	 68	 83	  0	 39	  0	  0	  0	  0	  0	  0	  0	  0	  0	  0	  0	  5	21823	  0
28-05-2015	16:55:24	->	L	00000000	 22	 85	 63	 36	  0	134	  0	  4	  4	  4	  4	  4	  4	  4	  4	  0	  0	  0	  0	  0	  0	  0	  0	  0	  0	  0	  0	  0	  0	  0	  0	  0	  0	  0	  0	  0	  0	  0	  0	 71	 63	 68	 85	  0	 36	  0	  0	  0	  0	  0	  0	  0	  0	  0	  0	  0	  5	21823	  0
28-05-2015	17:00:24	->	L	00000000	 22	 84	 63	 36	  0	139	  0	  4	  4	  4	  4	  4	  4	  4	  4	  0	  0	  0	  0	  0	  0	  0	  0	  0	  0	  0	  0	  0	  0	  0	  0	  0	  0	  0	  0	  0	  0	  0	  0	 69	 63	 74	 84	  0	 36	  0	  0	  0	  0	  0	  0	  0	  0	  0	  0	  0	  5	21823	  0
28-05-2015	17:05:24	->	L	00000000	 22	 84	 63	 36	  0	144	  0	  4	  4	  4	  4	  4	  4	  4	  4	  0	  0	  0	  0	  0	  0	  0	  0	  0	  0	  0	  0	  0	  0	  0	  0	  0	  0	  0	  0	  0	  0	  0	  0	 71	 63	 68	 84	  0	 36	  0	  0	  0	  0	  0	  0	  0	  0	  0	  0	  0	  5	21823	  0
28-05-2015	17:10:24	->	L	00000000	 22	 84	 63	 36	  0	149	  0	  4	  4	  4	  4	  4	  4	  4	  4	  0	  0	  0	  0	  0	  0	  0	  0	  0	  0	  0	  0	  0	  0	  0	  0	  0	  0	  0	  0	  0	  0	  0	  0	 71	 63	 68	 84	  0	 36	  0	  0	  0	  0	  0	  0	  0	  0	  0	  0	  0	  5	21823	  0
28-05-2015	17:15:24	->	L	00000000	 22	 83	 63	 39	  0	154	  0	  4	  4	  4	  4	  4	  4	  4	  4	  0	  0	  0	  0	  0	  0	  0	  0	  0	  0	  0	  0	  0	  0	  0	  0	  0	  0	  0	  0	  0	  0	  0	  0	 70	 63	 71	 83	  0	 39	  0	  0	  0	  0	  0	  0	  0	  0	  0	  0	  0	  5	21823	  0
28-05-2015	17:20:25	->	L	00000000	 22	 83	 63	 39	  0	159	  0	  4	  4	  4	  4	  4	  4	  4	  4	  0	  0	  0	  0	  0	  0	  0	  0	  0	  0	  0	  0	  0	  0	  0	  0	  0	  0	  0	  0	  0	  0	  0	  0	 70	 63	 71	 83	  0	 39	  0	  0	  0	  0	  0	  0	  0	  0	  0	  0	  0	  5	21823	  0
28-05-2015	17:25:25	->	L	00000000	 22	 82	 63	 40	  0	164	  0	  4	  4	  4	  4	  4	  4	  4	  4	  0	  0	  0	  0	  0	  0	  0	  0	  0	  0	  0	  0	  0	  0	  0	  0	  0	  0	  0	  0	  0	  0	  0	  0	 70	 63	 71	 82	  0	 40	  0	  0	  0	  0	  0	  0	  0	  0	  0	  0	  0	  5	21823	  0
28-05-2015	17:30:25	->	L	00000000	 22	 82	 63	 40	  0	169	  0	  4	  4	  4	  4	  4	  4	  4	  4	  0	  0	  0	  0	  0	  0	  0	  0	  0	  0	  0	  0	  0	  0	  0	  0	  0	  0	  0	  0	  0	  0	  0	  0	 70	 63	 71	 82	  0	 40	  0	  0	  0	  0	  0	  0	  0	  0	  0	  0	  0	  5	21823	  0
28-05-2015	17:35:25	->	L	00000000	 22	 81	 63	 43	  0	174	  0	  4	  4	  4	  4	  4	  4	  4	  4	  0	  0	  0	  0	  0	  0	  0	  0	  0	  0	  0	  0	  0	  0	  0	  0	  0	  0	  0	  0	  0	  0	  0	  0	 69	 63	 74	 81	  0	 43	  0	  0	  0	  0	  0	  0	  0	  0	  0	  0	  0	  5	21823	  0
28-05-2015	17:40:25	->	L	00000000	 22	 81	 63	 43	  0	179	  0	  4	  4	  4	  4	  4	  4	  4	  4	  0	  0	  0	  0	  0	  0	  0	  0	  0	  0	  0	  0	  0	  0	  0	  0	  0	  0	  0	  0	  0	  0	  0	  0	 69	 63	 74	 81	  0	 43	  0	  0	  0	  0	  0	  0	  0	  0	  0	  0	  0	  5	21823	  0
29-05-2015	02:05:33	  	L	00000000	 22	 47	 38	 58	  0	187	  0	  4	  4	  4	  4	  4	  4	  4	  4	  0	  0	  0	  0	  0	  0	  0	  0	  0	  0	  0	  0	  0	  0	  0	  0	  0	  0	  0	  0	  0	  0	  0	  0	 47	 38	 58	 47	  0	 58	  0	  0	  0	  0	  0	  0	  0	  0	  0	  0	  0	  5	21823	  0
29-05-2015	02:10:33	->	L	00000000	 22	 60	 49	 54	  0	192	  0	  4	  4	  4	  4	  4	  4	  4	  4	  0	  0	  0	  0	  0	  0	  0	  0	  0	  0	  0	  0	  0	  0	  0	  0	  0	  0	  0	  0	  0	  0	  0	  0	 52	 49	 85	 60	  0	 54	  0	  0	  0	  0	  0	  0	  0	  0	  0	  0	  0	  5	14135	  0
29-05-2015	02:15:33	->	L	00000000	 22	 59	 49	 60	  0	197	  0	  4	  4	  4	  4	  4	  4	  4	  4	  0	  0	  0	  0	  0	  0	  0	  0	  0	  0	  0	  0	  0	  0	  0	  0	  0	  0	  0	  0	  0	  0	  0	  0	 50	 49	 94	 59	  0	 57	  0	  0	  0	  0	  0	  0	  0	  0	  0	  0	  0	  5	14135	  0
29-05-2015	02:20:33	->	L	00000000	 22	 69	 50	 37	  0	202	  0	  4	  4	  4	  4	  4	  4	  4	  4	  0	  0	  0	  0	  0	  0	  0	  0	  0	  0	  0	  0	  0	  0	  0	  0	  0	  0	  0	  0	  0	  0	  0	  0	 57	 50	 68	 69	  0	 35	  0	  0	  0	  0	  0	  0	  0	  0	  0	  0	  0	  5	15415	  0
29-05-2015	02:25:33	->	L	00000000	 22	 64	 50	 48	  0	207	  0	  4	  4	  4	  4	  4	  4	  4	  4	  0	  0	  0	  0	  0	  0	  0	  0	  0	  0	  0	  0	  0	  0	  0	  0	  0	  0	  0	  0	  0	  0	  0	  0	 54	 50	 80	 64	  0	 46	  0	  0	  0	  0	  0	  0	  0	  0	  0	  0	  0	  5	15415	  0
29-05-2015	02:30:33	->	L	00000000	 22	 61	 50	 54	  0	212	  0	  4	  4	  4	  4	  4	  4	  4	  4	  0	  0	  0	  0	  0	  0	  0	  0	  0	  0	  0	  0	  0	  0	  0	  0	  0	  0	  0	  0	  0	  0	  0	  0	 53	 50	 85	 61	  0	 54	  0	  0	  0	  0	  0	  0	  0	  0	  0	  0	  0	  5	15415	  0
29-05-2015	02:35:33	->	L	00000000	 22	 59	 49	 57	  0	217	  0	  4	  4	  4	  4	  4	  4	  4	  4	  0	  0	  0	  0	  0	  0	  0	  0	  0	  0	  0	  0	  0	  0	  0	  0	  0	  0	  0	  0	  0	  0	  0	  0	 52	 49	 85	 59	  0	 57	  0	  0	  0	  0	  0	  0	  0	  0	  0	  0	  0	  5	15415	  0
29-05-2015	02:40:33	->	L	00000000	 22	 59	 50	 61	  0	222	  0	  4	  4	  4	  4	  4	  4	  4	  4	  0	  0	  0	  0	  0	  0	  0	  0	  0	  0	  0	  0	  0	  0	  0	  0	  0	  0	  0	  0	  0	  0	  0	  0	 53	 50	 85	 59	  0	 61	  0	  0	  0	  0	  0	  0	  0	  0	  0	  0	  0	  5	15415	  0
29-05-2015	02:45:34	->	L	00000000	 22	 61	 50	 54	  0	227	  0	  4	  4	  4	  4	  4	  4	  4	  4	  0	  0	  0	  0	  0	  0	  0	  0	  0	  0	  0	  0	  0	  0	  0	  0	  0	  0	  0	  0	  0	  0	  0	  0	 54	 50	 80	 61	  0	 54	  0	  0	  0	  0	  0	  0	  0	  0	  0	  0	  0	  5	15415	  0
29-05-2015	02:50:34	->	L	00000000	 22	 62	 50	 48	  0	232	  0	  4	  4	  4	  4	  4	  4	  4	  4	  0	  0	  0	  0	  0	  0	  0	  0	  0	  0	  0	  0	  0	  0	  0	  0	  0	  0	  0	  0	  0	  0	  0	  0	 54	 50	 80	 62	  0	 52	  0	  0	  0	  0	  0	  0	  0	  0	  0	  0	  0	  5	15415	  0
29-05-2015	02:55:34	->	L	00000000	 22	 64	 50	 44	  0	237	  0	  4	  4	  4	  4	  4	  4	  4	  4	  0	  0	  0	  0	  0	  0	  0	  0	  0	  0	  0	  0	  0	  0	  0	  0	  0	  0	  0	  0	  0	  0	  0	  0	 55	 50	 77	 64	  0	 46	  0	  0	  0	  0	  0	  0	  0	  0	  0	  0	  0	  5	15415	  0
29-05-2015	03:00:34	->	L	00000000	 22	 68	 51	 39	  0	242	  0	  4	  4	  4	  4	  4	  4	  4	  4	  0	  0	  0	  0	  0	  0	  0	  0	  0	  0	  0	  0	  0	  0	  0	  0	  0	  0	  0	  0	  0	  0	  0	  0	 56	 51	 72	 67	  0	 39	  0	  0	  0	  0	  0	  0	  0	  0	  0	  0	  0	  5	15415	  0
29-05-2015	03:05:34	->	L	00000000	 22	 69	 51	 39	  0	247	  0	  4	  4	  4	  4	  4	  4	  4	  4	  0	  0	  0	  0	  0	  0	  0	  0	  0	  0	  0	  0	  0	  0	  0	  0	  0	  0	  0	  0	  0	  0	  0	  0	 57	 51	 72	 69	  0	 38	  0	  0	  0	  0	  0	  0	  0	  0	  0	  0	  0	  5	16695	  0
29-05-2015	03:10:34	<-	L	00000000	 22	 62	 52	 58	  0	252	  0	  4	  4	  4	  4	  4	  4	  4	  4	  0	  0	  0	  0	  0	  0	  0	  0	  0	  0	  0	  0	  0	  0	  0	  0	  0	  0	  0	  0	  0	  0	  0	  0	 59	 52	 68	 62	  0	 58	  0	  0	  0	  0	  0	  0	  0	  0	  0	  0	  0	  5	16695	  0
29-05-2015	03:15:34	<-	L	00000000	 22	 76	 54	 32	  0	257	  0	  4	  4	  4	  4	  4	  4	  4	  4	  0	  0	  0	  0	  0	  0	  0	  0	  0	  0	  0	  0	  0	  0	  0	  0	  0	  0	  0	  0	  0	  0	  0	  0	 76	 54	 31	 65	  0	 56	  0	  0	  0	  0	  0	  0	  0	  0	  0	  0	  0	  5	17975	  0
29-05-2015	03:20:34	<-	L	00000000	 22	 71	 54	 39	  0	262	  0	  4	  4	  4	  4	  4	  4	  4	  4	  0	  0	  0	  0	  0	  0	  0	  0	  0	  0	  0	  0	  0	  0	  0	  0	  0	  0	  0	  0	  0	  0	  0	  0	 71	 54	 40	 63	  0	 62	  0	  0	  0	  0	  0	  0	  0	  0	  0	  0	  0	  5	17975	  0
29-05-2015	03:25:34	<-	L	00000000	 22	 69	 54	 47	  0	267	  0	  4	  4	  4	  4	  4	  4	  4	  4	  0	  0	  0	  0	  0	  0	  0	  0	  0	  0	  0	  0	  0	  0	  0	  0	  0	  0	  0	  0	  0	  0	  0	  0	 69	 54	 46	 62	  0	 65	  0	  0	  0	  0	  0	  0	  0	  0	  0	  0	  0	  5	17975	  0
29-05-2015	03:30:34	<-	L	00000000	 22	 76	 55	 32	  0	272	  0	  4	  4	  4	  4	  4	  4	  4	  4	  0	  0	  0	  0	  0	  0	  0	  0	  0	  0	  0	  0	  0	  0	  0	  0	  0	  0	  0	  0	  0	  0	  0	  0	 76	 55	 32	 65	  0	 59	  0	  0	  0	  0	  0	  0	  0	  0	  0	  0	  0	  5	17975	  0
29-05-2015	03:35:35	<-	L	00000000	 22	 70	 55	 43	  0	277	  0	  4	  4	  4	  4	  4	  4	  4	  4	  0	  0	  0	  0	  0	  0	  0	  0	  0	  0	  0	  0	  0	  0	  0	  0	  0	  0	  0	  0	  0	  0	  0	  0	 70	 55	 46	 63	  0	 66	  0	  0	  0	  0	  0	  0	  0	  0	  0	  0	  0	  5	17975	  0
29-05-2015	03:40:34	<-	L	00000000	 22	 70	 55	 48	  0	282	  0	  4	  4	  4	  4	  4	  4	  4	  4	  0	  0	  0	  0	  0	  0	  0	  0	  0	  0	  0	  0	  0	  0	  0	  0	  0	  0	  0	  0	  0	  0	  0	  0	 70	 55	 46	 63	  0	 66	  0	  0	  0	  0	  0	  0	  0	  0	  0	  0	  0	  5	17975	  0
29-05-2015	03:45:35	<-	L	00000000	 22	 76	 55	 32	  0	287	  0	  4	  4	  4	  4	  4	  4	  4	  4	  0	  0	  0	  0	  0	  0	  0	  0	  0	  0	  0	  0	  0	  0	  0	  0	  0	  0	  0	  0	  0	  0	  0	  0	 76	 55	 32	 66	  0	 56	  0	  0	  0	  0	  0	  0	  0	  0	  0	  0	  0	  5	17975	  0
29-05-2015	03:50:34	<-	L	00000000	 22	 71	 55	 41	  0	292	  0	  4	  4	  4	  4	  4	  4	  4	  4	  0	  0	  0	  0	  0	  0	  0	  0	  0	  0	  0	  0	  0	  0	  0	  0	  0	  0	  0	  0	  0	  0	  0	  0	 71	 55	 43	 64	  0	 62	  0	  0	  0	  0	  0	  0	  0	  0	  0	  0	  0	  5	17975	  0
29-05-2015	03:55:34	<-	L	00000000	 22	 69	 55	 50	  0	297	  0	  4	  4	  4	  4	  4	  4	  4	  4	  0	  0	  0	  0	  0	  0	  0	  0	  0	  0	  0	  0	  0	  0	  0	  0	  0	  0	  0	  0	  0	  0	  0	  0	 69	 55	 48	 63	  0	 66	  0	  0	  0	  0	  0	  0	  0	  0	  0	  0	  0	  5	17975	  0
29-05-2015	04:00:34	<-	L	00000000	 22	 76	 55	 32	  0	302	  0	  4	  4	  4	  4	  4	  4	  4	  4	  0	  0	  0	  0	  0	  0	  0	  0	  0	  0	  0	  0	  0	  0	  0	  0	  0	  0	  0	  0	  0	  0	  0	  0	 76	 55	 32	 66	  0	 56	  0	  0	  0	  0	  0	  0	  0	  0	  0	  0	  0	  5	17975	  0
29-05-2015	04:05:35	<-	L	00000000	 22	 70	 55	 43	  0	307	  0	  4	  4	  4	  4	  4	  4	  4	  4	  0	  0	  0	  0	  0	  0	  0	  0	  0	  0	  0	  0	  0	  0	  0	  0	  0	  0	  0	  0	  0	  0	  0	  0	 70	 55	 46	 64	  0	 62	  0	  0	  0	  0	  0	  0	  0	  0	  0	  0	  0	  5	17975	  0
29-05-2015	04:10:35	<-	L	00000000	 22	 71	 55	 48	  0	312	  0	  4	  4	  4	  4	  4	  4	  4	  4	  0	  0	  0	  0	  0	  0	  0	  0	  0	  0	  0	  0	  0	  0	  0	  0	  0	  0	  0	  0	  0	  0	  0	  0	 71	 55	 43	 64	  0	 62	  0	  0	  0	  0	  0	  0	  0	  0	  0	  0	  0	  5	17975	  0
29-05-2015	04:15:35	<-	L	00000000	 22	 75	 55	 35	  0	317	  0	  4	  4	  4	  4	  4	  4	  4	  4	  0	  0	  0	  0	  0	  0	  0	  0	  0	  0	  0	  0	  0	  0	  0	  0	  0	  0	  0	  0	  0	  0	  0	  0	 75	 55	 35	 66	  0	 56	  0	  0	  0	  0	  0	  0	  0	  0	  0	  0	  0	  5	17975	  0
29-05-2015	04:20:35	<-	L	00000000	 22	 69	 55	 46	  0	322	  0	  4	  4	  4	  4	  4	  4	  4	  4	  0	  0	  0	  0	  0	  0	  0	  0	  0	  0	  0	  0	  0	  0	  0	  0	  0	  0	  0	  0	  0	  0	  0	  0	 69	 55	 48	 64	  0	 62	  0	  0	  0	  0	  0	  0	  0	  0	  0	  0	  0	  5	17975	  0
29-05-2015	04:25:35	<-	L	00000000	 22	 73	 55	 43	  0	327	  0	  4	  4	  4	  4	  4	  4	  4	  4	  0	  0	  0	  0	  0	  0	  0	  0	  0	  0	  0	  0	  0	  0	  0	  0	  0	  0	  0	  0	  0	  0	  0	  0	 73	 55	 39	 65	  0	 59	  0	  0	  0	  0	  0	  0	  0	  0	  0	  0	  0	  5	17975	  0
29-05-2015	04:30:35	<-	L	00000000	 22	 74	 56	 37	  0	332	  0	  4	  4	  4	  4	  4	  4	  4	  4	  0	  0	  0	  0	  0	  0	  0	  0	  0	  0	  0	  0	  0	  0	  0	  0	  0	  0	  0	  0	  0	  0	  0	  0	 74	 56	 40	 66	  0	 59	  0	  0	  0	  0	  0	  0	  0	  0	  0	  0	  0	  5	17975	  0
29-05-2015	04:35:35	<-	L	00000000	 22	 75	 55	 39	  0	337	  0	  4	  4	  4	  4	  4	  4	  4	  4	  0	  0	  0	  0	  0	  0	  0	  0	  0	  0	  0	  0	  0	  0	  0	  0	  0	  0	  0	  0	  0	  0	  0	  0	 76	 55	 35	 66	  0	 56	  0	  0	  0	  0	  0	  0	  0	  0	  0	  0	  0	  5	19255	  0
29-05-2015	04:40:35	<-	L	00000000	 22	 76	 57	 36	  0	342	  0	  4	  4	  4	  4	  4	  4	  4	  4	  0	  0	  0	  0	  0	  0	  0	  0	  0	  0	  0	  0	  0	  0	  0	  0	  0	  0	  0	  0	  0	  0	  0	  0	 76	 57	 38	 67	  0	 60	  0	  0	  0	  0	  0	  0	  0	  0	  0	  0	  0	  5	19260	  0
29-05-2015	04:45:35	<-	L	00000000	 22	 76	 57	 41	  0	347	  0	  4	  4	  4	  4	  4	  4	  4	  4	  0	  0	  0	  0	  0	  0	  0	  0	  0	  0	  0	  0	  0	  0	  0	  0	  0	  0	  0	  0	  0	  0	  0	  0	 76	 57	 38	 67	  0	 60	  0	  0	  0	  0	  0	  0	  0	  0	  0	  0	  0	  5	19260	  0
29-05-2015	04:50:35	<-	L	00000000	 22	 76	 57	 36	  0	352	  0	  4	  4	  4	  4	  4	  4	  4	  4	  0	  0	  0	  0	  0	  0	  0	  0	  0	  0	  0	  0	  0	  0	  0	  0	  0	  0	  0	  0	  0	  0	  0	  0	 76	 57	 36	 67	  0	 60	  0	  0	  0	  0	  0	  0	  0	  0	  0	  0	  0	  5	19260	  0
29-05-2015	04:55:35	<-	L	00000000	 22	 77	 58	 41	  0	357	  0	  4	  4	  4	  4	  4	  4	  4	  4	  0	  0	  0	  0	  0	  0	  0	  0	  0	  0	  0	  0	  0	  0	  0	  0	  0	  0	  0	  0	  0	  0	  0	  0	 77	 58	 38	 68	  0	 60	  0	  0	  0	  0	  0	  0	  0	  0	  0	  0	  0	  5	20540	  0
29-05-2015	05:00:35	<-	L	00000000	 23	 86	 59	 30	  0	  1	  0	  4	  4	  4	  4	  4	  4	  4	  4	  0	  0	  0	  0	  0	  0	  0	  0	  0	  0	  0	  0	  0	  0	  0	  0	  0	  0	  0	  0	  0	  0	  0	  0	 86	 59	 28	 72	  0	 51	  0	  0	  0	  0	  0	  0	  0	  0	  0	  0	  0	  5	21821	  0
29-05-2015	05:05:35	<-	L	00000000	 23	 81	 59	 34	  0	  6	  0	  4	  4	  4	  4	  4	  4	  4	  4	  0	  0	  0	  0	  0	  0	  0	  0	  0	  0	  0	  0	  0	  0	  0	  0	  0	  0	  0	  0	  0	  0	  0	  0	 81	 59	 34	 71	  0	 55	  0	  0	  0	  0	  0	  0	  0	  0	  0	  0	  0	  5	21821	  0
29-05-2015	05:10:36	<-	L	00000000	 23	 86	 60	 30	  0	 11	  0	  4	  4	  4	  4	  4	  4	  4	  4	  0	  0	  0	  0	  0	  0	  0	  0	  0	  0	  0	  0	  0	  0	  0	  0	  0	  0	  0	  0	  0	  0	  0	  0	 86	 60	 30	 73	  0	 52	  0	  0	  0	  0	  0	  0	  0	  0	  0	  0	  0	  5	21821	  0
29-05-2015	05:15:36	<-	L	00000000	 23	 81	 60	 38	  0	 16	  0	  4	  4	  4	  4	  4	  4	  4	  4	  0	  0	  0	  0	  0	  0	  0	  0	  0	  0	  0	  0	  0	  0	  0	  0	  0	  0	  0	  0	  0	  0	  0	  0	 81	 60	 35	 71	  0	 57	  0	  0	  0	  0	  0	  0	  0	  0	  0	  0	  0	  5	21821	  0
29-05-2015	05:20:36	<-	L	00000000	 23	 86	 61	 30	  0	 21	  0	  4	  4	  4	  4	  4	  4	  4	  4	  0	  0	  0	  0	  0	  0	  0	  0	  0	  0	  0	  0	  0	  0	  0	  0	  0	  0	  0	  0	  0	  0	  0	  0	 86	 61	 30	 74	  0	 52	  0	  0	  0	  0	  0	  0	  0	  0	  0	  0	  0	  5	21821	  0
29-05-2015	05:25:36	<-	L	00000000	 23	 83	 61	 35	  0	 26	  0	  4	  4	  4	  4	  4	  4	  4	  4	  0	  0	  0	  0	  0	  0	  0	  0	  0	  0	  0	  0	  0	  0	  0	  0	  0	  0	  0	  0	  0	  0	  0	  0	 83	 61	 35	 72	  0	 58	  0	  0	  0	  0	  0	  0	  0	  0	  0	  0	  0	  5	21821	  0
29-05-2015	05:30:36	<-	L	00000000	 23	 85	 61	 30	  0	 31	  0	  4	  4	  4	  4	  4	  4	  4	  4	  0	  0	  0	  0	  0	  0	  0	  0	  0	  0	  0	  0	  0	  0	  0	  0	  0	  0	  0	  0	  0	  0	  0	  0	 85	 61	 32	 74	  0	 52	  0	  0	  0	  0	  0	  0	  0	  0	  0	  0	  0	  5	21821	  0
29-05-2015	05:35:36	<-	L	00000000	 23	 84	 61	 35	  0	 36	  0	  4	  4	  4	  4	  4	  4	  4	  4	  0	  0	  0	  0	  0	  0	  0	  0	  0	  0	  0	  0	  0	  0	  0	  0	  0	  0	  0	  0	  0	  0	  0	  0	 84	 61	 32	 73	  0	 55	  0	  0	  0	  0	  0	  0	  0	  0	  0	  0	  0	  5	21821	  0
29-05-2015	05:40:36	<-	L	00000000	 23	 86	 61	 30	  0	 41	  0	  4	  4	  4	  4	  4	  4	  4	  4	  0	  0	  0	  0	  0	  0	  0	  0	  0	  0	  0	  0	  0	  0	  0	  0	  0	  0	  0	  0	  0	  0	  0	  0	 86	 61	 30	 74	  0	 52	  0	  0	  0	  0	  0	  0	  0	  0	  0	  0	  0	  5	21821	  0
29-05-2015	05:45:36	<-	L	00000000	 23	 84	 61	 35	  0	 46	  0	  4	  4	  4	  4	  4	  4	  4	  4	  0	  0	  0	  0	  0	  0	  0	  0	  0	  0	  0	  0	  0	  0	  0	  0	  0	  0	  0	  0	  0	  0	  0	  0	 84	 61	 32	 73	  0	 55	  0	  0	  0	  0	  0	  0	  0	  0	  0	  0	  0	  5	21821	  0
29-05-2015	05:50:36	<-	L	00000000	 23	 83	 61	 32	  0	 51	  0	  4	  4	  4	  4	  4	  4	  4	  4	  0	  0	  0	  0	  0	  0	  0	  0	  0	  0	  0	  0	  0	  0	  0	  0	  0	  0	  0	  0	  0	  0	  0	  0	 83	 61	 35	 73	  0	 55	  0	  0	  0	  0	  0	  0	  0	  0	  0	  0	  0	  5	21821	  0
29-05-2015	05:55:37	<-	L	00000000	 23	 85	 61	 32	  0	 56	  0	  4	  4	  4	  4	  4	  4	  4	  4	  0	  0	  0	  0	  0	  0	  0	  0	  0	  0	  0	  0	  0	  0	  0	  0	  0	  0	  0	  0	  0	  0	  0	  0	 85	 61	 32	 73	  0	 55	  0	  0	  0	  0	  0	  0	  0	  0	  0	  0	  0	  5	21821	  0
29-05-2015	06:00:36	<-	L	00000000	 23	 84	 61	 32	  0	 61	  0	  4	  4	  4	  4	  4	  4	  4	  4	  0	  0	  0	  0	  0	  0	  0	  0	  0	  0	  0	  0	  0	  0	  0	  0	  0	  0	  0	  0	  0	  0	  0	  0	 84	 61	 32	 74	  0	 52	  0	  0	  0	  0	  0	  0	  0	  0	  0	  0	  0	  5	21821	  0
29-05-2015	06:05:36	<-	L	00000000	 23	 84	 61	 35	  0	 66	  0	  4	  4	  4	  4	  4	  4	  4	  4	  0	  0	  0	  0	  0	  0	  0	  0	  0	  0	  0	  0	  0	  0	  0	  0	  0	  0	  0	  0	  0	  0	  0	  0	 84	 61	 32	 74	  0	 52	  0	  0	  0	  0	  0	  0	  0	  0	  0	  0	  0	  5	21821	  0
29-05-2015	06:10:36	  	L	00000000	 23	 85	 61	 32	  0	 71	  0	  4	  4	  4	  4	  4	  4	  4	  4	  0	  0	  0	  0	  0	  0	  0	  0	  0	  0	  0	  0	  0	  0	  0	  0	  0	  0	  0	  0	  0	  0	  0	  0	 85	 61	 32	 74	  0	 52	  0	  0	  0	  0	  0	  0	  0	  0	  0	  0	  0	  5	21821	  0
29-05-2015	06:15:36	->	L	00000000	 23	 87	 61	 30	  0	 76	  0	  4	  4	  4	  4	  4	  4	  4	  4	  0	  0	  0	  0	  0	  0	  0	  0	  0	  0	  0	  0	  0	  0	  0	  0	  0	  0	  0	  0	  0	  0	  0	  0	 73	 61	 55	 87	  0	 30	  0	  0	  0	  0	  0	  0	  0	  0	  0	  0	  0	  5	21821	  0
29-05-2015	06:20:36	->	L	00000000	 23	 82	 61	 35	  0	 81	  0	  4	  4	  4	  4	  4	  4	  4	  4	  0	  0	  0	  0	  0	  0	  0	  0	  0	  0	  0	  0	  0	  0	  0	  0	  0	  0	  0	  0	  0	  0	  0	  0	 71	 61	 61	 82	  0	 35	  0	  0	  0	  0	  0	  0	  0	  0	  0	  0	  0	  5	21821	  0
29-05-2015	06:25:37	->	L	00000000	 23	 87	 61	 30	  0	 86	  0	  4	  4	  4	  4	  4	  4	  4	  4	  0	  0	  0	  0	  0	  0	  0	  0	  0	  0	  0	  0	  0	  0	  0	  0	  0	  0	  0	  0	  0	  0	  0	  0	 70	 61	 64	 87	  0	 30	  0	  0	  0	  0	  0	  0	  0	  0	  0	  0	  0	  5	21821	  0
29-05-2015	06:30:37	->	L	00000000	 23	 82	 61	 35	  0	 91	  0	  4	  4	  4	  4	  4	  4	  4	  4	  0	  0	  0	  0	  0	  0	  0	  0	  0	  0	  0	  0	  0	  0	  0	  0	  0	  0	  0	  0	  0	  0	  0	  0	 70	 61	 64	 82	  0	 35	  0	  0	  0	  0	  0	  0	  0	  0	  0	  0	  0	  5	21821	  0
29-05-2015	06:35:37	->	L	00000000	 23	 86	 61	 32	  0	 96	  0	  4	  4	  4	  4	  4	  4	  4	  4	  0	  0	  0	  0	  0	  0	  0	  0	  0	  0	  0	  0	  0	  0	  0	  0	  0	  0	  0	  0	  0	  0	  0	  0	 71	 61	 61	 86	  0	 30	  0	  0	  0	  0	  0	  0	  0	  0	  0	  0	  0	  5	21821	  0
29-05-2015	06:40:37	->	L	00000000	 23	 84	 61	 32	  0	101	  0	  4	  4	  4	  4	  4	  4	  4	  4	  0	  0	  0	  0	  0	  0	  0	  0	  0	  0	  0	  0	  0	  0	  0	  0	  0	  0	  0	  0	  0	  0	  0	  0	 71	 61	 61	 84	  0	 32	  0	  0	  0	  0	  0	  0	  0	  0	  0	  0	  0	  5	21821	  0
29-05-2015	06:45:37	->	L	00000000	 23	 84	 61	 35	  0	106	  0	  4	  4	  4	  4	  4	  4	  4	  4	  0	  0	  0	  0	  0	  0	  0	  0	  0	  0	  0	  0	  0	  0	  0	  0	  0	  0	  0	  0	  0	  0	  0	  0	 70	 61	 64	 84	  0	 32	  0	  0	  0	  0	  0	  0	  0	  0	  0	  0	  0	  5	21821	  0
29-05-2015	06:50:38	->	L	00000000	 23	 87	 61	 30	  0	111	  0	  4	  4	  4	  4	  4	  4	  4	  4	  0	  0	  0	  0	  0	  0	  0	  0	  0	  0	  0	  0	  0	  0	  0	  0	  0	  0	  0	  0	  0	  0	  0	  0	 72	 61	 58	 87	  0	 30	  0	  0	  0	  0	  0	  0	  0	  0	  0	  0	  0	  5	21821	  0
29-05-2015	06:55:37	->	L	00000000	 23	 81	 61	 38	  0	116	  0	  4	  4	  4	  4	  4	  4	  4	  4	  0	  0	  0	  0	  0	  0	  0	  0	  0	  0	  0	  0	  0	  0	  0	  0	  0	  0	  0	  0	  0	  0	  0	  0	 69	 61	 67	 81	  0	 38	  0	  0	  0	  0	  0	  0	  0	  0	  0	  0	  0	  5	21821	  0
29-05-2015	07:00:37	->	L	00000000	 23	 86	 61	 30	  0	121	  0	  4	  4	  4	  4	  4	  4	  4	  4	  0	  0	  0	  0	  0	  0	  0	  0	  0	  0	  0	  0	  0	  0	  0	  0	  0	  0	  0	  0	  0	  0	  0	  0	 72	 61	 58	 86	  0	 30	  0	  0	  0	  0	  0	  0	  0	  0	  0	  0	  0	  5	21821	  0
29-05-2015	07:05:37	->	L	00000000	 23	 82	 61	 35	  0	126	  0	  4	  4	  4	  4	  4	  4	  4	  4	  0	  0	  0	  0	  0	  0	  0	  0	  0	  0	  0	  0	  0	  0	  0	  0	  0	  0	  0	  0	  0	  0	  0	  0	 70	 61	 64	 82	  0	 35	  0	  0	  0	  0	  0	  0	  0	  0	  0	  0	  0	  5	21821	  0
29-05-2015	07:10:37	->	L	00000000	 23	 86	 61	 32	  0	131	  0	  4	  4	  4	  4	  4	  4	  4	  4	  0	  0	  0	  0	  0	  0	  0	  0	  0	  0	  0	  0	  0	  0	  0	  0	  0	  0	  0	  0	  0	  0	  0	  0	 71	 61	 61	 86	  0	 30	  0	  0	  0	  0	  0	  0	  0	  0	  0	  0	  0	  5	21821	  0
29-05-2015	07:15:37	->	L	00000000	 23	 83	 61	 32	  0	136	  0	  4	  4	  4	  4	  4	  4	  4	  4	  0	  0	  0	  0	  0	  0	  0	  0	  0	  0	  0	  0	  0	  0	  0	  0	  0	  0	  0	  0	  0	  0	  0	  0	 71	 61	 61	 83	  0	 35	  0	  0	  0	  0	  0	  0	  0	  0	  0	  0	  0	  5	21821	  0
29-05-2015	07:20:37	->	L	00000000	 23	 85	 61	 32	  0	141	  0	  4	  4	  4	  4	  4	  4	  4	  4	  0	  0	  0	  0	  0	  0	  0	  0	  0	  0	  0	  0	  0	  0	  0	  0	  0	  0	  0	  0	  0	  0	  0	  0	 70	 61	 64	 85	  0	 32	  0	  0	  0	  0	  0	  0	  0	  0	  0	  0	  0	  5	21821	  0
29-05-2015	07:25:37	->	L	00000000	 23	 86	 61	 30	  0	146	  0	  4	  4	  4	  4	  4	  4	  4	  4	  0	  0	  0	  0	  0	  0	  0	  0	  0	  0	  0	  0	  0	  0	  0	  0	  0	  0	  0	  0	  0	  0	  0	  0	 72	 61	 58	 86	  0	 30	  0	  0	  0	  0	  0	  0	  0	  0	  0	  0	  0	  5	21821	  0
29-05-2015	07:30:37	->	L	00000000	 23	 84	 61	 35	  0	151	  0	  4	  4	  4	  4	  4	  4	  4	  4	  0	  0	  0	  0	  0	  0	  0	  0	  0	  0	  0	  0	  0	  0	  0	  0	  0	  0	  0	  0	  0	  0	  0	  0	 71	 61	 61	 84	  0	 32	  0	  0	  0	  0	  0	  0	  0	  0	  0	  0	  0	  5	21821	  0
29-05-2015	07:35:37	->	L	00000000	 23	 85	 61	 30	  0	156	  0	  4	  4	  4	  4	  4	  4	  4	  4	  0	  0	  0	  0	  0	  0	  0	  0	  0	  0	  0	  0	  0	  0	  0	  0	  0	  0	  0	  0	  0	  0	  0	  0	 72	 61	 58	 85	  0	 32	  0	  0	  0	  0	  0	  0	  0	  0	  0	  0	  0	  5	21821	  0
29-05-2015	07:40:38	->	L	00000000	 23	 84	 61	 35	  0	161	  0	  4	  4	  4	  4	  4	  4	  4	  4	  0	  0	  0	  0	  0	  0	  0	  0	  0	  0	  0	  0	  0	  0	  0	  0	  0	  0	  0	  0	  0	  0	  0	  0	 71	 61	 61	 84	  0	 32	  0	  0	  0	  0	  0	  0	  0	  0	  0	  0	  0	  5	21821	  0
29-05-2015	07:45:38	->	L	00000000	 23	 85	 61	 30	  0	166	  0	  4	  4	  4	  4	  4	  4	  4	  4	  0	  0	  0	  0	  0	  0	  0	  0	  0	  0	  0	  0	  0	  0	  0	  0	  0	  0	  0	  0	  0	  0	  0	  0	 71	 61	 61	 85	  0	 32	  0	  0	  0	  0	  0	  0	  0	  0	  0	  0	  0	  5	21821	  0
29-05-2015	07:50:38	->	L	00000000	 23	 83	 61	 34	  0	171	  0	  4	  4	  4	  4	  4	  4	  4	  4	  0	  0	  0	  0	  0	  0	  0	  0	  0	  0	  0	  0	  0	  0	  0	  0	  0	  0	  0	  0	  0	  0	  0	  0	 70	 61	 64	 83	  0	 35	  0	  0	  0	  0	  0	  0	  0	  0	  0	  0	  0	  5	21821	  0
29-05-2015	07:55:38	->	L	00000000	 23	 87	 61	 31	  0	176	  0	  4	  4	  4	  4	  4	  4	  4	  4	  0	  0	  0	  0	  0	  0	  0	  0	  0	  0	  0	  0	  0	  0	  0	  0	  0	  0	  0	  0	  0	  0	  0	  0	 72	 61	 58	 87	  0	 30	  0	  0	  0	  0	  0	  0	  0	  0	  0	  0	  0	  5	21821	  0
29-05-2015	08:00:38	->	L	00000000	 23	 82	 61	 35	  0	181	  0	  4	  4	  4	  4	  4	  4	  4	  4	  0	  0	  0	  0	  0	  0	  0	  0	  0	  0	  0	  0	  0	  0	  0	  0	  0	  0	  0	  0	  0	  0	  0	  0	 71	 61	 61	 82	  0	 35	  0	  0	  0	  0	  0	  0	  0	  0	  0	  0	  0	  5	21821	  0
29-05-2015	08:05:38	->	L	00000000	 23	 87	 61	 30	  0	186	  0	  4	  4	  4	  4	  4	  4	  4	  4	  0	  0	  0	  0	  0	  0	  0	  0	  0	  0	  0	  0	  0	  0	  0	  0	  0	  0	  0	  0	  0	  0	  0	  0	 72	 61	 58	 87	  0	 30	  0	  0	  0	  0	  0	  0	  0	  0	  0	  0	  0	  5	21821	  0
29-05-2015	08:10:38	->	L	00000000	 23	 81	 61	 35	  0	191	  0	  4	  4	  4	  4	  4	  4	  4	  4	  0	  0	  0	  0	  0	  0	  0	  0	  0	  0	  0	  0	  0	  0	  0	  0	  0	  0	  0	  0	  0	  0	  0	  0	 70	 61	 64	 81	  0	 38	  0	  0	  0	  0	  0	  0	  0	  0	  0	  0	  0	  5	21821	  0
29-05-2015	08:15:38	->	L	00000000	 23	 86	 61	 32	  0	196	  0	  4	  4	  4	  4	  4	  4	  4	  4	  0	  0	  0	  0	  0	  0	  0	  0	  0	  0	  0	  0	  0	  0	  0	  0	  0	  0	  0	  0	  0	  0	  0	  0	 72	 61	 58	 86	  0	 30	  0	  0	  0	  0	  0	  0	  0	  0	  0	  0	  0	  5	21821	  0
29-05-2015	08:20:38	->	L	00000000	 23	 84	 61	 32	  0	201	  0	  4	  4	  4	  4	  4	  4	  4	  4	  0	  0	  0	  0	  0	  0	  0	  0	  0	  0	  0	  0	  0	  0	  0	  0	  0	  0	  0	  0	  0	  0	  0	  0	 71	 61	 61	 84	  0	 32	  0	  0	  0	  0	  0	  0	  0	  0	  0	  0	  0	  5	21821	  0
29-05-2015	08:25:38	->	L	00000000	 23	 82	 61	 35	  0	206	  0	  4	  4	  4	  4	  4	  4	  4	  4	  0	  0	  0	  0	  0	  0	  0	  0	  0	  0	  0	  0	  0	  0	  0	  0	  0	  0	  0	  0	  0	  0	  0	  0	 70	 61	 64	 82	  0	 35	  0	  0	  0	  0	  0	  0	  0	  0	  0	  0	  0	  5	21821	  0
29-05-2015	08:30:38	->	L	00000000	 23	 86	 61	 32	  0	211	  0	  4	  4	  4	  4	  4	  4	  4	  4	  0	  0	  0	  0	  0	  0	  0	  0	  0	  0	  0	  0	  0	  0	  0	  0	  0	  0	  0	  0	  0	  0	  0	  0	 72	 61	 58	 86	  0	 30	  0	  0	  0	  0	  0	  0	  0	  0	  0	  0	  0	  5	21821	  0
29-05-2015	08:35:38	->	L	00000000	 23	 84	 61	 32	  0	216	  0	  4	  4	  4	  4	  4	  4	  4	  4	  0	  0	  0	  0	  0	  0	  0	  0	  0	  0	  0	  0	  0	  0	  0	  0	  0	  0	  0	  0	  0	  0	  0	  0	 70	 61	 64	 84	  0	 32	  0	  0	  0	  0	  0	  0	  0	  0	  0	  0	  0	  5	21821	  0
29-05-2015	08:40:39	->	L	00000000	 23	 83	 61	 35	  0	221	  0	  4	  4	  4	  4	  4	  4	  4	  4	  0	  0	  0	  0	  0	  0	  0	  0	  0	  0	  0	  0	  0	  0	  0	  0	  0	  0	  0	  0	  0	  0	  0	  0	 70	 61	 64	 83	  0	 35	  0	  0	  0	  0	  0	  0	  0	  0	  0	  0	  0	  5	21821	  0
29-05-2015	08:45:38	->	L	00000000	 23	 86	 62	 33	  0	226	  0	  4	  4	  4	  4	  4	  4	  4	  4	  0	  0	  0	  0	  0	  0	  0	  0	  0	  0	  0	  0	  0	  0	  0	  0	  0	  0	  0	  0	  0	  0	  0	  0	 72	 62	 61	 86	  0	 33	  0	  0	  0	  0	  0	  0	  0	  0	  0	  0	  0	  5	21821	  0
29-05-2015	08:50:38	->	L	00000000	 23	 81	 61	 35	  0	231	  0	  4	  4	  4	  4	  4	  4	  4	  4	  0	  0	  0	  0	  0	  0	  0	  0	  0	  0	  0	  0	  0	  0	  0	  0	  0	  0	  0	  0	  0	  0	  0	  0	 70	 61	 64	 81	  0	 38	  0	  0	  0	  0	  0	  0	  0	  0	  0	  0	  0	  5	21821	  0
29-05-2015	08:55:39	->	L	00000000	 23	 83	 61	 35	  0	236	  0	  4	  4	  4	  4	  4	  4	  4	  4	  0	  0	  0	  0	  0	  0	  0	  0	  0	  0	  0	  0	  0	  0	  0	  0	  0	  0	  0	  0	  0	  0	  0	  0	 71	 61	 61	 83	  0	 35	  0	  0	  0	  0	  0	  0	  0	  0	  0	  0	  0	  5	21821	  0
29-05-2015	09:00:39	->	L	00000000	 23	 85	 61	 32	  0	241	  0	  4	  4	  4	  4	  4	  4	  4	  4	  0	  0	  0	  0	  0	  0	  0	  0	  0	  0	  0	  0	  0	  0	  0	  0	  0	  0	  0	  0	  0	  0	  0	  0	 71	 61	 61	 85	  0	 32	  0	  0	  0	  0	  0	  0	  0	  0	  0	  0	  0	  5	21821	  0
29-05-2015	09:05:39	->	L	00000000	 23	 82	 61	 35	  0	246	  0	  4	  4	  4	  4	  4	  4	  4	  4	  0	  0	  0	  0	  0	  0	  0	  0	  0	  0	  0	  0	  0	  0	  0	  0	  0	  0	  0	  0	  0	  0	  0	  0	 70	 61	 64	 82	  0	 35	  0	  0	  0	  0	  0	  0	  0	  0	  0	  0	  0	  5	21821	  0
29-05-2015	09:10:39	->	L	00000000	 23	 84	 61	 35	  0	251	  0	  4	  4	  4	  4	  4	  4	  4	  4	  0	  0	  0	  0	  0	  0	  0	  0	  0	  0	  0	  0	  0	  0	  0	  0	  0	  0	  0	  0	  0	  0	  0	  0	 71	 61	 61	 84	  0	 32	  0	  0	  0	  0	  0	  0	  0	  0	  0	  0	  0	  5	21821	  0
29-05-2015	09:15:39	<-	L	00000000	 23	 82	 63	 43	  0	256	  0	  4	  4	  4	  4	  4	  4	  4	  4	  0	  0	  0	  0	  0	  0	  0	  0	  0	  0	  0	  0	  0	  0	  0	  0	  0	  0	  0	  0	  0	  0	  0	  0	 82	 63	 40	 78	  0	 49	  0	  0	  0	  0	  0	  0	  0	  0	  0	  0	  0	  5	21821	  0
29-05-2015	09:20:39	<-	L	00000000	 23	 86	 61	 32	  0	261	  0	  4	  4	  4	  4	  4	  4	  4	  4	  0	  0	  0	  0	  0	  0	  0	  0	  0	  0	  0	  0	  0	  0	  0	  0	  0	  0	  0	  0	  0	  0	  0	  0	 86	 61	 30	 77	  0	 46	  0	  0	  0	  0	  0	  0	  0	  0	  0	  0	  0	  5	21821	  0
29-05-2015	09:25:39	<-	L	00000000	 23	 82	 60	 35	  0	266	  0	  4	  4	  4	  4	  4	  4	  4	  4	  0	  0	  0	  0	  0	  0	  0	  0	  0	  0	  0	  0	  0	  0	  0	  0	  0	  0	  0	  0	  0	  0	  0	  0	 82	 60	 34	 75	  0	 48	  0	  0	  0	  0	  0	  0	  0	  0	  0	  0	  0	  5	21821	  0
29-05-2015	09:30:39	<-	L	00000000	 23	 82	 60	 35	  0	271	  0	  4	  4	  4	  4	  4	  4	  4	  4	  0	  0	  0	  0	  0	  0	  0	  0	  0	  0	  0	  0	  0	  0	  0	  0	  0	  0	  0	  0	  0	  0	  0	  0	 82	 60	 34	 74	  0	 49	  0	  0	  0	  0	  0	  0	  0	  0	  0	  0	  0	  5	21821	  0
29-05-2015	09:35:39	<-	L	00000000	 23	 83	 61	 35	  0	276	  0	  4	  4	  4	  4	  4	  4	  4	  4	  0	  0	  0	  0	  0	  0	  0	  0	  0	  0	  0	  0	  0	  0	  0	  0	  0	  0	  0	  0	  0	  0	  0	  0	 83	 61	 35	 75	  0	 50	  0	  0	  0	  0	  0	  0	  0	  0	  0	  0	  0	  5	21821	  0
29-05-2015	09:40:39	<-	L	00000000	 23	 80	 60	 35	  0	281	  0	  4	  4	  4	  4	  4	  4	  4	  4	  0	  0	  0	  0	  0	  0	  0	  0	  0	  0	  0	  0	  0	  0	  0	  0	  0	  0	  0	  0	  0	  0	  0	  0	 80	 60	 38	 74	  0	 49	  0	  0	  0	  0	  0	  0	  0	  0	  0	  0	  0	  5	21821	  0
29-05-2015	09:45:40	<-	L	00000000	 23	 68	 60	 64	  0	286	  0	  4	  4	  4	  4	  4	  4	  4	  4	  0	  0	  0	  0	  0	  0	  0	  0	  0	  0	  0	  0	  0	  0	  0	  0	  0	  0	  0	  0	  0	  0	  0	  0	 68	 60	 67	 68	  0	 67	  0	  0	  0	  0	  0	  0	  0	  0	  0	  0	  0	  5	21821	  0
29-05-2015	09:50:39	<-	L	00000000	 23	 67	 60	 70	  0	291	  0	  4	  4	  4	  4	  4	  4	  4	  4	  0	  0	  0	  0	  0	  0	  0	  0	  0	  0	  0	  0	  0	  0	  0	  0	  0	  0	  0	  0	  0	  0	  0	  0	 67	 60	 70	 66	  0	 73	  0	  0	  0	  0	  0	  0	  0	  0	  0	  0	  0	  5	21821	  0
29-05-2015	09:55:39	<-	L	00000000	 23	 66	 59	 70	  0	296	  0	  4	  4	  4	  4	  4	  4	  4	  4	  0	  0	  0	  0	  0	  0	  0	  0	  0	  0	  0	  0	  0	  0	  0	  0	  0	  0	  0	  0	  0	  0	  0	  0	 66	 59	 70	 65	  0	 73	  0	  0	  0	  0	  0	  0	  0	  0	  0	  0	  0	  5	21821	  0
29-05-2015	10:00:40	<-	L	00000000	 23	 65	 59	 73	  0	301	  0	  4	  4	  4	  4	  4	  4	  4	  4	  0	  0	  0	  0	  0	  0	  0	  0	  0	  0	  0	  0	  0	  0	  0	  0	  0	  0	  0	  0	  0	  0	  0	  0	 65	 59	 73	 64	  0	 79	  0	  0	  0	  0	  0	  0	  0	  0	  0	  0	  0	  5	21821	  0
29-05-2015	10:05:40	<-	L	00000000	 23	 64	 58	 73	  0	306	  0	  4	  4	  4	  4	  4	  4	  4	  4	  0	  0	  0	  0	  0	  0	  0	  0	  0	  0	  0	  0	  0	  0	  0	  0	  0	  0	  0	  0	  0	  0	  0	  0	 64	 58	 73	 63	  0	 79	  0	  0	  0	  0	  0	  0	  0	  0	  0	  0	  0	  5	21821	  0
29-05-2015	10:10:40	<-	L	00000000	 23	 63	 58	 79	  0	311	  0	  4	  4	  4	  4	  4	  4	  4	  4	  0	  0	  0	  0	  0	  0	  0	  0	  0	  0	  0	  0	  0	  0	  0	  0	  0	  0	  0	  0	  0	  0	  0	  0	 63	 58	 79	 62	  0	 81	  0	  0	  0	  0	  0	  0	  0	  0	  0	  0	  0	  5	21821	  0
29-05-2015	10:15:40	<-	L	00000000	 23	 63	 57	 73	  0	316	  0	  4	  4	  4	  4	  4	  4	  4	  4	  0	  0	  0	  0	  0	  0	  0	  0	  0	  0	  0	  0	  0	  0	  0	  0	  0	  0	  0	  0	  0	  0	  0	  0	 63	 57	 73	 62	  0	 78	  0	  0	  0	  0	  0	  0	  0	  0	  0	  0	  0	  5	21821	  0
29-05-2015	10:20:40	<-	L	00000000	 23	 62	 57	 78	  0	321	  0	  4	  4	  4	  4	  4	  4	  4	  4	  0	  0	  0	  0	  0	  0	  0	  0	  0	  0	  0	  0	  0	  0	  0	  0	  0	  0	  0	  0	  0	  0	  0	  0	 62	 57	 78	 61	  0	 81	  0	  0	  0	  0	  0	  0	  0	  0	  0	  0	  0	  5	21821	  0
29-05-2015	10:25:40	<-	L	00000000	 23	 61	 56	 78	  0	326	  0	  4	  4	  4	  4	  4	  4	  4	  4	  0	  0	  0	  0	  0	  0	  0	  0	  0	  0	  0	  0	  0	  0	  0	  0	  0	  0	  0	  0	  0	  0	  0	  0	 61	 56	 78	 61	  0	 78	  0	  0	  0	  0	  0	  0	  0	  0	  0	  0	  0	  5	21821	  0
29-05-2015	10:30:40	<-	L	00000000	 23	 61	 56	 78	  0	331	  0	  4	  4	  4	  4	  4	  4	  4	  4	  0	  0	  0	  0	  0	  0	  0	  0	  0	  0	  0	  0	  0	  0	  0	  0	  0	  0	  0	  0	  0	  0	  0	  0	 61	 56	 78	 60	  0	 81	  0	  0	  0	  0	  0	  0	  0	  0	  0	  0	  0	  5	21821	  0
29-05-2015	10:35:40	<-	L	00000000	 23	 61	 56	 81	  0	336	  0	  4	  4	  4	  4	  4	  4	  4	  4	  0	  0	  0	  0	  0	  0	  0	  0	  0	  0	  0	  0	  0	  0	  0	  0	  0	  0	  0	  0	  0	  0	  0	  0	 61	 56	 78	 60	  0	 81	  0	  0	  0	  0	  0	  0	  0	  0	  0	  0	  0	  5	21821	  0
29-05-2015	10:40:40	<-	L	00000000	 23	 60	 55	 78	  0	341	  0	  4	  4	  4	  4	  4	  4	  4	  4	  0	  0	  0	  0	  0	  0	  0	  0	  0	  0	  0	  0	  0	  0	  0	  0	  0	  0	  0	  0	  0	  0	  0	  0	 60	 55	 78	 59	  0	 81	  0	  0	  0	  0	  0	  0	  0	  0	  0	  0	  0	  5	21821	  0
29-05-2015	10:45:40	<-	L	00000000	 23	 60	 55	 78	  0	346	  0	  4	  4	  4	  4	  4	  4	  4	  4	  0	  0	  0	  0	  0	  0	  0	  0	  0	  0	  0	  0	  0	  0	  0	  0	  0	  0	  0	  0	  0	  0	  0	  0	 60	 55	 78	 59	  0	 81	  0	  0	  0	  0	  0	  0	  0	  0	  0	  0	  0	  5	21821	  0
29-05-2015	10:50:40	<-	L	00000000	 23	 59	 54	 78	  0	351	  0	  4	  4	  4	  4	  4	  4	  4	  4	  0	  0	  0	  0	  0	  0	  0	  0	  0	  0	  0	  0	  0	  0	  0	  0	  0	  0	  0	  0	  0	  0	  0	  0	 59	 54	 78	 58	  0	 81	  0	  0	  0	  0	  0	  0	  0	  0	  0	  0	  0	  5	21821	  0
29-05-2015	10:55:40	<-	L	00000000	 23	 59	 54	 78	  0	356	  0	  4	  4	  4	  4	  4	  4	  4	  4	  0	  0	  0	  0	  0	  0	  0	  0	  0	  0	  0	  0	  0	  0	  0	  0	  0	  0	  0	  0	  0	  0	  0	  0	 59	 54	 78	 58	  0	 81	  0	  0	  0	  0	  0	  0	  0	  0	  0	  0	  0	  5	21821	  0
29-05-2015	11:00:41	<-	L	00000000	 24	 58	 54	 81	  0	  0	  0	  4	  4	  4	  4	  4	  4	  4	  4	  0	  0	  0	  0	  0	  0	  0	  0	  0	  0	  0	  0	  0	  0	  0	  0	  0	  0	  0	  0	  0	  0	  0	  0	 58	 54	 81	 57	  0	 86	  0	  0	  0	  0	  0	  0	  0	  0	  0	  0	  0	  5	21820	  0
29-05-2015	11:05:41	<-	L	00000000	 24	 57	 53	 80	  0	  5	  0	  4	  4	  4	  4	  4	  4	  4	  4	  0	  0	  0	  0	  0	  0	  0	  0	  0	  0	  0	  0	  0	  0	  0	  0	  0	  0	  0	  0	  0	  0	  0	  0	 55	 53	 90	 57	  0	 80	  0	  0	  0	  0	  0	  0	  0	  0	  0	  0	  0	  5	21820	  0
29-05-2015	11:10:41	<-	L	00000000	 24	 82	 56	 29	  0	 10	  0	  4	  4	  4	  4	  4	  4	  4	  4	  0	  0	  0	  0	  0	  0	  0	  0	  0	  0	  0	  0	  0	  0	  0	  0	  0	  0	  0	  0	  0	  0	  0	  0	 82	 56	 29	 68	  0	 54	  0	  0	  0	  0	  0	  0	  0	  0	  0	  0	  0	  5	21820	  0
29-05-2015	11:15:41	<-	L	00000000	 24	 84	 57	 29	  0	 15	  0	  4	  4	  4	  4	  4	  4	  4	  4	  0	  0	  0	  0	  0	  0	  0	  0	  0	  0	  0	  0	  0	  0	  0	  0	  0	  0	  0	  0	  0	  0	  0	  0	 84	 57	 27	 70	  0	 51	  0	  0	  0	  0	  0	  0	  0	  0	  0	  0	  0	  5	21820	  0
29-05-2015	11:20:41	<-	L	00000000	 24	 86	 58	 28	  0	 20	  0	  4	  4	  4	  4	  4	  4	  4	  4	  0	  0	  0	  0	  0	  0	  0	  0	  0	  0	  0	  0	  0	  0	  0	  0	  0	  0	  0	  0	  0	  0	  0	  0	 86	 58	 27	 72	  0	 49	  0	  0	  0	  0	  0	  0	  0	  0	  0	  0	  0	  5	21820	  0
29-05-2015	11:25:41	<-	L	00000000	 24	 82	 59	 31	  0	 25	  0	  4	  4	  4	  4	  4	  4	  4	  4	  0	  0	  0	  0	  0	  0	  0	  0	  0	  0	  0	  0	  0	  0	  0	  0	  0	  0	  0	  0	  0	  0	  0	  0	 82	 59	 31	 71	  0	 55	  0	  0	  0	  0	  0	  0	  0	  0	  0	  0	  0	  5	21820	  0
29-05-2015	11:30:41	<-	L	00000000	 24	 84	 59	 31	  0	 30	  0	  4	  4	  4	  4	  4	  4	  4	  4	  0	  0	  0	  0	  0	  0	  0	  0	  0	  0	  0	  0	  0	  0	  0	  0	  0	  0	  0	  0	  0	  0	  0	  0	 84	 59	 29	 72	  0	 51	  0	  0	  0	  0	  0	  0	  0	  0	  0	  0	  0	  5	21820	  0
29-05-2015	11:35:41	<-	L	00000000	 24	 85	 59	 29	  0	 35	  0	  4	  4	  4	  4	  4	  4	  4	  4	  0	  0	  0	  0	  0	  0	  0	  0	  0	  0	  0	  0	  0	  0	  0	  0	  0	  0	  0	  0	  0	  0	  0	  0	 85	 59	 30	 73	  0	 49	  0	  0	  0	  0	  0	  0	  0	  0	  0	  0	  0	  5	21820	  0
29-05-2015	11:40:41	<-	L	00000000	 24	 85	 60	 30	  0	 40	  0	  4	  4	  4	  4	  4	  4	  4	  4	  0	  0	  0	  0	  0	  0	  0	  0	  0	  0	  0	  0	  0	  0	  0	  0	  0	  0	  0	  0	  0	  0	  0	  0	 85	 60	 30	 73	  0	 52	  0	  0	  0	  0	  0	  0	  0	  0	  0	  0	  0	  5	21820	  0
29-05-2015	11:45:42	<-	L	00000000	 24	 85	 60	 30	  0	 45	  0	  4	  4	  4	  4	  4	  4	  4	  4	  0	  0	  0	  0	  0	  0	  0	  0	  0	  0	  0	  0	  0	  0	  0	  0	  0	  0	  0	  0	  0	  0	  0	  0	 85	 60	 30	 73	  0	 52	  0	  0	  0	  0	  0	  0	  0	  0	  0	  0	  0	  5	21820	  0
29-05-2015	11:50:41	<-	L	00000000	 24	 83	 60	 32	  0	 50	  0	  4	  4	  4	  4	  4	  4	  4	  4	  0	  0	  0	  0	  0	  0	  0	  0	  0	  0	  0	  0	  0	  0	  0	  0	  0	  0	  0	  0	  0	  0	  0	  0	 83	 60	 32	 74	  0	 49	  0	  0	  0	  0	  0	  0	  0	  0	  0	  0	  0	  5	21820	  0
29-05-2015	11:55:41	<-	L	00000000	 24	 81	 60	 35	  0	 55	  0	  4	  4	  4	  4	  4	  4	  4	  4	  0	  0	  0	  0	  0	  0	  0	  0	  0	  0	  0	  0	  0	  0	  0	  0	  0	  0	  0	  0	  0	  0	  0	  0	 81	 60	 35	 74	  0	 49	  0	  0	  0	  0	  0	  0	  0	  0	  0	  0	  0	  5	21820	  0
29-05-2015	12:00:41	<-	L	00000000	 24	 80	 60	 38	  0	 60	  0	  4	  4	  4	  4	  4	  4	  4	  4	  0	  0	  0	  0	  0	  0	  0	  0	  0	  0	  0	  0	  0	  0	  0	  0	  0	  0	  0	  0	  0	  0	  0	  0	 80	 60	 38	 74	  0	 49	  0	  0	  0	  0	  0	  0	  0	  0	  0	  0	  0	  5	21820	  0
29-05-2015	12:05:42	<-	L	00000000	 24	 79	 60	 41	  0	 65	  0	  4	  4	  4	  4	  4	  4	  4	  4	  0	  0	  0	  0	  0	  0	  0	  0	  0	  0	  0	  0	  0	  0	  0	  0	  0	  0	  0	  0	  0	  0	  0	  0	 79	 60	 39	 73	  0	 52	  0	  0	  0	  0	  0	  0	  0	  0	  0	  0	  0	  5	21820	  0
29-05-2015	12:10:42	<-	L	00000000	 24	 78	 60	 43	  0	 70	  0	  4	  4	  4	  4	  4	  4	  4	  4	  0	  0	  0	  0	  0	  0	  0	  0	  0	  0	  0	  0	  0	  0	  0	  0	  0	  0	  0	  0	  0	  0	  0	  0	 78	 60	 41	 73	  0	 52	  0	  0	  0	  0	  0	  0	  0	  0	  0	  0	  0	  5	21821	  0
29-05-2015	12:15:42	->	L	00000000	 24	 81	 61	 38	  0	 75	  0	  4	  4	  4	  4	  4	  4	  4	  4	  0	  0	  0	  0	  0	  0	  0	  0	  0	  0	  0	  0	  0	  0	  0	  0	  0	  0	  0	  0	  0	  0	  0	  0	 81	 61	 38	 73	  0	 55	  0	  0	  0	  0	  0	  0	  0	  0	  0	  0	  0	  5	21820	  0
29-05-2015	12:20:42	->	L	00000000	 24	 83	 60	 32	  0	 80	  0	  4	  4	  4	  4	  4	  4	  4	  4	  0	  0	  0	  0	  0	  0	  0	  0	  0	  0	  0	  0	  0	  0	  0	  0	  0	  0	  0	  0	  0	  0	  0	  0	 71	 60	 57	 83	  0	 32	  0	  0	  0	  0	  0	  0	  0	  0	  0	  0	  0	  5	21820	  0
29-05-2015	12:25:43	->	L	00000000	 24	 84	 60	 32	  0	 85	  0	  4	  4	  4	  4	  4	  4	  4	  4	  0	  0	  0	  0	  0	  0	  0	  0	  0	  0	  0	  0	  0	  0	  0	  0	  0	  0	  0	  0	  0	  0	  0	  0	 72	 60	 55	 84	  0	 32	  0	  0	  0	  0	  0	  0	  0	  0	  0	  0	  0	  5	21820	  0
29-05-2015	12:30:42	->	L	00000000	 24	 84	 60	 32	  0	 90	  0	  4	  4	  4	  4	  4	  4	  4	  4	  0	  0	  0	  0	  0	  0	  0	  0	  0	  0	  0	  0	  0	  0	  0	  0	  0	  0	  0	  0	  0	  0	  0	  0	 72	 60	 55	 84	  0	 32	  0	  0	  0	  0	  0	  0	  0	  0	  0	  0	  0	  5	21820	  0
29-05-2015	12:35:42	->	L	00000000	 24	 84	 60	 32	  0	 95	  0	  4	  4	  4	  4	  4	  4	  4	  4	  0	  0	  0	  0	  0	  0	  0	  0	  0	  0	  0	  0	  0	  0	  0	  0	  0	  0	  0	  0	  0	  0	  0	  0	 71	 60	 57	 84	  0	 32	  0	  0	  0	  0	  0	  0	  0	  0	  0	  0	  0	  5	21820	  0
29-05-2015	12:40:42	->	L	00000000	 24	 83	 60	 35	  0	100	  0	  4	  4	  4	  4	  4	  4	  4	  4	  0	  0	  0	  0	  0	  0	  0	  0	  0	  0	  0	  0	  0	  0	  0	  0	  0	  0	  0	  0	  0	  0	  0	  0	 71	 60	 57	 83	  0	 35	  0	  0	  0	  0	  0	  0	  0	  0	  0	  0	  0	  5	21820	  0
29-05-2015	12:45:42	->	L	00000000	 24	 82	 59	 31	  0	105	  0	  4	  4	  4	  4	  4	  4	  4	  4	  0	  0	  0	  0	  0	  0	  0	  0	  0	  0	  0	  0	  0	  0	  0	  0	  0	  0	  0	  0	  0	  0	  0	  0	 70	 59	 57	 82	  0	 31	  0	  0	  0	  0	  0	  0	  0	  0	  0	  0	  0	  5	21820	  0
29-05-2015	12:50:42	->	L	00000000	 24	 81	 60	 35	  0	110	  0	  4	  4	  4	  4	  4	  4	  4	  4	  0	  0	  0	  0	  0	  0	  0	  0	  0	  0	  0	  0	  0	  0	  0	  0	  0	  0	  0	  0	  0	  0	  0	  0	 71	 60	 57	 81	  0	 35	  0	  0	  0	  0	  0	  0	  0	  0	  0	  0	  0	  5	21820	  0
29-05-2015	12:55:42	->	L	00000000	 24	 81	 60	 35	  0	115	  0	  4	  4	  4	  4	  4	  4	  4	  4	  0	  0	  0	  0	  0	  0	  0	  0	  0	  0	  0	  0	  0	  0	  0	  0	  0	  0	  0	  0	  0	  0	  0	  0	 70	 60	 60	 81	  0	 35	  0	  0	  0	  0	  0	  0	  0	  0	  0	  0	  0	  5	21820	  0
29-05-2015	13:00:42	->	L	00000000	 24	 81	 60	 35	  0	120	  0	  4	  4	  4	  4	  4	  4	  4	  4	  0	  0	  0	  0	  0	  0	  0	  0	  0	  0	  0	  0	  0	  0	  0	  0	  0	  0	  0	  0	  0	  0	  0	  0	 70	 60	 60	 81	  0	 35	  0	  0	  0	  0	  0	  0	  0	  0	  0	  0	  0	  5	21820	  0
29-05-2015	13:05:42	->	L	00000000	 24	 81	 60	 35	  0	125	  0	  4	  4	  4	  4	  4	  4	  4	  4	  0	  0	  0	  0	  0	  0	  0	  0	  0	  0	  0	  0	  0	  0	  0	  0	  0	  0	  0	  0	  0	  0	  0	  0	 70	 60	 60	 81	  0	 35	  0	  0	  0	  0	  0	  0	  0	  0	  0	  0	  0	  5	21820	  0
29-05-2015	13:10:43	->	L	00000000	 24	 81	 60	 35	  0	130	  0	  4	  4	  4	  4	  4	  4	  4	  4	  0	  0	  0	  0	  0	  0	  0	  0	  0	  0	  0	  0	  0	  0	  0	  0	  0	  0	  0	  0	  0	  0	  0	  0	 70	 60	 60	 81	  0	 35	  0	  0	  0	  0	  0	  0	  0	  0	  0	  0	  0	  5	21820	  0
29-05-2015	13:15:43	->	L	00000000	 24	 81	 60	 35	  0	135	  0	  4	  4	  4	  4	  4	  4	  4	  4	  0	  0	  0	  0	  0	  0	  0	  0	  0	  0	  0	  0	  0	  0	  0	  0	  0	  0	  0	  0	  0	  0	  0	  0	 70	 60	 60	 81	  0	 35	  0	  0	  0	  0	  0	  0	  0	  0	  0	  0	  0	  5	21820	  0
29-05-2015	13:20:43	->	L	00000000	 24	 80	 60	 35	  0	140	  0	  4	  4	  4	  4	  4	  4	  4	  4	  0	  0	  0	  0	  0	  0	  0	  0	  0	  0	  0	  0	  0	  0	  0	  0	  0	  0	  0	  0	  0	  0	  0	  0	 70	 60	 60	 80	  0	 38	  0	  0	  0	  0	  0	  0	  0	  0	  0	  0	  0	  5	21820	  0
29-05-2015	13:25:43	->	L	00000000	 24	 70	 59	 57	  0	145	  0	  4	  4	  4	  4	  4	  4	  4	  4	  0	  0	  0	  0	  0	  0	  0	  0	  0	  0	  0	  0	  0	  0	  0	  0	  0	  0	  0	  0	  0	  0	  0	  0	 65	 59	 73	 70	  0	 57	  0	  0	  0	  0	  0	  0	  0	  0	  0	  0	  0	  5	21820	  0
29-05-2015	13:30:43	->	L	00000000	 24	 67	 58	 63	  0	150	  0	  4	  4	  4	  4	  4	  4	  4	  4	  0	  0	  0	  0	  0	  0	  0	  0	  0	  0	  0	  0	  0	  0	  0	  0	  0	  0	  0	  0	  0	  0	  0	  0	 63	 58	 79	 67	  0	 63	  0	  0	  0	  0	  0	  0	  0	  0	  0	  0	  0	  5	21820	  0
29-05-2015	13:35:43	->	L	00000000	 24	 66	 58	 66	  0	155	  0	  4	  4	  4	  4	  4	  4	  4	  4	  0	  0	  0	  0	  0	  0	  0	  0	  0	  0	  0	  0	  0	  0	  0	  0	  0	  0	  0	  0	  0	  0	  0	  0	 63	 58	 79	 66	  0	 66	  0	  0	  0	  0	  0	  0	  0	  0	  0	  0	  0	  5	21820	  0
29-05-2015	13:40:43	->	L	00000000	 24	 65	 57	 66	  0	160	  0	  4	  4	  4	  4	  4	  4	  4	  4	  0	  0	  0	  0	  0	  0	  0	  0	  0	  0	  0	  0	  0	  0	  0	  0	  0	  0	  0	  0	  0	  0	  0	  0	 62	 57	 78	 65	  0	 66	  0	  0	  0	  0	  0	  0	  0	  0	  0	  0	  0	  5	21820	  0
29-05-2015	13:45:43	->	L	00000000	 24	 65	 57	 66	  0	165	  0	  4	  4	  4	  4	  4	  4	  4	  4	  0	  0	  0	  0	  0	  0	  0	  0	  0	  0	  0	  0	  0	  0	  0	  0	  0	  0	  0	  0	  0	  0	  0	  0	 61	 57	 81	 65	  0	 66	  0	  0	  0	  0	  0	  0	  0	  0	  0	  0	  0	  5	21820	  0
29-05-2015	13:50:43	->	L	00000000	 24	 64	 57	 70	  0	170	  0	  4	  4	  4	  4	  4	  4	  4	  4	  0	  0	  0	  0	  0	  0	  0	  0	  0	  0	  0	  0	  0	  0	  0	  0	  0	  0	  0	  0	  0	  0	  0	  0	 61	 57	 81	 64	  0	 70	  0	  0	  0	  0	  0	  0	  0	  0	  0	  0	  0	  5	21820	  0
29-05-2015	13:55:44	->	L	00000000	 24	 75	 57	 41	  0	175	  0	  4	  4	  4	  4	  4	  4	  4	  4	  0	  0	  0	  0	  0	  0	  0	  0	  0	  0	  0	  0	  0	  0	  0	  0	  0	  0	  0	  0	  0	  0	  0	  0	 65	 57	 66	 75	  0	 40	  0	  0	  0	  0	  0	  0	  0	  0	  0	  0	  0	  5	21820	  0
29-05-2015	14:00:44	->	L	00000000	 24	 85	 59	 30	  0	180	  0	  4	  4	  4	  4	  4	  4	  4	  4	  0	  0	  0	  0	  0	  0	  0	  0	  0	  0	  0	  0	  0	  0	  0	  0	  0	  0	  0	  0	  0	  0	  0	  0	 70	 59	 57	 85	  0	 30	  0	  0	  0	  0	  0	  0	  0	  0	  0	  0	  0	  5	21820	  0
29-05-2015	14:05:44	->	L	00000000	 24	 85	 60	 32	  0	185	  0	  4	  4	  4	  4	  4	  4	  4	  4	  0	  0	  0	  0	  0	  0	  0	  0	  0	  0	  0	  0	  0	  0	  0	  0	  0	  0	  0	  0	  0	  0	  0	  0	 71	 60	 57	 85	  0	 30	  0	  0	  0	  0	  0	  0	  0	  0	  0	  0	  0	  5	21820	  0
29-05-2015	14:10:44	->	L	00000000	 24	 85	 60	 30	  0	190	  0	  4	  4	  4	  4	  4	  4	  4	  4	  0	  0	  0	  0	  0	  0	  0	  0	  0	  0	  0	  0	  0	  0	  0	  0	  0	  0	  0	  0	  0	  0	  0	  0	 71	 60	 57	 85	  0	 30	  0	  0	  0	  0	  0	  0	  0	  0	  0	  0	  0	  5	21820	  0
29-05-2015	14:15:44	->	L	00000000	 24	 85	 60	 30	  0	195	  0	  4	  4	  4	  4	  4	  4	  4	  4	  0	  0	  0	  0	  0	  0	  0	  0	  0	  0	  0	  0	  0	  0	  0	  0	  0	  0	  0	  0	  0	  0	  0	  0	 71	 60	 57	 85	  0	 30	  0	  0	  0	  0	  0	  0	  0	  0	  0	  0	  0	  5	21820	  0
29-05-2015	14:20:44	->	L	00000000	 24	 86	 60	 30	  0	200	  0	  4	  4	  4	  4	  4	  4	  4	  4	  0	  0	  0	  0	  0	  0	  0	  0	  0	  0	  0	  0	  0	  0	  0	  0	  0	  0	  0	  0	  0	  0	  0	  0	 72	 60	 55	 86	  0	 30	  0	  0	  0	  0	  0	  0	  0	  0	  0	  0	  0	  5	21820	  0
29-05-2015	14:25:44	->	L	00000000	 24	 86	 60	 30	  0	205	  0	  4	  4	  4	  4	  4	  4	  4	  4	  0	  0	  0	  0	  0	  0	  0	  0	  0	  0	  0	  0	  0	  0	  0	  0	  0	  0	  0	  0	  0	  0	  0	  0	 72	 60	 55	 86	  0	 30	  0	  0	  0	  0	  0	  0	  0	  0	  0	  0	  0	  5	21820	  0
29-05-2015	14:30:44	->	L	00000000	 24	 85	 60	 30	  0	210	  0	  4	  4	  4	  4	  4	  4	  4	  4	  0	  0	  0	  0	  0	  0	  0	  0	  0	  0	  0	  0	  0	  0	  0	  0	  0	  0	  0	  0	  0	  0	  0	  0	 71	 60	 55	 85	  0	 30	  0	  0	  0	  0	  0	  0	  0	  0	  0	  0	  0	  5	21820	  0
29-05-2015	14:35:44	->	L	00000000	 24	 75	 60	 48	  0	215	  0	  4	  4	  4	  4	  4	  4	  4	  4	  0	  0	  0	  0	  0	  0	  0	  0	  0	  0	  0	  0	  0	  0	  0	  0	  0	  0	  0	  0	  0	  0	  0	  0	 68	 60	 67	 75	  0	 48	  0	  0	  0	  0	  0	  0	  0	  0	  0	  0	  0	  5	21820	  0
29-05-2015	14:40:44	->	L	00000000	 24	 69	 59	 60	  0	220	  0	  4	  4	  4	  4	  4	  4	  4	  4	  0	  0	  0	  0	  0	  0	  0	  0	  0	  0	  0	  0	  0	  0	  0	  0	  0	  0	  0	  0	  0	  0	  0	  0	 65	 59	 73	 69	  0	 60	  0	  0	  0	  0	  0	  0	  0	  0	  0	  0	  0	  5	21820	  0
29-05-2015	14:45:44	->	L	00000000	 24	 67	 58	 63	  0	225	  0	  4	  4	  4	  4	  4	  4	  4	  4	  0	  0	  0	  0	  0	  0	  0	  0	  0	  0	  0	  0	  0	  0	  0	  0	  0	  0	  0	  0	  0	  0	  0	  0	 63	 58	 79	 67	  0	 63	  0	  0	  0	  0	  0	  0	  0	  0	  0	  0	  0	  5	21820	  0
29-05-2015	14:50:44	->	L	00000000	 24	 66	 58	 66	  0	230	  0	  4	  4	  4	  4	  4	  4	  4	  4	  0	  0	  0	  0	  0	  0	  0	  0	  0	  0	  0	  0	  0	  0	  0	  0	  0	  0	  0	  0	  0	  0	  0	  0	 62	 58	 81	 66	  0	 66	  0	  0	  0	  0	  0	  0	  0	  0	  0	  0	  0	  5	21820	  0
29-05-2015	14:55:45	->	L	00000000	 24	 65	 57	 70	  0	235	  0	  4	  4	  4	  4	  4	  4	  4	  4	  0	  0	  0	  0	  0	  0	  0	  0	  0	  0	  0	  0	  0	  0	  0	  0	  0	  0	  0	  0	  0	  0	  0	  0	 61	 57	 81	 65	  0	 66	  0	  0	  0	  0	  0	  0	  0	  0	  0	  0	  0	  5	21820	  0
29-05-2015	15:00:45	->	L	00000000	 24	 81	 59	 34	  0	240	  0	  4	  4	  4	  4	  4	  4	  4	  4	  0	  0	  0	  0	  0	  0	  0	  0	  0	  0	  0	  0	  0	  0	  0	  0	  0	  0	  0	  0	  0	  0	  0	  0	 68	 59	 63	 81	  0	 34	  0	  0	  0	  0	  0	  0	  0	  0	  0	  0	  0	  5	21820	  0
29-05-2015	15:05:45	->	L	00000000	 24	 83	 60	 32	  0	245	  0	  4	  4	  4	  4	  4	  4	  4	  4	  0	  0	  0	  0	  0	  0	  0	  0	  0	  0	  0	  0	  0	  0	  0	  0	  0	  0	  0	  0	  0	  0	  0	  0	 70	 60	 60	 83	  0	 32	  0	  0	  0	  0	  0	  0	  0	  0	  0	  0	  0	  5	21820	  0
29-05-2015	15:10:45	->	L	00000000	 24	 84	 60	 32	  0	250	  0	  4	  4	  4	  4	  4	  4	  4	  4	  0	  0	  0	  0	  0	  0	  0	  0	  0	  0	  0	  0	  0	  0	  0	  0	  0	  0	  0	  0	  0	  0	  0	  0	 70	 60	 60	 84	  0	 32	  0	  0	  0	  0	  0	  0	  0	  0	  0	  0	  0	  5	21820	  0
29-05-2015	15:15:45	  	L	00000000	 24	 84	 60	 32	  0	255	  0	  4	  4	  4	  4	  4	  4	  4	  4	  0	  0	  0	  0	  0	  0	  0	  0	  0	  0	  0	  0	  0	  0	  0	  0	  0	  0	  0	  0	  0	  0	  0	  0	 71	 60	 57	 84	  0	 32	  0	  0	  0	  0	  0	  0	  0	  0	  0	  0	  0	  5	21820	  0
29-05-2015	15:20:45	<-	L	00000000	 24	 83	 62	 36	  0	260	  0	  4	  4	  4	  4	  4	  4	  4	  4	  0	  0	  0	  0	  0	  0	  0	  0	  0	  0	  0	  0	  0	  0	  0	  0	  0	  0	  0	  0	  0	  0	  0	  0	 83	 62	 36	 76	  0	 50	  0	  0	  0	  0	  0	  0	  0	  0	  0	  0	  0	  5	21820	  0
29-05-2015	15:25:45	<-	L	00000000	 24	 84	 60	 32	  0	265	  0	  4	  4	  4	  4	  4	  4	  4	  4	  0	  0	  0	  0	  0	  0	  0	  0	  0	  0	  0	  0	  0	  0	  0	  0	  0	  0	  0	  0	  0	  0	  0	  0	 84	 60	 32	 76	  0	 45	  0	  0	  0	  0	  0	  0	  0	  0	  0	  0	  0	  5	21820	  0
29-05-2015	15:30:45	<-	L	00000000	 24	 84	 60	 32	  0	270	  0	  4	  4	  4	  4	  4	  4	  4	  4	  0	  0	  0	  0	  0	  0	  0	  0	  0	  0	  0	  0	  0	  0	  0	  0	  0	  0	  0	  0	  0	  0	  0	  0	 84	 60	 32	 75	  0	 48	  0	  0	  0	  0	  0	  0	  0	  0	  0	  0	  0	  5	21820	  0
29-05-2015	15:35:45	<-	L	00000000	 24	 85	 60	 32	  0	275	  0	  4	  4	  4	  4	  4	  4	  4	  4	  0	  0	  0	  0	  0	  0	  0	  0	  0	  0	  0	  0	  0	  0	  0	  0	  0	  0	  0	  0	  0	  0	  0	  0	 85	 60	 30	 76	  0	 45	  0	  0	  0	  0	  0	  0	  0	  0	  0	  0	  0	  5	21820	  0
29-05-2015	15:40:45	<-	L	00000000	 24	 84	 60	 32	  0	280	  0	  4	  4	  4	  4	  4	  4	  4	  4	  0	  0	  0	  0	  0	  0	  0	  0	  0	  0	  0	  0	  0	  0	  0	  0	  0	  0	  0	  0	  0	  0	  0	  0	 84	 60	 32	 75	  0	 48	  0	  0	  0	  0	  0	  0	  0	  0	  0	  0	  0	  5	21820	  0
29-05-2015	15:45:45	<-	L	00000000	 24	 84	 60	 32	  0	285	  0	  4	  4	  4	  4	  4	  4	  4	  4	  0	  0	  0	  0	  0	  0	  0	  0	  0	  0	  0	  0	  0	  0	  0	  0	  0	  0	  0	  0	  0	  0	  0	  0	 84	 60	 32	 75	  0	 48	  0	  0	  0	  0	  0	  0	  0	  0	  0	  0	  0	  5	21820	  0
29-05-2015	15:50:45	<-	L	00000000	 24	 85	 60	 30	  0	290	  0	  4	  4	  4	  4	  4	  4	  4	  4	  0	  0	  0	  0	  0	  0	  0	  0	  0	  0	  0	  0	  0	  0	  0	  0	  0	  0	  0	  0	  0	  0	  0	  0	 85	 60	 30	 75	  0	 48	  0	  0	  0	  0	  0	  0	  0	  0	  0	  0	  0	  5	21820	  0
29-05-2015	15:55:45	<-	L	00000000	 24	 85	 60	 30	  0	295	  0	  4	  4	  4	  4	  4	  4	  4	  4	  0	  0	  0	  0	  0	  0	  0	  0	  0	  0	  0	  0	  0	  0	  0	  0	  0	  0	  0	  0	  0	  0	  0	  0	 85	 60	 30	 75	  0	 48	  0	  0	  0	  0	  0	  0	  0	  0	  0	  0	  0	  5	21820	  0
29-05-2015	16:00:45	<-	L	00000000	 24	 84	 60	 32	  0	300	  0	  4	  4	  4	  4	  4	  4	  4	  4	  0	  0	  0	  0	  0	  0	  0	  0	  0	  0	  0	  0	  0	  0	  0	  0	  0	  0	  0	  0	  0	  0	  0	  0	 84	 60	 32	 74	  0	 49	  0	  0	  0	  0	  0	  0	  0	  0	  0	  0	  0	  5	21820	  0
29-05-2015	16:05:45	<-	L	00000000	 24	 85	 60	 32	  0	305	  0	  4	  4	  4	  4	  4	  4	  4	  4	  0	  0	  0	  0	  0	  0	  0	  0	  0	  0	  0	  0	  0	  0	  0	  0	  0	  0	  0	  0	  0	  0	  0	  0	 85	 60	 30	 75	  0	 48	  0	  0	  0	  0	  0	  0	  0	  0	  0	  0	  0	  5	21820	  0
29-05-2015	16:10:45	<-	L	00000000	 24	 86	 60	 30	  0	310	  0	  4	  4	  4	  4	  4	  4	  4	  4	  0	  0	  0	  0	  0	  0	  0	  0	  0	  0	  0	  0	  0	  0	  0	  0	  0	  0	  0	  0	  0	  0	  0	  0	 86	 60	 30	 76	  0	 45	  0	  0	  0	  0	  0	  0	  0	  0	  0	  0	  0	  5	21820	  0
29-05-2015	16:15:46	<-	L	00000000	 24	 85	 60	 30	  0	315	  0	  4	  4	  4	  4	  4	  4	  4	  4	  0	  0	  0	  0	  0	  0	  0	  0	  0	  0	  0	  0	  0	  0	  0	  0	  0	  0	  0	  0	  0	  0	  0	  0	 85	 60	 30	 76	  0	 45	  0	  0	  0	  0	  0	  0	  0	  0	  0	  0	  0	  5	21820	  0
29-05-2015	16:20:46	<-	L	00000000	 24	 82	 60	 35	  0	320	  0	  4	  4	  4	  4	  4	  4	  4	  4	  0	  0	  0	  0	  0	  0	  0	  0	  0	  0	  0	  0	  0	  0	  0	  0	  0	  0	  0	  0	  0	  0	  0	  0	 82	 60	 34	 74	  0	 49	  0	  0	  0	  0	  0	  0	  0	  0	  0	  0	  0	  5	21820	  0
29-05-2015	16:25:46	<-	L	00000000	 24	 83	 60	 32	  0	325	  0	  4	  4	  4	  4	  4	  4	  4	  4	  0	  0	  0	  0	  0	  0	  0	  0	  0	  0	  0	  0	  0	  0	  0	  0	  0	  0	  0	  0	  0	  0	  0	  0	 83	 60	 32	 75	  0	 48	  0	  0	  0	  0	  0	  0	  0	  0	  0	  0	  0	  5	21820	  0
29-05-2015	16:30:46	<-	L	00000000	 24	 85	 60	 30	  0	330	  0	  4	  4	  4	  4	  4	  4	  4	  4	  0	  0	  0	  0	  0	  0	  0	  0	  0	  0	  0	  0	  0	  0	  0	  0	  0	  0	  0	  0	  0	  0	  0	  0	 85	 60	 30	 76	  0	 45	  0	  0	  0	  0	  0	  0	  0	  0	  0	  0	  0	  5	21820	  0
29-05-2015	16:35:46	<-	L	00000000	 24	 85	 60	 30	  0	335	  0	  4	  4	  4	  4	  4	  4	  4	  4	  0	  0	  0	  0	  0	  0	  0	  0	  0	  0	  0	  0	  0	  0	  0	  0	  0	  0	  0	  0	  0	  0	  0	  0	 85	 60	 30	 76	  0	 45	  0	  0	  0	  0	  0	  0	  0	  0	  0	  0	  0	  5	21820	  0
29-05-2015	16:40:46	<-	L	00000000	 24	 82	 60	 34	  0	340	  0	  4	  4	  4	  4	  4	  4	  4	  4	  0	  0	  0	  0	  0	  0	  0	  0	  0	  0	  0	  0	  0	  0	  0	  0	  0	  0	  0	  0	  0	  0	  0	  0	 82	 60	 34	 75	  0	 48	  0	  0	  0	  0	  0	  0	  0	  0	  0	  0	  0	  5	21820	  0
29-05-2015	16:45:46	<-	L	00000000	 24	 85	 60	 30	  0	345	  0	  4	  4	  4	  4	  4	  4	  4	  4	  0	  0	  0	  0	  0	  0	  0	  0	  0	  0	  0	  0	  0	  0	  0	  0	  0	  0	  0	  0	  0	  0	  0	  0	 85	 60	 30	 76	  0	 45	  0	  0	  0	  0	  0	  0	  0	  0	  0	  0	  0	  5	21820	  0
29-05-2015	16:50:46	<-	L	00000000	 24	 86	 60	 30	  0	350	  0	  4	  4	  4	  4	  4	  4	  4	  4	  0	  0	  0	  0	  0	  0	  0	  0	  0	  0	  0	  0	  0	  0	  0	  0	  0	  0	  0	  0	  0	  0	  0	  0	 86	 60	 30	 76	  0	 45	  0	  0	  0	  0	  0	  0	  0	  0	  0	  0	  0	  5	21820	  0
29-05-2015	16:55:46	<-	L	00000000	 24	 82	 60	 32	  0	355	  0	  4	  4	  4	  4	  4	  4	  4	  4	  0	  0	  0	  0	  0	  0	  0	  0	  0	  0	  0	  0	  0	  0	  0	  0	  0	  0	  0	  0	  0	  0	  0	  0	 82	 60	 34	 75	  0	 48	  0	  0	  0	  0	  0	  0	  0	  0	  0	  0	  0	  5	21820	  0
29-05-2015	17:00:46	<-	L	00000000	 24	 84	 60	 32	  0	360	  0	  4	  4	  4	  4	  4	  4	  4	  4	  0	  0	  0	  0	  0	  0	  0	  0	  0	  0	  0	  0	  0	  0	  0	  0	  0	  0	  0	  0	  0	  0	  0	  0	 84	 60	 32	 75	  0	 48	  0	  0	  0	  0	  0	  0	  0	  0	  0	  0	  0	  5	21820	  0
29-05-2015	17:05:47	<-	L	00000000	 25	 85	 59	 30	  0	  4	  0	  4	  4	  4	  4	  4	  4	  4	  4	  0	  0	  0	  0	  0	  0	  0	  0	  0	  0	  0	  0	  0	  0	  0	  0	  0	  0	  0	  0	  0	  0	  0	  0	 85	 59	 30	 76	  0	 42	  0	  0	  0	  0	  0	  0	  0	  0	  0	  0	  0	  5	21818	  0
29-05-2015	17:10:47	<-	L	00000000	 25	 85	 58	 28	  0	  9	  0	  4	  4	  4	  4	  4	  4	  4	  4	  0	  0	  0	  0	  0	  0	  0	  0	  0	  0	  0	  0	  0	  0	  0	  0	  0	  0	  0	  0	  0	  0	  0	  0	 85	 58	 28	 76	  0	 41	  0	  0	  0	  0	  0	  0	  0	  0	  0	  0	  0	  5	21818	  0
29-05-2015	17:15:47	<-	L	00000000	 25	 84	 58	 28	  0	 14	  0	  4	  4	  4	  4	  4	  4	  4	  4	  0	  0	  0	  0	  0	  0	  0	  0	  0	  0	  0	  0	  0	  0	  0	  0	  0	  0	  0	  0	  0	  0	  0	  0	 84	 58	 29	 75	  0	 42	  0	  0	  0	  0	  0	  0	  0	  0	  0	  0	  0	  5	21818	  0
29-05-2015	17:20:47	<-	L	00000000	 25	 82	 58	 29	  0	 19	  0	  4	  4	  4	  4	  4	  4	  4	  4	  0	  0	  0	  0	  0	  0	  0	  0	  0	  0	  0	  0	  0	  0	  0	  0	  0	  0	  0	  0	  0	  0	  0	  0	 82	 58	 31	 75	  0	 42	  0	  0	  0	  0	  0	  0	  0	  0	  0	  0	  0	  5	21818	  0
29-05-2015	17:25:47	<-	L	00000000	 25	 81	 57	 31	  0	 24	  0	  4	  4	  4	  4	  4	  4	  4	  4	  0	  0	  0	  0	  0	  0	  0	  0	  0	  0	  0	  0	  0	  0	  0	  0	  0	  0	  0	  0	  0	  0	  0	  0	 81	 57	 31	 74	  0	 41	  0	  0	  0	  0	  0	  0	  0	  0	  0	  0	  0	  5	21818	  0
29-05-2015	17:30:47	<-	L	00000000	 25	 82	 58	 31	  0	 29	  0	  4	  4	  4	  4	  4	  4	  4	  4	  0	  0	  0	  0	  0	  0	  0	  0	  0	  0	  0	  0	  0	  0	  0	  0	  0	  0	  0	  0	  0	  0	  0	  0	 82	 58	 31	 74	  0	 45	  0	  0	  0	  0	  0	  0	  0	  0	  0	  0	  0	  5	21818	  0
