23-01-2015	19:22:27	->	L	00000000	 10	 30	 23	 61	  0	  4	  0	 10	  9	 13	  9	 11	 12	 11	 11	  0	  0	  0	  0	  0	  0	  0	  0	  0	  0	  0	  0	  0	  0	  0	  0	  0	  0	  0	  0	  0	  0	  0	  0	 30	 23	 61	 30	  0	 61	  0	  0	  0	  0	  0	  0	  0	  0	  0	  0	  0	  5	7962	  1
23-01-2015	19:27:27	->	L	00000000	 10	 32	 23	 50	  0	  9	  0	 10	  9	 13	  9	 11	 12	 12	 11	  0	  0	  0	  0	  0	  0	  0	  0	  0	  0	  0	  0	  0	  0	  0	  0	  0	  0	  0	  0	  0	  0	  0	  0	 28	 23	 74	 32	  0	 53	  0	  0	  0	  0	  0	  0	  0	  0	  0	  0	  0	  5	8476	  1
23-01-2015	19:32:28	->	L	00000000	 10	 33	 24	 50	  0	 14	  0	 10	  9	 13	  9	 11	 13	 12	 11	  0	  0	  0	  0	  0	  0	  0	  0	  0	  0	  0	  0	  0	  0	  0	  0	  0	  0	  0	  0	  0	  0	  0	  0	 29	 24	 74	 33	  0	 54	  0	  0	  0	  0	  0	  0	  0	  0	  0	  0	  0	  5	8733	  1
23-01-2015	19:37:27	->	L	00000000	 10	 35	 25	 50	  0	 19	  0	  9	  9	 13	  9	 10	 12	 11	 10	  0	  0	  0	  0	  0	  0	  0	  0	  0	  0	  0	  0	  0	  0	  0	  0	  0	  0	  0	  0	  0	  0	  0	  0	 30	 25	 74	 35	  0	 50	  0	  0	  0	  0	  0	  0	  0	  0	  0	  0	  0	  5	8990	  1
23-01-2015	19:42:27	->	L	00000000	 10	 35	 25	 50	  0	 24	  0	  9	  8	 12	  9	 10	 11	 10	 10	  0	  0	  0	  0	  0	  0	  0	  0	  0	  0	  0	  0	  0	  0	  0	  0	  0	  0	  0	  0	  0	  0	  0	  0	 31	 25	 66	 35	  0	 50	  0	  0	  0	  0	  0	  0	  0	  0	  0	  0	  0	  5	9247	  1
23-01-2015	19:47:27	->	L	00000000	 10	 36	 26	 51	  0	 29	  0	  9	  8	 12	  8	 10	 11	 11	 10	  0	  0	  0	  0	  0	  0	  0	  0	  0	  0	  0	  0	  0	  0	  0	  0	  0	  0	  0	  0	  0	  0	  0	  0	 32	 26	 67	 36	  0	 51	  0	  0	  0	  0	  0	  0	  0	  0	  0	  0	  0	  5	9504	  1
23-01-2015	19:52:28	->	L	00000000	 10	 36	 27	 55	  0	 34	  0	  9	  8	 12	  8	 10	 10	 11	 10	  0	  0	  0	  0	  0	  0	  0	  0	  0	  0	  0	  0	  0	  0	  0	  0	  0	  0	  0	  0	  0	  0	  0	  0	 32	 27	 74	 36	  0	 55	  0	  0	  0	  0	  0	  0	  0	  0	  0	  0	  0	  5	9761	  1
23-01-2015	19:57:28	->	L	00000000	 10	 42	 28	 40	  0	 39	  0	  9	  8	 12	  8	 10	 10	 11	 10	  0	  0	  0	  0	  0	  0	  0	  0	  0	  0	  0	  0	  0	  0	  0	  0	  0	  0	  0	  0	  0	  0	  0	  0	 36	 28	 58	 42	  0	 38	  0	  0	  0	  0	  0	  0	  0	  0	  0	  0	  0	  5	10018	  1
23-01-2015	20:02:28	->	L	00000000	 10	 44	 29	 36	  0	 44	  0	  9	  8	 12	  8	 10	 10	 10	 10	  0	  0	  0	  0	  0	  0	  0	  0	  0	  0	  0	  0	  0	  0	  0	  0	  0	  0	  0	  0	  0	  0	  0	  0	 38	 29	 55	 44	  0	 36	  0	  0	  0	  0	  0	  0	  0	  0	  0	  0	  0	  5	10275	  1
23-01-2015	20:07:28	->	L	00000000	 10	 43	 30	 39	  0	 49	  0	  9	  8	 12	  8	 10	 10	 10	 10	  0	  0	  0	  0	  0	  0	  0	  0	  0	  0	  0	  0	  0	  0	  0	  0	  0	  0	  0	  0	  0	  0	  0	  0	 38	 30	 59	 43	  0	 41	  0	  0	  0	  0	  0	  0	  0	  0	  0	  0	  0	  5	10789	  1
23-01-2015	20:12:28	->	L	00000000	 10	 41	 31	 52	  0	 54	  0	  9	  8	 12	  8	 10	 10	 10	  9	  0	  0	  0	  0	  0	  0	  0	  0	  0	  0	  0	  0	  0	  0	  0	  0	  0	  0	  0	  0	  0	  0	  0	  0	 37	 31	 68	 41	  0	 52	  0	  0	  0	  0	  0	  0	  0	  0	  0	  0	  0	  5	11046	  1
23-01-2015	20:17:28	->	L	00000000	 10	 44	 32	 41	  0	 59	  0	  9	  8	 12	  8	 10	 10	 10	  9	  0	  0	  0	  0	  0	  0	  0	  0	  0	  0	  0	  0	  0	  0	  0	  0	  0	  0	  0	  0	  0	  0	  0	  0	 39	 32	 63	 44	  0	 46	  0	  0	  0	  0	  0	  0	  0	  0	  0	  0	  0	  5	11303	  1
23-01-2015	20:22:28	->	L	00000000	 10	 47	 33	 40	  0	 64	  0	  9	  8	 12	  8	 10	 10	 10	  9	  0	  0	  0	  0	  0	  0	  0	  0	  0	  0	  0	  0	  0	  0	  0	  0	  0	  0	  0	  0	  0	  0	  0	  0	 41	 33	 60	 47	  0	 40	  0	  0	  0	  0	  0	  0	  0	  0	  0	  0	  0	  5	11560	  1
23-01-2015	20:27:28	->	L	00000000	 10	 44	 33	 46	  0	 69	  0	  8	  8	 12	  8	  9	 10	 10	  9	  0	  0	  0	  0	  0	  0	  0	  0	  0	  0	  0	  0	  0	  0	  0	  0	  0	  0	  0	  0	  0	  0	  0	  0	 40	 33	 64	 44	  0	 49	  0	  0	  0	  0	  0	  0	  0	  0	  0	  0	  0	  5	11817	  1
23-01-2015	20:32:28	->	L	00000000	 10	 49	 35	 41	  0	 74	  0	  8	  8	 12	  8	  9	 10	 10	  9	  0	  0	  0	  0	  0	  0	  0	  0	  0	  0	  0	  0	  0	  0	  0	  0	  0	  0	  0	  0	  0	  0	  0	  0	 44	 35	 57	 49	  0	 41	  0	  0	  0	  0	  0	  0	  0	  0	  0	  0	  0	  5	12074	  1
23-01-2015	20:37:29	->	L	00000000	 10	 47	 36	 47	  0	 79	  0	  8	  8	 12	  8	  9	 10	 10	  9	  0	  0	  0	  0	  0	  0	  0	  0	  0	  0	  0	  0	  0	  0	  0	  0	  0	  0	  0	  0	  0	  0	  0	  0	 43	 36	 64	 47	  0	 50	  0	  0	  0	  0	  0	  0	  0	  0	  0	  0	  0	  5	12331	  1
23-01-2015	20:42:28	->	L	00000000	 10	 47	 36	 50	  0	 84	  0	  8	  8	 11	  8	  9	 10	 10	  9	  0	  0	  0	  0	  0	  0	  0	  0	  0	  0	  0	  0	  0	  0	  0	  0	  0	  0	  0	  0	  0	  0	  0	  0	 43	 36	 64	 47	  0	 50	  0	  0	  0	  0	  0	  0	  0	  0	  0	  0	  0	  5	12588	  1
23-01-2015	20:47:28	->	L	00000000	 10	 49	 38	 48	  0	 89	  0	  8	  8	 11	  8	  9	 10	 10	  9	  0	  0	  0	  0	  0	  0	  0	  0	  0	  0	  0	  0	  0	  0	  0	  0	  0	  0	  0	  0	  0	  0	  0	  0	 45	 38	 65	 49	  0	 50	  0	  0	  0	  0	  0	  0	  0	  0	  0	  0	  0	  5	13102	  1
23-01-2015	20:52:28	->	L	00000000	 10	 50	 39	 51	  0	 94	  0	  8	  8	 11	  8	  9	 10	 10	  9	  0	  0	  0	  0	  0	  0	  0	  0	  0	  0	  0	  0	  0	  0	  0	  0	  0	  0	  0	  0	  0	  0	  0	  0	 47	 39	 65	 50	  0	 51	  0	  0	  0	  0	  0	  0	  0	  0	  0	  0	  0	  5	13359	  1
23-01-2015	20:57:28	->	L	00000000	 10	 53	 40	 45	  0	 99	  0	  7	  7	 10	  7	  8	  9	  9	  8	  0	  0	  0	  0	  0	  0	  0	  0	  0	  0	  0	  0	  0	  0	  0	  0	  0	  0	  0	  0	  0	  0	  0	  0	 49	 40	 58	 53	  0	 45	  0	  0	  0	  0	  0	  0	  0	  0	  0	  0	  0	  5	13616	  1
23-01-2015	21:02:29	->	L	00000000	 10	 56	 41	 41	  0	104	  0	  7	  7	 10	  7	  8	  9	  9	  8	  0	  0	  0	  0	  0	  0	  0	  0	  0	  0	  0	  0	  0	  0	  0	  0	  0	  0	  0	  0	  0	  0	  0	  0	 51	 41	 55	 56	  0	 41	  0	  0	  0	  0	  0	  0	  0	  0	  0	  0	  0	  5	13873	  1
23-01-2015	21:07:29	->	L	00000000	 10	 57	 42	 41	  0	109	  0	  7	  7	 10	  7	  8	  9	  9	  8	  0	  0	  0	  0	  0	  0	  0	  0	  0	  0	  0	  0	  0	  0	  0	  0	  0	  0	  0	  0	  0	  0	  0	  0	 51	 42	 59	 57	  0	 41	  0	  0	  0	  0	  0	  0	  0	  0	  0	  0	  0	  5	14130	  1
23-01-2015	21:12:29	->	L	00000000	 10	 55	 42	 49	  0	114	  0	  7	  7	 10	  7	  8	  9	  9	  8	  0	  0	  0	  0	  0	  0	  0	  0	  0	  0	  0	  0	  0	  0	  0	  0	  0	  0	  0	  0	  0	  0	  0	  0	 50	 42	 62	 55	  0	 45	  0	  0	  0	  0	  0	  0	  0	  0	  0	  0	  0	  5	14387	  1
23-01-2015	21:17:29	->	L	00000000	 10	 58	 43	 41	  0	119	  0	  7	  7	 10	  7	  8	  9	  8	  8	  0	  0	  0	  0	  0	  0	  0	  0	  0	  0	  0	  0	  0	  0	  0	  0	  0	  0	  0	  0	  0	  0	  0	  0	 53	 43	 56	 58	  0	 41	  0	  0	  0	  0	  0	  0	  0	  0	  0	  0	  0	  5	14644	  1
23-01-2015	21:22:29	->	L	00000000	 10	 56	 44	 50	  0	124	  0	  7	  7	 10	  7	  8	  9	  8	  8	  0	  0	  0	  0	  0	  0	  0	  0	  0	  0	  0	  0	  0	  0	  0	  0	  0	  0	  0	  0	  0	  0	  0	  0	 51	 44	 66	 56	  0	 50	  0	  0	  0	  0	  0	  0	  0	  0	  0	  0	  0	  5	14901	  1
23-01-2015	21:27:29	->	L	00000000	 10	 58	 44	 46	  0	129	  0	  7	  7	 10	  7	  8	  9	  8	  8	  0	  0	  0	  0	  0	  0	  0	  0	  0	  0	  0	  0	  0	  0	  0	  0	  0	  0	  0	  0	  0	  0	  0	  0	 53	 44	 59	 58	  0	 44	  0	  0	  0	  0	  0	  0	  0	  0	  0	  0	  0	  5	15415	  1
23-01-2015	21:32:29	->	L	00000000	 10	 60	 45	 42	  0	134	  0	  7	  7	 10	  7	  8	  8	  8	  8	  0	  0	  0	  0	  0	  0	  0	  0	  0	  0	  0	  0	  0	  0	  0	  0	  0	  0	  0	  0	  0	  0	  0	  0	 55	 45	 56	 60	  0	 42	  0	  0	  0	  0	  0	  0	  0	  0	  0	  0	  0	  5	15672	  1
23-01-2015	21:37:29	->	L	00000000	 10	 63	 47	 40	  0	139	  0	  7	  7	 10	  7	  8	  8	  8	  8	  0	  0	  0	  0	  0	  0	  0	  0	  0	  0	  0	  0	  0	  0	  0	  0	  0	  0	  0	  0	  0	  0	  0	  0	 57	 47	 57	 63	  0	 40	  0	  0	  0	  0	  0	  0	  0	  0	  0	  0	  0	  5	15929	  1
23-01-2015	21:42:30	->	L	00000000	 10	 64	 48	 40	  0	144	  0	  7	  7	 11	  7	  8	  8	  8	  8	  0	  0	  0	  0	  0	  0	  0	  0	  0	  0	  0	  0	  0	  0	  0	  0	  0	  0	  0	  0	  0	  0	  0	  0	 58	 48	 57	 64	  0	 40	  0	  0	  0	  0	  0	  0	  0	  0	  0	  0	  0	  5	16186	  1
23-01-2015	21:47:29	->	L	00000000	 10	 62	 48	 43	  0	149	  0	  6	  6	 11	  6	  7	  7	  7	  7	  0	  0	  0	  0	  0	  0	  0	  0	  0	  0	  0	  0	  0	  0	  0	  0	  0	  0	  0	  0	  0	  0	  0	  0	 57	 48	 60	 62	  0	 45	  0	  0	  0	  0	  0	  0	  0	  0	  0	  0	  0	  5	16443	  1
23-01-2015	21:52:29	->	L	00000000	 10	 65	 49	 41	  0	154	  0	  6	  6	  9	  6	  7	  8	  7	  7	  0	  0	  0	  0	  0	  0	  0	  0	  0	  0	  0	  0	  0	  0	  0	  0	  0	  0	  0	  0	  0	  0	  0	  0	 59	 49	 57	 65	  0	 41	  0	  0	  0	  0	  0	  0	  0	  0	  0	  0	  0	  5	16700	  1
23-01-2015	21:57:30	->	L	00000000	 10	 67	 50	 39	  0	159	  0	  6	  6	  9	  6	  7	  9	  7	  7	  0	  0	  0	  0	  0	  0	  0	  0	  0	  0	  0	  0	  0	  0	  0	  0	  0	  0	  0	  0	  0	  0	  0	  0	 61	 50	 54	 67	  0	 39	  0	  0	  0	  0	  0	  0	  0	  0	  0	  0	  0	  5	16957	  1
23-01-2015	22:02:30	->	L	00000000	 10	 63	 51	 49	  0	164	  0	  6	  6	  9	  6	  7	  7	  7	  7	  0	  0	  0	  0	  0	  0	  0	  0	  0	  0	  0	  0	  0	  0	  0	  0	  0	  0	  0	  0	  0	  0	  0	  0	 58	 51	 68	 63	  0	 52	  0	  0	  0	  0	  0	  0	  0	  0	  0	  0	  0	  5	17214	  1
23-01-2015	22:07:30	->	L	00000000	 10	 65	 54	 56	  0	169	  0	  6	  6	  9	  6	  7	  8	  7	  7	  0	  0	  0	  0	  0	  0	  0	  0	  0	  0	  0	  0	  0	  0	  0	  0	  0	  0	  0	  0	  0	  0	  0	  0	 62	 54	 65	 65	  0	 56	  0	  0	  0	  0	  0	  0	  0	  0	  0	  0	  0	  5	17728	  1
23-01-2015	22:12:30	->	L	00000000	 10	 68	 57	 57	  0	174	  0	  7	  7	 10	  6	  9	  9	  7	  7	  0	  0	  0	  0	  0	  0	  0	  0	  0	  0	  0	  0	  0	  0	  0	  0	  0	  0	  0	  0	  0	  0	  0	  0	 65	 57	 66	 68	  0	 57	  0	  0	  0	  0	  0	  0	  0	  0	  0	  0	  0	  5	17985	  1
23-01-2015	22:17:30	->	L	00000000	 10	 70	 58	 57	  0	179	  0	  9	  9	 10	  6	 13	  8	  8	  7	  0	  0	  0	  0	  0	  0	  0	  0	  0	  0	  0	  0	  0	  0	  0	  0	  0	  0	  0	  0	  0	  0	  0	  0	 65	 58	 70	 70	  0	 54	  0	  0	  0	  0	  0	  0	  0	  0	  0	  0	  0	  5	18242	  1
23-01-2015	22:22:30	  	L	00000000	 10	 70	 59	 57	  0	184	  0	  9	 10	 11	  6	 11	  8	  7	  7	  0	  0	  0	  0	  0	  0	  0	  0	  0	  0	  0	  0	  0	  0	  0	  0	  0	  0	  0	  0	  0	  0	  0	  0	 65	 59	 73	 70	  0	 57	  0	  0	  0	  0	  0	  0	  0	  0	  0	  0	  0	  5	18499	  1
23-01-2015	22:27:30	<-	L	00000000	 10	 70	 60	 64	  0	189	  0	 10	  9	 13	  6	  9	  9	  7	  7	  0	  0	  0	  0	  0	  0	  0	  0	  0	  0	  0	  0	  0	  0	  0	  0	  0	  0	  0	  0	  0	  0	  0	  0	 69	 60	 64	 70	  0	 60	  0	  0	  0	  0	  0	  0	  0	  0	  0	  0	  0	  5	18756	  1
23-01-2015	22:32:30	<-	L	00000000	 10	 73	 64	 65	  0	194	  0	 10	  8	 16	  6	 13	  9	  8	  7	  0	  0	  0	  0	  0	  0	  0	  0	  0	  0	  0	  0	  0	  0	  0	  0	  0	  0	  0	  0	  0	  0	  0	  0	 73	 64	 65	 72	  0	 68	  0	  0	  0	  0	  0	  0	  0	  0	  0	  0	  0	  5	19013	  1
23-01-2015	22:37:30	<-	L	00000000	 10	 75	 66	 65	  0	199	  0	 10	  8	 13	  6	 16	  9	  8	  7	  0	  0	  0	  0	  0	  0	  0	  0	  0	  0	  0	  0	  0	  0	  0	  0	  0	  0	  0	  0	  0	  0	  0	  0	 75	 66	 65	 74	  0	 69	  0	  0	  0	  0	  0	  0	  0	  0	  0	  0	  0	  5	19270	  1
23-01-2015	22:42:30	<-	L	00000000	 10	 76	 67	 66	  0	204	  0	 10	  7	 12	  5	 17	  8	  8	  6	  0	  0	  0	  0	  0	  0	  0	  0	  0	  0	  0	  0	  0	  0	  0	  0	  0	  0	  0	  0	  0	  0	  0	  0	 76	 67	 66	 75	  0	 69	  0	  0	  0	  0	  0	  0	  0	  0	  0	  0	  0	  5	19527	  1
23-01-2015	22:47:30	<-	L	00000000	 10	 77	 67	 62	  0	209	  0	  9	  6	 10	  5	 17	  7	  8	  6	  0	  0	  0	  0	  0	  0	  0	  0	  0	  0	  0	  0	  0	  0	  0	  0	  0	  0	  0	  0	  0	  0	  0	  0	 77	 67	 62	 74	  0	 72	  0	  0	  0	  0	  0	  0	  0	  0	  0	  0	  0	  5	20041	  1
23-01-2015	22:52:30	<-	L	00000000	 10	 70	 63	 71	  0	214	  0	  8	  6	 10	  5	 16	  7	  8	  6	  0	  0	  0	  0	  0	  0	  0	  0	  0	  0	  0	  0	  0	  0	  0	  0	  0	  0	  0	  0	  0	  0	  0	  0	 70	 63	 71	 69	  0	 74	  0	  0	  0	  0	  0	  0	  0	  0	  0	  0	  0	  5	17728	  1
23-01-2015	22:57:31	<-	L	00000000	 10	 71	 63	 68	  0	219	  0	  9	  9	 15	  6	 17	  8	  9	  7	  0	  0	  0	  0	  0	  0	  0	  0	  0	  0	  0	  0	  0	  0	  0	  0	  0	  0	  0	  0	  0	  0	  0	  0	 71	 63	 68	 70	  0	 71	  0	  0	  0	  0	  0	  0	  0	  0	  0	  0	  0	  5	17985	  1
23-01-2015	23:02:31	<-	L	00000000	 10	 71	 65	 72	  0	224	  0	 10	 10	 18	  6	 17	  8	  9	  7	  0	  0	  0	  0	  0	  0	  0	  0	  0	  0	  0	  0	  0	  0	  0	  0	  0	  0	  0	  0	  0	  0	  0	  0	 71	 65	 74	 71	  0	 74	  0	  0	  0	  0	  0	  0	  0	  0	  0	  0	  0	  5	18242	  1
23-01-2015	23:07:31	<-	L	00000000	 10	 71	 66	 74	  0	229	  0	 10	 10	 16	  6	 18	  9	 10	  7	  0	  0	  0	  0	  0	  0	  0	  0	  0	  0	  0	  0	  0	  0	  0	  0	  0	  0	  0	  0	  0	  0	  0	  0	 71	 66	 80	 70	  0	 82	  0	  0	  0	  0	  0	  0	  0	  0	  0	  0	  0	  5	18499	  1
23-01-2015	23:12:31	<-	L	00000000	 10	 72	 65	 74	  0	234	  0	 10	 10	 13	  6	 17	 10	 10	  7	  0	  0	  0	  0	  0	  0	  0	  0	  0	  0	  0	  0	  0	  0	  0	  0	  0	  0	  0	  0	  0	  0	  0	  0	 72	 65	 72	 70	  0	 80	  0	  0	  0	  0	  0	  0	  0	  0	  0	  0	  0	  5	18756	  1
23-01-2015	23:17:31	<-	L	00000000	 10	 73	 66	 75	  0	239	  0	  9	 10	 13	  6	 17	 10	 10	  7	  0	  0	  0	  0	  0	  0	  0	  0	  0	  0	  0	  0	  0	  0	  0	  0	  0	  0	  0	  0	  0	  0	  0	  0	 73	 66	 72	 71	  0	 80	  0	  0	  0	  0	  0	  0	  0	  0	  0	  0	  0	  5	19013	  1
23-01-2015	23:22:31	<-	L	00000000	 10	 74	 68	 75	  0	244	  0	  9	  9	 14	  6	 17	 10	 10	  7	  0	  0	  0	  0	  0	  0	  0	  0	  0	  0	  0	  0	  0	  0	  0	  0	  0	  0	  0	  0	  0	  0	  0	  0	 74	 68	 75	 74	  0	 75	  0	  0	  0	  0	  0	  0	  0	  0	  0	  0	  0	  5	19013	  1
23-01-2015	23:27:31	<-	L	00000000	 10	 76	 70	 75	  0	249	  0	  9	  9	 14	  5	 18	  8	 10	  6	  0	  0	  0	  0	  0	  0	  0	  0	  0	  0	  0	  0	  0	  0	  0	  0	  0	  0	  0	  0	  0	  0	  0	  0	 76	 70	 75	 76	  0	 75	  0	  0	  0	  0	  0	  0	  0	  0	  0	  0	  0	  5	19270	  1
23-01-2015	23:32:31	<-	L	00000000	 10	 77	 70	 73	  0	254	  0	  9	  9	 11	  5	 18	  7	  9	  6	  0	  0	  0	  0	  0	  0	  0	  0	  0	  0	  0	  0	  0	  0	  0	  0	  0	  0	  0	  0	  0	  0	  0	  0	 77	 70	 73	 76	  0	 75	  0	  0	  0	  0	  0	  0	  0	  0	  0	  0	  0	  5	19527	  1
23-01-2015	23:37:31	<-	L	00000000	 10	 78	 71	 73	  0	259	  0	  9	  9	  9	  5	 18	  7	  9	  6	  0	  0	  0	  0	  0	  0	  0	  0	  0	  0	  0	  0	  0	  0	  0	  0	  0	  0	  0	  0	  0	  0	  0	  0	 78	 71	 73	 78	  0	 73	  0	  0	  0	  0	  0	  0	  0	  0	  0	  0	  0	  5	19784	  1
23-01-2015	23:42:32	<-	L	00000000	 10	 80	 73	 70	  0	264	  0	  9	  9	  9	  5	 18	  7	  9	  6	  0	  0	  0	  0	  0	  0	  0	  0	  0	  0	  0	  0	  0	  0	  0	  0	  0	  0	  0	  0	  0	  0	  0	  0	 80	 73	 74	 78	  0	 81	  0	  0	  0	  0	  0	  0	  0	  0	  0	  0	  0	  5	20041	  1
23-01-2015	23:47:31	<-	L	00000000	 10	 80	 73	 74	  0	269	  0	  9	  9	  9	  5	 19	  7	  9	  6	  0	  0	  0	  0	  0	  0	  0	  0	  0	  0	  0	  0	  0	  0	  0	  0	  0	  0	  0	  0	  0	  0	  0	  0	 79	 73	 76	 80	  0	 74	  0	  0	  0	  0	  0	  0	  0	  0	  0	  0	  0	  5	20298	  1
23-01-2015	23:52:31	<-	L	00000000	 10	 80	 74	 76	  0	274	  0	  9	  9	  9	  5	 18	  8	  9	  6	  0	  0	  0	  0	  0	  0	  0	  0	  0	  0	  0	  0	  0	  0	  0	  0	  0	  0	  0	  0	  0	  0	  0	  0	 80	 74	 76	 79	  0	 81	  0	  0	  0	  0	  0	  0	  0	  0	  0	  0	  0	  5	20555	  1
23-01-2015	23:57:31	<-	L	00000000	 10	 81	 75	 74	  0	279	  0	  9	  9	 10	  5	 19	  9	  9	  6	  0	  0	  0	  0	  0	  0	  0	  0	  0	  0	  0	  0	  0	  0	  0	  0	  0	  0	  0	  0	  0	  0	  0	  0	 81	 75	 76	 79	  0	 83	  0	  0	  0	  0	  0	  0	  0	  0	  0	  0	  0	  5	20812	  1
24-01-2015	00:02:31	<-	L	00000000	 10	 81	 75	 76	  0	284	  0	  9	  9	 10	  5	 19	  8	  9	  6	  0	  0	  0	  0	  0	  0	  0	  0	  0	  0	  0	  0	  0	  0	  0	  0	  0	  0	  0	  0	  0	  0	  0	  0	 81	 75	 76	 79	  0	 83	  0	  0	  0	  0	  0	  0	  0	  0	  0	  0	  0	  5	21069	  1
24-01-2015	00:07:32	<-	L	00000000	 10	 82	 76	 77	  0	289	  0	  9	  9	 11	  5	 19	  7	  9	  6	  0	  0	  0	  0	  0	  0	  0	  0	  0	  0	  0	  0	  0	  0	  0	  0	  0	  0	  0	  0	  0	  0	  0	  0	 82	 76	 77	 80	  0	 83	  0	  0	  0	  0	  0	  0	  0	  0	  0	  0	  0	  5	21326	  1
24-01-2015	00:12:32	<-	L	00000000	 10	 84	 77	 75	  0	294	  0	  9	  9	 11	  5	 18	  8	  9	  6	  0	  0	  0	  0	  0	  0	  0	  0	  0	  0	  0	  0	  0	  0	  0	  0	  0	  0	  0	  0	  0	  0	  0	  0	 84	 77	 75	 83	  0	 77	  0	  0	  0	  0	  0	  0	  0	  0	  0	  0	  0	  5	21326	  1
24-01-2015	00:17:32	<-	L	00000000	 10	 85	 77	 72	  0	299	  0	  9	  9	 10	  5	 18	  6	  9	  6	  0	  0	  0	  0	  0	  0	  0	  0	  0	  0	  0	  0	  0	  0	  0	  0	  0	  0	  0	  0	  0	  0	  0	  0	 85	 77	 72	 83	  0	 77	  0	  0	  0	  0	  0	  0	  0	  0	  0	  0	  0	  5	21583	  1
24-01-2015	00:22:32	<-	L	00000000	 21	 86	 74	 57	  0	  3	  0	  9	  8	  8	  5	 17	  6	  9	  5	  0	  0	  0	  0	  0	  0	  0	  0	  0	  0	  0	  0	  0	  0	  0	  0	  0	  0	  0	  0	  0	  0	  0	  0	 86	 74	 60	 84	  0	 65	  0	  0	  0	  0	  0	  0	  0	  0	  0	  0	  0	  5	23110	  0
24-01-2015	00:27:32	<-	L	00000000	 21	 86	 70	 49	  0	  8	  0	  7	  6	  8	  4	 12	  5	  7	  5	  0	  0	  0	  0	  0	  0	  0	  0	  0	  0	  0	  0	  0	  0	  0	  0	  0	  0	  0	  0	  0	  0	  0	  0	 86	 70	 49	 83	  0	 55	  0	  0	  0	  0	  0	  0	  0	  0	  0	  0	  0	  5	23110	  0
24-01-2015	00:32:33	<-	L	00000000	 21	 86	 69	 47	  0	 13	  0	  4	  4	  7	  4	  8	  5	  6	  4	  0	  0	  0	  0	  0	  0	  0	  0	  0	  0	  0	  0	  0	  0	  0	  0	  0	  0	  0	  0	  0	  0	  0	  0	 86	 69	 47	 82	  0	 55	  0	  0	  0	  0	  0	  0	  0	  0	  0	  0	  0	  5	23110	  0
24-01-2015	00:37:32	<-	L	00000000	 21	 86	 69	 47	  0	 18	  0	  4	  4	  7	  4	  6	  6	  6	  4	  0	  0	  0	  0	  0	  0	  0	  0	  0	  0	  0	  0	  0	  0	  0	  0	  0	  0	  0	  0	  0	  0	  0	  0	 86	 69	 47	 82	  0	 55	  0	  0	  0	  0	  0	  0	  0	  0	  0	  0	  0	  5	23110	  0
24-01-2015	00:42:32	<-	L	00000000	 21	 87	 69	 45	  0	 23	  0	  5	  4	  7	  4	  6	  6	  5	  4	  0	  0	  0	  0	  0	  0	  0	  0	  0	  0	  0	  0	  0	  0	  0	  0	  0	  0	  0	  0	  0	  0	  0	  0	 87	 69	 45	 82	  0	 55	  0	  0	  0	  0	  0	  0	  0	  0	  0	  0	  0	  5	23110	  0
24-01-2015	00:47:32	<-	L	00000000	 21	 88	 69	 43	  0	 28	  0	  4	  4	  5	  4	  5	  5	  5	  4	  0	  0	  0	  0	  0	  0	  0	  0	  0	  0	  0	  0	  0	  0	  0	  0	  0	  0	  0	  0	  0	  0	  0	  0	 88	 69	 43	 83	  0	 52	  0	  0	  0	  0	  0	  0	  0	  0	  0	  0	  0	  5	23110	  0
24-01-2015	00:52:32	<-	L	00000000	 21	 89	 70	 43	  0	 33	  0	  4	  4	  5	  4	  5	  5	  5	  4	  0	  0	  0	  0	  0	  0	  0	  0	  0	  0	  0	  0	  0	  0	  0	  0	  0	  0	  0	  0	  0	  0	  0	  0	 89	 70	 43	 83	  0	 55	  0	  0	  0	  0	  0	  0	  0	  0	  0	  0	  0	  5	23110	  0
24-01-2015	00:57:32	<-	L	00000000	 21	 89	 70	 43	  0	 38	  0	  4	  4	  6	  4	  5	  5	  5	  4	  0	  0	  0	  0	  0	  0	  0	  0	  0	  0	  0	  0	  0	  0	  0	  0	  0	  0	  0	  0	  0	  0	  0	  0	 89	 70	 43	 83	  0	 55	  0	  0	  0	  0	  0	  0	  0	  0	  0	  0	  0	  5	23110	  0
24-01-2015	01:02:33	<-	L	00000000	 21	 89	 70	 43	  0	 43	  0	  4	  4	  5	  4	  5	  5	  5	  4	  0	  0	  0	  0	  0	  0	  0	  0	  0	  0	  0	  0	  0	  0	  0	  0	  0	  0	  0	  0	  0	  0	  0	  0	 89	 70	 43	 84	  0	 53	  0	  0	  0	  0	  0	  0	  0	  0	  0	  0	  0	  5	23110	  0
24-01-2015	01:07:33	<-	L	00000000	 21	 90	 70	 42	  0	 48	  0	  4	  4	  6	  4	  5	  5	  5	  4	  0	  0	  0	  0	  0	  0	  0	  0	  0	  0	  0	  0	  0	  0	  0	  0	  0	  0	  0	  0	  0	  0	  0	  0	 90	 70	 42	 84	  0	 53	  0	  0	  0	  0	  0	  0	  0	  0	  0	  0	  0	  5	23110	  0
24-01-2015	01:12:33	<-	L	00000000	 21	 90	 70	 42	  0	 53	  0	  4	  4	  5	  4	  5	  5	  5	  4	  0	  0	  0	  0	  0	  0	  0	  0	  0	  0	  0	  0	  0	  0	  0	  0	  0	  0	  0	  0	  0	  0	  0	  0	 90	 70	 42	 84	  0	 53	  0	  0	  0	  0	  0	  0	  0	  0	  0	  0	  0	  5	23110	  0
24-01-2015	01:17:33	<-	L	00000000	 21	 90	 70	 42	  0	 58	  0	  4	  4	  5	  4	  5	  6	  4	  4	  0	  0	  0	  0	  0	  0	  0	  0	  0	  0	  0	  0	  0	  0	  0	  0	  0	  0	  0	  0	  0	  0	  0	  0	 90	 70	 42	 84	  0	 53	  0	  0	  0	  0	  0	  0	  0	  0	  0	  0	  0	  5	23110	  0
24-01-2015	01:22:33	<-	L	00000000	 21	 90	 70	 42	  0	 63	  0	  4	  4	  5	  4	  4	  5	  5	  4	  0	  0	  0	  0	  0	  0	  0	  0	  0	  0	  0	  0	  0	  0	  0	  0	  0	  0	  0	  0	  0	  0	  0	  0	 90	 70	 42	 84	  0	 53	  0	  0	  0	  0	  0	  0	  0	  0	  0	  0	  0	  5	23110	  0
24-01-2015	01:27:33	->	L	00000000	 21	 88	 70	 47	  0	 68	  0	  4	  4	  5	  4	  4	  5	  5	  4	  0	  0	  0	  0	  0	  0	  0	  0	  0	  0	  0	  0	  0	  0	  0	  0	  0	  0	  0	  0	  0	  0	  0	  0	 82	 70	 58	 88	  0	 46	  0	  0	  0	  0	  0	  0	  0	  0	  0	  0	  0	  5	23110	  0
24-01-2015	01:32:33	->	L	00000000	 21	 89	 69	 42	  0	 73	  0	  4	  4	  5	  4	  4	  4	  4	  4	  0	  0	  0	  0	  0	  0	  0	  0	  0	  0	  0	  0	  0	  0	  0	  0	  0	  0	  0	  0	  0	  0	  0	  0	 81	 69	 58	 89	  0	 42	  0	  0	  0	  0	  0	  0	  0	  0	  0	  0	  0	  5	23110	  0
24-01-2015	01:37:33	->	L	00000000	 21	 91	 70	 42	  0	 78	  0	  4	  4	  6	  4	  4	  4	  4	  4	  0	  0	  0	  0	  0	  0	  0	  0	  0	  0	  0	  0	  0	  0	  0	  0	  0	  0	  0	  0	  0	  0	  0	  0	 82	 70	 58	 91	  0	 39	  0	  0	  0	  0	  0	  0	  0	  0	  0	  0	  0	  5	23110	  0
24-01-2015	01:42:33	->	L	00000000	 21	 89	 70	 43	  0	 83	  0	  4	  4	  7	  4	  4	  4	  4	  4	  0	  0	  0	  0	  0	  0	  0	  0	  0	  0	  0	  0	  0	  0	  0	  0	  0	  0	  0	  0	  0	  0	  0	  0	 81	 70	 61	 89	  0	 43	  0	  0	  0	  0	  0	  0	  0	  0	  0	  0	  0	  5	23110	  0
24-01-2015	01:47:34	->	L	00000000	 21	 89	 70	 43	  0	 88	  0	  4	  4	  7	  4	  4	  4	  4	  4	  0	  0	  0	  0	  0	  0	  0	  0	  0	  0	  0	  0	  0	  0	  0	  0	  0	  0	  0	  0	  0	  0	  0	  0	 82	 70	 58	 89	  0	 43	  0	  0	  0	  0	  0	  0	  0	  0	  0	  0	  0	  5	23110	  0
24-01-2015	01:52:33	->	L	00000000	 21	 90	 70	 42	  0	 93	  0	  4	  4	  7	  4	  4	  4	  4	  4	  0	  0	  0	  0	  0	  0	  0	  0	  0	  0	  0	  0	  0	  0	  0	  0	  0	  0	  0	  0	  0	  0	  0	  0	 82	 70	 58	 90	  0	 42	  0	  0	  0	  0	  0	  0	  0	  0	  0	  0	  0	  5	23110	  0
24-01-2015	01:57:33	->	L	00000000	 21	 90	 70	 42	  0	 98	  0	  4	  4	  8	  4	  4	  5	  4	  4	  0	  0	  0	  0	  0	  0	  0	  0	  0	  0	  0	  0	  0	  0	  0	  0	  0	  0	  0	  0	  0	  0	  0	  0	 82	 70	 58	 90	  0	 42	  0	  0	  0	  0	  0	  0	  0	  0	  0	  0	  0	  5	23110	  0
24-01-2015	02:02:33	->	L	00000000	 21	 87	 70	 46	  0	103	  0	  4	  4	  8	  4	  4	  4	  4	  4	  0	  0	  0	  0	  0	  0	  0	  0	  0	  0	  0	  0	  0	  0	  0	  0	  0	  0	  0	  0	  0	  0	  0	  0	 80	 70	 63	 87	  0	 47	  0	  0	  0	  0	  0	  0	  0	  0	  0	  0	  0	  5	23110	  0
24-01-2015	02:07:33	->	L	00000000	 21	 89	 70	 43	  0	108	  0	  4	  4	  9	  4	  4	  4	  4	  4	  0	  0	  0	  0	  0	  0	  0	  0	  0	  0	  0	  0	  0	  0	  0	  0	  0	  0	  0	  0	  0	  0	  0	  0	 81	 70	 61	 89	  0	 43	  0	  0	  0	  0	  0	  0	  0	  0	  0	  0	  0	  5	23110	  0
24-01-2015	02:12:34	->	L	00000000	 21	 91	 70	 39	  0	113	  0	  4	  4	  8	  4	  4	  4	  4	  4	  0	  0	  0	  0	  0	  0	  0	  0	  0	  0	  0	  0	  0	  0	  0	  0	  0	  0	  0	  0	  0	  0	  0	  0	 83	 70	 55	 91	  0	 39	  0	  0	  0	  0	  0	  0	  0	  0	  0	  0	  0	  5	23110	  0
24-01-2015	02:17:34	->	L	00000000	 21	 88	 70	 43	  0	118	  0	  4	  4	  8	  4	  4	  4	  4	  4	  0	  0	  0	  0	  0	  0	  0	  0	  0	  0	  0	  0	  0	  0	  0	  0	  0	  0	  0	  0	  0	  0	  0	  0	 81	 70	 61	 88	  0	 46	  0	  0	  0	  0	  0	  0	  0	  0	  0	  0	  0	  5	23110	  0
24-01-2015	02:22:34	->	L	00000000	 21	 89	 70	 46	  0	123	  0	  4	  4	  8	  4	  4	  4	  4	  4	  0	  0	  0	  0	  0	  0	  0	  0	  0	  0	  0	  0	  0	  0	  0	  0	  0	  0	  0	  0	  0	  0	  0	  0	 81	 70	 61	 89	  0	 43	  0	  0	  0	  0	  0	  0	  0	  0	  0	  0	  0	  5	23110	  0
24-01-2015	02:27:34	->	L	00000000	 21	 90	 70	 42	  0	128	  0	  4	  4	  9	  4	  4	  4	  4	  4	  0	  0	  0	  0	  0	  0	  0	  0	  0	  0	  0	  0	  0	  0	  0	  0	  0	  0	  0	  0	  0	  0	  0	  0	 82	 70	 58	 90	  0	 42	  0	  0	  0	  0	  0	  0	  0	  0	  0	  0	  0	  5	23110	  0
24-01-2015	02:32:35	->	L	00000000	 21	 90	 70	 42	  0	133	  0	  4	  4	  9	  4	  4	  4	  4	  4	  0	  0	  0	  0	  0	  0	  0	  0	  0	  0	  0	  0	  0	  0	  0	  0	  0	  0	  0	  0	  0	  0	  0	  0	 82	 70	 58	 90	  0	 42	  0	  0	  0	  0	  0	  0	  0	  0	  0	  0	  0	  5	23110	  0
24-01-2015	02:37:34	->	L	00000000	 21	 89	 70	 46	  0	138	  0	  4	  4	  8	  4	  4	  4	  4	  4	  0	  0	  0	  0	  0	  0	  0	  0	  0	  0	  0	  0	  0	  0	  0	  0	  0	  0	  0	  0	  0	  0	  0	  0	 81	 70	 61	 89	  0	 43	  0	  0	  0	  0	  0	  0	  0	  0	  0	  0	  0	  5	23110	  0
24-01-2015	02:42:34	->	L	00000000	 21	 90	 70	 42	  0	143	  0	  4	  4	  8	  4	  4	  5	  4	  4	  0	  0	  0	  0	  0	  0	  0	  0	  0	  0	  0	  0	  0	  0	  0	  0	  0	  0	  0	  0	  0	  0	  0	  0	 82	 70	 58	 90	  0	 42	  0	  0	  0	  0	  0	  0	  0	  0	  0	  0	  0	  5	23110	  0
24-01-2015	02:47:34	->	L	00000000	 21	 91	 70	 39	  0	148	  0	  4	  4	  8	  4	  4	  5	  4	  4	  0	  0	  0	  0	  0	  0	  0	  0	  0	  0	  0	  0	  0	  0	  0	  0	  0	  0	  0	  0	  0	  0	  0	  0	 82	 70	 58	 91	  0	 39	  0	  0	  0	  0	  0	  0	  0	  0	  0	  0	  0	  5	23110	  0
24-01-2015	02:52:34	->	L	00000000	 21	 88	 70	 46	  0	153	  0	  4	  4	  8	  4	  4	  4	  4	  4	  0	  0	  0	  0	  0	  0	  0	  0	  0	  0	  0	  0	  0	  0	  0	  0	  0	  0	  0	  0	  0	  0	  0	  0	 81	 70	 61	 88	  0	 46	  0	  0	  0	  0	  0	  0	  0	  0	  0	  0	  0	  5	23110	  0
24-01-2015	02:57:35	->	L	00000000	 21	 90	 70	 43	  0	158	  0	  4	  4	  8	  4	  4	  4	  4	  4	  0	  0	  0	  0	  0	  0	  0	  0	  0	  0	  0	  0	  0	  0	  0	  0	  0	  0	  0	  0	  0	  0	  0	  0	 82	 70	 58	 90	  0	 42	  0	  0	  0	  0	  0	  0	  0	  0	  0	  0	  0	  5	23110	  0
24-01-2015	03:02:35	->	L	00000000	 21	 90	 70	 42	  0	163	  0	  4	  4	  8	  4	  4	  4	  4	  4	  0	  0	  0	  0	  0	  0	  0	  0	  0	  0	  0	  0	  0	  0	  0	  0	  0	  0	  0	  0	  0	  0	  0	  0	 82	 70	 58	 90	  0	 42	  0	  0	  0	  0	  0	  0	  0	  0	  0	  0	  0	  5	23110	  0
24-01-2015	03:07:35	->	L	00000000	 21	 88	 70	 46	  0	168	  0	  4	  4	  8	  4	  4	  4	  4	  4	  0	  0	  0	  0	  0	  0	  0	  0	  0	  0	  0	  0	  0	  0	  0	  0	  0	  0	  0	  0	  0	  0	  0	  0	 81	 70	 61	 88	  0	 46	  0	  0	  0	  0	  0	  0	  0	  0	  0	  0	  0	  5	23110	  0
24-01-2015	03:12:35	->	L	00000000	 21	 89	 70	 43	  0	173	  0	  4	  4	  9	  4	  4	  4	  4	  4	  0	  0	  0	  0	  0	  0	  0	  0	  0	  0	  0	  0	  0	  0	  0	  0	  0	  0	  0	  0	  0	  0	  0	  0	 82	 70	 58	 89	  0	 43	  0	  0	  0	  0	  0	  0	  0	  0	  0	  0	  0	  5	23110	  0
24-01-2015	03:17:35	->	L	00000000	 21	 89	 70	 42	  0	178	  0	  4	  4	  8	  4	  4	  4	  4	  4	  0	  0	  0	  0	  0	  0	  0	  0	  0	  0	  0	  0	  0	  0	  0	  0	  0	  0	  0	  0	  0	  0	  0	  0	 82	 70	 58	 89	  0	 43	  0	  0	  0	  0	  0	  0	  0	  0	  0	  0	  0	  5	23110	  0
24-01-2015	03:22:35	->	L	00000000	 21	 88	 70	 47	  0	183	  0	  4	  4	  8	  4	  4	  4	  4	  4	  0	  0	  0	  0	  0	  0	  0	  0	  0	  0	  0	  0	  0	  0	  0	  0	  0	  0	  0	  0	  0	  0	  0	  0	 81	 70	 61	 88	  0	 46	  0	  0	  0	  0	  0	  0	  0	  0	  0	  0	  0	  5	23110	  0
24-01-2015	03:27:35	->	L	00000000	 21	 91	 70	 42	  0	188	  0	  4	  4	  8	  4	  4	  4	  4	  4	  0	  0	  0	  0	  0	  0	  0	  0	  0	  0	  0	  0	  0	  0	  0	  0	  0	  0	  0	  0	  0	  0	  0	  0	 83	 70	 58	 91	  0	 39	  0	  0	  0	  0	  0	  0	  0	  0	  0	  0	  0	  5	23110	  0
24-01-2015	03:32:35	->	L	00000000	 21	 90	 70	 42	  0	193	  0	  4	  4	  8	  4	  4	  4	  4	  4	  0	  0	  0	  0	  0	  0	  0	  0	  0	  0	  0	  0	  0	  0	  0	  0	  0	  0	  0	  0	  0	  0	  0	  0	 82	 70	 58	 90	  0	 42	  0	  0	  0	  0	  0	  0	  0	  0	  0	  0	  0	  5	23110	  0
24-01-2015	03:37:35	->	L	00000000	 21	 88	 70	 46	  0	198	  0	  4	  4	  8	  4	  4	  4	  4	  4	  0	  0	  0	  0	  0	  0	  0	  0	  0	  0	  0	  0	  0	  0	  0	  0	  0	  0	  0	  0	  0	  0	  0	  0	 81	 70	 61	 88	  0	 46	  0	  0	  0	  0	  0	  0	  0	  0	  0	  0	  0	  5	23110	  0
24-01-2015	03:42:35	->	L	00000000	 21	 91	 70	 39	  0	203	  0	  4	  4	  9	  4	  4	  5	  4	  4	  0	  0	  0	  0	  0	  0	  0	  0	  0	  0	  0	  0	  0	  0	  0	  0	  0	  0	  0	  0	  0	  0	  0	  0	 83	 70	 55	 91	  0	 39	  0	  0	  0	  0	  0	  0	  0	  0	  0	  0	  0	  5	23110	  0
24-01-2015	03:47:35	->	L	00000000	 21	 90	 70	 42	  0	208	  0	  4	  4	  8	  4	  4	  4	  4	  4	  0	  0	  0	  0	  0	  0	  0	  0	  0	  0	  0	  0	  0	  0	  0	  0	  0	  0	  0	  0	  0	  0	  0	  0	 82	 70	 58	 90	  0	 42	  0	  0	  0	  0	  0	  0	  0	  0	  0	  0	  0	  5	23110	  0
24-01-2015	03:52:35	->	L	00000000	 21	 87	 70	 47	  0	213	  0	  4	  4	  9	  4	  4	  4	  4	  4	  0	  0	  0	  0	  0	  0	  0	  0	  0	  0	  0	  0	  0	  0	  0	  0	  0	  0	  0	  0	  0	  0	  0	  0	 81	 70	 61	 87	  0	 47	  0	  0	  0	  0	  0	  0	  0	  0	  0	  0	  0	  5	23110	  0
24-01-2015	03:57:36	->	L	00000000	 21	 90	 70	 42	  0	218	  0	  4	  4	  8	  4	  4	  4	  4	  4	  0	  0	  0	  0	  0	  0	  0	  0	  0	  0	  0	  0	  0	  0	  0	  0	  0	  0	  0	  0	  0	  0	  0	  0	 82	 70	 58	 90	  0	 42	  0	  0	  0	  0	  0	  0	  0	  0	  0	  0	  0	  5	23110	  0
24-01-2015	04:02:36	->	L	00000000	 21	 90	 70	 42	  0	223	  0	  4	  4	  9	  4	  4	  4	  4	  4	  0	  0	  0	  0	  0	  0	  0	  0	  0	  0	  0	  0	  0	  0	  0	  0	  0	  0	  0	  0	  0	  0	  0	  0	 83	 70	 55	 90	  0	 42	  0	  0	  0	  0	  0	  0	  0	  0	  0	  0	  0	  5	23110	  0
24-01-2015	04:07:36	->	L	00000000	 21	 87	 70	 47	  0	228	  0	  4	  4	  9	  4	  4	  4	  4	  4	  0	  0	  0	  0	  0	  0	  0	  0	  0	  0	  0	  0	  0	  0	  0	  0	  0	  0	  0	  0	  0	  0	  0	  0	 81	 70	 61	 87	  0	 47	  0	  0	  0	  0	  0	  0	  0	  0	  0	  0	  0	  5	23110	  0
24-01-2015	04:12:36	->	L	00000000	 21	 90	 70	 42	  0	233	  0	  4	  4	  8	  4	  4	  4	  4	  4	  0	  0	  0	  0	  0	  0	  0	  0	  0	  0	  0	  0	  0	  0	  0	  0	  0	  0	  0	  0	  0	  0	  0	  0	 82	 70	 58	 90	  0	 42	  0	  0	  0	  0	  0	  0	  0	  0	  0	  0	  0	  5	23110	  0
24-01-2015	04:17:36	->	L	00000000	 21	 90	 70	 42	  0	238	  0	  4	  4	  9	  4	  4	  4	  4	  4	  0	  0	  0	  0	  0	  0	  0	  0	  0	  0	  0	  0	  0	  0	  0	  0	  0	  0	  0	  0	  0	  0	  0	  0	 82	 70	 58	 90	  0	 42	  0	  0	  0	  0	  0	  0	  0	  0	  0	  0	  0	  5	23110	  0
24-01-2015	04:22:36	->	L	00000000	 21	 88	 70	 46	  0	243	  0	  4	  4	  9	  4	  4	  4	  4	  4	  0	  0	  0	  0	  0	  0	  0	  0	  0	  0	  0	  0	  0	  0	  0	  0	  0	  0	  0	  0	  0	  0	  0	  0	 82	 70	 58	 88	  0	 46	  0	  0	  0	  0	  0	  0	  0	  0	  0	  0	  0	  5	23110	  0
24-01-2015	04:27:36	<-	L	00000000	 21	 88	 70	 46	  0	248	  0	  4	  4	  8	  4	  4	  4	  4	  4	  0	  0	  0	  0	  0	  0	  0	  0	  0	  0	  0	  0	  0	  0	  0	  0	  0	  0	  0	  0	  0	  0	  0	  0	 81	 70	 61	 88	  0	 46	  0	  0	  0	  0	  0	  0	  0	  0	  0	  0	  0	  5	23110	  0
24-01-2015	04:32:36	<-	L	00000000	 21	 89	 71	 46	  0	253	  0	  4	  4	  8	  4	  4	  6	  4	  4	  0	  0	  0	  0	  0	  0	  0	  0	  0	  0	  0	  0	  0	  0	  0	  0	  0	  0	  0	  0	  0	  0	  0	  0	 89	 71	 46	 85	  0	 53	  0	  0	  0	  0	  0	  0	  0	  0	  0	  0	  0	  5	23110	  0
24-01-2015	04:37:36	<-	L	00000000	 21	 88	 70	 46	  0	258	  0	  4	  4	  5	  4	  4	  5	  4	  4	  0	  0	  0	  0	  0	  0	  0	  0	  0	  0	  0	  0	  0	  0	  0	  0	  0	  0	  0	  0	  0	  0	  0	  0	 88	 70	 46	 85	  0	 51	  0	  0	  0	  0	  0	  0	  0	  0	  0	  0	  0	  5	23110	  0
24-01-2015	04:42:36	<-	L	00000000	 21	 88	 70	 46	  0	263	  0	  4	  4	  5	  4	  4	  4	  4	  4	  0	  0	  0	  0	  0	  0	  0	  0	  0	  0	  0	  0	  0	  0	  0	  0	  0	  0	  0	  0	  0	  0	  0	  0	 88	 70	 46	 85	  0	 51	  0	  0	  0	  0	  0	  0	  0	  0	  0	  0	  0	  5	23110	  0
24-01-2015	04:47:36	<-	L	00000000	 21	 90	 70	 42	  0	268	  0	  4	  4	  5	  4	  4	  7	  4	  4	  0	  0	  0	  0	  0	  0	  0	  0	  0	  0	  0	  0	  0	  0	  0	  0	  0	  0	  0	  0	  0	  0	  0	  0	 90	 70	 42	 85	  0	 51	  0	  0	  0	  0	  0	  0	  0	  0	  0	  0	  0	  5	23110	  0
24-01-2015	04:52:37	<-	L	00000000	 21	 90	 70	 42	  0	273	  0	  4	  4	  5	  4	  4	  6	  4	  4	  0	  0	  0	  0	  0	  0	  0	  0	  0	  0	  0	  0	  0	  0	  0	  0	  0	  0	  0	  0	  0	  0	  0	  0	 90	 70	 42	 85	  0	 51	  0	  0	  0	  0	  0	  0	  0	  0	  0	  0	  0	  5	23110	  0
24-01-2015	04:57:37	<-	L	00000000	 21	 89	 70	 43	  0	278	  0	  4	  4	  5	  4	  4	  5	  4	  4	  0	  0	  0	  0	  0	  0	  0	  0	  0	  0	  0	  0	  0	  0	  0	  0	  0	  0	  0	  0	  0	  0	  0	  0	 89	 70	 43	 85	  0	 51	  0	  0	  0	  0	  0	  0	  0	  0	  0	  0	  0	  5	23110	  0
24-01-2015	05:02:37	<-	L	00000000	 21	 90	 70	 42	  0	283	  0	  4	  4	  5	  4	  4	  6	  4	  4	  0	  0	  0	  0	  0	  0	  0	  0	  0	  0	  0	  0	  0	  0	  0	  0	  0	  0	  0	  0	  0	  0	  0	  0	 90	 70	 42	 85	  0	 51	  0	  0	  0	  0	  0	  0	  0	  0	  0	  0	  0	  5	23110	  0
24-01-2015	05:07:37	<-	L	00000000	 21	 89	 70	 42	  0	288	  0	  4	  4	  5	  4	  4	  5	  4	  4	  0	  0	  0	  0	  0	  0	  0	  0	  0	  0	  0	  0	  0	  0	  0	  0	  0	  0	  0	  0	  0	  0	  0	  0	 89	 70	 43	 85	  0	 51	  0	  0	  0	  0	  0	  0	  0	  0	  0	  0	  0	  5	23110	  0
24-01-2015	05:12:37	<-	L	00000000	 21	 88	 70	 46	  0	293	  0	  4	  4	  5	  4	  4	  4	  4	  4	  0	  0	  0	  0	  0	  0	  0	  0	  0	  0	  0	  0	  0	  0	  0	  0	  0	  0	  0	  0	  0	  0	  0	  0	 88	 70	 46	 84	  0	 53	  0	  0	  0	  0	  0	  0	  0	  0	  0	  0	  0	  5	23110	  0
24-01-2015	05:17:37	<-	L	00000000	 21	 90	 70	 42	  0	298	  0	  4	  4	  5	  4	  4	  4	  4	  4	  0	  0	  0	  0	  0	  0	  0	  0	  0	  0	  0	  0	  0	  0	  0	  0	  0	  0	  0	  0	  0	  0	  0	  0	 90	 70	 42	 85	  0	 51	  0	  0	  0	  0	  0	  0	  0	  0	  0	  0	  0	  5	23110	  0
24-01-2015	05:22:37	<-	L	00000000	 22	 89	 69	 42	  0	  2	  0	  4	  4	  6	  4	  4	  4	  4	  4	  0	  0	  0	  0	  0	  0	  0	  0	  0	  0	  0	  0	  0	  0	  0	  0	  0	  0	  0	  0	  0	  0	  0	  0	 89	 69	 42	 85	  0	 49	  0	  0	  0	  0	  0	  0	  0	  0	  0	  0	  0	  5	23108	  0
24-01-2015	05:27:37	<-	L	00000000	 22	 88	 68	 41	  0	  7	  0	  4	  4	  6	  4	  4	  5	  4	  4	  0	  0	  0	  0	  0	  0	  0	  0	  0	  0	  0	  0	  0	  0	  0	  0	  0	  0	  0	  0	  0	  0	  0	  0	 88	 68	 41	 84	  0	 49	  0	  0	  0	  0	  0	  0	  0	  0	  0	  0	  0	  5	23108	  0
24-01-2015	05:32:38	<-	L	00000000	 22	 89	 68	 38	  0	 12	  0	  4	  4	  5	  4	  4	  4	  4	  4	  0	  0	  0	  0	  0	  0	  0	  0	  0	  0	  0	  0	  0	  0	  0	  0	  0	  0	  0	  0	  0	  0	  0	  0	 89	 68	 38	 85	  0	 46	  0	  0	  0	  0	  0	  0	  0	  0	  0	  0	  0	  5	23108	  0
24-01-2015	05:37:38	<-	L	00000000	 22	 90	 68	 38	  0	 17	  0	  4	  4	  5	  4	  4	  6	  4	  4	  0	  0	  0	  0	  0	  0	  0	  0	  0	  0	  0	  0	  0	  0	  0	  0	  0	  0	  0	  0	  0	  0	  0	  0	 90	 68	 39	 85	  0	 46	  0	  0	  0	  0	  0	  0	  0	  0	  0	  0	  0	  5	23108	  0
24-01-2015	05:42:38	<-	L	00000000	 22	 90	 68	 39	  0	 22	  0	  4	  4	  5	  4	  4	  6	  4	  4	  0	  0	  0	  0	  0	  0	  0	  0	  0	  0	  0	  0	  0	  0	  0	  0	  0	  0	  0	  0	  0	  0	  0	  0	 90	 68	 39	 85	  0	 46	  0	  0	  0	  0	  0	  0	  0	  0	  0	  0	  0	  5	23108	  0
24-01-2015	05:47:38	<-	L	00000000	 22	 90	 68	 39	  0	 27	  0	  4	  4	  5	  4	  4	  7	  4	  4	  0	  0	  0	  0	  0	  0	  0	  0	  0	  0	  0	  0	  0	  0	  0	  0	  0	  0	  0	  0	  0	  0	  0	  0	 90	 68	 39	 85	  0	 46	  0	  0	  0	  0	  0	  0	  0	  0	  0	  0	  0	  5	23108	  0
24-01-2015	05:52:38	<-	L	00000000	 22	 89	 68	 41	  0	 32	  0	  4	  4	  5	  4	  4	  5	  4	  4	  0	  0	  0	  0	  0	  0	  0	  0	  0	  0	  0	  0	  0	  0	  0	  0	  0	  0	  0	  0	  0	  0	  0	  0	 89	 68	 38	 84	  0	 49	  0	  0	  0	  0	  0	  0	  0	  0	  0	  0	  0	  5	23108	  0
24-01-2015	05:57:39	<-	L	00000000	 22	 90	 68	 39	  0	 37	  0	  4	  4	  6	  4	  4	  4	  4	  4	  0	  0	  0	  0	  0	  0	  0	  0	  0	  0	  0	  0	  0	  0	  0	  0	  0	  0	  0	  0	  0	  0	  0	  0	 90	 68	 39	 85	  0	 46	  0	  0	  0	  0	  0	  0	  0	  0	  0	  0	  0	  5	23108	  0
24-01-2015	06:02:38	<-	L	00000000	 22	 88	 67	 38	  0	 42	  0	  4	  4	  5	  4	  4	  4	  4	  4	  0	  0	  0	  0	  0	  0	  0	  0	  0	  0	  0	  0	  0	  0	  0	  0	  0	  0	  0	  0	  0	  0	  0	  0	 88	 67	 38	 84	  0	 46	  0	  0	  0	  0	  0	  0	  0	  0	  0	  0	  0	  5	23108	  0
24-01-2015	06:07:38	<-	L	00000000	 22	 89	 68	 38	  0	 47	  0	  4	  4	  6	  4	  4	  4	  4	  4	  0	  0	  0	  0	  0	  0	  0	  0	  0	  0	  0	  0	  0	  0	  0	  0	  0	  0	  0	  0	  0	  0	  0	  0	 89	 68	 38	 84	  0	 49	  0	  0	  0	  0	  0	  0	  0	  0	  0	  0	  0	  5	23108	  0
