25-01-2015	11:52:14	<-	L	00000000	 28	 85	 53	 22	  0	206	  0	  8	  8	  8	  8	  7	  8	  8	  7	  0	  0	  0	  0	  0	  0	  0	  0	  0	  0	  0	  0	  0	  0	  0	  0	  0	  0	  0	  0	  0	  0	  0	  0	 85	 53	 22	 85	  0	 22	  0	  0	  0	  0	  0	  0	  0	  0	  0	  0	  0	  5	21825	  0
25-01-2015	11:57:14	<-	L	00000000	 28	 88	 56	 23	  0	211	  0	  8	  8	  8	  8	  8	  8	  8	  8	  0	  0	  0	  0	  0	  0	  0	  0	  0	  0	  0	  0	  0	  0	  0	  0	  0	  0	  0	  0	  0	  0	  0	  0	 88	 56	 23	 87	  0	 23	  0	  0	  0	  0	  0	  0	  0	  0	  0	  0	  0	  5	21825	  0
25-01-2015	12:02:14	<-	L	00000000	 28	 86	 57	 25	  0	216	  0	  8	  8	  8	  8	  8	  8	  8	  8	  0	  0	  0	  0	  0	  0	  0	  0	  0	  0	  0	  0	  0	  0	  0	  0	  0	  0	  0	  0	  0	  0	  0	  0	 86	 57	 25	 86	  0	 25	  0	  0	  0	  0	  0	  0	  0	  0	  0	  0	  0	  5	21825	  0
25-01-2015	12:07:14	<-	L	00000000	 28	 85	 58	 28	  0	221	  0	  8	  8	  8	  8	  8	  9	  8	  8	  0	  0	  0	  0	  0	  0	  0	  0	  0	  0	  0	  0	  0	  0	  0	  0	  0	  0	  0	  0	  0	  0	  0	  0	 84	 58	 29	 85	  0	 28	  0	  0	  0	  0	  0	  0	  0	  0	  0	  0	  0	  5	21825	  0
25-01-2015	12:12:14	<-	L	00000000	 28	 88	 59	 26	  0	226	  0	  8	  8	  9	  8	  8	  9	  8	  8	  0	  0	  0	  0	  0	  0	  0	  0	  0	  0	  0	  0	  0	  0	  0	  0	  0	  0	  0	  0	  0	  0	  0	  0	 86	 59	 28	 88	  0	 26	  0	  0	  0	  0	  0	  0	  0	  0	  0	  0	  0	  5	21825	  0
25-01-2015	12:17:14	<-	L	00000000	 28	 84	 59	 29	  0	231	  0	  8	  8	  9	  8	  8	  8	  8	  8	  0	  0	  0	  0	  0	  0	  0	  0	  0	  0	  0	  0	  0	  0	  0	  0	  0	  0	  0	  0	  0	  0	  0	  0	 83	 59	 31	 84	  0	 29	  0	  0	  0	  0	  0	  0	  0	  0	  0	  0	  0	  5	21825	  0
25-01-2015	12:22:14	<-	L	00000000	 28	 86	 60	 28	  0	236	  0	  8	  8	  9	  8	  8	  8	  8	  8	  0	  0	  0	  0	  0	  0	  0	  0	  0	  0	  0	  0	  0	  0	  0	  0	  0	  0	  0	  0	  0	  0	  0	  0	 85	 60	 30	 86	  0	 30	  0	  0	  0	  0	  0	  0	  0	  0	  0	  0	  0	  5	21825	  0
25-01-2015	12:27:15	<-	L	00000000	 29	 86	 60	 30	  0	  0	  0	  8	  8	  9	  8	  8	  8	  8	  8	  0	  0	  0	  0	  0	  0	  0	  0	  0	  0	  0	  0	  0	  0	  0	  0	  0	  0	  0	  0	  0	  0	  0	  0	 86	 60	 30	 86	  0	 30	  0	  0	  0	  0	  0	  0	  0	  0	  0	  0	  0	  5	21810	  0
25-01-2015	12:32:15	<-	L	00000000	 29	 84	 53	 22	  0	  5	  0	  8	  8	  9	  8	  8	  8	  8	  8	  0	  0	  0	  0	  0	  0	  0	  0	  0	  0	  0	  0	  0	  0	  0	  0	  0	  0	  0	  0	  0	  0	  0	  0	 82	 53	 24	 84	  0	 22	  0	  0	  0	  0	  0	  0	  0	  0	  0	  0	  0	  5	21810	  0
25-01-2015	12:37:15	<-	L	00000000	 29	 85	 51	 20	  0	 10	  0	  8	  8	  9	  8	  8	  8	  8	  8	  0	  0	  0	  0	  0	  0	  0	  0	  0	  0	  0	  0	  0	  0	  0	  0	  0	  0	  0	  0	  0	  0	  0	  0	 83	 51	 21	 85	  0	 20	  0	  0	  0	  0	  0	  0	  0	  0	  0	  0	  0	  5	21810	  0
25-01-2015	12:42:15	<-	L	00000000	 29	 85	 50	 19	  0	 15	  0	  8	  9	  9	  8	  8	  8	  8	  8	  0	  0	  0	  0	  0	  0	  0	  0	  0	  0	  0	  0	  0	  0	  0	  0	  0	  0	  0	  0	  0	  0	  0	  0	 83	 50	 20	 85	  0	 19	  0	  0	  0	  0	  0	  0	  0	  0	  0	  0	  0	  5	21810	  0
25-01-2015	12:47:15	<-	L	00000000	 29	 85	 50	 18	  0	 20	  0	  8	  8	  8	  9	  9	  8	  8	  8	  0	  0	  0	  0	  0	  0	  0	  0	  0	  0	  0	  0	  0	  0	  0	  0	  0	  0	  0	  0	  0	  0	  0	  0	 83	 50	 20	 85	  0	 19	  0	  0	  0	  0	  0	  0	  0	  0	  0	  0	  0	  5	21808	  0
25-01-2015	12:52:15	<-	L	00000000	 29	 85	 49	 18	  0	 25	  0	  8	  8	  8	  8	  9	  9	  9	  9	  0	  0	  0	  0	  0	  0	  0	  0	  0	  0	  0	  0	  0	  0	  0	  0	  0	  0	  0	  0	  0	  0	  0	  0	 85	 49	 18	 85	  0	 18	  0	  0	  0	  0	  0	  0	  0	  0	  0	  0	  0	  5	21808	  0
25-01-2015	12:57:15	<-	L	00000000	 29	 86	 49	 18	  0	 30	  0	  8	  9	  8	  8	  8	  8	  8	  9	  0	  0	  0	  0	  0	  0	  0	  0	  0	  0	  0	  0	  0	  0	  0	  0	  0	  0	  0	  0	  0	  0	  0	  0	 85	 49	 18	 86	  0	 17	  0	  0	  0	  0	  0	  0	  0	  0	  0	  0	  0	  5	21808	  0
25-01-2015	13:02:15	<-	L	00000000	 29	 87	 49	 17	  0	 35	  0	  8	  9	  8	  8	  9	  8	  8	  9	  0	  0	  0	  0	  0	  0	  0	  0	  0	  0	  0	  0	  0	  0	  0	  0	  0	  0	  0	  0	  0	  0	  0	  0	 84	 49	 18	 87	  0	 16	  0	  0	  0	  0	  0	  0	  0	  0	  0	  0	  0	  5	21808	  0
25-01-2015	13:07:15	<-	L	00000000	 29	 87	 49	 16	  0	 40	  0	  8	  9	  8	  8	  8	  8	  8	  9	  0	  0	  0	  0	  0	  0	  0	  0	  0	  0	  0	  0	  0	  0	  0	  0	  0	  0	  0	  0	  0	  0	  0	  0	 85	 49	 18	 87	  0	 16	  0	  0	  0	  0	  0	  0	  0	  0	  0	  0	  0	  5	21808	  0
25-01-2015	13:12:15	<-	L	00000000	 29	 87	 49	 16	  0	 45	  0	  9	  9	  8	  9	  9	  8	  8	  8	  0	  0	  0	  0	  0	  0	  0	  0	  0	  0	  0	  0	  0	  0	  0	  0	  0	  0	  0	  0	  0	  0	  0	  0	 85	 49	 18	 87	  0	 16	  0	  0	  0	  0	  0	  0	  0	  0	  0	  0	  0	  5	21808	  0
25-01-2015	13:17:15	<-	L	00000000	 29	 87	 49	 16	  0	 50	  0	  8	  8	  8	  9	  9	  8	  8	  8	  0	  0	  0	  0	  0	  0	  0	  0	  0	  0	  0	  0	  0	  0	  0	  0	  0	  0	  0	  0	  0	  0	  0	  0	 85	 49	 18	 87	  0	 16	  0	  0	  0	  0	  0	  0	  0	  0	  0	  0	  0	  5	21808	  0
25-01-2015	13:22:15	<-	L	00000000	 29	 87	 48	 15	  0	 55	  0	  8	  8	  8	  8	  9	  9	  9	  8	  0	  0	  0	  0	  0	  0	  0	  0	  0	  0	  0	  0	  0	  0	  0	  0	  0	  0	  0	  0	  0	  0	  0	  0	 85	 48	 17	 87	  0	 15	  0	  0	  0	  0	  0	  0	  0	  0	  0	  0	  0	  5	21808	  0
25-01-2015	13:27:16	<-	L	00000000	 29	 87	 48	 15	  0	 60	  0	  8	  8	  9	  8	  8	  9	  8	  8	  0	  0	  0	  0	  0	  0	  0	  0	  0	  0	  0	  0	  0	  0	  0	  0	  0	  0	  0	  0	  0	  0	  0	  0	 86	 48	 16	 87	  0	 15	  0	  0	  0	  0	  0	  0	  0	  0	  0	  0	  0	  5	21808	  0
25-01-2015	13:32:15	<-	L	00000000	 29	 87	 48	 15	  0	 65	  0	  8	  8	  9	  8	  8	  9	  8	  8	  0	  0	  0	  0	  0	  0	  0	  0	  0	  0	  0	  0	  0	  0	  0	  0	  0	  0	  0	  0	  0	  0	  0	  0	 86	 48	 16	 87	  0	 15	  0	  0	  0	  0	  0	  0	  0	  0	  0	  0	  0	  5	21808	  0
25-01-2015	13:37:15	<-	L	00000000	 29	 87	 48	 15	  0	 70	  0	  8	  8	  9	  8	  8	  8	  8	  8	  0	  0	  0	  0	  0	  0	  0	  0	  0	  0	  0	  0	  0	  0	  0	  0	  0	  0	  0	  0	  0	  0	  0	  0	 86	 48	 16	 87	  0	 15	  0	  0	  0	  0	  0	  0	  0	  0	  0	  0	  0	  5	21808	  0
25-01-2015	13:42:16	<-	L	00000000	 29	 87	 48	 16	  0	 75	  0	  8	  9	  9	  9	  8	  8	  8	  8	  0	  0	  0	  0	  0	  0	  0	  0	  0	  0	  0	  0	  0	  0	  0	  0	  0	  0	  0	  0	  0	  0	  0	  0	 85	 48	 17	 87	  0	 15	  0	  0	  0	  0	  0	  0	  0	  0	  0	  0	  0	  5	21808	  0
25-01-2015	13:47:16	  	L	00000000	 29	 87	 48	 16	  0	 80	  0	  8	  8	  9	  8	  9	  9	  9	  9	  0	  0	  0	  0	  0	  0	  0	  0	  0	  0	  0	  0	  0	  0	  0	  0	  0	  0	  0	  0	  0	  0	  0	  0	 86	 48	 16	 87	  0	 15	  0	  0	  0	  0	  0	  0	  0	  0	  0	  0	  0	  5	21808	  0
25-01-2015	13:52:16	->	L	00000000	 29	 85	 50	 19	  0	 85	  0	  8	  8	  9	  8	  8	  8	  9	  9	  0	  0	  0	  0	  0	  0	  0	  0	  0	  0	  0	  0	  0	  0	  0	  0	  0	  0	  0	  0	  0	  0	  0	  0	 85	 50	 19	 84	  0	 19	  0	  0	  0	  0	  0	  0	  0	  0	  0	  0	  0	  5	21808	  0
25-01-2015	13:57:16	->	L	00000000	 29	 85	 47	 16	  0	 90	  0	  8	  8	  9	  8	  8	 10	  8	  8	  0	  0	  0	  0	  0	  0	  0	  0	  0	  0	  0	  0	  0	  0	  0	  0	  0	  0	  0	  0	  0	  0	  0	  0	 85	 47	 16	 84	  0	 16	  0	  0	  0	  0	  0	  0	  0	  0	  0	  0	  0	  5	21808	  0
25-01-2015	14:02:16	->	L	00000000	 29	 84	 46	 15	  0	 95	  0	  8	  8	  9	  8	  8	  9	  8	  8	  0	  0	  0	  0	  0	  0	  0	  0	  0	  0	  0	  0	  0	  0	  0	  0	  0	  0	  0	  0	  0	  0	  0	  0	 84	 46	 15	 84	  0	 15	  0	  0	  0	  0	  0	  0	  0	  0	  0	  0	  0	  5	21808	  0
25-01-2015	14:07:16	->	L	00000000	 29	 85	 47	 16	  0	100	  0	  8	  8	  9	  8	  8	  9	  8	  8	  0	  0	  0	  0	  0	  0	  0	  0	  0	  0	  0	  0	  0	  0	  0	  0	  0	  0	  0	  0	  0	  0	  0	  0	 85	 47	 16	 85	  0	 16	  0	  0	  0	  0	  0	  0	  0	  0	  0	  0	  0	  5	21808	  0
25-01-2015	14:12:16	->	L	00000000	 29	 87	 49	 16	  0	105	  0	  8	  8	  9	  8	  8	  9	  8	  8	  0	  0	  0	  0	  0	  0	  0	  0	  0	  0	  0	  0	  0	  0	  0	  0	  0	  0	  0	  0	  0	  0	  0	  0	 86	 49	 17	 87	  0	 16	  0	  0	  0	  0	  0	  0	  0	  0	  0	  0	  0	  5	21808	  0
25-01-2015	14:17:16	->	L	00000000	 29	 89	 48	 15	  0	110	  0	  8	  8	  9	  8	  8	  8	  8	  8	  0	  0	  0	  0	  0	  0	  0	  0	  0	  0	  0	  0	  0	  0	  0	  0	  0	  0	  0	  0	  0	  0	  0	  0	 87	 48	 15	 89	  0	 14	  0	  0	  0	  0	  0	  0	  0	  0	  0	  0	  0	  5	21808	  0
25-01-2015	14:22:17	->	L	00000000	 29	 90	 48	 14	  0	115	  0	  8	  8	  9	  8	  8	  9	  8	  8	  0	  0	  0	  0	  0	  0	  0	  0	  0	  0	  0	  0	  0	  0	  0	  0	  0	  0	  0	  0	  0	  0	  0	  0	 88	 48	 15	 90	  0	 14	  0	  0	  0	  0	  0	  0	  0	  0	  0	  0	  0	  5	21808	  0
25-01-2015	14:27:16	->	L	00000000	 29	 89	 48	 15	  0	120	  0	  8	  8	  9	  8	  8	  8	  8	  8	  0	  0	  0	  0	  0	  0	  0	  0	  0	  0	  0	  0	  0	  0	  0	  0	  0	  0	  0	  0	  0	  0	  0	  0	 87	 48	 15	 89	  0	 14	  0	  0	  0	  0	  0	  0	  0	  0	  0	  0	  0	  5	21808	  0
25-01-2015	14:32:17	->	L	00000000	 29	 84	 47	 16	  0	125	  0	  8	  8	  9	  8	  8	  9	  8	  8	  0	  0	  0	  0	  0	  0	  0	  0	  0	  0	  0	  0	  0	  0	  0	  0	  0	  0	  0	  0	  0	  0	  0	  0	 84	 47	 16	 84	  0	 16	  0	  0	  0	  0	  0	  0	  0	  0	  0	  0	  0	  5	21808	  0
25-01-2015	14:37:17	->	L	00000000	 29	 85	 48	 17	  0	130	  0	  8	  8	  9	  8	  8	  9	  8	  8	  0	  0	  0	  0	  0	  0	  0	  0	  0	  0	  0	  0	  0	  0	  0	  0	  0	  0	  0	  0	  0	  0	  0	  0	 84	 48	 17	 85	  0	 17	  0	  0	  0	  0	  0	  0	  0	  0	  0	  0	  0	  5	21808	  0
25-01-2015	14:42:17	->	L	00000000	 29	 87	 48	 15	  0	135	  0	  8	  8	  9	  8	  8	  8	  8	  8	  0	  0	  0	  0	  0	  0	  0	  0	  0	  0	  0	  0	  0	  0	  0	  0	  0	  0	  0	  0	  0	  0	  0	  0	 86	 48	 16	 87	  0	 15	  0	  0	  0	  0	  0	  0	  0	  0	  0	  0	  0	  5	21808	  0
25-01-2015	14:47:17	->	L	00000000	 29	 90	 48	 14	  0	140	  0	  8	  8	  9	  8	  8	  8	  8	  8	  0	  0	  0	  0	  0	  0	  0	  0	  0	  0	  0	  0	  0	  0	  0	  0	  0	  0	  0	  0	  0	  0	  0	  0	 88	 48	 15	 90	  0	 14	  0	  0	  0	  0	  0	  0	  0	  0	  0	  0	  0	  5	21808	  0
25-01-2015	14:52:17	->	L	00000000	 29	 89	 48	 15	  0	145	  0	  8	  8	  9	  8	  8	  9	  8	  8	  0	  0	  0	  0	  0	  0	  0	  0	  0	  0	  0	  0	  0	  0	  0	  0	  0	  0	  0	  0	  0	  0	  0	  0	 87	 48	 15	 89	  0	 14	  0	  0	  0	  0	  0	  0	  0	  0	  0	  0	  0	  5	21808	  0
25-01-2015	14:57:18	->	L	00000000	 29	 84	 47	 17	  0	150	  0	  8	  8	  9	  8	  8	  9	  8	  8	  0	  0	  0	  0	  0	  0	  0	  0	  0	  0	  0	  0	  0	  0	  0	  0	  0	  0	  0	  0	  0	  0	  0	  0	 84	 47	 16	 84	  0	 16	  0	  0	  0	  0	  0	  0	  0	  0	  0	  0	  0	  5	21808	  0
25-01-2015	15:02:17	->	L	00000000	 29	 85	 48	 17	  0	155	  0	  8	  8	  9	  8	  8	  8	  8	  8	  0	  0	  0	  0	  0	  0	  0	  0	  0	  0	  0	  0	  0	  0	  0	  0	  0	  0	  0	  0	  0	  0	  0	  0	 85	 48	 17	 85	  0	 17	  0	  0	  0	  0	  0	  0	  0	  0	  0	  0	  0	  5	21808	  0
25-01-2015	15:07:17	->	L	00000000	 29	 88	 48	 15	  0	160	  0	  8	  8	  9	  8	  8	  8	  8	  8	  0	  0	  0	  0	  0	  0	  0	  0	  0	  0	  0	  0	  0	  0	  0	  0	  0	  0	  0	  0	  0	  0	  0	  0	 86	 48	 16	 88	  0	 15	  0	  0	  0	  0	  0	  0	  0	  0	  0	  0	  0	  5	21808	  0
25-01-2015	15:32:18	  	L	00000000	 29	 65	 40	 21	  0	166	  0	 11	 11	 12	 10	 10	 10	 10	 10	  0	  0	  0	  0	  0	  0	  0	  0	  0	  0	  0	  0	  0	  0	  0	  0	  0	  0	  0	  0	  0	  0	  0	  0	 65	 40	 21	 65	  0	 21	  0	  0	  0	  0	  0	  0	  0	  0	  0	  0	  0	  5	21808	  0
25-01-2015	15:37:18	->	L	00000000	 29	 86	 47	 15	  0	171	  0	 10	 10	 11	 10	 10	 10	 10	 10	  0	  0	  0	  0	  0	  0	  0	  0	  0	  0	  0	  0	  0	  0	  0	  0	  0	  0	  0	  0	  0	  0	  0	  0	 86	 47	 15	 86	  0	 15	  0	  0	  0	  0	  0	  0	  0	  0	  0	  0	  0	  5	21808	  0
25-01-2015	15:42:18	->	L	00000000	 29	 88	 48	 15	  0	176	  0	  8	  8	  9	  8	  8	  8	  8	  8	  0	  0	  0	  0	  0	  0	  0	  0	  0	  0	  0	  0	  0	  0	  0	  0	  0	  0	  0	  0	  0	  0	  0	  0	 85	 48	 17	 88	  0	 15	  0	  0	  0	  0	  0	  0	  0	  0	  0	  0	  0	  5	21808	  0
25-01-2015	15:47:18	->	L	00000000	210	 87	 49	 17	  0	  0	  0	  8	  8	  9	  8	  8	  8	  8	  8	  0	  0	  0	  0	  0	  0	  0	  0	  0	  0	  0	  0	  0	  0	  0	  0	  0	  0	  0	  0	  0	  0	  0	  0	 84	 49	 18	 87	  0	 16	  0	  0	  0	  0	  0	  0	  0	  0	  0	  0	  0	  5	21805	  0
25-01-2015	15:52:18	->	L	00000000	210	 88	 47	 14	  0	  5	  0	  8	  8	  9	  8	  8	  8	  8	  8	  0	  0	  0	  0	  0	  0	  0	  0	  0	  0	  0	  0	  0	  0	  0	  0	  0	  0	  0	  0	  0	  0	  0	  0	 83	 47	 17	 88	  0	 14	  0	  0	  0	  0	  0	  0	  0	  0	  0	  0	  0	  5	21805	  0
25-01-2015	15:57:18	->	L	00000000	210	 89	 45	 12	  0	 10	  0	  8	  8	  9	  8	  8	  8	  8	  8	  0	  0	  0	  0	  0	  0	  0	  0	  0	  0	  0	  0	  0	  0	  0	  0	  0	  0	  0	  0	  0	  0	  0	  0	 84	 45	 14	 89	  0	 11	  0	  0	  0	  0	  0	  0	  0	  0	  0	  0	  0	  5	21805	  0
25-01-2015	16:02:18	->	L	00000000	210	 92	 45	 10	  0	 15	  0	  8	  8	  9	  8	  8	  8	  8	  8	  0	  0	  0	  0	  0	  0	  0	  0	  0	  0	  0	  0	  0	  0	  0	  0	  0	  0	  0	  0	  0	  0	  0	  0	 86	 45	 13	 92	  0	  9	  0	  0	  0	  0	  0	  0	  0	  0	  0	  0	  0	  5	21805	  0
25-01-2015	16:07:18	->	L	00000000	210	 91	 44	 10	  0	 20	  0	  8	  8	  9	  8	  8	  8	  8	  8	  0	  0	  0	  0	  0	  0	  0	  0	  0	  0	  0	  0	  0	  0	  0	  0	  0	  0	  0	  0	  0	  0	  0	  0	 85	 44	 13	 91	  0	  9	  0	  0	  0	  0	  0	  0	  0	  0	  0	  0	  0	  5	21805	  0
25-01-2015	16:12:18	->	L	00000000	210	 88	 44	 12	  0	 25	  0	  8	  8	  9	  8	  8	  8	  8	  8	  0	  0	  0	  0	  0	  0	  0	  0	  0	  0	  0	  0	  0	  0	  0	  0	  0	  0	  0	  0	  0	  0	  0	  0	 82	 44	 15	 88	  0	 11	  0	  0	  0	  0	  0	  0	  0	  0	  0	  0	  0	  5	21805	  0
25-01-2015	16:17:19	->	L	00000000	210	 84	 44	 13	  0	 30	  0	  8	  8	  9	  8	  8	  8	  8	  8	  0	  0	  0	  0	  0	  0	  0	  0	  0	  0	  0	  0	  0	  0	  0	  0	  0	  0	  0	  0	  0	  0	  0	  0	 81	 44	 15	 84	  0	 13	  0	  0	  0	  0	  0	  0	  0	  0	  0	  0	  0	  5	21805	  0
25-01-2015	16:22:19	->	L	00000000	210	 85	 45	 14	  0	 35	  0	  8	  8	  8	  8	  8	  8	  8	  8	  0	  0	  0	  0	  0	  0	  0	  0	  0	  0	  0	  0	  0	  0	  0	  0	  0	  0	  0	  0	  0	  0	  0	  0	 83	 45	 15	 85	  0	 14	  0	  0	  0	  0	  0	  0	  0	  0	  0	  0	  0	  5	21805	  0
25-01-2015	16:27:19	->	L	00000000	210	 87	 45	 12	  0	 40	  0	  8	  8	  8	  8	  8	  8	  8	  8	  0	  0	  0	  0	  0	  0	  0	  0	  0	  0	  0	  0	  0	  0	  0	  0	  0	  0	  0	  0	  0	  0	  0	  0	 84	 45	 14	 87	  0	 12	  0	  0	  0	  0	  0	  0	  0	  0	  0	  0	  0	  5	21805	  0
25-01-2015	16:32:19	->	L	00000000	210	 89	 45	 11	  0	 45	  0	  8	  8	  8	  8	  8	  8	  8	  8	  0	  0	  0	  0	  0	  0	  0	  0	  0	  0	  0	  0	  0	  0	  0	  0	  0	  0	  0	  0	  0	  0	  0	  0	 86	 45	 13	 89	  0	 11	  0	  0	  0	  0	  0	  0	  0	  0	  0	  0	  0	  5	21805	  0
25-01-2015	16:37:19	->	L	00000000	210	 92	 45	  9	  0	 50	  0	  8	  8	  8	  8	  8	  8	  8	  8	  0	  0	  0	  0	  0	  0	  0	  0	  0	  0	  0	  0	  0	  0	  0	  0	  0	  0	  0	  0	  0	  0	  0	  0	 88	 45	 12	 92	  0	  9	  0	  0	  0	  0	  0	  0	  0	  0	  0	  0	  0	  5	21805	  0
25-01-2015	16:42:19	->	L	00000000	210	 86	 45	 13	  0	 55	  0	  8	  8	  8	  8	  8	  9	  8	  8	  0	  0	  0	  0	  0	  0	  0	  0	  0	  0	  0	  0	  0	  0	  0	  0	  0	  0	  0	  0	  0	  0	  0	  0	 83	 45	 15	 86	  0	 13	  0	  0	  0	  0	  0	  0	  0	  0	  0	  0	  0	  5	21805	  0
25-01-2015	16:47:19	->	L	00000000	210	 85	 45	 13	  0	 60	  0	  8	  8	  8	  8	  8	  9	  8	  8	  0	  0	  0	  0	  0	  0	  0	  0	  0	  0	  0	  0	  0	  0	  0	  0	  0	  0	  0	  0	  0	  0	  0	  0	 83	 45	 15	 85	  0	 14	  0	  0	  0	  0	  0	  0	  0	  0	  0	  0	  0	  5	21805	  0
25-01-2015	16:52:19	->	L	00000000	 30	 84	 48	 17	  0	  4	  0	  8	  8	  8	  8	  8	  9	  8	  8	  0	  0	  0	  0	  0	  0	  0	  0	  0	  0	  0	  0	  0	  0	  0	  0	  0	  0	  0	  0	  0	  0	  0	  0	 83	 48	 18	 84	  0	 17	  0	  0	  0	  0	  0	  0	  0	  0	  0	  0	  0	  5	20560	  1
25-01-2015	16:57:19	->	L	00000000	 30	 80	 57	 30	  0	  9	  0	  8	  8	  8	  8	  8	  8	  8	  8	  0	  0	  0	  0	  0	  0	  0	  0	  0	  0	  0	  0	  0	  0	  0	  0	  0	  0	  0	  0	  0	  0	  0	  0	 80	 57	 30	 78	  0	 33	  0	  0	  0	  0	  0	  0	  0	  0	  0	  0	  0	  5	20560	  1
25-01-2015	17:02:19	->	L	00000000	 30	 84	 66	 44	  0	 14	  0	  9	  9	  8	  9	  9	  9	  8	  9	  0	  0	  0	  0	  0	  0	  0	  0	  0	  0	  0	  0	  0	  0	  0	  0	  0	  0	  0	  0	  0	  0	  0	  0	 84	 66	 44	 84	  0	 44	  0	  0	  0	  0	  0	  0	  0	  0	  0	  0	  0	  5	20560	  1
25-01-2015	17:07:19	->	L	00000000	 30	 86	 69	 45	  0	 19	  0	  9	  9	  8	  9	  9	  9	  8	  9	  0	  0	  0	  0	  0	  0	  0	  0	  0	  0	  0	  0	  0	  0	  0	  0	  0	  0	  0	  0	  0	  0	  0	  0	 85	 69	 49	 86	  0	 47	  0	  0	  0	  0	  0	  0	  0	  0	  0	  0	  0	  5	20560	  1
25-01-2015	17:12:19	<-	L	00000000	 30	 86	 68	 45	  0	 24	  0	  9	  9	  8	  9	  9	  9	  9	  9	  0	  0	  0	  0	  0	  0	  0	  0	  0	  0	  0	  0	  0	  0	  0	  0	  0	  0	  0	  0	  0	  0	  0	  0	 85	 68	 46	 86	  0	 45	  0	  0	  0	  0	  0	  0	  0	  0	  0	  0	  0	  5	20560	  1
25-01-2015	17:17:20	<-	L	00000000	 30	 87	 70	 45	  0	 29	  0	  8	  9	  8	  8	  8	  8	  8	  8	  0	  0	  0	  0	  0	  0	  0	  0	  0	  0	  0	  0	  0	  0	  0	  0	  0	  0	  0	  0	  0	  0	  0	  0	 86	 70	 49	 87	  0	 47	  0	  0	  0	  0	  0	  0	  0	  0	  0	  0	  0	  5	20560	  1
25-01-2015	17:22:20	<-	L	00000000	 30	 87	 71	 52	  0	 34	  0	  8	  8	  8	  8	  8	  8	  8	  8	  0	  0	  0	  0	  0	  0	  0	  0	  0	  0	  0	  0	  0	  0	  0	  0	  0	  0	  0	  0	  0	  0	  0	  0	 87	 71	 50	 87	  0	 50	  0	  0	  0	  0	  0	  0	  0	  0	  0	  0	  0	  5	20560	  1
25-01-2015	17:27:21	<-	L	00000000	 30	 88	 73	 53	  0	 39	  0	  8	  8	  8	  8	  8	  8	  8	  8	  0	  0	  0	  0	  0	  0	  0	  0	  0	  0	  0	  0	  0	  0	  0	  0	  0	  0	  0	  0	  0	  0	  0	  0	 87	 73	 54	 88	  0	 53	  0	  0	  0	  0	  0	  0	  0	  0	  0	  0	  0	  5	20560	  1
25-01-2015	17:32:20	<-	L	00000000	 30	 88	 74	 54	  0	 44	  0	  8	  8	  8	  8	  8	  8	  8	  8	  0	  0	  0	  0	  0	  0	  0	  0	  0	  0	  0	  0	  0	  0	  0	  0	  0	  0	  0	  0	  0	  0	  0	  0	 88	 74	 54	 88	  0	 54	  0	  0	  0	  0	  0	  0	  0	  0	  0	  0	  0	  5	20560	  1
25-01-2015	17:37:20	<-	L	00000000	 30	 89	 74	 53	  0	 49	  0	  8	  8	  8	  8	  8	  8	  8	  8	  0	  0	  0	  0	  0	  0	  0	  0	  0	  0	  0	  0	  0	  0	  0	  0	  0	  0	  0	  0	  0	  0	  0	  0	 88	 74	 54	 89	  0	 53	  0	  0	  0	  0	  0	  0	  0	  0	  0	  0	  0	  5	20560	  1
25-01-2015	17:42:20	<-	L	00000000	 30	 89	 75	 55	  0	 54	  0	  8	  8	  8	  7	  8	  8	  8	  8	  0	  0	  0	  0	  0	  0	  0	  0	  0	  0	  0	  0	  0	  0	  0	  0	  0	  0	  0	  0	  0	  0	  0	  0	 88	 75	 57	 89	  0	 55	  0	  0	  0	  0	  0	  0	  0	  0	  0	  0	  0	  5	20560	  1
25-01-2015	17:47:20	<-	L	00000000	 30	 89	 75	 55	  0	 59	  0	  8	  7	  8	  7	  8	  8	  8	  8	  0	  0	  0	  0	  0	  0	  0	  0	  0	  0	  0	  0	  0	  0	  0	  0	  0	  0	  0	  0	  0	  0	  0	  0	 89	 75	 55	 89	  0	 55	  0	  0	  0	  0	  0	  0	  0	  0	  0	  0	  0	  5	20560	  1
25-01-2015	17:52:20	<-	L	00000000	 30	 89	 75	 55	  0	 64	  0	  8	  7	  8	  7	  8	  8	  8	  8	  0	  0	  0	  0	  0	  0	  0	  0	  0	  0	  0	  0	  0	  0	  0	  0	  0	  0	  0	  0	  0	  0	  0	  0	 89	 75	 55	 89	  0	 55	  0	  0	  0	  0	  0	  0	  0	  0	  0	  0	  0	  5	20555	  1
25-01-2015	17:57:20	<-	L	00000000	 30	 89	 72	 48	  0	 69	  0	  8	  7	  8	  7	  8	  8	  8	  8	  0	  0	  0	  0	  0	  0	  0	  0	  0	  0	  0	  0	  0	  0	  0	  0	  0	  0	  0	  0	  0	  0	  0	  0	 88	 72	 50	 89	  0	 48	  0	  0	  0	  0	  0	  0	  0	  0	  0	  0	  0	  5	20555	  1
25-01-2015	18:02:21	<-	L	00000000	 30	 89	 75	 55	  0	 74	  0	  8	  7	  8	  7	  8	  8	  8	  8	  0	  0	  0	  0	  0	  0	  0	  0	  0	  0	  0	  0	  0	  0	  0	  0	  0	  0	  0	  0	  0	  0	  0	  0	 89	 75	 55	 89	  0	 55	  0	  0	  0	  0	  0	  0	  0	  0	  0	  0	  0	  5	20555	  1
25-01-2015	18:07:21	<-	L	00000000	 30	 89	 74	 54	  0	 79	  0	  8	  7	  8	  7	  8	  8	  8	  8	  0	  0	  0	  0	  0	  0	  0	  0	  0	  0	  0	  0	  0	  0	  0	  0	  0	  0	  0	  0	  0	  0	  0	  0	 89	 74	 53	 89	  0	 53	  0	  0	  0	  0	  0	  0	  0	  0	  0	  0	  0	  5	20555	  1
25-01-2015	18:12:21	<-	L	00000000	 30	 89	 74	 53	  0	 84	  0	  8	  7	  8	  7	  8	  8	  8	  8	  0	  0	  0	  0	  0	  0	  0	  0	  0	  0	  0	  0	  0	  0	  0	  0	  0	  0	  0	  0	  0	  0	  0	  0	 89	 74	 53	 89	  0	 53	  0	  0	  0	  0	  0	  0	  0	  0	  0	  0	  0	  5	20555	  1
25-01-2015	18:17:21	<-	L	00000000	 30	 89	 73	 51	  0	 89	  0	  8	  7	  8	  7	  8	  8	  8	  8	  0	  0	  0	  0	  0	  0	  0	  0	  0	  0	  0	  0	  0	  0	  0	  0	  0	  0	  0	  0	  0	  0	  0	  0	 88	 73	 53	 89	  0	 51	  0	  0	  0	  0	  0	  0	  0	  0	  0	  0	  0	  5	20555	  1
25-01-2015	18:22:21	<-	L	00000000	 30	 89	 74	 53	  0	 94	  0	  8	  7	  8	  7	  8	  8	  8	  8	  0	  0	  0	  0	  0	  0	  0	  0	  0	  0	  0	  0	  0	  0	  0	  0	  0	  0	  0	  0	  0	  0	  0	  0	 89	 74	 53	 89	  0	 53	  0	  0	  0	  0	  0	  0	  0	  0	  0	  0	  0	  5	20555	  1
25-01-2015	18:27:21	<-	L	00000000	 30	 89	 74	 55	  0	 99	  0	  8	  7	  8	  6	  8	  8	  8	  8	  0	  0	  0	  0	  0	  0	  0	  0	  0	  0	  0	  0	  0	  0	  0	  0	  0	  0	  0	  0	  0	  0	  0	  0	 89	 74	 53	 89	  0	 53	  0	  0	  0	  0	  0	  0	  0	  0	  0	  0	  0	  5	20555	  1
25-01-2015	18:32:21	<-	L	00000000	 30	 89	 74	 54	  0	104	  0	  8	  6	  8	  6	  8	  8	  8	  8	  0	  0	  0	  0	  0	  0	  0	  0	  0	  0	  0	  0	  0	  0	  0	  0	  0	  0	  0	  0	  0	  0	  0	  0	 89	 74	 53	 89	  0	 53	  0	  0	  0	  0	  0	  0	  0	  0	  0	  0	  0	  5	20555	  1
25-01-2015	18:37:21	<-	L	00000000	 30	 89	 73	 51	  0	109	  0	  8	  6	  8	  6	  8	  8	  8	  8	  0	  0	  0	  0	  0	  0	  0	  0	  0	  0	  0	  0	  0	  0	  0	  0	  0	  0	  0	  0	  0	  0	  0	  0	 88	 73	 53	 89	  0	 51	  0	  0	  0	  0	  0	  0	  0	  0	  0	  0	  0	  5	20555	  1
25-01-2015	18:42:21	<-	L	00000000	 30	 89	 74	 53	  0	114	  0	  8	  6	  8	  6	  8	  8	  8	  8	  0	  0	  0	  0	  0	  0	  0	  0	  0	  0	  0	  0	  0	  0	  0	  0	  0	  0	  0	  0	  0	  0	  0	  0	 88	 74	 54	 89	  0	 53	  0	  0	  0	  0	  0	  0	  0	  0	  0	  0	  0	  5	20555	  1
25-01-2015	18:47:21	<-	L	00000000	 30	 89	 75	 55	  0	119	  0	  8	  6	  8	  6	  8	  8	  8	  8	  0	  0	  0	  0	  0	  0	  0	  0	  0	  0	  0	  0	  0	  0	  0	  0	  0	  0	  0	  0	  0	  0	  0	  0	 88	 75	 57	 89	  0	 55	  0	  0	  0	  0	  0	  0	  0	  0	  0	  0	  0	  5	20555	  1
25-01-2015	18:52:22	<-	L	00000000	 30	 89	 74	 53	  0	124	  0	  8	  6	  8	  6	  8	  8	  8	  8	  0	  0	  0	  0	  0	  0	  0	  0	  0	  0	  0	  0	  0	  0	  0	  0	  0	  0	  0	  0	  0	  0	  0	  0	 88	 74	 54	 89	  0	 53	  0	  0	  0	  0	  0	  0	  0	  0	  0	  0	  0	  5	20555	  1
25-01-2015	18:57:21	<-	L	00000000	 30	 88	 73	 53	  0	129	  0	  8	  6	  8	  6	  8	  8	  8	  8	  0	  0	  0	  0	  0	  0	  0	  0	  0	  0	  0	  0	  0	  0	  0	  0	  0	  0	  0	  0	  0	  0	  0	  0	 88	 73	 53	 88	  0	 53	  0	  0	  0	  0	  0	  0	  0	  0	  0	  0	  0	  5	20555	  1
25-01-2015	19:02:21	<-	L	00000000	 30	 89	 74	 53	  0	134	  0	  8	  6	  8	  6	  8	  8	  8	  8	  0	  0	  0	  0	  0	  0	  0	  0	  0	  0	  0	  0	  0	  0	  0	  0	  0	  0	  0	  0	  0	  0	  0	  0	 88	 74	 54	 89	  0	 53	  0	  0	  0	  0	  0	  0	  0	  0	  0	  0	  0	  5	20555	  1
25-01-2015	19:07:22	<-	L	00000000	 30	 88	 74	 53	  0	139	  0	  7	  6	  8	  6	  8	  8	  8	  7	  0	  0	  0	  0	  0	  0	  0	  0	  0	  0	  0	  0	  0	  0	  0	  0	  0	  0	  0	  0	  0	  0	  0	  0	 88	 74	 54	 88	  0	 54	  0	  0	  0	  0	  0	  0	  0	  0	  0	  0	  0	  5	20555	  1
25-01-2015	19:12:22	<-	L	00000000	 30	 88	 73	 53	  0	144	  0	  7	  6	  8	  6	  7	  8	  8	  7	  0	  0	  0	  0	  0	  0	  0	  0	  0	  0	  0	  0	  0	  0	  0	  0	  0	  0	  0	  0	  0	  0	  0	  0	 88	 73	 53	 88	  0	 53	  0	  0	  0	  0	  0	  0	  0	  0	  0	  0	  0	  5	20555	  1
25-01-2015	19:17:22	<-	L	00000000	 30	 88	 75	 57	  0	149	  0	  7	  6	  8	  6	  7	  8	  8	  7	  0	  0	  0	  0	  0	  0	  0	  0	  0	  0	  0	  0	  0	  0	  0	  0	  0	  0	  0	  0	  0	  0	  0	  0	 88	 75	 57	 88	  0	 57	  0	  0	  0	  0	  0	  0	  0	  0	  0	  0	  0	  5	20555	  1
25-01-2015	19:22:22	<-	L	00000000	 30	 88	 73	 53	  0	154	  0	  7	  6	  8	  6	  7	  8	  8	  7	  0	  0	  0	  0	  0	  0	  0	  0	  0	  0	  0	  0	  0	  0	  0	  0	  0	  0	  0	  0	  0	  0	  0	  0	 88	 73	 53	 88	  0	 53	  0	  0	  0	  0	  0	  0	  0	  0	  0	  0	  0	  5	20555	  1
25-01-2015	19:27:22	<-	L	00000000	 30	 88	 74	 54	  0	159	  0	  7	  6	  8	  5	  7	  8	  8	  7	  0	  0	  0	  0	  0	  0	  0	  0	  0	  0	  0	  0	  0	  0	  0	  0	  0	  0	  0	  0	  0	  0	  0	  0	 88	 74	 54	 88	  0	 54	  0	  0	  0	  0	  0	  0	  0	  0	  0	  0	  0	  5	20555	  1
25-01-2015	19:32:22	<-	L	00000000	 30	 88	 74	 54	  0	164	  0	  7	  5	  8	  5	  7	  8	  8	  7	  0	  0	  0	  0	  0	  0	  0	  0	  0	  0	  0	  0	  0	  0	  0	  0	  0	  0	  0	  0	  0	  0	  0	  0	 88	 74	 54	 88	  0	 54	  0	  0	  0	  0	  0	  0	  0	  0	  0	  0	  0	  5	20555	  1
25-01-2015	19:37:22	<-	L	00000000	 30	 88	 73	 53	  0	169	  0	  7	  5	  8	  5	  7	  8	  8	  7	  0	  0	  0	  0	  0	  0	  0	  0	  0	  0	  0	  0	  0	  0	  0	  0	  0	  0	  0	  0	  0	  0	  0	  0	 88	 73	 53	 88	  0	 53	  0	  0	  0	  0	  0	  0	  0	  0	  0	  0	  0	  5	20555	  1
25-01-2015	19:42:23	<-	L	00000000	 30	 88	 75	 57	  0	174	  0	  7	  5	  8	  5	  7	  8	  8	  7	  0	  0	  0	  0	  0	  0	  0	  0	  0	  0	  0	  0	  0	  0	  0	  0	  0	  0	  0	  0	  0	  0	  0	  0	 88	 75	 57	 88	  0	 57	  0	  0	  0	  0	  0	  0	  0	  0	  0	  0	  0	  5	20555	  1
25-01-2015	19:47:22	<-	L	00000000	 30	 88	 74	 53	  0	179	  0	  6	  5	  8	  5	  7	  8	  8	  7	  0	  0	  0	  0	  0	  0	  0	  0	  0	  0	  0	  0	  0	  0	  0	  0	  0	  0	  0	  0	  0	  0	  0	  0	 88	 74	 54	 88	  0	 54	  0	  0	  0	  0	  0	  0	  0	  0	  0	  0	  0	  5	20555	  1
25-01-2015	19:52:22	<-	L	00000000	 40	 87	 71	 50	  0	  3	  0	  6	  5	  8	  5	  7	  8	  8	  7	  0	  0	  0	  0	  0	  0	  0	  0	  0	  0	  0	  0	  0	  0	  0	  0	  0	  0	  0	  0	  0	  0	  0	  0	 86	 71	 52	 87	  0	 50	  0	  0	  0	  0	  0	  0	  0	  0	  0	  0	  0	  5	12830	  0
25-01-2015	19:57:22	<-	L	00000000	 40	 84	 62	 35	  0	  8	  0	  6	  5	  8	  5	  7	  8	  8	  7	  0	  0	  0	  0	  0	  0	  0	  0	  0	  0	  0	  0	  0	  0	  0	  0	  0	  0	  0	  0	  0	  0	  0	  0	 82	 62	 38	 84	  0	 35	  0	  0	  0	  0	  0	  0	  0	  0	  0	  0	  0	  5	12830	  0
25-01-2015	20:02:22	<-	L	00000000	 40	 82	 58	 31	  0	 13	  0	  7	  6	  9	  6	  7	  8	  8	  7	  0	  0	  0	  0	  0	  0	  0	  0	  0	  0	  0	  0	  0	  0	  0	  0	  0	  0	  0	  0	  0	  0	  0	  0	 80	 58	 33	 82	  0	 31	  0	  0	  0	  0	  0	  0	  0	  0	  0	  0	  0	  5	12830	  0
25-01-2015	20:07:22	<-	L	00000000	 40	 81	 55	 28	  0	 18	  0	  7	  6	  9	  6	  7	  8	  8	  7	  0	  0	  0	  0	  0	  0	  0	  0	  0	  0	  0	  0	  0	  0	  0	  0	  0	  0	  0	  0	  0	  0	  0	  0	 79	 55	 30	 81	  0	 28	  0	  0	  0	  0	  0	  0	  0	  0	  0	  0	  0	  5	12830	  0
25-01-2015	20:12:23	->	L	00000000	 40	 79	 54	 27	  0	 23	  0	  6	  5	  9	  5	  7	  8	  8	  7	  0	  0	  0	  0	  0	  0	  0	  0	  0	  0	  0	  0	  0	  0	  0	  0	  0	  0	  0	  0	  0	  0	  0	  0	 78	 54	 29	 79	  0	 27	  0	  0	  0	  0	  0	  0	  0	  0	  0	  0	  0	  5	12830	  0
25-01-2015	20:17:23	->	L	00000000	 40	 78	 53	 27	  0	 28	  0	  6	  5	  9	  5	  7	  8	  8	  7	  0	  0	  0	  0	  0	  0	  0	  0	  0	  0	  0	  0	  0	  0	  0	  0	  0	  0	  0	  0	  0	  0	  0	  0	 77	 53	 29	 78	  0	 27	  0	  0	  0	  0	  0	  0	  0	  0	  0	  0	  0	  5	12830	  0
25-01-2015	20:22:23	->	L	00000000	 40	 77	 50	 24	  0	 33	  0	  6	  5	  9	  5	  7	  8	  8	  7	  0	  0	  0	  0	  0	  0	  0	  0	  0	  0	  0	  0	  0	  0	  0	  0	  0	  0	  0	  0	  0	  0	  0	  0	 76	 50	 26	 77	  0	 24	  0	  0	  0	  0	  0	  0	  0	  0	  0	  0	  0	  5	15420	  0
25-01-2015	20:27:23	->	L	00000000	 40	 79	 53	 28	  0	 38	  0	  6	  5	  9	  5	  7	  8	  8	  7	  0	  0	  0	  0	  0	  0	  0	  0	  0	  0	  0	  0	  0	  0	  0	  0	  0	  0	  0	  0	  0	  0	  0	  0	 77	 53	 29	 79	  0	 28	  0	  0	  0	  0	  0	  0	  0	  0	  0	  0	  0	  5	15420	  0
25-01-2015	20:32:24	->	L	00000000	 40	 79	 54	 27	  0	 43	  0	  6	  5	  9	  5	  7	  8	  7	  7	  0	  0	  0	  0	  0	  0	  0	  0	  0	  0	  0	  0	  0	  0	  0	  0	  0	  0	  0	  0	  0	  0	  0	  0	 78	 54	 29	 79	  0	 27	  0	  0	  0	  0	  0	  0	  0	  0	  0	  0	  0	  5	15420	  0
25-01-2015	20:37:23	->	L	00000000	 40	 79	 54	 27	  0	 48	  0	  6	  5	  9	  5	  7	  8	  7	  7	  0	  0	  0	  0	  0	  0	  0	  0	  0	  0	  0	  0	  0	  0	  0	  0	  0	  0	  0	  0	  0	  0	  0	  0	 77	 54	 29	 79	  0	 27	  0	  0	  0	  0	  0	  0	  0	  0	  0	  0	  0	  5	15420	  0
25-01-2015	20:42:23	->	L	00000000	 40	 78	 54	 29	  0	 53	  0	  6	  5	  9	  5	  7	  8	  7	  7	  0	  0	  0	  0	  0	  0	  0	  0	  0	  0	  0	  0	  0	  0	  0	  0	  0	  0	  0	  0	  0	  0	  0	  0	 77	 54	 29	 78	  0	 29	  0	  0	  0	  0	  0	  0	  0	  0	  0	  0	  0	  5	15420	  0
25-01-2015	20:47:23	->	L	00000000	 40	 78	 53	 27	  0	 58	  0	  5	  5	  9	  5	  6	  7	  8	  6	  0	  0	  0	  0	  0	  0	  0	  0	  0	  0	  0	  0	  0	  0	  0	  0	  0	  0	  0	  0	  0	  0	  0	  0	 77	 53	 29	 78	  0	 27	  0	  0	  0	  0	  0	  0	  0	  0	  0	  0	  0	  5	15420	  0
25-01-2015	20:52:23	->	L	00000000	 50	 78	 53	 27	  0	  2	  0	  5	  5	  9	  5	  6	  7	  7	  6	  0	  0	  0	  0	  0	  0	  0	  0	  0	  0	  0	  0	  0	  0	  0	  0	  0	  0	  0	  0	  0	  0	  0	  0	 76	 53	 28	 78	  0	 27	  0	  0	  0	  0	  0	  0	  0	  0	  0	  0	  0	  5	19769	  0
25-01-2015	20:57:23	->	L	00000000	 50	 77	 53	 27	  0	  7	  0	  5	  5	  8	  5	  6	  7	  7	  6	  0	  0	  0	  0	  0	  0	  0	  0	  0	  0	  0	  0	  0	  0	  0	  0	  0	  0	  0	  0	  0	  0	  0	  0	 76	 53	 28	 77	  0	 29	  0	  0	  0	  0	  0	  0	  0	  0	  0	  0	  0	  5	18998	  0
25-01-2015	21:02:23	->	L	00000000	 50	 77	 52	 26	  0	 12	  0	  5	  5	  8	  5	  6	  7	  7	  6	  0	  0	  0	  0	  0	  0	  0	  0	  0	  0	  0	  0	  0	  0	  0	  0	  0	  0	  0	  0	  0	  0	  0	  0	 75	 52	 28	 77	  0	 26	  0	  0	  0	  0	  0	  0	  0	  0	  0	  0	  0	  5	18227	  0
25-01-2015	21:07:23	->	L	00000000	 50	 76	 50	 26	  0	 17	  0	  5	  5	  8	  5	  6	  8	  6	  6	  0	  0	  0	  0	  0	  0	  0	  0	  0	  0	  0	  0	  0	  0	  0	  0	  0	  0	  0	  0	  0	  0	  0	  0	 74	 50	 27	 76	  0	 26	  0	  0	  0	  0	  0	  0	  0	  0	  0	  0	  0	  5	17456	  0
25-01-2015	21:12:23	->	L	00000000	 50	 74	 47	 23	  0	 22	  0	  5	  5	  8	  5	  6	  9	  7	  6	  0	  0	  0	  0	  0	  0	  0	  0	  0	  0	  0	  0	  0	  0	  0	  0	  0	  0	  0	  0	  0	  0	  0	  0	 72	 47	 24	 74	  0	 23	  0	  0	  0	  0	  0	  0	  0	  0	  0	  0	  0	  5	16685	  0
25-01-2015	21:17:24	->	L	00000000	 50	 72	 44	 21	  0	 27	  0	  6	  6	  9	  6	  7	  8	  7	  7	  0	  0	  0	  0	  0	  0	  0	  0	  0	  0	  0	  0	  0	  0	  0	  0	  0	  0	  0	  0	  0	  0	  0	  0	 71	 44	 22	 72	  0	 21	  0	  0	  0	  0	  0	  0	  0	  0	  0	  0	  0	  5	15657	  0
25-01-2015	21:22:24	->	L	00000000	 50	 71	 42	 19	  0	 32	  0	  6	  6	  9	  6	  7	 10	  7	  7	  0	  0	  0	  0	  0	  0	  0	  0	  0	  0	  0	  0	  0	  0	  0	  0	  0	  0	  0	  0	  0	  0	  0	  0	 70	 42	 20	 71	  0	 19	  0	  0	  0	  0	  0	  0	  0	  0	  0	  0	  0	  5	14886	  0
25-01-2015	21:27:24	->	L	00000000	 50	 70	 42	 20	  0	 37	  0	  6	  5	  8	  5	  7	 11	  8	  7	  0	  0	  0	  0	  0	  0	  0	  0	  0	  0	  0	  0	  0	  0	  0	  0	  0	  0	  0	  0	  0	  0	  0	  0	 69	 42	 20	 70	  0	 20	  0	  0	  0	  0	  0	  0	  0	  0	  0	  0	  0	  5	14115	  0
25-01-2015	21:32:24	->	L	00000000	 50	 69	 41	 19	  0	 42	  0	  6	  5	  8	  5	  7	  9	  7	  7	  0	  0	  0	  0	  0	  0	  0	  0	  0	  0	  0	  0	  0	  0	  0	  0	  0	  0	  0	  0	  0	  0	  0	  0	 68	 41	 20	 69	  0	 19	  0	  0	  0	  0	  0	  0	  0	  0	  0	  0	  0	  5	13344	  0
25-01-2015	21:37:24	->	L	00000000	 50	 69	 40	 19	  0	 47	  0	  6	  5	  8	  5	  7	  8	  7	  7	  0	  0	  0	  0	  0	  0	  0	  0	  0	  0	  0	  0	  0	  0	  0	  0	  0	  0	  0	  0	  0	  0	  0	  0	 68	 40	 19	 69	  0	 17	  0	  0	  0	  0	  0	  0	  0	  0	  0	  0	  0	  5	12573	  0
25-01-2015	21:42:24	->	L	00000000	 50	 68	 39	 19	  0	 52	  0	  6	  5	  8	  5	  6	  9	  7	  6	  0	  0	  0	  0	  0	  0	  0	  0	  0	  0	  0	  0	  0	  0	  0	  0	  0	  0	  0	  0	  0	  0	  0	  0	 67	 39	 18	 68	  0	 17	  0	  0	  0	  0	  0	  0	  0	  0	  0	  0	  0	  5	11802	  0
25-01-2015	21:47:24	->	L	00000000	 50	 68	 39	 17	  0	 57	  0	  6	  5	  8	  5	  6	 10	  7	  6	  0	  0	  0	  0	  0	  0	  0	  0	  0	  0	  0	  0	  0	  0	  0	  0	  0	  0	  0	  0	  0	  0	  0	  0	 67	 39	 18	 68	  0	 17	  0	  0	  0	  0	  0	  0	  0	  0	  0	  0	  0	  5	10774	  0
25-01-2015	21:52:25	  	L	00000000	 60	 67	 39	 18	  0	  0	  0	  6	  5	  8	  5	  6	 11	  7	  6	  0	  0	  0	  0	  0	  0	  0	  0	  0	  0	  0	  0	  0	  0	  0	  0	  0	  0	  0	  0	  0	  0	  0	  0	 66	 39	 19	 67	  0	 18	  0	  0	  0	  0	  0	  0	  0	  0	  0	  0	  0	  5	10260	  0
25-01-2015	21:57:24	  	L	00000000	 60	 66	 40	 21	  0	  0	  0	  6	  5	  8	  5	  6	  7	  6	  6	  0	  0	  0	  0	  0	  0	  0	  0	  0	  0	  0	  0	  0	  0	  0	  0	  0	  0	  0	  0	  0	  0	  0	  0	 63	 40	 22	 66	  0	 21	  0	  0	  0	  0	  0	  0	  0	  0	  0	  0	  0	  5	10260	  0
