30-12-2015	10:35:33	<-	L	00000000	 10	 29	 22	 61	  0	  3	  0	  4	  4	  4	  4	  4	  4	  4	  4	  0	  0	  0	  0	  0	  0	  0	  0	  0	  0	  0	  0	  0	  0	  0	  0	  0	  0	  0	  0	  0	  0	  0	  0	 29	 22	 61	 29	  0	 61	  0	  0	  0	  0	  0	  0	  0	  0	  0	  0	  0	  5	7504	  5
30-12-2015	10:40:33	<-	L	00000000	 10	 38	 26	 40	  0	  8	  0	  4	  4	  4	  4	  4	  4	  4	  4	  0	  0	  0	  0	  0	  0	  0	  0	  0	  0	  0	  0	  0	  0	  0	  0	  0	  0	  0	  0	  0	  0	  0	  0	 38	 26	 44	 33	  0	 62	  0	  0	  0	  0	  0	  0	  0	  0	  0	  0	  0	  5	7760	  5
30-12-2015	10:45:33	<-	L	00000000	 10	 32	 27	 77	  0	 13	  0	  4	  4	  4	  4	  4	  4	  4	  4	  0	  0	  0	  0	  0	  0	  0	  0	  0	  0	  0	  0	  0	  0	  0	  0	  0	  0	  0	  0	  0	  0	  0	  0	 31	 27	 77	 32	  0	 74	  0	  0	  0	  0	  0	  0	  0	  0	  0	  0	  0	  5	7760	  5
30-12-2015	10:50:33	<-	L	00000000	 10	 34	 32	 83	  0	 18	  0	  4	  4	  4	  4	  4	  4	  4	  4	  0	  0	  0	  0	  0	  0	  0	  0	  0	  0	  0	  0	  0	  0	  0	  0	  0	  0	  0	  0	  0	  0	  0	  0	 32	 32	100	 34	  0	 89	  0	  0	  0	  0	  0	  0	  0	  0	  0	  0	  0	  5	8016	  5
30-12-2015	10:55:33	<-	L	00000000	 10	 43	 32	 59	  0	 23	  0	  4	  4	  4	  4	  4	  4	  4	  4	  0	  0	  0	  0	  0	  0	  0	  0	  0	  0	  0	  0	  0	  0	  0	  0	  0	  0	  0	  0	  0	  0	  0	  0	 34	 32	 89	 43	  0	 49	  0	  0	  0	  0	  0	  0	  0	  0	  0	  0	  0	  5	8016	  5
30-12-2015	11:00:33	<-	L	00000000	 10	 43	 34	 64	  0	 28	  0	  4	  4	  4	  4	  4	  4	  4	  4	  0	  0	  0	  0	  0	  0	  0	  0	  0	  0	  0	  0	  0	  0	  0	  0	  0	  0	  0	  0	  0	  0	  0	  0	 34	 34	100	 43	  0	 56	  0	  0	  0	  0	  0	  0	  0	  0	  0	  0	  0	  5	8272	  5
30-12-2015	11:05:33	<-	L	00000000	 10	 44	 35	 60	  0	 33	  0	  4	  4	  4	  4	  4	  4	  4	  4	  0	  0	  0	  0	  0	  0	  0	  0	  0	  0	  0	  0	  0	  0	  0	  0	  0	  0	  0	  0	  0	  0	  0	  0	 35	 35	100	 44	  0	 57	  0	  0	  0	  0	  0	  0	  0	  0	  0	  0	  0	  5	8528	  5
30-12-2015	11:10:34	<-	L	00000000	 10	 36	 35	 89	  0	 38	  0	  4	  4	  4	  4	  4	  4	  4	  4	  0	  0	  0	  0	  0	  0	  0	  0	  0	  0	  0	  0	  0	  0	  0	  0	  0	  0	  0	  0	  0	  0	  0	  0	 33	 35	100	 36	  0	 94	  0	  0	  0	  0	  0	  0	  0	  0	  0	  0	  0	  5	8528	  5
30-12-2015	11:15:34	<-	L	00000000	 10	 36	 35	 78	  0	 43	  0	  4	  4	  4	  4	  4	  4	  4	  4	  0	  0	  0	  0	  0	  0	  0	  0	  0	  0	  0	  0	  0	  0	  0	  0	  0	  0	  0	  0	  0	  0	  0	  0	 35	 35	100	 36	  0	 94	  0	  0	  0	  0	  0	  0	  0	  0	  0	  0	  0	  5	8784	  5
30-12-2015	11:20:34	<-	L	00000000	 10	 36	 34	 94	  0	 48	  0	  4	  4	  4	  4	  4	  4	  4	  4	  0	  0	  0	  0	  0	  0	  0	  0	  0	  0	  0	  0	  0	  0	  0	  0	  0	  0	  0	  0	  0	  0	  0	  0	 35	 34	 94	 36	  0	 89	  0	  0	  0	  0	  0	  0	  0	  0	  0	  0	  0	  5	9040	  5
30-12-2015	11:25:34	<-	L	00000000	 10	 45	 37	 61	  0	 53	  0	  4	  4	  4	  4	  4	  4	  4	  4	  0	  0	  0	  0	  0	  0	  0	  0	  0	  0	  0	  0	  0	  0	  0	  0	  0	  0	  0	  0	  0	  0	  0	  0	 45	 37	 61	 35	  0	100	  0	  0	  0	  0	  0	  0	  0	  0	  0	  0	  0	  5	9552	  1
30-12-2015	11:30:34	<-	L	00000000	 10	 38	 35	 84	  0	 58	  0	  4	  4	  4	  4	  4	  4	  4	  4	  0	  0	  0	  0	  0	  0	  0	  0	  0	  0	  0	  0	  0	  0	  0	  0	  0	  0	  0	  0	  0	  0	  0	  0	 38	 35	 84	 37	  0	100	  0	  0	  0	  0	  0	  0	  0	  0	  0	  0	  0	  5	9552	  1
30-12-2015	11:35:34	<-	L	00000000	 10	 39	 35	 75	  0	 63	  0	  4	  4	  4	  4	  4	  4	  4	  4	  0	  0	  0	  0	  0	  0	  0	  0	  0	  0	  0	  0	  0	  0	  0	  0	  0	  0	  0	  0	  0	  0	  0	  0	 39	 35	 78	 38	  0	 84	  0	  0	  0	  0	  0	  0	  0	  0	  0	  0	  0	  5	9808	  1
30-12-2015	11:40:34	<-	L	00000000	 10	 51	 36	 39	  0	 68	  0	  4	  4	  4	  4	  4	  4	  4	  4	  0	  0	  0	  0	  0	  0	  0	  0	  0	  0	  0	  0	  0	  0	  0	  0	  0	  0	  0	  0	  0	  0	  0	  0	 51	 36	 39	 42	  0	 69	  0	  0	  0	  0	  0	  0	  0	  0	  0	  0	  0	  5	10064	  1
30-12-2015	11:45:34	<-	L	00000000	 10	 40	 34	 68	  0	 73	  0	  4	  4	  4	  4	  4	  4	  4	  4	  0	  0	  0	  0	  0	  0	  0	  0	  0	  0	  0	  0	  0	  0	  0	  0	  0	  0	  0	  0	  0	  0	  0	  0	 40	 34	 68	 38	  0	 78	  0	  0	  0	  0	  0	  0	  0	  0	  0	  0	  0	  5	10320	  1
30-12-2015	11:50:34	<-	L	00000000	 10	 44	 35	 57	  0	 78	  0	  4	  4	  4	  4	  4	  4	  4	  4	  0	  0	  0	  0	  0	  0	  0	  0	  0	  0	  0	  0	  0	  0	  0	  0	  0	  0	  0	  0	  0	  0	  0	  0	 44	 35	 57	 41	  0	 68	  0	  0	  0	  0	  0	  0	  0	  0	  0	  0	  0	  5	10320	  1
30-12-2015	11:55:34	<-	L	00000000	 10	 51	 36	 39	  0	 83	  0	  4	  4	  4	  4	  4	  4	  4	  4	  0	  0	  0	  0	  0	  0	  0	  0	  0	  0	  0	  0	  0	  0	  0	  0	  0	  0	  0	  0	  0	  0	  0	  0	 51	 36	 39	 43	  0	 64	  0	  0	  0	  0	  0	  0	  0	  0	  0	  0	  0	  5	10576	  1
30-12-2015	12:00:34	<-	L	00000000	 10	 41	 35	 64	  0	 88	  0	  4	  4	  4	  4	  4	  4	  4	  4	  0	  0	  0	  0	  0	  0	  0	  0	  0	  0	  0	  0	  0	  0	  0	  0	  0	  0	  0	  0	  0	  0	  0	  0	 41	 35	 68	 40	  0	 75	  0	  0	  0	  0	  0	  0	  0	  0	  0	  0	  0	  5	10832	  1
30-12-2015	12:05:35	<-	L	00000000	 10	 45	 36	 53	  0	 93	  0	  4	  4	  4	  4	  4	  4	  4	  4	  0	  0	  0	  0	  0	  0	  0	  0	  0	  0	  0	  0	  0	  0	  0	  0	  0	  0	  0	  0	  0	  0	  0	  0	 45	 36	 57	 43	  0	 64	  0	  0	  0	  0	  0	  0	  0	  0	  0	  0	  0	  5	11088	  1
30-12-2015	12:10:34	<-	L	00000000	 10	 51	 38	 42	  0	 98	  0	  4	  4	  4	  4	  4	  4	  4	  4	  0	  0	  0	  0	  0	  0	  0	  0	  0	  0	  0	  0	  0	  0	  0	  0	  0	  0	  0	  0	  0	  0	  0	  0	 51	 38	 44	 45	  0	 65	  0	  0	  0	  0	  0	  0	  0	  0	  0	  0	  0	  5	11344	  1
30-12-2015	12:15:35	<-	L	00000000	 10	 50	 37	 54	  0	103	  0	  4	  4	  4	  4	  4	  4	  4	  4	  0	  0	  0	  0	  0	  0	  0	  0	  0	  0	  0	  0	  0	  0	  0	  0	  0	  0	  0	  0	  0	  0	  0	  0	 50	 37	 44	 43	  0	 69	  0	  0	  0	  0	  0	  0	  0	  0	  0	  0	  0	  5	11344	  1
30-12-2015	12:20:34	<-	L	00000000	 10	 45	 38	 61	  0	108	  0	  4	  4	  4	  4	  4	  4	  4	  4	  0	  0	  0	  0	  0	  0	  0	  0	  0	  0	  0	  0	  0	  0	  0	  0	  0	  0	  0	  0	  0	  0	  0	  0	 45	 38	 65	 43	  0	 76	  0	  0	  0	  0	  0	  0	  0	  0	  0	  0	  0	  5	11600	  1
30-12-2015	12:25:35	<-	L	00000000	 10	 51	 40	 51	  0	113	  0	  4	  4	  4	  4	  4	  4	  4	  4	  0	  0	  0	  0	  0	  0	  0	  0	  0	  0	  0	  0	  0	  0	  0	  0	  0	  0	  0	  0	  0	  0	  0	  0	 51	 40	 51	 47	  0	 65	  0	  0	  0	  0	  0	  0	  0	  0	  0	  0	  0	  5	11856	  1
30-12-2015	12:30:35	<-	L	00000000	 10	 57	 40	 40	  0	118	  0	  4	  4	  4	  4	  4	  4	  4	  4	  0	  0	  0	  0	  0	  0	  0	  0	  0	  0	  0	  0	  0	  0	  0	  0	  0	  0	  0	  0	  0	  0	  0	  0	 57	 40	 34	 47	  0	 65	  0	  0	  0	  0	  0	  0	  0	  0	  0	  0	  0	  5	12112	  1
30-12-2015	12:35:35	->	L	00000000	 10	 47	 40	 62	  0	123	  0	  4	  4	  4	  4	  4	  4	  4	  4	  0	  0	  0	  0	  0	  0	  0	  0	  0	  0	  0	  0	  0	  0	  0	  0	  0	  0	  0	  0	  0	  0	  0	  0	 47	 40	 65	 46	  0	 69	  0	  0	  0	  0	  0	  0	  0	  0	  0	  0	  0	  5	12112	  1
30-12-2015	12:40:35	->	L	00000000	 10	 56	 39	 33	  0	128	  0	  4	  4	  4	  4	  4	  4	  4	  4	  0	  0	  0	  0	  0	  0	  0	  0	  0	  0	  0	  0	  0	  0	  0	  0	  0	  0	  0	  0	  0	  0	  0	  0	 48	 39	 58	 56	  0	 34	  0	  0	  0	  0	  0	  0	  0	  0	  0	  0	  0	  5	12368	  1
30-12-2015	12:45:35	->	L	00000000	 10	 49	 38	 54	  0	133	  0	  4	  4	  4	  4	  4	  4	  4	  4	  0	  0	  0	  0	  0	  0	  0	  0	  0	  0	  0	  0	  0	  0	  0	  0	  0	  0	  0	  0	  0	  0	  0	  0	 44	 38	 69	 49	  0	 50	  0	  0	  0	  0	  0	  0	  0	  0	  0	  0	  0	  5	12624	  1
30-12-2015	12:50:35	->	L	00000000	 10	 51	 39	 48	  0	138	  0	  4	  4	  4	  4	  4	  4	  4	  4	  0	  0	  0	  0	  0	  0	  0	  0	  0	  0	  0	  0	  0	  0	  0	  0	  0	  0	  0	  0	  0	  0	  0	  0	 45	 39	 69	 51	  0	 48	  0	  0	  0	  0	  0	  0	  0	  0	  0	  0	  0	  5	12880	  1
30-12-2015	12:55:35	->	L	00000000	 10	 56	 40	 37	  0	143	  0	  4	  4	  4	  4	  4	  4	  4	  4	  0	  0	  0	  0	  0	  0	  0	  0	  0	  0	  0	  0	  0	  0	  0	  0	  0	  0	  0	  0	  0	  0	  0	  0	 48	 40	 62	 55	  0	 37	  0	  0	  0	  0	  0	  0	  0	  0	  0	  0	  0	  5	12880	  1
30-12-2015	13:00:35	->	L	00000000	 10	 59	 40	 31	  0	148	  0	  4	  4	  4	  4	  4	  4	  4	  4	  0	  0	  0	  0	  0	  0	  0	  0	  0	  0	  0	  0	  0	  0	  0	  0	  0	  0	  0	  0	  0	  0	  0	  0	 49	 40	 58	 59	  0	 31	  0	  0	  0	  0	  0	  0	  0	  0	  0	  0	  0	  5	13136	  1
30-12-2015	13:05:35	->	L	00000000	 10	 53	 40	 48	  0	153	  0	  4	  4	  4	  4	  4	  4	  4	  4	  0	  0	  0	  0	  0	  0	  0	  0	  0	  0	  0	  0	  0	  0	  0	  0	  0	  0	  0	  0	  0	  0	  0	  0	 46	 40	 69	 53	  0	 45	  0	  0	  0	  0	  0	  0	  0	  0	  0	  0	  0	  5	13392	  1
30-12-2015	13:10:35	->	L	00000000	 10	 52	 40	 45	  0	158	  0	  4	  4	  4	  4	  4	  4	  4	  4	  0	  0	  0	  0	  0	  0	  0	  0	  0	  0	  0	  0	  0	  0	  0	  0	  0	  0	  0	  0	  0	  0	  0	  0	 47	 40	 65	 52	  0	 48	  0	  0	  0	  0	  0	  0	  0	  0	  0	  0	  0	  5	13648	  1
30-12-2015	13:15:36	->	L	00000000	 10	 54	 41	 43	  0	163	  0	  4	  4	  4	  4	  4	  4	  4	  4	  0	  0	  0	  0	  0	  0	  0	  0	  0	  0	  0	  0	  0	  0	  0	  0	  0	  0	  0	  0	  0	  0	  0	  0	 48	 41	 66	 54	  0	 45	  0	  0	  0	  0	  0	  0	  0	  0	  0	  0	  0	  5	13648	  1
30-12-2015	13:20:35	->	L	00000000	 10	 58	 41	 35	  0	168	  0	  4	  4	  4	  4	  4	  4	  4	  4	  0	  0	  0	  0	  0	  0	  0	  0	  0	  0	  0	  0	  0	  0	  0	  0	  0	  0	  0	  0	  0	  0	  0	  0	 49	 41	 62	 58	  0	 35	  0	  0	  0	  0	  0	  0	  0	  0	  0	  0	  0	  5	13904	  1
30-12-2015	13:25:35	->	L	00000000	 10	 61	 42	 31	  0	173	  0	  4	  4	  4	  4	  4	  4	  4	  4	  0	  0	  0	  0	  0	  0	  0	  0	  0	  0	  0	  0	  0	  0	  0	  0	  0	  0	  0	  0	  0	  0	  0	  0	 51	 42	 59	 61	  0	 31	  0	  0	  0	  0	  0	  0	  0	  0	  0	  0	  0	  5	14160	  1
30-12-2015	13:30:36	->	L	00000000	 10	 62	 42	 30	  0	178	  0	  4	  4	  4	  4	  4	  4	  4	  4	  0	  0	  0	  0	  0	  0	  0	  0	  0	  0	  0	  0	  0	  0	  0	  0	  0	  0	  0	  0	  0	  0	  0	  0	 52	 42	 55	 62	  0	 30	  0	  0	  0	  0	  0	  0	  0	  0	  0	  0	  0	  5	14416	  1
30-12-2015	13:35:36	->	L	00000000	 10	 60	 42	 38	  0	183	  0	  4	  4	  4	  4	  4	  4	  4	  4	  0	  0	  0	  0	  0	  0	  0	  0	  0	  0	  0	  0	  0	  0	  0	  0	  0	  0	  0	  0	  0	  0	  0	  0	 51	 42	 59	 60	  0	 34	  0	  0	  0	  0	  0	  0	  0	  0	  0	  0	  0	  5	14672	  1
30-12-2015	13:40:36	->	L	00000000	 10	 58	 42	 41	  0	188	  0	  4	  4	  4	  4	  4	  4	  4	  4	  0	  0	  0	  0	  0	  0	  0	  0	  0	  0	  0	  0	  0	  0	  0	  0	  0	  0	  0	  0	  0	  0	  0	  0	 50	 42	 62	 58	  0	 38	  0	  0	  0	  0	  0	  0	  0	  0	  0	  0	  0	  5	14672	  1
30-12-2015	13:45:36	->	L	00000000	 10	 57	 43	 43	  0	193	  0	  4	  4	  4	  4	  4	  4	  4	  4	  0	  0	  0	  0	  0	  0	  0	  0	  0	  0	  0	  0	  0	  0	  0	  0	  0	  0	  0	  0	  0	  0	  0	  0	 50	 43	 66	 57	  0	 43	  0	  0	  0	  0	  0	  0	  0	  0	  0	  0	  0	  5	14928	  1
30-12-2015	13:50:36	->	L	00000000	 10	 57	 43	 43	  0	198	  0	  4	  4	  4	  4	  4	  4	  4	  4	  0	  0	  0	  0	  0	  0	  0	  0	  0	  0	  0	  0	  0	  0	  0	  0	  0	  0	  0	  0	  0	  0	  0	  0	 50	 43	 66	 57	  0	 43	  0	  0	  0	  0	  0	  0	  0	  0	  0	  0	  0	  5	15184	  1
30-12-2015	13:55:36	->	L	00000000	 10	 58	 43	 41	  0	203	  0	  4	  4	  4	  4	  4	  4	  4	  4	  0	  0	  0	  0	  0	  0	  0	  0	  0	  0	  0	  0	  0	  0	  0	  0	  0	  0	  0	  0	  0	  0	  0	  0	 51	 43	 62	 58	  0	 41	  0	  0	  0	  0	  0	  0	  0	  0	  0	  0	  0	  5	15440	  1
30-12-2015	14:00:36	->	L	00000000	 10	 60	 44	 39	  0	208	  0	  4	  4	  4	  4	  4	  4	  4	  4	  0	  0	  0	  0	  0	  0	  0	  0	  0	  0	  0	  0	  0	  0	  0	  0	  0	  0	  0	  0	  0	  0	  0	  0	 52	 44	 63	 60	  0	 39	  0	  0	  0	  0	  0	  0	  0	  0	  0	  0	  0	  5	15440	  1
30-12-2015	14:05:36	->	L	00000000	 10	 61	 44	 36	  0	213	  0	  4	  4	  4	  4	  4	  4	  4	  4	  0	  0	  0	  0	  0	  0	  0	  0	  0	  0	  0	  0	  0	  0	  0	  0	  0	  0	  0	  0	  0	  0	  0	  0	 53	 44	 59	 61	  0	 36	  0	  0	  0	  0	  0	  0	  0	  0	  0	  0	  0	  5	15696	  1
30-12-2015	14:10:36	->	L	00000000	 10	 62	 45	 35	  0	218	  0	  4	  4	  4	  4	  4	  4	  4	  4	  0	  0	  0	  0	  0	  0	  0	  0	  0	  0	  0	  0	  0	  0	  0	  0	  0	  0	  0	  0	  0	  0	  0	  0	 54	 45	 60	 62	  0	 36	  0	  0	  0	  0	  0	  0	  0	  0	  0	  0	  0	  5	15952	  1
30-12-2015	14:15:36	->	L	00000000	 10	 62	 45	 35	  0	223	  0	  4	  4	  4	  4	  4	  4	  4	  4	  0	  0	  0	  0	  0	  0	  0	  0	  0	  0	  0	  0	  0	  0	  0	  0	  0	  0	  0	  0	  0	  0	  0	  0	 54	 45	 60	 62	  0	 36	  0	  0	  0	  0	  0	  0	  0	  0	  0	  0	  0	  5	16208	  1
30-12-2015	14:20:36	->	L	00000000	 10	 62	 46	 40	  0	228	  0	  4	  4	  4	  4	  4	  4	  4	  4	  0	  0	  0	  0	  0	  0	  0	  0	  0	  0	  0	  0	  0	  0	  0	  0	  0	  0	  0	  0	  0	  0	  0	  0	 54	 46	 63	 62	  0	 40	  0	  0	  0	  0	  0	  0	  0	  0	  0	  0	  0	  5	16208	  1
30-12-2015	14:25:36	->	L	00000000	 10	 63	 46	 36	  0	233	  0	  4	  4	  4	  4	  4	  4	  4	  4	  0	  0	  0	  0	  0	  0	  0	  0	  0	  0	  0	  0	  0	  0	  0	  0	  0	  0	  0	  0	  0	  0	  0	  0	 55	 46	 60	 63	  0	 37	  0	  0	  0	  0	  0	  0	  0	  0	  0	  0	  0	  5	16464	  1
30-12-2015	14:30:36	->	L	00000000	 10	 64	 47	 36	  0	238	  0	  4	  4	  4	  4	  4	  4	  4	  4	  0	  0	  0	  0	  0	  0	  0	  0	  0	  0	  0	  0	  0	  0	  0	  0	  0	  0	  0	  0	  0	  0	  0	  0	 55	 47	 63	 64	  0	 37	  0	  0	  0	  0	  0	  0	  0	  0	  0	  0	  0	  5	16720	  1
30-12-2015	14:35:36	  	L	00000000	 10	 66	 49	 38	  0	243	  0	  4	  4	  4	  4	  4	  4	  4	  4	  0	  0	  0	  0	  0	  0	  0	  0	  0	  0	  0	  0	  0	  0	  0	  0	  0	  0	  0	  0	  0	  0	  0	  0	 56	 49	 68	 66	  0	 38	  0	  0	  0	  0	  0	  0	  0	  0	  0	  0	  0	  5	16976	  1
30-12-2015	14:40:36	<-	L	00000000	 10	 73	 54	 37	  0	248	  0	  4	  4	  4	  4	  4	  4	  4	  4	  0	  0	  0	  0	  0	  0	  0	  0	  0	  0	  0	  0	  0	  0	  0	  0	  0	  0	  0	  0	  0	  0	  0	  0	 73	 54	 37	 63	  0	 62	  0	  0	  0	  0	  0	  0	  0	  0	  0	  0	  0	  5	17232	  1
30-12-2015	14:45:37	<-	L	00000000	 10	 73	 55	 37	  0	253	  0	  4	  4	  4	  4	  4	  4	  4	  4	  0	  0	  0	  0	  0	  0	  0	  0	  0	  0	  0	  0	  0	  0	  0	  0	  0	  0	  0	  0	  0	  0	  0	  0	 73	 55	 39	 63	  0	 66	  0	  0	  0	  0	  0	  0	  0	  0	  0	  0	  0	  5	17232	  1
30-12-2015	14:50:37	<-	L	00000000	 10	 73	 55	 40	  0	258	  0	  4	  4	  4	  4	  4	  4	  4	  4	  0	  0	  0	  0	  0	  0	  0	  0	  0	  0	  0	  0	  0	  0	  0	  0	  0	  0	  0	  0	  0	  0	  0	  0	 73	 55	 39	 63	  0	 66	  0	  0	  0	  0	  0	  0	  0	  0	  0	  0	  0	  5	17488	  1
30-12-2015	14:55:37	<-	L	00000000	 10	 73	 56	 40	  0	263	  0	  4	  4	  4	  4	  4	  4	  4	  4	  0	  0	  0	  0	  0	  0	  0	  0	  0	  0	  0	  0	  0	  0	  0	  0	  0	  0	  0	  0	  0	  0	  0	  0	 73	 56	 41	 65	  0	 63	  0	  0	  0	  0	  0	  0	  0	  0	  0	  0	  0	  5	17744	  1
30-12-2015	15:00:37	<-	L	00000000	 10	 71	 56	 46	  0	268	  0	  4	  4	  4	  4	  4	  4	  4	  4	  0	  0	  0	  0	  0	  0	  0	  0	  0	  0	  0	  0	  0	  0	  0	  0	  0	  0	  0	  0	  0	  0	  0	  0	 71	 56	 46	 64	  0	 66	  0	  0	  0	  0	  0	  0	  0	  0	  0	  0	  0	  5	18000	  1
30-12-2015	15:05:37	<-	L	00000000	 10	 70	 56	 48	  0	273	  0	  4	  4	  4	  4	  4	  4	  4	  4	  0	  0	  0	  0	  0	  0	  0	  0	  0	  0	  0	  0	  0	  0	  0	  0	  0	  0	  0	  0	  0	  0	  0	  0	 70	 56	 48	 64	  0	 66	  0	  0	  0	  0	  0	  0	  0	  0	  0	  0	  0	  5	18000	  1
30-12-2015	15:10:37	<-	L	00000000	 10	 69	 56	 48	  0	278	  0	  4	  4	  4	  4	  4	  4	  4	  4	  0	  0	  0	  0	  0	  0	  0	  0	  0	  0	  0	  0	  0	  0	  0	  0	  0	  0	  0	  0	  0	  0	  0	  0	 69	 56	 50	 64	  0	 66	  0	  0	  0	  0	  0	  0	  0	  0	  0	  0	  0	  5	18256	  1
30-12-2015	15:15:37	<-	L	00000000	 10	 70	 56	 48	  0	283	  0	  4	  4	  4	  4	  4	  4	  4	  4	  0	  0	  0	  0	  0	  0	  0	  0	  0	  0	  0	  0	  0	  0	  0	  0	  0	  0	  0	  0	  0	  0	  0	  0	 70	 56	 48	 64	  0	 66	  0	  0	  0	  0	  0	  0	  0	  0	  0	  0	  0	  5	18512	  1
30-12-2015	15:20:37	<-	L	00000000	 10	 78	 57	 38	  0	288	  0	  4	  4	  4	  4	  4	  4	  4	  4	  0	  0	  0	  0	  0	  0	  0	  0	  0	  0	  0	  0	  0	  0	  0	  0	  0	  0	  0	  0	  0	  0	  0	  0	 78	 57	 33	 66	  0	 63	  0	  0	  0	  0	  0	  0	  0	  0	  0	  0	  0	  5	18768	  1
30-12-2015	15:25:37	<-	L	00000000	 10	 83	 58	 29	  0	293	  0	  4	  4	  4	  4	  4	  4	  4	  4	  0	  0	  0	  0	  0	  0	  0	  0	  0	  0	  0	  0	  0	  0	  0	  0	  0	  0	  0	  0	  0	  0	  0	  0	 83	 58	 29	 68	  0	 60	  0	  0	  0	  0	  0	  0	  0	  0	  0	  0	  0	  5	18768	  1
30-12-2015	15:30:37	<-	L	00000000	 10	 81	 58	 31	  0	298	  0	  4	  4	  4	  4	  4	  4	  4	  4	  0	  0	  0	  0	  0	  0	  0	  0	  0	  0	  0	  0	  0	  0	  0	  0	  0	  0	  0	  0	  0	  0	  0	  0	 81	 58	 31	 69	  0	 57	  0	  0	  0	  0	  0	  0	  0	  0	  0	  0	  0	  5	19024	  1
30-12-2015	15:35:37	<-	L	00000000	 21	 86	 59	 27	  0	  2	  0	  4	  4	  4	  4	  4	  4	  4	  4	  0	  0	  0	  0	  0	  0	  0	  0	  0	  0	  0	  0	  0	  0	  0	  0	  0	  0	  0	  0	  0	  0	  0	  0	 86	 59	 28	 71	  0	 55	  0	  0	  0	  0	  0	  0	  0	  0	  0	  0	  0	  5	21823	  0
30-12-2015	15:40:37	<-	L	00000000	 21	 89	 59	 27	  0	  7	  0	  4	  4	  4	  4	  4	  4	  4	  4	  0	  0	  0	  0	  0	  0	  0	  0	  0	  0	  0	  0	  0	  0	  0	  0	  0	  0	  0	  0	  0	  0	  0	  0	 89	 59	 25	 71	  0	 55	  0	  0	  0	  0	  0	  0	  0	  0	  0	  0	  0	  5	21823	  0
30-12-2015	15:45:37	<-	L	00000000	 21	 83	 59	 29	  0	 12	  0	  4	  4	  4	  4	  4	  4	  4	  4	  0	  0	  0	  0	  0	  0	  0	  0	  0	  0	  0	  0	  0	  0	  0	  0	  0	  0	  0	  0	  0	  0	  0	  0	 83	 59	 31	 70	  0	 57	  0	  0	  0	  0	  0	  0	  0	  0	  0	  0	  0	  5	21823	  0
30-12-2015	15:50:37	<-	L	00000000	 21	 90	 60	 26	  0	 17	  0	  4	  4	  4	  4	  4	  4	  4	  4	  0	  0	  0	  0	  0	  0	  0	  0	  0	  0	  0	  0	  0	  0	  0	  0	  0	  0	  0	  0	  0	  0	  0	  0	 90	 60	 26	 72	  0	 55	  0	  0	  0	  0	  0	  0	  0	  0	  0	  0	  0	  5	21823	  0
30-12-2015	15:55:38	<-	L	00000000	 21	 82	 59	 31	  0	 22	  0	  4	  4	  4	  4	  4	  4	  4	  4	  0	  0	  0	  0	  0	  0	  0	  0	  0	  0	  0	  0	  0	  0	  0	  0	  0	  0	  0	  0	  0	  0	  0	  0	 82	 59	 31	 70	  0	 57	  0	  0	  0	  0	  0	  0	  0	  0	  0	  0	  0	  5	21823	  0
30-12-2015	16:00:38	<-	L	00000000	 21	 89	 60	 26	  0	 27	  0	  4	  4	  4	  4	  4	  4	  4	  4	  0	  0	  0	  0	  0	  0	  0	  0	  0	  0	  0	  0	  0	  0	  0	  0	  0	  0	  0	  0	  0	  0	  0	  0	 89	 60	 26	 73	  0	 52	  0	  0	  0	  0	  0	  0	  0	  0	  0	  0	  0	  5	21819	  0
30-12-2015	16:05:38	<-	L	00000000	 21	 85	 59	 31	  0	 32	  0	  4	  4	  4	  4	  4	  4	  4	  4	  0	  0	  0	  0	  0	  0	  0	  0	  0	  0	  0	  0	  0	  0	  0	  0	  0	  0	  0	  0	  0	  0	  0	  0	 85	 59	 30	 71	  0	 55	  0	  0	  0	  0	  0	  0	  0	  0	  0	  0	  0	  5	21819	  0
30-12-2015	16:10:38	<-	L	00000000	 21	 87	 60	 26	  0	 37	  0	  4	  4	  4	  4	  4	  4	  4	  4	  0	  0	  0	  0	  0	  0	  0	  0	  0	  0	  0	  0	  0	  0	  0	  0	  0	  0	  0	  0	  0	  0	  0	  0	 87	 60	 28	 72	  0	 55	  0	  0	  0	  0	  0	  0	  0	  0	  0	  0	  0	  5	21819	  0
30-12-2015	16:15:38	<-	L	00000000	 21	 88	 60	 30	  0	 42	  0	  4	  4	  4	  4	  4	  4	  4	  4	  0	  0	  0	  0	  0	  0	  0	  0	  0	  0	  0	  0	  0	  0	  0	  0	  0	  0	  0	  0	  0	  0	  0	  0	 88	 60	 28	 71	  0	 57	  0	  0	  0	  0	  0	  0	  0	  0	  0	  0	  0	  5	21819	  0
30-12-2015	16:20:38	<-	L	00000000	 21	 83	 60	 32	  0	 47	  0	  4	  4	  4	  4	  4	  4	  4	  4	  0	  0	  0	  0	  0	  0	  0	  0	  0	  0	  0	  0	  0	  0	  0	  0	  0	  0	  0	  0	  0	  0	  0	  0	 83	 60	 32	 71	  0	 57	  0	  0	  0	  0	  0	  0	  0	  0	  0	  0	  0	  5	21819	  0
30-12-2015	16:25:38	<-	L	00000000	 21	 90	 60	 26	  0	 52	  0	  4	  4	  4	  4	  4	  4	  4	  4	  0	  0	  0	  0	  0	  0	  0	  0	  0	  0	  0	  0	  0	  0	  0	  0	  0	  0	  0	  0	  0	  0	  0	  0	 90	 60	 26	 72	  0	 55	  0	  0	  0	  0	  0	  0	  0	  0	  0	  0	  0	  5	21819	  0
30-12-2015	16:30:39	<-	L	00000000	 21	 81	 60	 34	  0	 57	  0	  4	  4	  4	  4	  4	  4	  4	  4	  0	  0	  0	  0	  0	  0	  0	  0	  0	  0	  0	  0	  0	  0	  0	  0	  0	  0	  0	  0	  0	  0	  0	  0	 81	 60	 35	 70	  0	 60	  0	  0	  0	  0	  0	  0	  0	  0	  0	  0	  0	  5	21819	  0
30-12-2015	16:35:38	<-	L	00000000	 21	 89	 60	 26	  0	 62	  0	  4	  4	  4	  4	  4	  4	  4	  4	  0	  0	  0	  0	  0	  0	  0	  0	  0	  0	  0	  0	  0	  0	  0	  0	  0	  0	  0	  0	  0	  0	  0	  0	 89	 60	 26	 72	  0	 55	  0	  0	  0	  0	  0	  0	  0	  0	  0	  0	  0	  5	21819	  0
30-12-2015	16:40:38	<-	L	00000000	 21	 83	 60	 34	  0	 67	  0	  4	  4	  4	  4	  4	  4	  4	  4	  0	  0	  0	  0	  0	  0	  0	  0	  0	  0	  0	  0	  0	  0	  0	  0	  0	  0	  0	  0	  0	  0	  0	  0	 83	 60	 32	 70	  0	 60	  0	  0	  0	  0	  0	  0	  0	  0	  0	  0	  0	  5	21819	  0
30-12-2015	16:45:38	<-	L	00000000	 21	 86	 60	 29	  0	 72	  0	  4	  4	  4	  4	  4	  4	  4	  4	  0	  0	  0	  0	  0	  0	  0	  0	  0	  0	  0	  0	  0	  0	  0	  0	  0	  0	  0	  0	  0	  0	  0	  0	 86	 60	 30	 72	  0	 55	  0	  0	  0	  0	  0	  0	  0	  0	  0	  0	  0	  5	21819	  0
30-12-2015	16:50:38	<-	L	00000000	 21	 87	 61	 30	  0	 77	  0	  4	  4	  4	  4	  4	  4	  4	  4	  0	  0	  0	  0	  0	  0	  0	  0	  0	  0	  0	  0	  0	  0	  0	  0	  0	  0	  0	  0	  0	  0	  0	  0	 87	 61	 30	 72	  0	 58	  0	  0	  0	  0	  0	  0	  0	  0	  0	  0	  0	  5	21819	  0
30-12-2015	16:55:38	<-	L	00000000	 21	 84	 61	 30	  0	 82	  0	  4	  4	  4	  4	  4	  4	  4	  4	  0	  0	  0	  0	  0	  0	  0	  0	  0	  0	  0	  0	  0	  0	  0	  0	  0	  0	  0	  0	  0	  0	  0	  0	 84	 61	 32	 71	  0	 61	  0	  0	  0	  0	  0	  0	  0	  0	  0	  0	  0	  5	21821	  0
30-12-2015	17:00:38	<-	L	00000000	 21	 90	 62	 28	  0	 87	  0	  4	  4	  4	  4	  4	  4	  4	  4	  0	  0	  0	  0	  0	  0	  0	  0	  0	  0	  0	  0	  0	  0	  0	  0	  0	  0	  0	  0	  0	  0	  0	  0	 90	 62	 28	 72	  0	 61	  0	  0	  0	  0	  0	  0	  0	  0	  0	  0	  0	  5	21821	  0
30-12-2015	17:05:38	<-	L	00000000	 21	 81	 60	 35	  0	 92	  0	  4	  4	  4	  4	  4	  4	  4	  4	  0	  0	  0	  0	  0	  0	  0	  0	  0	  0	  0	  0	  0	  0	  0	  0	  0	  0	  0	  0	  0	  0	  0	  0	 81	 60	 35	 70	  0	 60	  0	  0	  0	  0	  0	  0	  0	  0	  0	  0	  0	  5	21821	  0
30-12-2015	17:10:38	<-	L	00000000	 21	 91	 62	 28	  0	 97	  0	  4	  4	  4	  4	  4	  4	  4	  4	  0	  0	  0	  0	  0	  0	  0	  0	  0	  0	  0	  0	  0	  0	  0	  0	  0	  0	  0	  0	  0	  0	  0	  0	 91	 62	 27	 73	  0	 58	  0	  0	  0	  0	  0	  0	  0	  0	  0	  0	  0	  5	21821	  0
30-12-2015	17:15:39	<-	L	00000000	 21	 82	 61	 35	  0	102	  0	  4	  4	  4	  4	  4	  4	  4	  4	  0	  0	  0	  0	  0	  0	  0	  0	  0	  0	  0	  0	  0	  0	  0	  0	  0	  0	  0	  0	  0	  0	  0	  0	 82	 61	 35	 71	  0	 61	  0	  0	  0	  0	  0	  0	  0	  0	  0	  0	  0	  5	21821	  0
30-12-2015	17:20:39	<-	L	00000000	 21	 90	 62	 27	  0	107	  0	  4	  4	  4	  4	  4	  4	  4	  4	  0	  0	  0	  0	  0	  0	  0	  0	  0	  0	  0	  0	  0	  0	  0	  0	  0	  0	  0	  0	  0	  0	  0	  0	 90	 62	 28	 73	  0	 58	  0	  0	  0	  0	  0	  0	  0	  0	  0	  0	  0	  5	21821	  0
30-12-2015	17:25:39	<-	L	00000000	 21	 81	 61	 38	  0	112	  0	  4	  4	  4	  4	  4	  4	  4	  4	  0	  0	  0	  0	  0	  0	  0	  0	  0	  0	  0	  0	  0	  0	  0	  0	  0	  0	  0	  0	  0	  0	  0	  0	 81	 61	 38	 71	  0	 61	  0	  0	  0	  0	  0	  0	  0	  0	  0	  0	  0	  5	21821	  0
30-12-2015	17:30:39	<-	L	00000000	 21	 90	 62	 27	  0	117	  0	  4	  4	  4	  4	  4	  4	  4	  4	  0	  0	  0	  0	  0	  0	  0	  0	  0	  0	  0	  0	  0	  0	  0	  0	  0	  0	  0	  0	  0	  0	  0	  0	 90	 62	 28	 73	  0	 58	  0	  0	  0	  0	  0	  0	  0	  0	  0	  0	  0	  5	21821	  0
30-12-2015	17:35:39	<-	L	00000000	 21	 83	 61	 35	  0	122	  0	  4	  4	  4	  4	  4	  4	  4	  4	  0	  0	  0	  0	  0	  0	  0	  0	  0	  0	  0	  0	  0	  0	  0	  0	  0	  0	  0	  0	  0	  0	  0	  0	 83	 61	 35	 71	  0	 61	  0	  0	  0	  0	  0	  0	  0	  0	  0	  0	  0	  5	21821	  0
30-12-2015	17:40:39	<-	L	00000000	 21	 89	 62	 28	  0	127	  0	  4	  4	  4	  4	  4	  4	  4	  4	  0	  0	  0	  0	  0	  0	  0	  0	  0	  0	  0	  0	  0	  0	  0	  0	  0	  0	  0	  0	  0	  0	  0	  0	 89	 62	 29	 73	  0	 58	  0	  0	  0	  0	  0	  0	  0	  0	  0	  0	  0	  5	21821	  0
30-12-2015	17:45:40	<-	L	00000000	 21	 83	 61	 35	  0	132	  0	  4	  4	  4	  4	  4	  4	  4	  4	  0	  0	  0	  0	  0	  0	  0	  0	  0	  0	  0	  0	  0	  0	  0	  0	  0	  0	  0	  0	  0	  0	  0	  0	 83	 61	 35	 71	  0	 61	  0	  0	  0	  0	  0	  0	  0	  0	  0	  0	  0	  5	21821	  0
30-12-2015	17:50:39	<-	L	00000000	 21	 87	 62	 31	  0	137	  0	  4	  4	  4	  4	  4	  4	  4	  4	  0	  0	  0	  0	  0	  0	  0	  0	  0	  0	  0	  0	  0	  0	  0	  0	  0	  0	  0	  0	  0	  0	  0	  0	 87	 62	 31	 73	  0	 58	  0	  0	  0	  0	  0	  0	  0	  0	  0	  0	  0	  5	21821	  0
30-12-2015	17:55:39	<-	L	00000000	 21	 86	 61	 32	  0	142	  0	  4	  4	  4	  4	  4	  4	  4	  4	  0	  0	  0	  0	  0	  0	  0	  0	  0	  0	  0	  0	  0	  0	  0	  0	  0	  0	  0	  0	  0	  0	  0	  0	 86	 61	 30	 72	  0	 58	  0	  0	  0	  0	  0	  0	  0	  0	  0	  0	  0	  5	21821	  0
30-12-2015	18:00:39	<-	L	00000000	 21	 86	 62	 31	  0	147	  0	  4	  4	  4	  4	  4	  4	  4	  4	  0	  0	  0	  0	  0	  0	  0	  0	  0	  0	  0	  0	  0	  0	  0	  0	  0	  0	  0	  0	  0	  0	  0	  0	 86	 62	 33	 73	  0	 58	  0	  0	  0	  0	  0	  0	  0	  0	  0	  0	  0	  5	21821	  0
30-12-2015	18:05:39	<-	L	00000000	 21	 89	 62	 31	  0	152	  0	  4	  4	  4	  4	  4	  4	  4	  4	  0	  0	  0	  0	  0	  0	  0	  0	  0	  0	  0	  0	  0	  0	  0	  0	  0	  0	  0	  0	  0	  0	  0	  0	 89	 62	 29	 73	  0	 58	  0	  0	  0	  0	  0	  0	  0	  0	  0	  0	  0	  5	21821	  0
30-12-2015	18:10:39	<-	L	00000000	 21	 83	 61	 32	  0	157	  0	  4	  4	  4	  4	  4	  4	  4	  4	  0	  0	  0	  0	  0	  0	  0	  0	  0	  0	  0	  0	  0	  0	  0	  0	  0	  0	  0	  0	  0	  0	  0	  0	 83	 61	 35	 72	  0	 58	  0	  0	  0	  0	  0	  0	  0	  0	  0	  0	  0	  5	21821	  0
30-12-2015	18:15:39	<-	L	00000000	 21	 90	 62	 29	  0	162	  0	  4	  4	  4	  4	  4	  4	  4	  4	  0	  0	  0	  0	  0	  0	  0	  0	  0	  0	  0	  0	  0	  0	  0	  0	  0	  0	  0	  0	  0	  0	  0	  0	 90	 62	 28	 72	  0	 61	  0	  0	  0	  0	  0	  0	  0	  0	  0	  0	  0	  5	21821	  0
30-12-2015	18:20:39	<-	L	00000000	 21	 81	 61	 35	  0	167	  0	  4	  4	  4	  4	  4	  4	  4	  4	  0	  0	  0	  0	  0	  0	  0	  0	  0	  0	  0	  0	  0	  0	  0	  0	  0	  0	  0	  0	  0	  0	  0	  0	 81	 61	 38	 71	  0	 61	  0	  0	  0	  0	  0	  0	  0	  0	  0	  0	  0	  5	21821	  0
30-12-2015	18:25:40	<-	L	00000000	 21	 89	 62	 29	  0	172	  0	  4	  4	  4	  4	  4	  4	  4	  4	  0	  0	  0	  0	  0	  0	  0	  0	  0	  0	  0	  0	  0	  0	  0	  0	  0	  0	  0	  0	  0	  0	  0	  0	 89	 62	 29	 73	  0	 58	  0	  0	  0	  0	  0	  0	  0	  0	  0	  0	  0	  5	21821	  0
30-12-2015	18:30:40	<-	L	00000000	 21	 82	 61	 35	  0	177	  0	  4	  4	  4	  4	  4	  4	  4	  4	  0	  0	  0	  0	  0	  0	  0	  0	  0	  0	  0	  0	  0	  0	  0	  0	  0	  0	  0	  0	  0	  0	  0	  0	 82	 61	 35	 71	  0	 61	  0	  0	  0	  0	  0	  0	  0	  0	  0	  0	  0	  5	21821	  0
30-12-2015	18:35:40	<-	L	00000000	 21	 89	 62	 29	  0	182	  0	  4	  4	  4	  4	  4	  4	  4	  4	  0	  0	  0	  0	  0	  0	  0	  0	  0	  0	  0	  0	  0	  0	  0	  0	  0	  0	  0	  0	  0	  0	  0	  0	 89	 62	 29	 73	  0	 58	  0	  0	  0	  0	  0	  0	  0	  0	  0	  0	  0	  5	21821	  0
30-12-2015	18:40:40	->	L	00000000	 21	 83	 60	 34	  0	187	  0	  4	  4	  4	  4	  4	  4	  4	  4	  0	  0	  0	  0	  0	  0	  0	  0	  0	  0	  0	  0	  0	  0	  0	  0	  0	  0	  0	  0	  0	  0	  0	  0	 76	 60	 45	 83	  0	 32	  0	  0	  0	  0	  0	  0	  0	  0	  0	  0	  0	  5	21821	  0
30-12-2015	18:45:41	->	L	00000000	 21	 87	 60	 30	  0	192	  0	  4	  4	  4	  4	  4	  4	  4	  4	  0	  0	  0	  0	  0	  0	  0	  0	  0	  0	  0	  0	  0	  0	  0	  0	  0	  0	  0	  0	  0	  0	  0	  0	 74	 60	 49	 87	  0	 28	  0	  0	  0	  0	  0	  0	  0	  0	  0	  0	  0	  5	21821	  0
30-12-2015	18:50:40	->	L	00000000	 21	 85	 60	 30	  0	197	  0	  4	  4	  4	  4	  4	  4	  4	  4	  0	  0	  0	  0	  0	  0	  0	  0	  0	  0	  0	  0	  0	  0	  0	  0	  0	  0	  0	  0	  0	  0	  0	  0	 73	 60	 52	 85	  0	 30	  0	  0	  0	  0	  0	  0	  0	  0	  0	  0	  0	  5	21821	  0
30-12-2015	18:55:40	->	L	00000000	 21	 82	 60	 34	  0	202	  0	  4	  4	  4	  4	  4	  4	  4	  4	  0	  0	  0	  0	  0	  0	  0	  0	  0	  0	  0	  0	  0	  0	  0	  0	  0	  0	  0	  0	  0	  0	  0	  0	 72	 60	 55	 82	  0	 34	  0	  0	  0	  0	  0	  0	  0	  0	  0	  0	  0	  5	21821	  0
30-12-2015	19:00:40	->	L	00000000	 21	 87	 60	 30	  0	207	  0	  4	  4	  4	  4	  4	  4	  4	  4	  0	  0	  0	  0	  0	  0	  0	  0	  0	  0	  0	  0	  0	  0	  0	  0	  0	  0	  0	  0	  0	  0	  0	  0	 73	 60	 52	 87	  0	 28	  0	  0	  0	  0	  0	  0	  0	  0	  0	  0	  0	  5	21821	  0
30-12-2015	19:05:40	->	L	00000000	 21	 87	 60	 28	  0	212	  0	  4	  4	  4	  4	  4	  4	  4	  4	  0	  0	  0	  0	  0	  0	  0	  0	  0	  0	  0	  0	  0	  0	  0	  0	  0	  0	  0	  0	  0	  0	  0	  0	 74	 60	 49	 87	  0	 28	  0	  0	  0	  0	  0	  0	  0	  0	  0	  0	  0	  5	21821	  0
30-12-2015	19:10:40	->	L	00000000	 21	 83	 60	 32	  0	217	  0	  4	  4	  4	  4	  4	  4	  4	  4	  0	  0	  0	  0	  0	  0	  0	  0	  0	  0	  0	  0	  0	  0	  0	  0	  0	  0	  0	  0	  0	  0	  0	  0	 72	 60	 55	 83	  0	 32	  0	  0	  0	  0	  0	  0	  0	  0	  0	  0	  0	  5	21821	  0
30-12-2015	19:15:40	->	L	00000000	 21	 86	 60	 30	  0	222	  0	  4	  4	  4	  4	  4	  4	  4	  4	  0	  0	  0	  0	  0	  0	  0	  0	  0	  0	  0	  0	  0	  0	  0	  0	  0	  0	  0	  0	  0	  0	  0	  0	 73	 60	 52	 86	  0	 30	  0	  0	  0	  0	  0	  0	  0	  0	  0	  0	  0	  5	21821	  0
30-12-2015	19:20:40	->	L	00000000	 21	 88	 61	 29	  0	227	  0	  4	  4	  4	  4	  4	  4	  4	  4	  0	  0	  0	  0	  0	  0	  0	  0	  0	  0	  0	  0	  0	  0	  0	  0	  0	  0	  0	  0	  0	  0	  0	  0	 74	 61	 52	 88	  0	 29	  0	  0	  0	  0	  0	  0	  0	  0	  0	  0	  0	  5	21821	  0
30-12-2015	19:25:40	->	L	00000000	 21	 84	 61	 32	  0	232	  0	  4	  4	  4	  4	  4	  4	  4	  4	  0	  0	  0	  0	  0	  0	  0	  0	  0	  0	  0	  0	  0	  0	  0	  0	  0	  0	  0	  0	  0	  0	  0	  0	 72	 61	 58	 83	  0	 32	  0	  0	  0	  0	  0	  0	  0	  0	  0	  0	  0	  5	21821	  0
30-12-2015	19:30:40	->	L	00000000	 21	 84	 61	 35	  0	237	  0	  4	  4	  4	  4	  4	  4	  4	  4	  0	  0	  0	  0	  0	  0	  0	  0	  0	  0	  0	  0	  0	  0	  0	  0	  0	  0	  0	  0	  0	  0	  0	  0	 72	 61	 58	 84	  0	 32	  0	  0	  0	  0	  0	  0	  0	  0	  0	  0	  0	  5	21821	  0
30-12-2015	19:35:40	->	L	00000000	 21	 88	 61	 29	  0	242	  0	  4	  4	  4	  4	  4	  4	  4	  4	  0	  0	  0	  0	  0	  0	  0	  0	  0	  0	  0	  0	  0	  0	  0	  0	  0	  0	  0	  0	  0	  0	  0	  0	 74	 61	 52	 88	  0	 29	  0	  0	  0	  0	  0	  0	  0	  0	  0	  0	  0	  5	21821	  0
30-12-2015	19:40:41	->	L	00000000	 21	 87	 61	 29	  0	247	  0	  4	  4	  4	  4	  4	  4	  4	  4	  0	  0	  0	  0	  0	  0	  0	  0	  0	  0	  0	  0	  0	  0	  0	  0	  0	  0	  0	  0	  0	  0	  0	  0	 74	 61	 52	 87	  0	 30	  0	  0	  0	  0	  0	  0	  0	  0	  0	  0	  0	  5	21821	  0
30-12-2015	19:45:41	->	L	00000000	 21	 83	 61	 35	  0	252	  0	  4	  4	  4	  4	  4	  4	  4	  4	  0	  0	  0	  0	  0	  0	  0	  0	  0	  0	  0	  0	  0	  0	  0	  0	  0	  0	  0	  0	  0	  0	  0	  0	 72	 61	 58	 83	  0	 35	  0	  0	  0	  0	  0	  0	  0	  0	  0	  0	  0	  5	21821	  0
30-12-2015	19:50:41	->	L	00000000	 21	 86	 61	 32	  0	257	  0	  4	  4	  4	  4	  4	  4	  4	  4	  0	  0	  0	  0	  0	  0	  0	  0	  0	  0	  0	  0	  0	  0	  0	  0	  0	  0	  0	  0	  0	  0	  0	  0	 73	 61	 55	 86	  0	 30	  0	  0	  0	  0	  0	  0	  0	  0	  0	  0	  0	  5	21821	  0
30-12-2015	19:55:41	->	L	00000000	 21	 88	 61	 29	  0	262	  0	  4	  4	  4	  4	  4	  4	  4	  4	  0	  0	  0	  0	  0	  0	  0	  0	  0	  0	  0	  0	  0	  0	  0	  0	  0	  0	  0	  0	  0	  0	  0	  0	 74	 61	 56	 88	  0	 29	  0	  0	  0	  0	  0	  0	  0	  0	  0	  0	  0	  5	21821	  0
30-12-2015	20:00:41	->	L	00000000	 21	 84	 61	 32	  0	267	  0	  4	  4	  4	  4	  4	  4	  4	  4	  0	  0	  0	  0	  0	  0	  0	  0	  0	  0	  0	  0	  0	  0	  0	  0	  0	  0	  0	  0	  0	  0	  0	  0	 73	 61	 55	 84	  0	 32	  0	  0	  0	  0	  0	  0	  0	  0	  0	  0	  0	  5	21821	  0
30-12-2015	20:05:41	->	L	00000000	 21	 84	 61	 32	  0	272	  0	  4	  4	  4	  4	  4	  4	  4	  4	  0	  0	  0	  0	  0	  0	  0	  0	  0	  0	  0	  0	  0	  0	  0	  0	  0	  0	  0	  0	  0	  0	  0	  0	 73	 61	 55	 84	  0	 32	  0	  0	  0	  0	  0	  0	  0	  0	  0	  0	  0	  5	21821	  0
30-12-2015	20:10:41	->	L	00000000	 21	 89	 62	 31	  0	277	  0	  4	  4	  4	  4	  4	  4	  4	  4	  0	  0	  0	  0	  0	  0	  0	  0	  0	  0	  0	  0	  0	  0	  0	  0	  0	  0	  0	  0	  0	  0	  0	  0	 74	 62	 56	 89	  0	 29	  0	  0	  0	  0	  0	  0	  0	  0	  0	  0	  0	  5	21821	  0
30-12-2015	20:15:41	->	L	00000000	 21	 86	 62	 33	  0	282	  0	  4	  4	  4	  4	  4	  4	  4	  4	  0	  0	  0	  0	  0	  0	  0	  0	  0	  0	  0	  0	  0	  0	  0	  0	  0	  0	  0	  0	  0	  0	  0	  0	 73	 62	 58	 86	  0	 33	  0	  0	  0	  0	  0	  0	  0	  0	  0	  0	  0	  5	21821	  0
30-12-2015	20:20:41	->	L	00000000	 21	 83	 61	 35	  0	287	  0	  4	  4	  4	  4	  4	  4	  4	  4	  0	  0	  0	  0	  0	  0	  0	  0	  0	  0	  0	  0	  0	  0	  0	  0	  0	  0	  0	  0	  0	  0	  0	  0	 72	 61	 58	 83	  0	 35	  0	  0	  0	  0	  0	  0	  0	  0	  0	  0	  0	  5	21821	  0
30-12-2015	20:25:41	->	L	00000000	 21	 88	 62	 31	  0	292	  0	  4	  4	  4	  4	  4	  4	  4	  4	  0	  0	  0	  0	  0	  0	  0	  0	  0	  0	  0	  0	  0	  0	  0	  0	  0	  0	  0	  0	  0	  0	  0	  0	 74	 62	 56	 88	  0	 31	  0	  0	  0	  0	  0	  0	  0	  0	  0	  0	  0	  5	21821	  0
30-12-2015	20:30:41	->	L	00000000	 21	 87	 61	 29	  0	297	  0	  4	  4	  4	  4	  4	  4	  4	  4	  0	  0	  0	  0	  0	  0	  0	  0	  0	  0	  0	  0	  0	  0	  0	  0	  0	  0	  0	  0	  0	  0	  0	  0	 73	 61	 55	 87	  0	 30	  0	  0	  0	  0	  0	  0	  0	  0	  0	  0	  0	  5	21821	  0
30-12-2015	20:35:41	->	L	00000000	 22	 82	 61	 32	  0	  1	  0	  4	  4	  4	  4	  4	  4	  4	  4	  0	  0	  0	  0	  0	  0	  0	  0	  0	  0	  0	  0	  0	  0	  0	  0	  0	  0	  0	  0	  0	  0	  0	  0	 71	 61	 61	 82	  0	 35	  0	  0	  0	  0	  0	  0	  0	  0	  0	  0	  0	  5	21823	  0
30-12-2015	20:40:42	->	L	00000000	 22	 85	 62	 33	  0	  6	  0	  4	  4	  4	  4	  4	  4	  4	  4	  0	  0	  0	  0	  0	  0	  0	  0	  0	  0	  0	  0	  0	  0	  0	  0	  0	  0	  0	  0	  0	  0	  0	  0	 73	 62	 58	 85	  0	 33	  0	  0	  0	  0	  0	  0	  0	  0	  0	  0	  0	  5	21823	  0
30-12-2015	20:45:42	->	L	00000000	 22	 88	 62	 31	  0	 11	  0	  4	  4	  4	  4	  4	  4	  4	  4	  0	  0	  0	  0	  0	  0	  0	  0	  0	  0	  0	  0	  0	  0	  0	  0	  0	  0	  0	  0	  0	  0	  0	  0	 74	 62	 56	 88	  0	 31	  0	  0	  0	  0	  0	  0	  0	  0	  0	  0	  0	  5	21823	  0
30-12-2015	20:50:41	->	L	00000000	 22	 86	 62	 31	  0	 16	  0	  4	  4	  4	  4	  4	  4	  4	  4	  0	  0	  0	  0	  0	  0	  0	  0	  0	  0	  0	  0	  0	  0	  0	  0	  0	  0	  0	  0	  0	  0	  0	  0	 74	 62	 56	 86	  0	 33	  0	  0	  0	  0	  0	  0	  0	  0	  0	  0	  0	  5	21823	  0
30-12-2015	20:55:42	->	L	00000000	 22	 83	 62	 36	  0	 21	  0	  4	  4	  4	  4	  4	  4	  4	  4	  0	  0	  0	  0	  0	  0	  0	  0	  0	  0	  0	  0	  0	  0	  0	  0	  0	  0	  0	  0	  0	  0	  0	  0	 72	 62	 61	 83	  0	 36	  0	  0	  0	  0	  0	  0	  0	  0	  0	  0	  0	  5	21823	  0
30-12-2015	21:00:42	->	L	00000000	 22	 85	 62	 35	  0	 26	  0	  4	  4	  4	  4	  4	  4	  4	  4	  0	  0	  0	  0	  0	  0	  0	  0	  0	  0	  0	  0	  0	  0	  0	  0	  0	  0	  0	  0	  0	  0	  0	  0	 73	 62	 58	 85	  0	 33	  0	  0	  0	  0	  0	  0	  0	  0	  0	  0	  0	  5	21823	  0
30-12-2015	21:05:42	->	L	00000000	 22	 88	 63	 31	  0	 31	  0	  4	  4	  4	  4	  4	  4	  4	  4	  0	  0	  0	  0	  0	  0	  0	  0	  0	  0	  0	  0	  0	  0	  0	  0	  0	  0	  0	  0	  0	  0	  0	  0	 74	 63	 58	 88	  0	 31	  0	  0	  0	  0	  0	  0	  0	  0	  0	  0	  0	  5	21823	  0
30-12-2015	21:10:42	->	L	00000000	 22	 86	 62	 33	  0	 36	  0	  4	  4	  4	  4	  4	  4	  4	  4	  0	  0	  0	  0	  0	  0	  0	  0	  0	  0	  0	  0	  0	  0	  0	  0	  0	  0	  0	  0	  0	  0	  0	  0	 74	 62	 56	 86	  0	 33	  0	  0	  0	  0	  0	  0	  0	  0	  0	  0	  0	  5	21823	  0
30-12-2015	21:15:42	->	L	00000000	 22	 82	 62	 36	  0	 41	  0	  4	  4	  4	  4	  4	  4	  4	  4	  0	  0	  0	  0	  0	  0	  0	  0	  0	  0	  0	  0	  0	  0	  0	  0	  0	  0	  0	  0	  0	  0	  0	  0	 72	 62	 61	 82	  0	 38	  0	  0	  0	  0	  0	  0	  0	  0	  0	  0	  0	  5	21823	  0
30-12-2015	21:20:42	->	L	00000000	 22	 86	 62	 33	  0	 46	  0	  4	  4	  4	  4	  4	  4	  4	  4	  0	  0	  0	  0	  0	  0	  0	  0	  0	  0	  0	  0	  0	  0	  0	  0	  0	  0	  0	  0	  0	  0	  0	  0	 73	 62	 58	 86	  0	 33	  0	  0	  0	  0	  0	  0	  0	  0	  0	  0	  0	  5	21823	  0
30-12-2015	21:25:42	->	L	00000000	 22	 88	 62	 31	  0	 51	  0	  4	  4	  4	  4	  4	  4	  4	  4	  0	  0	  0	  0	  0	  0	  0	  0	  0	  0	  0	  0	  0	  0	  0	  0	  0	  0	  0	  0	  0	  0	  0	  0	 74	 62	 56	 88	  0	 31	  0	  0	  0	  0	  0	  0	  0	  0	  0	  0	  0	  5	21823	  0
30-12-2015	21:30:42	->	L	00000000	 22	 84	 63	 36	  0	 56	  0	  4	  4	  4	  4	  4	  4	  4	  4	  0	  0	  0	  0	  0	  0	  0	  0	  0	  0	  0	  0	  0	  0	  0	  0	  0	  0	  0	  0	  0	  0	  0	  0	 73	 63	 61	 84	  0	 36	  0	  0	  0	  0	  0	  0	  0	  0	  0	  0	  0	  5	21823	  0
30-12-2015	21:35:42	->	L	00000000	 22	 85	 63	 36	  0	 61	  0	  4	  4	  4	  4	  4	  4	  4	  4	  0	  0	  0	  0	  0	  0	  0	  0	  0	  0	  0	  0	  0	  0	  0	  0	  0	  0	  0	  0	  0	  0	  0	  0	 73	 63	 61	 85	  0	 36	  0	  0	  0	  0	  0	  0	  0	  0	  0	  0	  0	  5	21823	  0
30-12-2015	21:40:42	->	L	00000000	 22	 89	 63	 31	  0	 66	  0	  4	  4	  4	  4	  4	  4	  4	  4	  0	  0	  0	  0	  0	  0	  0	  0	  0	  0	  0	  0	  0	  0	  0	  0	  0	  0	  0	  0	  0	  0	  0	  0	 74	 63	 58	 89	  0	 31	  0	  0	  0	  0	  0	  0	  0	  0	  0	  0	  0	  5	21823	  0
30-12-2015	21:45:42	->	L	00000000	 22	 87	 63	 31	  0	 71	  0	  4	  4	  4	  4	  4	  4	  4	  4	  0	  0	  0	  0	  0	  0	  0	  0	  0	  0	  0	  0	  0	  0	  0	  0	  0	  0	  0	  0	  0	  0	  0	  0	 75	 63	 56	 87	  0	 33	  0	  0	  0	  0	  0	  0	  0	  0	  0	  0	  0	  5	21823	  0
30-12-2015	21:50:43	->	L	00000000	 22	 83	 63	 39	  0	 76	  0	  4	  4	  4	  4	  4	  4	  4	  4	  0	  0	  0	  0	  0	  0	  0	  0	  0	  0	  0	  0	  0	  0	  0	  0	  0	  0	  0	  0	  0	  0	  0	  0	 72	 63	 65	 83	  0	 39	  0	  0	  0	  0	  0	  0	  0	  0	  0	  0	  0	  5	21823	  0
30-12-2015	21:55:42	->	L	00000000	 22	 85	 63	 36	  0	 81	  0	  4	  4	  4	  4	  4	  4	  4	  4	  0	  0	  0	  0	  0	  0	  0	  0	  0	  0	  0	  0	  0	  0	  0	  0	  0	  0	  0	  0	  0	  0	  0	  0	 73	 63	 61	 85	  0	 36	  0	  0	  0	  0	  0	  0	  0	  0	  0	  0	  0	  5	21823	  0
30-12-2015	22:00:42	->	L	00000000	 22	 89	 63	 31	  0	 86	  0	  4	  4	  4	  4	  4	  4	  4	  4	  0	  0	  0	  0	  0	  0	  0	  0	  0	  0	  0	  0	  0	  0	  0	  0	  0	  0	  0	  0	  0	  0	  0	  0	 75	 63	 56	 89	  0	 31	  0	  0	  0	  0	  0	  0	  0	  0	  0	  0	  0	  5	21823	  0
30-12-2015	22:05:43	->	L	00000000	 22	 89	 63	 31	  0	 91	  0	  4	  4	  4	  4	  4	  4	  4	  4	  0	  0	  0	  0	  0	  0	  0	  0	  0	  0	  0	  0	  0	  0	  0	  0	  0	  0	  0	  0	  0	  0	  0	  0	 75	 63	 56	 89	  0	 31	  0	  0	  0	  0	  0	  0	  0	  0	  0	  0	  0	  5	21823	  0
30-12-2015	22:10:43	->	L	00000000	 22	 85	 63	 36	  0	 96	  0	  4	  4	  4	  4	  4	  4	  4	  4	  0	  0	  0	  0	  0	  0	  0	  0	  0	  0	  0	  0	  0	  0	  0	  0	  0	  0	  0	  0	  0	  0	  0	  0	 73	 63	 61	 85	  0	 36	  0	  0	  0	  0	  0	  0	  0	  0	  0	  0	  0	  5	21823	  0
30-12-2015	22:15:43	->	L	00000000	 22	 83	 63	 39	  0	101	  0	  4	  4	  4	  4	  4	  4	  4	  4	  0	  0	  0	  0	  0	  0	  0	  0	  0	  0	  0	  0	  0	  0	  0	  0	  0	  0	  0	  0	  0	  0	  0	  0	 72	 63	 65	 83	  0	 39	  0	  0	  0	  0	  0	  0	  0	  0	  0	  0	  0	  5	21823	  0
30-12-2015	22:20:43	->	L	00000000	 22	 86	 63	 36	  0	106	  0	  4	  4	  4	  4	  4	  4	  4	  4	  0	  0	  0	  0	  0	  0	  0	  0	  0	  0	  0	  0	  0	  0	  0	  0	  0	  0	  0	  0	  0	  0	  0	  0	 73	 63	 61	 86	  0	 33	  0	  0	  0	  0	  0	  0	  0	  0	  0	  0	  0	  5	21823	  0
30-12-2015	22:25:43	->	L	00000000	 22	 89	 63	 31	  0	111	  0	  4	  4	  4	  4	  4	  4	  4	  4	  0	  0	  0	  0	  0	  0	  0	  0	  0	  0	  0	  0	  0	  0	  0	  0	  0	  0	  0	  0	  0	  0	  0	  0	 75	 63	 56	 89	  0	 31	  0	  0	  0	  0	  0	  0	  0	  0	  0	  0	  0	  5	21823	  0
30-12-2015	22:30:43	->	L	00000000	 22	 86	 63	 33	  0	116	  0	  4	  4	  4	  4	  4	  4	  4	  4	  0	  0	  0	  0	  0	  0	  0	  0	  0	  0	  0	  0	  0	  0	  0	  0	  0	  0	  0	  0	  0	  0	  0	  0	 74	 63	 58	 86	  0	 33	  0	  0	  0	  0	  0	  0	  0	  0	  0	  0	  0	  5	21823	  0
30-12-2015	22:35:43	->	L	00000000	 22	 83	 63	 40	  0	121	  0	  4	  4	  4	  4	  4	  4	  4	  4	  0	  0	  0	  0	  0	  0	  0	  0	  0	  0	  0	  0	  0	  0	  0	  0	  0	  0	  0	  0	  0	  0	  0	  0	 73	 63	 61	 83	  0	 39	  0	  0	  0	  0	  0	  0	  0	  0	  0	  0	  0	  5	21823	  0
30-12-2015	22:40:43	<-	L	00000000	 22	 87	 64	 36	  0	126	  0	  4	  4	  4	  4	  4	  4	  4	  4	  0	  0	  0	  0	  0	  0	  0	  0	  0	  0	  0	  0	  0	  0	  0	  0	  0	  0	  0	  0	  0	  0	  0	  0	 87	 64	 33	 78	  0	 51	  0	  0	  0	  0	  0	  0	  0	  0	  0	  0	  0	  5	21823	  0
30-12-2015	22:45:43	<-	L	00000000	 22	 85	 63	 36	  0	131	  0	  4	  4	  4	  4	  4	  4	  4	  4	  0	  0	  0	  0	  0	  0	  0	  0	  0	  0	  0	  0	  0	  0	  0	  0	  0	  0	  0	  0	  0	  0	  0	  0	 85	 63	 36	 75	  0	 56	  0	  0	  0	  0	  0	  0	  0	  0	  0	  0	  0	  5	21823	  0
30-12-2015	22:50:43	<-	L	00000000	 22	 90	 64	 32	  0	136	  0	  4	  4	  4	  4	  4	  4	  4	  4	  0	  0	  0	  0	  0	  0	  0	  0	  0	  0	  0	  0	  0	  0	  0	  0	  0	  0	  0	  0	  0	  0	  0	  0	 90	 64	 31	 76	  0	 56	  0	  0	  0	  0	  0	  0	  0	  0	  0	  0	  0	  5	21823	  0
30-12-2015	22:55:44	<-	L	00000000	 22	 82	 63	 39	  0	141	  0	  4	  4	  4	  4	  4	  4	  4	  4	  0	  0	  0	  0	  0	  0	  0	  0	  0	  0	  0	  0	  0	  0	  0	  0	  0	  0	  0	  0	  0	  0	  0	  0	 82	 63	 40	 74	  0	 58	  0	  0	  0	  0	  0	  0	  0	  0	  0	  0	  0	  5	21823	  0
30-12-2015	23:00:43	<-	L	00000000	 22	 90	 64	 31	  0	146	  0	  4	  4	  4	  4	  4	  4	  4	  4	  0	  0	  0	  0	  0	  0	  0	  0	  0	  0	  0	  0	  0	  0	  0	  0	  0	  0	  0	  0	  0	  0	  0	  0	 90	 64	 31	 75	  0	 59	  0	  0	  0	  0	  0	  0	  0	  0	  0	  0	  0	  5	21823	  0
30-12-2015	23:05:43	<-	L	00000000	 22	 86	 63	 36	  0	151	  0	  4	  4	  4	  4	  4	  4	  4	  4	  0	  0	  0	  0	  0	  0	  0	  0	  0	  0	  0	  0	  0	  0	  0	  0	  0	  0	  0	  0	  0	  0	  0	  0	 86	 63	 33	 74	  0	 58	  0	  0	  0	  0	  0	  0	  0	  0	  0	  0	  0	  5	21823	  0
30-12-2015	23:10:43	<-	L	00000000	 22	 84	 63	 36	  0	156	  0	  4	  4	  4	  4	  4	  4	  4	  4	  0	  0	  0	  0	  0	  0	  0	  0	  0	  0	  0	  0	  0	  0	  0	  0	  0	  0	  0	  0	  0	  0	  0	  0	 84	 63	 36	 74	  0	 58	  0	  0	  0	  0	  0	  0	  0	  0	  0	  0	  0	  5	21823	  0
30-12-2015	23:15:43	<-	L	00000000	 22	 89	 64	 34	  0	161	  0	  4	  4	  4	  4	  4	  4	  4	  4	  0	  0	  0	  0	  0	  0	  0	  0	  0	  0	  0	  0	  0	  0	  0	  0	  0	  0	  0	  0	  0	  0	  0	  0	 89	 64	 32	 75	  0	 59	  0	  0	  0	  0	  0	  0	  0	  0	  0	  0	  0	  5	21823	  0
30-12-2015	23:20:44	<-	L	00000000	 22	 82	 62	 36	  0	166	  0	  4	  4	  4	  4	  4	  4	  4	  4	  0	  0	  0	  0	  0	  0	  0	  0	  0	  0	  0	  0	  0	  0	  0	  0	  0	  0	  0	  0	  0	  0	  0	  0	 82	 62	 38	 73	  0	 58	  0	  0	  0	  0	  0	  0	  0	  0	  0	  0	  0	  5	21823	  0
30-12-2015	23:25:44	<-	L	00000000	 22	 87	 63	 34	  0	171	  0	  4	  4	  4	  4	  4	  4	  4	  4	  0	  0	  0	  0	  0	  0	  0	  0	  0	  0	  0	  0	  0	  0	  0	  0	  0	  0	  0	  0	  0	  0	  0	  0	 87	 63	 33	 74	  0	 58	  0	  0	  0	  0	  0	  0	  0	  0	  0	  0	  0	  5	21823	  0
30-12-2015	23:30:44	<-	L	00000000	 22	 88	 64	 33	  0	176	  0	  4	  4	  4	  4	  4	  4	  4	  4	  0	  0	  0	  0	  0	  0	  0	  0	  0	  0	  0	  0	  0	  0	  0	  0	  0	  0	  0	  0	  0	  0	  0	  0	 88	 64	 34	 74	  0	 62	  0	  0	  0	  0	  0	  0	  0	  0	  0	  0	  0	  5	21823	  0
30-12-2015	23:35:44	<-	L	00000000	 22	 82	 62	 36	  0	181	  0	  4	  4	  4	  4	  4	  4	  4	  4	  0	  0	  0	  0	  0	  0	  0	  0	  0	  0	  0	  0	  0	  0	  0	  0	  0	  0	  0	  0	  0	  0	  0	  0	 82	 62	 38	 72	  0	 61	  0	  0	  0	  0	  0	  0	  0	  0	  0	  0	  0	  5	21823	  0
30-12-2015	23:40:44	<-	L	00000000	 22	 91	 64	 29	  0	186	  0	  4	  4	  4	  4	  4	  4	  4	  4	  0	  0	  0	  0	  0	  0	  0	  0	  0	  0	  0	  0	  0	  0	  0	  0	  0	  0	  0	  0	  0	  0	  0	  0	 91	 64	 29	 75	  0	 59	  0	  0	  0	  0	  0	  0	  0	  0	  0	  0	  0	  5	21823	  0
30-12-2015	23:45:44	<-	L	00000000	 22	 82	 62	 38	  0	191	  0	  4	  4	  4	  4	  4	  4	  4	  4	  0	  0	  0	  0	  0	  0	  0	  0	  0	  0	  0	  0	  0	  0	  0	  0	  0	  0	  0	  0	  0	  0	  0	  0	 83	 63	 38	 72	  0	 58	  0	  0	  0	  0	  0	  0	  0	  0	  0	  0	  0	  5	21823	  0
30-12-2015	23:50:44	<-	L	00000000	 22	 90	 64	 29	  0	196	  0	  4	  4	  4	  4	  4	  4	  4	  4	  0	  0	  0	  0	  0	  0	  0	  0	  0	  0	  0	  0	  0	  0	  0	  0	  0	  0	  0	  0	  0	  0	  0	  0	 90	 64	 31	 75	  0	 59	  0	  0	  0	  0	  0	  0	  0	  0	  0	  0	  0	  5	21823	  0
30-12-2015	23:55:44	<-	L	00000000	 22	 85	 63	 36	  0	201	  0	  4	  4	  4	  4	  4	  4	  4	  4	  0	  0	  0	  0	  0	  0	  0	  0	  0	  0	  0	  0	  0	  0	  0	  0	  0	  0	  0	  0	  0	  0	  0	  0	 85	 63	 36	 73	  0	 61	  0	  0	  0	  0	  0	  0	  0	  0	  0	  0	  0	  5	21823	  0
31-12-2015	00:00:45	<-	L	00000000	 22	 87	 63	 31	  0	206	  0	  4	  4	  4	  4	  4	  4	  4	  4	  0	  0	  0	  0	  0	  0	  0	  0	  0	  0	  0	  0	  0	  0	  0	  0	  0	  0	  0	  0	  0	  0	  0	  0	 87	 63	 33	 74	  0	 58	  0	  0	  0	  0	  0	  0	  0	  0	  0	  0	  0	  5	21823	  0
31-12-2015	00:05:44	<-	L	00000000	 22	 88	 63	 33	  0	211	  0	  4	  4	  4	  4	  4	  4	  4	  4	  0	  0	  0	  0	  0	  0	  0	  0	  0	  0	  0	  0	  0	  0	  0	  0	  0	  0	  0	  0	  0	  0	  0	  0	 88	 63	 31	 74	  0	 58	  0	  0	  0	  0	  0	  0	  0	  0	  0	  0	  0	  5	21823	  0
31-12-2015	00:10:44	<-	L	00000000	 22	 84	 63	 36	  0	216	  0	  4	  4	  4	  4	  4	  4	  4	  4	  0	  0	  0	  0	  0	  0	  0	  0	  0	  0	  0	  0	  0	  0	  0	  0	  0	  0	  0	  0	  0	  0	  0	  0	 84	 63	 36	 74	  0	 58	  0	  0	  0	  0	  0	  0	  0	  0	  0	  0	  0	  5	21823	  0
31-12-2015	00:15:44	<-	L	00000000	 22	 91	 64	 29	  0	221	  0	  4	  4	  4	  4	  4	  4	  4	  4	  0	  0	  0	  0	  0	  0	  0	  0	  0	  0	  0	  0	  0	  0	  0	  0	  0	  0	  0	  0	  0	  0	  0	  0	 91	 64	 29	 75	  0	 59	  0	  0	  0	  0	  0	  0	  0	  0	  0	  0	  0	  5	21823	  0
31-12-2015	00:20:44	<-	L	00000000	 22	 83	 62	 36	  0	226	  0	  4	  4	  4	  4	  4	  4	  4	  4	  0	  0	  0	  0	  0	  0	  0	  0	  0	  0	  0	  0	  0	  0	  0	  0	  0	  0	  0	  0	  0	  0	  0	  0	 83	 62	 36	 73	  0	 58	  0	  0	  0	  0	  0	  0	  0	  0	  0	  0	  0	  5	21823	  0
31-12-2015	00:25:44	<-	L	00000000	 22	 90	 64	 31	  0	231	  0	  4	  4	  4	  4	  4	  4	  4	  4	  0	  0	  0	  0	  0	  0	  0	  0	  0	  0	  0	  0	  0	  0	  0	  0	  0	  0	  0	  0	  0	  0	  0	  0	 90	 64	 31	 75	  0	 59	  0	  0	  0	  0	  0	  0	  0	  0	  0	  0	  0	  5	21823	  0
31-12-2015	00:30:45	<-	L	00000000	 22	 83	 62	 38	  0	236	  0	  4	  4	  4	  4	  4	  4	  4	  4	  0	  0	  0	  0	  0	  0	  0	  0	  0	  0	  0	  0	  0	  0	  0	  0	  0	  0	  0	  0	  0	  0	  0	  0	 83	 62	 36	 72	  0	 61	  0	  0	  0	  0	  0	  0	  0	  0	  0	  0	  0	  5	21823	  0
31-12-2015	00:35:45	<-	L	00000000	 22	 91	 64	 29	  0	241	  0	  4	  4	  4	  4	  4	  4	  4	  4	  0	  0	  0	  0	  0	  0	  0	  0	  0	  0	  0	  0	  0	  0	  0	  0	  0	  0	  0	  0	  0	  0	  0	  0	 91	 64	 29	 75	  0	 59	  0	  0	  0	  0	  0	  0	  0	  0	  0	  0	  0	  5	21823	  0
31-12-2015	00:40:45	<-	L	00000000	 22	 82	 62	 38	  0	246	  0	  4	  4	  4	  4	  4	  4	  4	  4	  0	  0	  0	  0	  0	  0	  0	  0	  0	  0	  0	  0	  0	  0	  0	  0	  0	  0	  0	  0	  0	  0	  0	  0	 82	 62	 38	 72	  0	 61	  0	  0	  0	  0	  0	  0	  0	  0	  0	  0	  0	  5	21823	  0
31-12-2015	00:45:45	<-	L	00000000	 22	 89	 64	 32	  0	251	  0	  4	  4	  4	  4	  4	  4	  4	  4	  0	  0	  0	  0	  0	  0	  0	  0	  0	  0	  0	  0	  0	  0	  0	  0	  0	  0	  0	  0	  0	  0	  0	  0	 89	 64	 32	 75	  0	 59	  0	  0	  0	  0	  0	  0	  0	  0	  0	  0	  0	  5	21823	  0
31-12-2015	00:50:45	<-	L	00000000	 22	 83	 63	 38	  0	256	  0	  4	  4	  4	  4	  4	  4	  4	  4	  0	  0	  0	  0	  0	  0	  0	  0	  0	  0	  0	  0	  0	  0	  0	  0	  0	  0	  0	  0	  0	  0	  0	  0	 83	 63	 39	 72	  0	 65	  0	  0	  0	  0	  0	  0	  0	  0	  0	  0	  0	  5	21823	  0
31-12-2015	00:55:45	<-	L	00000000	 22	 88	 64	 32	  0	261	  0	  4	  4	  4	  4	  4	  4	  4	  4	  0	  0	  0	  0	  0	  0	  0	  0	  0	  0	  0	  0	  0	  0	  0	  0	  0	  0	  0	  0	  0	  0	  0	  0	 88	 64	 34	 74	  0	 62	  0	  0	  0	  0	  0	  0	  0	  0	  0	  0	  0	  5	21823	  0
31-12-2015	01:00:45	<-	L	00000000	 22	 84	 63	 39	  0	266	  0	  4	  4	  4	  4	  4	  4	  4	  4	  0	  0	  0	  0	  0	  0	  0	  0	  0	  0	  0	  0	  0	  0	  0	  0	  0	  0	  0	  0	  0	  0	  0	  0	 84	 63	 36	 72	  0	 65	  0	  0	  0	  0	  0	  0	  0	  0	  0	  0	  0	  5	21823	  0
31-12-2015	01:05:45	<-	L	00000000	 22	 86	 63	 33	  0	271	  0	  4	  4	  4	  4	  4	  4	  4	  4	  0	  0	  0	  0	  0	  0	  0	  0	  0	  0	  0	  0	  0	  0	  0	  0	  0	  0	  0	  0	  0	  0	  0	  0	 86	 63	 33	 73	  0	 61	  0	  0	  0	  0	  0	  0	  0	  0	  0	  0	  0	  5	21823	  0
31-12-2015	01:10:45	<-	L	00000000	 22	 84	 63	 39	  0	276	  0	  4	  4	  4	  4	  4	  4	  4	  4	  0	  0	  0	  0	  0	  0	  0	  0	  0	  0	  0	  0	  0	  0	  0	  0	  0	  0	  0	  0	  0	  0	  0	  0	 84	 63	 36	 72	  0	 65	  0	  0	  0	  0	  0	  0	  0	  0	  0	  0	  0	  5	21823	  0
31-12-2015	01:15:45	<-	L	00000000	 22	 85	 63	 33	  0	281	  0	  4	  4	  4	  4	  4	  4	  4	  4	  0	  0	  0	  0	  0	  0	  0	  0	  0	  0	  0	  0	  0	  0	  0	  0	  0	  0	  0	  0	  0	  0	  0	  0	 85	 63	 36	 73	  0	 61	  0	  0	  0	  0	  0	  0	  0	  0	  0	  0	  0	  5	21823	  0
31-12-2015	01:20:45	<-	L	00000000	 22	 82	 62	 38	  0	286	  0	  4	  4	  4	  4	  4	  4	  4	  4	  0	  0	  0	  0	  0	  0	  0	  0	  0	  0	  0	  0	  0	  0	  0	  0	  0	  0	  0	  0	  0	  0	  0	  0	 82	 62	 38	 72	  0	 61	  0	  0	  0	  0	  0	  0	  0	  0	  0	  0	  0	  5	21823	  0
31-12-2015	01:25:45	<-	L	00000000	 22	 85	 63	 36	  0	291	  0	  4	  4	  4	  4	  4	  4	  4	  4	  0	  0	  0	  0	  0	  0	  0	  0	  0	  0	  0	  0	  0	  0	  0	  0	  0	  0	  0	  0	  0	  0	  0	  0	 85	 63	 36	 72	  0	 65	  0	  0	  0	  0	  0	  0	  0	  0	  0	  0	  0	  5	21823	  0
31-12-2015	01:30:45	<-	L	00000000	 22	 85	 63	 36	  0	296	  0	  4	  4	  4	  4	  4	  4	  4	  4	  0	  0	  0	  0	  0	  0	  0	  0	  0	  0	  0	  0	  0	  0	  0	  0	  0	  0	  0	  0	  0	  0	  0	  0	 85	 63	 36	 72	  0	 65	  0	  0	  0	  0	  0	  0	  0	  0	  0	  0	  0	  5	21823	  0
31-12-2015	01:35:46	<-	L	00000000	 23	 84	 63	 36	  0	  0	  0	  4	  4	  4	  4	  4	  4	  4	  4	  0	  0	  0	  0	  0	  0	  0	  0	  0	  0	  0	  0	  0	  0	  0	  0	  0	  0	  0	  0	  0	  0	  0	  0	 84	 63	 36	 72	  0	 65	  0	  0	  0	  0	  0	  0	  0	  0	  0	  0	  0	  5	21822	  0
31-12-2015	01:40:46	<-	L	00000000	 23	 83	 62	 36	  0	  5	  0	  4	  4	  4	  4	  4	  4	  4	  4	  0	  0	  0	  0	  0	  0	  0	  0	  0	  0	  0	  0	  0	  0	  0	  0	  0	  0	  0	  0	  0	  0	  0	  0	 83	 62	 36	 72	  0	 61	  0	  0	  0	  0	  0	  0	  0	  0	  0	  0	  0	  5	21822	  0
31-12-2015	01:45:45	<-	L	00000000	 23	 82	 62	 38	  0	 10	  0	  4	  4	  4	  4	  4	  4	  4	  4	  0	  0	  0	  0	  0	  0	  0	  0	  0	  0	  0	  0	  0	  0	  0	  0	  0	  0	  0	  0	  0	  0	  0	  0	 82	 62	 38	 71	  0	 64	  0	  0	  0	  0	  0	  0	  0	  0	  0	  0	  0	  5	21822	  0
31-12-2015	01:50:46	<-	L	00000000	 23	 81	 62	 38	  0	 15	  0	  4	  4	  4	  4	  4	  4	  4	  4	  0	  0	  0	  0	  0	  0	  0	  0	  0	  0	  0	  0	  0	  0	  0	  0	  0	  0	  0	  0	  0	  0	  0	  0	 81	 62	 40	 71	  0	 64	  0	  0	  0	  0	  0	  0	  0	  0	  0	  0	  0	  5	21822	  0
31-12-2015	01:55:46	<-	L	00000000	 23	 81	 62	 40	  0	 20	  0	  4	  4	  4	  4	  4	  4	  4	  4	  0	  0	  0	  0	  0	  0	  0	  0	  0	  0	  0	  0	  0	  0	  0	  0	  0	  0	  0	  0	  0	  0	  0	  0	 81	 62	 40	 70	  0	 67	  0	  0	  0	  0	  0	  0	  0	  0	  0	  0	  0	  5	21822	  0
31-12-2015	02:00:46	<-	L	00000000	 23	 80	 62	 42	  0	 25	  0	  4	  4	  4	  4	  4	  4	  4	  4	  0	  0	  0	  0	  0	  0	  0	  0	  0	  0	  0	  0	  0	  0	  0	  0	  0	  0	  0	  0	  0	  0	  0	  0	 80	 62	 42	 70	  0	 67	  0	  0	  0	  0	  0	  0	  0	  0	  0	  0	  0	  5	21822	  0
31-12-2015	02:05:46	<-	L	00000000	 23	 80	 62	 42	  0	 30	  0	  4	  4	  4	  4	  4	  4	  4	  4	  0	  0	  0	  0	  0	  0	  0	  0	  0	  0	  0	  0	  0	  0	  0	  0	  0	  0	  0	  0	  0	  0	  0	  0	 80	 62	 42	 70	  0	 67	  0	  0	  0	  0	  0	  0	  0	  0	  0	  0	  0	  5	21822	  0
31-12-2015	02:10:46	<-	L	00000000	 23	 79	 62	 44	  0	 35	  0	  4	  4	  4	  4	  4	  4	  4	  4	  0	  0	  0	  0	  0	  0	  0	  0	  0	  0	  0	  0	  0	  0	  0	  0	  0	  0	  0	  0	  0	  0	  0	  0	 79	 62	 44	 70	  0	 67	  0	  0	  0	  0	  0	  0	  0	  0	  0	  0	  0	  5	21822	  0
