11-03-2016	21:53:31	  	L	00000000	 10	 31	 25	 74	  0	  2	  0	  4	  4	  4	  4	  4	  4	  4	  4	  0	  0	  0	  0	  0	  0	  0	  0	  0	  0	  0	  0	  0	  0	  0	  0	  0	  0	  0	  0	  0	  0	  0	  0	 31	 25	 66	 30	  0	 74	  0	  0	  0	  0	  0	  0	  0	  0	  0	  0	  0	  5	7705	  1
11-03-2016	21:58:31	->	L	00000000	 10	 36	 23	 36	  0	  7	  0	  4	  4	  4	  4	  4	  4	  4	  4	  0	  0	  0	  0	  0	  0	  0	  0	  0	  0	  0	  0	  0	  0	  0	  0	  0	  0	  0	  0	  0	  0	  0	  0	 30	 23	 61	 36	  0	 38	  0	  0	  0	  0	  0	  0	  0	  0	  0	  0	  0	  5	7962	  1
11-03-2016	22:03:32	->	L	00000000	 10	 35	 24	 43	  0	 12	  0	  4	  4	  4	  4	  4	  4	  4	  4	  0	  0	  0	  0	  0	  0	  0	  0	  0	  0	  0	  0	  0	  0	  0	  0	  0	  0	  0	  0	  0	  0	  0	  0	 30	 24	 66	 35	  0	 46	  0	  0	  0	  0	  0	  0	  0	  0	  0	  0	  0	  5	7962	  1
11-03-2016	22:08:32	->	L	00000000	 10	 36	 25	 44	  0	 17	  0	  4	  4	  4	  4	  4	  4	  4	  4	  0	  0	  0	  0	  0	  0	  0	  0	  0	  0	  0	  0	  0	  0	  0	  0	  0	  0	  0	  0	  0	  0	  0	  0	 30	 25	 74	 36	  0	 46	  0	  0	  0	  0	  0	  0	  0	  0	  0	  0	  0	  5	8219	  1
11-03-2016	22:13:32	->	L	00000000	 10	 37	 27	 51	  0	 22	  0	  4	  4	  4	  4	  4	  4	  4	  4	  0	  0	  0	  0	  0	  0	  0	  0	  0	  0	  0	  0	  0	  0	  0	  0	  0	  0	  0	  0	  0	  0	  0	  0	 31	 27	 77	 37	  0	 51	  0	  0	  0	  0	  0	  0	  0	  0	  0	  0	  0	  5	8476	  1
11-03-2016	22:18:32	->	L	00000000	 10	 38	 28	 51	  0	 27	  0	  4	  4	  4	  4	  4	  4	  4	  4	  0	  0	  0	  0	  0	  0	  0	  0	  0	  0	  0	  0	  0	  0	  0	  0	  0	  0	  0	  0	  0	  0	  0	  0	 32	 28	 77	 38	  0	 51	  0	  0	  0	  0	  0	  0	  0	  0	  0	  0	  0	  5	8733	  1
11-03-2016	22:23:32	->	L	00000000	 10	 38	 28	 51	  0	 32	  0	  4	  4	  4	  4	  4	  4	  4	  4	  0	  0	  0	  0	  0	  0	  0	  0	  0	  0	  0	  0	  0	  0	  0	  0	  0	  0	  0	  0	  0	  0	  0	  0	 32	 28	 77	 38	  0	 51	  0	  0	  0	  0	  0	  0	  0	  0	  0	  0	  0	  5	8733	  1
11-03-2016	22:28:32	->	L	00000000	 10	 38	 29	 51	  0	 37	  0	  4	  4	  4	  4	  4	  4	  4	  4	  0	  0	  0	  0	  0	  0	  0	  0	  0	  0	  0	  0	  0	  0	  0	  0	  0	  0	  0	  0	  0	  0	  0	  0	 33	 29	 77	 38	  0	 55	  0	  0	  0	  0	  0	  0	  0	  0	  0	  0	  0	  5	8990	  1
11-03-2016	22:33:32	->	L	00000000	 10	 39	 30	 55	  0	 42	  0	  4	  4	  4	  4	  4	  4	  4	  4	  0	  0	  0	  0	  0	  0	  0	  0	  0	  0	  0	  0	  0	  0	  0	  0	  0	  0	  0	  0	  0	  0	  0	  0	 33	 30	 83	 39	  0	 55	  0	  0	  0	  0	  0	  0	  0	  0	  0	  0	  0	  5	9247	  1
11-03-2016	22:38:33	->	L	00000000	 10	 39	 31	 59	  0	 47	  0	  4	  4	  4	  4	  4	  4	  4	  4	  0	  0	  0	  0	  0	  0	  0	  0	  0	  0	  0	  0	  0	  0	  0	  0	  0	  0	  0	  0	  0	  0	  0	  0	 34	 31	 83	 39	  0	 59	  0	  0	  0	  0	  0	  0	  0	  0	  0	  0	  0	  5	9504	  1
11-03-2016	22:43:33	->	L	00000000	 10	 40	 31	 56	  0	 52	  0	  4	  4	  4	  4	  4	  4	  4	  4	  0	  0	  0	  0	  0	  0	  0	  0	  0	  0	  0	  0	  0	  0	  0	  0	  0	  0	  0	  0	  0	  0	  0	  0	 34	 31	 83	 40	  0	 56	  0	  0	  0	  0	  0	  0	  0	  0	  0	  0	  0	  5	9504	  1
11-03-2016	22:48:32	->	L	00000000	 10	 39	 32	 63	  0	 57	  0	  4	  4	  4	  4	  4	  4	  4	  4	  0	  0	  0	  0	  0	  0	  0	  0	  0	  0	  0	  0	  0	  0	  0	  0	  0	  0	  0	  0	  0	  0	  0	  0	 35	 32	 83	 39	  0	 63	  0	  0	  0	  0	  0	  0	  0	  0	  0	  0	  0	  5	9761	  1
11-03-2016	22:53:32	->	L	00000000	 10	 41	 33	 60	  0	 62	  0	  4	  4	  4	  4	  4	  4	  4	  4	  0	  0	  0	  0	  0	  0	  0	  0	  0	  0	  0	  0	  0	  0	  0	  0	  0	  0	  0	  0	  0	  0	  0	  0	 36	 33	 83	 41	  0	 60	  0	  0	  0	  0	  0	  0	  0	  0	  0	  0	  0	  5	10018	  1
11-03-2016	22:58:32	->	L	00000000	 10	 41	 33	 56	  0	 67	  0	  4	  4	  4	  4	  4	  4	  4	  4	  0	  0	  0	  0	  0	  0	  0	  0	  0	  0	  0	  0	  0	  0	  0	  0	  0	  0	  0	  0	  0	  0	  0	  0	 36	 33	 83	 41	  0	 60	  0	  0	  0	  0	  0	  0	  0	  0	  0	  0	  0	  5	10275	  1
11-03-2016	23:03:33	->	L	00000000	 10	 42	 34	 60	  0	 72	  0	  4	  4	  4	  4	  4	  4	  4	  4	  0	  0	  0	  0	  0	  0	  0	  0	  0	  0	  0	  0	  0	  0	  0	  0	  0	  0	  0	  0	  0	  0	  0	  0	 37	 34	 84	 42	  0	 60	  0	  0	  0	  0	  0	  0	  0	  0	  0	  0	  0	  5	10532	  1
11-03-2016	23:08:33	->	L	00000000	 10	 42	 34	 64	  0	 77	  0	  4	  4	  4	  4	  4	  4	  4	  4	  0	  0	  0	  0	  0	  0	  0	  0	  0	  0	  0	  0	  0	  0	  0	  0	  0	  0	  0	  0	  0	  0	  0	  0	 37	 34	 84	 42	  0	 60	  0	  0	  0	  0	  0	  0	  0	  0	  0	  0	  0	  5	10532	  1
11-03-2016	23:13:33	->	L	00000000	 10	 44	 35	 53	  0	 82	  0	  4	  4	  4	  4	  4	  4	  4	  4	  0	  0	  0	  0	  0	  0	  0	  0	  0	  0	  0	  0	  0	  0	  0	  0	  0	  0	  0	  0	  0	  0	  0	  0	 38	 35	 84	 44	  0	 57	  0	  0	  0	  0	  0	  0	  0	  0	  0	  0	  0	  5	10789	  1
11-03-2016	23:18:33	->	L	00000000	 10	 44	 36	 60	  0	 87	  0	  4	  4	  4	  4	  4	  4	  4	  4	  0	  0	  0	  0	  0	  0	  0	  0	  0	  0	  0	  0	  0	  0	  0	  0	  0	  0	  0	  0	  0	  0	  0	  0	 39	 36	 84	 44	  0	 60	  0	  0	  0	  0	  0	  0	  0	  0	  0	  0	  0	  5	11046	  1
11-03-2016	23:23:33	->	L	00000000	 10	 44	 36	 57	  0	 92	  0	  4	  4	  4	  4	  4	  4	  4	  4	  0	  0	  0	  0	  0	  0	  0	  0	  0	  0	  0	  0	  0	  0	  0	  0	  0	  0	  0	  0	  0	  0	  0	  0	 39	 36	 84	 44	  0	 60	  0	  0	  0	  0	  0	  0	  0	  0	  0	  0	  0	  5	11303	  1
11-03-2016	23:28:33	->	L	00000000	 10	 44	 37	 65	  0	 97	  0	  4	  4	  4	  4	  4	  4	  4	  4	  0	  0	  0	  0	  0	  0	  0	  0	  0	  0	  0	  0	  0	  0	  0	  0	  0	  0	  0	  0	  0	  0	  0	  0	 39	 37	 89	 44	  0	 65	  0	  0	  0	  0	  0	  0	  0	  0	  0	  0	  0	  5	11303	  1
11-03-2016	23:33:33	->	L	00000000	 10	 44	 37	 65	  0	102	  0	  4	  4	  4	  4	  4	  4	  4	  4	  0	  0	  0	  0	  0	  0	  0	  0	  0	  0	  0	  0	  0	  0	  0	  0	  0	  0	  0	  0	  0	  0	  0	  0	 39	 37	 89	 44	  0	 65	  0	  0	  0	  0	  0	  0	  0	  0	  0	  0	  0	  5	11560	  1
11-03-2016	23:38:33	->	L	00000000	 10	 46	 38	 61	  0	107	  0	  4	  4	  4	  4	  4	  4	  4	  4	  0	  0	  0	  0	  0	  0	  0	  0	  0	  0	  0	  0	  0	  0	  0	  0	  0	  0	  0	  0	  0	  0	  0	  0	 40	 38	 89	 46	  0	 61	  0	  0	  0	  0	  0	  0	  0	  0	  0	  0	  0	  5	11817	  1
11-03-2016	23:43:33	->	L	00000000	 10	 48	 38	 58	  0	112	  0	  4	  4	  4	  4	  4	  4	  4	  4	  0	  0	  0	  0	  0	  0	  0	  0	  0	  0	  0	  0	  0	  0	  0	  0	  0	  0	  0	  0	  0	  0	  0	  0	 40	 38	 84	 48	  0	 58	  0	  0	  0	  0	  0	  0	  0	  0	  0	  0	  0	  5	12074	  1
11-03-2016	23:48:34	->	L	00000000	 10	 48	 39	 58	  0	117	  0	  4	  4	  4	  4	  4	  4	  4	  4	  0	  0	  0	  0	  0	  0	  0	  0	  0	  0	  0	  0	  0	  0	  0	  0	  0	  0	  0	  0	  0	  0	  0	  0	 41	 39	 89	 48	  0	 58	  0	  0	  0	  0	  0	  0	  0	  0	  0	  0	  0	  5	12074	  1
11-03-2016	23:53:33	->	L	00000000	 10	 52	 40	 48	  0	122	  0	  4	  4	  4	  4	  4	  4	  4	  4	  0	  0	  0	  0	  0	  0	  0	  0	  0	  0	  0	  0	  0	  0	  0	  0	  0	  0	  0	  0	  0	  0	  0	  0	 42	 40	 89	 52	  0	 48	  0	  0	  0	  0	  0	  0	  0	  0	  0	  0	  0	  5	12331	  1
11-03-2016	23:58:33	->	L	00000000	 10	 53	 41	 45	  0	127	  0	  4	  4	  4	  4	  4	  4	  4	  4	  0	  0	  0	  0	  0	  0	  0	  0	  0	  0	  0	  0	  0	  0	  0	  0	  0	  0	  0	  0	  0	  0	  0	  0	 43	 41	 89	 53	  0	 49	  0	  0	  0	  0	  0	  0	  0	  0	  0	  0	  0	  5	12588	  1
12-03-2016	00:03:33	->	L	00000000	 10	 54	 41	 45	  0	132	  0	  4	  4	  4	  4	  4	  4	  4	  4	  0	  0	  0	  0	  0	  0	  0	  0	  0	  0	  0	  0	  0	  0	  0	  0	  0	  0	  0	  0	  0	  0	  0	  0	 44	 41	 84	 54	  0	 45	  0	  0	  0	  0	  0	  0	  0	  0	  0	  0	  0	  5	12845	  1
12-03-2016	00:08:33	->	L	00000000	 10	 54	 42	 49	  0	137	  0	  4	  4	  4	  4	  4	  4	  4	  4	  0	  0	  0	  0	  0	  0	  0	  0	  0	  0	  0	  0	  0	  0	  0	  0	  0	  0	  0	  0	  0	  0	  0	  0	 44	 42	 89	 54	  0	 49	  0	  0	  0	  0	  0	  0	  0	  0	  0	  0	  0	  5	12845	  1
12-03-2016	00:13:33	->	L	00000000	 10	 54	 42	 49	  0	142	  0	  4	  4	  4	  4	  4	  4	  4	  4	  0	  0	  0	  0	  0	  0	  0	  0	  0	  0	  0	  0	  0	  0	  0	  0	  0	  0	  0	  0	  0	  0	  0	  0	 45	 42	 84	 54	  0	 49	  0	  0	  0	  0	  0	  0	  0	  0	  0	  0	  0	  5	13102	  1
12-03-2016	00:18:34	->	L	00000000	 10	 55	 43	 49	  0	147	  0	  4	  4	  4	  4	  4	  4	  4	  4	  0	  0	  0	  0	  0	  0	  0	  0	  0	  0	  0	  0	  0	  0	  0	  0	  0	  0	  0	  0	  0	  0	  0	  0	 46	 43	 85	 55	  0	 49	  0	  0	  0	  0	  0	  0	  0	  0	  0	  0	  0	  5	13359	  1
12-03-2016	00:23:34	->	L	00000000	 10	 54	 44	 52	  0	152	  0	  4	  4	  4	  4	  4	  4	  4	  4	  0	  0	  0	  0	  0	  0	  0	  0	  0	  0	  0	  0	  0	  0	  0	  0	  0	  0	  0	  0	  0	  0	  0	  0	 46	 44	 89	 54	  0	 56	  0	  0	  0	  0	  0	  0	  0	  0	  0	  0	  0	  5	13616	  1
12-03-2016	00:28:34	->	L	00000000	 10	 53	 44	 56	  0	157	  0	  4	  4	  4	  4	  4	  4	  4	  4	  0	  0	  0	  0	  0	  0	  0	  0	  0	  0	  0	  0	  0	  0	  0	  0	  0	  0	  0	  0	  0	  0	  0	  0	 46	 44	 89	 53	  0	 59	  0	  0	  0	  0	  0	  0	  0	  0	  0	  0	  0	  5	13616	  1
12-03-2016	00:33:34	->	L	00000000	 10	 53	 45	 60	  0	162	  0	  4	  4	  4	  4	  4	  4	  4	  4	  0	  0	  0	  0	  0	  0	  0	  0	  0	  0	  0	  0	  0	  0	  0	  0	  0	  0	  0	  0	  0	  0	  0	  0	 46	 45	 94	 53	  0	 63	  0	  0	  0	  0	  0	  0	  0	  0	  0	  0	  0	  5	13873	  1
12-03-2016	00:38:34	->	L	00000000	 10	 54	 45	 63	  0	167	  0	  4	  4	  4	  4	  4	  4	  4	  4	  0	  0	  0	  0	  0	  0	  0	  0	  0	  0	  0	  0	  0	  0	  0	  0	  0	  0	  0	  0	  0	  0	  0	  0	 47	 45	 89	 54	  0	 60	  0	  0	  0	  0	  0	  0	  0	  0	  0	  0	  0	  5	14130	  1
12-03-2016	00:43:34	->	L	00000000	 10	 57	 46	 60	  0	172	  0	  4	  4	  4	  4	  4	  4	  4	  4	  0	  0	  0	  0	  0	  0	  0	  0	  0	  0	  0	  0	  0	  0	  0	  0	  0	  0	  0	  0	  0	  0	  0	  0	 48	 46	 89	 57	  0	 53	  0	  0	  0	  0	  0	  0	  0	  0	  0	  0	  0	  5	21069	  1
12-03-2016	00:48:34	->	L	00000000	 10	 61	 47	 45	  0	177	  0	  4	  4	  4	  4	  4	  4	  4	  4	  0	  0	  0	  0	  0	  0	  0	  0	  0	  0	  0	  0	  0	  0	  0	  0	  0	  0	  0	  0	  0	  0	  0	  0	 50	 47	 85	 61	  0	 45	  0	  0	  0	  0	  0	  0	  0	  0	  0	  0	  0	  5	16186	  1
12-03-2016	00:53:34	  	L	00000000	 10	 66	 48	 36	  0	182	  0	  4	  4	  4	  4	  4	  4	  4	  4	  0	  0	  0	  0	  0	  0	  0	  0	  0	  0	  0	  0	  0	  0	  0	  0	  0	  0	  0	  0	  0	  0	  0	  0	 51	 48	 85	 66	  0	 36	  0	  0	  0	  0	  0	  0	  0	  0	  0	  0	  0	  5	16443	  1
12-03-2016	00:58:34	<-	L	00000000	 10	 67	 52	 42	  0	187	  0	  4	  4	  4	  4	  4	  4	  4	  4	  0	  0	  0	  0	  0	  0	  0	  0	  0	  0	  0	  0	  0	  0	  0	  0	  0	  0	  0	  0	  0	  0	  0	  0	 67	 52	 45	 59	  0	 68	  0	  0	  0	  0	  0	  0	  0	  0	  0	  0	  0	  5	16700	  1
12-03-2016	01:03:34	<-	L	00000000	 10	 64	 52	 52	  0	192	  0	  4	  4	  4	  4	  4	  4	  4	  4	  0	  0	  0	  0	  0	  0	  0	  0	  0	  0	  0	  0	  0	  0	  0	  0	  0	  0	  0	  0	  0	  0	  0	  0	 64	 52	 52	 58	  0	 72	  0	  0	  0	  0	  0	  0	  0	  0	  0	  0	  0	  5	16957	  1
12-03-2016	01:08:35	<-	L	00000000	 10	 67	 53	 49	  0	197	  0	  4	  4	  4	  4	  4	  4	  4	  4	  0	  0	  0	  0	  0	  0	  0	  0	  0	  0	  0	  0	  0	  0	  0	  0	  0	  0	  0	  0	  0	  0	  0	  0	 67	 53	 47	 59	  0	 72	  0	  0	  0	  0	  0	  0	  0	  0	  0	  0	  0	  5	17214	  1
12-03-2016	01:13:35	<-	L	00000000	 10	 69	 54	 43	  0	202	  0	  4	  4	  4	  4	  4	  4	  4	  4	  0	  0	  0	  0	  0	  0	  0	  0	  0	  0	  0	  0	  0	  0	  0	  0	  0	  0	  0	  0	  0	  0	  0	  0	 69	 54	 46	 60	  0	 72	  0	  0	  0	  0	  0	  0	  0	  0	  0	  0	  0	  5	17471	  1
12-03-2016	01:18:34	<-	L	00000000	 10	 69	 54	 43	  0	207	  0	  4	  4	  4	  4	  4	  4	  4	  4	  0	  0	  0	  0	  0	  0	  0	  0	  0	  0	  0	  0	  0	  0	  0	  0	  0	  0	  0	  0	  0	  0	  0	  0	 69	 54	 46	 60	  0	 72	  0	  0	  0	  0	  0	  0	  0	  0	  0	  0	  0	  5	17728	  1
12-03-2016	01:23:34	<-	L	00000000	 10	 70	 54	 43	  0	212	  0	  4	  4	  4	  4	  4	  4	  4	  4	  0	  0	  0	  0	  0	  0	  0	  0	  0	  0	  0	  0	  0	  0	  0	  0	  0	  0	  0	  0	  0	  0	  0	  0	 70	 54	 43	 61	  0	 69	  0	  0	  0	  0	  0	  0	  0	  0	  0	  0	  0	  5	17985	  1
12-03-2016	01:28:34	<-	L	00000000	 10	 71	 55	 43	  0	217	  0	  4	  4	  4	  4	  4	  4	  4	  4	  0	  0	  0	  0	  0	  0	  0	  0	  0	  0	  0	  0	  0	  0	  0	  0	  0	  0	  0	  0	  0	  0	  0	  0	 71	 55	 43	 62	  0	 69	  0	  0	  0	  0	  0	  0	  0	  0	  0	  0	  0	  5	18242	  1
12-03-2016	01:33:35	<-	L	00000000	 10	 71	 55	 43	  0	222	  0	  4	  4	  4	  4	  4	  4	  4	  4	  0	  0	  0	  0	  0	  0	  0	  0	  0	  0	  0	  0	  0	  0	  0	  0	  0	  0	  0	  0	  0	  0	  0	  0	 71	 55	 43	 62	  0	 69	  0	  0	  0	  0	  0	  0	  0	  0	  0	  0	  0	  5	18499	  1
12-03-2016	01:38:35	<-	L	00000000	 10	 72	 56	 44	  0	227	  0	  4	  4	  4	  4	  4	  4	  4	  4	  0	  0	  0	  0	  0	  0	  0	  0	  0	  0	  0	  0	  0	  0	  0	  0	  0	  0	  0	  0	  0	  0	  0	  0	 72	 56	 44	 63	  0	 69	  0	  0	  0	  0	  0	  0	  0	  0	  0	  0	  0	  5	18756	  1
12-03-2016	01:43:35	<-	L	00000000	 10	 73	 56	 41	  0	232	  0	  4	  4	  4	  4	  4	  4	  4	  4	  0	  0	  0	  0	  0	  0	  0	  0	  0	  0	  0	  0	  0	  0	  0	  0	  0	  0	  0	  0	  0	  0	  0	  0	 73	 56	 41	 64	  0	 66	  0	  0	  0	  0	  0	  0	  0	  0	  0	  0	  0	  5	19013	  1
12-03-2016	01:48:35	<-	L	00000000	 10	 73	 57	 44	  0	237	  0	  4	  4	  4	  4	  4	  4	  4	  4	  0	  0	  0	  0	  0	  0	  0	  0	  0	  0	  0	  0	  0	  0	  0	  0	  0	  0	  0	  0	  0	  0	  0	  0	 73	 57	 44	 64	  0	 70	  0	  0	  0	  0	  0	  0	  0	  0	  0	  0	  0	  5	19270	  1
12-03-2016	01:53:36	<-	L	00000000	 21	 74	 57	 41	  0	  1	  0	  4	  4	  4	  4	  4	  4	  4	  4	  0	  0	  0	  0	  0	  0	  0	  0	  0	  0	  0	  0	  0	  0	  0	  0	  0	  0	  0	  0	  0	  0	  0	  0	 74	 57	 41	 65	  0	 66	  0	  0	  0	  0	  0	  0	  0	  0	  0	  0	  0	  5	21827	  0
12-03-2016	01:58:35	<-	L	00000000	 21	 74	 57	 41	  0	  6	  0	  4	  4	  4	  4	  4	  4	  4	  4	  0	  0	  0	  0	  0	  0	  0	  0	  0	  0	  0	  0	  0	  0	  0	  0	  0	  0	  0	  0	  0	  0	  0	  0	 74	 57	 41	 65	  0	 66	  0	  0	  0	  0	  0	  0	  0	  0	  0	  0	  0	  5	21827	  0
12-03-2016	02:03:35	<-	L	00000000	 21	 74	 57	 40	  0	 11	  0	  4	  4	  4	  4	  4	  4	  4	  4	  0	  0	  0	  0	  0	  0	  0	  0	  0	  0	  0	  0	  0	  0	  0	  0	  0	  0	  0	  0	  0	  0	  0	  0	 74	 57	 41	 65	  0	 66	  0	  0	  0	  0	  0	  0	  0	  0	  0	  0	  0	  5	21827	  0
12-03-2016	02:08:35	<-	L	00000000	 21	 75	 57	 40	  0	 16	  0	  4	  4	  4	  4	  4	  4	  4	  4	  0	  0	  0	  0	  0	  0	  0	  0	  0	  0	  0	  0	  0	  0	  0	  0	  0	  0	  0	  0	  0	  0	  0	  0	 75	 57	 40	 65	  0	 66	  0	  0	  0	  0	  0	  0	  0	  0	  0	  0	  0	  5	20547	  0
12-03-2016	02:13:36	<-	L	00000000	 21	 75	 58	 42	  0	 21	  0	  4	  4	  4	  4	  4	  4	  4	  4	  0	  0	  0	  0	  0	  0	  0	  0	  0	  0	  0	  0	  0	  0	  0	  0	  0	  0	  0	  0	  0	  0	  0	  0	 75	 58	 42	 65	  0	 70	  0	  0	  0	  0	  0	  0	  0	  0	  0	  0	  0	  5	20547	  0
12-03-2016	02:18:35	<-	L	00000000	 21	 74	 58	 42	  0	 26	  0	  4	  4	  4	  4	  4	  4	  4	  4	  0	  0	  0	  0	  0	  0	  0	  0	  0	  0	  0	  0	  0	  0	  0	  0	  0	  0	  0	  0	  0	  0	  0	  0	 74	 58	 45	 65	  0	 70	  0	  0	  0	  0	  0	  0	  0	  0	  0	  0	  0	  5	20547	  0
12-03-2016	02:23:35	<-	L	00000000	 21	 74	 58	 45	  0	 31	  0	  4	  4	  4	  4	  4	  4	  4	  4	  0	  0	  0	  0	  0	  0	  0	  0	  0	  0	  0	  0	  0	  0	  0	  0	  0	  0	  0	  0	  0	  0	  0	  0	 74	 58	 45	 65	  0	 70	  0	  0	  0	  0	  0	  0	  0	  0	  0	  0	  0	  5	20547	  0
12-03-2016	02:28:35	<-	L	00000000	 21	 74	 58	 45	  0	 36	  0	  4	  4	  4	  4	  4	  4	  4	  4	  0	  0	  0	  0	  0	  0	  0	  0	  0	  0	  0	  0	  0	  0	  0	  0	  0	  0	  0	  0	  0	  0	  0	  0	 74	 58	 45	 65	  0	 70	  0	  0	  0	  0	  0	  0	  0	  0	  0	  0	  0	  5	20547	  0
12-03-2016	02:33:35	<-	L	00000000	 21	 74	 58	 45	  0	 41	  0	  4	  4	  4	  4	  4	  4	  4	  4	  0	  0	  0	  0	  0	  0	  0	  0	  0	  0	  0	  0	  0	  0	  0	  0	  0	  0	  0	  0	  0	  0	  0	  0	 74	 58	 45	 65	  0	 70	  0	  0	  0	  0	  0	  0	  0	  0	  0	  0	  0	  5	20547	  0
12-03-2016	02:38:36	<-	L	00000000	 21	 73	 58	 47	  0	 46	  0	  4	  4	  4	  4	  4	  4	  4	  4	  0	  0	  0	  0	  0	  0	  0	  0	  0	  0	  0	  0	  0	  0	  0	  0	  0	  0	  0	  0	  0	  0	  0	  0	 73	 58	 47	 65	  0	 70	  0	  0	  0	  0	  0	  0	  0	  0	  0	  0	  0	  5	20547	  0
12-03-2016	02:43:36	<-	L	00000000	 21	 73	 58	 47	  0	 51	  0	  4	  4	  4	  4	  4	  4	  4	  4	  0	  0	  0	  0	  0	  0	  0	  0	  0	  0	  0	  0	  0	  0	  0	  0	  0	  0	  0	  0	  0	  0	  0	  0	 73	 58	 47	 65	  0	 70	  0	  0	  0	  0	  0	  0	  0	  0	  0	  0	  0	  5	20547	  0
12-03-2016	02:48:36	<-	L	00000000	 21	 73	 58	 47	  0	 56	  0	  4	  4	  4	  4	  4	  4	  4	  4	  0	  0	  0	  0	  0	  0	  0	  0	  0	  0	  0	  0	  0	  0	  0	  0	  0	  0	  0	  0	  0	  0	  0	  0	 73	 58	 47	 65	  0	 70	  0	  0	  0	  0	  0	  0	  0	  0	  0	  0	  0	  5	20547	  0
12-03-2016	02:53:36	<-	L	00000000	 21	 73	 58	 47	  0	 61	  0	  4	  4	  4	  4	  4	  4	  4	  4	  0	  0	  0	  0	  0	  0	  0	  0	  0	  0	  0	  0	  0	  0	  0	  0	  0	  0	  0	  0	  0	  0	  0	  0	 73	 58	 47	 65	  0	 70	  0	  0	  0	  0	  0	  0	  0	  0	  0	  0	  0	  5	20547	  0
12-03-2016	02:58:36	<-	L	00000000	 21	 73	 59	 49	  0	 66	  0	  4	  4	  4	  4	  4	  4	  4	  4	  0	  0	  0	  0	  0	  0	  0	  0	  0	  0	  0	  0	  0	  0	  0	  0	  0	  0	  0	  0	  0	  0	  0	  0	 73	 59	 49	 65	  0	 73	  0	  0	  0	  0	  0	  0	  0	  0	  0	  0	  0	  5	20547	  0
12-03-2016	03:03:36	<-	L	00000000	 21	 73	 59	 49	  0	 71	  0	  4	  4	  4	  4	  4	  4	  4	  4	  0	  0	  0	  0	  0	  0	  0	  0	  0	  0	  0	  0	  0	  0	  0	  0	  0	  0	  0	  0	  0	  0	  0	  0	 73	 59	 49	 65	  0	 73	  0	  0	  0	  0	  0	  0	  0	  0	  0	  0	  0	  5	20547	  0
12-03-2016	03:08:37	<-	L	00000000	 21	 71	 59	 55	  0	 76	  0	  4	  4	  4	  4	  4	  4	  4	  4	  0	  0	  0	  0	  0	  0	  0	  0	  0	  0	  0	  0	  0	  0	  0	  0	  0	  0	  0	  0	  0	  0	  0	  0	 71	 59	 55	 65	  0	 73	  0	  0	  0	  0	  0	  0	  0	  0	  0	  0	  0	  5	20547	  0
12-03-2016	03:13:36	<-	L	00000000	 21	 69	 59	 57	  0	 81	  0	  4	  4	  4	  4	  4	  4	  4	  4	  0	  0	  0	  0	  0	  0	  0	  0	  0	  0	  0	  0	  0	  0	  0	  0	  0	  0	  0	  0	  0	  0	  0	  0	 69	 59	 60	 65	  0	 73	  0	  0	  0	  0	  0	  0	  0	  0	  0	  0	  0	  5	20547	  0
12-03-2016	03:18:36	<-	L	00000000	 21	 69	 59	 57	  0	 86	  0	  4	  4	  4	  4	  4	  4	  4	  4	  0	  0	  0	  0	  0	  0	  0	  0	  0	  0	  0	  0	  0	  0	  0	  0	  0	  0	  0	  0	  0	  0	  0	  0	 69	 59	 60	 65	  0	 73	  0	  0	  0	  0	  0	  0	  0	  0	  0	  0	  0	  5	20547	  0
12-03-2016	03:23:36	<-	L	00000000	 21	 70	 59	 57	  0	 91	  0	  4	  4	  4	  4	  4	  4	  4	  4	  0	  0	  0	  0	  0	  0	  0	  0	  0	  0	  0	  0	  0	  0	  0	  0	  0	  0	  0	  0	  0	  0	  0	  0	 70	 59	 57	 65	  0	 73	  0	  0	  0	  0	  0	  0	  0	  0	  0	  0	  0	  5	20547	  0
12-03-2016	03:28:37	<-	L	00000000	 21	 71	 60	 57	  0	 96	  0	  4	  4	  4	  4	  4	  4	  4	  4	  0	  0	  0	  0	  0	  0	  0	  0	  0	  0	  0	  0	  0	  0	  0	  0	  0	  0	  0	  0	  0	  0	  0	  0	 71	 60	 57	 66	  0	 73	  0	  0	  0	  0	  0	  0	  0	  0	  0	  0	  0	  5	20547	  0
12-03-2016	03:33:37	<-	L	00000000	 21	 73	 60	 52	  0	101	  0	  4	  4	  4	  4	  4	  4	  4	  4	  0	  0	  0	  0	  0	  0	  0	  0	  0	  0	  0	  0	  0	  0	  0	  0	  0	  0	  0	  0	  0	  0	  0	  0	 73	 60	 52	 66	  0	 73	  0	  0	  0	  0	  0	  0	  0	  0	  0	  0	  0	  5	20547	  0
12-03-2016	03:38:36	<-	L	00000000	 21	 76	 60	 45	  0	106	  0	  4	  4	  4	  4	  4	  4	  4	  4	  0	  0	  0	  0	  0	  0	  0	  0	  0	  0	  0	  0	  0	  0	  0	  0	  0	  0	  0	  0	  0	  0	  0	  0	 76	 60	 45	 67	  0	 70	  0	  0	  0	  0	  0	  0	  0	  0	  0	  0	  0	  5	20547	  0
12-03-2016	03:43:37	<-	L	00000000	 21	 77	 60	 43	  0	111	  0	  4	  4	  4	  4	  4	  4	  4	  4	  0	  0	  0	  0	  0	  0	  0	  0	  0	  0	  0	  0	  0	  0	  0	  0	  0	  0	  0	  0	  0	  0	  0	  0	 77	 60	 43	 68	  0	 67	  0	  0	  0	  0	  0	  0	  0	  0	  0	  0	  0	  5	20547	  0
12-03-2016	03:48:37	<-	L	00000000	 21	 78	 60	 39	  0	116	  0	  4	  4	  4	  4	  4	  4	  4	  4	  0	  0	  0	  0	  0	  0	  0	  0	  0	  0	  0	  0	  0	  0	  0	  0	  0	  0	  0	  0	  0	  0	  0	  0	 78	 60	 41	 68	  0	 67	  0	  0	  0	  0	  0	  0	  0	  0	  0	  0	  0	  5	20547	  0
12-03-2016	03:53:37	<-	L	00000000	 21	 79	 61	 42	  0	121	  0	  4	  4	  4	  4	  4	  4	  4	  4	  0	  0	  0	  0	  0	  0	  0	  0	  0	  0	  0	  0	  0	  0	  0	  0	  0	  0	  0	  0	  0	  0	  0	  0	 79	 61	 42	 69	  0	 67	  0	  0	  0	  0	  0	  0	  0	  0	  0	  0	  0	  5	20547	  0
12-03-2016	03:58:37	<-	L	00000000	 21	 80	 61	 40	  0	126	  0	  4	  4	  4	  4	  4	  4	  4	  4	  0	  0	  0	  0	  0	  0	  0	  0	  0	  0	  0	  0	  0	  0	  0	  0	  0	  0	  0	  0	  0	  0	  0	  0	 80	 61	 40	 70	  0	 64	  0	  0	  0	  0	  0	  0	  0	  0	  0	  0	  0	  5	20547	  0
12-03-2016	04:03:37	<-	L	00000000	 21	 79	 61	 40	  0	131	  0	  4	  4	  4	  4	  4	  4	  4	  4	  0	  0	  0	  0	  0	  0	  0	  0	  0	  0	  0	  0	  0	  0	  0	  0	  0	  0	  0	  0	  0	  0	  0	  0	 79	 61	 42	 70	  0	 64	  0	  0	  0	  0	  0	  0	  0	  0	  0	  0	  0	  5	20547	  0
12-03-2016	04:08:37	<-	L	00000000	 21	 77	 61	 43	  0	136	  0	  4	  4	  4	  4	  4	  4	  4	  4	  0	  0	  0	  0	  0	  0	  0	  0	  0	  0	  0	  0	  0	  0	  0	  0	  0	  0	  0	  0	  0	  0	  0	  0	 77	 61	 46	 69	  0	 67	  0	  0	  0	  0	  0	  0	  0	  0	  0	  0	  0	  5	20547	  0
12-03-2016	04:13:37	<-	L	00000000	 21	 77	 61	 46	  0	141	  0	  4	  4	  4	  4	  4	  4	  4	  4	  0	  0	  0	  0	  0	  0	  0	  0	  0	  0	  0	  0	  0	  0	  0	  0	  0	  0	  0	  0	  0	  0	  0	  0	 77	 61	 46	 69	  0	 67	  0	  0	  0	  0	  0	  0	  0	  0	  0	  0	  0	  5	20547	  0
12-03-2016	04:18:37	<-	L	00000000	 21	 79	 61	 42	  0	146	  0	  4	  4	  4	  4	  4	  4	  4	  4	  0	  0	  0	  0	  0	  0	  0	  0	  0	  0	  0	  0	  0	  0	  0	  0	  0	  0	  0	  0	  0	  0	  0	  0	 79	 61	 42	 70	  0	 64	  0	  0	  0	  0	  0	  0	  0	  0	  0	  0	  0	  5	20547	  0
12-03-2016	04:23:37	<-	L	00000000	 21	 81	 62	 40	  0	151	  0	  4	  4	  4	  4	  4	  4	  4	  4	  0	  0	  0	  0	  0	  0	  0	  0	  0	  0	  0	  0	  0	  0	  0	  0	  0	  0	  0	  0	  0	  0	  0	  0	 81	 62	 40	 71	  0	 64	  0	  0	  0	  0	  0	  0	  0	  0	  0	  0	  0	  5	20547	  0
12-03-2016	04:28:37	<-	L	00000000	 21	 77	 61	 46	  0	156	  0	  4	  4	  4	  4	  4	  4	  4	  4	  0	  0	  0	  0	  0	  0	  0	  0	  0	  0	  0	  0	  0	  0	  0	  0	  0	  0	  0	  0	  0	  0	  0	  0	 77	 61	 46	 69	  0	 67	  0	  0	  0	  0	  0	  0	  0	  0	  0	  0	  0	  5	20547	  0
12-03-2016	04:33:37	<-	L	00000000	 21	 81	 62	 42	  0	161	  0	  4	  4	  4	  4	  4	  4	  4	  4	  0	  0	  0	  0	  0	  0	  0	  0	  0	  0	  0	  0	  0	  0	  0	  0	  0	  0	  0	  0	  0	  0	  0	  0	 81	 62	 40	 71	  0	 64	  0	  0	  0	  0	  0	  0	  0	  0	  0	  0	  0	  5	20547	  0
12-03-2016	04:38:37	<-	L	00000000	 21	 82	 62	 38	  0	166	  0	  4	  4	  4	  4	  4	  4	  4	  4	  0	  0	  0	  0	  0	  0	  0	  0	  0	  0	  0	  0	  0	  0	  0	  0	  0	  0	  0	  0	  0	  0	  0	  0	 82	 62	 38	 72	  0	 61	  0	  0	  0	  0	  0	  0	  0	  0	  0	  0	  0	  5	20547	  0
12-03-2016	04:43:38	<-	L	00000000	 21	 78	 62	 46	  0	171	  0	  4	  4	  4	  4	  4	  4	  4	  4	  0	  0	  0	  0	  0	  0	  0	  0	  0	  0	  0	  0	  0	  0	  0	  0	  0	  0	  0	  0	  0	  0	  0	  0	 78	 62	 46	 70	  0	 67	  0	  0	  0	  0	  0	  0	  0	  0	  0	  0	  0	  5	20547	  0
12-03-2016	04:48:38	<-	L	00000000	 21	 80	 62	 42	  0	176	  0	  4	  4	  4	  4	  4	  4	  4	  4	  0	  0	  0	  0	  0	  0	  0	  0	  0	  0	  0	  0	  0	  0	  0	  0	  0	  0	  0	  0	  0	  0	  0	  0	 80	 62	 42	 71	  0	 64	  0	  0	  0	  0	  0	  0	  0	  0	  0	  0	  0	  5	20547	  0
12-03-2016	04:53:37	<-	L	00000000	 21	 80	 62	 40	  0	181	  0	  4	  4	  4	  4	  4	  4	  4	  4	  0	  0	  0	  0	  0	  0	  0	  0	  0	  0	  0	  0	  0	  0	  0	  0	  0	  0	  0	  0	  0	  0	  0	  0	 80	 62	 42	 71	  0	 64	  0	  0	  0	  0	  0	  0	  0	  0	  0	  0	  0	  5	20547	  0
12-03-2016	04:58:38	->	L	00000000	 21	 75	 59	 47	  0	186	  0	  4	  4	  4	  4	  4	  4	  4	  4	  0	  0	  0	  0	  0	  0	  0	  0	  0	  0	  0	  0	  0	  0	  0	  0	  0	  0	  0	  0	  0	  0	  0	  0	 67	 59	 67	 75	  0	 45	  0	  0	  0	  0	  0	  0	  0	  0	  0	  0	  0	  5	20547	  0
12-03-2016	05:03:38	->	L	00000000	 21	 79	 59	 37	  0	191	  0	  4	  4	  4	  4	  4	  4	  4	  4	  0	  0	  0	  0	  0	  0	  0	  0	  0	  0	  0	  0	  0	  0	  0	  0	  0	  0	  0	  0	  0	  0	  0	  0	 65	 59	 73	 79	  0	 37	  0	  0	  0	  0	  0	  0	  0	  0	  0	  0	  0	  5	20547	  0
12-03-2016	05:08:38	->	L	00000000	 21	 80	 60	 38	  0	196	  0	  4	  4	  4	  4	  4	  4	  4	  4	  0	  0	  0	  0	  0	  0	  0	  0	  0	  0	  0	  0	  0	  0	  0	  0	  0	  0	  0	  0	  0	  0	  0	  0	 65	 60	 79	 80	  0	 38	  0	  0	  0	  0	  0	  0	  0	  0	  0	  0	  0	  5	20547	  0
12-03-2016	05:13:38	->	L	00000000	 21	 79	 60	 39	  0	201	  0	  4	  4	  4	  4	  4	  4	  4	  4	  0	  0	  0	  0	  0	  0	  0	  0	  0	  0	  0	  0	  0	  0	  0	  0	  0	  0	  0	  0	  0	  0	  0	  0	 65	 60	 79	 79	  0	 39	  0	  0	  0	  0	  0	  0	  0	  0	  0	  0	  0	  5	20547	  0
12-03-2016	05:18:38	->	L	00000000	 21	 79	 60	 39	  0	206	  0	  4	  4	  4	  4	  4	  4	  4	  4	  0	  0	  0	  0	  0	  0	  0	  0	  0	  0	  0	  0	  0	  0	  0	  0	  0	  0	  0	  0	  0	  0	  0	  0	 64	 60	 81	 79	  0	 39	  0	  0	  0	  0	  0	  0	  0	  0	  0	  0	  0	  5	20547	  0
12-03-2016	05:23:38	->	L	00000000	 21	 74	 60	 48	  0	211	  0	  4	  4	  4	  4	  4	  4	  4	  4	  0	  0	  0	  0	  0	  0	  0	  0	  0	  0	  0	  0	  0	  0	  0	  0	  0	  0	  0	  0	  0	  0	  0	  0	 64	 60	 81	 74	  0	 49	  0	  0	  0	  0	  0	  0	  0	  0	  0	  0	  0	  5	20547	  0
12-03-2016	05:28:38	->	L	00000000	 21	 78	 60	 41	  0	216	  0	  4	  4	  4	  4	  4	  4	  4	  4	  0	  0	  0	  0	  0	  0	  0	  0	  0	  0	  0	  0	  0	  0	  0	  0	  0	  0	  0	  0	  0	  0	  0	  0	 64	 60	 81	 78	  0	 41	  0	  0	  0	  0	  0	  0	  0	  0	  0	  0	  0	  5	20547	  0
12-03-2016	05:33:38	->	L	00000000	 21	 79	 60	 39	  0	221	  0	  4	  4	  4	  4	  4	  4	  4	  4	  0	  0	  0	  0	  0	  0	  0	  0	  0	  0	  0	  0	  0	  0	  0	  0	  0	  0	  0	  0	  0	  0	  0	  0	 64	 60	 81	 79	  0	 39	  0	  0	  0	  0	  0	  0	  0	  0	  0	  0	  0	  5	20547	  0
12-03-2016	05:38:38	->	L	00000000	 21	 79	 60	 39	  0	226	  0	  4	  4	  4	  4	  4	  4	  4	  4	  0	  0	  0	  0	  0	  0	  0	  0	  0	  0	  0	  0	  0	  0	  0	  0	  0	  0	  0	  0	  0	  0	  0	  0	 65	 60	 79	 79	  0	 39	  0	  0	  0	  0	  0	  0	  0	  0	  0	  0	  0	  5	20547	  0
12-03-2016	05:43:38	->	L	00000000	 21	 80	 60	 39	  0	231	  0	  4	  4	  4	  4	  4	  4	  4	  4	  0	  0	  0	  0	  0	  0	  0	  0	  0	  0	  0	  0	  0	  0	  0	  0	  0	  0	  0	  0	  0	  0	  0	  0	 65	 60	 79	 80	  0	 38	  0	  0	  0	  0	  0	  0	  0	  0	  0	  0	  0	  5	20547	  0
12-03-2016	05:48:39	->	L	00000000	 21	 80	 60	 38	  0	236	  0	  4	  4	  4	  4	  4	  4	  4	  4	  0	  0	  0	  0	  0	  0	  0	  0	  0	  0	  0	  0	  0	  0	  0	  0	  0	  0	  0	  0	  0	  0	  0	  0	 65	 60	 79	 80	  0	 38	  0	  0	  0	  0	  0	  0	  0	  0	  0	  0	  0	  5	20547	  0
12-03-2016	05:53:39	->	L	00000000	 21	 80	 60	 38	  0	241	  0	  4	  4	  4	  4	  4	  4	  4	  4	  0	  0	  0	  0	  0	  0	  0	  0	  0	  0	  0	  0	  0	  0	  0	  0	  0	  0	  0	  0	  0	  0	  0	  0	 65	 60	 79	 80	  0	 38	  0	  0	  0	  0	  0	  0	  0	  0	  0	  0	  0	  5	20547	  0
12-03-2016	05:58:39	->	L	00000000	 21	 79	 60	 39	  0	246	  0	  4	  4	  4	  4	  4	  4	  4	  4	  0	  0	  0	  0	  0	  0	  0	  0	  0	  0	  0	  0	  0	  0	  0	  0	  0	  0	  0	  0	  0	  0	  0	  0	 65	 60	 79	 79	  0	 39	  0	  0	  0	  0	  0	  0	  0	  0	  0	  0	  0	  5	20547	  0
12-03-2016	06:03:39	->	L	00000000	 21	 81	 60	 38	  0	251	  0	  4	  4	  4	  4	  4	  4	  4	  4	  0	  0	  0	  0	  0	  0	  0	  0	  0	  0	  0	  0	  0	  0	  0	  0	  0	  0	  0	  0	  0	  0	  0	  0	 65	 60	 79	 81	  0	 35	  0	  0	  0	  0	  0	  0	  0	  0	  0	  0	  0	  5	20547	  0
12-03-2016	06:08:39	->	L	00000000	 21	 78	 60	 41	  0	256	  0	  4	  4	  4	  4	  4	  4	  4	  4	  0	  0	  0	  0	  0	  0	  0	  0	  0	  0	  0	  0	  0	  0	  0	  0	  0	  0	  0	  0	  0	  0	  0	  0	 65	 60	 79	 78	  0	 41	  0	  0	  0	  0	  0	  0	  0	  0	  0	  0	  0	  5	20547	  0
12-03-2016	06:13:39	->	L	00000000	 21	 81	 61	 38	  0	261	  0	  4	  4	  4	  4	  4	  4	  4	  4	  0	  0	  0	  0	  0	  0	  0	  0	  0	  0	  0	  0	  0	  0	  0	  0	  0	  0	  0	  0	  0	  0	  0	  0	 65	 61	 81	 81	  0	 38	  0	  0	  0	  0	  0	  0	  0	  0	  0	  0	  0	  5	20548	  0
12-03-2016	06:18:39	->	L	00000000	 21	 78	 60	 42	  0	266	  0	  4	  4	  4	  4	  4	  4	  4	  4	  0	  0	  0	  0	  0	  0	  0	  0	  0	  0	  0	  0	  0	  0	  0	  0	  0	  0	  0	  0	  0	  0	  0	  0	 65	 60	 79	 78	  0	 41	  0	  0	  0	  0	  0	  0	  0	  0	  0	  0	  0	  5	20548	  0
12-03-2016	06:23:39	->	L	00000000	 21	 81	 61	 38	  0	271	  0	  4	  4	  4	  4	  4	  4	  4	  4	  0	  0	  0	  0	  0	  0	  0	  0	  0	  0	  0	  0	  0	  0	  0	  0	  0	  0	  0	  0	  0	  0	  0	  0	 66	 61	 79	 81	  0	 38	  0	  0	  0	  0	  0	  0	  0	  0	  0	  0	  0	  5	20548	  0
12-03-2016	06:28:39	->	L	00000000	 21	 79	 61	 42	  0	276	  0	  4	  4	  4	  4	  4	  4	  4	  4	  0	  0	  0	  0	  0	  0	  0	  0	  0	  0	  0	  0	  0	  0	  0	  0	  0	  0	  0	  0	  0	  0	  0	  0	 66	 61	 79	 79	  0	 42	  0	  0	  0	  0	  0	  0	  0	  0	  0	  0	  0	  5	20548	  0
12-03-2016	06:33:39	->	L	00000000	 21	 81	 61	 38	  0	281	  0	  4	  4	  4	  4	  4	  4	  4	  4	  0	  0	  0	  0	  0	  0	  0	  0	  0	  0	  0	  0	  0	  0	  0	  0	  0	  0	  0	  0	  0	  0	  0	  0	 66	 61	 79	 81	  0	 38	  0	  0	  0	  0	  0	  0	  0	  0	  0	  0	  0	  5	20548	  0
12-03-2016	06:38:39	->	L	00000000	 21	 78	 61	 42	  0	286	  0	  4	  4	  4	  4	  4	  4	  4	  4	  0	  0	  0	  0	  0	  0	  0	  0	  0	  0	  0	  0	  0	  0	  0	  0	  0	  0	  0	  0	  0	  0	  0	  0	 66	 61	 79	 78	  0	 43	  0	  0	  0	  0	  0	  0	  0	  0	  0	  0	  0	  5	20548	  0
12-03-2016	06:43:39	->	L	00000000	 21	 82	 61	 38	  0	291	  0	  4	  4	  4	  4	  4	  4	  4	  4	  0	  0	  0	  0	  0	  0	  0	  0	  0	  0	  0	  0	  0	  0	  0	  0	  0	  0	  0	  0	  0	  0	  0	  0	 66	 61	 79	 82	  0	 35	  0	  0	  0	  0	  0	  0	  0	  0	  0	  0	  0	  5	20548	  0
12-03-2016	06:48:39	->	L	00000000	 21	 80	 61	 38	  0	296	  0	  4	  4	  4	  4	  4	  4	  4	  4	  0	  0	  0	  0	  0	  0	  0	  0	  0	  0	  0	  0	  0	  0	  0	  0	  0	  0	  0	  0	  0	  0	  0	  0	 66	 61	 79	 80	  0	 40	  0	  0	  0	  0	  0	  0	  0	  0	  0	  0	  0	  5	20548	  0
12-03-2016	06:53:39	->	L	00000000	 22	 83	 62	 38	  0	  0	  0	  4	  4	  4	  4	  4	  4	  4	  4	  0	  0	  0	  0	  0	  0	  0	  0	  0	  0	  0	  0	  0	  0	  0	  0	  0	  0	  0	  0	  0	  0	  0	  0	 67	 62	 79	 83	  0	 36	  0	  0	  0	  0	  0	  0	  0	  0	  0	  0	  0	  5	21058	  0
12-03-2016	06:58:39	->	L	00000000	 22	 81	 61	 40	  0	  5	  0	  4	  4	  4	  4	  4	  4	  4	  4	  0	  0	  0	  0	  0	  0	  0	  0	  0	  0	  0	  0	  0	  0	  0	  0	  0	  0	  0	  0	  0	  0	  0	  0	 67	 61	 74	 81	  0	 38	  0	  0	  0	  0	  0	  0	  0	  0	  0	  0	  0	  5	21058	  0
12-03-2016	07:03:39	->	L	00000000	 22	 81	 62	 42	  0	 10	  0	  4	  4	  4	  4	  4	  4	  4	  4	  0	  0	  0	  0	  0	  0	  0	  0	  0	  0	  0	  0	  0	  0	  0	  0	  0	  0	  0	  0	  0	  0	  0	  0	 66	 62	 82	 81	  0	 40	  0	  0	  0	  0	  0	  0	  0	  0	  0	  0	  0	  5	21058	  0
12-03-2016	07:08:40	->	L	00000000	 22	 83	 62	 35	  0	 15	  0	  4	  4	  4	  4	  4	  4	  4	  4	  0	  0	  0	  0	  0	  0	  0	  0	  0	  0	  0	  0	  0	  0	  0	  0	  0	  0	  0	  0	  0	  0	  0	  0	 67	 62	 79	 83	  0	 36	  0	  0	  0	  0	  0	  0	  0	  0	  0	  0	  0	  5	21058	  0
12-03-2016	07:13:40	->	L	00000000	 22	 80	 62	 42	  0	 20	  0	  4	  4	  4	  4	  4	  4	  4	  4	  0	  0	  0	  0	  0	  0	  0	  0	  0	  0	  0	  0	  0	  0	  0	  0	  0	  0	  0	  0	  0	  0	  0	  0	 66	 62	 82	 80	  0	 42	  0	  0	  0	  0	  0	  0	  0	  0	  0	  0	  0	  5	21058	  0
12-03-2016	07:18:40	->	L	00000000	 22	 82	 62	 38	  0	 25	  0	  4	  4	  4	  4	  4	  4	  4	  4	  0	  0	  0	  0	  0	  0	  0	  0	  0	  0	  0	  0	  0	  0	  0	  0	  0	  0	  0	  0	  0	  0	  0	  0	 67	 62	 79	 82	  0	 38	  0	  0	  0	  0	  0	  0	  0	  0	  0	  0	  0	  5	21058	  0
12-03-2016	07:23:40	->	L	00000000	 22	 82	 62	 36	  0	 30	  0	  4	  4	  4	  4	  4	  4	  4	  4	  0	  0	  0	  0	  0	  0	  0	  0	  0	  0	  0	  0	  0	  0	  0	  0	  0	  0	  0	  0	  0	  0	  0	  0	 67	 62	 79	 82	  0	 38	  0	  0	  0	  0	  0	  0	  0	  0	  0	  0	  0	  5	21058	  0
12-03-2016	07:28:40	->	L	00000000	 22	 80	 62	 44	  0	 35	  0	  4	  4	  4	  4	  4	  4	  4	  4	  0	  0	  0	  0	  0	  0	  0	  0	  0	  0	  0	  0	  0	  0	  0	  0	  0	  0	  0	  0	  0	  0	  0	  0	 66	 62	 82	 80	  0	 42	  0	  0	  0	  0	  0	  0	  0	  0	  0	  0	  0	  5	21058	  0
12-03-2016	07:33:40	->	L	00000000	 22	 82	 62	 38	  0	 40	  0	  4	  4	  4	  4	  4	  4	  4	  4	  0	  0	  0	  0	  0	  0	  0	  0	  0	  0	  0	  0	  0	  0	  0	  0	  0	  0	  0	  0	  0	  0	  0	  0	 67	 62	 79	 82	  0	 38	  0	  0	  0	  0	  0	  0	  0	  0	  0	  0	  0	  5	21058	  0
12-03-2016	07:38:40	->	L	00000000	 22	 82	 62	 38	  0	 45	  0	  4	  4	  4	  4	  4	  4	  4	  4	  0	  0	  0	  0	  0	  0	  0	  0	  0	  0	  0	  0	  0	  0	  0	  0	  0	  0	  0	  0	  0	  0	  0	  0	 67	 62	 79	 82	  0	 38	  0	  0	  0	  0	  0	  0	  0	  0	  0	  0	  0	  5	21058	  0
12-03-2016	07:43:40	->	L	00000000	 22	 81	 62	 42	  0	 50	  0	  4	  4	  4	  4	  4	  4	  4	  4	  0	  0	  0	  0	  0	  0	  0	  0	  0	  0	  0	  0	  0	  0	  0	  0	  0	  0	  0	  0	  0	  0	  0	  0	 67	 62	 79	 81	  0	 40	  0	  0	  0	  0	  0	  0	  0	  0	  0	  0	  0	  5	21058	  0
12-03-2016	07:48:40	->	L	00000000	 22	 82	 62	 38	  0	 55	  0	  4	  4	  4	  4	  4	  4	  4	  4	  0	  0	  0	  0	  0	  0	  0	  0	  0	  0	  0	  0	  0	  0	  0	  0	  0	  0	  0	  0	  0	  0	  0	  0	 67	 62	 79	 82	  0	 38	  0	  0	  0	  0	  0	  0	  0	  0	  0	  0	  0	  5	21058	  0
12-03-2016	07:53:41	->	L	00000000	 22	 82	 62	 36	  0	 60	  0	  4	  4	  4	  4	  4	  4	  4	  4	  0	  0	  0	  0	  0	  0	  0	  0	  0	  0	  0	  0	  0	  0	  0	  0	  0	  0	  0	  0	  0	  0	  0	  0	 67	 62	 79	 82	  0	 38	  0	  0	  0	  0	  0	  0	  0	  0	  0	  0	  0	  5	21058	  0
12-03-2016	07:58:41	->	L	00000000	 22	 80	 62	 42	  0	 65	  0	  4	  4	  4	  4	  4	  4	  4	  4	  0	  0	  0	  0	  0	  0	  0	  0	  0	  0	  0	  0	  0	  0	  0	  0	  0	  0	  0	  0	  0	  0	  0	  0	 67	 62	 79	 80	  0	 42	  0	  0	  0	  0	  0	  0	  0	  0	  0	  0	  0	  5	21058	  0
12-03-2016	08:03:41	->	L	00000000	 22	 84	 62	 36	  0	 70	  0	  4	  4	  4	  4	  4	  4	  4	  4	  0	  0	  0	  0	  0	  0	  0	  0	  0	  0	  0	  0	  0	  0	  0	  0	  0	  0	  0	  0	  0	  0	  0	  0	 68	 62	 74	 84	  0	 35	  0	  0	  0	  0	  0	  0	  0	  0	  0	  0	  0	  5	21826	  0
12-03-2016	08:08:41	->	L	00000000	 22	 84	 63	 36	  0	 75	  0	  4	  4	  4	  4	  4	  4	  4	  4	  0	  0	  0	  0	  0	  0	  0	  0	  0	  0	  0	  0	  0	  0	  0	  0	  0	  0	  0	  0	  0	  0	  0	  0	 68	 63	 79	 84	  0	 36	  0	  0	  0	  0	  0	  0	  0	  0	  0	  0	  0	  5	21826	  0
12-03-2016	08:13:41	->	L	00000000	 22	 84	 63	 36	  0	 80	  0	  4	  4	  4	  4	  4	  4	  4	  4	  0	  0	  0	  0	  0	  0	  0	  0	  0	  0	  0	  0	  0	  0	  0	  0	  0	  0	  0	  0	  0	  0	  0	  0	 68	 63	 79	 84	  0	 36	  0	  0	  0	  0	  0	  0	  0	  0	  0	  0	  0	  5	21826	  0
12-03-2016	08:18:41	->	L	00000000	 22	 84	 63	 36	  0	 85	  0	  4	  4	  4	  4	  4	  4	  4	  4	  0	  0	  0	  0	  0	  0	  0	  0	  0	  0	  0	  0	  0	  0	  0	  0	  0	  0	  0	  0	  0	  0	  0	  0	 68	 63	 79	 84	  0	 36	  0	  0	  0	  0	  0	  0	  0	  0	  0	  0	  0	  5	21826	  0
12-03-2016	08:23:41	->	L	00000000	 22	 84	 63	 36	  0	 90	  0	  4	  4	  4	  4	  4	  4	  4	  4	  0	  0	  0	  0	  0	  0	  0	  0	  0	  0	  0	  0	  0	  0	  0	  0	  0	  0	  0	  0	  0	  0	  0	  0	 68	 63	 79	 84	  0	 36	  0	  0	  0	  0	  0	  0	  0	  0	  0	  0	  0	  5	21826	  0
