16/10/2016	16:38:05	->	L	00000000	 10	 28	 22	 66	  0	  4	  0	  4	  4	  4	  4	  4	  4	  4	  4	  0	  0	  0	  0	  0	  0	  0	  0	  0	  0	  0	  0	  0	  0	  0	  0	  0	  0	  0	  0	  0	  0	  0	  0	 28	 22	 66	 28	  0	 66	  0	  0	  0	  0	  0	  0	  0	  0	  0	  0	  0	  5	7176	  0
16/10/2016	16:43:05	->	L	00000000	 10	 30	 19	 44	  0	  9	  0	  4	  4	  4	  4	  4	  4	  4	  4	  0	  0	  0	  0	  0	  0	  0	  0	  0	  0	  0	  0	  0	  0	  0	  0	  0	  0	  0	  0	  0	  0	  0	  0	 27	 19	 56	 30	  0	 44	  0	  0	  0	  0	  0	  0	  0	  0	  0	  0	  0	  5	7433	  0
16/10/2016	16:48:05	->	L	00000000	 10	 31	 20	 45	  0	 14	  0	  4	  4	  4	  4	  4	  4	  4	  4	  0	  0	  0	  0	  0	  0	  0	  0	  0	  0	  0	  0	  0	  0	  0	  0	  0	  0	  0	  0	  0	  0	  0	  0	 28	 20	 56	 31	  0	 45	  0	  0	  0	  0	  0	  0	  0	  0	  0	  0	  0	  5	7433	  0
16/10/2016	16:53:05	->	L	00000000	 10	 33	 20	 35	  0	 19	  0	  4	  4	  4	  4	  4	  4	  4	  4	  0	  0	  0	  0	  0	  0	  0	  0	  0	  0	  0	  0	  0	  0	  0	  0	  0	  0	  0	  0	  0	  0	  0	  0	 29	 20	 53	 33	  0	 37	  0	  0	  0	  0	  0	  0	  0	  0	  0	  0	  0	  5	7690	  0
16/10/2016	16:58:05	->	L	00000000	 10	 36	 21	 33	  0	 24	  0	  4	  4	  4	  4	  4	  4	  4	  4	  0	  0	  0	  0	  0	  0	  0	  0	  0	  0	  0	  0	  0	  0	  0	  0	  0	  0	  0	  0	  0	  0	  0	  0	 30	 21	 53	 36	  0	 33	  0	  0	  0	  0	  0	  0	  0	  0	  0	  0	  0	  5	7690	  0
16/10/2016	17:03:05	->	L	00000000	 10	 38	 21	 26	  0	 29	  0	  4	  4	  4	  4	  4	  4	  4	  4	  0	  0	  0	  0	  0	  0	  0	  0	  0	  0	  0	  0	  0	  0	  0	  0	  0	  0	  0	  0	  0	  0	  0	  0	 31	 21	 49	 38	  0	 26	  0	  0	  0	  0	  0	  0	  0	  0	  0	  0	  0	  5	7947	  0
16/10/2016	17:08:05	->	L	00000000	 10	 30	 21	 53	  0	 34	  0	  4	  4	  4	  4	  4	  4	  4	  4	  0	  0	  0	  0	  0	  0	  0	  0	  0	  0	  0	  0	  0	  0	  0	  0	  0	  0	  0	  0	  0	  0	  0	  0	 28	 21	 61	 30	  0	 53	  0	  0	  0	  0	  0	  0	  0	  0	  0	  0	  0	  5	8204	  0
16/10/2016	17:13:05	->	L	00000000	 10	 34	 23	 46	  0	 39	  0	  4	  4	  4	  4	  4	  4	  4	  4	  0	  0	  0	  0	  0	  0	  0	  0	  0	  0	  0	  0	  0	  0	  0	  0	  0	  0	  0	  0	  0	  0	  0	  0	 31	 23	 57	 34	  0	 46	  0	  0	  0	  0	  0	  0	  0	  0	  0	  0	  0	  5	8204	  0
16/10/2016	17:18:05	->	L	00000000	 10	 43	 23	 18	  0	 44	  0	  4	  4	  4	  4	  4	  4	  4	  4	  0	  0	  0	  0	  0	  0	  0	  0	  0	  0	  0	  0	  0	  0	  0	  0	  0	  0	  0	  0	  0	  0	  0	  0	 34	 23	 46	 43	  0	 21	  0	  0	  0	  0	  0	  0	  0	  0	  0	  0	  0	  5	8461	  0
16/10/2016	17:23:05	->	L	00000000	 10	 33	 23	 50	  0	 49	  0	  4	  4	  4	  4	  4	  4	  4	  4	  0	  0	  0	  0	  0	  0	  0	  0	  0	  0	  0	  0	  0	  0	  0	  0	  0	  0	  0	  0	  0	  0	  0	  0	 31	 23	 57	 33	  0	 50	  0	  0	  0	  0	  0	  0	  0	  0	  0	  0	  0	  5	8461	  0
16/10/2016	17:28:05	->	L	00000000	 10	 40	 24	 31	  0	 54	  0	  4	  4	  4	  4	  4	  4	  4	  4	  0	  0	  0	  0	  0	  0	  0	  0	  0	  0	  0	  0	  0	  0	  0	  0	  0	  0	  0	  0	  0	  0	  0	  0	 34	 24	 50	 40	  0	 31	  0	  0	  0	  0	  0	  0	  0	  0	  0	  0	  0	  5	8718	  0
16/10/2016	17:33:05	->	L	00000000	 10	 34	 24	 54	  0	 59	  0	  4	  4	  4	  4	  4	  4	  4	  4	  0	  0	  0	  0	  0	  0	  0	  0	  0	  0	  0	  0	  0	  0	  0	  0	  0	  0	  0	  0	  0	  0	  0	  0	 31	 24	 61	 34	  0	 50	  0	  0	  0	  0	  0	  0	  0	  0	  0	  0	  0	  5	8975	  0
16/10/2016	17:38:05	->	L	00000000	 10	 38	 25	 39	  0	 64	  0	  4	  4	  4	  4	  4	  4	  4	  4	  0	  0	  0	  0	  0	  0	  0	  0	  0	  0	  0	  0	  0	  0	  0	  0	  0	  0	  0	  0	  0	  0	  0	  0	 34	 25	 54	 38	  0	 39	  0	  0	  0	  0	  0	  0	  0	  0	  0	  0	  0	  5	8975	  0
16/10/2016	17:43:05	->	L	00000000	 10	 46	 26	 19	  0	 69	  0	  4	  4	  4	  4	  4	  4	  4	  4	  0	  0	  0	  0	  0	  0	  0	  0	  0	  0	  0	  0	  0	  0	  0	  0	  0	  0	  0	  0	  0	  0	  0	  0	 36	 26	 51	 46	  0	 23	  0	  0	  0	  0	  0	  0	  0	  0	  0	  0	  0	  5	9232	  0
16/10/2016	17:48:05	->	L	00000000	 10	 37	 26	 47	  0	 74	  0	  4	  4	  4	  4	  4	  4	  4	  4	  0	  0	  0	  0	  0	  0	  0	  0	  0	  0	  0	  0	  0	  0	  0	  0	  0	  0	  0	  0	  0	  0	  0	  0	 34	 26	 58	 37	  0	 47	  0	  0	  0	  0	  0	  0	  0	  0	  0	  0	  0	  5	9232	  0
16/10/2016	17:53:05	->	L	00000000	 10	 43	 27	 32	  0	 79	  0	  4	  4	  4	  4	  4	  4	  4	  4	  0	  0	  0	  0	  0	  0	  0	  0	  0	  0	  0	  0	  0	  0	  0	  0	  0	  0	  0	  0	  0	  0	  0	  0	 37	 27	 51	 43	  0	 32	  0	  0	  0	  0	  0	  0	  0	  0	  0	  0	  0	  5	9489	  0
16/10/2016	17:58:05	->	L	00000000	 10	 36	 26	 51	  0	 84	  0	  4	  4	  4	  4	  4	  4	  4	  4	  0	  0	  0	  0	  0	  0	  0	  0	  0	  0	  0	  0	  0	  0	  0	  0	  0	  0	  0	  0	  0	  0	  0	  0	 34	 26	 58	 36	  0	 51	  0	  0	  0	  0	  0	  0	  0	  0	  0	  0	  0	  5	9746	  0
16/10/2016	18:03:05	->	L	00000000	 10	 41	 27	 36	  0	 89	  0	  4	  4	  4	  4	  4	  4	  4	  4	  0	  0	  0	  0	  0	  0	  0	  0	  0	  0	  0	  0	  0	  0	  0	  0	  0	  0	  0	  0	  0	  0	  0	  0	 37	 27	 51	 41	  0	 38	  0	  0	  0	  0	  0	  0	  0	  0	  0	  0	  0	  5	9746	  0
16/10/2016	18:08:05	->	L	00000000	 10	 48	 28	 23	  0	 94	  0	  4	  4	  4	  4	  4	  4	  4	  4	  0	  0	  0	  0	  0	  0	  0	  0	  0	  0	  0	  0	  0	  0	  0	  0	  0	  0	  0	  0	  0	  0	  0	  0	 38	 28	 51	 48	  0	 23	  0	  0	  0	  0	  0	  0	  0	  0	  0	  0	  0	  5	10003	  0
16/10/2016	18:13:05	->	L	00000000	 10	 39	 28	 47	  0	 99	  0	  4	  4	  4	  4	  4	  4	  4	  4	  0	  0	  0	  0	  0	  0	  0	  0	  0	  0	  0	  0	  0	  0	  0	  0	  0	  0	  0	  0	  0	  0	  0	  0	 36	 28	 58	 39	  0	 47	  0	  0	  0	  0	  0	  0	  0	  0	  0	  0	  0	  5	10003	  0
16/10/2016	18:18:05	->	L	00000000	 10	 44	 29	 36	  0	104	  0	  4	  4	  4	  4	  4	  4	  4	  4	  0	  0	  0	  0	  0	  0	  0	  0	  0	  0	  0	  0	  0	  0	  0	  0	  0	  0	  0	  0	  0	  0	  0	  0	 38	 29	 55	 44	  0	 36	  0	  0	  0	  0	  0	  0	  0	  0	  0	  0	  0	  5	10260	  0
16/10/2016	18:23:05	->	L	00000000	 10	 45	 28	 36	  0	109	  0	  4	  4	  4	  4	  4	  4	  4	  4	  0	  0	  0	  0	  0	  0	  0	  0	  0	  0	  0	  0	  0	  0	  0	  0	  0	  0	  0	  0	  0	  0	  0	  0	 37	 28	 55	 45	  0	 29	  0	  0	  0	  0	  0	  0	  0	  0	  0	  0	  0	  5	10517	  0
16/10/2016	18:28:05	->	L	00000000	 10	 42	 29	 41	  0	114	  0	  4	  4	  4	  4	  4	  4	  4	  4	  0	  0	  0	  0	  0	  0	  0	  0	  0	  0	  0	  0	  0	  0	  0	  0	  0	  0	  0	  0	  0	  0	  0	  0	 38	 29	 55	 42	  0	 41	  0	  0	  0	  0	  0	  0	  0	  0	  0	  0	  0	  5	10517	  0
16/10/2016	18:33:05	->	L	00000000	 10	 47	 30	 30	  0	119	  0	  4	  4	  4	  4	  4	  4	  4	  4	  0	  0	  0	  0	  0	  0	  0	  0	  0	  0	  0	  0	  0	  0	  0	  0	  0	  0	  0	  0	  0	  0	  0	  0	 40	 30	 52	 47	  0	 30	  0	  0	  0	  0	  0	  0	  0	  0	  0	  0	  0	  5	10774	  0
16/10/2016	18:38:05	->	L	00000000	 10	 48	 30	 30	  0	124	  0	  4	  4	  4	  4	  4	  4	  4	  4	  0	  0	  0	  0	  0	  0	  0	  0	  0	  0	  0	  0	  0	  0	  0	  0	  0	  0	  0	  0	  0	  0	  0	  0	 39	 30	 55	 48	  0	 29	  0	  0	  0	  0	  0	  0	  0	  0	  0	  0	  0	  5	10774	  0
16/10/2016	18:43:05	->	L	00000000	 10	 42	 30	 45	  0	129	  0	  4	  4	  4	  4	  4	  4	  4	  4	  0	  0	  0	  0	  0	  0	  0	  0	  0	  0	  0	  0	  0	  0	  0	  0	  0	  0	  0	  0	  0	  0	  0	  0	 38	 30	 59	 42	  0	 45	  0	  0	  0	  0	  0	  0	  0	  0	  0	  0	  0	  5	11031	  0
16/10/2016	18:48:05	->	L	00000000	 10	 45	 31	 39	  0	134	  0	  4	  4	  4	  4	  4	  4	  4	  4	  0	  0	  0	  0	  0	  0	  0	  0	  0	  0	  0	  0	  0	  0	  0	  0	  0	  0	  0	  0	  0	  0	  0	  0	 40	 31	 56	 45	  0	 39	  0	  0	  0	  0	  0	  0	  0	  0	  0	  0	  0	  5	11288	  0
16/10/2016	18:53:06	->	L	00000000	 10	 48	 31	 29	  0	139	  0	  4	  4	  4	  4	  4	  4	  4	  4	  0	  0	  0	  0	  0	  0	  0	  0	  0	  0	  0	  0	  0	  0	  0	  0	  0	  0	  0	  0	  0	  0	  0	  0	 41	 31	 52	 48	  0	 31	  0	  0	  0	  0	  0	  0	  0	  0	  0	  0	  0	  5	11288	  0
16/10/2016	18:58:05	->	L	00000000	 10	 54	 31	 20	  0	144	  0	  4	  4	  4	  4	  4	  4	  4	  4	  0	  0	  0	  0	  0	  0	  0	  0	  0	  0	  0	  0	  0	  0	  0	  0	  0	  0	  0	  0	  0	  0	  0	  0	 42	 31	 48	 54	  0	 18	  0	  0	  0	  0	  0	  0	  0	  0	  0	  0	  0	  5	11545	  0
16/10/2016	19:03:05	->	L	00000000	 10	 44	 31	 41	  0	149	  0	  4	  4	  4	  4	  4	  4	  4	  4	  0	  0	  0	  0	  0	  0	  0	  0	  0	  0	  0	  0	  0	  0	  0	  0	  0	  0	  0	  0	  0	  0	  0	  0	 40	 31	 56	 44	  0	 41	  0	  0	  0	  0	  0	  0	  0	  0	  0	  0	  0	  5	11545	  0
16/10/2016	19:08:05	->	L	00000000	 10	 47	 32	 37	  0	154	  0	  4	  4	  4	  4	  4	  4	  4	  4	  0	  0	  0	  0	  0	  0	  0	  0	  0	  0	  0	  0	  0	  0	  0	  0	  0	  0	  0	  0	  0	  0	  0	  0	 42	 32	 52	 47	  0	 37	  0	  0	  0	  0	  0	  0	  0	  0	  0	  0	  0	  5	11802	  0
16/10/2016	19:13:05	->	L	00000000	 10	 49	 32	 31	  0	159	  0	  4	  4	  4	  4	  4	  4	  4	  4	  0	  0	  0	  0	  0	  0	  0	  0	  0	  0	  0	  0	  0	  0	  0	  0	  0	  0	  0	  0	  0	  0	  0	  0	 43	 32	 49	 49	  0	 31	  0	  0	  0	  0	  0	  0	  0	  0	  0	  0	  0	  5	12059	  0
16/10/2016	19:18:05	->	L	00000000	 10	 51	 33	 30	  0	164	  0	  4	  4	  4	  4	  4	  4	  4	  4	  0	  0	  0	  0	  0	  0	  0	  0	  0	  0	  0	  0	  0	  0	  0	  0	  0	  0	  0	  0	  0	  0	  0	  0	 43	 33	 53	 51	  0	 30	  0	  0	  0	  0	  0	  0	  0	  0	  0	  0	  0	  5	12059	  0
16/10/2016	19:23:05	->	L	00000000	 10	 56	 33	 19	  0	169	  0	  4	  4	  4	  4	  4	  4	  4	  4	  0	  0	  0	  0	  0	  0	  0	  0	  0	  0	  0	  0	  0	  0	  0	  0	  0	  0	  0	  0	  0	  0	  0	  0	 45	 33	 46	 56	  0	 19	  0	  0	  0	  0	  0	  0	  0	  0	  0	  0	  0	  5	12316	  0
16/10/2016	19:28:05	->	L	00000000	 10	 51	 33	 34	  0	174	  0	  4	  4	  4	  4	  4	  4	  4	  4	  0	  0	  0	  0	  0	  0	  0	  0	  0	  0	  0	  0	  0	  0	  0	  0	  0	  0	  0	  0	  0	  0	  0	  0	 43	 33	 53	 51	  0	 30	  0	  0	  0	  0	  0	  0	  0	  0	  0	  0	  0	  5	12316	  0
16/10/2016	19:33:05	->	L	00000000	 10	 48	 33	 38	  0	179	  0	  4	  4	  4	  4	  4	  4	  4	  4	  0	  0	  0	  0	  0	  0	  0	  0	  0	  0	  0	  0	  0	  0	  0	  0	  0	  0	  0	  0	  0	  0	  0	  0	 43	 33	 53	 48	  0	 38	  0	  0	  0	  0	  0	  0	  0	  0	  0	  0	  0	  5	12573	  0
16/10/2016	19:38:05	->	L	00000000	 10	 50	 34	 35	  0	184	  0	  4	  4	  4	  4	  4	  4	  4	  4	  0	  0	  0	  0	  0	  0	  0	  0	  0	  0	  0	  0	  0	  0	  0	  0	  0	  0	  0	  0	  0	  0	  0	  0	 44	 34	 53	 50	  0	 35	  0	  0	  0	  0	  0	  0	  0	  0	  0	  0	  0	  5	12830	  0
16/10/2016	19:43:05	->	L	00000000	 10	 52	 34	 28	  0	189	  0	  4	  4	  4	  4	  4	  4	  4	  4	  0	  0	  0	  0	  0	  0	  0	  0	  0	  0	  0	  0	  0	  0	  0	  0	  0	  0	  0	  0	  0	  0	  0	  0	 46	 34	 47	 52	  0	 31	  0	  0	  0	  0	  0	  0	  0	  0	  0	  0	  0	  5	12830	  0
16/10/2016	19:48:05	->	L	00000000	 10	 55	 34	 23	  0	194	  0	  4	  4	  4	  4	  4	  4	  4	  4	  0	  0	  0	  0	  0	  0	  0	  0	  0	  0	  0	  0	  0	  0	  0	  0	  0	  0	  0	  0	  0	  0	  0	  0	 46	 34	 47	 55	  0	 23	  0	  0	  0	  0	  0	  0	  0	  0	  0	  0	  0	  5	13087	  0
16/10/2016	19:53:05	->	L	00000000	 10	 59	 35	 20	  0	199	  0	  4	  4	  4	  4	  4	  4	  4	  4	  0	  0	  0	  0	  0	  0	  0	  0	  0	  0	  0	  0	  0	  0	  0	  0	  0	  0	  0	  0	  0	  0	  0	  0	 48	 35	 43	 59	  0	 20	  0	  0	  0	  0	  0	  0	  0	  0	  0	  0	  0	  5	13087	  0
16/10/2016	19:58:05	->	L	00000000	 10	 60	 35	 18	  0	204	  0	  4	  4	  4	  4	  4	  4	  4	  4	  0	  0	  0	  0	  0	  0	  0	  0	  0	  0	  0	  0	  0	  0	  0	  0	  0	  0	  0	  0	  0	  0	  0	  0	 48	 35	 43	 60	  0	 18	  0	  0	  0	  0	  0	  0	  0	  0	  0	  0	  0	  5	13344	  0
16/10/2016	20:03:05	->	L	00000000	 10	 55	 35	 28	  0	209	  0	  4	  4	  4	  4	  4	  4	  4	  4	  0	  0	  0	  0	  0	  0	  0	  0	  0	  0	  0	  0	  0	  0	  0	  0	  0	  0	  0	  0	  0	  0	  0	  0	 47	 35	 47	 55	  0	 27	  0	  0	  0	  0	  0	  0	  0	  0	  0	  0	  0	  5	13601	  0
16/10/2016	20:08:05	->	L	00000000	 10	 52	 36	 33	  0	214	  0	  4	  4	  4	  4	  4	  4	  4	  4	  0	  0	  0	  0	  0	  0	  0	  0	  0	  0	  0	  0	  0	  0	  0	  0	  0	  0	  0	  0	  0	  0	  0	  0	 47	 36	 50	 52	  0	 36	  0	  0	  0	  0	  0	  0	  0	  0	  0	  0	  0	  5	13601	  0
16/10/2016	20:13:05	->	L	00000000	 10	 53	 36	 31	  0	219	  0	  4	  4	  4	  4	  4	  4	  4	  4	  0	  0	  0	  0	  0	  0	  0	  0	  0	  0	  0	  0	  0	  0	  0	  0	  0	  0	  0	  0	  0	  0	  0	  0	 47	 36	 50	 53	  0	 33	  0	  0	  0	  0	  0	  0	  0	  0	  0	  0	  0	  5	13858	  0
16/10/2016	20:18:05	->	L	00000000	 10	 55	 36	 29	  0	224	  0	  4	  4	  4	  4	  4	  4	  4	  4	  0	  0	  0	  0	  0	  0	  0	  0	  0	  0	  0	  0	  0	  0	  0	  0	  0	  0	  0	  0	  0	  0	  0	  0	 48	 36	 47	 55	  0	 29	  0	  0	  0	  0	  0	  0	  0	  0	  0	  0	  0	  5	13858	  0
16/10/2016	20:23:05	->	L	00000000	 10	 58	 36	 24	  0	229	  0	  4	  4	  4	  4	  4	  4	  4	  4	  0	  0	  0	  0	  0	  0	  0	  0	  0	  0	  0	  0	  0	  0	  0	  0	  0	  0	  0	  0	  0	  0	  0	  0	 49	 36	 43	 58	  0	 22	  0	  0	  0	  0	  0	  0	  0	  0	  0	  0	  0	  5	14115	  0
16/10/2016	20:28:05	->	L	00000000	 10	 58	 37	 24	  0	234	  0	  4	  4	  4	  4	  4	  4	  4	  4	  0	  0	  0	  0	  0	  0	  0	  0	  0	  0	  0	  0	  0	  0	  0	  0	  0	  0	  0	  0	  0	  0	  0	  0	 49	 37	 47	 58	  0	 24	  0	  0	  0	  0	  0	  0	  0	  0	  0	  0	  0	  5	14372	  0
16/10/2016	20:33:05	->	L	00000000	 10	 57	 37	 27	  0	239	  0	  4	  4	  4	  4	  4	  4	  4	  4	  0	  0	  0	  0	  0	  0	  0	  0	  0	  0	  0	  0	  0	  0	  0	  0	  0	  0	  0	  0	  0	  0	  0	  0	 49	 37	 47	 57	  0	 27	  0	  0	  0	  0	  0	  0	  0	  0	  0	  0	  0	  5	14372	  0
16/10/2016	20:38:05	<-	L	00000000	 10	 61	 39	 22	  0	244	  0	  4	  4	  4	  4	  4	  4	  4	  4	  0	  0	  0	  0	  0	  0	  0	  0	  0	  0	  0	  0	  0	  0	  0	  0	  0	  0	  0	  0	  0	  0	  0	  0	 57	 39	 33	 61	  0	 24	  0	  0	  0	  0	  0	  0	  0	  0	  0	  0	  0	  5	14629	  0
16/10/2016	20:43:05	<-	L	00000000	 10	 62	 40	 29	  0	249	  0	  4	  4	  4	  4	  4	  4	  4	  4	  0	  0	  0	  0	  0	  0	  0	  0	  0	  0	  0	  0	  0	  0	  0	  0	  0	  0	  0	  0	  0	  0	  0	  0	 62	 40	 24	 53	  0	 45	  0	  0	  0	  0	  0	  0	  0	  0	  0	  0	  0	  5	14629	  0
16/10/2016	20:48:05	<-	L	00000000	 10	 57	 40	 33	  0	254	  0	  4	  4	  4	  4	  4	  4	  4	  4	  0	  0	  0	  0	  0	  0	  0	  0	  0	  0	  0	  0	  0	  0	  0	  0	  0	  0	  0	  0	  0	  0	  0	  0	 57	 40	 34	 52	  0	 48	  0	  0	  0	  0	  0	  0	  0	  0	  0	  0	  0	  5	14886	  0
16/10/2016	20:53:05	<-	L	00000000	 10	 59	 40	 31	  0	259	  0	  4	  4	  4	  4	  4	  4	  4	  4	  0	  0	  0	  0	  0	  0	  0	  0	  0	  0	  0	  0	  0	  0	  0	  0	  0	  0	  0	  0	  0	  0	  0	  0	 59	 40	 31	 53	  0	 45	  0	  0	  0	  0	  0	  0	  0	  0	  0	  0	  0	  5	15143	  0
16/10/2016	20:58:05	<-	L	00000000	 10	 61	 41	 29	  0	264	  0	  4	  4	  4	  4	  4	  4	  4	  4	  0	  0	  0	  0	  0	  0	  0	  0	  0	  0	  0	  0	  0	  0	  0	  0	  0	  0	  0	  0	  0	  0	  0	  0	 61	 41	 29	 54	  0	 45	  0	  0	  0	  0	  0	  0	  0	  0	  0	  0	  0	  5	15143	  0
16/10/2016	21:03:05	<-	L	00000000	 10	 63	 41	 25	  0	269	  0	  4	  4	  4	  4	  4	  4	  4	  4	  0	  0	  0	  0	  0	  0	  0	  0	  0	  0	  0	  0	  0	  0	  0	  0	  0	  0	  0	  0	  0	  0	  0	  0	 63	 41	 25	 55	  0	 43	  0	  0	  0	  0	  0	  0	  0	  0	  0	  0	  0	  5	15400	  0
16/10/2016	21:08:05	<-	L	00000000	 10	 65	 42	 24	  0	274	  0	  4	  4	  4	  4	  4	  4	  4	  4	  0	  0	  0	  0	  0	  0	  0	  0	  0	  0	  0	  0	  0	  0	  0	  0	  0	  0	  0	  0	  0	  0	  0	  0	 65	 42	 23	 56	  0	 43	  0	  0	  0	  0	  0	  0	  0	  0	  0	  0	  0	  5	15400	  0
16/10/2016	21:13:05	<-	L	00000000	 10	 66	 42	 24	  0	279	  0	  4	  4	  4	  4	  4	  4	  4	  4	  0	  0	  0	  0	  0	  0	  0	  0	  0	  0	  0	  0	  0	  0	  0	  0	  0	  0	  0	  0	  0	  0	  0	  0	 66	 42	 24	 56	  0	 43	  0	  0	  0	  0	  0	  0	  0	  0	  0	  0	  0	  5	15657	  0
16/10/2016	21:18:05	<-	L	00000000	 10	 66	 43	 24	  0	284	  0	  4	  4	  4	  4	  4	  4	  4	  4	  0	  0	  0	  0	  0	  0	  0	  0	  0	  0	  0	  0	  0	  0	  0	  0	  0	  0	  0	  0	  0	  0	  0	  0	 66	 43	 24	 56	  0	 46	  0	  0	  0	  0	  0	  0	  0	  0	  0	  0	  0	  5	15914	  0
16/10/2016	21:23:05	<-	L	00000000	 10	 67	 43	 22	  0	289	  0	  4	  4	  4	  4	  4	  4	  4	  4	  0	  0	  0	  0	  0	  0	  0	  0	  0	  0	  0	  0	  0	  0	  0	  0	  0	  0	  0	  0	  0	  0	  0	  0	 67	 43	 24	 57	  0	 43	  0	  0	  0	  0	  0	  0	  0	  0	  0	  0	  0	  5	15914	  0
16/10/2016	21:28:05	<-	L	00000000	 10	 67	 44	 24	  0	294	  0	  4	  4	  4	  4	  4	  4	  4	  4	  0	  0	  0	  0	  0	  0	  0	  0	  0	  0	  0	  0	  0	  0	  0	  0	  0	  0	  0	  0	  0	  0	  0	  0	 67	 44	 24	 57	  0	 46	  0	  0	  0	  0	  0	  0	  0	  0	  0	  0	  0	  5	16171	  0
16/10/2016	21:33:05	<-	L	00000000	 10	 67	 44	 24	  0	299	  0	  4	  4	  4	  4	  4	  4	  4	  4	  0	  0	  0	  0	  0	  0	  0	  0	  0	  0	  0	  0	  0	  0	  0	  0	  0	  0	  0	  0	  0	  0	  0	  0	 67	 44	 24	 57	  0	 46	  0	  0	  0	  0	  0	  0	  0	  0	  0	  0	  0	  5	16171	  0
16/10/2016	21:38:05	<-	L	00000000	 10	 67	 44	 25	  0	304	  0	  4	  4	  4	  4	  4	  4	  4	  4	  0	  0	  0	  0	  0	  0	  0	  0	  0	  0	  0	  0	  0	  0	  0	  0	  0	  0	  0	  0	  0	  0	  0	  0	 67	 44	 24	 58	  0	 44	  0	  0	  0	  0	  0	  0	  0	  0	  0	  0	  0	  5	16428	  0
16/10/2016	21:43:05	<-	L	00000000	 10	 69	 45	 25	  0	309	  0	  4	  4	  4	  4	  4	  4	  4	  4	  0	  0	  0	  0	  0	  0	  0	  0	  0	  0	  0	  0	  0	  0	  0	  0	  0	  0	  0	  0	  0	  0	  0	  0	 69	 45	 25	 59	  0	 44	  0	  0	  0	  0	  0	  0	  0	  0	  0	  0	  0	  5	16685	  0
16/10/2016	21:48:05	<-	L	00000000	 10	 70	 46	 23	  0	314	  0	  4	  4	  4	  4	  4	  4	  4	  4	  0	  0	  0	  0	  0	  0	  0	  0	  0	  0	  0	  0	  0	  0	  0	  0	  0	  0	  0	  0	  0	  0	  0	  0	 70	 46	 25	 59	  0	 47	  0	  0	  0	  0	  0	  0	  0	  0	  0	  0	  0	  5	16685	  0
16/10/2016	21:53:05	<-	L	00000000	 10	 70	 46	 25	  0	319	  0	  4	  4	  4	  4	  4	  4	  4	  4	  0	  0	  0	  0	  0	  0	  0	  0	  0	  0	  0	  0	  0	  0	  0	  0	  0	  0	  0	  0	  0	  0	  0	  0	 70	 46	 25	 60	  0	 44	  0	  0	  0	  0	  0	  0	  0	  0	  0	  0	  0	  5	16942	  0
16/10/2016	21:58:05	<-	L	00000000	 10	 69	 46	 25	  0	324	  0	  4	  4	  4	  4	  4	  4	  4	  4	  0	  0	  0	  0	  0	  0	  0	  0	  0	  0	  0	  0	  0	  0	  0	  0	  0	  0	  0	  0	  0	  0	  0	  0	 69	 46	 25	 60	  0	 44	  0	  0	  0	  0	  0	  0	  0	  0	  0	  0	  0	  5	17199	  0
16/10/2016	22:03:05	<-	L	00000000	 10	 68	 46	 25	  0	329	  0	  4	  4	  4	  4	  4	  4	  4	  4	  0	  0	  0	  0	  0	  0	  0	  0	  0	  0	  0	  0	  0	  0	  0	  0	  0	  0	  0	  0	  0	  0	  0	  0	 68	 46	 27	 60	  0	 44	  0	  0	  0	  0	  0	  0	  0	  0	  0	  0	  0	  5	17199	  0
16/10/2016	22:08:05	<-	L	00000000	 10	 69	 47	 28	  0	334	  0	  4	  4	  4	  4	  4	  4	  4	  4	  0	  0	  0	  0	  0	  0	  0	  0	  0	  0	  0	  0	  0	  0	  0	  0	  0	  0	  0	  0	  0	  0	  0	  0	 69	 47	 28	 60	  0	 47	  0	  0	  0	  0	  0	  0	  0	  0	  0	  0	  0	  5	17456	  0
16/10/2016	22:13:05	<-	L	00000000	 10	 68	 47	 29	  0	339	  0	  4	  4	  4	  4	  4	  4	  4	  4	  0	  0	  0	  0	  0	  0	  0	  0	  0	  0	  0	  0	  0	  0	  0	  0	  0	  0	  0	  0	  0	  0	  0	  0	 68	 47	 29	 60	  0	 47	  0	  0	  0	  0	  0	  0	  0	  0	  0	  0	  0	  5	17456	  0
16/10/2016	22:18:05	<-	L	00000000	 10	 68	 47	 29	  0	344	  0	  4	  4	  4	  4	  4	  4	  4	  4	  0	  0	  0	  0	  0	  0	  0	  0	  0	  0	  0	  0	  0	  0	  0	  0	  0	  0	  0	  0	  0	  0	  0	  0	 68	 47	 29	 60	  0	 47	  0	  0	  0	  0	  0	  0	  0	  0	  0	  0	  0	  5	17713	  0
16/10/2016	22:23:05	<-	L	00000000	 10	 68	 47	 29	  0	349	  0	  4	  4	  4	  4	  4	  4	  4	  4	  0	  0	  0	  0	  0	  0	  0	  0	  0	  0	  0	  0	  0	  0	  0	  0	  0	  0	  0	  0	  0	  0	  0	  0	 68	 47	 29	 60	  0	 47	  0	  0	  0	  0	  0	  0	  0	  0	  0	  0	  0	  5	17970	  0
16/10/2016	22:28:05	<-	L	00000000	 10	 69	 48	 32	  0	354	  0	  4	  4	  4	  4	  4	  4	  4	  4	  0	  0	  0	  0	  0	  0	  0	  0	  0	  0	  0	  0	  0	  0	  0	  0	  0	  0	  0	  0	  0	  0	  0	  0	 69	 48	 29	 61	  0	 47	  0	  0	  0	  0	  0	  0	  0	  0	  0	  0	  0	  5	17970	  0
16/10/2016	22:33:05	<-	L	00000000	 10	 72	 48	 26	  0	359	  0	  4	  4	  4	  4	  4	  4	  4	  4	  0	  0	  0	  0	  0	  0	  0	  0	  0	  0	  0	  0	  0	  0	  0	  0	  0	  0	  0	  0	  0	  0	  0	  0	 72	 48	 26	 62	  0	 45	  0	  0	  0	  0	  0	  0	  0	  0	  0	  0	  0	  5	18227	  0
16/10/2016	22:38:05	<-	L	00000000	 21	 83	 50	 20	  0	  3	  0	  4	  4	  4	  4	  4	  4	  4	  4	  0	  0	  0	  0	  0	  0	  0	  0	  0	  0	  0	  0	  0	  0	  0	  0	  0	  0	  0	  0	  0	  0	  0	  0	 83	 50	 20	 67	  0	 39	  0	  0	  0	  0	  0	  0	  0	  0	  0	  0	  0	  5	21826	  0
16/10/2016	22:43:05	<-	L	00000000	 21	 85	 51	 20	  0	  8	  0	  4	  4	  4	  4	  4	  4	  4	  4	  0	  0	  0	  0	  0	  0	  0	  0	  0	  0	  0	  0	  0	  0	  0	  0	  0	  0	  0	  0	  0	  0	  0	  0	 85	 51	 20	 69	  0	 38	  0	  0	  0	  0	  0	  0	  0	  0	  0	  0	  0	  5	21826	  0
16/10/2016	22:48:05	<-	L	00000000	 21	 82	 51	 22	  0	 13	  0	  4	  4	  4	  4	  4	  4	  4	  4	  0	  0	  0	  0	  0	  0	  0	  0	  0	  0	  0	  0	  0	  0	  0	  0	  0	  0	  0	  0	  0	  0	  0	  0	 82	 51	 22	 69	  0	 38	  0	  0	  0	  0	  0	  0	  0	  0	  0	  0	  0	  5	21812	  0
16/10/2016	22:53:05	<-	L	00000000	 21	 84	 52	 21	  0	 18	  0	  4	  4	  4	  4	  4	  4	  4	  4	  0	  0	  0	  0	  0	  0	  0	  0	  0	  0	  0	  0	  0	  0	  0	  0	  0	  0	  0	  0	  0	  0	  0	  0	 84	 52	 21	 70	  0	 38	  0	  0	  0	  0	  0	  0	  0	  0	  0	  0	  0	  5	21812	  0
16/10/2016	22:58:05	<-	L	00000000	 21	 84	 52	 21	  0	 23	  0	  4	  4	  4	  4	  4	  4	  4	  4	  0	  0	  0	  0	  0	  0	  0	  0	  0	  0	  0	  0	  0	  0	  0	  0	  0	  0	  0	  0	  0	  0	  0	  0	 84	 52	 21	 70	  0	 38	  0	  0	  0	  0	  0	  0	  0	  0	  0	  0	  0	  5	21812	  0
16/10/2016	23:03:05	<-	L	00000000	 21	 83	 52	 23	  0	 28	  0	  4	  4	  4	  4	  4	  4	  4	  4	  0	  0	  0	  0	  0	  0	  0	  0	  0	  0	  0	  0	  0	  0	  0	  0	  0	  0	  0	  0	  0	  0	  0	  0	 83	 52	 22	 70	  0	 38	  0	  0	  0	  0	  0	  0	  0	  0	  0	  0	  0	  5	21812	  0
16/10/2016	23:08:05	<-	L	00000000	 21	 86	 53	 21	  0	 33	  0	  4	  4	  4	  4	  4	  4	  4	  4	  0	  0	  0	  0	  0	  0	  0	  0	  0	  0	  0	  0	  0	  0	  0	  0	  0	  0	  0	  0	  0	  0	  0	  0	 86	 53	 21	 71	  0	 39	  0	  0	  0	  0	  0	  0	  0	  0	  0	  0	  0	  5	21812	  0
16/10/2016	23:13:05	<-	L	00000000	 21	 81	 52	 23	  0	 38	  0	  4	  4	  4	  4	  4	  4	  4	  4	  0	  0	  0	  0	  0	  0	  0	  0	  0	  0	  0	  0	  0	  0	  0	  0	  0	  0	  0	  0	  0	  0	  0	  0	 81	 52	 23	 70	  0	 38	  0	  0	  0	  0	  0	  0	  0	  0	  0	  0	  0	  5	21812	  0
16/10/2016	23:18:05	<-	L	00000000	 21	 86	 53	 21	  0	 43	  0	  4	  4	  4	  4	  4	  4	  4	  4	  0	  0	  0	  0	  0	  0	  0	  0	  0	  0	  0	  0	  0	  0	  0	  0	  0	  0	  0	  0	  0	  0	  0	  0	 86	 53	 21	 72	  0	 36	  0	  0	  0	  0	  0	  0	  0	  0	  0	  0	  0	  5	21812	  0
16/10/2016	23:23:05	<-	L	00000000	 21	 81	 52	 23	  0	 48	  0	  4	  4	  4	  4	  4	  4	  4	  4	  0	  0	  0	  0	  0	  0	  0	  0	  0	  0	  0	  0	  0	  0	  0	  0	  0	  0	  0	  0	  0	  0	  0	  0	 81	 52	 23	 70	  0	 38	  0	  0	  0	  0	  0	  0	  0	  0	  0	  0	  0	  5	21812	  0
16/10/2016	23:28:05	<-	L	00000000	 21	 86	 53	 21	  0	 53	  0	  4	  4	  4	  4	  4	  4	  4	  4	  0	  0	  0	  0	  0	  0	  0	  0	  0	  0	  0	  0	  0	  0	  0	  0	  0	  0	  0	  0	  0	  0	  0	  0	 86	 53	 21	 72	  0	 36	  0	  0	  0	  0	  0	  0	  0	  0	  0	  0	  0	  5	21812	  0
16/10/2016	23:33:05	<-	L	00000000	 21	 83	 52	 23	  0	 58	  0	  4	  4	  4	  4	  4	  4	  4	  4	  0	  0	  0	  0	  0	  0	  0	  0	  0	  0	  0	  0	  0	  0	  0	  0	  0	  0	  0	  0	  0	  0	  0	  0	 83	 52	 22	 71	  0	 36	  0	  0	  0	  0	  0	  0	  0	  0	  0	  0	  0	  5	21812	  0
16/10/2016	23:38:05	<-	L	00000000	 21	 86	 53	 21	  0	 63	  0	  4	  4	  4	  4	  4	  4	  4	  4	  0	  0	  0	  0	  0	  0	  0	  0	  0	  0	  0	  0	  0	  0	  0	  0	  0	  0	  0	  0	  0	  0	  0	  0	 86	 53	 21	 72	  0	 36	  0	  0	  0	  0	  0	  0	  0	  0	  0	  0	  0	  5	21812	  0
16/10/2016	23:43:05	<-	L	00000000	 21	 84	 52	 21	  0	 68	  0	  4	  4	  4	  4	  4	  4	  4	  4	  0	  0	  0	  0	  0	  0	  0	  0	  0	  0	  0	  0	  0	  0	  0	  0	  0	  0	  0	  0	  0	  0	  0	  0	 84	 52	 21	 72	  0	 34	  0	  0	  0	  0	  0	  0	  0	  0	  0	  0	  0	  5	21812	  0
16/10/2016	23:48:05	<-	L	00000000	 21	 85	 53	 21	  0	 73	  0	  4	  4	  4	  4	  4	  4	  4	  4	  0	  0	  0	  0	  0	  0	  0	  0	  0	  0	  0	  0	  0	  0	  0	  0	  0	  0	  0	  0	  0	  0	  0	  0	 85	 53	 22	 72	  0	 36	  0	  0	  0	  0	  0	  0	  0	  0	  0	  0	  0	  5	21812	  0
16/10/2016	23:53:05	<-	L	00000000	 21	 83	 52	 23	  0	 78	  0	  4	  4	  4	  4	  4	  4	  4	  4	  0	  0	  0	  0	  0	  0	  0	  0	  0	  0	  0	  0	  0	  0	  0	  0	  0	  0	  0	  0	  0	  0	  0	  0	 83	 52	 22	 72	  0	 34	  0	  0	  0	  0	  0	  0	  0	  0	  0	  0	  0	  5	21812	  0
16/10/2016	23:58:05	<-	L	00000000	 21	 86	 53	 20	  0	 83	  0	  4	  4	  4	  4	  4	  4	  4	  4	  0	  0	  0	  0	  0	  0	  0	  0	  0	  0	  0	  0	  0	  0	  0	  0	  0	  0	  0	  0	  0	  0	  0	  0	 86	 53	 21	 73	  0	 34	  0	  0	  0	  0	  0	  0	  0	  0	  0	  0	  0	  5	21812	  0
17/10/2016	00:03:05	<-	L	00000000	 21	 84	 52	 22	  0	 88	  0	  4	  4	  4	  4	  4	  4	  4	  4	  0	  0	  0	  0	  0	  0	  0	  0	  0	  0	  0	  0	  0	  0	  0	  0	  0	  0	  0	  0	  0	  0	  0	  0	 84	 52	 21	 72	  0	 34	  0	  0	  0	  0	  0	  0	  0	  0	  0	  0	  0	  5	21812	  0
17/10/2016	00:08:05	<-	L	00000000	 21	 87	 53	 20	  0	 93	  0	  4	  4	  4	  4	  4	  4	  4	  4	  0	  0	  0	  0	  0	  0	  0	  0	  0	  0	  0	  0	  0	  0	  0	  0	  0	  0	  0	  0	  0	  0	  0	  0	 87	 53	 20	 73	  0	 34	  0	  0	  0	  0	  0	  0	  0	  0	  0	  0	  0	  5	21812	  0
17/10/2016	00:13:05	<-	L	00000000	 21	 84	 52	 22	  0	 98	  0	  4	  4	  4	  4	  4	  4	  4	  4	  0	  0	  0	  0	  0	  0	  0	  0	  0	  0	  0	  0	  0	  0	  0	  0	  0	  0	  0	  0	  0	  0	  0	  0	 84	 52	 21	 72	  0	 34	  0	  0	  0	  0	  0	  0	  0	  0	  0	  0	  0	  5	21812	  0
17/10/2016	00:18:05	<-	L	00000000	 21	 84	 52	 21	  0	103	  0	  4	  4	  4	  4	  4	  4	  4	  4	  0	  0	  0	  0	  0	  0	  0	  0	  0	  0	  0	  0	  0	  0	  0	  0	  0	  0	  0	  0	  0	  0	  0	  0	 84	 52	 21	 73	  0	 31	  0	  0	  0	  0	  0	  0	  0	  0	  0	  0	  0	  5	21812	  0
17/10/2016	00:23:05	<-	L	00000000	 21	 85	 52	 21	  0	108	  0	  4	  4	  4	  4	  4	  4	  4	  4	  0	  0	  0	  0	  0	  0	  0	  0	  0	  0	  0	  0	  0	  0	  0	  0	  0	  0	  0	  0	  0	  0	  0	  0	 85	 52	 21	 73	  0	 31	  0	  0	  0	  0	  0	  0	  0	  0	  0	  0	  0	  5	21812	  0
17/10/2016	00:28:05	<-	L	00000000	 21	 84	 52	 21	  0	113	  0	  4	  4	  4	  4	  4	  4	  4	  4	  0	  0	  0	  0	  0	  0	  0	  0	  0	  0	  0	  0	  0	  0	  0	  0	  0	  0	  0	  0	  0	  0	  0	  0	 84	 52	 21	 73	  0	 31	  0	  0	  0	  0	  0	  0	  0	  0	  0	  0	  0	  5	21812	  0
17/10/2016	00:33:05	<-	L	00000000	 21	 85	 52	 21	  0	118	  0	  4	  4	  4	  4	  4	  4	  4	  4	  0	  0	  0	  0	  0	  0	  0	  0	  0	  0	  0	  0	  0	  0	  0	  0	  0	  0	  0	  0	  0	  0	  0	  0	 85	 52	 21	 73	  0	 31	  0	  0	  0	  0	  0	  0	  0	  0	  0	  0	  0	  5	21812	  0
17/10/2016	00:38:05	->	L	00000000	 21	 86	 53	 21	  0	123	  0	  4	  4	  4	  4	  4	  4	  4	  4	  0	  0	  0	  0	  0	  0	  0	  0	  0	  0	  0	  0	  0	  0	  0	  0	  0	  0	  0	  0	  0	  0	  0	  0	 86	 53	 21	 74	  0	 31	  0	  0	  0	  0	  0	  0	  0	  0	  0	  0	  0	  5	21812	  0
17/10/2016	00:43:05	->	L	00000000	 21	 82	 52	 22	  0	128	  0	  4	  4	  4	  4	  4	  4	  4	  4	  0	  0	  0	  0	  0	  0	  0	  0	  0	  0	  0	  0	  0	  0	  0	  0	  0	  0	  0	  0	  0	  0	  0	  0	 78	 52	 27	 82	  0	 23	  0	  0	  0	  0	  0	  0	  0	  0	  0	  0	  0	  5	21812	  0
17/10/2016	00:48:05	->	L	00000000	 21	 87	 52	 19	  0	133	  0	  4	  4	  4	  4	  4	  4	  4	  4	  0	  0	  0	  0	  0	  0	  0	  0	  0	  0	  0	  0	  0	  0	  0	  0	  0	  0	  0	  0	  0	  0	  0	  0	 77	 52	 26	 87	  0	 19	  0	  0	  0	  0	  0	  0	  0	  0	  0	  0	  0	  5	21812	  0
17/10/2016	00:53:05	->	L	00000000	 21	 80	 52	 23	  0	138	  0	  4	  4	  4	  4	  4	  4	  4	  4	  0	  0	  0	  0	  0	  0	  0	  0	  0	  0	  0	  0	  0	  0	  0	  0	  0	  0	  0	  0	  0	  0	  0	  0	 76	 52	 28	 80	  0	 24	  0	  0	  0	  0	  0	  0	  0	  0	  0	  0	  0	  5	20532	  0
17/10/2016	00:58:05	->	L	00000000	 21	 79	 52	 25	  0	143	  0	  4	  4	  4	  4	  4	  4	  4	  4	  0	  0	  0	  0	  0	  0	  0	  0	  0	  0	  0	  0	  0	  0	  0	  0	  0	  0	  0	  0	  0	  0	  0	  0	 74	 52	 30	 79	  0	 25	  0	  0	  0	  0	  0	  0	  0	  0	  0	  0	  0	  5	20532	  0
17/10/2016	01:03:05	->	L	00000000	 21	 82	 52	 22	  0	148	  0	  4	  4	  4	  4	  4	  4	  4	  4	  0	  0	  0	  0	  0	  0	  0	  0	  0	  0	  0	  0	  0	  0	  0	  0	  0	  0	  0	  0	  0	  0	  0	  0	 75	 52	 28	 82	  0	 23	  0	  0	  0	  0	  0	  0	  0	  0	  0	  0	  0	  5	20532	  0
17/10/2016	01:08:06	->	L	00000000	 21	 79	 52	 25	  0	153	  0	  4	  4	  4	  4	  4	  4	  4	  4	  0	  0	  0	  0	  0	  0	  0	  0	  0	  0	  0	  0	  0	  0	  0	  0	  0	  0	  0	  0	  0	  0	  0	  0	 73	 52	 31	 79	  0	 25	  0	  0	  0	  0	  0	  0	  0	  0	  0	  0	  0	  5	20532	  0
17/10/2016	01:13:06	->	L	00000000	 21	 82	 52	 23	  0	158	  0	  4	  4	  4	  4	  4	  4	  4	  4	  0	  0	  0	  0	  0	  0	  0	  0	  0	  0	  0	  0	  0	  0	  0	  0	  0	  0	  0	  0	  0	  0	  0	  0	 74	 52	 30	 82	  0	 23	  0	  0	  0	  0	  0	  0	  0	  0	  0	  0	  0	  5	20532	  0
17/10/2016	01:18:06	->	L	00000000	 21	 78	 52	 25	  0	163	  0	  4	  4	  4	  4	  4	  4	  4	  4	  0	  0	  0	  0	  0	  0	  0	  0	  0	  0	  0	  0	  0	  0	  0	  0	  0	  0	  0	  0	  0	  0	  0	  0	 73	 52	 31	 78	  0	 27	  0	  0	  0	  0	  0	  0	  0	  0	  0	  0	  0	  5	20532	  0
17/10/2016	01:23:06	->	L	00000000	 21	 82	 52	 23	  0	168	  0	  4	  4	  4	  4	  4	  4	  4	  4	  0	  0	  0	  0	  0	  0	  0	  0	  0	  0	  0	  0	  0	  0	  0	  0	  0	  0	  0	  0	  0	  0	  0	  0	 74	 52	 30	 82	  0	 23	  0	  0	  0	  0	  0	  0	  0	  0	  0	  0	  0	  5	20532	  0
17/10/2016	01:28:06	->	L	00000000	 21	 79	 52	 25	  0	173	  0	  4	  4	  4	  4	  4	  4	  4	  4	  0	  0	  0	  0	  0	  0	  0	  0	  0	  0	  0	  0	  0	  0	  0	  0	  0	  0	  0	  0	  0	  0	  0	  0	 72	 52	 34	 79	  0	 25	  0	  0	  0	  0	  0	  0	  0	  0	  0	  0	  0	  5	20532	  0
17/10/2016	01:33:05	->	L	00000000	 21	 82	 52	 23	  0	178	  0	  4	  4	  4	  4	  4	  4	  4	  4	  0	  0	  0	  0	  0	  0	  0	  0	  0	  0	  0	  0	  0	  0	  0	  0	  0	  0	  0	  0	  0	  0	  0	  0	 74	 52	 30	 82	  0	 23	  0	  0	  0	  0	  0	  0	  0	  0	  0	  0	  0	  5	20532	  0
17/10/2016	01:38:05	->	L	00000000	 21	 79	 52	 25	  0	183	  0	  4	  4	  4	  4	  4	  4	  4	  4	  0	  0	  0	  0	  0	  0	  0	  0	  0	  0	  0	  0	  0	  0	  0	  0	  0	  0	  0	  0	  0	  0	  0	  0	 73	 52	 31	 79	  0	 25	  0	  0	  0	  0	  0	  0	  0	  0	  0	  0	  0	  5	20532	  0
17/10/2016	01:43:05	->	L	00000000	 21	 82	 52	 23	  0	188	  0	  4	  4	  4	  4	  4	  4	  4	  4	  0	  0	  0	  0	  0	  0	  0	  0	  0	  0	  0	  0	  0	  0	  0	  0	  0	  0	  0	  0	  0	  0	  0	  0	 74	 52	 30	 82	  0	 23	  0	  0	  0	  0	  0	  0	  0	  0	  0	  0	  0	  5	20532	  0
17/10/2016	01:48:05	->	L	00000000	 21	 79	 52	 25	  0	193	  0	  4	  4	  4	  4	  4	  4	  4	  4	  0	  0	  0	  0	  0	  0	  0	  0	  0	  0	  0	  0	  0	  0	  0	  0	  0	  0	  0	  0	  0	  0	  0	  0	 73	 52	 31	 79	  0	 25	  0	  0	  0	  0	  0	  0	  0	  0	  0	  0	  0	  5	20532	  0
17/10/2016	01:53:05	->	L	00000000	 21	 81	 51	 23	  0	198	  0	  4	  4	  4	  4	  4	  4	  4	  4	  0	  0	  0	  0	  0	  0	  0	  0	  0	  0	  0	  0	  0	  0	  0	  0	  0	  0	  0	  0	  0	  0	  0	  0	 73	 51	 30	 81	  0	 22	  0	  0	  0	  0	  0	  0	  0	  0	  0	  0	  0	  5	20532	  0
17/10/2016	01:58:05	->	L	00000000	 21	 81	 52	 23	  0	203	  0	  4	  4	  4	  4	  4	  4	  4	  4	  0	  0	  0	  0	  0	  0	  0	  0	  0	  0	  0	  0	  0	  0	  0	  0	  0	  0	  0	  0	  0	  0	  0	  0	 74	 52	 30	 81	  0	 23	  0	  0	  0	  0	  0	  0	  0	  0	  0	  0	  0	  5	20532	  0
17/10/2016	02:03:05	->	L	00000000	 21	 78	 52	 25	  0	208	  0	  4	  4	  4	  4	  4	  4	  4	  4	  0	  0	  0	  0	  0	  0	  0	  0	  0	  0	  0	  0	  0	  0	  0	  0	  0	  0	  0	  0	  0	  0	  0	  0	 73	 52	 31	 78	  0	 27	  0	  0	  0	  0	  0	  0	  0	  0	  0	  0	  0	  5	20532	  0
17/10/2016	02:08:05	->	L	00000000	 21	 83	 52	 23	  0	213	  0	  4	  4	  4	  4	  4	  4	  4	  4	  0	  0	  0	  0	  0	  0	  0	  0	  0	  0	  0	  0	  0	  0	  0	  0	  0	  0	  0	  0	  0	  0	  0	  0	 73	 52	 31	 83	  0	 22	  0	  0	  0	  0	  0	  0	  0	  0	  0	  0	  0	  5	20532	  0
17/10/2016	02:13:05	->	L	00000000	 21	 80	 52	 23	  0	218	  0	  4	  4	  4	  4	  4	  4	  4	  4	  0	  0	  0	  0	  0	  0	  0	  0	  0	  0	  0	  0	  0	  0	  0	  0	  0	  0	  0	  0	  0	  0	  0	  0	 74	 52	 30	 80	  0	 24	  0	  0	  0	  0	  0	  0	  0	  0	  0	  0	  0	  5	20532	  0
17/10/2016	02:18:05	->	L	00000000	 21	 80	 51	 24	  0	223	  0	  4	  4	  4	  4	  4	  4	  4	  4	  0	  0	  0	  0	  0	  0	  0	  0	  0	  0	  0	  0	  0	  0	  0	  0	  0	  0	  0	  0	  0	  0	  0	  0	 73	 51	 30	 80	  0	 23	  0	  0	  0	  0	  0	  0	  0	  0	  0	  0	  0	  5	20532	  0
17/10/2016	02:23:05	->	L	00000000	 21	 83	 52	 22	  0	228	  0	  4	  4	  4	  4	  4	  4	  4	  4	  0	  0	  0	  0	  0	  0	  0	  0	  0	  0	  0	  0	  0	  0	  0	  0	  0	  0	  0	  0	  0	  0	  0	  0	 74	 52	 30	 83	  0	 22	  0	  0	  0	  0	  0	  0	  0	  0	  0	  0	  0	  5	20532	  0
17/10/2016	02:28:05	->	L	00000000	 21	 79	 51	 24	  0	233	  0	  4	  4	  4	  4	  4	  4	  4	  4	  0	  0	  0	  0	  0	  0	  0	  0	  0	  0	  0	  0	  0	  0	  0	  0	  0	  0	  0	  0	  0	  0	  0	  0	 73	 51	 30	 79	  0	 24	  0	  0	  0	  0	  0	  0	  0	  0	  0	  0	  0	  5	20532	  0
17/10/2016	02:33:05	->	L	00000000	 21	 83	 51	 21	  0	238	  0	  4	  4	  4	  4	  4	  4	  4	  4	  0	  0	  0	  0	  0	  0	  0	  0	  0	  0	  0	  0	  0	  0	  0	  0	  0	  0	  0	  0	  0	  0	  0	  0	 74	 51	 27	 83	  0	 21	  0	  0	  0	  0	  0	  0	  0	  0	  0	  0	  0	  5	20532	  0
17/10/2016	02:38:05	->	L	00000000	 21	 80	 52	 22	  0	243	  0	  4	  4	  4	  4	  4	  4	  4	  4	  0	  0	  0	  0	  0	  0	  0	  0	  0	  0	  0	  0	  0	  0	  0	  0	  0	  0	  0	  0	  0	  0	  0	  0	 74	 52	 30	 80	  0	 24	  0	  0	  0	  0	  0	  0	  0	  0	  0	  0	  0	  5	20532	  0
17/10/2016	02:43:05	->	L	00000000	 21	 81	 51	 23	  0	248	  0	  4	  4	  4	  4	  4	  4	  4	  4	  0	  0	  0	  0	  0	  0	  0	  0	  0	  0	  0	  0	  0	  0	  0	  0	  0	  0	  0	  0	  0	  0	  0	  0	 73	 51	 30	 81	  0	 22	  0	  0	  0	  0	  0	  0	  0	  0	  0	  0	  0	  5	20532	  0
17/10/2016	02:48:05	->	L	00000000	 21	 83	 51	 21	  0	253	  0	  4	  4	  4	  4	  4	  4	  4	  4	  0	  0	  0	  0	  0	  0	  0	  0	  0	  0	  0	  0	  0	  0	  0	  0	  0	  0	  0	  0	  0	  0	  0	  0	 74	 51	 27	 83	  0	 21	  0	  0	  0	  0	  0	  0	  0	  0	  0	  0	  0	  5	20532	  0
17/10/2016	02:53:05	->	L	00000000	 21	 80	 51	 23	  0	258	  0	  4	  4	  4	  4	  4	  4	  4	  4	  0	  0	  0	  0	  0	  0	  0	  0	  0	  0	  0	  0	  0	  0	  0	  0	  0	  0	  0	  0	  0	  0	  0	  0	 74	 51	 27	 80	  0	 23	  0	  0	  0	  0	  0	  0	  0	  0	  0	  0	  0	  5	20532	  0
17/10/2016	02:58:06	->	L	00000000	 21	 81	 51	 23	  0	263	  0	  4	  4	  4	  4	  4	  4	  4	  4	  0	  0	  0	  0	  0	  0	  0	  0	  0	  0	  0	  0	  0	  0	  0	  0	  0	  0	  0	  0	  0	  0	  0	  0	 74	 51	 27	 81	  0	 22	  0	  0	  0	  0	  0	  0	  0	  0	  0	  0	  0	  5	20532	  0
17/10/2016	03:03:05	->	L	00000000	 21	 83	 51	 20	  0	268	  0	  4	  4	  4	  4	  4	  4	  4	  4	  0	  0	  0	  0	  0	  0	  0	  0	  0	  0	  0	  0	  0	  0	  0	  0	  0	  0	  0	  0	  0	  0	  0	  0	 74	 51	 27	 83	  0	 21	  0	  0	  0	  0	  0	  0	  0	  0	  0	  0	  0	  5	20532	  0
17/10/2016	03:08:05	->	L	00000000	 21	 80	 51	 22	  0	273	  0	  4	  4	  4	  4	  4	  4	  4	  4	  0	  0	  0	  0	  0	  0	  0	  0	  0	  0	  0	  0	  0	  0	  0	  0	  0	  0	  0	  0	  0	  0	  0	  0	 74	 51	 27	 80	  0	 23	  0	  0	  0	  0	  0	  0	  0	  0	  0	  0	  0	  5	20532	  0
17/10/2016	03:13:05	->	L	00000000	 21	 79	 51	 24	  0	278	  0	  4	  4	  4	  4	  4	  4	  4	  4	  0	  0	  0	  0	  0	  0	  0	  0	  0	  0	  0	  0	  0	  0	  0	  0	  0	  0	  0	  0	  0	  0	  0	  0	 73	 51	 30	 79	  0	 24	  0	  0	  0	  0	  0	  0	  0	  0	  0	  0	  0	  5	20532	  0
17/10/2016	03:18:05	->	L	00000000	 21	 85	 51	 20	  0	283	  0	  4	  4	  4	  4	  4	  4	  4	  4	  0	  0	  0	  0	  0	  0	  0	  0	  0	  0	  0	  0	  0	  0	  0	  0	  0	  0	  0	  0	  0	  0	  0	  0	 74	 51	 27	 85	  0	 20	  0	  0	  0	  0	  0	  0	  0	  0	  0	  0	  0	  5	20532	  0
17/10/2016	03:23:05	->	L	00000000	 21	 85	 51	 20	  0	288	  0	  4	  4	  4	  4	  4	  4	  4	  4	  0	  0	  0	  0	  0	  0	  0	  0	  0	  0	  0	  0	  0	  0	  0	  0	  0	  0	  0	  0	  0	  0	  0	  0	 75	 51	 28	 85	  0	 20	  0	  0	  0	  0	  0	  0	  0	  0	  0	  0	  0	  5	21810	  0
17/10/2016	03:28:05	->	L	00000000	 21	 86	 51	 20	  0	293	  0	  4	  4	  4	  4	  4	  4	  4	  4	  0	  0	  0	  0	  0	  0	  0	  0	  0	  0	  0	  0	  0	  0	  0	  0	  0	  0	  0	  0	  0	  0	  0	  0	 76	 51	 26	 86	  0	 19	  0	  0	  0	  0	  0	  0	  0	  0	  0	  0	  0	  5	21810	  0
17/10/2016	03:33:05	->	L	00000000	 21	 83	 50	 19	  0	298	  0	  4	  4	  4	  4	  4	  4	  4	  4	  0	  0	  0	  0	  0	  0	  0	  0	  0	  0	  0	  0	  0	  0	  0	  0	  0	  0	  0	  0	  0	  0	  0	  0	 75	 50	 25	 83	  0	 20	  0	  0	  0	  0	  0	  0	  0	  0	  0	  0	  0	  5	21810	  0
17/10/2016	03:38:05	->	L	00000000	 21	 89	 50	 16	  0	303	  0	  4	  4	  4	  4	  4	  4	  4	  4	  0	  0	  0	  0	  0	  0	  0	  0	  0	  0	  0	  0	  0	  0	  0	  0	  0	  0	  0	  0	  0	  0	  0	  0	 77	 50	 24	 89	  0	 16	  0	  0	  0	  0	  0	  0	  0	  0	  0	  0	  0	  5	21810	  0
17/10/2016	03:43:05	->	L	00000000	 21	 83	 50	 19	  0	308	  0	  4	  4	  4	  4	  4	  4	  4	  4	  0	  0	  0	  0	  0	  0	  0	  0	  0	  0	  0	  0	  0	  0	  0	  0	  0	  0	  0	  0	  0	  0	  0	  0	 76	 50	 26	 83	  0	 20	  0	  0	  0	  0	  0	  0	  0	  0	  0	  0	  0	  5	21810	  0
17/10/2016	03:48:05	->	L	00000000	 21	 88	 50	 17	  0	313	  0	  4	  4	  4	  4	  4	  4	  4	  4	  0	  0	  0	  0	  0	  0	  0	  0	  0	  0	  0	  0	  0	  0	  0	  0	  0	  0	  0	  0	  0	  0	  0	  0	 76	 50	 26	 88	  0	 17	  0	  0	  0	  0	  0	  0	  0	  0	  0	  0	  0	  5	21810	  0
17/10/2016	03:53:06	->	L	00000000	 21	 86	 50	 17	  0	318	  0	  4	  4	  4	  4	  4	  4	  4	  4	  0	  0	  0	  0	  0	  0	  0	  0	  0	  0	  0	  0	  0	  0	  0	  0	  0	  0	  0	  0	  0	  0	  0	  0	 77	 50	 24	 86	  0	 18	  0	  0	  0	  0	  0	  0	  0	  0	  0	  0	  0	  5	21810	  0
17/10/2016	03:58:06	->	L	00000000	 21	 85	 50	 19	  0	323	  0	  4	  4	  4	  4	  4	  4	  4	  4	  0	  0	  0	  0	  0	  0	  0	  0	  0	  0	  0	  0	  0	  0	  0	  0	  0	  0	  0	  0	  0	  0	  0	  0	 76	 50	 26	 85	  0	 19	  0	  0	  0	  0	  0	  0	  0	  0	  0	  0	  0	  5	21810	  0
17/10/2016	04:03:06	->	L	00000000	 21	 88	 51	 17	  0	328	  0	  4	  4	  4	  4	  4	  4	  4	  4	  0	  0	  0	  0	  0	  0	  0	  0	  0	  0	  0	  0	  0	  0	  0	  0	  0	  0	  0	  0	  0	  0	  0	  0	 78	 51	 25	 88	  0	 18	  0	  0	  0	  0	  0	  0	  0	  0	  0	  0	  0	  5	21810	  0
17/10/2016	04:08:06	->	L	00000000	 21	 83	 51	 21	  0	333	  0	  4	  4	  4	  4	  4	  4	  4	  4	  0	  0	  0	  0	  0	  0	  0	  0	  0	  0	  0	  0	  0	  0	  0	  0	  0	  0	  0	  0	  0	  0	  0	  0	 77	 51	 27	 83	  0	 21	  0	  0	  0	  0	  0	  0	  0	  0	  0	  0	  0	  5	21810	  0
17/10/2016	04:13:05	->	L	00000000	 21	 89	 50	 17	  0	338	  0	  4	  4	  4	  4	  4	  4	  4	  4	  0	  0	  0	  0	  0	  0	  0	  0	  0	  0	  0	  0	  0	  0	  0	  0	  0	  0	  0	  0	  0	  0	  0	  0	 78	 50	 23	 89	  0	 16	  0	  0	  0	  0	  0	  0	  0	  0	  0	  0	  0	  5	21810	  0
17/10/2016	04:18:05	->	L	00000000	 21	 83	 50	 20	  0	343	  0	  4	  4	  4	  4	  4	  4	  4	  4	  0	  0	  0	  0	  0	  0	  0	  0	  0	  0	  0	  0	  0	  0	  0	  0	  0	  0	  0	  0	  0	  0	  0	  0	 77	 50	 24	 83	  0	 20	  0	  0	  0	  0	  0	  0	  0	  0	  0	  0	  0	  5	21810	  0
17/10/2016	04:23:05	->	L	00000000	 21	 89	 50	 16	  0	348	  0	  4	  4	  4	  4	  4	  4	  4	  4	  0	  0	  0	  0	  0	  0	  0	  0	  0	  0	  0	  0	  0	  0	  0	  0	  0	  0	  0	  0	  0	  0	  0	  0	 78	 50	 23	 89	  0	 16	  0	  0	  0	  0	  0	  0	  0	  0	  0	  0	  0	  5	21810	  0
17/10/2016	04:28:05	->	L	00000000	 21	 84	 51	 20	  0	353	  0	  4	  4	  4	  4	  4	  4	  4	  4	  0	  0	  0	  0	  0	  0	  0	  0	  0	  0	  0	  0	  0	  0	  0	  0	  0	  0	  0	  0	  0	  0	  0	  0	 77	 51	 27	 84	  0	 20	  0	  0	  0	  0	  0	  0	  0	  0	  0	  0	  0	  5	21810	  0
17/10/2016	04:33:05	->	L	00000000	 21	 87	 50	 20	  0	358	  0	  4	  4	  4	  4	  4	  4	  4	  4	  0	  0	  0	  0	  0	  0	  0	  0	  0	  0	  0	  0	  0	  0	  0	  0	  0	  0	  0	  0	  0	  0	  0	  0	 77	 50	 24	 87	  0	 17	  0	  0	  0	  0	  0	  0	  0	  0	  0	  0	  0	  5	21810	  0
17/10/2016	04:38:05	  	L	00000000	 22	 88	 50	 17	  0	  2	  0	  4	  4	  4	  4	  4	  4	  4	  4	  0	  0	  0	  0	  0	  0	  0	  0	  0	  0	  0	  0	  0	  0	  0	  0	  0	  0	  0	  0	  0	  0	  0	  0	 77	 50	 24	 88	  0	 17	  0	  0	  0	  0	  0	  0	  0	  0	  0	  0	  0	  5	21809	  0
17/10/2016	04:43:05	<-	L	00000000	 22	 87	 50	 17	  0	  7	  0	  4	  4	  4	  4	  4	  4	  4	  4	  0	  0	  0	  0	  0	  0	  0	  0	  0	  0	  0	  0	  0	  0	  0	  0	  0	  0	  0	  0	  0	  0	  0	  0	 87	 50	 17	 80	  0	 22	  0	  0	  0	  0	  0	  0	  0	  0	  0	  0	  0	  5	21809	  0
17/10/2016	04:48:05	<-	L	00000000	 22	 85	 49	 18	  0	 12	  0	  4	  4	  4	  4	  4	  4	  4	  4	  0	  0	  0	  0	  0	  0	  0	  0	  0	  0	  0	  0	  0	  0	  0	  0	  0	  0	  0	  0	  0	  0	  0	  0	 85	 49	 18	 78	  0	 22	  0	  0	  0	  0	  0	  0	  0	  0	  0	  0	  0	  5	21809	  0
17/10/2016	04:53:05	<-	L	00000000	 22	 88	 50	 16	  0	 17	  0	  4	  4	  4	  4	  4	  4	  4	  4	  0	  0	  0	  0	  0	  0	  0	  0	  0	  0	  0	  0	  0	  0	  0	  0	  0	  0	  0	  0	  0	  0	  0	  0	 88	 50	 17	 79	  0	 23	  0	  0	  0	  0	  0	  0	  0	  0	  0	  0	  0	  5	21809	  0
17/10/2016	04:58:05	<-	L	00000000	 22	 84	 49	 19	  0	 22	  0	  4	  4	  4	  4	  4	  4	  4	  4	  0	  0	  0	  0	  0	  0	  0	  0	  0	  0	  0	  0	  0	  0	  0	  0	  0	  0	  0	  0	  0	  0	  0	  0	 84	 49	 18	 77	  0	 23	  0	  0	  0	  0	  0	  0	  0	  0	  0	  0	  0	  5	21809	  0
17/10/2016	05:03:06	<-	L	00000000	 22	 89	 50	 16	  0	 27	  0	  4	  4	  4	  4	  4	  4	  4	  4	  0	  0	  0	  0	  0	  0	  0	  0	  0	  0	  0	  0	  0	  0	  0	  0	  0	  0	  0	  0	  0	  0	  0	  0	 89	 50	 16	 78	  0	 23	  0	  0	  0	  0	  0	  0	  0	  0	  0	  0	  0	  5	21809	  0
17/10/2016	05:08:06	<-	L	00000000	 22	 83	 49	 18	  0	 32	  0	  4	  4	  4	  4	  4	  4	  4	  4	  0	  0	  0	  0	  0	  0	  0	  0	  0	  0	  0	  0	  0	  0	  0	  0	  0	  0	  0	  0	  0	  0	  0	  0	 83	 49	 19	 76	  0	 24	  0	  0	  0	  0	  0	  0	  0	  0	  0	  0	  0	  5	21809	  0
17/10/2016	05:13:05	<-	L	00000000	 22	 89	 50	 16	  0	 37	  0	  4	  4	  4	  4	  4	  4	  4	  4	  0	  0	  0	  0	  0	  0	  0	  0	  0	  0	  0	  0	  0	  0	  0	  0	  0	  0	  0	  0	  0	  0	  0	  0	 89	 50	 16	 78	  0	 23	  0	  0	  0	  0	  0	  0	  0	  0	  0	  0	  0	  5	21809	  0
17/10/2016	05:18:05	<-	L	00000000	 22	 84	 49	 18	  0	 42	  0	  4	  4	  4	  4	  4	  4	  4	  4	  0	  0	  0	  0	  0	  0	  0	  0	  0	  0	  0	  0	  0	  0	  0	  0	  0	  0	  0	  0	  0	  0	  0	  0	 84	 49	 18	 77	  0	 23	  0	  0	  0	  0	  0	  0	  0	  0	  0	  0	  0	  5	21809	  0
17/10/2016	05:23:05	<-	L	00000000	 22	 86	 49	 17	  0	 47	  0	  4	  4	  4	  4	  4	  4	  4	  4	  0	  0	  0	  0	  0	  0	  0	  0	  0	  0	  0	  0	  0	  0	  0	  0	  0	  0	  0	  0	  0	  0	  0	  0	 86	 49	 17	 77	  0	 23	  0	  0	  0	  0	  0	  0	  0	  0	  0	  0	  0	  5	21809	  0
17/10/2016	05:28:05	<-	L	00000000	 22	 87	 49	 17	  0	 52	  0	  4	  4	  4	  4	  4	  4	  4	  4	  0	  0	  0	  0	  0	  0	  0	  0	  0	  0	  0	  0	  0	  0	  0	  0	  0	  0	  0	  0	  0	  0	  0	  0	 87	 49	 16	 77	  0	 23	  0	  0	  0	  0	  0	  0	  0	  0	  0	  0	  0	  5	21809	  0
17/10/2016	05:33:05	<-	L	00000000	 22	 86	 49	 18	  0	 57	  0	  4	  4	  4	  4	  4	  4	  4	  4	  0	  0	  0	  0	  0	  0	  0	  0	  0	  0	  0	  0	  0	  0	  0	  0	  0	  0	  0	  0	  0	  0	  0	  0	 86	 49	 17	 77	  0	 23	  0	  0	  0	  0	  0	  0	  0	  0	  0	  0	  0	  5	21809	  0
17/10/2016	05:38:05	<-	L	00000000	 22	 89	 50	 16	  0	 62	  0	  4	  4	  4	  4	  4	  4	  4	  4	  0	  0	  0	  0	  0	  0	  0	  0	  0	  0	  0	  0	  0	  0	  0	  0	  0	  0	  0	  0	  0	  0	  0	  0	 89	 50	 16	 78	  0	 23	  0	  0	  0	  0	  0	  0	  0	  0	  0	  0	  0	  5	21809	  0
17/10/2016	05:43:05	<-	L	00000000	 22	 83	 48	 18	  0	 67	  0	  4	  4	  4	  4	  4	  4	  4	  4	  0	  0	  0	  0	  0	  0	  0	  0	  0	  0	  0	  0	  0	  0	  0	  0	  0	  0	  0	  0	  0	  0	  0	  0	 83	 48	 18	 76	  0	 22	  0	  0	  0	  0	  0	  0	  0	  0	  0	  0	  0	  5	21809	  0
17/10/2016	05:48:05	<-	L	00000000	 22	 90	 50	 16	  0	 72	  0	  4	  4	  4	  4	  4	  4	  4	  4	  0	  0	  0	  0	  0	  0	  0	  0	  0	  0	  0	  0	  0	  0	  0	  0	  0	  0	  0	  0	  0	  0	  0	  0	 90	 50	 16	 79	  0	 23	  0	  0	  0	  0	  0	  0	  0	  0	  0	  0	  0	  5	21809	  0
17/10/2016	05:53:05	<-	L	00000000	 22	 85	 49	 17	  0	 77	  0	  4	  4	  4	  4	  4	  4	  4	  4	  0	  0	  0	  0	  0	  0	  0	  0	  0	  0	  0	  0	  0	  0	  0	  0	  0	  0	  0	  0	  0	  0	  0	  0	 85	 49	 18	 77	  0	 23	  0	  0	  0	  0	  0	  0	  0	  0	  0	  0	  0	  5	21809	  0
17/10/2016	05:58:05	<-	L	00000000	 22	 87	 49	 17	  0	 82	  0	  4	  4	  4	  4	  4	  4	  4	  4	  0	  0	  0	  0	  0	  0	  0	  0	  0	  0	  0	  0	  0	  0	  0	  0	  0	  0	  0	  0	  0	  0	  0	  0	 87	 49	 16	 78	  0	 22	  0	  0	  0	  0	  0	  0	  0	  0	  0	  0	  0	  5	21809	  0
17/10/2016	06:03:05	<-	L	00000000	 22	 89	 50	 16	  0	 87	  0	  4	  4	  4	  4	  4	  4	  4	  4	  0	  0	  0	  0	  0	  0	  0	  0	  0	  0	  0	  0	  0	  0	  0	  0	  0	  0	  0	  0	  0	  0	  0	  0	 89	 50	 16	 79	  0	 23	  0	  0	  0	  0	  0	  0	  0	  0	  0	  0	  0	  5	21809	  0
17/10/2016	06:09:28	<-	L	00000000	 22	 84	 49	 18	  0	 92	  0	  4	  4	  4	  4	  4	  4	  4	  4	  0	  0	  0	  0	  0	  0	  0	  0	  0	  0	  0	  0	  0	  0	  0	  0	  0	  0	  0	  0	  0	  0	  0	  0	 84	 49	 18	 77	  0	 23	  0	  0	  0	  0	  0	  0	  0	  0	  0	  0	  0	  5	21809	  0
17/10/2016	06:14:28	<-	L	00000000	 22	 88	 49	 16	  0	 97	  0	  4	  4	  4	  4	  4	  4	  4	  4	  0	  0	  0	  0	  0	  0	  0	  0	  0	  0	  0	  0	  0	  0	  0	  0	  0	  0	  0	  0	  0	  0	  0	  0	 88	 49	 16	 78	  0	 22	  0	  0	  0	  0	  0	  0	  0	  0	  0	  0	  0	  5	21809	  0
17/10/2016	06:19:28	<-	L	00000000	 22	 86	 49	 17	  0	102	  0	  4	  4	  4	  4	  4	  4	  4	  4	  0	  0	  0	  0	  0	  0	  0	  0	  0	  0	  0	  0	  0	  0	  0	  0	  0	  0	  0	  0	  0	  0	  0	  0	 86	 49	 17	 78	  0	 22	  0	  0	  0	  0	  0	  0	  0	  0	  0	  0	  0	  5	21809	  0
17/10/2016	06:24:28	<-	L	00000000	 22	 83	 48	 18	  0	107	  0	  4	  4	  4	  4	  4	  4	  4	  4	  0	  0	  0	  0	  0	  0	  0	  0	  0	  0	  0	  0	  0	  0	  0	  0	  0	  0	  0	  0	  0	  0	  0	  0	 83	 48	 18	 77	  0	 22	  0	  0	  0	  0	  0	  0	  0	  0	  0	  0	  0	  5	21809	  0
17/10/2016	06:29:28	<-	L	00000000	 22	 90	 49	 15	  0	112	  0	  4	  4	  4	  4	  4	  4	  4	  4	  0	  0	  0	  0	  0	  0	  0	  0	  0	  0	  0	  0	  0	  0	  0	  0	  0	  0	  0	  0	  0	  0	  0	  0	 90	 49	 15	 79	  0	 21	  0	  0	  0	  0	  0	  0	  0	  0	  0	  0	  0	  5	21808	  0
17/10/2016	06:34:28	<-	L	00000000	 22	 83	 48	 18	  0	117	  0	  4	  4	  4	  4	  4	  4	  4	  4	  0	  0	  0	  0	  0	  0	  0	  0	  0	  0	  0	  0	  0	  0	  0	  0	  0	  0	  0	  0	  0	  0	  0	  0	 83	 48	 18	 77	  0	 22	  0	  0	  0	  0	  0	  0	  0	  0	  0	  0	  0	  5	21808	  0
17/10/2016	06:39:29	  	L	00000000	  4	  4	  4	  1	  0	  0	  0	  4	  4	  4	  4	  4	  4	  4	  4	  0	  0	  0	  0	  0	  0	  0	  0	  0	  0	  0	  0	  0	  0	  0	  0	  0	  0	  0	  0	  0	  0	  0	  0	  0	  0	  0	  0	  0	  0	  0	  0	  0	  0	  0	  0	  0	  0	  0	  0	  0	  5	2056	2048
17/10/2016	06:44:28	<-	L	00000000	 22	 85	 48	 17	  0	127	  0	  4	  4	  4	  4	  4	  4	  4	  4	  0	  0	  0	  0	  0	  0	  0	  0	  0	  0	  0	  0	  0	  0	  0	  0	  0	  0	  0	  0	  0	  0	  0	  0	 85	 48	 17	 77	  0	 22	  0	  0	  0	  0	  0	  0	  0	  0	  0	  0	  0	  5	21808	  0
17/10/2016	06:49:28	<-	L	00000000	 22	 88	 49	 15	  0	132	  0	  4	  4	  4	  4	  4	  4	  4	  4	  0	  0	  0	  0	  0	  0	  0	  0	  0	  0	  0	  0	  0	  0	  0	  0	  0	  0	  0	  0	  0	  0	  0	  0	 88	 49	 16	 79	  0	 21	  0	  0	  0	  0	  0	  0	  0	  0	  0	  0	  0	  5	21808	  0
17/10/2016	06:54:28	<-	L	00000000	 22	 87	 49	 16	  0	137	  0	  4	  4	  4	  4	  4	  4	  4	  4	  0	  0	  0	  0	  0	  0	  0	  0	  0	  0	  0	  0	  0	  0	  0	  0	  0	  0	  0	  0	  0	  0	  0	  0	 87	 49	 16	 78	  0	 22	  0	  0	  0	  0	  0	  0	  0	  0	  0	  0	  0	  5	21808	  0
17/10/2016	06:59:28	<-	L	00000000	 22	 86	 48	 17	  0	142	  0	  4	  4	  4	  4	  4	  4	  4	  4	  0	  0	  0	  0	  0	  0	  0	  0	  0	  0	  0	  0	  0	  0	  0	  0	  0	  0	  0	  0	  0	  0	  0	  0	 86	 48	 16	 78	  0	 21	  0	  0	  0	  0	  0	  0	  0	  0	  0	  0	  0	  5	21808	  0
17/10/2016	07:04:28	<-	L	00000000	 22	 89	 49	 15	  0	147	  0	  4	  4	  4	  4	  4	  4	  4	  4	  0	  0	  0	  0	  0	  0	  0	  0	  0	  0	  0	  0	  0	  0	  0	  0	  0	  0	  0	  0	  0	  0	  0	  0	 89	 49	 15	 79	  0	 21	  0	  0	  0	  0	  0	  0	  0	  0	  0	  0	  0	  5	21808	  0
17/10/2016	07:09:28	<-	L	00000000	 22	 84	 48	 17	  0	152	  0	  4	  4	  4	  4	  4	  4	  4	  4	  0	  0	  0	  0	  0	  0	  0	  0	  0	  0	  0	  0	  0	  0	  0	  0	  0	  0	  0	  0	  0	  0	  0	  0	 84	 48	 17	 78	  0	 21	  0	  0	  0	  0	  0	  0	  0	  0	  0	  0	  0	  5	21808	  0
17/10/2016	07:14:28	<-	L	00000000	 22	 89	 49	 15	  0	157	  0	  4	  4	  4	  4	  4	  4	  4	  4	  0	  0	  0	  0	  0	  0	  0	  0	  0	  0	  0	  0	  0	  0	  0	  0	  0	  0	  0	  0	  0	  0	  0	  0	 89	 49	 15	 79	  0	 21	  0	  0	  0	  0	  0	  0	  0	  0	  0	  0	  0	  5	21808	  0
17/10/2016	07:19:28	<-	L	00000000	 22	 88	 49	 16	  0	162	  0	  4	  4	  4	  4	  4	  4	  4	  4	  0	  0	  0	  0	  0	  0	  0	  0	  0	  0	  0	  0	  0	  0	  0	  0	  0	  0	  0	  0	  0	  0	  0	  0	 88	 49	 16	 79	  0	 21	  0	  0	  0	  0	  0	  0	  0	  0	  0	  0	  0	  5	21808	  0
17/10/2016	07:24:28	<-	L	00000000	 22	 84	 48	 17	  0	167	  0	  4	  4	  4	  4	  4	  4	  4	  4	  0	  0	  0	  0	  0	  0	  0	  0	  0	  0	  0	  0	  0	  0	  0	  0	  0	  0	  0	  0	  0	  0	  0	  0	 84	 48	 17	 78	  0	 21	  0	  0	  0	  0	  0	  0	  0	  0	  0	  0	  0	  5	21808	  0
17/10/2016	07:29:28	<-	L	00000000	 22	 90	 49	 15	  0	172	  0	  4	  4	  4	  4	  4	  4	  4	  4	  0	  0	  0	  0	  0	  0	  0	  0	  0	  0	  0	  0	  0	  0	  0	  0	  0	  0	  0	  0	  0	  0	  0	  0	 90	 49	 15	 80	  0	 21	  0	  0	  0	  0	  0	  0	  0	  0	  0	  0	  0	  5	21808	  0
17/10/2016	07:34:28	<-	L	00000000	 22	 85	 48	 16	  0	177	  0	  4	  4	  4	  4	  4	  4	  4	  4	  0	  0	  0	  0	  0	  0	  0	  0	  0	  0	  0	  0	  0	  0	  0	  0	  0	  0	  0	  0	  0	  0	  0	  0	 85	 48	 17	 78	  0	 21	  0	  0	  0	  0	  0	  0	  0	  0	  0	  0	  0	  5	21808	  0
17/10/2016	07:39:28	<-	L	00000000	 22	 85	 48	 17	  0	182	  0	  4	  4	  4	  4	  4	  4	  4	  4	  0	  0	  0	  0	  0	  0	  0	  0	  0	  0	  0	  0	  0	  0	  0	  0	  0	  0	  0	  0	  0	  0	  0	  0	 85	 48	 17	 78	  0	 21	  0	  0	  0	  0	  0	  0	  0	  0	  0	  0	  0	  5	21808	  0
17/10/2016	07:44:28	<-	L	00000000	 22	 89	 49	 15	  0	187	  0	  4	  4	  4	  4	  4	  4	  4	  4	  0	  0	  0	  0	  0	  0	  0	  0	  0	  0	  0	  0	  0	  0	  0	  0	  0	  0	  0	  0	  0	  0	  0	  0	 89	 49	 15	 79	  0	 21	  0	  0	  0	  0	  0	  0	  0	  0	  0	  0	  0	  5	21808	  0
17/10/2016	07:49:28	<-	L	00000000	 22	 84	 48	 17	  0	192	  0	  4	  4	  4	  4	  4	  4	  4	  4	  0	  0	  0	  0	  0	  0	  0	  0	  0	  0	  0	  0	  0	  0	  0	  0	  0	  0	  0	  0	  0	  0	  0	  0	 84	 48	 17	 78	  0	 21	  0	  0	  0	  0	  0	  0	  0	  0	  0	  0	  0	  5	21808	  0
17/10/2016	07:54:28	<-	L	00000000	 22	 89	 48	 15	  0	197	  0	  4	  4	  4	  4	  4	  4	  4	  4	  0	  0	  0	  0	  0	  0	  0	  0	  0	  0	  0	  0	  0	  0	  0	  0	  0	  0	  0	  0	  0	  0	  0	  0	 89	 48	 14	 79	  0	 20	  0	  0	  0	  0	  0	  0	  0	  0	  0	  0	  0	  5	21808	  0
17/10/2016	07:59:28	<-	L	00000000	 22	 86	 48	 16	  0	202	  0	  4	  4	  4	  4	  4	  4	  4	  4	  0	  0	  0	  0	  0	  0	  0	  0	  0	  0	  0	  0	  0	  0	  0	  0	  0	  0	  0	  0	  0	  0	  0	  0	 86	 48	 16	 79	  0	 20	  0	  0	  0	  0	  0	  0	  0	  0	  0	  0	  0	  5	21808	  0
17/10/2016	08:04:28	<-	L	00000000	 22	 85	 48	 17	  0	207	  0	  4	  4	  4	  4	  4	  4	  4	  4	  0	  0	  0	  0	  0	  0	  0	  0	  0	  0	  0	  0	  0	  0	  0	  0	  0	  0	  0	  0	  0	  0	  0	  0	 85	 48	 17	 78	  0	 21	  0	  0	  0	  0	  0	  0	  0	  0	  0	  0	  0	  5	21808	  0
17/10/2016	08:09:28	<-	L	00000000	 22	 89	 49	 15	  0	212	  0	  4	  4	  4	  4	  4	  4	  4	  4	  0	  0	  0	  0	  0	  0	  0	  0	  0	  0	  0	  0	  0	  0	  0	  0	  0	  0	  0	  0	  0	  0	  0	  0	 89	 49	 15	 80	  0	 21	  0	  0	  0	  0	  0	  0	  0	  0	  0	  0	  0	  5	21808	  0
17/10/2016	08:14:28	<-	L	00000000	 22	 84	 48	 17	  0	217	  0	  4	  4	  4	  4	  4	  4	  4	  4	  0	  0	  0	  0	  0	  0	  0	  0	  0	  0	  0	  0	  0	  0	  0	  0	  0	  0	  0	  0	  0	  0	  0	  0	 84	 48	 17	 78	  0	 21	  0	  0	  0	  0	  0	  0	  0	  0	  0	  0	  0	  5	21808	  0
17/10/2016	08:19:28	<-	L	00000000	 22	 87	 48	 16	  0	222	  0	  4	  4	  4	  4	  4	  4	  4	  4	  0	  0	  0	  0	  0	  0	  0	  0	  0	  0	  0	  0	  0	  0	  0	  0	  0	  0	  0	  0	  0	  0	  0	  0	 87	 48	 15	 79	  0	 20	  0	  0	  0	  0	  0	  0	  0	  0	  0	  0	  0	  5	21808	  0
17/10/2016	08:24:28	<-	L	00000000	 22	 88	 49	 15	  0	227	  0	  4	  4	  4	  4	  4	  4	  4	  4	  0	  0	  0	  0	  0	  0	  0	  0	  0	  0	  0	  0	  0	  0	  0	  0	  0	  0	  0	  0	  0	  0	  0	  0	 88	 49	 16	 80	  0	 21	  0	  0	  0	  0	  0	  0	  0	  0	  0	  0	  0	  5	21808	  0
17/10/2016	08:29:28	<-	L	00000000	 22	 84	 47	 17	  0	232	  0	  4	  4	  4	  4	  4	  4	  4	  4	  0	  0	  0	  0	  0	  0	  0	  0	  0	  0	  0	  0	  0	  0	  0	  0	  0	  0	  0	  0	  0	  0	  0	  0	 84	 47	 16	 78	  0	 20	  0	  0	  0	  0	  0	  0	  0	  0	  0	  0	  0	  5	21808	  0
17/10/2016	08:34:28	<-	L	00000000	 22	 89	 49	 14	  0	237	  0	  4	  4	  4	  4	  4	  4	  4	  4	  0	  0	  0	  0	  0	  0	  0	  0	  0	  0	  0	  0	  0	  0	  0	  0	  0	  0	  0	  0	  0	  0	  0	  0	 89	 49	 15	 80	  0	 21	  0	  0	  0	  0	  0	  0	  0	  0	  0	  0	  0	  5	21808	  0
17/10/2016	08:39:28	<-	L	00000000	 22	 87	 48	 15	  0	242	  0	  4	  4	  4	  4	  4	  4	  4	  4	  0	  0	  0	  0	  0	  0	  0	  0	  0	  0	  0	  0	  0	  0	  0	  0	  0	  0	  0	  0	  0	  0	  0	  0	 87	 48	 15	 80	  0	 20	  0	  0	  0	  0	  0	  0	  0	  0	  0	  0	  0	  5	21808	  0
17/10/2016	08:44:28	->	L	00000000	 22	 89	 48	 15	  0	247	  0	  4	  4	  4	  4	  4	  4	  4	  4	  0	  0	  0	  0	  0	  0	  0	  0	  0	  0	  0	  0	  0	  0	  0	  0	  0	  0	  0	  0	  0	  0	  0	  0	 83	 48	 18	 89	  0	 14	  0	  0	  0	  0	  0	  0	  0	  0	  0	  0	  0	  5	21808	  0
17/10/2016	08:49:28	->	L	00000000	 22	 86	 48	 15	  0	252	  0	  4	  4	  4	  4	  4	  4	  4	  4	  0	  0	  0	  0	  0	  0	  0	  0	  0	  0	  0	  0	  0	  0	  0	  0	  0	  0	  0	  0	  0	  0	  0	  0	 83	 48	 18	 86	  0	 16	  0	  0	  0	  0	  0	  0	  0	  0	  0	  0	  0	  5	21808	  0
17/10/2016	08:54:28	->	L	00000000	 22	 84	 48	 18	  0	257	  0	  4	  4	  4	  4	  4	  4	  4	  4	  0	  0	  0	  0	  0	  0	  0	  0	  0	  0	  0	  0	  0	  0	  0	  0	  0	  0	  0	  0	  0	  0	  0	  0	 81	 48	 19	 84	  0	 17	  0	  0	  0	  0	  0	  0	  0	  0	  0	  0	  0	  5	21808	  0
17/10/2016	08:59:28	->	L	00000000	 22	 88	 48	 15	  0	262	  0	  4	  4	  4	  4	  4	  4	  4	  4	  0	  0	  0	  0	  0	  0	  0	  0	  0	  0	  0	  0	  0	  0	  0	  0	  0	  0	  0	  0	  0	  0	  0	  0	 82	 48	 19	 88	  0	 15	  0	  0	  0	  0	  0	  0	  0	  0	  0	  0	  0	  5	21808	  0
17/10/2016	09:04:28	->	L	00000000	 22	 84	 47	 17	  0	267	  0	  4	  4	  4	  4	  4	  4	  4	  4	  0	  0	  0	  0	  0	  0	  0	  0	  0	  0	  0	  0	  0	  0	  0	  0	  0	  0	  0	  0	  0	  0	  0	  0	 78	 47	 20	 84	  0	 16	  0	  0	  0	  0	  0	  0	  0	  0	  0	  0	  0	  5	21808	  0
17/10/2016	09:09:28	->	L	00000000	 22	 85	 47	 15	  0	272	  0	  4	  4	  4	  4	  4	  4	  4	  4	  0	  0	  0	  0	  0	  0	  0	  0	  0	  0	  0	  0	  0	  0	  0	  0	  0	  0	  0	  0	  0	  0	  0	  0	 78	 47	 20	 85	  0	 16	  0	  0	  0	  0	  0	  0	  0	  0	  0	  0	  0	  5	21808	  0
17/10/2016	09:14:28	->	L	00000000	 22	 86	 46	 15	  0	277	  0	  4	  4	  4	  4	  4	  4	  4	  4	  0	  0	  0	  0	  0	  0	  0	  0	  0	  0	  0	  0	  0	  0	  0	  0	  0	  0	  0	  0	  0	  0	  0	  0	 78	 46	 19	 86	  0	 14	  0	  0	  0	  0	  0	  0	  0	  0	  0	  0	  0	  5	21808	  0
17/10/2016	09:19:28	->	L	00000000	 22	 83	 46	 14	  0	282	  0	  4	  4	  4	  4	  4	  4	  4	  4	  0	  0	  0	  0	  0	  0	  0	  0	  0	  0	  0	  0	  0	  0	  0	  0	  0	  0	  0	  0	  0	  0	  0	  0	 77	 46	 19	 83	  0	 16	  0	  0	  0	  0	  0	  0	  0	  0	  0	  0	  0	  5	21805	  0
17/10/2016	09:24:28	->	L	00000000	 22	 86	 45	 13	  0	287	  0	  4	  4	  4	  4	  4	  4	  4	  4	  0	  0	  0	  0	  0	  0	  0	  0	  0	  0	  0	  0	  0	  0	  0	  0	  0	  0	  0	  0	  0	  0	  0	  0	 77	 45	 18	 86	  0	 13	  0	  0	  0	  0	  0	  0	  0	  0	  0	  0	  0	  5	21805	  0
17/10/2016	09:29:28	->	L	00000000	 22	 84	 45	 14	  0	292	  0	  4	  4	  4	  4	  4	  4	  4	  4	  0	  0	  0	  0	  0	  0	  0	  0	  0	  0	  0	  0	  0	  0	  0	  0	  0	  0	  0	  0	  0	  0	  0	  0	 77	 45	 18	 84	  0	 14	  0	  0	  0	  0	  0	  0	  0	  0	  0	  0	  0	  5	21805	  0
17/10/2016	09:34:28	->	L	00000000	 22	 88	 45	 12	  0	297	  0	  4	  4	  4	  4	  4	  4	  4	  4	  0	  0	  0	  0	  0	  0	  0	  0	  0	  0	  0	  0	  0	  0	  0	  0	  0	  0	  0	  0	  0	  0	  0	  0	 79	 45	 17	 88	  0	 12	  0	  0	  0	  0	  0	  0	  0	  0	  0	  0	  0	  5	21805	  0
17/10/2016	09:39:28	->	L	00000000	 22	 84	 45	 14	  0	302	  0	  4	  4	  4	  4	  4	  4	  4	  4	  0	  0	  0	  0	  0	  0	  0	  0	  0	  0	  0	  0	  0	  0	  0	  0	  0	  0	  0	  0	  0	  0	  0	  0	 77	 45	 18	 84	  0	 14	  0	  0	  0	  0	  0	  0	  0	  0	  0	  0	  0	  5	21805	  0
17/10/2016	09:44:28	->	L	00000000	 22	 87	 45	 12	  0	307	  0	  4	  4	  4	  4	  4	  4	  4	  4	  0	  0	  0	  0	  0	  0	  0	  0	  0	  0	  0	  0	  0	  0	  0	  0	  0	  0	  0	  0	  0	  0	  0	  0	 77	 45	 18	 87	  0	 12	  0	  0	  0	  0	  0	  0	  0	  0	  0	  0	  0	  5	21805	  0
17/10/2016	09:49:28	->	L	00000000	 22	 83	 44	 15	  0	312	  0	  4	  4	  4	  4	  4	  4	  4	  4	  0	  0	  0	  0	  0	  0	  0	  0	  0	  0	  0	  0	  0	  0	  0	  0	  0	  0	  0	  0	  0	  0	  0	  0	 77	 44	 17	 83	  0	 14	  0	  0	  0	  0	  0	  0	  0	  0	  0	  0	  0	  5	21805	  0
17/10/2016	09:54:28	->	L	00000000	 22	 88	 45	 12	  0	317	  0	  4	  4	  4	  4	  4	  4	  4	  4	  0	  0	  0	  0	  0	  0	  0	  0	  0	  0	  0	  0	  0	  0	  0	  0	  0	  0	  0	  0	  0	  0	  0	  0	 78	 45	 18	 88	  0	 12	  0	  0	  0	  0	  0	  0	  0	  0	  0	  0	  0	  5	21805	  0
17/10/2016	09:59:28	->	L	00000000	 22	 84	 45	 14	  0	322	  0	  4	  4	  4	  4	  4	  4	  4	  4	  0	  0	  0	  0	  0	  0	  0	  0	  0	  0	  0	  0	  0	  0	  0	  0	  0	  0	  0	  0	  0	  0	  0	  0	 77	 45	 18	 84	  0	 14	  0	  0	  0	  0	  0	  0	  0	  0	  0	  0	  0	  5	21805	  0
17/10/2016	10:04:28	->	L	00000000	 22	 87	 45	 13	  0	327	  0	  4	  4	  4	  4	  4	  4	  4	  4	  0	  0	  0	  0	  0	  0	  0	  0	  0	  0	  0	  0	  0	  0	  0	  0	  0	  0	  0	  0	  0	  0	  0	  0	 78	 45	 18	 87	  0	 12	  0	  0	  0	  0	  0	  0	  0	  0	  0	  0	  0	  5	21805	  0
17/10/2016	10:09:28	->	L	00000000	 22	 85	 45	 13	  0	332	  0	  4	  4	  4	  4	  4	  4	  4	  4	  0	  0	  0	  0	  0	  0	  0	  0	  0	  0	  0	  0	  0	  0	  0	  0	  0	  0	  0	  0	  0	  0	  0	  0	 78	 45	 18	 85	  0	 14	  0	  0	  0	  0	  0	  0	  0	  0	  0	  0	  0	  5	21805	  0
17/10/2016	10:14:28	->	L	00000000	 22	 86	 45	 14	  0	337	  0	  4	  4	  4	  4	  4	  4	  4	  4	  0	  0	  0	  0	  0	  0	  0	  0	  0	  0	  0	  0	  0	  0	  0	  0	  0	  0	  0	  0	  0	  0	  0	  0	 78	 45	 18	 86	  0	 13	  0	  0	  0	  0	  0	  0	  0	  0	  0	  0	  0	  5	21805	  0
17/10/2016	10:19:28	->	L	00000000	 22	 85	 45	 14	  0	342	  0	  4	  4	  4	  4	  4	  4	  4	  4	  0	  0	  0	  0	  0	  0	  0	  0	  0	  0	  0	  0	  0	  0	  0	  0	  0	  0	  0	  0	  0	  0	  0	  0	 78	 45	 18	 85	  0	 14	  0	  0	  0	  0	  0	  0	  0	  0	  0	  0	  0	  5	21805	  0
17/10/2016	10:24:28	->	L	00000000	 22	 86	 45	 14	  0	347	  0	  4	  4	  4	  4	  4	  4	  4	  4	  0	  0	  0	  0	  0	  0	  0	  0	  0	  0	  0	  0	  0	  0	  0	  0	  0	  0	  0	  0	  0	  0	  0	  0	 78	 45	 18	 86	  0	 13	  0	  0	  0	  0	  0	  0	  0	  0	  0	  0	  0	  5	21805	  0
17/10/2016	10:29:28	->	L	00000000	 22	 83	 45	 14	  0	352	  0	  4	  4	  4	  4	  4	  4	  4	  4	  0	  0	  0	  0	  0	  0	  0	  0	  0	  0	  0	  0	  0	  0	  0	  0	  0	  0	  0	  0	  0	  0	  0	  0	 78	 45	 18	 83	  0	 15	  0	  0	  0	  0	  0	  0	  0	  0	  0	  0	  0	  5	21805	  0
17/10/2016	10:34:28	->	L	00000000	 22	 86	 45	 13	  0	357	  0	  4	  4	  4	  4	  4	  4	  4	  4	  0	  0	  0	  0	  0	  0	  0	  0	  0	  0	  0	  0	  0	  0	  0	  0	  0	  0	  0	  0	  0	  0	  0	  0	 78	 45	 18	 86	  0	 13	  0	  0	  0	  0	  0	  0	  0	  0	  0	  0	  0	  5	21805	  0
17/10/2016	10:39:28	->	L	00000000	 23	 84	 45	 14	  0	  1	  0	  4	  4	  4	  4	  4	  4	  4	  4	  0	  0	  0	  0	  0	  0	  0	  0	  0	  0	  0	  0	  0	  0	  0	  0	  0	  0	  0	  0	  0	  0	  0	  0	 77	 45	 18	 84	  0	 14	  0	  0	  0	  0	  0	  0	  0	  0	  0	  0	  0	  5	21808	  0
17/10/2016	10:44:28	->	L	00000000	 23	 85	 45	 13	  0	  6	  0	  4	  4	  4	  4	  4	  4	  4	  4	  0	  0	  0	  0	  0	  0	  0	  0	  0	  0	  0	  0	  0	  0	  0	  0	  0	  0	  0	  0	  0	  0	  0	  0	 78	 45	 18	 85	  0	 14	  0	  0	  0	  0	  0	  0	  0	  0	  0	  0	  0	  5	21808	  0
17/10/2016	10:49:28	->	L	00000000	 23	 86	 45	 12	  0	 11	  0	  4	  4	  4	  4	  4	  4	  4	  4	  0	  0	  0	  0	  0	  0	  0	  0	  0	  0	  0	  0	  0	  0	  0	  0	  0	  0	  0	  0	  0	  0	  0	  0	 78	 45	 18	 86	  0	 13	  0	  0	  0	  0	  0	  0	  0	  0	  0	  0	  0	  5	21808	  0
17/10/2016	10:54:28	->	L	00000000	 23	 84	 45	 14	  0	 16	  0	  4	  4	  4	  4	  4	  4	  4	  4	  0	  0	  0	  0	  0	  0	  0	  0	  0	  0	  0	  0	  0	  0	  0	  0	  0	  0	  0	  0	  0	  0	  0	  0	 77	 45	 18	 84	  0	 14	  0	  0	  0	  0	  0	  0	  0	  0	  0	  0	  0	  5	21808	  0
17/10/2016	10:59:28	->	L	00000000	 23	 86	 44	 13	  0	 21	  0	  4	  4	  4	  4	  4	  4	  4	  4	  0	  0	  0	  0	  0	  0	  0	  0	  0	  0	  0	  0	  0	  0	  0	  0	  0	  0	  0	  0	  0	  0	  0	  0	 79	 44	 16	 86	  0	 12	  0	  0	  0	  0	  0	  0	  0	  0	  0	  0	  0	  5	21808	  0
17/10/2016	11:04:28	->	L	00000000	 23	 84	 45	 13	  0	 26	  0	  4	  4	  4	  4	  4	  4	  4	  4	  0	  0	  0	  0	  0	  0	  0	  0	  0	  0	  0	  0	  0	  0	  0	  0	  0	  0	  0	  0	  0	  0	  0	  0	 78	 45	 18	 84	  0	 14	  0	  0	  0	  0	  0	  0	  0	  0	  0	  0	  0	  5	21808	  0
17/10/2016	11:09:28	->	L	00000000	 23	 86	 44	 12	  0	 31	  0	  4	  4	  4	  4	  4	  4	  4	  4	  0	  0	  0	  0	  0	  0	  0	  0	  0	  0	  0	  0	  0	  0	  0	  0	  0	  0	  0	  0	  0	  0	  0	  0	 78	 44	 17	 86	  0	 12	  0	  0	  0	  0	  0	  0	  0	  0	  0	  0	  0	  5	21808	  0
17/10/2016	11:14:28	->	L	00000000	 23	 84	 44	 13	  0	 36	  0	  4	  4	  4	  4	  4	  4	  4	  4	  0	  0	  0	  0	  0	  0	  0	  0	  0	  0	  0	  0	  0	  0	  0	  0	  0	  0	  0	  0	  0	  0	  0	  0	 78	 44	 17	 84	  0	 13	  0	  0	  0	  0	  0	  0	  0	  0	  0	  0	  0	  5	21805	  0
17/10/2016	11:19:28	->	L	00000000	 23	 85	 44	 12	  0	 41	  0	  4	  4	  4	  4	  4	  4	  4	  4	  0	  0	  0	  0	  0	  0	  0	  0	  0	  0	  0	  0	  0	  0	  0	  0	  0	  0	  0	  0	  0	  0	  0	  0	 78	 44	 17	 85	  0	 13	  0	  0	  0	  0	  0	  0	  0	  0	  0	  0	  0	  5	21805	  0
17/10/2016	11:24:28	->	L	00000000	 23	 85	 44	 13	  0	 46	  0	  4	  4	  4	  4	  4	  4	  4	  4	  0	  0	  0	  0	  0	  0	  0	  0	  0	  0	  0	  0	  0	  0	  0	  0	  0	  0	  0	  0	  0	  0	  0	  0	 78	 44	 17	 85	  0	 13	  0	  0	  0	  0	  0	  0	  0	  0	  0	  0	  0	  5	21805	  0
17/10/2016	11:29:28	->	L	00000000	 23	 85	 45	 14	  0	 51	  0	  4	  4	  4	  4	  4	  4	  4	  4	  0	  0	  0	  0	  0	  0	  0	  0	  0	  0	  0	  0	  0	  0	  0	  0	  0	  0	  0	  0	  0	  0	  0	  0	 79	 45	 17	 85	  0	 14	  0	  0	  0	  0	  0	  0	  0	  0	  0	  0	  0	  5	21805	  0
17/10/2016	11:34:28	->	L	00000000	 23	 86	 44	 13	  0	 56	  0	  4	  4	  4	  4	  4	  4	  4	  4	  0	  0	  0	  0	  0	  0	  0	  0	  0	  0	  0	  0	  0	  0	  0	  0	  0	  0	  0	  0	  0	  0	  0	  0	 78	 44	 17	 86	  0	 12	  0	  0	  0	  0	  0	  0	  0	  0	  0	  0	  0	  5	21805	  0
17/10/2016	11:39:28	->	L	00000000	 23	 85	 44	 12	  0	 61	  0	  4	  4	  4	  4	  4	  4	  4	  4	  0	  0	  0	  0	  0	  0	  0	  0	  0	  0	  0	  0	  0	  0	  0	  0	  0	  0	  0	  0	  0	  0	  0	  0	 78	 44	 17	 85	  0	 13	  0	  0	  0	  0	  0	  0	  0	  0	  0	  0	  0	  5	21805	  0
17/10/2016	11:44:28	->	L	00000000	 23	 85	 44	 13	  0	 66	  0	  4	  4	  4	  4	  4	  4	  4	  4	  0	  0	  0	  0	  0	  0	  0	  0	  0	  0	  0	  0	  0	  0	  0	  0	  0	  0	  0	  0	  0	  0	  0	  0	 79	 44	 16	 85	  0	 13	  0	  0	  0	  0	  0	  0	  0	  0	  0	  0	  0	  5	21805	  0
17/10/2016	11:49:28	->	L	00000000	 23	 86	 44	 12	  0	 71	  0	  4	  4	  4	  4	  4	  4	  4	  4	  0	  0	  0	  0	  0	  0	  0	  0	  0	  0	  0	  0	  0	  0	  0	  0	  0	  0	  0	  0	  0	  0	  0	  0	 79	 44	 16	 86	  0	 12	  0	  0	  0	  0	  0	  0	  0	  0	  0	  0	  0	  5	21805	  0
17/10/2016	11:54:28	->	L	00000000	 23	 84	 44	 13	  0	 76	  0	  4	  4	  4	  4	  4	  4	  4	  4	  0	  0	  0	  0	  0	  0	  0	  0	  0	  0	  0	  0	  0	  0	  0	  0	  0	  0	  0	  0	  0	  0	  0	  0	 78	 44	 17	 84	  0	 13	  0	  0	  0	  0	  0	  0	  0	  0	  0	  0	  0	  5	21805	  0
17/10/2016	11:59:28	->	L	00000000	 23	 87	 44	 11	  0	 81	  0	  4	  4	  4	  4	  4	  4	  4	  4	  0	  0	  0	  0	  0	  0	  0	  0	  0	  0	  0	  0	  0	  0	  0	  0	  0	  0	  0	  0	  0	  0	  0	  0	 79	 44	 16	 87	  0	 11	  0	  0	  0	  0	  0	  0	  0	  0	  0	  0	  0	  5	21805	  0
17/10/2016	12:04:29	->	L	00000000	 23	 84	 44	 13	  0	 86	  0	  4	  4	  4	  4	  4	  4	  4	  4	  0	  0	  0	  0	  0	  0	  0	  0	  0	  0	  0	  0	  0	  0	  0	  0	  0	  0	  0	  0	  0	  0	  0	  0	 78	 44	 17	 84	  0	 13	  0	  0	  0	  0	  0	  0	  0	  0	  0	  0	  0	  5	21805	  0
17/10/2016	12:09:28	->	L	00000000	 23	 87	 44	 11	  0	 91	  0	  4	  4	  4	  4	  4	  4	  4	  4	  0	  0	  0	  0	  0	  0	  0	  0	  0	  0	  0	  0	  0	  0	  0	  0	  0	  0	  0	  0	  0	  0	  0	  0	 79	 44	 16	 87	  0	 11	  0	  0	  0	  0	  0	  0	  0	  0	  0	  0	  0	  5	21805	  0
17/10/2016	12:44:28	  	L	00000000	 23	 67	 37	 15	  0	 96	  0	  4	  4	  4	  4	  4	  4	  4	  4	  0	  0	  0	  0	  0	  0	  0	  0	  0	  0	  0	  0	  0	  0	  0	  0	  0	  0	  0	  0	  0	  0	  0	  0	 62	 37	 19	 67	  0	 15	  0	  0	  0	  0	  0	  0	  0	  0	  0	  0	  0	  5	21805	  0
17/10/2016	12:49:29	->	L	00000000	 23	 86	 41	  9	  0	101	  0	  4	  4	  4	  4	  4	  4	  4	  4	  0	  0	  0	  0	  0	  0	  0	  0	  0	  0	  0	  0	  0	  0	  0	  0	  0	  0	  0	  0	  0	  0	  0	  0	 75	 41	 15	 86	  0	  9	  0	  0	  0	  0	  0	  0	  0	  0	  0	  0	  0	  5	21805	  0
17/10/2016	12:54:29	->	L	00000000	 23	 83	 41	 11	  0	106	  0	  4	  4	  4	  4	  4	  4	  4	  4	  0	  0	  0	  0	  0	  0	  0	  0	  0	  0	  0	  0	  0	  0	  0	  0	  0	  0	  0	  0	  0	  0	  0	  0	 75	 41	 15	 83	  0	 11	  0	  0	  0	  0	  0	  0	  0	  0	  0	  0	  0	  5	21805	  0
17/10/2016	12:59:29	->	L	00000000	 23	 86	 41	  9	  0	111	  0	  4	  4	  4	  4	  4	  4	  4	  4	  0	  0	  0	  0	  0	  0	  0	  0	  0	  0	  0	  0	  0	  0	  0	  0	  0	  0	  0	  0	  0	  0	  0	  0	 76	 41	 15	 86	  0	  9	  0	  0	  0	  0	  0	  0	  0	  0	  0	  0	  0	  5	21805	  0
17/10/2016	13:04:29	->	L	00000000	 23	 85	 42	 11	  0	116	  0	  4	  4	  4	  4	  4	  4	  4	  4	  0	  0	  0	  0	  0	  0	  0	  0	  0	  0	  0	  0	  0	  0	  0	  0	  0	  0	  0	  0	  0	  0	  0	  0	 77	 42	 15	 85	  0	 11	  0	  0	  0	  0	  0	  0	  0	  0	  0	  0	  0	  5	21805	  0
17/10/2016	13:09:29	->	L	00000000	 30	 84	 42	 11	  0	  0	  0	  4	  4	  4	  4	  4	  4	  4	  4	  0	  0	  0	  0	  0	  0	  0	  0	  0	  0	  0	  0	  0	  0	  0	  0	  0	  0	  0	  0	  0	  0	  0	  0	 76	 42	 16	 84	  0	 11	  0	  0	  0	  0	  0	  0	  0	  0	  0	  0	  0	  5	17990	  1
17/10/2016	13:14:28	<-	L	00000000	 30	 80	 43	 15	  0	  5	  0	  4	  4	  4	  4	  4	  4	  4	  4	  0	  0	  0	  0	  0	  0	  0	  0	  0	  0	  0	  0	  0	  0	  0	  0	  0	  0	  0	  0	  0	  0	  0	  0	 80	 43	 15	 77	  0	 16	  0	  0	  0	  0	  0	  0	  0	  0	  0	  0	  0	  5	17990	  1
17/10/2016	13:19:28	<-	L	00000000	 30	 76	 43	 17	  0	 10	  0	  4	  4	  4	  4	  4	  4	  4	  4	  0	  0	  0	  0	  0	  0	  0	  0	  0	  0	  0	  0	  0	  0	  0	  0	  0	  0	  0	  0	  0	  0	  0	  0	 76	 43	 17	 75	  0	 17	  0	  0	  0	  0	  0	  0	  0	  0	  0	  0	  0	  5	17990	  1
17/10/2016	13:24:28	<-	L	00000000	 30	 76	 44	 18	  0	 15	  0	  4	  4	  4	  4	  4	  4	  4	  4	  0	  0	  0	  0	  0	  0	  0	  0	  0	  0	  0	  0	  0	  0	  0	  0	  0	  0	  0	  0	  0	  0	  0	  0	 75	 44	 18	 76	  0	 18	  0	  0	  0	  0	  0	  0	  0	  0	  0	  0	  0	  5	17990	  1
17/10/2016	13:29:28	<-	L	00000000	 30	 76	 44	 18	  0	 20	  0	  4	  4	  4	  4	  4	  4	  4	  4	  0	  0	  0	  0	  0	  0	  0	  0	  0	  0	  0	  0	  0	  0	  0	  0	  0	  0	  0	  0	  0	  0	  0	  0	 74	 44	 19	 76	  0	 18	  0	  0	  0	  0	  0	  0	  0	  0	  0	  0	  0	  5	17990	  1
17/10/2016	13:34:28	<-	L	00000000	 30	 75	 45	 19	  0	 25	  0	  4	  4	  4	  4	  4	  4	  4	  4	  0	  0	  0	  0	  0	  0	  0	  0	  0	  0	  0	  0	  0	  0	  0	  0	  0	  0	  0	  0	  0	  0	  0	  0	 74	 45	 20	 75	  0	 19	  0	  0	  0	  0	  0	  0	  0	  0	  0	  0	  0	  5	17990	  1
17/10/2016	13:39:28	<-	L	00000000	 30	 74	 46	 23	  0	 30	  0	  4	  4	  4	  4	  4	  4	  4	  4	  0	  0	  0	  0	  0	  0	  0	  0	  0	  0	  0	  0	  0	  0	  0	  0	  0	  0	  0	  0	  0	  0	  0	  0	 74	 46	 22	 74	  0	 22	  0	  0	  0	  0	  0	  0	  0	  0	  0	  0	  0	  5	17990	  1
17/10/2016	13:44:28	<-	L	00000000	 30	 74	 46	 22	  0	 35	  0	  4	  4	  4	  4	  4	  4	  4	  4	  0	  0	  0	  0	  0	  0	  0	  0	  0	  0	  0	  0	  0	  0	  0	  0	  0	  0	  0	  0	  0	  0	  0	  0	 74	 46	 22	 74	  0	 22	  0	  0	  0	  0	  0	  0	  0	  0	  0	  0	  0	  5	15420	  1
17/10/2016	13:49:28	<-	L	00000000	 30	 73	 46	 23	  0	 40	  0	  4	  4	  4	  4	  4	  4	  4	  4	  0	  0	  0	  0	  0	  0	  0	  0	  0	  0	  0	  0	  0	  0	  0	  0	  0	  0	  0	  0	  0	  0	  0	  0	 73	 46	 23	 73	  0	 23	  0	  0	  0	  0	  0	  0	  0	  0	  0	  0	  0	  5	16700	  1
17/10/2016	13:54:28	<-	L	00000000	 30	 73	 49	 27	  0	 45	  0	  4	  4	  4	  4	  4	  4	  4	  4	  0	  0	  0	  0	  0	  0	  0	  0	  0	  0	  0	  0	  0	  0	  0	  0	  0	  0	  0	  0	  0	  0	  0	  0	 72	 49	 27	 73	  0	 27	  0	  0	  0	  0	  0	  0	  0	  0	  0	  0	  0	  5	16700	  1
17/10/2016	13:59:28	<-	L	00000000	 30	 73	 52	 31	  0	 50	  0	  4	  4	  4	  4	  4	  4	  4	  4	  0	  0	  0	  0	  0	  0	  0	  0	  0	  0	  0	  0	  0	  0	  0	  0	  0	  0	  0	  0	  0	  0	  0	  0	 72	 52	 34	 73	  0	 31	  0	  0	  0	  0	  0	  0	  0	  0	  0	  0	  0	  5	16700	  1
17/10/2016	14:04:28	<-	L	00000000	 30	 73	 54	 37	  0	 55	  0	  4	  4	  4	  4	  4	  4	  4	  4	  0	  0	  0	  0	  0	  0	  0	  0	  0	  0	  0	  0	  0	  0	  0	  0	  0	  0	  0	  0	  0	  0	  0	  0	 73	 54	 37	 73	  0	 37	  0	  0	  0	  0	  0	  0	  0	  0	  0	  0	  0	  5	16700	  1
17/10/2016	14:14:28	<-	L	00000000	 40	 71	 47	 26	  0	  4	  0	  4	  4	  4	  4	  4	  4	  4	  4	  0	  0	  0	  0	  0	  0	  0	  0	  0	  0	  0	  0	  0	  0	  0	  0	  0	  0	  0	  0	  0	  0	  0	  0	 70	 47	 26	 71	  0	 26	  0	  0	  0	  0	  0	  0	  0	  0	  0	  0	  0	  5	15400	  0
17/10/2016	14:19:28	<-	L	00000000	 40	 69	 42	 23	  0	  9	  0	  4	  4	  4	  4	  4	  4	  4	  4	  0	  0	  0	  0	  0	  0	  0	  0	  0	  0	  0	  0	  0	  0	  0	  0	  0	  0	  0	  0	  0	  0	  0	  0	 69	 42	 20	 69	  0	 20	  0	  0	  0	  0	  0	  0	  0	  0	  0	  0	  0	  5	15400	  0
17/10/2016	14:24:28	<-	L	00000000	 40	 69	 41	 19	  0	 14	  0	  4	  4	  4	  4	  4	  4	  4	  4	  0	  0	  0	  0	  0	  0	  0	  0	  0	  0	  0	  0	  0	  0	  0	  0	  0	  0	  0	  0	  0	  0	  0	  0	 68	 41	 20	 69	  0	 19	  0	  0	  0	  0	  0	  0	  0	  0	  0	  0	  0	  5	15400	  0
17/10/2016	14:29:28	<-	L	00000000	 40	 69	 40	 17	  0	 19	  0	  4	  4	  4	  4	  4	  4	  4	  4	  0	  0	  0	  0	  0	  0	  0	  0	  0	  0	  0	  0	  0	  0	  0	  0	  0	  0	  0	  0	  0	  0	  0	  0	 69	 40	 17	 69	  0	 17	  0	  0	  0	  0	  0	  0	  0	  0	  0	  0	  0	  5	15400	  0
17/10/2016	14:34:28	<-	L	00000000	 40	 69	 40	 17	  0	 24	  0	  4	  4	  4	  4	  4	  4	  4	  4	  0	  0	  0	  0	  0	  0	  0	  0	  0	  0	  0	  0	  0	  0	  0	  0	  0	  0	  0	  0	  0	  0	  0	  0	 69	 40	 17	 68	  0	 19	  0	  0	  0	  0	  0	  0	  0	  0	  0	  0	  0	  5	15400	  0
17/10/2016	14:39:28	<-	L	00000000	 40	 69	 40	 17	  0	 29	  0	  4	  4	  4	  4	  4	  4	  4	  4	  0	  0	  0	  0	  0	  0	  0	  0	  0	  0	  0	  0	  0	  0	  0	  0	  0	  0	  0	  0	  0	  0	  0	  0	 69	 40	 17	 69	  0	 17	  0	  0	  0	  0	  0	  0	  0	  0	  0	  0	  0	  5	15400	  0
17/10/2016	14:44:28	<-	L	00000000	 40	 68	 40	 17	  0	 34	  0	  4	  4	  4	  4	  4	  4	  4	  4	  0	  0	  0	  0	  0	  0	  0	  0	  0	  0	  0	  0	  0	  0	  0	  0	  0	  0	  0	  0	  0	  0	  0	  0	 68	 40	 19	 68	  0	 19	  0	  0	  0	  0	  0	  0	  0	  0	  0	  0	  0	  5	15400	  0
17/10/2016	14:49:28	<-	L	00000000	 40	 68	 39	 19	  0	 39	  0	  4	  4	  4	  4	  4	  4	  4	  4	  0	  0	  0	  0	  0	  0	  0	  0	  0	  0	  0	  0	  0	  0	  0	  0	  0	  0	  0	  0	  0	  0	  0	  0	 68	 39	 17	 68	  0	 17	  0	  0	  0	  0	  0	  0	  0	  0	  0	  0	  0	  5	15400	  0
17/10/2016	14:54:28	<-	L	00000000	 40	 67	 39	 17	  0	 44	  0	  4	  4	  4	  4	  4	  4	  4	  4	  0	  0	  0	  0	  0	  0	  0	  0	  0	  0	  0	  0	  0	  0	  0	  0	  0	  0	  0	  0	  0	  0	  0	  0	 67	 39	 18	 67	  0	 18	  0	  0	  0	  0	  0	  0	  0	  0	  0	  0	  0	  5	15400	  0
17/10/2016	14:59:28	<-	L	00000000	 40	 67	 39	 18	  0	 49	  0	  4	  4	  4	  4	  4	  4	  4	  4	  0	  0	  0	  0	  0	  0	  0	  0	  0	  0	  0	  0	  0	  0	  0	  0	  0	  0	  0	  0	  0	  0	  0	  0	 67	 39	 18	 67	  0	 18	  0	  0	  0	  0	  0	  0	  0	  0	  0	  0	  0	  5	15400	  0
17/10/2016	15:04:28	<-	L	00000000	 40	 67	 39	 18	  0	 54	  0	  4	  4	  4	  4	  4	  4	  4	  4	  0	  0	  0	  0	  0	  0	  0	  0	  0	  0	  0	  0	  0	  0	  0	  0	  0	  0	  0	  0	  0	  0	  0	  0	 67	 39	 18	 66	  0	 19	  0	  0	  0	  0	  0	  0	  0	  0	  0	  0	  0	  5	15400	  0
17/10/2016	15:09:28	<-	L	00000000	 40	 66	 38	 16	  0	 59	  0	  4	  4	  4	  4	  4	  4	  4	  4	  0	  0	  0	  0	  0	  0	  0	  0	  0	  0	  0	  0	  0	  0	  0	  0	  0	  0	  0	  0	  0	  0	  0	  0	 66	 38	 17	 66	  0	 17	  0	  0	  0	  0	  0	  0	  0	  0	  0	  0	  0	  5	15400	  0
17/10/2016	15:14:28	<-	L	00000000	 50	 66	 38	 17	  0	  3	  0	  4	  4	  4	  4	  4	  4	  4	  4	  0	  0	  0	  0	  0	  0	  0	  0	  0	  0	  0	  0	  0	  0	  0	  0	  0	  0	  0	  0	  0	  0	  0	  0	 66	 38	 17	 65	  0	 19	  0	  0	  0	  0	  0	  0	  0	  0	  0	  0	  0	  5	16937	  0
17/10/2016	15:19:28	<-	L	00000000	 50	 66	 38	 16	  0	  8	  0	  4	  4	  4	  4	  4	  4	  4	  4	  0	  0	  0	  0	  0	  0	  0	  0	  0	  0	  0	  0	  0	  0	  0	  0	  0	  0	  0	  0	  0	  0	  0	  0	 66	 38	 17	 65	  0	 19	  0	  0	  0	  0	  0	  0	  0	  0	  0	  0	  0	  5	16423	  0
17/10/2016	15:24:28	<-	L	00000000	 50	 65	 37	 16	  0	 13	  0	  4	  4	  4	  4	  4	  4	  4	  4	  0	  0	  0	  0	  0	  0	  0	  0	  0	  0	  0	  0	  0	  0	  0	  0	  0	  0	  0	  0	  0	  0	  0	  0	 65	 37	 17	 65	  0	 17	  0	  0	  0	  0	  0	  0	  0	  0	  0	  0	  0	  5	16166	  0
17/10/2016	15:29:28	<-	L	00000000	 50	 65	 37	 17	  0	 18	  0	  4	  4	  4	  4	  4	  4	  4	  4	  0	  0	  0	  0	  0	  0	  0	  0	  0	  0	  0	  0	  0	  0	  0	  0	  0	  0	  0	  0	  0	  0	  0	  0	 65	 37	 17	 64	  0	 18	  0	  0	  0	  0	  0	  0	  0	  0	  0	  0	  0	  5	15909	  0
17/10/2016	15:34:28	<-	L	00000000	 50	 64	 36	 16	  0	 23	  0	  4	  4	  4	  4	  4	  4	  4	  4	  0	  0	  0	  0	  0	  0	  0	  0	  0	  0	  0	  0	  0	  0	  0	  0	  0	  0	  0	  0	  0	  0	  0	  0	 64	 36	 16	 64	  0	 16	  0	  0	  0	  0	  0	  0	  0	  0	  0	  0	  0	  5	15395	  0
17/10/2016	15:39:28	<-	L	00000000	 50	 63	 35	 16	  0	 28	  0	  4	  4	  4	  4	  4	  4	  4	  4	  0	  0	  0	  0	  0	  0	  0	  0	  0	  0	  0	  0	  0	  0	  0	  0	  0	  0	  0	  0	  0	  0	  0	  0	 63	 35	 16	 62	  0	 17	  0	  0	  0	  0	  0	  0	  0	  0	  0	  0	  0	  5	15138	  0
17/10/2016	15:44:28	<-	L	00000000	 50	 62	 34	 15	  0	 33	  0	  4	  4	  4	  4	  4	  4	  4	  4	  0	  0	  0	  0	  0	  0	  0	  0	  0	  0	  0	  0	  0	  0	  0	  0	  0	  0	  0	  0	  0	  0	  0	  0	 62	 34	 15	 61	  0	 16	  0	  0	  0	  0	  0	  0	  0	  0	  0	  0	  0	  5	14881	  0
17/10/2016	15:49:28	<-	L	00000000	 50	 60	 33	 16	  0	 38	  0	  4	  4	  4	  4	  4	  4	  4	  4	  0	  0	  0	  0	  0	  0	  0	  0	  0	  0	  0	  0	  0	  0	  0	  0	  0	  0	  0	  0	  0	  0	  0	  0	 60	 33	 16	 60	  0	 16	  0	  0	  0	  0	  0	  0	  0	  0	  0	  0	  0	  5	14367	  0
17/10/2016	15:54:28	<-	L	00000000	 50	 59	 32	 14	  0	 43	  0	  4	  4	  4	  4	  4	  4	  4	  4	  0	  0	  0	  0	  0	  0	  0	  0	  0	  0	  0	  0	  0	  0	  0	  0	  0	  0	  0	  0	  0	  0	  0	  0	 59	 32	 15	 59	  0	 15	  0	  0	  0	  0	  0	  0	  0	  0	  0	  0	  0	  5	14110	  0
17/10/2016	15:59:28	<-	L	00000000	 50	 59	 31	 13	  0	 48	  0	  4	  4	  4	  4	  4	  4	  4	  4	  0	  0	  0	  0	  0	  0	  0	  0	  0	  0	  0	  0	  0	  0	  0	  0	  0	  0	  0	  0	  0	  0	  0	  0	 59	 31	 13	 58	  0	 14	  0	  0	  0	  0	  0	  0	  0	  0	  0	  0	  0	  5	13853	  0
17/10/2016	16:04:28	<-	L	00000000	 50	 58	 30	 14	  0	 53	  0	  4	  4	  4	  4	  4	  4	  4	  4	  0	  0	  0	  0	  0	  0	  0	  0	  0	  0	  0	  0	  0	  0	  0	  0	  0	  0	  0	  0	  0	  0	  0	  0	 58	 30	 13	 57	  0	 14	  0	  0	  0	  0	  0	  0	  0	  0	  0	  0	  0	  5	13339	  0
17/10/2016	16:09:28	<-	L	00000000	 50	 57	 30	 13	  0	 58	  0	  4	  4	  4	  4	  4	  4	  4	  4	  0	  0	  0	  0	  0	  0	  0	  0	  0	  0	  0	  0	  0	  0	  0	  0	  0	  0	  0	  0	  0	  0	  0	  0	 57	 30	 14	 56	  0	 15	  0	  0	  0	  0	  0	  0	  0	  0	  0	  0	  0	  5	13082	  0
