22/04/2016	15:04:44	->	L	00000000	210	 83	 50	 21	  0	472	  0	  4	  4	  4	  4	  4	  4	  4	  4	  0	  0	  0	  0	  0	  0	  0	  0	  0	  0	  0	  0	  0	  0	  0	  0	  0	  0	  0	  0	  0	  0	  0	  0	 66	 50	 41	 83	  0	 20	  0	  0	  0	  0	  0	  0	  0	  0	  0	  0	  0	  5	20530	  0
22/04/2016	15:09:31	->	L	00000000	210	 78	 49	 22	  0	476	  0	  4	  4	  4	  4	  4	  4	  4	  4	  0	  0	  0	  0	  0	  0	  0	  0	  0	  0	  0	  0	  0	  0	  0	  0	  0	  0	  0	  0	  0	  0	  0	  0	 66	 49	 38	 78	  0	 22	  0	  0	  0	  0	  0	  0	  0	  0	  0	  0	  0	  5	20273	  0
22/04/2016	15:14:31	->	L	00000000	210	 83	 51	 20	  0	481	  0	  4	  4	  4	  4	  4	  4	  4	  4	  0	  0	  0	  0	  0	  0	  0	  0	  0	  0	  0	  0	  0	  0	  0	  0	  0	  0	  0	  0	  0	  0	  0	  0	 68	 51	 39	 83	  0	 21	  0	  0	  0	  0	  0	  0	  0	  0	  0	  0	  0	  5	21042	  0
22/04/2016	15:19:31	->	L	00000000	210	 80	 50	 23	  0	486	  0	  4	  4	  4	  4	  4	  4	  4	  4	  0	  0	  0	  0	  0	  0	  0	  0	  0	  0	  0	  0	  0	  0	  0	  0	  0	  0	  0	  0	  0	  0	  0	  0	 66	 50	 41	 80	  0	 22	  0	  0	  0	  0	  0	  0	  0	  0	  0	  0	  0	  5	21042	  0
22/04/2016	15:24:31	->	L	00000000	210	 82	 50	 20	  0	491	  0	  4	  4	  4	  4	  4	  4	  4	  4	  0	  0	  0	  0	  0	  0	  0	  0	  0	  0	  0	  0	  0	  0	  0	  0	  0	  0	  0	  0	  0	  0	  0	  0	 66	 50	 41	 82	  0	 21	  0	  0	  0	  0	  0	  0	  0	  0	  0	  0	  0	  5	20018	  0
22/04/2016	15:29:31	->	L	00000000	210	 77	 50	 23	  0	496	  0	  4	  4	  4	  4	  4	  4	  4	  4	  0	  0	  0	  0	  0	  0	  0	  0	  0	  0	  0	  0	  0	  0	  0	  0	  0	  0	  0	  0	  0	  0	  0	  0	 66	 50	 41	 77	  0	 24	  0	  0	  0	  0	  0	  0	  0	  0	  0	  0	  0	  5	20018	  0
22/04/2016	15:34:31	->	L	00000000	210	 80	 51	 25	  0	501	  0	  4	  4	  4	  4	  4	  4	  4	  4	  0	  0	  0	  0	  0	  0	  0	  0	  0	  0	  0	  0	  0	  0	  0	  0	  0	  0	  0	  0	  0	  0	  0	  0	 66	 51	 44	 80	  0	 23	  0	  0	  0	  0	  0	  0	  0	  0	  0	  0	  0	  5	20018	  0
22/04/2016	15:39:31	->	L	00000000	210	 81	 50	 22	  0	506	  0	  4	  4	  4	  4	  4	  4	  4	  4	  0	  0	  0	  0	  0	  0	  0	  0	  0	  0	  0	  0	  0	  0	  0	  0	  0	  0	  0	  0	  0	  0	  0	  0	 67	 50	 39	 81	  0	 21	  0	  0	  0	  0	  0	  0	  0	  0	  0	  0	  0	  5	20531	  0
22/04/2016	15:44:31	->	L	00000000	210	 83	 50	 21	  0	511	  0	  4	  4	  4	  4	  4	  4	  4	  4	  0	  0	  0	  0	  0	  0	  0	  0	  0	  0	  0	  0	  0	  0	  0	  0	  0	  0	  0	  0	  0	  0	  0	  0	 67	 50	 39	 83	  0	 20	  0	  0	  0	  0	  0	  0	  0	  0	  0	  0	  0	  5	21554	  0
22/04/2016	15:49:31	->	L	00000000	210	 83	 50	 19	  0	516	  0	  4	  4	  4	  4	  4	  4	  4	  4	  0	  0	  0	  0	  0	  0	  0	  0	  0	  0	  0	  0	  0	  0	  0	  0	  0	  0	  0	  0	  0	  0	  0	  0	 68	 50	 37	 83	  0	 20	  0	  0	  0	  0	  0	  0	  0	  0	  0	  0	  0	  5	21810	  0
22/04/2016	15:54:31	->	L	00000000	210	 87	 51	 18	  0	521	  0	  4	  4	  4	  4	  4	  4	  4	  4	  0	  0	  0	  0	  0	  0	  0	  0	  0	  0	  0	  0	  0	  0	  0	  0	  0	  0	  0	  0	  0	  0	  0	  0	 69	 51	 38	 87	  0	 18	  0	  0	  0	  0	  0	  0	  0	  0	  0	  0	  0	  5	21810	  0
22/04/2016	15:59:31	->	L	00000000	210	 81	 50	 21	  0	526	  0	  4	  4	  4	  4	  4	  4	  4	  4	  0	  0	  0	  0	  0	  0	  0	  0	  0	  0	  0	  0	  0	  0	  0	  0	  0	  0	  0	  0	  0	  0	  0	  0	 68	 50	 37	 81	  0	 21	  0	  0	  0	  0	  0	  0	  0	  0	  0	  0	  0	  5	21810	  0
22/04/2016	16:04:31	->	L	00000000	210	 87	 51	 17	  0	531	  0	  4	  4	  4	  4	  4	  4	  4	  4	  0	  0	  0	  0	  0	  0	  0	  0	  0	  0	  0	  0	  0	  0	  0	  0	  0	  0	  0	  0	  0	  0	  0	  0	 70	 51	 35	 87	  0	 18	  0	  0	  0	  0	  0	  0	  0	  0	  0	  0	  0	  5	21810	  0
22/04/2016	16:09:31	->	L	00000000	210	 81	 50	 21	  0	536	  0	  4	  4	  4	  4	  4	  4	  4	  4	  0	  0	  0	  0	  0	  0	  0	  0	  0	  0	  0	  0	  0	  0	  0	  0	  0	  0	  0	  0	  0	  0	  0	  0	 68	 50	 37	 81	  0	 21	  0	  0	  0	  0	  0	  0	  0	  0	  0	  0	  0	  5	21810	  0
22/04/2016	16:14:31	->	L	00000000	210	 87	 50	 17	  0	541	  0	  4	  4	  4	  4	  4	  4	  4	  4	  0	  0	  0	  0	  0	  0	  0	  0	  0	  0	  0	  0	  0	  0	  0	  0	  0	  0	  0	  0	  0	  0	  0	  0	 69	 50	 35	 87	  0	 17	  0	  0	  0	  0	  0	  0	  0	  0	  0	  0	  0	  5	21810	  0
22/04/2016	16:19:31	->	L	00000000	210	 84	 50	 19	  0	546	  0	  4	  4	  4	  4	  4	  4	  4	  4	  0	  0	  0	  0	  0	  0	  0	  0	  0	  0	  0	  0	  0	  0	  0	  0	  0	  0	  0	  0	  0	  0	  0	  0	 69	 50	 35	 84	  0	 19	  0	  0	  0	  0	  0	  0	  0	  0	  0	  0	  0	  5	21810	  0
22/04/2016	16:24:31	->	L	00000000	210	 83	 50	 19	  0	551	  0	  4	  4	  4	  4	  4	  4	  4	  4	  0	  0	  0	  0	  0	  0	  0	  0	  0	  0	  0	  0	  0	  0	  0	  0	  0	  0	  0	  0	  0	  0	  0	  0	 68	 50	 37	 83	  0	 20	  0	  0	  0	  0	  0	  0	  0	  0	  0	  0	  0	  5	21810	  0
22/04/2016	16:29:31	->	L	00000000	210	 89	 51	 18	  0	556	  0	  4	  4	  4	  4	  4	  4	  4	  4	  0	  0	  0	  0	  0	  0	  0	  0	  0	  0	  0	  0	  0	  0	  0	  0	  0	  0	  0	  0	  0	  0	  0	  0	 70	 51	 35	 89	  0	 17	  0	  0	  0	  0	  0	  0	  0	  0	  0	  0	  0	  5	21810	  0
22/04/2016	16:34:31	->	L	00000000	210	 82	 50	 20	  0	561	  0	  4	  4	  4	  4	  4	  4	  4	  4	  0	  0	  0	  0	  0	  0	  0	  0	  0	  0	  0	  0	  0	  0	  0	  0	  0	  0	  0	  0	  0	  0	  0	  0	 68	 50	 37	 82	  0	 21	  0	  0	  0	  0	  0	  0	  0	  0	  0	  0	  0	  5	21810	  0
22/04/2016	16:39:31	->	L	00000000	210	 84	 50	 19	  0	566	  0	  4	  4	  4	  4	  4	  4	  4	  4	  0	  0	  0	  0	  0	  0	  0	  0	  0	  0	  0	  0	  0	  0	  0	  0	  0	  0	  0	  0	  0	  0	  0	  0	 69	 50	 35	 84	  0	 19	  0	  0	  0	  0	  0	  0	  0	  0	  0	  0	  0	  5	21810	  0
22/04/2016	16:44:31	->	L	00000000	210	 88	 51	 18	  0	571	  0	  4	  4	  4	  4	  4	  4	  4	  4	  0	  0	  0	  0	  0	  0	  0	  0	  0	  0	  0	  0	  0	  0	  0	  0	  0	  0	  0	  0	  0	  0	  0	  0	 69	 51	 38	 88	  0	 18	  0	  0	  0	  0	  0	  0	  0	  0	  0	  0	  0	  5	21810	  0
22/04/2016	16:49:31	->	L	00000000	210	 81	 50	 21	  0	576	  0	  4	  4	  4	  4	  4	  4	  4	  4	  0	  0	  0	  0	  0	  0	  0	  0	  0	  0	  0	  0	  0	  0	  0	  0	  0	  0	  0	  0	  0	  0	  0	  0	 68	 50	 37	 81	  0	 21	  0	  0	  0	  0	  0	  0	  0	  0	  0	  0	  0	  5	21810	  0
22/04/2016	16:54:31	->	L	00000000	210	 88	 51	 18	  0	581	  0	  4	  4	  4	  4	  4	  4	  4	  4	  0	  0	  0	  0	  0	  0	  0	  0	  0	  0	  0	  0	  0	  0	  0	  0	  0	  0	  0	  0	  0	  0	  0	  0	 69	 51	 38	 88	  0	 18	  0	  0	  0	  0	  0	  0	  0	  0	  0	  0	  0	  5	21810	  0
22/04/2016	16:59:45	->	L	00000000	210	 85	 50	 20	  0	587	  0	  4	  4	  4	  4	  4	  4	  4	  4	  0	  0	  0	  0	  0	  0	  0	  0	  0	  0	  0	  0	  0	  0	  0	  0	  0	  0	  0	  0	  0	  0	  0	  0	 68	 50	 37	 85	  0	 19	  0	  0	  0	  0	  0	  0	  0	  0	  0	  0	  0	  5	21810	  0
22/04/2016	17:04:30	->	L	00000000	210	 85	 50	 18	  0	591	  0	  4	  4	  4	  4	  4	  4	  4	  4	  0	  0	  0	  0	  0	  0	  0	  0	  0	  0	  0	  0	  0	  0	  0	  0	  0	  0	  0	  0	  0	  0	  0	  0	 68	 50	 37	 85	  0	 19	  0	  0	  0	  0	  0	  0	  0	  0	  0	  0	  0	  5	21810	  0
22/04/2016	17:09:30	->	L	00000000	210	 89	 50	 17	  0	596	  0	  4	  4	  4	  4	  4	  4	  4	  4	  0	  0	  0	  0	  0	  0	  0	  0	  0	  0	  0	  0	  0	  0	  0	  0	  0	  0	  0	  0	  0	  0	  0	  0	 69	 50	 35	 89	  0	 16	  0	  0	  0	  0	  0	  0	  0	  0	  0	  0	  0	  5	21810	  0
22/04/2016	17:14:30	->	L	00000000	210	 82	 50	 21	  0	601	  0	  4	  4	  4	  4	  4	  4	  4	  4	  0	  0	  0	  0	  0	  0	  0	  0	  0	  0	  0	  0	  0	  0	  0	  0	  0	  0	  0	  0	  0	  0	  0	  0	 68	 50	 37	 82	  0	 21	  0	  0	  0	  0	  0	  0	  0	  0	  0	  0	  0	  5	21810	  0
22/04/2016	17:19:30	->	L	00000000	210	 88	 50	 17	  0	606	  0	  4	  4	  4	  4	  4	  4	  4	  4	  0	  0	  0	  0	  0	  0	  0	  0	  0	  0	  0	  0	  0	  0	  0	  0	  0	  0	  0	  0	  0	  0	  0	  0	 69	 50	 35	 88	  0	 17	  0	  0	  0	  0	  0	  0	  0	  0	  0	  0	  0	  5	21810	  0
22/04/2016	17:24:30	<-	L	00000000	210	 89	 53	 19	  0	611	  0	  4	  4	  4	  4	  4	  4	  4	  4	  0	  0	  0	  0	  0	  0	  0	  0	  0	  0	  0	  0	  0	  0	  0	  0	  0	  0	  0	  0	  0	  0	  0	  0	 89	 53	 19	 73	  0	 34	  0	  0	  0	  0	  0	  0	  0	  0	  0	  0	  0	  5	21810	  0
22/04/2016	17:29:30	<-	L	00000000	210	 82	 51	 23	  0	616	  0	  4	  4	  4	  4	  4	  4	  4	  4	  0	  0	  0	  0	  0	  0	  0	  0	  0	  0	  0	  0	  0	  0	  0	  0	  0	  0	  0	  0	  0	  0	  0	  0	 82	 51	 22	 68	  0	 39	  0	  0	  0	  0	  0	  0	  0	  0	  0	  0	  0	  5	21810	  0
22/04/2016	17:34:31	<-	L	00000000	210	 88	 52	 19	  0	621	  0	  4	  4	  4	  4	  4	  4	  4	  4	  0	  0	  0	  0	  0	  0	  0	  0	  0	  0	  0	  0	  0	  0	  0	  0	  0	  0	  0	  0	  0	  0	  0	  0	 88	 52	 19	 70	  0	 38	  0	  0	  0	  0	  0	  0	  0	  0	  0	  0	  0	  5	21810	  0
22/04/2016	17:39:31	<-	L	00000000	210	 80	 51	 24	  0	626	  0	  4	  4	  4	  4	  4	  4	  4	  4	  0	  0	  0	  0	  0	  0	  0	  0	  0	  0	  0	  0	  0	  0	  0	  0	  0	  0	  0	  0	  0	  0	  0	  0	 80	 51	 23	 67	  0	 42	  0	  0	  0	  0	  0	  0	  0	  0	  0	  0	  0	  5	21810	  0
22/04/2016	17:44:31	<-	L	00000000	210	 87	 52	 19	  0	631	  0	  4	  4	  4	  4	  4	  4	  4	  4	  0	  0	  0	  0	  0	  0	  0	  0	  0	  0	  0	  0	  0	  0	  0	  0	  0	  0	  0	  0	  0	  0	  0	  0	 87	 52	 19	 70	  0	 38	  0	  0	  0	  0	  0	  0	  0	  0	  0	  0	  0	  5	21810	  0
22/04/2016	17:49:31	<-	L	00000000	210	 83	 51	 22	  0	636	  0	  4	  4	  4	  4	  4	  4	  4	  4	  0	  0	  0	  0	  0	  0	  0	  0	  0	  0	  0	  0	  0	  0	  0	  0	  0	  0	  0	  0	  0	  0	  0	  0	 83	 51	 21	 68	  0	 39	  0	  0	  0	  0	  0	  0	  0	  0	  0	  0	  0	  5	21810	  0
22/04/2016	17:54:31	<-	L	00000000	210	 87	 52	 19	  0	641	  0	  4	  4	  4	  4	  4	  4	  4	  4	  0	  0	  0	  0	  0	  0	  0	  0	  0	  0	  0	  0	  0	  0	  0	  0	  0	  0	  0	  0	  0	  0	  0	  0	 87	 52	 19	 69	  0	 39	  0	  0	  0	  0	  0	  0	  0	  0	  0	  0	  0	  5	21810	  0
22/04/2016	17:59:31	  	L	00000000	210	 82	 52	 23	  0	645	  0	  4	  4	  4	  4	  4	  4	  4	  4	  0	  0	  0	  0	  0	  0	  0	  0	  0	  0	  0	  0	  0	  0	  0	  0	  0	  0	  0	  0	  0	  0	  0	  0	 82	 52	 23	 69	  0	 39	  0	  0	  0	  0	  0	  0	  0	  0	  0	  0	  0	  5	21810	  0
22/04/2016	18:04:31	<-	L	00000000	210	 84	 53	 23	  0	650	  0	  4	  4	  4	  4	  4	  4	  4	  4	  0	  0	  0	  0	  0	  0	  0	  0	  0	  0	  0	  0	  0	  0	  0	  0	  0	  0	  0	  0	  0	  0	  0	  0	 84	 53	 22	 68	  0	 45	  0	  0	  0	  0	  0	  0	  0	  0	  0	  0	  0	  5	21810	  0
22/04/2016	18:09:31	<-	L	00000000	210	 85	 52	 20	  0	655	  0	  4	  4	  4	  4	  4	  4	  4	  4	  0	  0	  0	  0	  0	  0	  0	  0	  0	  0	  0	  0	  0	  0	  0	  0	  0	  0	  0	  0	  0	  0	  0	  0	 85	 52	 21	 69	  0	 39	  0	  0	  0	  0	  0	  0	  0	  0	  0	  0	  0	  5	21810	  0
22/04/2016	18:14:31	<-	L	00000000	210	 85	 52	 21	  0	660	  0	  4	  4	  4	  4	  4	  4	  4	  4	  0	  0	  0	  0	  0	  0	  0	  0	  0	  0	  0	  0	  0	  0	  0	  0	  0	  0	  0	  0	  0	  0	  0	  0	 85	 52	 21	 69	  0	 39	  0	  0	  0	  0	  0	  0	  0	  0	  0	  0	  0	  5	21810	  0
22/04/2016	18:19:30	<-	L	00000000	210	 85	 52	 20	  0	665	  0	  4	  4	  4	  4	  4	  4	  4	  4	  0	  0	  0	  0	  0	  0	  0	  0	  0	  0	  0	  0	  0	  0	  0	  0	  0	  0	  0	  0	  0	  0	  0	  0	 85	 52	 21	 69	  0	 39	  0	  0	  0	  0	  0	  0	  0	  0	  0	  0	  0	  5	21810	  0
22/04/2016	18:24:30	<-	L	00000000	210	 85	 51	 20	  0	670	  0	  4	  4	  4	  4	  4	  4	  4	  4	  0	  0	  0	  0	  0	  0	  0	  0	  0	  0	  0	  0	  0	  0	  0	  0	  0	  0	  0	  0	  0	  0	  0	  0	 85	 51	 20	 68	  0	 39	  0	  0	  0	  0	  0	  0	  0	  0	  0	  0	  0	  5	21810	  0
22/04/2016	18:29:30	<-	L	00000000	210	 71	 51	 31	  0	675	  0	  4	  4	  4	  4	  4	  4	  4	  4	  0	  0	  0	  0	  0	  0	  0	  0	  0	  0	  0	  0	  0	  0	  0	  0	  0	  0	  0	  0	  0	  0	  0	  0	 71	 51	 34	 64	  0	 49	  0	  0	  0	  0	  0	  0	  0	  0	  0	  0	  0	  5	21810	  0
22/04/2016	18:34:33	<-	L	00000000	210	 67	 50	 39	  0	680	  0	  4	  4	  4	  4	  4	  4	  4	  4	  0	  0	  0	  0	  0	  0	  0	  0	  0	  0	  0	  0	  0	  0	  0	  0	  0	  0	  0	  0	  0	  0	  0	  0	 67	 50	 39	 62	  0	 52	  0	  0	  0	  0	  0	  0	  0	  0	  0	  0	  0	  5	21810	  0
22/04/2016	18:39:31	<-	L	00000000	210	 65	 50	 44	  0	685	  0	  4	  4	  4	  4	  4	  4	  4	  4	  0	  0	  0	  0	  0	  0	  0	  0	  0	  0	  0	  0	  0	  0	  0	  0	  0	  0	  0	  0	  0	  0	  0	  0	 65	 50	 44	 61	  0	 54	  0	  0	  0	  0	  0	  0	  0	  0	  0	  0	  0	  5	21810	  0
22/04/2016	18:44:31	<-	L	00000000	210	 64	 50	 48	  0	690	  0	  4	  4	  4	  4	  4	  4	  4	  4	  0	  0	  0	  0	  0	  0	  0	  0	  0	  0	  0	  0	  0	  0	  0	  0	  0	  0	  0	  0	  0	  0	  0	  0	 64	 50	 46	 60	  0	 58	  0	  0	  0	  0	  0	  0	  0	  0	  0	  0	  0	  5	21810	  0
22/04/2016	18:49:31	<-	L	00000000	210	 84	 51	 21	  0	695	  0	  4	  4	  4	  4	  4	  4	  4	  4	  0	  0	  0	  0	  0	  0	  0	  0	  0	  0	  0	  0	  0	  0	  0	  0	  0	  0	  0	  0	  0	  0	  0	  0	 84	 51	 20	 67	  0	 42	  0	  0	  0	  0	  0	  0	  0	  0	  0	  0	  0	  5	21810	  0
22/04/2016	18:54:31	<-	L	00000000	210	 84	 51	 21	  0	700	  0	  4	  4	  4	  4	  4	  4	  4	  4	  0	  0	  0	  0	  0	  0	  0	  0	  0	  0	  0	  0	  0	  0	  0	  0	  0	  0	  0	  0	  0	  0	  0	  0	 84	 51	 20	 66	  0	 44	  0	  0	  0	  0	  0	  0	  0	  0	  0	  0	  0	  5	21810	  0
22/04/2016	18:59:31	<-	L	00000000	210	 86	 51	 19	  0	705	  0	  4	  4	  4	  4	  4	  4	  4	  4	  0	  0	  0	  0	  0	  0	  0	  0	  0	  0	  0	  0	  0	  0	  0	  0	  0	  0	  0	  0	  0	  0	  0	  0	 86	 51	 19	 67	  0	 42	  0	  0	  0	  0	  0	  0	  0	  0	  0	  0	  0	  5	21810	  0
22/04/2016	19:04:31	<-	L	00000000	210	 81	 51	 22	  0	710	  0	  4	  4	  4	  4	  4	  4	  4	  4	  0	  0	  0	  0	  0	  0	  0	  0	  0	  0	  0	  0	  0	  0	  0	  0	  0	  0	  0	  0	  0	  0	  0	  0	 81	 51	 22	 66	  0	 44	  0	  0	  0	  0	  0	  0	  0	  0	  0	  0	  0	  5	21810	  0
22/04/2016	19:09:31	<-	L	00000000	210	 87	 51	 18	  0	715	  0	  4	  4	  4	  4	  4	  4	  4	  4	  0	  0	  0	  0	  0	  0	  0	  0	  0	  0	  0	  0	  0	  0	  0	  0	  0	  0	  0	  0	  0	  0	  0	  0	 87	 51	 18	 68	  0	 39	  0	  0	  0	  0	  0	  0	  0	  0	  0	  0	  0	  5	21810	  0
22/04/2016	19:14:31	<-	L	00000000	210	 81	 51	 22	  0	720	  0	  4	  4	  4	  4	  4	  4	  4	  4	  0	  0	  0	  0	  0	  0	  0	  0	  0	  0	  0	  0	  0	  0	  0	  0	  0	  0	  0	  0	  0	  0	  0	  0	 81	 51	 22	 67	  0	 42	  0	  0	  0	  0	  0	  0	  0	  0	  0	  0	  0	  5	21810	  0
22/04/2016	19:19:31	<-	L	00000000	210	 85	 51	 20	  0	725	  0	  4	  4	  4	  4	  4	  4	  4	  4	  0	  0	  0	  0	  0	  0	  0	  0	  0	  0	  0	  0	  0	  0	  0	  0	  0	  0	  0	  0	  0	  0	  0	  0	 85	 51	 20	 68	  0	 39	  0	  0	  0	  0	  0	  0	  0	  0	  0	  0	  0	  5	21810	  0
22/04/2016	19:24:31	<-	L	00000000	210	 83	 51	 20	  0	730	  0	  4	  4	  4	  4	  4	  4	  4	  4	  0	  0	  0	  0	  0	  0	  0	  0	  0	  0	  0	  0	  0	  0	  0	  0	  0	  0	  0	  0	  0	  0	  0	  0	 83	 51	 21	 68	  0	 39	  0	  0	  0	  0	  0	  0	  0	  0	  0	  0	  0	  5	21810	  0
22/04/2016	19:29:31	<-	L	00000000	210	 85	 51	 20	  0	735	  0	  4	  4	  4	  4	  4	  4	  4	  4	  0	  0	  0	  0	  0	  0	  0	  0	  0	  0	  0	  0	  0	  0	  0	  0	  0	  0	  0	  0	  0	  0	  0	  0	 85	 51	 20	 68	  0	 39	  0	  0	  0	  0	  0	  0	  0	  0	  0	  0	  0	  5	21810	  0
22/04/2016	19:34:31	<-	L	00000000	210	 85	 51	 19	  0	740	  0	  4	  4	  4	  4	  4	  4	  4	  4	  0	  0	  0	  0	  0	  0	  0	  0	  0	  0	  0	  0	  0	  0	  0	  0	  0	  0	  0	  0	  0	  0	  0	  0	 85	 51	 20	 68	  0	 39	  0	  0	  0	  0	  0	  0	  0	  0	  0	  0	  0	  5	21810	  0
22/04/2016	19:39:31	<-	L	00000000	210	 83	 51	 22	  0	745	  0	  4	  4	  4	  4	  4	  4	  4	  4	  0	  0	  0	  0	  0	  0	  0	  0	  0	  0	  0	  0	  0	  0	  0	  0	  0	  0	  0	  0	  0	  0	  0	  0	 83	 51	 21	 67	  0	 42	  0	  0	  0	  0	  0	  0	  0	  0	  0	  0	  0	  5	21810	  0
22/04/2016	19:44:31	<-	L	00000000	210	 87	 52	 18	  0	750	  0	  4	  4	  4	  4	  4	  4	  4	  4	  0	  0	  0	  0	  0	  0	  0	  0	  0	  0	  0	  0	  0	  0	  0	  0	  0	  0	  0	  0	  0	  0	  0	  0	 87	 52	 19	 69	  0	 39	  0	  0	  0	  0	  0	  0	  0	  0	  0	  0	  0	  5	21810	  0
22/04/2016	19:49:31	<-	L	00000000	210	 81	 51	 22	  0	755	  0	  4	  4	  4	  4	  4	  4	  4	  4	  0	  0	  0	  0	  0	  0	  0	  0	  0	  0	  0	  0	  0	  0	  0	  0	  0	  0	  0	  0	  0	  0	  0	  0	 81	 51	 22	 67	  0	 42	  0	  0	  0	  0	  0	  0	  0	  0	  0	  0	  0	  5	21810	  0
22/04/2016	19:54:31	<-	L	00000000	210	 86	 51	 20	  0	760	  0	  4	  4	  4	  4	  4	  4	  4	  4	  0	  0	  0	  0	  0	  0	  0	  0	  0	  0	  0	  0	  0	  0	  0	  0	  0	  0	  0	  0	  0	  0	  0	  0	 86	 51	 19	 69	  0	 38	  0	  0	  0	  0	  0	  0	  0	  0	  0	  0	  0	  5	21810	  0
22/04/2016	19:59:31	<-	L	00000000	210	 82	 51	 21	  0	765	  0	  4	  4	  4	  4	  4	  4	  4	  4	  0	  0	  0	  0	  0	  0	  0	  0	  0	  0	  0	  0	  0	  0	  0	  0	  0	  0	  0	  0	  0	  0	  0	  0	 82	 51	 22	 68	  0	 39	  0	  0	  0	  0	  0	  0	  0	  0	  0	  0	  0	  5	21810	  0
22/04/2016	20:04:31	<-	L	00000000	210	 85	 51	 20	  0	770	  0	  4	  4	  4	  4	  4	  4	  4	  4	  0	  0	  0	  0	  0	  0	  0	  0	  0	  0	  0	  0	  0	  0	  0	  0	  0	  0	  0	  0	  0	  0	  0	  0	 85	 51	 20	 68	  0	 39	  0	  0	  0	  0	  0	  0	  0	  0	  0	  0	  0	  5	21810	  0
22/04/2016	20:09:31	<-	L	00000000	210	 81	 51	 22	  0	775	  0	  4	  4	  4	  4	  4	  4	  4	  4	  0	  0	  0	  0	  0	  0	  0	  0	  0	  0	  0	  0	  0	  0	  0	  0	  0	  0	  0	  0	  0	  0	  0	  0	 81	 51	 22	 67	  0	 42	  0	  0	  0	  0	  0	  0	  0	  0	  0	  0	  0	  5	21810	  0
22/04/2016	20:14:31	<-	L	00000000	210	 86	 51	 19	  0	780	  0	  4	  4	  4	  4	  4	  4	  4	  4	  0	  0	  0	  0	  0	  0	  0	  0	  0	  0	  0	  0	  0	  0	  0	  0	  0	  0	  0	  0	  0	  0	  0	  0	 86	 51	 19	 69	  0	 38	  0	  0	  0	  0	  0	  0	  0	  0	  0	  0	  0	  5	21810	  0
22/04/2016	20:19:31	<-	L	00000000	210	 82	 51	 21	  0	785	  0	  4	  4	  4	  4	  4	  4	  4	  4	  0	  0	  0	  0	  0	  0	  0	  0	  0	  0	  0	  0	  0	  0	  0	  0	  0	  0	  0	  0	  0	  0	  0	  0	 82	 51	 22	 68	  0	 39	  0	  0	  0	  0	  0	  0	  0	  0	  0	  0	  0	  5	21810	  0
22/04/2016	20:24:31	<-	L	00000000	210	 88	 51	 18	  0	790	  0	  4	  4	  4	  4	  4	  4	  4	  4	  0	  0	  0	  0	  0	  0	  0	  0	  0	  0	  0	  0	  0	  0	  0	  0	  0	  0	  0	  0	  0	  0	  0	  0	 88	 51	 18	 69	  0	 38	  0	  0	  0	  0	  0	  0	  0	  0	  0	  0	  0	  5	21810	  0
22/04/2016	20:29:31	<-	L	00000000	210	 81	 51	 22	  0	795	  0	  4	  4	  4	  4	  4	  4	  4	  4	  0	  0	  0	  0	  0	  0	  0	  0	  0	  0	  0	  0	  0	  0	  0	  0	  0	  0	  0	  0	  0	  0	  0	  0	 81	 51	 22	 67	  0	 42	  0	  0	  0	  0	  0	  0	  0	  0	  0	  0	  0	  5	21810	  0
22/04/2016	20:34:31	<-	L	00000000	210	 88	 51	 18	  0	800	  0	  4	  4	  4	  4	  4	  4	  4	  4	  0	  0	  0	  0	  0	  0	  0	  0	  0	  0	  0	  0	  0	  0	  0	  0	  0	  0	  0	  0	  0	  0	  0	  0	 88	 51	 18	 69	  0	 38	  0	  0	  0	  0	  0	  0	  0	  0	  0	  0	  0	  5	21810	  0
22/04/2016	20:39:31	<-	L	00000000	210	 82	 51	 22	  0	805	  0	  4	  4	  4	  4	  4	  4	  4	  4	  0	  0	  0	  0	  0	  0	  0	  0	  0	  0	  0	  0	  0	  0	  0	  0	  0	  0	  0	  0	  0	  0	  0	  0	 82	 51	 22	 67	  0	 42	  0	  0	  0	  0	  0	  0	  0	  0	  0	  0	  0	  5	21810	  0
22/04/2016	20:44:31	<-	L	00000000	210	 88	 52	 18	  0	810	  0	  4	  4	  4	  4	  4	  4	  4	  4	  0	  0	  0	  0	  0	  0	  0	  0	  0	  0	  0	  0	  0	  0	  0	  0	  0	  0	  0	  0	  0	  0	  0	  0	 88	 52	 19	 70	  0	 38	  0	  0	  0	  0	  0	  0	  0	  0	  0	  0	  0	  5	21810	  0
22/04/2016	20:49:31	<-	L	00000000	210	 81	 51	 23	  0	815	  0	  4	  4	  4	  4	  4	  4	  4	  4	  0	  0	  0	  0	  0	  0	  0	  0	  0	  0	  0	  0	  0	  0	  0	  0	  0	  0	  0	  0	  0	  0	  0	  0	 81	 51	 22	 68	  0	 39	  0	  0	  0	  0	  0	  0	  0	  0	  0	  0	  0	  5	21811	  0
22/04/2016	20:54:31	<-	L	00000000	210	 89	 53	 19	  0	820	  0	  4	  4	  4	  4	  4	  4	  4	  4	  0	  0	  0	  0	  0	  0	  0	  0	  0	  0	  0	  0	  0	  0	  0	  0	  0	  0	  0	  0	  0	  0	  0	  0	 89	 53	 19	 71	  0	 39	  0	  0	  0	  0	  0	  0	  0	  0	  0	  0	  0	  5	21811	  0
22/04/2016	20:59:31	<-	L	00000000	210	 82	 51	 22	  0	825	  0	  4	  4	  4	  4	  4	  4	  4	  4	  0	  0	  0	  0	  0	  0	  0	  0	  0	  0	  0	  0	  0	  0	  0	  0	  0	  0	  0	  0	  0	  0	  0	  0	 82	 51	 22	 69	  0	 38	  0	  0	  0	  0	  0	  0	  0	  0	  0	  0	  0	  5	21811	  0
22/04/2016	21:04:31	<-	L	00000000	210	 88	 52	 19	  0	830	  0	  4	  4	  4	  4	  4	  4	  4	  4	  0	  0	  0	  0	  0	  0	  0	  0	  0	  0	  0	  0	  0	  0	  0	  0	  0	  0	  0	  0	  0	  0	  0	  0	 88	 52	 19	 71	  0	 36	  0	  0	  0	  0	  0	  0	  0	  0	  0	  0	  0	  5	21811	  0
22/04/2016	21:09:31	<-	L	00000000	210	 85	 52	 21	  0	835	  0	  4	  4	  4	  4	  4	  4	  4	  4	  0	  0	  0	  0	  0	  0	  0	  0	  0	  0	  0	  0	  0	  0	  0	  0	  0	  0	  0	  0	  0	  0	  0	  0	 85	 52	 21	 70	  0	 38	  0	  0	  0	  0	  0	  0	  0	  0	  0	  0	  0	  5	21811	  0
22/04/2016	21:14:31	<-	L	00000000	210	 84	 52	 21	  0	840	  0	  4	  4	  4	  4	  4	  4	  4	  4	  0	  0	  0	  0	  0	  0	  0	  0	  0	  0	  0	  0	  0	  0	  0	  0	  0	  0	  0	  0	  0	  0	  0	  0	 84	 52	 21	 68	  0	 42	  0	  0	  0	  0	  0	  0	  0	  0	  0	  0	  0	  5	21811	  0
22/04/2016	21:19:31	<-	L	00000000	210	 87	 52	 20	  0	845	  0	  4	  4	  4	  4	  4	  4	  4	  4	  0	  0	  0	  0	  0	  0	  0	  0	  0	  0	  0	  0	  0	  0	  0	  0	  0	  0	  0	  0	  0	  0	  0	  0	 87	 52	 19	 71	  0	 36	  0	  0	  0	  0	  0	  0	  0	  0	  0	  0	  0	  5	21811	  0
22/04/2016	21:24:31	->	L	00000000	210	 82	 52	 23	  0	850	  0	  4	  4	  4	  4	  4	  4	  4	  4	  0	  0	  0	  0	  0	  0	  0	  0	  0	  0	  0	  0	  0	  0	  0	  0	  0	  0	  0	  0	  0	  0	  0	  0	 78	 52	 27	 82	  0	 23	  0	  0	  0	  0	  0	  0	  0	  0	  0	  0	  0	  5	21811	  0
22/04/2016	21:29:31	->	L	00000000	210	 88	 51	 18	  0	855	  0	  4	  4	  4	  4	  4	  4	  4	  4	  0	  0	  0	  0	  0	  0	  0	  0	  0	  0	  0	  0	  0	  0	  0	  0	  0	  0	  0	  0	  0	  0	  0	  0	 73	 51	 30	 88	  0	 18	  0	  0	  0	  0	  0	  0	  0	  0	  0	  0	  0	  5	21811	  0
22/04/2016	21:34:31	->	L	00000000	210	 83	 51	 22	  0	860	  0	  4	  4	  4	  4	  4	  4	  4	  4	  0	  0	  0	  0	  0	  0	  0	  0	  0	  0	  0	  0	  0	  0	  0	  0	  0	  0	  0	  0	  0	  0	  0	  0	 72	 51	 31	 83	  0	 21	  0	  0	  0	  0	  0	  0	  0	  0	  0	  0	  0	  5	21811	  0
22/04/2016	21:39:31	->	L	00000000	210	 86	 51	 18	  0	865	  0	  4	  4	  4	  4	  4	  4	  4	  4	  0	  0	  0	  0	  0	  0	  0	  0	  0	  0	  0	  0	  0	  0	  0	  0	  0	  0	  0	  0	  0	  0	  0	  0	 71	 51	 34	 86	  0	 19	  0	  0	  0	  0	  0	  0	  0	  0	  0	  0	  0	  5	21811	  0
22/04/2016	21:44:31	->	L	00000000	210	 84	 51	 21	  0	870	  0	  4	  4	  4	  4	  4	  4	  4	  4	  0	  0	  0	  0	  0	  0	  0	  0	  0	  0	  0	  0	  0	  0	  0	  0	  0	  0	  0	  0	  0	  0	  0	  0	 71	 51	 34	 84	  0	 20	  0	  0	  0	  0	  0	  0	  0	  0	  0	  0	  0	  5	21811	  0
22/04/2016	21:49:31	->	L	00000000	210	 87	 51	 18	  0	875	  0	  4	  4	  4	  4	  4	  4	  4	  4	  0	  0	  0	  0	  0	  0	  0	  0	  0	  0	  0	  0	  0	  0	  0	  0	  0	  0	  0	  0	  0	  0	  0	  0	 71	 51	 34	 87	  0	 18	  0	  0	  0	  0	  0	  0	  0	  0	  0	  0	  0	  5	21811	  0
22/04/2016	21:54:31	->	L	00000000	210	 86	 51	 20	  0	880	  0	  4	  4	  4	  4	  4	  4	  4	  4	  0	  0	  0	  0	  0	  0	  0	  0	  0	  0	  0	  0	  0	  0	  0	  0	  0	  0	  0	  0	  0	  0	  0	  0	 69	 51	 38	 86	  0	 19	  0	  0	  0	  0	  0	  0	  0	  0	  0	  0	  0	  5	21811	  0
22/04/2016	21:59:31	->	L	00000000	210	 84	 51	 21	  0	885	  0	  4	  4	  4	  4	  4	  4	  4	  4	  0	  0	  0	  0	  0	  0	  0	  0	  0	  0	  0	  0	  0	  0	  0	  0	  0	  0	  0	  0	  0	  0	  0	  0	 61	 51	 58	 84	  0	 20	  0	  0	  0	  0	  0	  0	  0	  0	  0	  0	  0	  5	21811	  0
22/04/2016	22:04:31	->	L	00000000	210	 85	 51	 20	  0	890	  0	  4	  4	  4	  4	  4	  4	  4	  4	  0	  0	  0	  0	  0	  0	  0	  0	  0	  0	  0	  0	  0	  0	  0	  0	  0	  0	  0	  0	  0	  0	  0	  0	 64	 51	 49	 85	  0	 20	  0	  0	  0	  0	  0	  0	  0	  0	  0	  0	  0	  5	21811	  0
22/04/2016	22:09:31	->	L	00000000	210	 83	 51	 20	  0	895	  0	  4	  4	  4	  4	  4	  4	  4	  4	  0	  0	  0	  0	  0	  0	  0	  0	  0	  0	  0	  0	  0	  0	  0	  0	  0	  0	  0	  0	  0	  0	  0	  0	 65	 51	 46	 83	  0	 21	  0	  0	  0	  0	  0	  0	  0	  0	  0	  0	  0	  5	21811	  0
22/04/2016	22:14:31	->	L	00000000	210	 85	 52	 20	  0	900	  0	  4	  4	  4	  4	  4	  4	  4	  4	  0	  0	  0	  0	  0	  0	  0	  0	  0	  0	  0	  0	  0	  0	  0	  0	  0	  0	  0	  0	  0	  0	  0	  0	 68	 52	 42	 85	  0	 21	  0	  0	  0	  0	  0	  0	  0	  0	  0	  0	  0	  5	21811	  0
22/04/2016	22:19:31	->	L	00000000	210	 85	 51	 20	  0	905	  0	  4	  4	  4	  4	  4	  4	  4	  4	  0	  0	  0	  0	  0	  0	  0	  0	  0	  0	  0	  0	  0	  0	  0	  0	  0	  0	  0	  0	  0	  0	  0	  0	 65	 51	 46	 85	  0	 20	  0	  0	  0	  0	  0	  0	  0	  0	  0	  0	  0	  5	21811	  0
22/04/2016	22:24:31	->	L	00000000	210	 83	 51	 21	  0	910	  0	  4	  4	  4	  4	  4	  4	  4	  4	  0	  0	  0	  0	  0	  0	  0	  0	  0	  0	  0	  0	  0	  0	  0	  0	  0	  0	  0	  0	  0	  0	  0	  0	 57	 51	 72	 83	  0	 21	  0	  0	  0	  0	  0	  0	  0	  0	  0	  0	  0	  5	21811	  0
22/04/2016	22:29:31	->	L	00000000	210	 88	 52	 19	  0	915	  0	  4	  4	  4	  4	  4	  4	  4	  4	  0	  0	  0	  0	  0	  0	  0	  0	  0	  0	  0	  0	  0	  0	  0	  0	  0	  0	  0	  0	  0	  0	  0	  0	 56	 52	 80	 88	  0	 19	  0	  0	  0	  0	  0	  0	  0	  0	  0	  0	  0	  5	21811	  0
22/04/2016	22:34:31	  	L	00000000	210	 78	 53	 27	  0	915	  0	  4	  4	  4	  4	  4	  4	  4	  4	  0	  0	  0	  0	  0	  0	  0	  0	  0	  0	  0	  0	  0	  0	  0	  0	  0	  0	  0	  0	  0	  0	  0	  0	 64	 53	 55	 78	  0	 27	  0	  0	  0	  0	  0	  0	  0	  0	  0	  0	  0	  5	21811	  0
22/04/2016	22:39:31	  	L	00000000	210	 74	 53	 31	  0	916	  0	  4	  4	  4	  4	  4	  4	  4	  4	  0	  0	  0	  0	  0	  0	  0	  0	  0	  0	  0	  0	  0	  0	  0	  0	  0	  0	  0	  0	  0	  0	  0	  0	 64	 53	 55	 74	  0	 31	  0	  0	  0	  0	  0	  0	  0	  0	  0	  0	  0	  5	21811	  0
22/04/2016	22:44:31	->	L	00000000	210	 85	 51	 21	  0	921	  0	  4	  4	  4	  4	  4	  4	  4	  4	  0	  0	  0	  0	  0	  0	  0	  0	  0	  0	  0	  0	  0	  0	  0	  0	  0	  0	  0	  0	  0	  0	  0	  0	 62	 51	 55	 85	  0	 20	  0	  0	  0	  0	  0	  0	  0	  0	  0	  0	  0	  5	21811	  0
22/04/2016	22:49:31	->	L	00000000	210	 85	 52	 20	  0	926	  0	  4	  4	  4	  4	  4	  4	  4	  4	  0	  0	  0	  0	  0	  0	  0	  0	  0	  0	  0	  0	  0	  0	  0	  0	  0	  0	  0	  0	  0	  0	  0	  0	 60	 52	 65	 85	  0	 21	  0	  0	  0	  0	  0	  0	  0	  0	  0	  0	  0	  5	21811	  0
22/04/2016	22:54:31	->	L	00000000	210	 86	 52	 20	  0	931	  0	  4	  4	  4	  4	  4	  4	  4	  4	  0	  0	  0	  0	  0	  0	  0	  0	  0	  0	  0	  0	  0	  0	  0	  0	  0	  0	  0	  0	  0	  0	  0	  0	 65	 52	 49	 86	  0	 20	  0	  0	  0	  0	  0	  0	  0	  0	  0	  0	  0	  5	21811	  0
22/04/2016	22:59:31	->	L	00000000	210	 78	 51	 26	  0	936	  0	  4	  4	  4	  4	  4	  4	  4	  4	  0	  0	  0	  0	  0	  0	  0	  0	  0	  0	  0	  0	  0	  0	  0	  0	  0	  0	  0	  0	  0	  0	  0	  0	 66	 51	 44	 78	  0	 25	  0	  0	  0	  0	  0	  0	  0	  0	  0	  0	  0	  5	21811	  0
22/04/2016	23:04:31	->	L	00000000	210	 80	 52	 27	  0	941	  0	  4	  4	  4	  4	  4	  4	  4	  4	  0	  0	  0	  0	  0	  0	  0	  0	  0	  0	  0	  0	  0	  0	  0	  0	  0	  0	  0	  0	  0	  0	  0	  0	 68	 52	 42	 80	  0	 24	  0	  0	  0	  0	  0	  0	  0	  0	  0	  0	  0	  5	21811	  0
22/04/2016	23:09:31	->	L	00000000	210	 87	 52	 20	  0	946	  0	  4	  4	  4	  4	  4	  4	  4	  4	  0	  0	  0	  0	  0	  0	  0	  0	  0	  0	  0	  0	  0	  0	  0	  0	  0	  0	  0	  0	  0	  0	  0	  0	 69	 52	 39	 87	  0	 19	  0	  0	  0	  0	  0	  0	  0	  0	  0	  0	  0	  5	21811	  0
22/04/2016	23:19:31	->	L	00000000	210	 81	 52	 24	  0	951	  0	  4	  4	  4	  4	  4	  4	  4	  4	  0	  0	  0	  0	  0	  0	  0	  0	  0	  0	  0	  0	  0	  0	  0	  0	  0	  0	  0	  0	  0	  0	  0	  0	 67	 52	 45	 81	  0	 23	  0	  0	  0	  0	  0	  0	  0	  0	  0	  0	  0	  5	21811	  0
22/04/2016	23:24:31	->	L	00000000	210	 88	 52	 19	  0	956	  0	  4	  4	  4	  4	  4	  4	  4	  4	  0	  0	  0	  0	  0	  0	  0	  0	  0	  0	  0	  0	  0	  0	  0	  0	  0	  0	  0	  0	  0	  0	  0	  0	 69	 52	 39	 88	  0	 19	  0	  0	  0	  0	  0	  0	  0	  0	  0	  0	  0	  5	21811	  0
22/04/2016	23:29:31	->	L	00000000	210	 84	 51	 21	  0	961	  0	  4	  4	  4	  4	  4	  4	  4	  4	  0	  0	  0	  0	  0	  0	  0	  0	  0	  0	  0	  0	  0	  0	  0	  0	  0	  0	  0	  0	  0	  0	  0	  0	 68	 51	 39	 84	  0	 20	  0	  0	  0	  0	  0	  0	  0	  0	  0	  0	  0	  5	21811	  0
22/04/2016	23:34:31	->	L	00000000	210	 82	 51	 21	  0	966	  0	  4	  4	  4	  4	  4	  4	  4	  4	  0	  0	  0	  0	  0	  0	  0	  0	  0	  0	  0	  0	  0	  0	  0	  0	  0	  0	  0	  0	  0	  0	  0	  0	 68	 51	 39	 82	  0	 22	  0	  0	  0	  0	  0	  0	  0	  0	  0	  0	  0	  5	21811	  0
22/04/2016	23:39:31	->	L	00000000	210	 87	 52	 20	  0	971	  0	  4	  4	  4	  4	  4	  4	  4	  4	  0	  0	  0	  0	  0	  0	  0	  0	  0	  0	  0	  0	  0	  0	  0	  0	  0	  0	  0	  0	  0	  0	  0	  0	 69	 52	 39	 87	  0	 19	  0	  0	  0	  0	  0	  0	  0	  0	  0	  0	  0	  5	21811	  0
22/04/2016	23:44:31	->	L	00000000	210	 83	 51	 21	  0	976	  0	  4	  4	  4	  4	  4	  4	  4	  4	  0	  0	  0	  0	  0	  0	  0	  0	  0	  0	  0	  0	  0	  0	  0	  0	  0	  0	  0	  0	  0	  0	  0	  0	 68	 51	 39	 83	  0	 21	  0	  0	  0	  0	  0	  0	  0	  0	  0	  0	  0	  5	21811	  0
22/04/2016	23:49:31	->	L	00000000	210	 86	 52	 19	  0	981	  0	  4	  4	  4	  4	  4	  4	  4	  4	  0	  0	  0	  0	  0	  0	  0	  0	  0	  0	  0	  0	  0	  0	  0	  0	  0	  0	  0	  0	  0	  0	  0	  0	 68	 52	 42	 86	  0	 20	  0	  0	  0	  0	  0	  0	  0	  0	  0	  0	  0	  5	21811	  0
22/04/2016	23:54:31	->	L	00000000	210	 82	 51	 22	  0	986	  0	  4	  4	  4	  4	  4	  4	  4	  4	  0	  0	  0	  0	  0	  0	  0	  0	  0	  0	  0	  0	  0	  0	  0	  0	  0	  0	  0	  0	  0	  0	  0	  0	 67	 51	 42	 82	  0	 22	  0	  0	  0	  0	  0	  0	  0	  0	  0	  0	  0	  5	21811	  0
22/04/2016	23:59:31	->	L	00000000	210	 87	 52	 19	  0	991	  0	  4	  4	  4	  4	  4	  4	  4	  4	  0	  0	  0	  0	  0	  0	  0	  0	  0	  0	  0	  0	  0	  0	  0	  0	  0	  0	  0	  0	  0	  0	  0	  0	 68	 52	 42	 87	  0	 19	  0	  0	  0	  0	  0	  0	  0	  0	  0	  0	  0	  5	21811	  0
23/04/2016	00:04:31	->	L	00000000	210	 82	 51	 22	  0	996	  0	  4	  4	  4	  4	  4	  4	  4	  4	  0	  0	  0	  0	  0	  0	  0	  0	  0	  0	  0	  0	  0	  0	  0	  0	  0	  0	  0	  0	  0	  0	  0	  0	 66	 51	 44	 82	  0	 22	  0	  0	  0	  0	  0	  0	  0	  0	  0	  0	  0	  5	21811	  0
23/04/2016	00:09:31	->	L	00000000	210	 86	 52	 21	  0	1001	  0	  4	  4	  4	  4	  4	  4	  4	  4	  0	  0	  0	  0	  0	  0	  0	  0	  0	  0	  0	  0	  0	  0	  0	  0	  0	  0	  0	  0	  0	  0	  0	  0	 68	 52	 42	 86	  0	 20	  0	  0	  0	  0	  0	  0	  0	  0	  0	  0	  0	  5	21811	  0
23/04/2016	00:14:31	->	L	00000000	210	 83	 51	 20	  0	1006	  0	  4	  4	  4	  4	  4	  4	  4	  4	  0	  0	  0	  0	  0	  0	  0	  0	  0	  0	  0	  0	  0	  0	  0	  0	  0	  0	  0	  0	  0	  0	  0	  0	 67	 51	 42	 83	  0	 21	  0	  0	  0	  0	  0	  0	  0	  0	  0	  0	  0	  5	21811	  0
23/04/2016	00:19:31	->	L	00000000	210	 86	 52	 21	  0	1011	  0	  4	  4	  4	  4	  4	  4	  4	  4	  0	  0	  0	  0	  0	  0	  0	  0	  0	  0	  0	  0	  0	  0	  0	  0	  0	  0	  0	  0	  0	  0	  0	  0	 68	 52	 42	 86	  0	 20	  0	  0	  0	  0	  0	  0	  0	  0	  0	  0	  0	  5	21811	  0
23/04/2016	00:24:31	->	L	00000000	210	 82	 51	 22	  0	1016	  0	  4	  4	  4	  4	  4	  4	  4	  4	  0	  0	  0	  0	  0	  0	  0	  0	  0	  0	  0	  0	  0	  0	  0	  0	  0	  0	  0	  0	  0	  0	  0	  0	 67	 51	 42	 82	  0	 22	  0	  0	  0	  0	  0	  0	  0	  0	  0	  0	  0	  5	21811	  0
23/04/2016	00:29:31	->	L	00000000	210	 85	 52	 20	  0	1021	  0	  4	  4	  4	  4	  4	  4	  4	  4	  0	  0	  0	  0	  0	  0	  0	  0	  0	  0	  0	  0	  0	  0	  0	  0	  0	  0	  0	  0	  0	  0	  0	  0	 69	 52	 39	 86	  0	 21	  0	  0	  0	  0	  0	  0	  0	  0	  0	  0	  0	  5	21811	  0
23/04/2016	00:34:31	->	L	00000000	210	 83	 51	 20	  0	1026	  0	  4	  4	  4	  4	  4	  4	  4	  4	  0	  0	  0	  0	  0	  0	  0	  0	  0	  0	  0	  0	  0	  0	  0	  0	  0	  0	  0	  0	  0	  0	  0	  0	 68	 51	 39	 83	  0	 21	  0	  0	  0	  0	  0	  0	  0	  0	  0	  0	  0	  5	21811	  0
23/04/2016	00:39:31	->	L	00000000	210	 84	 51	 20	  0	1031	  0	  4	  4	  4	  4	  4	  4	  4	  4	  0	  0	  0	  0	  0	  0	  0	  0	  0	  0	  0	  0	  0	  0	  0	  0	  0	  0	  0	  0	  0	  0	  0	  0	 68	 51	 39	 84	  0	 20	  0	  0	  0	  0	  0	  0	  0	  0	  0	  0	  0	  5	21811	  0
23/04/2016	00:44:31	->	L	00000000	210	 86	 51	 20	  0	1036	  0	  4	  4	  4	  4	  4	  4	  4	  4	  0	  0	  0	  0	  0	  0	  0	  0	  0	  0	  0	  0	  0	  0	  0	  0	  0	  0	  0	  0	  0	  0	  0	  0	 69	 51	 38	 85	  0	 19	  0	  0	  0	  0	  0	  0	  0	  0	  0	  0	  0	  5	21811	  0
23/04/2016	00:49:31	->	L	00000000	210	 83	 51	 21	  0	1041	  0	  4	  4	  4	  4	  4	  4	  4	  4	  0	  0	  0	  0	  0	  0	  0	  0	  0	  0	  0	  0	  0	  0	  0	  0	  0	  0	  0	  0	  0	  0	  0	  0	 68	 51	 39	 83	  0	 21	  0	  0	  0	  0	  0	  0	  0	  0	  0	  0	  0	  5	21811	  0
23/04/2016	00:54:31	->	L	00000000	210	 86	 52	 20	  0	1046	  0	  4	  4	  4	  4	  4	  4	  4	  4	  0	  0	  0	  0	  0	  0	  0	  0	  0	  0	  0	  0	  0	  0	  0	  0	  0	  0	  0	  0	  0	  0	  0	  0	 70	 52	 38	 86	  0	 20	  0	  0	  0	  0	  0	  0	  0	  0	  0	  0	  0	  5	21811	  0
23/04/2016	00:59:31	->	L	00000000	210	 83	 51	 21	  0	1051	  0	  4	  4	  4	  4	  4	  4	  4	  4	  0	  0	  0	  0	  0	  0	  0	  0	  0	  0	  0	  0	  0	  0	  0	  0	  0	  0	  0	  0	  0	  0	  0	  0	 69	 52	 38	 82	  0	 21	  0	  0	  0	  0	  0	  0	  0	  0	  0	  0	  0	  5	21811	  0
23/04/2016	01:04:31	->	L	00000000	210	 84	 51	 21	  0	1056	  0	  4	  4	  4	  4	  4	  4	  4	  4	  0	  0	  0	  0	  0	  0	  0	  0	  0	  0	  0	  0	  0	  0	  0	  0	  0	  0	  0	  0	  0	  0	  0	  0	 69	 51	 38	 84	  0	 20	  0	  0	  0	  0	  0	  0	  0	  0	  0	  0	  0	  5	21811	  0
23/04/2016	01:09:31	->	L	00000000	210	 85	 51	 20	  0	1061	  0	  4	  4	  4	  4	  4	  4	  4	  4	  0	  0	  0	  0	  0	  0	  0	  0	  0	  0	  0	  0	  0	  0	  0	  0	  0	  0	  0	  0	  0	  0	  0	  0	 69	 51	 38	 85	  0	 20	  0	  0	  0	  0	  0	  0	  0	  0	  0	  0	  0	  5	21811	  0
23/04/2016	01:14:31	->	L	00000000	210	 84	 50	 19	  0	1066	  0	  4	  4	  4	  4	  4	  4	  4	  4	  0	  0	  0	  0	  0	  0	  0	  0	  0	  0	  0	  0	  0	  0	  0	  0	  0	  0	  0	  0	  0	  0	  0	  0	 68	 50	 37	 83	  0	 19	  0	  0	  0	  0	  0	  0	  0	  0	  0	  0	  0	  5	21811	  0
23/04/2016	01:19:31	->	L	00000000	210	 85	 52	 21	  0	1071	  0	  4	  4	  4	  4	  4	  4	  4	  4	  0	  0	  0	  0	  0	  0	  0	  0	  0	  0	  0	  0	  0	  0	  0	  0	  0	  0	  0	  0	  0	  0	  0	  0	 69	 52	 39	 85	  0	 21	  0	  0	  0	  0	  0	  0	  0	  0	  0	  0	  0	  5	21811	  0
23/04/2016	01:24:31	->	L	00000000	210	 85	 51	 19	  0	1076	  0	  4	  4	  4	  4	  4	  4	  4	  4	  0	  0	  0	  0	  0	  0	  0	  0	  0	  0	  0	  0	  0	  0	  0	  0	  0	  0	  0	  0	  0	  0	  0	  0	 69	 51	 38	 85	  0	 20	  0	  0	  0	  0	  0	  0	  0	  0	  0	  0	  0	  5	21811	  0
23/04/2016	01:29:31	->	L	00000000	210	 83	 51	 21	  0	1081	  0	  4	  4	  4	  4	  4	  4	  4	  4	  0	  0	  0	  0	  0	  0	  0	  0	  0	  0	  0	  0	  0	  0	  0	  0	  0	  0	  0	  0	  0	  0	  0	  0	 70	 51	 35	 84	  0	 21	  0	  0	  0	  0	  0	  0	  0	  0	  0	  0	  0	  5	21811	  0
23/04/2016	01:34:31	->	L	00000000	210	 86	 52	 20	  0	1086	  0	  4	  4	  4	  4	  4	  4	  4	  4	  0	  0	  0	  0	  0	  0	  0	  0	  0	  0	  0	  0	  0	  0	  0	  0	  0	  0	  0	  0	  0	  0	  0	  0	 71	 52	 36	 86	  0	 20	  0	  0	  0	  0	  0	  0	  0	  0	  0	  0	  0	  5	21811	  0
23/04/2016	01:39:31	<-	L	00000000	210	 81	 53	 26	  0	1091	  0	  4	  4	  4	  4	  4	  4	  4	  4	  0	  0	  0	  0	  0	  0	  0	  0	  0	  0	  0	  0	  0	  0	  0	  0	  0	  0	  0	  0	  0	  0	  0	  0	 81	 53	 25	 76	  0	 28	  0	  0	  0	  0	  0	  0	  0	  0	  0	  0	  0	  5	21811	  0
23/04/2016	01:44:31	<-	L	00000000	210	 83	 52	 22	  0	1096	  0	  4	  4	  4	  4	  4	  4	  4	  4	  0	  0	  0	  0	  0	  0	  0	  0	  0	  0	  0	  0	  0	  0	  0	  0	  0	  0	  0	  0	  0	  0	  0	  0	 83	 52	 22	 69	  0	 39	  0	  0	  0	  0	  0	  0	  0	  0	  0	  0	  0	  5	21811	  0
23/04/2016	01:49:31	<-	L	00000000	210	 83	 51	 21	  0	1101	  0	  4	  4	  4	  4	  4	  4	  4	  4	  0	  0	  0	  0	  0	  0	  0	  0	  0	  0	  0	  0	  0	  0	  0	  0	  0	  0	  0	  0	  0	  0	  0	  0	 83	 51	 21	 68	  0	 39	  0	  0	  0	  0	  0	  0	  0	  0	  0	  0	  0	  5	21811	  0
23/04/2016	01:54:31	<-	L	00000000	210	 84	 51	 21	  0	1106	  0	  4	  4	  4	  4	  4	  4	  4	  4	  0	  0	  0	  0	  0	  0	  0	  0	  0	  0	  0	  0	  0	  0	  0	  0	  0	  0	  0	  0	  0	  0	  0	  0	 84	 51	 20	 67	  0	 42	  0	  0	  0	  0	  0	  0	  0	  0	  0	  0	  0	  5	21811	  0
23/04/2016	01:59:31	<-	L	00000000	210	 84	 52	 21	  0	1111	  0	  4	  4	  4	  4	  4	  4	  4	  4	  0	  0	  0	  0	  0	  0	  0	  0	  0	  0	  0	  0	  0	  0	  0	  0	  0	  0	  0	  0	  0	  0	  0	  0	 84	 52	 21	 68	  0	 42	  0	  0	  0	  0	  0	  0	  0	  0	  0	  0	  0	  5	21811	  0
23/04/2016	02:04:31	<-	L	00000000	210	 85	 51	 21	  0	1116	  0	  4	  4	  4	  4	  4	  4	  4	  4	  0	  0	  0	  0	  0	  0	  0	  0	  0	  0	  0	  0	  0	  0	  0	  0	  0	  0	  0	  0	  0	  0	  0	  0	 85	 51	 20	 68	  0	 39	  0	  0	  0	  0	  0	  0	  0	  0	  0	  0	  0	  5	21811	  0
23/04/2016	02:09:31	<-	L	00000000	210	 85	 52	 21	  0	1121	  0	  4	  4	  4	  4	  4	  4	  4	  4	  0	  0	  0	  0	  0	  0	  0	  0	  0	  0	  0	  0	  0	  0	  0	  0	  0	  0	  0	  0	  0	  0	  0	  0	 85	 52	 21	 64	  0	 52	  0	  0	  0	  0	  0	  0	  0	  0	  0	  0	  0	  5	21811	  0
23/04/2016	02:14:31	<-	L	00000000	210	 85	 52	 21	  0	1126	  0	  4	  4	  4	  4	  4	  4	  4	  4	  0	  0	  0	  0	  0	  0	  0	  0	  0	  0	  0	  0	  0	  0	  0	  0	  0	  0	  0	  0	  0	  0	  0	  0	 85	 52	 21	 68	  0	 42	  0	  0	  0	  0	  0	  0	  0	  0	  0	  0	  0	  5	21811	  0
23/04/2016	02:19:31	<-	L	00000000	210	 83	 51	 21	  0	1131	  0	  4	  4	  4	  4	  4	  4	  4	  4	  0	  0	  0	  0	  0	  0	  0	  0	  0	  0	  0	  0	  0	  0	  0	  0	  0	  0	  0	  0	  0	  0	  0	  0	 83	 51	 21	 68	  0	 39	  0	  0	  0	  0	  0	  0	  0	  0	  0	  0	  0	  5	21811	  0
23/04/2016	02:24:31	<-	L	00000000	210	 81	 50	 22	  0	1136	  0	  4	  4	  4	  4	  4	  4	  4	  4	  0	  0	  0	  0	  0	  0	  0	  0	  0	  0	  0	  0	  0	  0	  0	  0	  0	  0	  0	  0	  0	  0	  0	  0	 81	 50	 21	 67	  0	 39	  0	  0	  0	  0	  0	  0	  0	  0	  0	  0	  0	  5	21811	  0
23/04/2016	02:29:31	<-	L	00000000	210	 86	 52	 20	  0	1141	  0	  4	  4	  4	  4	  4	  4	  4	  4	  0	  0	  0	  0	  0	  0	  0	  0	  0	  0	  0	  0	  0	  0	  0	  0	  0	  0	  0	  0	  0	  0	  0	  0	 86	 52	 20	 69	  0	 39	  0	  0	  0	  0	  0	  0	  0	  0	  0	  0	  0	  5	21811	  0
23/04/2016	02:34:32	<-	L	00000000	210	 84	 51	 20	  0	1146	  0	  4	  4	  4	  4	  4	  4	  4	  4	  0	  0	  0	  0	  0	  0	  0	  0	  0	  0	  0	  0	  0	  0	  0	  0	  0	  0	  0	  0	  0	  0	  0	  0	 84	 51	 20	 67	  0	 42	  0	  0	  0	  0	  0	  0	  0	  0	  0	  0	  0	  5	21811	  0
23/04/2016	02:39:31	<-	L	00000000	210	 74	 51	 27	  0	1151	  0	  4	  4	  4	  4	  4	  4	  4	  4	  0	  0	  0	  0	  0	  0	  0	  0	  0	  0	  0	  0	  0	  0	  0	  0	  0	  0	  0	  0	  0	  0	  0	  0	 74	 51	 27	 65	  0	 46	  0	  0	  0	  0	  0	  0	  0	  0	  0	  0	  0	  5	21811	  0
23/04/2016	02:44:32	<-	L	00000000	210	 70	 50	 30	  0	1156	  0	  4	  4	  4	  4	  4	  4	  4	  4	  0	  0	  0	  0	  0	  0	  0	  0	  0	  0	  0	  0	  0	  0	  0	  0	  0	  0	  0	  0	  0	  0	  0	  0	 70	 50	 33	 63	  0	 48	  0	  0	  0	  0	  0	  0	  0	  0	  0	  0	  0	  5	21811	  0
23/04/2016	02:49:31	<-	L	00000000	210	 69	 49	 35	  0	1161	  0	  4	  4	  4	  4	  4	  4	  4	  4	  0	  0	  0	  0	  0	  0	  0	  0	  0	  0	  0	  0	  0	  0	  0	  0	  0	  0	  0	  0	  0	  0	  0	  0	 69	 49	 33	 62	  0	 48	  0	  0	  0	  0	  0	  0	  0	  0	  0	  0	  0	  5	21811	  0
23/04/2016	02:54:32	<-	L	00000000	210	 68	 49	 34	  0	1166	  0	  4	  4	  4	  4	  4	  4	  4	  4	  0	  0	  0	  0	  0	  0	  0	  0	  0	  0	  0	  0	  0	  0	  0	  0	  0	  0	  0	  0	  0	  0	  0	  0	 68	 49	 34	 61	  0	 51	  0	  0	  0	  0	  0	  0	  0	  0	  0	  0	  0	  5	21811	  0
23/04/2016	02:59:32	<-	L	00000000	210	 66	 49	 34	  0	1171	  0	  4	  4	  4	  4	  4	  4	  4	  4	  0	  0	  0	  0	  0	  0	  0	  0	  0	  0	  0	  0	  0	  0	  0	  0	  0	  0	  0	  0	  0	  0	  0	  0	 66	 48	 38	 63	  0	 45	  0	  0	  0	  0	  0	  0	  0	  0	  0	  0	  0	  5	21811	  0
23/04/2016	03:04:32	<-	L	00000000	210	 66	 48	 36	  0	1176	  0	  4	  4	  4	  4	  4	  4	  4	  4	  0	  0	  0	  0	  0	  0	  0	  0	  0	  0	  0	  0	  0	  0	  0	  0	  0	  0	  0	  0	  0	  0	  0	  0	 66	 48	 36	 63	  0	 43	  0	  0	  0	  0	  0	  0	  0	  0	  0	  0	  0	  5	21811	  0
23/04/2016	03:09:31	<-	L	00000000	210	 65	 48	 38	  0	1181	  0	  4	  4	  4	  4	  4	  4	  4	  4	  0	  0	  0	  0	  0	  0	  0	  0	  0	  0	  0	  0	  0	  0	  0	  0	  0	  0	  0	  0	  0	  0	  0	  0	 65	 48	 38	 62	  0	 45	  0	  0	  0	  0	  0	  0	  0	  0	  0	  0	  0	  5	21811	  0
23/04/2016	03:14:31	<-	L	00000000	210	 64	 47	 37	  0	1186	  0	  4	  4	  4	  4	  4	  4	  4	  4	  0	  0	  0	  0	  0	  0	  0	  0	  0	  0	  0	  0	  0	  0	  0	  0	  0	  0	  0	  0	  0	  0	  0	  0	 64	 47	 37	 61	  0	 45	  0	  0	  0	  0	  0	  0	  0	  0	  0	  0	  0	  5	21811	  0
23/04/2016	03:19:31	<-	L	00000000	210	 63	 46	 40	  0	1191	  0	  4	  4	  4	  4	  4	  4	  4	  4	  0	  0	  0	  0	  0	  0	  0	  0	  0	  0	  0	  0	  0	  0	  0	  0	  0	  0	  0	  0	  0	  0	  0	  0	 63	 46	 37	 60	  0	 44	  0	  0	  0	  0	  0	  0	  0	  0	  0	  0	  0	  5	21811	  0
23/04/2016	03:24:31	<-	L	00000000	210	 75	 48	 24	  0	1196	  0	  4	  4	  4	  4	  4	  4	  4	  4	  0	  0	  0	  0	  0	  0	  0	  0	  0	  0	  0	  0	  0	  0	  0	  0	  0	  0	  0	  0	  0	  0	  0	  0	 75	 48	 23	 64	  0	 40	  0	  0	  0	  0	  0	  0	  0	  0	  0	  0	  0	  5	21811	  0
23/04/2016	03:29:32	<-	L	00000000	210	 77	 49	 22	  0	1201	  0	  4	  4	  4	  4	  4	  4	  4	  4	  0	  0	  0	  0	  0	  0	  0	  0	  0	  0	  0	  0	  0	  0	  0	  0	  0	  0	  0	  0	  0	  0	  0	  0	 77	 49	 23	 68	  0	 34	  0	  0	  0	  0	  0	  0	  0	  0	  0	  0	  0	  5	20531	  0
23/04/2016	03:34:32	<-	L	00000000	210	 83	 50	 21	  0	1206	  0	  4	  4	  4	  4	  4	  4	  4	  4	  0	  0	  0	  0	  0	  0	  0	  0	  0	  0	  0	  0	  0	  0	  0	  0	  0	  0	  0	  0	  0	  0	  0	  0	 83	 50	 20	 70	  0	 33	  0	  0	  0	  0	  0	  0	  0	  0	  0	  0	  0	  5	20531	  0
23/04/2016	03:39:32	<-	L	00000000	210	 81	 50	 21	  0	1211	  0	  4	  4	  4	  4	  4	  4	  4	  4	  0	  0	  0	  0	  0	  0	  0	  0	  0	  0	  0	  0	  0	  0	  0	  0	  0	  0	  0	  0	  0	  0	  0	  0	 81	 50	 21	 71	  0	 30	  0	  0	  0	  0	  0	  0	  0	  0	  0	  0	  0	  5	20531	  0
23/04/2016	03:44:31	<-	L	00000000	210	 78	 50	 23	  0	1216	  0	  4	  4	  4	  4	  4	  4	  4	  4	  0	  0	  0	  0	  0	  0	  0	  0	  0	  0	  0	  0	  0	  0	  0	  0	  0	  0	  0	  0	  0	  0	  0	  0	 78	 50	 23	 70	  0	 33	  0	  0	  0	  0	  0	  0	  0	  0	  0	  0	  0	  5	21811	  0
23/04/2016	03:49:31	<-	L	00000000	210	 89	 51	 18	  0	1221	  0	  4	  4	  4	  4	  4	  4	  4	  4	  0	  0	  0	  0	  0	  0	  0	  0	  0	  0	  0	  0	  0	  0	  0	  0	  0	  0	  0	  0	  0	  0	  0	  0	 89	 51	 17	 74	  0	 27	  0	  0	  0	  0	  0	  0	  0	  0	  0	  0	  0	  5	21811	  0
23/04/2016	03:54:31	<-	L	00000000	210	 83	 50	 21	  0	1226	  0	  4	  4	  4	  4	  4	  4	  4	  4	  0	  0	  0	  0	  0	  0	  0	  0	  0	  0	  0	  0	  0	  0	  0	  0	  0	  0	  0	  0	  0	  0	  0	  0	 83	 50	 20	 71	  0	 30	  0	  0	  0	  0	  0	  0	  0	  0	  0	  0	  0	  5	21811	  0
23/04/2016	03:59:31	<-	L	00000000	210	 89	 52	 18	  0	1231	  0	  4	  4	  4	  4	  4	  4	  4	  4	  0	  0	  0	  0	  0	  0	  0	  0	  0	  0	  0	  0	  0	  0	  0	  0	  0	  0	  0	  0	  0	  0	  0	  0	 89	 52	 18	 74	  0	 30	  0	  0	  0	  0	  0	  0	  0	  0	  0	  0	  0	  5	21811	  0
23/04/2016	04:04:32	<-	L	00000000	210	 83	 50	 21	  0	1236	  0	  4	  4	  4	  4	  4	  4	  4	  4	  0	  0	  0	  0	  0	  0	  0	  0	  0	  0	  0	  0	  0	  0	  0	  0	  0	  0	  0	  0	  0	  0	  0	  0	 83	 50	 20	 72	  0	 29	  0	  0	  0	  0	  0	  0	  0	  0	  0	  0	  0	  5	21811	  0
23/04/2016	04:09:32	<-	L	00000000	210	 87	 51	 19	  0	1241	  0	  4	  4	  4	  4	  4	  4	  4	  4	  0	  0	  0	  0	  0	  0	  0	  0	  0	  0	  0	  0	  0	  0	  0	  0	  0	  0	  0	  0	  0	  0	  0	  0	 87	 51	 18	 73	  0	 30	  0	  0	  0	  0	  0	  0	  0	  0	  0	  0	  0	  5	21811	  0
23/04/2016	04:14:32	<-	L	00000000	210	 85	 51	 20	  0	1246	  0	  4	  4	  4	  4	  4	  4	  4	  4	  0	  0	  0	  0	  0	  0	  0	  0	  0	  0	  0	  0	  0	  0	  0	  0	  0	  0	  0	  0	  0	  0	  0	  0	 85	 51	 20	 73	  0	 30	  0	  0	  0	  0	  0	  0	  0	  0	  0	  0	  0	  5	21811	  0
23/04/2016	04:19:32	<-	L	00000000	210	 88	 52	 18	  0	1251	  0	  4	  4	  4	  4	  4	  4	  4	  4	  0	  0	  0	  0	  0	  0	  0	  0	  0	  0	  0	  0	  0	  0	  0	  0	  0	  0	  0	  0	  0	  0	  0	  0	 88	 52	 19	 74	  0	 30	  0	  0	  0	  0	  0	  0	  0	  0	  0	  0	  0	  5	21811	  0
23/04/2016	04:24:32	<-	L	00000000	210	 84	 51	 20	  0	1256	  0	  4	  4	  4	  4	  4	  4	  4	  4	  0	  0	  0	  0	  0	  0	  0	  0	  0	  0	  0	  0	  0	  0	  0	  0	  0	  0	  0	  0	  0	  0	  0	  0	 84	 51	 20	 73	  0	 30	  0	  0	  0	  0	  0	  0	  0	  0	  0	  0	  0	  5	21811	  0
23/04/2016	04:29:32	<-	L	00000000	210	 88	 52	 18	  0	1261	  0	  4	  4	  4	  4	  4	  4	  4	  4	  0	  0	  0	  0	  0	  0	  0	  0	  0	  0	  0	  0	  0	  0	  0	  0	  0	  0	  0	  0	  0	  0	  0	  0	 88	 52	 19	 74	  0	 30	  0	  0	  0	  0	  0	  0	  0	  0	  0	  0	  0	  5	21811	  0
23/04/2016	04:34:32	<-	L	00000000	210	 83	 50	 21	  0	1266	  0	  4	  4	  4	  4	  4	  4	  4	  4	  0	  0	  0	  0	  0	  0	  0	  0	  0	  0	  0	  0	  0	  0	  0	  0	  0	  0	  0	  0	  0	  0	  0	  0	 83	 50	 20	 72	  0	 29	  0	  0	  0	  0	  0	  0	  0	  0	  0	  0	  0	  5	21811	  0
23/04/2016	04:39:32	<-	L	00000000	210	 89	 52	 18	  0	1271	  0	  4	  4	  4	  4	  4	  4	  4	  4	  0	  0	  0	  0	  0	  0	  0	  0	  0	  0	  0	  0	  0	  0	  0	  0	  0	  0	  0	  0	  0	  0	  0	  0	 89	 52	 18	 75	  0	 28	  0	  0	  0	  0	  0	  0	  0	  0	  0	  0	  0	  5	21811	  0
23/04/2016	04:44:32	<-	L	00000000	210	 86	 51	 20	  0	1276	  0	  4	  4	  4	  4	  4	  4	  4	  4	  0	  0	  0	  0	  0	  0	  0	  0	  0	  0	  0	  0	  0	  0	  0	  0	  0	  0	  0	  0	  0	  0	  0	  0	 86	 51	 20	 74	  0	 27	  0	  0	  0	  0	  0	  0	  0	  0	  0	  0	  0	  5	21811	  0
23/04/2016	04:49:32	<-	L	00000000	210	 87	 51	 19	  0	1281	  0	  4	  4	  4	  4	  4	  4	  4	  4	  0	  0	  0	  0	  0	  0	  0	  0	  0	  0	  0	  0	  0	  0	  0	  0	  0	  0	  0	  0	  0	  0	  0	  0	 87	 51	 18	 74	  0	 27	  0	  0	  0	  0	  0	  0	  0	  0	  0	  0	  0	  5	21811	  0
23/04/2016	04:54:32	<-	L	00000000	210	 89	 51	 18	  0	1286	  0	  4	  4	  4	  4	  4	  4	  4	  4	  0	  0	  0	  0	  0	  0	  0	  0	  0	  0	  0	  0	  0	  0	  0	  0	  0	  0	  0	  0	  0	  0	  0	  0	 89	 51	 17	 76	  0	 26	  0	  0	  0	  0	  0	  0	  0	  0	  0	  0	  0	  5	21811	  0
23/04/2016	04:59:32	<-	L	00000000	210	 84	 51	 20	  0	1291	  0	  4	  4	  4	  4	  4	  4	  4	  4	  0	  0	  0	  0	  0	  0	  0	  0	  0	  0	  0	  0	  0	  0	  0	  0	  0	  0	  0	  0	  0	  0	  0	  0	 84	 51	 20	 73	  0	 30	  0	  0	  0	  0	  0	  0	  0	  0	  0	  0	  0	  5	21811	  0
23/04/2016	05:04:32	<-	L	00000000	210	 88	 52	 18	  0	1296	  0	  4	  4	  4	  4	  4	  4	  4	  4	  0	  0	  0	  0	  0	  0	  0	  0	  0	  0	  0	  0	  0	  0	  0	  0	  0	  0	  0	  0	  0	  0	  0	  0	 88	 52	 19	 76	  0	 28	  0	  0	  0	  0	  0	  0	  0	  0	  0	  0	  0	  5	21811	  0
23/04/2016	05:09:32	<-	L	00000000	210	 84	 50	 20	  0	1301	  0	  4	  4	  4	  4	  4	  4	  4	  4	  0	  0	  0	  0	  0	  0	  0	  0	  0	  0	  0	  0	  0	  0	  0	  0	  0	  0	  0	  0	  0	  0	  0	  0	 84	 50	 19	 72	  0	 29	  0	  0	  0	  0	  0	  0	  0	  0	  0	  0	  0	  5	21811	  0
23/04/2016	05:14:32	<-	L	00000000	210	 90	 52	 18	  0	1306	  0	  4	  4	  4	  4	  4	  4	  4	  4	  0	  0	  0	  0	  0	  0	  0	  0	  0	  0	  0	  0	  0	  0	  0	  0	  0	  0	  0	  0	  0	  0	  0	  0	 90	 52	 18	 76	  0	 28	  0	  0	  0	  0	  0	  0	  0	  0	  0	  0	  0	  5	21811	  0
23/04/2016	05:19:32	<-	L	00000000	210	 83	 50	 19	  0	1311	  0	  4	  4	  4	  4	  4	  4	  4	  4	  0	  0	  0	  0	  0	  0	  0	  0	  0	  0	  0	  0	  0	  0	  0	  0	  0	  0	  0	  0	  0	  0	  0	  0	 83	 50	 20	 73	  0	 27	  0	  0	  0	  0	  0	  0	  0	  0	  0	  0	  0	  5	21811	  0
23/04/2016	05:24:32	<-	L	00000000	210	 89	 52	 18	  0	1316	  0	  4	  4	  4	  4	  4	  4	  4	  4	  0	  0	  0	  0	  0	  0	  0	  0	  0	  0	  0	  0	  0	  0	  0	  0	  0	  0	  0	  0	  0	  0	  0	  0	 89	 52	 18	 76	  0	 28	  0	  0	  0	  0	  0	  0	  0	  0	  0	  0	  0	  5	21811	  0
23/04/2016	05:29:32	<-	L	00000000	210	 83	 50	 20	  0	1321	  0	  4	  4	  4	  4	  4	  4	  4	  4	  0	  0	  0	  0	  0	  0	  0	  0	  0	  0	  0	  0	  0	  0	  0	  0	  0	  0	  0	  0	  0	  0	  0	  0	 83	 50	 20	 73	  0	 27	  0	  0	  0	  0	  0	  0	  0	  0	  0	  0	  0	  5	21811	  0
23/04/2016	05:34:32	<-	L	00000000	210	 89	 52	 18	  0	1326	  0	  4	  4	  4	  4	  4	  4	  4	  4	  0	  0	  0	  0	  0	  0	  0	  0	  0	  0	  0	  0	  0	  0	  0	  0	  0	  0	  0	  0	  0	  0	  0	  0	 89	 52	 18	 76	  0	 28	  0	  0	  0	  0	  0	  0	  0	  0	  0	  0	  0	  5	21811	  0
23/04/2016	05:39:32	->	L	00000000	210	 87	 53	 20	  0	1331	  0	  4	  4	  4	  4	  4	  4	  4	  4	  0	  0	  0	  0	  0	  0	  0	  0	  0	  0	  0	  0	  0	  0	  0	  0	  0	  0	  0	  0	  0	  0	  0	  0	 87	 53	 20	 80	  0	 26	  0	  0	  0	  0	  0	  0	  0	  0	  0	  0	  0	  5	21811	  0
23/04/2016	05:44:32	->	L	00000000	210	 83	 51	 21	  0	1336	  0	  4	  4	  4	  4	  4	  4	  4	  4	  0	  0	  0	  0	  0	  0	  0	  0	  0	  0	  0	  0	  0	  0	  0	  0	  0	  0	  0	  0	  0	  0	  0	  0	 76	 51	 26	 83	  0	 21	  0	  0	  0	  0	  0	  0	  0	  0	  0	  0	  0	  5	21811	  0
23/04/2016	05:49:32	->	L	00000000	210	 88	 52	 19	  0	1341	  0	  4	  4	  4	  4	  4	  4	  4	  4	  0	  0	  0	  0	  0	  0	  0	  0	  0	  0	  0	  0	  0	  0	  0	  0	  0	  0	  0	  0	  0	  0	  0	  0	 77	 52	 26	 88	  0	 19	  0	  0	  0	  0	  0	  0	  0	  0	  0	  0	  0	  5	21811	  0
23/04/2016	05:54:32	->	L	00000000	210	 83	 51	 20	  0	1346	  0	  4	  4	  4	  4	  4	  4	  4	  4	  0	  0	  0	  0	  0	  0	  0	  0	  0	  0	  0	  0	  0	  0	  0	  0	  0	  0	  0	  0	  0	  0	  0	  0	 75	 51	 28	 83	  0	 21	  0	  0	  0	  0	  0	  0	  0	  0	  0	  0	  0	  5	21811	  0
23/04/2016	05:59:32	->	L	00000000	210	 89	 51	 18	  0	1351	  0	  4	  4	  4	  4	  4	  4	  4	  4	  0	  0	  0	  0	  0	  0	  0	  0	  0	  0	  0	  0	  0	  0	  0	  0	  0	  0	  0	  0	  0	  0	  0	  0	 75	 51	 28	 89	  0	 18	  0	  0	  0	  0	  0	  0	  0	  0	  0	  0	  0	  5	21811	  0
23/04/2016	06:04:32	->	L	00000000	210	 85	 51	 19	  0	1356	  0	  4	  4	  4	  4	  4	  4	  4	  4	  0	  0	  0	  0	  0	  0	  0	  0	  0	  0	  0	  0	  0	  0	  0	  0	  0	  0	  0	  0	  0	  0	  0	  0	 74	 51	 27	 85	  0	 20	  0	  0	  0	  0	  0	  0	  0	  0	  0	  0	  0	  5	21811	  0
23/04/2016	06:09:31	->	L	00000000	210	 85	 51	 20	  0	1361	  0	  4	  4	  4	  4	  4	  4	  4	  4	  0	  0	  0	  0	  0	  0	  0	  0	  0	  0	  0	  0	  0	  0	  0	  0	  0	  0	  0	  0	  0	  0	  0	  0	 75	 51	 28	 85	  0	 20	  0	  0	  0	  0	  0	  0	  0	  0	  0	  0	  0	  5	21811	  0
23/04/2016	06:14:31	->	L	00000000	210	 87	 51	 18	  0	1366	  0	  4	  4	  4	  4	  4	  4	  4	  4	  0	  0	  0	  0	  0	  0	  0	  0	  0	  0	  0	  0	  0	  0	  0	  0	  0	  0	  0	  0	  0	  0	  0	  0	 75	 51	 28	 87	  0	 18	  0	  0	  0	  0	  0	  0	  0	  0	  0	  0	  0	  5	21811	  0
23/04/2016	06:19:31	->	L	00000000	210	 83	 50	 20	  0	1371	  0	  4	  4	  4	  4	  4	  4	  4	  4	  0	  0	  0	  0	  0	  0	  0	  0	  0	  0	  0	  0	  0	  0	  0	  0	  0	  0	  0	  0	  0	  0	  0	  0	 74	 50	 27	 83	  0	 20	  0	  0	  0	  0	  0	  0	  0	  0	  0	  0	  0	  5	21811	  0
23/04/2016	06:24:31	->	L	00000000	210	 89	 51	 18	  0	1376	  0	  4	  4	  4	  4	  4	  4	  4	  4	  0	  0	  0	  0	  0	  0	  0	  0	  0	  0	  0	  0	  0	  0	  0	  0	  0	  0	  0	  0	  0	  0	  0	  0	 75	 51	 28	 89	  0	 17	  0	  0	  0	  0	  0	  0	  0	  0	  0	  0	  0	  5	21811	  0
23/04/2016	06:29:31	->	L	00000000	210	 86	 51	 18	  0	1381	  0	  4	  4	  4	  4	  4	  4	  4	  4	  0	  0	  0	  0	  0	  0	  0	  0	  0	  0	  0	  0	  0	  0	  0	  0	  0	  0	  0	  0	  0	  0	  0	  0	 75	 51	 28	 86	  0	 19	  0	  0	  0	  0	  0	  0	  0	  0	  0	  0	  0	  5	21811	  0
23/04/2016	06:34:31	->	L	00000000	210	 84	 51	 20	  0	1386	  0	  4	  4	  4	  4	  4	  4	  4	  4	  0	  0	  0	  0	  0	  0	  0	  0	  0	  0	  0	  0	  0	  0	  0	  0	  0	  0	  0	  0	  0	  0	  0	  0	 74	 51	 27	 84	  0	 20	  0	  0	  0	  0	  0	  0	  0	  0	  0	  0	  0	  5	21811	  0
23/04/2016	06:39:31	->	L	00000000	210	 88	 51	 17	  0	1391	  0	  4	  4	  4	  4	  4	  4	  4	  4	  0	  0	  0	  0	  0	  0	  0	  0	  0	  0	  0	  0	  0	  0	  0	  0	  0	  0	  0	  0	  0	  0	  0	  0	 75	 51	 28	 88	  0	 18	  0	  0	  0	  0	  0	  0	  0	  0	  0	  0	  0	  5	21811	  0
23/04/2016	06:44:31	->	L	00000000	210	 84	 51	 20	  0	1396	  0	  4	  4	  4	  4	  4	  4	  4	  4	  0	  0	  0	  0	  0	  0	  0	  0	  0	  0	  0	  0	  0	  0	  0	  0	  0	  0	  0	  0	  0	  0	  0	  0	 74	 51	 27	 84	  0	 20	  0	  0	  0	  0	  0	  0	  0	  0	  0	  0	  0	  5	21811	  0
23/04/2016	06:49:31	->	L	00000000	210	 88	 51	 18	  0	1401	  0	  4	  4	  4	  4	  4	  4	  4	  4	  0	  0	  0	  0	  0	  0	  0	  0	  0	  0	  0	  0	  0	  0	  0	  0	  0	  0	  0	  0	  0	  0	  0	  0	 75	 51	 28	 88	  0	 18	  0	  0	  0	  0	  0	  0	  0	  0	  0	  0	  0	  5	21811	  0
23/04/2016	06:54:31	->	L	00000000	210	 84	 51	 20	  0	1406	  0	  4	  4	  4	  4	  4	  4	  4	  4	  0	  0	  0	  0	  0	  0	  0	  0	  0	  0	  0	  0	  0	  0	  0	  0	  0	  0	  0	  0	  0	  0	  0	  0	 74	 51	 27	 84	  0	 20	  0	  0	  0	  0	  0	  0	  0	  0	  0	  0	  0	  5	21811	  0
23/04/2016	06:59:31	->	L	00000000	210	 85	 51	 20	  0	1411	  0	  4	  4	  4	  4	  4	  4	  4	  4	  0	  0	  0	  0	  0	  0	  0	  0	  0	  0	  0	  0	  0	  0	  0	  0	  0	  0	  0	  0	  0	  0	  0	  0	 74	 51	 27	 85	  0	 20	  0	  0	  0	  0	  0	  0	  0	  0	  0	  0	  0	  5	21811	  0
23/04/2016	07:04:31	->	L	00000000	210	 89	 52	 18	  0	1416	  0	  4	  4	  4	  4	  4	  4	  4	  4	  0	  0	  0	  0	  0	  0	  0	  0	  0	  0	  0	  0	  0	  0	  0	  0	  0	  0	  0	  0	  0	  0	  0	  0	 76	 52	 28	 89	  0	 18	  0	  0	  0	  0	  0	  0	  0	  0	  0	  0	  0	  5	21811	  0
23/04/2016	07:09:31	->	L	00000000	210	 83	 51	 21	  0	1421	  0	  4	  4	  4	  4	  4	  4	  4	  4	  0	  0	  0	  0	  0	  0	  0	  0	  0	  0	  0	  0	  0	  0	  0	  0	  0	  0	  0	  0	  0	  0	  0	  0	 74	 51	 27	 83	  0	 21	  0	  0	  0	  0	  0	  0	  0	  0	  0	  0	  0	  5	21811	  0
23/04/2016	07:14:31	->	L	00000000	210	 77	 50	 24	  0	1426	  0	  4	  4	  4	  4	  4	  4	  4	  4	  0	  0	  0	  0	  0	  0	  0	  0	  0	  0	  0	  0	  0	  0	  0	  0	  0	  0	  0	  0	  0	  0	  0	  0	 71	 50	 30	 77	  0	 24	  0	  0	  0	  0	  0	  0	  0	  0	  0	  0	  0	  5	21811	  0
23/04/2016	07:19:31	->	L	00000000	210	 75	 49	 26	  0	1431	  0	  4	  4	  4	  4	  4	  4	  4	  4	  0	  0	  0	  0	  0	  0	  0	  0	  0	  0	  0	  0	  0	  0	  0	  0	  0	  0	  0	  0	  0	  0	  0	  0	 70	 49	 30	 75	  0	 26	  0	  0	  0	  0	  0	  0	  0	  0	  0	  0	  0	  5	21811	  0
23/04/2016	07:24:31	->	L	00000000	210	 73	 49	 27	  0	1436	  0	  4	  4	  4	  4	  4	  4	  4	  4	  0	  0	  0	  0	  0	  0	  0	  0	  0	  0	  0	  0	  0	  0	  0	  0	  0	  0	  0	  0	  0	  0	  0	  0	 69	 49	 33	 73	  0	 27	  0	  0	  0	  0	  0	  0	  0	  0	  0	  0	  0	  5	21811	  0
23/04/2016	07:29:31	->	L	00000000	210	 72	 49	 26	  0	1441	  0	  4	  4	  4	  4	  4	  4	  4	  4	  0	  0	  0	  0	  0	  0	  0	  0	  0	  0	  0	  0	  0	  0	  0	  0	  0	  0	  0	  0	  0	  0	  0	  0	 69	 49	 33	 72	  0	 27	  0	  0	  0	  0	  0	  0	  0	  0	  0	  0	  0	  5	21811	  0
23/04/2016	07:34:31	->	L	00000000	210	 71	 47	 26	  0	1446	  0	  4	  4	  4	  4	  4	  4	  4	  4	  0	  0	  0	  0	  0	  0	  0	  0	  0	  0	  0	  0	  0	  0	  0	  0	  0	  0	  0	  0	  0	  0	  0	  0	 67	 47	 32	 71	  0	 26	  0	  0	  0	  0	  0	  0	  0	  0	  0	  0	  0	  5	21811	  0
23/04/2016	07:39:31	->	L	00000000	210	 85	 49	 18	  0	1451	  0	  4	  4	  4	  4	  4	  4	  4	  4	  0	  0	  0	  0	  0	  0	  0	  0	  0	  0	  0	  0	  0	  0	  0	  0	  0	  0	  0	  0	  0	  0	  0	  0	 72	 49	 27	 85	  0	 18	  0	  0	  0	  0	  0	  0	  0	  0	  0	  0	  0	  5	21811	  0
23/04/2016	07:44:31	->	L	00000000	210	 85	 49	 18	  0	1456	  0	  4	  4	  4	  4	  4	  4	  4	  4	  0	  0	  0	  0	  0	  0	  0	  0	  0	  0	  0	  0	  0	  0	  0	  0	  0	  0	  0	  0	  0	  0	  0	  0	 73	 49	 27	 85	  0	 18	  0	  0	  0	  0	  0	  0	  0	  0	  0	  0	  0	  5	21811	  0
23/04/2016	07:49:32	->	L	00000000	210	 89	 50	 16	  0	1461	  0	  4	  4	  4	  4	  4	  4	  4	  4	  0	  0	  0	  0	  0	  0	  0	  0	  0	  0	  0	  0	  0	  0	  0	  0	  0	  0	  0	  0	  0	  0	  0	  0	 75	 50	 25	 89	  0	 16	  0	  0	  0	  0	  0	  0	  0	  0	  0	  0	  0	  5	21811	  0
23/04/2016	07:54:31	->	L	00000000	210	 83	 50	 20	  0	1466	  0	  4	  4	  4	  4	  4	  4	  4	  4	  0	  0	  0	  0	  0	  0	  0	  0	  0	  0	  0	  0	  0	  0	  0	  0	  0	  0	  0	  0	  0	  0	  0	  0	 74	 50	 27	 83	  0	 20	  0	  0	  0	  0	  0	  0	  0	  0	  0	  0	  0	  5	21811	  0
23/04/2016	07:59:31	->	L	00000000	210	 89	 50	 17	  0	1471	  0	  4	  4	  4	  4	  4	  4	  4	  4	  0	  0	  0	  0	  0	  0	  0	  0	  0	  0	  0	  0	  0	  0	  0	  0	  0	  0	  0	  0	  0	  0	  0	  0	 75	 50	 25	 89	  0	 16	  0	  0	  0	  0	  0	  0	  0	  0	  0	  0	  0	  5	21811	  0
23/04/2016	08:04:31	->	L	00000000	210	 87	 50	 17	  0	1476	  0	  4	  4	  4	  4	  4	  4	  4	  4	  0	  0	  0	  0	  0	  0	  0	  0	  0	  0	  0	  0	  0	  0	  0	  0	  0	  0	  0	  0	  0	  0	  0	  0	 75	 50	 25	 87	  0	 17	  0	  0	  0	  0	  0	  0	  0	  0	  0	  0	  0	  5	21811	  0
23/04/2016	08:09:31	->	L	00000000	210	 83	 50	 20	  0	1481	  0	  4	  4	  4	  4	  4	  4	  4	  4	  0	  0	  0	  0	  0	  0	  0	  0	  0	  0	  0	  0	  0	  0	  0	  0	  0	  0	  0	  0	  0	  0	  0	  0	 74	 50	 27	 83	  0	 20	  0	  0	  0	  0	  0	  0	  0	  0	  0	  0	  0	  5	21811	  0
23/04/2016	08:14:31	->	L	00000000	210	 88	 50	 17	  0	1486	  0	  4	  4	  4	  4	  4	  4	  4	  4	  0	  0	  0	  0	  0	  0	  0	  0	  0	  0	  0	  0	  0	  0	  0	  0	  0	  0	  0	  0	  0	  0	  0	  0	 75	 50	 25	 88	  0	 17	  0	  0	  0	  0	  0	  0	  0	  0	  0	  0	  0	  5	21810	  0
23/04/2016	08:19:31	->	L	00000000	210	 88	 50	 16	  0	1491	  0	  4	  4	  4	  4	  4	  4	  4	  4	  0	  0	  0	  0	  0	  0	  0	  0	  0	  0	  0	  0	  0	  0	  0	  0	  0	  0	  0	  0	  0	  0	  0	  0	 76	 50	 26	 88	  0	 17	  0	  0	  0	  0	  0	  0	  0	  0	  0	  0	  0	  5	21810	  0
23/04/2016	08:24:31	->	L	00000000	210	 84	 50	 19	  0	1496	  0	  4	  4	  4	  4	  4	  4	  4	  4	  0	  0	  0	  0	  0	  0	  0	  0	  0	  0	  0	  0	  0	  0	  0	  0	  0	  0	  0	  0	  0	  0	  0	  0	 75	 50	 25	 84	  0	 19	  0	  0	  0	  0	  0	  0	  0	  0	  0	  0	  0	  5	21810	  0
23/04/2016	08:29:31	->	L	00000000	210	 89	 50	 17	  0	1501	  0	  4	  4	  4	  4	  4	  4	  4	  4	  0	  0	  0	  0	  0	  0	  0	  0	  0	  0	  0	  0	  0	  0	  0	  0	  0	  0	  0	  0	  0	  0	  0	  0	 75	 50	 25	 89	  0	 16	  0	  0	  0	  0	  0	  0	  0	  0	  0	  0	  0	  5	21810	  0
23/04/2016	08:54:31	->	L	00000000	210	 56	 35	 27	  0	1505	  0	  4	  4	  4	  4	  4	  4	  4	  4	  0	  0	  0	  0	  0	  0	  0	  0	  0	  0	  0	  0	  0	  0	  0	  0	  0	  0	  0	  0	  0	  0	  0	  0	 56	 35	 23	 55	  0	 27	  0	  0	  0	  0	  0	  0	  0	  0	  0	  0	  0	  5	21810	  0
23/04/2016	08:59:31	->	L	00000000	210	 85	 46	 14	  0	1510	  0	  4	  4	  4	  4	  4	  4	  4	  4	  0	  0	  0	  0	  0	  0	  0	  0	  0	  0	  0	  0	  0	  0	  0	  0	  0	  0	  0	  0	  0	  0	  0	  0	 73	 46	 23	 85	  0	 15	  0	  0	  0	  0	  0	  0	  0	  0	  0	  0	  0	  5	21810	  0
23/04/2016	09:04:31	->	L	00000000	210	 85	 47	 16	  0	1515	  0	  4	  4	  4	  4	  4	  4	  4	  4	  0	  0	  0	  0	  0	  0	  0	  0	  0	  0	  0	  0	  0	  0	  0	  0	  0	  0	  0	  0	  0	  0	  0	  0	 75	 47	 22	 85	  0	 16	  0	  0	  0	  0	  0	  0	  0	  0	  0	  0	  0	  5	21810	  0
23/04/2016	09:09:31	->	L	00000000	210	 87	 48	 15	  0	1520	  0	  4	  4	  4	  4	  4	  4	  4	  4	  0	  0	  0	  0	  0	  0	  0	  0	  0	  0	  0	  0	  0	  0	  0	  0	  0	  0	  0	  0	  0	  0	  0	  0	 75	 48	 23	 87	  0	 15	  0	  0	  0	  0	  0	  0	  0	  0	  0	  0	  0	  5	21810	  0
23/04/2016	09:14:31	->	L	00000000	210	 83	 48	 19	  0	1525	  0	  4	  4	  4	  4	  4	  4	  4	  4	  0	  0	  0	  0	  0	  0	  0	  0	  0	  0	  0	  0	  0	  0	  0	  0	  0	  0	  0	  0	  0	  0	  0	  0	 75	 48	 23	 83	  0	 18	  0	  0	  0	  0	  0	  0	  0	  0	  0	  0	  0	  5	21810	  0
23/04/2016	09:19:31	->	L	00000000	210	 87	 49	 16	  0	1530	  0	  4	  4	  4	  4	  4	  4	  4	  4	  0	  0	  0	  0	  0	  0	  0	  0	  0	  0	  0	  0	  0	  0	  0	  0	  0	  0	  0	  0	  0	  0	  0	  0	 77	 49	 23	 87	  0	 16	  0	  0	  0	  0	  0	  0	  0	  0	  0	  0	  0	  5	21810	  0
23/04/2016	09:24:31	->	L	00000000	210	 83	 49	 18	  0	1535	  0	  4	  4	  4	  4	  4	  4	  4	  4	  0	  0	  0	  0	  0	  0	  0	  0	  0	  0	  0	  0	  0	  0	  0	  0	  0	  0	  0	  0	  0	  0	  0	  0	 75	 49	 26	 83	  0	 19	  0	  0	  0	  0	  0	  0	  0	  0	  0	  0	  0	  5	21810	  0
23/04/2016	09:29:32	->	L	00000000	210	 85	 49	 18	  0	1540	  0	  4	  4	  4	  4	  4	  4	  4	  4	  0	  0	  0	  0	  0	  0	  0	  0	  0	  0	  0	  0	  0	  0	  0	  0	  0	  0	  0	  0	  0	  0	  0	  0	 76	 49	 24	 85	  0	 18	  0	  0	  0	  0	  0	  0	  0	  0	  0	  0	  0	  5	21041	  0
23/04/2016	09:34:31	->	L	00000000	210	 90	 49	 15	  0	1545	  0	  4	  4	  4	  4	  4	  4	  4	  4	  0	  0	  0	  0	  0	  0	  0	  0	  0	  0	  0	  0	  0	  0	  0	  0	  0	  0	  0	  0	  0	  0	  0	  0	 78	 49	 22	 90	  0	 15	  0	  0	  0	  0	  0	  0	  0	  0	  0	  0	  0	  5	21040	  0
23/04/2016	09:39:31	->	L	00000000	210	 89	 49	 15	  0	1550	  0	  4	  4	  4	  4	  4	  4	  4	  4	  0	  0	  0	  0	  0	  0	  0	  0	  0	  0	  0	  0	  0	  0	  0	  0	  0	  0	  0	  0	  0	  0	  0	  0	 77	 49	 23	 89	  0	 15	  0	  0	  0	  0	  0	  0	  0	  0	  0	  0	  0	  5	21040	  0
23/04/2016	09:44:31	->	L	00000000	210	 90	 48	 14	  0	1555	  0	  4	  4	  4	  4	  4	  4	  4	  4	  0	  0	  0	  0	  0	  0	  0	  0	  0	  0	  0	  0	  0	  0	  0	  0	  0	  0	  0	  0	  0	  0	  0	  0	 78	 48	 21	 90	  0	 14	  0	  0	  0	  0	  0	  0	  0	  0	  0	  0	  0	  5	21040	  0
23/04/2016	09:49:31	->	L	00000000	210	 90	 48	 15	  0	1560	  0	  4	  4	  4	  4	  4	  4	  4	  4	  0	  0	  0	  0	  0	  0	  0	  0	  0	  0	  0	  0	  0	  0	  0	  0	  0	  0	  0	  0	  0	  0	  0	  0	 78	 48	 21	 90	  0	 14	  0	  0	  0	  0	  0	  0	  0	  0	  0	  0	  0	  5	21040	  0
23/04/2016	09:54:31	<-	L	00000000	 30	 94	 52	 15	  0	  4	  0	  4	  4	  4	  4	  4	  4	  4	  4	  0	  0	  0	  0	  0	  0	  0	  0	  0	  0	  0	  0	  0	  0	  0	  0	  0	  0	  0	  0	  0	  0	  0	  0	 94	 52	 15	 82	  0	 23	  0	  0	  0	  0	  0	  0	  0	  0	  0	  0	  0	  5	20545	  1
23/04/2016	09:59:31	<-	L	00000000	 30	 95	 53	 15	  0	  9	  0	  4	  4	  4	  4	  4	  4	  4	  4	  0	  0	  0	  0	  0	  0	  0	  0	  0	  0	  0	  0	  0	  0	  0	  0	  0	  0	  0	  0	  0	  0	  0	  0	 95	 53	 15	 83	  0	 23	  0	  0	  0	  0	  0	  0	  0	  0	  0	  0	  0	  5	20545	  1
23/04/2016	10:04:31	<-	L	00000000	 30	 94	 53	 16	  0	 14	  0	  4	  4	  4	  4	  4	  4	  4	  4	  0	  0	  0	  0	  0	  0	  0	  0	  0	  0	  0	  0	  0	  0	  0	  0	  0	  0	  0	  0	  0	  0	  0	  0	 94	 53	 16	 83	  0	 23	  0	  0	  0	  0	  0	  0	  0	  0	  0	  0	  0	  5	20545	  1
23/04/2016	10:09:31	<-	L	00000000	 30	 95	 53	 15	  0	 19	  0	  4	  4	  4	  4	  4	  4	  4	  4	  0	  0	  0	  0	  0	  0	  0	  0	  0	  0	  0	  0	  0	  0	  0	  0	  0	  0	  0	  0	  0	  0	  0	  0	 95	 53	 15	 83	  0	 23	  0	  0	  0	  0	  0	  0	  0	  0	  0	  0	  0	  5	20545	  1
23/04/2016	10:14:31	<-	L	00000000	 30	 96	 54	 16	  0	 24	  0	  4	  4	  4	  4	  4	  4	  4	  4	  0	  0	  0	  0	  0	  0	  0	  0	  0	  0	  0	  0	  0	  0	  0	  0	  0	  0	  0	  0	  0	  0	  0	  0	 96	 54	 16	 82	  0	 25	  0	  0	  0	  0	  0	  0	  0	  0	  0	  0	  0	  5	20545	  1
23/04/2016	10:19:31	<-	L	00000000	 30	 97	 54	 15	  0	 29	  0	  4	  4	  4	  4	  4	  4	  4	  4	  0	  0	  0	  0	  0	  0	  0	  0	  0	  0	  0	  0	  0	  0	  0	  0	  0	  0	  0	  0	  0	  0	  0	  0	 97	 54	 15	 84	  0	 23	  0	  0	  0	  0	  0	  0	  0	  0	  0	  0	  0	  5	20545	  1
23/04/2016	10:24:31	<-	L	00000000	 30	 97	 54	 15	  0	 34	  0	  4	  4	  4	  4	  4	  4	  4	  4	  0	  0	  0	  0	  0	  0	  0	  0	  0	  0	  0	  0	  0	  0	  0	  0	  0	  0	  0	  0	  0	  0	  0	  0	 97	 54	 15	 85	  0	 23	  0	  0	  0	  0	  0	  0	  0	  0	  0	  0	  0	  5	20545	  1
23/04/2016	10:29:31	<-	L	00000000	 30	 98	 55	 15	  0	 39	  0	  4	  4	  4	  4	  4	  4	  4	  4	  0	  0	  0	  0	  0	  0	  0	  0	  0	  0	  0	  0	  0	  0	  0	  0	  0	  0	  0	  0	  0	  0	  0	  0	 98	 55	 15	 86	  0	 23	  0	  0	  0	  0	  0	  0	  0	  0	  0	  0	  0	  5	20545	  1
23/04/2016	10:34:31	<-	L	00000000	 30	 99	 55	 14	  0	 44	  0	  4	  4	  4	  4	  4	  4	  4	  4	  0	  0	  0	  0	  0	  0	  0	  0	  0	  0	  0	  0	  0	  0	  0	  0	  0	  0	  0	  0	  0	  0	  0	  0	 99	 55	 14	 86	  0	 23	  0	  0	  0	  0	  0	  0	  0	  0	  0	  0	  0	  5	20545	  1
23/04/2016	10:39:31	<-	L	00000000	 30	100	 55	 14	  0	 49	  0	  4	  4	  4	  4	  4	  4	  4	  4	  0	  0	  0	  0	  0	  0	  0	  0	  0	  0	  0	  0	  0	  0	  0	  0	  0	  0	  0	  0	  0	  0	  0	  0	100	 55	 14	 86	  0	 23	  0	  0	  0	  0	  0	  0	  0	  0	  0	  0	  0	  5	20545	  1
23/04/2016	10:44:31	<-	L	00000000	 30	100	 55	 14	  0	 54	  0	  4	  4	  4	  4	  4	  4	  4	  4	  0	  0	  0	  0	  0	  0	  0	  0	  0	  0	  0	  0	  0	  0	  0	  0	  0	  0	  0	  0	  0	  0	  0	  0	100	 55	 14	 87	  0	 22	  0	  0	  0	  0	  0	  0	  0	  0	  0	  0	  0	  5	20545	  1
23/04/2016	10:49:31	<-	L	00000000	 30	100	 56	 15	  0	 59	  0	  4	  4	  4	  4	  4	  4	  4	  4	  0	  0	  0	  0	  0	  0	  0	  0	  0	  0	  0	  0	  0	  0	  0	  0	  0	  0	  0	  0	  0	  0	  0	  0	100	 56	 15	 87	  0	 23	  0	  0	  0	  0	  0	  0	  0	  0	  0	  0	  0	  5	20545	  1
23/04/2016	10:54:31	  	L	00000000	 30	 95	 56	 18	  0	 62	  0	  4	  4	  4	  4	  4	  4	  4	  4	  0	  0	  0	  0	  0	  0	  0	  0	  0	  0	  0	  0	  0	  0	  0	  0	  0	  0	  0	  0	  0	  0	  0	  0	 95	 56	 18	 88	  0	 23	  0	  0	  0	  0	  0	  0	  0	  0	  0	  0	  0	  5	21825	  1
23/04/2016	10:59:31	<-	L	00000000	 30	100	 56	 15	  0	 67	  0	  4	  4	  4	  4	  4	  4	  4	  4	  0	  0	  0	  0	  0	  0	  0	  0	  0	  0	  0	  0	  0	  0	  0	  0	  0	  0	  0	  0	  0	  0	  0	  0	100	 56	 15	 85	  0	 25	  0	  0	  0	  0	  0	  0	  0	  0	  0	  0	  0	  5	21815	  1
23/04/2016	11:04:31	<-	L	00000000	 30	102	 56	 13	  0	 72	  0	  4	  4	  4	  4	  4	  4	  4	  4	  0	  0	  0	  0	  0	  0	  0	  0	  0	  0	  0	  0	  0	  0	  0	  0	  0	  0	  0	  0	  0	  0	  0	  0	102	 56	 13	 88	  0	 23	  0	  0	  0	  0	  0	  0	  0	  0	  0	  0	  0	  5	20545	  1
23/04/2016	11:09:32	<-	L	00000000	 30	103	 57	 12	  0	 77	  0	  4	  4	  4	  4	  4	  4	  4	  4	  0	  0	  0	  0	  0	  0	  0	  0	  0	  0	  0	  0	  0	  0	  0	  0	  0	  0	  0	  0	  0	  0	  0	  0	103	 57	 13	 89	  0	 23	  0	  0	  0	  0	  0	  0	  0	  0	  0	  0	  0	  5	20545	  1
23/04/2016	11:14:32	<-	L	00000000	 30	104	 57	 13	  0	 82	  0	  4	  4	  4	  4	  4	  4	  4	  4	  0	  0	  0	  0	  0	  0	  0	  0	  0	  0	  0	  0	  0	  0	  0	  0	  0	  0	  0	  0	  0	  0	  0	  0	104	 57	 13	 90	  0	 23	  0	  0	  0	  0	  0	  0	  0	  0	  0	  0	  0	  5	20545	  1
23/04/2016	11:19:32	<-	L	00000000	 30	104	 57	 13	  0	 87	  0	  4	  4	  4	  4	  4	  4	  4	  4	  0	  0	  0	  0	  0	  0	  0	  0	  0	  0	  0	  0	  0	  0	  0	  0	  0	  0	  0	  0	  0	  0	  0	  0	104	 57	 13	 90	  0	 23	  0	  0	  0	  0	  0	  0	  0	  0	  0	  0	  0	  5	20545	  1
23/04/2016	11:24:32	<-	L	00000000	 30	105	 57	 12	  0	 92	  0	  4	  4	  4	  4	  4	  4	  4	  4	  0	  0	  0	  0	  0	  0	  0	  0	  0	  0	  0	  0	  0	  0	  0	  0	  0	  0	  0	  0	  0	  0	  0	  0	105	 57	 12	 90	  0	 23	  0	  0	  0	  0	  0	  0	  0	  0	  0	  0	  0	  5	20545	  1
23/04/2016	11:29:32	<-	L	00000000	 30	105	 58	 12	  0	 97	  0	  4	  4	  4	  4	  4	  4	  4	  4	  0	  0	  0	  0	  0	  0	  0	  0	  0	  0	  0	  0	  0	  0	  0	  0	  0	  0	  0	  0	  0	  0	  0	  0	105	 58	 13	 90	  0	 24	  0	  0	  0	  0	  0	  0	  0	  0	  0	  0	  0	  5	20545	  1
23/04/2016	11:34:32	<-	L	00000000	 30	105	 58	 13	  0	102	  0	  4	  4	  4	  4	  4	  4	  4	  4	  0	  0	  0	  0	  0	  0	  0	  0	  0	  0	  0	  0	  0	  0	  0	  0	  0	  0	  0	  0	  0	  0	  0	  0	105	 58	 13	 91	  0	 23	  0	  0	  0	  0	  0	  0	  0	  0	  0	  0	  0	  5	20545	  1
23/04/2016	11:39:32	<-	L	00000000	 30	105	 58	 13	  0	107	  0	  4	  4	  4	  4	  4	  4	  4	  4	  0	  0	  0	  0	  0	  0	  0	  0	  0	  0	  0	  0	  0	  0	  0	  0	  0	  0	  0	  0	  0	  0	  0	  0	105	 58	 13	 91	  0	 23	  0	  0	  0	  0	  0	  0	  0	  0	  0	  0	  0	  5	20545	  1
23/04/2016	11:44:32	<-	L	00000000	 30	104	 58	 14	  0	112	  0	  4	  4	  4	  4	  4	  4	  4	  4	  0	  0	  0	  0	  0	  0	  0	  0	  0	  0	  0	  0	  0	  0	  0	  0	  0	  0	  0	  0	  0	  0	  0	  0	104	 58	 14	 91	  0	 23	  0	  0	  0	  0	  0	  0	  0	  0	  0	  0	  0	  5	20545	  1
23/04/2016	11:49:32	<-	L	00000000	 30	104	 58	 14	  0	117	  0	  4	  4	  4	  4	  4	  4	  4	  4	  0	  0	  0	  0	  0	  0	  0	  0	  0	  0	  0	  0	  0	  0	  0	  0	  0	  0	  0	  0	  0	  0	  0	  0	104	 58	 14	 91	  0	 23	  0	  0	  0	  0	  0	  0	  0	  0	  0	  0	  0	  5	20545	  1
23/04/2016	11:54:32	->	L	00000000	 30	101	 58	 16	  0	122	  0	  4	  4	  4	  4	  4	  4	  4	  4	  0	  0	  0	  0	  0	  0	  0	  0	  0	  0	  0	  0	  0	  0	  0	  0	  0	  0	  0	  0	  0	  0	  0	  0	101	 58	 16	 95	  0	 20	  0	  0	  0	  0	  0	  0	  0	  0	  0	  0	  0	  5	20545	  1
23/04/2016	11:59:32	->	L	00000000	 30	104	 57	 13	  0	127	  0	  4	  4	  4	  4	  4	  4	  4	  4	  0	  0	  0	  0	  0	  0	  0	  0	  0	  0	  0	  0	  0	  0	  0	  0	  0	  0	  0	  0	  0	  0	  0	  0	 93	 57	 21	104	  0	 13	  0	  0	  0	  0	  0	  0	  0	  0	  0	  0	  0	  5	20545	  1
23/04/2016	12:04:32	->	L	00000000	 30	103	 57	 13	  0	132	  0	  4	  4	  4	  4	  4	  4	  4	  4	  0	  0	  0	  0	  0	  0	  0	  0	  0	  0	  0	  0	  0	  0	  0	  0	  0	  0	  0	  0	  0	  0	  0	  0	 93	 57	 21	103	  0	 13	  0	  0	  0	  0	  0	  0	  0	  0	  0	  0	  0	  5	20545	  1
23/04/2016	12:09:32	->	L	00000000	 30	103	 57	 13	  0	137	  0	  4	  4	  4	  4	  4	  4	  4	  4	  0	  0	  0	  0	  0	  0	  0	  0	  0	  0	  0	  0	  0	  0	  0	  0	  0	  0	  0	  0	  0	  0	  0	  0	 93	 57	 21	103	  0	 13	  0	  0	  0	  0	  0	  0	  0	  0	  0	  0	  0	  5	20545	  1
23/04/2016	12:14:31	->	L	00000000	 30	102	 57	 14	  0	142	  0	  4	  4	  4	  4	  4	  4	  4	  4	  0	  0	  0	  0	  0	  0	  0	  0	  0	  0	  0	  0	  0	  0	  0	  0	  0	  0	  0	  0	  0	  0	  0	  0	 92	 57	 21	102	  0	 14	  0	  0	  0	  0	  0	  0	  0	  0	  0	  0	  0	  5	20545	  1
23/04/2016	12:19:31	->	L	00000000	 30	102	 56	 13	  0	147	  0	  4	  4	  4	  4	  4	  4	  4	  4	  0	  0	  0	  0	  0	  0	  0	  0	  0	  0	  0	  0	  0	  0	  0	  0	  0	  0	  0	  0	  0	  0	  0	  0	 92	 56	 20	102	  0	 13	  0	  0	  0	  0	  0	  0	  0	  0	  0	  0	  0	  5	20545	  1
23/04/2016	12:24:31	->	L	00000000	 30	101	 56	 14	  0	152	  0	  4	  4	  4	  4	  4	  4	  4	  4	  0	  0	  0	  0	  0	  0	  0	  0	  0	  0	  0	  0	  0	  0	  0	  0	  0	  0	  0	  0	  0	  0	  0	  0	 91	 56	 21	101	  0	 14	  0	  0	  0	  0	  0	  0	  0	  0	  0	  0	  0	  5	20545	  1
23/04/2016	12:29:31	->	L	00000000	 30	101	 56	 14	  0	157	  0	  4	  4	  4	  4	  4	  4	  4	  4	  0	  0	  0	  0	  0	  0	  0	  0	  0	  0	  0	  0	  0	  0	  0	  0	  0	  0	  0	  0	  0	  0	  0	  0	 91	 56	 21	101	  0	 14	  0	  0	  0	  0	  0	  0	  0	  0	  0	  0	  0	  5	20545	  1
23/04/2016	12:34:31	->	L	00000000	 30	101	 56	 14	  0	162	  0	  4	  4	  4	  4	  4	  4	  4	  4	  0	  0	  0	  0	  0	  0	  0	  0	  0	  0	  0	  0	  0	  0	  0	  0	  0	  0	  0	  0	  0	  0	  0	  0	 90	 56	 22	101	  0	 14	  0	  0	  0	  0	  0	  0	  0	  0	  0	  0	  0	  5	20545	  1
23/04/2016	12:39:31	->	L	00000000	 30	100	 56	 15	  0	167	  0	  4	  4	  4	  4	  4	  4	  4	  4	  0	  0	  0	  0	  0	  0	  0	  0	  0	  0	  0	  0	  0	  0	  0	  0	  0	  0	  0	  0	  0	  0	  0	  0	 90	 56	 22	100	  0	 15	  0	  0	  0	  0	  0	  0	  0	  0	  0	  0	  0	  5	20545	  1
23/04/2016	12:44:31	->	L	00000000	 30	100	 56	 15	  0	172	  0	  4	  4	  4	  4	  4	  4	  4	  4	  0	  0	  0	  0	  0	  0	  0	  0	  0	  0	  0	  0	  0	  0	  0	  0	  0	  0	  0	  0	  0	  0	  0	  0	 90	 56	 22	100	  0	 15	  0	  0	  0	  0	  0	  0	  0	  0	  0	  0	  0	  5	20545	  1
23/04/2016	12:49:31	->	L	00000000	 30	100	 56	 14	  0	177	  0	  4	  4	  4	  4	  4	  4	  4	  4	  0	  0	  0	  0	  0	  0	  0	  0	  0	  0	  0	  0	  0	  0	  0	  0	  0	  0	  0	  0	  0	  0	  0	  0	 90	 56	 22	100	  0	 15	  0	  0	  0	  0	  0	  0	  0	  0	  0	  0	  0	  5	20545	  1
23/04/2016	12:54:31	->	L	00000000	 40	 99	 54	 13	  0	  1	  0	  4	  4	  4	  4	  4	  4	  4	  4	  0	  0	  0	  0	  0	  0	  0	  0	  0	  0	  0	  0	  0	  0	  0	  0	  0	  0	  0	  0	  0	  0	  0	  0	 89	 54	 20	 99	  0	 13	  0	  0	  0	  0	  0	  0	  0	  0	  0	  0	  0	  5	15405	  0
23/04/2016	12:59:31	->	L	00000000	 40	 97	 51	 12	  0	  6	  0	  4	  4	  4	  4	  4	  4	  4	  4	  0	  0	  0	  0	  0	  0	  0	  0	  0	  0	  0	  0	  0	  0	  0	  0	  0	  0	  0	  0	  0	  0	  0	  0	 86	 51	 19	 97	  0	 12	  0	  0	  0	  0	  0	  0	  0	  0	  0	  0	  0	  5	15405	  0
23/04/2016	13:04:31	->	L	00000000	 40	 96	 50	 12	  0	 11	  0	  4	  4	  4	  4	  4	  4	  4	  4	  0	  0	  0	  0	  0	  0	  0	  0	  0	  0	  0	  0	  0	  0	  0	  0	  0	  0	  0	  0	  0	  0	  0	  0	 85	 50	 19	 96	  0	 12	  0	  0	  0	  0	  0	  0	  0	  0	  0	  0	  0	  5	15405	  0
23/04/2016	13:09:31	->	L	00000000	 40	 96	 49	 11	  0	 16	  0	  4	  4	  4	  4	  4	  4	  4	  4	  0	  0	  0	  0	  0	  0	  0	  0	  0	  0	  0	  0	  0	  0	  0	  0	  0	  0	  0	  0	  0	  0	  0	  0	 85	 49	 18	 96	  0	 11	  0	  0	  0	  0	  0	  0	  0	  0	  0	  0	  0	  5	15405	  0
23/04/2016	13:14:31	->	L	00000000	 40	 96	 48	 11	  0	 21	  0	  4	  4	  4	  4	  4	  4	  4	  4	  0	  0	  0	  0	  0	  0	  0	  0	  0	  0	  0	  0	  0	  0	  0	  0	  0	  0	  0	  0	  0	  0	  0	  0	 84	 48	 17	 96	  0	 10	  0	  0	  0	  0	  0	  0	  0	  0	  0	  0	  0	  5	15405	  0
23/04/2016	13:19:31	->	L	00000000	 40	 96	 48	 10	  0	 26	  0	  4	  4	  4	  4	  4	  4	  4	  4	  0	  0	  0	  0	  0	  0	  0	  0	  0	  0	  0	  0	  0	  0	  0	  0	  0	  0	  0	  0	  0	  0	  0	  0	 84	 48	 17	 96	  0	 10	  0	  0	  0	  0	  0	  0	  0	  0	  0	  0	  0	  5	15405	  0
23/04/2016	13:24:31	  	L	00000000	 40	 96	 48	 10	  0	 31	  0	  4	  4	  4	  4	  4	  4	  4	  4	  0	  0	  0	  0	  0	  0	  0	  0	  0	  0	  0	  0	  0	  0	  0	  0	  0	  0	  0	  0	  0	  0	  0	  0	 84	 48	 17	 96	  0	 10	  0	  0	  0	  0	  0	  0	  0	  0	  0	  0	  0	  5	17965	  0
23/04/2016	13:29:31	->	L	00000000	 40	 98	 50	 11	  0	 35	  0	  4	  4	  4	  4	  4	  4	  4	  4	  0	  0	  0	  0	  0	  0	  0	  0	  0	  0	  0	  0	  0	  0	  0	  0	  0	  0	  0	  0	  0	  0	  0	  0	 85	 50	 19	 98	  0	 10	  0	  0	  0	  0	  0	  0	  0	  0	  0	  0	  0	  5	20525	  0
23/04/2016	13:34:31	->	L	00000000	 40	 97	 48	  9	  0	 40	  0	  4	  4	  4	  4	  4	  4	  4	  4	  0	  0	  0	  0	  0	  0	  0	  0	  0	  0	  0	  0	  0	  0	  0	  0	  0	  0	  0	  0	  0	  0	  0	  0	 84	 48	 17	 97	  0	  9	  0	  0	  0	  0	  0	  0	  0	  0	  0	  0	  0	  5	20525	  0
23/04/2016	13:39:31	->	L	00000000	 40	 97	 48	  9	  0	 45	  0	  4	  4	  4	  4	  4	  4	  4	  4	  0	  0	  0	  0	  0	  0	  0	  0	  0	  0	  0	  0	  0	  0	  0	  0	  0	  0	  0	  0	  0	  0	  0	  0	 84	 48	 17	 97	  0	  9	  0	  0	  0	  0	  0	  0	  0	  0	  0	  0	  0	  5	20525	  0
23/04/2016	13:44:31	->	L	00000000	 40	 98	 47	  8	  0	 50	  0	  4	  4	  4	  4	  4	  4	  4	  4	  0	  0	  0	  0	  0	  0	  0	  0	  0	  0	  0	  0	  0	  0	  0	  0	  0	  0	  0	  0	  0	  0	  0	  0	 85	 47	 16	 98	  0	  7	  0	  0	  0	  0	  0	  0	  0	  0	  0	  0	  0	  5	20525	  0
23/04/2016	13:49:31	->	L	00000000	 40	 98	 47	  7	  0	 55	  0	  4	  4	  4	  4	  4	  4	  4	  4	  0	  0	  0	  0	  0	  0	  0	  0	  0	  0	  0	  0	  0	  0	  0	  0	  0	  0	  0	  0	  0	  0	  0	  0	 85	 47	 16	 98	  0	  7	  0	  0	  0	  0	  0	  0	  0	  0	  0	  0	  0	  5	20525	  0
23/04/2016	13:54:31	->	L	00000000	 40	 99	 47	  6	  0	 60	  0	  4	  4	  4	  4	  4	  4	  4	  4	  0	  0	  0	  0	  0	  0	  0	  0	  0	  0	  0	  0	  0	  0	  0	  0	  0	  0	  0	  0	  0	  0	  0	  0	 85	 47	 16	 99	  0	  6	  0	  0	  0	  0	  0	  0	  0	  0	  0	  0	  0	  5	20525	  0
23/04/2016	13:59:31	<-	L	00000000	 40	101	 51	  9	  0	 65	  0	  4	  4	  4	  4	  4	  4	  4	  4	  0	  0	  0	  0	  0	  0	  0	  0	  0	  0	  0	  0	  0	  0	  0	  0	  0	  0	  0	  0	  0	  0	  0	  0	101	 51	  9	 88	  0	 18	  0	  0	  0	  0	  0	  0	  0	  0	  0	  0	  0	  5	20525	  0
23/04/2016	14:04:31	<-	L	00000000	 40	101	 51	  9	  0	 70	  0	  4	  4	  4	  4	  4	  4	  4	  4	  0	  0	  0	  0	  0	  0	  0	  0	  0	  0	  0	  0	  0	  0	  0	  0	  0	  0	  0	  0	  0	  0	  0	  0	101	 51	  9	 87	  0	 18	  0	  0	  0	  0	  0	  0	  0	  0	  0	  0	  0	  5	20525	  0
23/04/2016	14:09:31	<-	L	00000000	 40	101	 50	  9	  0	 75	  0	  4	  4	  4	  4	  4	  4	  4	  4	  0	  0	  0	  0	  0	  0	  0	  0	  0	  0	  0	  0	  0	  0	  0	  0	  0	  0	  0	  0	  0	  0	  0	  0	101	 50	  8	 85	  0	 19	  0	  0	  0	  0	  0	  0	  0	  0	  0	  0	  0	  5	20525	  0
23/04/2016	14:14:31	<-	L	00000000	 40	101	 51	  9	  0	 80	  0	  4	  4	  4	  4	  4	  4	  4	  4	  0	  0	  0	  0	  0	  0	  0	  0	  0	  0	  0	  0	  0	  0	  0	  0	  0	  0	  0	  0	  0	  0	  0	  0	101	 51	  9	 86	  0	 19	  0	  0	  0	  0	  0	  0	  0	  0	  0	  0	  0	  5	20525	  0
23/04/2016	14:19:31	<-	L	00000000	 40	101	 50	  8	  0	 85	  0	  4	  4	  4	  4	  4	  4	  4	  4	  0	  0	  0	  0	  0	  0	  0	  0	  0	  0	  0	  0	  0	  0	  0	  0	  0	  0	  0	  0	  0	  0	  0	  0	101	 50	  8	 86	  0	 18	  0	  0	  0	  0	  0	  0	  0	  0	  0	  0	  0	  5	20525	  0
23/04/2016	14:24:31	<-	L	00000000	 40	100	 50	  9	  0	 90	  0	  4	  4	  4	  4	  4	  4	  4	  4	  0	  0	  0	  0	  0	  0	  0	  0	  0	  0	  0	  0	  0	  0	  0	  0	  0	  0	  0	  0	  0	  0	  0	  0	100	 50	  9	 86	  0	 18	  0	  0	  0	  0	  0	  0	  0	  0	  0	  0	  0	  5	20525	  0
23/04/2016	14:29:31	<-	L	00000000	 40	 99	 50	  9	  0	 95	  0	  4	  4	  4	  4	  4	  4	  4	  4	  0	  0	  0	  0	  0	  0	  0	  0	  0	  0	  0	  0	  0	  0	  0	  0	  0	  0	  0	  0	  0	  0	  0	  0	 99	 50	  9	 85	  0	 19	  0	  0	  0	  0	  0	  0	  0	  0	  0	  0	  0	  5	20525	  0
23/04/2016	14:34:31	<-	L	00000000	 40	 98	 50	  9	  0	100	  0	  4	  4	  4	  4	  4	  4	  4	  4	  0	  0	  0	  0	  0	  0	  0	  0	  0	  0	  0	  0	  0	  0	  0	  0	  0	  0	  0	  0	  0	  0	  0	  0	 98	 50	 10	 85	  0	 19	  0	  0	  0	  0	  0	  0	  0	  0	  0	  0	  0	  5	20525	  0
23/04/2016	14:39:31	<-	L	00000000	 40	 98	 50	 10	  0	105	  0	  4	  4	  4	  4	  4	  4	  4	  4	  0	  0	  0	  0	  0	  0	  0	  0	  0	  0	  0	  0	  0	  0	  0	  0	  0	  0	  0	  0	  0	  0	  0	  0	 98	 50	 10	 84	  0	 19	  0	  0	  0	  0	  0	  0	  0	  0	  0	  0	  0	  5	20525	  0
23/04/2016	14:44:31	<-	L	00000000	 40	 98	 50	 10	  0	110	  0	  4	  4	  4	  4	  4	  4	  4	  4	  0	  0	  0	  0	  0	  0	  0	  0	  0	  0	  0	  0	  0	  0	  0	  0	  0	  0	  0	  0	  0	  0	  0	  0	 98	 50	 10	 85	  0	 19	  0	  0	  0	  0	  0	  0	  0	  0	  0	  0	  0	  5	20525	  0
23/04/2016	14:49:31	<-	L	00000000	 40	 99	 50	  9	  0	115	  0	  4	  4	  4	  4	  4	  4	  4	  4	  0	  0	  0	  0	  0	  0	  0	  0	  0	  0	  0	  0	  0	  0	  0	  0	  0	  0	  0	  0	  0	  0	  0	  0	 99	 50	  9	 85	  0	 19	  0	  0	  0	  0	  0	  0	  0	  0	  0	  0	  0	  5	20525	  0
23/04/2016	14:54:31	<-	L	00000000	 40	 99	 50	 10	  0	120	  0	  4	  4	  4	  4	  4	  4	  4	  4	  0	  0	  0	  0	  0	  0	  0	  0	  0	  0	  0	  0	  0	  0	  0	  0	  0	  0	  0	  0	  0	  0	  0	  0	 99	 50	  9	 85	  0	 19	  0	  0	  0	  0	  0	  0	  0	  0	  0	  0	  0	  5	20525	  0
23/04/2016	14:59:31	<-	L	00000000	 50	 99	 52	 11	  0	  4	  0	  4	  4	  4	  4	  4	  4	  4	  4	  0	  0	  0	  0	  0	  0	  0	  0	  0	  0	  0	  0	  0	  0	  0	  0	  0	  0	  0	  0	  0	  0	  0	  0	 99	 52	 11	 89	  0	 18	  0	  0	  0	  0	  0	  0	  0	  0	  0	  0	  0	  5	25161	  0
23/04/2016	15:04:31	<-	L	00000000	 50	 97	 52	 13	  0	  9	  0	  4	  4	  4	  4	  4	  4	  4	  4	  0	  0	  0	  0	  0	  0	  0	  0	  0	  0	  0	  0	  0	  0	  0	  0	  0	  0	  0	  0	  0	  0	  0	  0	 97	 52	 13	 88	  0	 19	  0	  0	  0	  0	  0	  0	  0	  0	  0	  0	  0	  5	24647	  0
23/04/2016	15:09:31	<-	L	00000000	 50	 94	 52	 15	  0	 14	  0	  4	  4	  4	  4	  4	  4	  4	  4	  0	  0	  0	  0	  0	  0	  0	  0	  0	  0	  0	  0	  0	  0	  0	  0	  0	  0	  0	  0	  0	  0	  0	  0	 94	 52	 15	 87	  0	 19	  0	  0	  0	  0	  0	  0	  0	  0	  0	  0	  0	  5	24133	  0
23/04/2016	15:14:31	<-	L	00000000	 50	 91	 51	 16	  0	 19	  0	  4	  4	  4	  4	  4	  4	  4	  4	  0	  0	  0	  0	  0	  0	  0	  0	  0	  0	  0	  0	  0	  0	  0	  0	  0	  0	  0	  0	  0	  0	  0	  0	 91	 51	 16	 86	  0	 19	  0	  0	  0	  0	  0	  0	  0	  0	  0	  0	  0	  5	23619	  0
23/04/2016	15:19:31	<-	L	00000000	 50	 90	 51	 17	  0	 24	  0	  4	  4	  4	  4	  4	  4	  4	  4	  0	  0	  0	  0	  0	  0	  0	  0	  0	  0	  0	  0	  0	  0	  0	  0	  0	  0	  0	  0	  0	  0	  0	  0	 90	 51	 17	 85	  0	 20	  0	  0	  0	  0	  0	  0	  0	  0	  0	  0	  0	  5	23105	  0
23/04/2016	15:24:31	<-	L	00000000	 50	 89	 51	 17	  0	 29	  0	  4	  4	  4	  4	  4	  4	  4	  4	  0	  0	  0	  0	  0	  0	  0	  0	  0	  0	  0	  0	  0	  0	  0	  0	  0	  0	  0	  0	  0	  0	  0	  0	 89	 51	 17	 84	  0	 20	  0	  0	  0	  0	  0	  0	  0	  0	  0	  0	  0	  5	22591	  0
23/04/2016	15:29:31	<-	L	00000000	 50	 86	 50	 18	  0	 34	  0	  4	  4	  4	  4	  4	  4	  4	  4	  0	  0	  0	  0	  0	  0	  0	  0	  0	  0	  0	  0	  0	  0	  0	  0	  0	  0	  0	  0	  0	  0	  0	  0	 86	 50	 18	 82	  0	 21	  0	  0	  0	  0	  0	  0	  0	  0	  0	  0	  0	  5	22077	  0
23/04/2016	15:34:31	<-	L	00000000	 50	 84	 49	 18	  0	 39	  0	  4	  4	  4	  4	  4	  4	  4	  4	  0	  0	  0	  0	  0	  0	  0	  0	  0	  0	  0	  0	  0	  0	  0	  0	  0	  0	  0	  0	  0	  0	  0	  0	 84	 49	 18	 82	  0	 20	  0	  0	  0	  0	  0	  0	  0	  0	  0	  0	  0	  5	21563	  0
23/04/2016	15:39:31	<-	L	00000000	 50	 83	 49	 19	  0	 44	  0	  4	  4	  4	  4	  4	  4	  4	  4	  0	  0	  0	  0	  0	  0	  0	  0	  0	  0	  0	  0	  0	  0	  0	  0	  0	  0	  0	  0	  0	  0	  0	  0	 83	 49	 19	 80	  0	 21	  0	  0	  0	  0	  0	  0	  0	  0	  0	  0	  0	  5	21049	  0
23/04/2016	15:44:31	<-	L	00000000	 50	 82	 48	 18	  0	 49	  0	  4	  4	  4	  4	  4	  4	  4	  4	  0	  0	  0	  0	  0	  0	  0	  0	  0	  0	  0	  0	  0	  0	  0	  0	  0	  0	  0	  0	  0	  0	  0	  0	 82	 48	 19	 80	  0	 20	  0	  0	  0	  0	  0	  0	  0	  0	  0	  0	  0	  5	20278	  0
23/04/2016	15:49:31	<-	L	00000000	 50	 82	 48	 19	  0	 54	  0	  4	  4	  4	  4	  4	  4	  4	  4	  0	  0	  0	  0	  0	  0	  0	  0	  0	  0	  0	  0	  0	  0	  0	  0	  0	  0	  0	  0	  0	  0	  0	  0	 82	 48	 19	 79	  0	 20	  0	  0	  0	  0	  0	  0	  0	  0	  0	  0	  0	  5	19764	  0
23/04/2016	15:54:31	<-	L	00000000	 50	 81	 47	 18	  0	 59	  0	  4	  4	  4	  4	  4	  4	  4	  4	  0	  0	  0	  0	  0	  0	  0	  0	  0	  0	  0	  0	  0	  0	  0	  0	  0	  0	  0	  0	  0	  0	  0	  0	 81	 47	 18	 78	  0	 20	  0	  0	  0	  0	  0	  0	  0	  0	  0	  0	  0	  5	19250	  0
23/04/2016	15:59:31	->	L	00000000	 50	 81	 47	 18	  0	 64	  0	  4	  4	  4	  4	  4	  4	  4	  4	  0	  0	  0	  0	  0	  0	  0	  0	  0	  0	  0	  0	  0	  0	  0	  0	  0	  0	  0	  0	  0	  0	  0	  0	 80	 47	 19	 81	  0	 18	  0	  0	  0	  0	  0	  0	  0	  0	  0	  0	  0	  5	18736	  0
23/04/2016	16:04:32	->	L	00000000	 50	 81	 46	 18	  0	 69	  0	  4	  4	  4	  4	  4	  4	  4	  4	  0	  0	  0	  0	  0	  0	  0	  0	  0	  0	  0	  0	  0	  0	  0	  0	  0	  0	  0	  0	  0	  0	  0	  0	 78	 46	 19	 81	  0	 17	  0	  0	  0	  0	  0	  0	  0	  0	  0	  0	  0	  5	18222	  0
23/04/2016	16:09:31	->	L	00000000	 50	 78	 45	 17	  0	 74	  0	  4	  4	  4	  4	  4	  4	  4	  4	  0	  0	  0	  0	  0	  0	  0	  0	  0	  0	  0	  0	  0	  0	  0	  0	  0	  0	  0	  0	  0	  0	  0	  0	 76	 45	 19	 78	  0	 18	  0	  0	  0	  0	  0	  0	  0	  0	  0	  0	  0	  5	17708	  0
23/04/2016	16:14:32	->	L	00000000	 50	 77	 43	 16	  0	 79	  0	  4	  4	  4	  4	  4	  4	  4	  4	  0	  0	  0	  0	  0	  0	  0	  0	  0	  0	  0	  0	  0	  0	  0	  0	  0	  0	  0	  0	  0	  0	  0	  0	 74	 43	 18	 77	  0	 16	  0	  0	  0	  0	  0	  0	  0	  0	  0	  0	  0	  5	17194	  0
23/04/2016	16:19:32	->	L	00000000	 50	 75	 42	 16	  0	 84	  0	  4	  4	  4	  4	  4	  4	  4	  4	  0	  0	  0	  0	  0	  0	  0	  0	  0	  0	  0	  0	  0	  0	  0	  0	  0	  0	  0	  0	  0	  0	  0	  0	 71	 42	 19	 75	  0	 16	  0	  0	  0	  0	  0	  0	  0	  0	  0	  0	  0	  5	16680	  0
23/04/2016	16:24:31	->	L	00000000	 50	 74	 41	 16	  0	 89	  0	  4	  4	  4	  4	  4	  4	  4	  4	  0	  0	  0	  0	  0	  0	  0	  0	  0	  0	  0	  0	  0	  0	  0	  0	  0	  0	  0	  0	  0	  0	  0	  0	 70	 41	 18	 74	  0	 16	  0	  0	  0	  0	  0	  0	  0	  0	  0	  0	  0	  5	16166	  0
23/04/2016	16:29:32	->	L	00000000	 50	 73	 40	 15	  0	 94	  0	  4	  4	  4	  4	  4	  4	  4	  4	  0	  0	  0	  0	  0	  0	  0	  0	  0	  0	  0	  0	  0	  0	  0	  0	  0	  0	  0	  0	  0	  0	  0	  0	 69	 40	 17	 73	  0	 15	  0	  0	  0	  0	  0	  0	  0	  0	  0	  0	  0	  5	15652	  0
23/04/2016	16:34:32	->	L	00000000	 50	 72	 40	 16	  0	 99	  0	  4	  4	  4	  4	  4	  4	  4	  4	  0	  0	  0	  0	  0	  0	  0	  0	  0	  0	  0	  0	  0	  0	  0	  0	  0	  0	  0	  0	  0	  0	  0	  0	 68	 40	 19	 72	  0	 16	  0	  0	  0	  0	  0	  0	  0	  0	  0	  0	  0	  5	15138	  0
23/04/2016	16:39:32	->	L	00000000	 50	 71	 39	 15	  0	104	  0	  4	  4	  4	  4	  4	  4	  4	  4	  0	  0	  0	  0	  0	  0	  0	  0	  0	  0	  0	  0	  0	  0	  0	  0	  0	  0	  0	  0	  0	  0	  0	  0	 67	 39	 18	 71	  0	 15	  0	  0	  0	  0	  0	  0	  0	  0	  0	  0	  0	  5	14624	  0
23/04/2016	16:44:32	->	L	00000000	 50	 70	 39	 16	  0	109	  0	  4	  4	  4	  4	  4	  4	  4	  4	  0	  0	  0	  0	  0	  0	  0	  0	  0	  0	  0	  0	  0	  0	  0	  0	  0	  0	  0	  0	  0	  0	  0	  0	 66	 39	 19	 70	  0	 16	  0	  0	  0	  0	  0	  0	  0	  0	  0	  0	  0	  5	14110	  0
23/04/2016	16:49:32	->	L	00000000	 50	 69	 38	 15	  0	114	  0	  4	  4	  4	  4	  4	  4	  4	  4	  0	  0	  0	  0	  0	  0	  0	  0	  0	  0	  0	  0	  0	  0	  0	  0	  0	  0	  0	  0	  0	  0	  0	  0	 66	 38	 17	 69	  0	 15	  0	  0	  0	  0	  0	  0	  0	  0	  0	  0	  0	  5	13596	  0
23/04/2016	16:54:32	->	L	00000000	 50	 68	 38	 16	  0	119	  0	  4	  4	  4	  4	  4	  4	  4	  4	  0	  0	  0	  0	  0	  0	  0	  0	  0	  0	  0	  0	  0	  0	  0	  0	  0	  0	  0	  0	  0	  0	  0	  0	 65	 38	 19	 68	  0	 16	  0	  0	  0	  0	  0	  0	  0	  0	  0	  0	  0	  5	13082	  0
