12/11/2016	08:22:21	<-	L	00000000	 10	 16	 15	 93	  0	  3	  0	  6	  6	  6	  6	  6	  6	  6	  6	  0	  0	  0	  0	  0	  0	  0	  0	  0	  0	  0	  0	  0	  0	  0	  0	  0	  0	  0	  0	  0	  0	  0	  0	 16	 15	 93	 16	  0	 93	  0	  0	  0	  0	  0	  0	  0	  0	  0	  0	  0	  5	4112	  1
12/11/2016	08:27:21	<-	L	00000000	 10	 17	 15	 88	  0	  8	  0	  6	  6	  6	  6	  6	  6	  6	  6	  0	  0	  0	  0	  0	  0	  0	  0	  0	  0	  0	  0	  0	  0	  0	  0	  0	  0	  0	  0	  0	  0	  0	  0	 17	 15	 88	 15	  0	100	  0	  0	  0	  0	  0	  0	  0	  0	  0	  0	  0	  5	4369	  1
12/11/2016	08:32:21	<-	L	00000000	 10	 16	 14	 93	  0	 13	  0	  6	  6	  6	  6	  6	  6	  6	  6	  0	  0	  0	  0	  0	  0	  0	  0	  0	  0	  0	  0	  0	  0	  0	  0	  0	  0	  0	  0	  0	  0	  0	  0	 16	 14	 87	 15	  0	 93	  0	  0	  0	  0	  0	  0	  0	  0	  0	  0	  0	  5	4626	  1
12/11/2016	08:37:21	<-	L	00000000	 10	 16	 15	 87	  0	 18	  0	  6	  6	  6	  6	  6	  6	  6	  6	  0	  0	  0	  0	  0	  0	  0	  0	  0	  0	  0	  0	  0	  0	  0	  0	  0	  0	  0	  0	  0	  0	  0	  0	 16	 15	 93	 15	  0	100	  0	  0	  0	  0	  0	  0	  0	  0	  0	  0	  0	  5	4883	  1
12/11/2016	08:42:22	<-	L	00000000	 10	 16	 15	 87	  0	 23	  0	  6	  6	  6	  6	  6	  6	  6	  6	  0	  0	  0	  0	  0	  0	  0	  0	  0	  0	  0	  0	  0	  0	  0	  0	  0	  0	  0	  0	  0	  0	  0	  0	 16	 15	 93	 15	  0	100	  0	  0	  0	  0	  0	  0	  0	  0	  0	  0	  0	  5	5140	  1
12/11/2016	08:47:23	<-	L	00000000	 10	 16	 15	 93	  0	 28	  0	  6	  6	  6	  6	  6	  6	  6	  6	  0	  0	  0	  0	  0	  0	  0	  0	  0	  0	  0	  0	  0	  0	  0	  0	  0	  0	  0	  0	  0	  0	  0	  0	 16	 15	 93	 15	  0	100	  0	  0	  0	  0	  0	  0	  0	  0	  0	  0	  0	  5	5140	  1
12/11/2016	08:52:21	<-	L	00000000	 10	 16	 15	 93	  0	 33	  0	  6	  6	  6	  6	  6	  6	  6	  6	  0	  0	  0	  0	  0	  0	  0	  0	  0	  0	  0	  0	  0	  0	  0	  0	  0	  0	  0	  0	  0	  0	  0	  0	 16	 15	 93	 15	  0	100	  0	  0	  0	  0	  0	  0	  0	  0	  0	  0	  0	  5	5397	  1
12/11/2016	08:57:24	<-	L	00000000	 10	 16	 15	 93	  0	 38	  0	  6	  6	  6	  6	  6	  6	  6	  6	  0	  0	  0	  0	  0	  0	  0	  0	  0	  0	  0	  0	  0	  0	  0	  0	  0	  0	  0	  0	  0	  0	  0	  0	 16	 15	 93	 15	  0	100	  0	  0	  0	  0	  0	  0	  0	  0	  0	  0	  0	  5	5654	  1
12/11/2016	09:02:21	  	L	00000000	 10	 16	 15	 93	  0	 43	  0	  6	  6	  6	  6	  6	  6	  6	  6	  0	  0	  0	  0	  0	  0	  0	  0	  0	  0	  0	  0	  0	  0	  0	  0	  0	  0	  0	  0	  0	  0	  0	  0	  0	  0	  0	  0	  0	  0	  0	  0	  0	  0	  0	  0	  0	  0	  0	  0	  0	  5	5911	  1
12/11/2016	09:07:20	<-	L	00000000	 10	 16	 15	 93	  0	 48	  0	  6	  6	  6	  6	  6	  6	  6	  6	  0	  0	  0	  0	  0	  0	  0	  0	  0	  0	  0	  0	  0	  0	  0	  0	  0	  0	  0	  0	  0	  0	  0	  0	 16	 15	 93	 15	  0	100	  0	  0	  0	  0	  0	  0	  0	  0	  0	  0	  0	  5	6168	  1
12/11/2016	09:12:20	<-	L	00000000	 10	 16	 15	 93	  0	 53	  0	  6	  6	  6	  6	  6	  6	  6	  6	  0	  0	  0	  0	  0	  0	  0	  0	  0	  0	  0	  0	  0	  0	  0	  0	  0	  0	  0	  0	  0	  0	  0	  0	 16	 15	 93	 15	  0	100	  0	  0	  0	  0	  0	  0	  0	  0	  0	  0	  0	  5	6425	  1
12/11/2016	09:17:20	  	L	00000000	  4	  4	  4	  0	  0	  0	  0	  6	  6	  6	  6	  6	  6	  6	  6	  0	  0	  0	  0	  0	  0	  0	  0	  0	  0	  0	  0	  0	  0	  0	  0	  0	  0	  0	  0	  0	  0	  0	  0	  0	  0	  0	  0	  0	  0	  0	  0	  0	  0	  0	  0	  0	  0	  0	  0	  0	  5	2056	2048
12/11/2016	09:22:20	<-	L	00000000	 10	 33	 21	 42	  0	 63	  0	  6	  5	  5	  5	  5	  5	  5	  5	  0	  0	  0	  0	  0	  0	  0	  0	  0	  0	  0	  0	  0	  0	  0	  0	  0	  0	  0	  0	  0	  0	  0	  0	 33	 21	 42	 21	  0	100	  0	  0	  0	  0	  0	  0	  0	  0	  0	  0	  0	  5	6939	  1
12/11/2016	09:27:20	<-	L	00000000	 10	 35	 23	 46	  0	 68	  0	  5	  4	  4	  4	  4	  4	  5	  5	  0	  0	  0	  0	  0	  0	  0	  0	  0	  0	  0	  0	  0	  0	  0	  0	  0	  0	  0	  0	  0	  0	  0	  0	 35	 23	 43	 24	  0	 93	  0	  0	  0	  0	  0	  0	  0	  0	  0	  0	  0	  5	7196	  1
12/11/2016	09:32:20	<-	L	00000000	 10	 38	 24	 43	  0	 73	  0	  4	  4	  4	  4	  4	  4	  4	  4	  0	  0	  0	  0	  0	  0	  0	  0	  0	  0	  0	  0	  0	  0	  0	  0	  0	  0	  0	  0	  0	  0	  0	  0	 38	 24	 37	 26	  0	 88	  0	  0	  0	  0	  0	  0	  0	  0	  0	  0	  0	  5	7196	  1
12/11/2016	09:37:20	<-	L	00000000	 10	 40	 25	 37	  0	 78	  0	  4	  4	  4	  4	  4	  4	  4	  4	  0	  0	  0	  0	  0	  0	  0	  0	  0	  0	  0	  0	  0	  0	  0	  0	  0	  0	  0	  0	  0	  0	  0	  0	 40	 25	 35	 27	  0	 88	  0	  0	  0	  0	  0	  0	  0	  0	  0	  0	  0	  5	7453	  1
12/11/2016	09:42:20	<-	L	00000000	 10	 39	 26	 40	  0	 83	  0	  4	  4	  4	  4	  4	  4	  4	  4	  0	  0	  0	  0	  0	  0	  0	  0	  0	  0	  0	  0	  0	  0	  0	  0	  0	  0	  0	  0	  0	  0	  0	  0	 40	 26	 40	 28	  0	 88	  0	  0	  0	  0	  0	  0	  0	  0	  0	  0	  0	  5	7710	  1
12/11/2016	09:47:20	<-	L	00000000	 10	 41	 26	 37	  0	 88	  0	  4	  4	  4	  4	  4	  4	  4	  4	  0	  0	  0	  0	  0	  0	  0	  0	  0	  0	  0	  0	  0	  0	  0	  0	  0	  0	  0	  0	  0	  0	  0	  0	 41	 26	 35	 29	  0	 83	  0	  0	  0	  0	  0	  0	  0	  0	  0	  0	  0	  5	7967	  1
12/11/2016	09:52:20	<-	L	00000000	 10	 42	 27	 38	  0	 93	  0	  4	  4	  4	  4	  4	  4	  4	  4	  0	  0	  0	  0	  0	  0	  0	  0	  0	  0	  0	  0	  0	  0	  0	  0	  0	  0	  0	  0	  0	  0	  0	  0	 42	 27	 36	 29	  0	 88	  0	  0	  0	  0	  0	  0	  0	  0	  0	  0	  0	  5	8224	  1
12/11/2016	09:57:20	<-	L	00000000	 10	 43	 28	 38	  0	 98	  0	  4	  4	  4	  4	  4	  4	  4	  4	  0	  0	  0	  0	  0	  0	  0	  0	  0	  0	  0	  0	  0	  0	  0	  0	  0	  0	  0	  0	  0	  0	  0	  0	 43	 28	 36	 30	  0	 88	  0	  0	  0	  0	  0	  0	  0	  0	  0	  0	  0	  5	8481	  1
12/11/2016	10:02:20	<-	L	00000000	 10	 44	 28	 36	  0	103	  0	  4	  4	  4	  4	  4	  4	  4	  4	  0	  0	  0	  0	  0	  0	  0	  0	  0	  0	  0	  0	  0	  0	  0	  0	  0	  0	  0	  0	  0	  0	  0	  0	 44	 28	 32	 31	  0	 83	  0	  0	  0	  0	  0	  0	  0	  0	  0	  0	  0	  5	8738	  1
12/11/2016	10:07:21	  	L	00000000	 10	  4	  4	  0	  0	  0	  0	  4	  4	  4	  4	  4	  4	  4	  4	  0	  0	  0	  0	  0	  0	  0	  0	  0	  0	  0	  0	  0	  0	  0	  0	  0	  0	  0	  0	  0	  0	  0	  0	  0	  0	  0	  0	  0	  0	  0	  0	  0	  0	  0	  0	  0	  0	  0	  0	  0	  5	2056	2048
12/11/2016	10:12:20	<-	L	00000000	 10	 43	 29	 41	  0	113	  0	  4	  4	  4	  4	  4	  4	  4	  4	  0	  0	  0	  0	  0	  0	  0	  0	  0	  0	  0	  0	  0	  0	  0	  0	  0	  0	  0	  0	  0	  0	  0	  0	 43	 29	 38	 32	  0	 88	  0	  0	  0	  0	  0	  0	  0	  0	  0	  0	  0	  5	9252	  1
12/11/2016	10:17:20	<-	L	00000000	 10	 42	 29	 45	  0	118	  0	  4	  4	  4	  4	  4	  4	  4	  4	  0	  0	  0	  0	  0	  0	  0	  0	  0	  0	  0	  0	  0	  0	  0	  0	  0	  0	  0	  0	  0	  0	  0	  0	 42	 29	 41	 32	  0	 83	  0	  0	  0	  0	  0	  0	  0	  0	  0	  0	  0	  5	9252	  1
12/11/2016	10:22:20	  	L	00000000	 10	 37	 29	 63	  0	123	  0	  4	  4	  4	  4	  4	  4	  4	  4	  0	  0	  0	  0	  0	  0	  0	  0	  0	  0	  0	  0	  0	  0	  0	  0	  0	  0	  0	  0	  0	  0	  0	  0	 37	 29	 63	 32	  0	 83	  0	  0	  0	  0	  0	  0	  0	  0	  0	  0	  0	  5	9509	  1
12/11/2016	10:27:20	->	L	00000000	 10	 39	 35	 78	  0	128	  0	  4	  4	  4	  4	  4	  4	  4	  4	  0	  0	  0	  0	  0	  0	  0	  0	  0	  0	  0	  0	  0	  0	  0	  0	  0	  0	  0	  0	  0	  0	  0	  0	 38	 35	 84	 39	  0	 78	  0	  0	  0	  0	  0	  0	  0	  0	  0	  0	  0	  5	9766	  1
12/11/2016	10:32:21	->	L	00000000	 10	 42	 32	 49	  0	133	  0	  4	  4	  4	  4	  4	  4	  4	  4	  0	  0	  0	  0	  0	  0	  0	  0	  0	  0	  0	  0	  0	  0	  0	  0	  0	  0	  0	  0	  0	  0	  0	  0	 35	 32	 83	 42	  0	 52	  0	  0	  0	  0	  0	  0	  0	  0	  0	  0	  0	  5	10023	  1
12/11/2016	10:37:21	->	L	00000000	 10	 49	 32	 30	  0	138	  0	  4	  4	  4	  4	  4	  4	  4	  4	  0	  0	  0	  0	  0	  0	  0	  0	  0	  0	  0	  0	  0	  0	  0	  0	  0	  0	  0	  0	  0	  0	  0	  0	 36	 32	 78	 47	  0	 31	  0	  0	  0	  0	  0	  0	  0	  0	  0	  0	  0	  5	10280	  1
12/11/2016	10:47:21	->	L	00000000	 10	 47	 31	 33	  0	148	  0	  4	  4	  4	  4	  4	  4	  4	  4	  0	  0	  0	  0	  0	  0	  0	  0	  0	  0	  0	  0	  0	  0	  0	  0	  0	  0	  0	  0	  0	  0	  0	  0	 36	 31	 75	 47	  0	 33	  0	  0	  0	  0	  0	  0	  0	  0	  0	  0	  0	  5	10794	  1
12/11/2016	10:52:21	->	L	00000000	 10	 52	 33	 30	  0	153	  0	  4	  4	  4	  4	  4	  4	  4	  4	  0	  0	  0	  0	  0	  0	  0	  0	  0	  0	  0	  0	  0	  0	  0	  0	  0	  0	  0	  0	  0	  0	  0	  0	 38	 33	 78	 52	  0	 30	  0	  0	  0	  0	  0	  0	  0	  0	  0	  0	  0	  5	11051	  1
12/11/2016	10:57:21	->	L	00000000	 10	 53	 33	 28	  0	158	  0	  4	  4	  4	  4	  4	  4	  4	  4	  0	  0	  0	  0	  0	  0	  0	  0	  0	  0	  0	  0	  0	  0	  0	  0	  0	  0	  0	  0	  0	  0	  0	  0	 39	 33	 68	 53	  0	 26	  0	  0	  0	  0	  0	  0	  0	  0	  0	  0	  0	  5	11308	  1
12/11/2016	11:02:21	->	L	00000000	 10	 53	 34	 28	  0	163	  0	  4	  4	  4	  4	  4	  4	  4	  4	  0	  0	  0	  0	  0	  0	  0	  0	  0	  0	  0	  0	  0	  0	  0	  0	  0	  0	  0	  0	  0	  0	  0	  0	 39	 34	 75	 53	  0	 28	  0	  0	  0	  0	  0	  0	  0	  0	  0	  0	  0	  5	11308	  1
12/11/2016	11:07:21	->	L	00000000	 10	 54	 35	 28	  0	168	  0	  4	  4	  4	  4	  4	  4	  4	  4	  0	  0	  0	  0	  0	  0	  0	  0	  0	  0	  0	  0	  0	  0	  0	  0	  0	  0	  0	  0	  0	  0	  0	  0	 40	 35	 75	 55	  0	 28	  0	  0	  0	  0	  0	  0	  0	  0	  0	  0	  0	  5	11565	  1
12/11/2016	11:12:21	->	L	00000000	 10	 55	 35	 28	 35	173	  0	  4	  4	  4	  4	  4	  4	  4	  4	  0	  0	  0	  0	  0	  0	  0	  0	  0	  0	  0	  0	  0	  0	  0	  0	  0	  0	  0	  0	  0	  0	  0	  0	 40	 35	 75	 55	  0	 27	  0	  0	  0	  0	  0	  0	  0	  0	  0	  0	  0	  5	11822	  1
12/11/2016	11:17:22	->	L	00000000	 10	 54	 36	 33	  0	178	  0	  4	  4	  4	  4	  4	  4	  4	  4	  0	  0	  0	  0	  0	  0	  0	  0	  0	  0	  0	  0	  0	  0	  0	  0	  0	  0	  0	  0	  0	  0	  0	  0	 41	 36	 76	 54	  0	 31	  0	  0	  0	  0	  0	  0	  0	  0	  0	  0	  0	  5	12079	  1
12/11/2016	11:22:21	->	L	00000000	 10	 56	 36	 29	  0	183	  0	  4	  4	  4	  4	  4	  4	  4	  4	  0	  0	  0	  0	  0	  0	  0	  0	  0	  0	  0	  0	  0	  0	  0	  0	  0	  0	  0	  0	  0	  0	  0	  0	 42	 37	 69	 56	  0	 27	  0	  0	  0	  0	  0	  0	  0	  0	  0	  0	  0	  5	12336	  1
12/11/2016	11:27:21	->	L	00000000	 10	 55	 37	 32	  0	188	  0	  4	  4	  4	  4	  4	  4	  4	  4	  0	  0	  0	  0	  0	  0	  0	  0	  0	  0	  0	  0	  0	  0	  0	  0	  0	  0	  0	  0	  0	  0	  0	  0	 42	 37	 76	 55	  0	 32	  0	  0	  0	  0	  0	  0	  0	  0	  0	  0	  0	  5	12593	  1
12/11/2016	11:32:21	->	L	00000000	 10	 56	 38	 32	  0	193	  0	  4	  4	  4	  4	  4	  4	  4	  4	  0	  0	  0	  0	  0	  0	  0	  0	  0	  0	  0	  0	  0	  0	  0	  0	  0	  0	  0	  0	  0	  0	  0	  0	 43	 38	 76	 56	  0	 32	  0	  0	  0	  0	  0	  0	  0	  0	  0	  0	  0	  5	12850	  1
12/11/2016	11:37:21	->	L	00000000	 10	 54	 38	 36	  0	198	  0	  4	  4	  4	  4	  4	  4	  4	  4	  0	  0	  0	  0	  0	  0	  0	  0	  0	  0	  0	  0	  0	  0	  0	  0	  0	  0	  0	  0	  0	  0	  0	  0	 43	 38	 76	 54	  0	 36	  0	  0	  0	  0	  0	  0	  0	  0	  0	  0	  0	  5	13107	  1
12/11/2016	11:42:21	->	L	00000000	 10	 56	 39	 34	  0	203	  0	  4	  4	  4	  4	  4	  4	  4	  4	  0	  0	  0	  0	  0	  0	  0	  0	  0	  0	  0	  0	  0	  0	  0	  0	  0	  0	  0	  0	  0	  0	  0	  0	 44	 39	 76	 56	  0	 34	  0	  0	  0	  0	  0	  0	  0	  0	  0	  0	  0	  5	13364	  1
12/11/2016	11:47:21	->	L	00000000	 10	 56	 39	 34	  0	208	  0	  4	  4	  4	  4	  4	  4	  4	  4	  0	  0	  0	  0	  0	  0	  0	  0	  0	  0	  0	  0	  0	  0	  0	  0	  0	  0	  0	  0	  0	  0	  0	  0	 44	 39	 76	 56	  0	 34	  0	  0	  0	  0	  0	  0	  0	  0	  0	  0	  0	  5	13364	  1
12/11/2016	11:52:21	->	L	00000000	 10	 55	 39	 37	  0	213	  0	  4	  4	  4	  4	  4	  4	  4	  4	  0	  0	  0	  0	  0	  0	  0	  0	  0	  0	  0	  0	  0	  0	  0	  0	  0	  0	  0	  0	  0	  0	  0	  0	 44	 39	 76	 55	  0	 37	  0	  0	  0	  0	  0	  0	  0	  0	  0	  0	  0	  5	13621	  1
12/11/2016	11:57:21	->	L	00000000	 10	 58	 40	 34	  0	218	  0	  4	  4	  4	  4	  4	  4	  4	  4	  0	  0	  0	  0	  0	  0	  0	  0	  0	  0	  0	  0	  0	  0	  0	  0	  0	  0	  0	  0	  0	  0	  0	  0	 45	 40	 76	 58	  0	 33	  0	  0	  0	  0	  0	  0	  0	  0	  0	  0	  0	  5	13878	  1
12/11/2016	12:02:21	->	L	00000000	 10	 57	 41	 38	  0	223	  0	  4	  4	  4	  4	  4	  4	  4	  4	  0	  0	  0	  0	  0	  0	  0	  0	  0	  0	  0	  0	  0	  0	  0	  0	  0	  0	  0	  0	  0	  0	  0	  0	 45	 41	 79	 57	  0	 38	  0	  0	  0	  0	  0	  0	  0	  0	  0	  0	  0	  5	14135	  1
